'1',33700,63730,0,'Hosp''',0,7000,0,'Hosp''',0,3000,0,'Hosp''',0,7000,0,'Hosp''',0,3000,0,'Hosp''',0,7000,0,'Hosp''',0,3000,0,'Hosp''',0,7000,0,'Hosp''',0,3000,0,'Hosp''',0,7000,0,'Hosp''',0,3000,0,'Hosp''',0,7000,0,'Hosp''',0,3000,0,'Hosp''',0,7000,0,'Hosp''',0,3000,0,'Hosp''',0,7000,0,'Hosp''',0,3000,0,'Hosp''',0,7000,0,'Hosp''',0,3000,0,'Hosp''',0,7000,0,'Hosp''',0,3000,0,'Hosp''',0,7000,0,'Hosp''',0,3000,0,'Hosp''',0,7000,0,'Hosp''',0,3000,0,'Hosp''',0
'11',33700,63730,0,'Hosp''',0,7000,0,'Hosp''',0,3000,0,'Hosp''',0,7000,0,'Hosp''',0,3000,0,'Hosp''',0,7000,0,'Hosp''',0,3000,0,'Hosp''',0,7000,0,'Hosp''',0,3000,0,'Hosp''',0,7000,0,'Hosp''',0,3000,0,'Hosp''',0,7000,0,'Hosp''',0,3000,0,'Hosp''',0,7000,0,'Hosp''',0,3000,0,'Hosp''',0,7000,0,'Hosp''',0,3000,0,'Hosp''',0,7000,0,'Hosp''',0,3000,0,'Hosp''',0,7000,0,'Hosp''',0,3000,0,'Hosp''',0,7000,0,'Hosp''',0,3000,0,'Hosp''',0,7000,0,'Hosp''',0,3000,0,'Hosp''',0
'13',33700,110730,0,'Hosp''',0,3000,0,'Hosp''',0,7000,0,'Hosp''',0,3000,0,'Hosp''',0,7000,0,'Hosp''',0,3000,0,'Hosp''',0,7000,0,'Hosp''',0,3000,0,'Hosp''',0,7000,0,'Hosp''',0,3000,0,'Hosp''',0,7000,0,'Hosp''',0,3000,0,'Hosp''',0,7000,0,'Hosp''',0,3000,0,'Hosp''',0,7000,0,'Hosp''',0
'14',33700,113730,0,'Hosp''',0,7000,0,'Hosp''',0,3000,0,'Hosp''',0,7000,0,'Hosp''',0,3000,0,'Hosp''',0,7000,0,'Hosp''',0,3000,0,'Hosp''',0,7000,0,'Hosp''',0,3000,0,'Hosp''',0,7000,0,'Hosp''',0,3000,0,'Hosp''',0,7000,0,'Hosp''',0,3000,0,'Hosp''',0,7000,0,'Hosp''',0,3000,0,'Hosp''',0
'16',33700,63730,0,'Hosp''',0,7000,0,'Hosp''',0,3000,0,'Hosp''',0,7000,0,'Hosp''',0,3000,0,'Hosp''',0,7000,0,'Hosp''',0,3000,0,'Hosp''',0,7000,0,'Hosp''',0,3000,0,'Hosp''',0,7000,0,'Hosp''',0,3000,0,'Hosp''',0,7000,0,'Hosp''',0,3000,0,'Hosp''',0,7000,0,'Hosp''',0,3000,0,'Hosp''',0,7000,0,'Hosp''',0,3000,0,'Hosp''',0,7000,0,'Hosp''',0,3000,0,'Hosp''',0,7000,0,'Hosp''',0,3000,0,'Hosp''',0,7000,0,'Hosp''',0,3000,0,'Hosp''',0,7000,0,'Hosp''',0,3000,0,'Hosp''',0
'17',33700,63730,0,'Hosp''',0,7000,0,'Hosp''',0,3000,0,'Hosp''',0,7000,0,'Hosp''',0,3000,0,'Hosp''',0,7000,0,'Hosp''',0,3000,0,'Hosp''',0,7000,0,'Hosp''',0,3000,0,'Hosp''',0,7000,0,'Hosp''',0,3000,0,'Hosp''',0,7000,0,'Hosp''',0,3000,0,'Hosp''',0,7000,0,'Hosp''',0,3000,0,'Hosp''',0,7000,0,'Hosp''',0,3000,0,'Hosp''',0,7000,0,'Hosp''',0,3000,0,'Hosp''',0,7000,0,'Hosp''',0,3000,0,'Hosp''',0,7000,0,'Hosp''',0,3000,0,'Hosp''',0,7000,0,'Hosp''',0,3000,0,'Hosp''',0
'18',33700,63730,0,'Hosp''',0,7000,0,'Hosp''',0,3000,0,'Hosp''',0,7000,0,'Hosp''',0,3000,0,'Hosp''',0,7000,0,'Hosp''',0,3000,0,'Hosp''',0,7000,0,'Hosp''',0,3000,0,'Hosp''',0,7000,0,'Hosp''',0,3000,0,'Hosp''',0,7000,0,'Hosp''',0,3000,0,'Hosp''',0,7000,0,'Hosp''',0,3000,0,'Hosp''',0,7000,0,'Hosp''',0,3000,0,'Hosp''',0,7000,0,'Hosp''',0,3000,0,'Hosp''',0,7000,0,'Hosp''',0,3000,0,'Hosp''',0,7000,0,'Hosp''',0,3000,0,'Hosp''',0,7000,0,'Hosp''',0,3000,0,'Hosp''',0
'19',33700,63730,0,'Hosp''',0,7000,0,'Hosp''',0,3000,0,'Hosp''',0,7000,0,'Hosp''',0,3000,0,'Hosp''',0,7000,0,'Hosp''',0,3000,0,'Hosp''',0,7000,0,'Hosp''',0,3000,0,'Hosp''',0,7000,0,'Hosp''',0,3000,0,'Hosp''',0,7000,0,'Hosp''',0,3000,0,'Hosp''',0,7000,0,'Hosp''',0,3000,0,'Hosp''',0,7000,0,'Hosp''',0,3000,0,'Hosp''',0,7000,0,'Hosp''',0,3000,0,'Hosp''',0,7000,0,'Hosp''',0,3000,0,'Hosp''',0,7000,0,'Hosp''',0,3000,0,'Hosp''',0,7000,0,'Hosp''',0,3000,0,'Hosp''',0
'21',33700,113730,0,'Hosp''',0,7000,0,'Hosp''',0,3000,0,'Hosp''',0,7000,0,'Hosp''',0,3000,0,'Hosp''',0,7000,0,'Hosp''',0,3000,0,'Hosp''',0,7000,0,'Hosp''',0,3000,0,'Hosp''',0,7000,0,'Hosp''',0,3000,0,'Hosp''',0,7000,0,'Hosp''',0,3000,0,'Hosp''',0,7000,0,'Hosp''',0,3000,0,'Hosp''',0
'23',33700,70730,0,'Hosp''',0,3000,0,'Hosp''',0,7000,0,'Hosp''',0,3000,0,'Hosp''',0,7000,0,'Hosp''',0,3000,0,'Hosp''',0,7000,0,'Hosp''',0,3000,0,'Hosp''',0,7000,0,'Hosp''',0,3000,0,'Hosp''',0,7000,0,'Hosp''',0,3000,0,'Hosp''',0,7000,0,'Hosp''',0,3000,0,'Hosp''',0,7000,0,'Hosp''',0,3000,0,'Hosp''',0,7000,0,'Hosp''',0,3000,0,'Hosp''',0,7000,0,'Hosp''',0,3000,0,'Hosp''',0,7000,0,'Hosp''',0,3000,0,'Hosp''',0,7000,0,'Hosp''',0,3000,0,'Hosp''',0,7000,0,'Hosp''',0
'5',33700,63730,0,'Hosp''',0,7000,0,'Hosp''',0,3000,0,'Hosp''',0,7000,0,'Hosp''',0,3000,0,'Hosp''',0,7000,0,'Hosp''',0,3000,0,'Hosp''',0,7000,0,'Hosp''',0,3000,0,'Hosp''',0,7000,0,'Hosp''',0,3000,0,'Hosp''',0,7000,0,'Hosp''',0,3000,0,'Hosp''',0,7000,0,'Hosp''',0,3000,0,'Hosp''',0,7000,0,'Hosp''',0,3000,0,'Hosp''',0,7000,0,'Hosp''',0,3000,0,'Hosp''',0,7000,0,'Hosp''',0,3000,0,'Hosp''',0,7000,0,'Hosp''',0,3000,0,'Hosp''',0,7000,0,'Hosp''',0,3000,0,'Hosp''',0
'6',33700,70730,0,'Hosp''',0,3000,0,'Hosp''',0,7000,0,'Hosp''',0,3000,0,'Hosp''',0,7000,0,'Hosp''',0,3000,0,'Hosp''',0,7000,0,'Hosp''',0,3000,0,'Hosp''',0,7000,0,'Hosp''',0,3000,0,'Hosp''',0,7000,0,'Hosp''',0,3000,0,'Hosp''',0,7000,0,'Hosp''',0,3000,0,'Hosp''',0,7000,0,'Hosp''',0,3000,0,'Hosp''',0,7000,0,'Hosp''',0,3000,0,'Hosp''',0,7000,0,'Hosp''',0,3000,0,'Hosp''',0,7000,0,'Hosp''',0,3000,0,'Hosp''',0,7000,0,'Hosp''',0,3000,0,'Hosp''',0,7000,0,'Hosp''',0
