'10',33700,71110,0,'Hosp''',0,3000,0,'Hosp''',0,7000,0,'Hosp''',0,3000,0,'Hosp''',0,7000,0,'Hosp''',0,3000,0,'Hosp''',0,7000,0,'Hosp''',0,3000,0,'Hosp''',0,7000,0,'Hosp''',0,3000,0,'Hosp''',0,7000,0,'Hosp''',0,3000,0,'Hosp''',0,7000,0,'Hosp''',0,3000,0,'Hosp''',0,7000,0,'Hosp''',0,3000,0,'Hosp''',0,7000,0,'Hosp''',0,3000,0,'Hosp''',0,7000,0,'Hosp''',0,3000,0,'Hosp''',0,7000,0,'Hosp''',0,3000,0,'Hosp''',0,7000,0,'Hosp''',0,3000,0,'Hosp''',0,7000,0,'Hosp''',0
'10',33701,60350,0,'Museum''',0,3000,0,'Museum''',0,7000,0,'Museum''',0,3000,0,'Museum''',0,7000,0,'Museum''',0,3000,0,'Museum''',0,7000,0,'Museum''',0,3000,0,'Museum''',0,7000,0,'Museum''',0,3000,0,'Museum''',0,7000,0,'Museum''',0,3000,0,'Museum''',0,7000,0,'Museum''',0,3000,0,'Museum''',0,7000,0,'Museum''',0,3000,0,'Museum''',0,7000,0,'Museum''',0,3000,0,'Museum''',0,7000,0,'Museum''',0,3000,0,'Museum''',0,7000,0,'Museum''',0,3000,0,'Museum''',0,7000,0,'Museum''',0,3000,0,'Museum''',0,7000,0,'Museum''',0
'11',33700,71110,0,'Hosp''',0,3000,0,'Hosp''',0,7000,0,'Hosp''',0,3000,0,'Hosp''',0,7000,0,'Hosp''',0,3000,0,'Hosp''',0,7000,0,'Hosp''',0,3000,0,'Hosp''',0,7000,0,'Hosp''',0,3000,0,'Hosp''',0,7000,0,'Hosp''',0,3000,0,'Hosp''',0,7000,0,'Hosp''',0,3000,0,'Hosp''',0,7000,0,'Hosp''',0,3000,0,'Hosp''',0,7000,0,'Hosp''',0,3000,0,'Hosp''',0,7000,0,'Hosp''',0,3000,0,'Hosp''',0,7000,0,'Hosp''',0,3000,0,'Hosp''',0,7000,0,'Hosp''',0,3000,0,'Hosp''',0,7000,0,'Hosp''',0
'11',33701,60350,0,'Museum''',0,3000,0,'Museum''',0,7000,0,'Museum''',0,3000,0,'Museum''',0,7000,0,'Museum''',0,3000,0,'Museum''',0,7000,0,'Museum''',0,3000,0,'Museum''',0,7000,0,'Museum''',0,3000,0,'Museum''',0,7000,0,'Museum''',0,3000,0,'Museum''',0,7000,0,'Museum''',0,3000,0,'Museum''',0,7000,0,'Museum''',0,3000,0,'Museum''',0,7000,0,'Museum''',0,3000,0,'Museum''',0,7000,0,'Museum''',0,3000,0,'Museum''',0,7000,0,'Museum''',0,3000,0,'Museum''',0,7000,0,'Museum''',0,3000,0,'Museum''',0,7000,0,'Museum''',0
'13',33700,114110,0,'Hosp''',0,7000,0,'Hosp''',0,3000,0,'Hosp''',0,7000,0,'Hosp''',0,3000,0,'Hosp''',0,7000,0,'Hosp''',0,3000,0,'Hosp''',0,7000,0,'Hosp''',0,3000,0,'Hosp''',0,7000,0,'Hosp''',0,3000,0,'Hosp''',0,7000,0,'Hosp''',0,3000,0,'Hosp''',0,7000,0,'Hosp''',0,3000,0,'Hosp''',0
'13',33701,102350,0,'Museum''',0,3000,0,'Museum''',0,7000,0,'Museum''',0,3000,0,'Museum''',0,7000,0,'Museum''',0,3000,0,'Museum''',0,7000,0,'Museum''',0,3000,0,'Museum''',0,7000,0,'Museum''',0,3000,0,'Museum''',0,7000,0,'Museum''',0,3000,0,'Museum''',0,7000,0,'Museum''',0,3000,0,'Museum''',0,7000,0,'Museum''',0
'15',33700,74110,0,'Hosp''',0,7000,0,'Hosp''',0,3000,0,'Hosp''',0,7000,0,'Hosp''',0,3000,0,'Hosp''',0,7000,0,'Hosp''',0,3000,0,'Hosp''',0,7000,0,'Hosp''',0,3000,0,'Hosp''',0,7000,0,'Hosp''',0,3000,0,'Hosp''',0,7000,0,'Hosp''',0,3000,0,'Hosp''',0,7000,0,'Hosp''',0,3000,0,'Hosp''',0,7000,0,'Hosp''',0,3000,0,'Hosp''',0,7000,0,'Hosp''',0,3000,0,'Hosp''',0,7000,0,'Hosp''',0,3000,0,'Hosp''',0,7000,0,'Hosp''',0,3000,0,'Hosp''',0,7000,0,'Hosp''',0,3000,0,'Hosp''',0
'15',33701,62350,0,'Museum''',0,3000,0,'Museum''',0,7000,0,'Museum''',0,3000,0,'Museum''',0,7000,0,'Museum''',0,3000,0,'Museum''',0,7000,0,'Museum''',0,3000,0,'Museum''',0,7000,0,'Museum''',0,3000,0,'Museum''',0,7000,0,'Museum''',0,3000,0,'Museum''',0,7000,0,'Museum''',0,3000,0,'Museum''',0,7000,0,'Museum''',0,3000,0,'Museum''',0,7000,0,'Museum''',0,3000,0,'Museum''',0,7000,0,'Museum''',0,3000,0,'Museum''',0,7000,0,'Museum''',0,3000,0,'Museum''',0,7000,0,'Museum''',0,3000,0,'Museum''',0,7000,0,'Museum''',0
'3',33700,71110,0,'Hosp''',0,3000,0,'Hosp''',0,7000,0,'Hosp''',0,3000,0,'Hosp''',0,7000,0,'Hosp''',0,3000,0,'Hosp''',0,7000,0,'Hosp''',0,3000,0,'Hosp''',0,7000,0,'Hosp''',0,3000,0,'Hosp''',0,7000,0,'Hosp''',0,3000,0,'Hosp''',0,7000,0,'Hosp''',0,3000,0,'Hosp''',0,7000,0,'Hosp''',0,3000,0,'Hosp''',0,7000,0,'Hosp''',0,3000,0,'Hosp''',0,7000,0,'Hosp''',0,3000,0,'Hosp''',0,7000,0,'Hosp''',0,3000,0,'Hosp''',0,7000,0,'Hosp''',0,3000,0,'Hosp''',0,7000,0,'Hosp''',0
'3',33701,60350,0,'Museum''',0,3000,0,'Museum''',0,7000,0,'Museum''',0,3000,0,'Museum''',0,7000,0,'Museum''',0,3000,0,'Museum''',0,7000,0,'Museum''',0,3000,0,'Museum''',0,7000,0,'Museum''',0,3000,0,'Museum''',0,7000,0,'Museum''',0,3000,0,'Museum''',0,7000,0,'Museum''',0,3000,0,'Museum''',0,7000,0,'Museum''',0,3000,0,'Museum''',0,7000,0,'Museum''',0,3000,0,'Museum''',0,7000,0,'Museum''',0,3000,0,'Museum''',0,7000,0,'Museum''',0,3000,0,'Museum''',0,7000,0,'Museum''',0,3000,0,'Museum''',0,7000,0,'Museum''',0
'8',33700,121110,0,'Hosp''',0,3000,0,'Hosp''',0,7000,0,'Hosp''',0,3000,0,'Hosp''',0,7000,0,'Hosp''',0,3000,0,'Hosp''',0,7000,0,'Hosp''',0,3000,0,'Hosp''',0,7000,0,'Hosp''',0,3000,0,'Hosp''',0,7000,0,'Hosp''',0,3000,0,'Hosp''',0,7000,0,'Hosp''',0,3000,0,'Hosp''',0,7000,0,'Hosp''',0
'8',33701,104350,0,'Museum''',0,7000,0,'Museum''',0,3000,0,'Museum''',0,8000,0,'Museum''',0,3000,0,'Museum''',0,7000,0,'Museum''',0,3000,0,'Museum''',0,7000,0,'Museum''',0,3000,0,'Museum''',0,7000,0,'Museum''',0,3000,0,'Museum''',0,7000,0,'Museum''',0,3000,0,'Museum''',0,7000,0,'Museum''',0,3000,0,'Museum''',0
'10',43700,195610,0,'Hosp''',0,10000,0,'Hosp''',0,10000,0,'Hosp''',0,10000,0,'Hosp''',0,10000,0,'Hosp''',0
'10',43701,190400,0,'Seapark''',0,10000,0,'Seapark''',0,10000,0,'Seapark''',0,10000,0,'Seapark''',0,10000,0,'Seapark''',0
'11',43700,195610,0,'Hosp''',0,10000,0,'Hosp''',0,10000,0,'Hosp''',0,10000,0,'Hosp''',0,10000,0,'Hosp''',0
'11',43701,190400,0,'Seapark''',0,10000,0,'Seapark''',0,10000,0,'Seapark''',0,10000,0,'Seapark''',0,10000,0,'Seapark''',0
'15',43700,195610,0,'Hosp''',0,10000,0,'Hosp''',0,10000,0,'Hosp''',0,10000,0,'Hosp''',0,10000,0,'Hosp''',0
'15',43701,190400,0,'Seapark''',0,10000,0,'Seapark''',0,10000,0,'Seapark''',0,10000,0,'Seapark''',0,10000,0,'Seapark''',0
'3',43700,195610,0,'Hosp''',0,10000,0,'Hosp''',0,10000,0,'Hosp''',0,10000,0,'Hosp''',0,10000,0,'Hosp''',0
'3',43701,190400,0,'Seapark''',0,10000,0,'Seapark''',0,10000,0,'Seapark''',0,10000,0,'Seapark''',0,10000,0,'Seapark''',0
