'1',33800,65100,4,'',0,40200,4,'',0,27700,4,'',0
'1',33801,70100,0,'Downtown''',0,40100,0,'Downtown''',0,23800,0,'Downtown''',0
'1',43800,192400,4,'',0,20600,4,'',0
'1',43801,193400,0,'Downtown''',0,20600,0,'Downtown''',0
'13',43800,105100,4,'',0,17300,4,'',0,22600,4,'',0,17600,4,'',0
'13',43801,110100,0,'Downtown''',0,13300,0,'Downtown''',0,26600,0,'Downtown''',0,13600,0,'Downtown''',0
'14',43800,105100,4,'',0,17300,4,'',0,22600,4,'',0,17600,4,'',0,38100,4,'',0
'14',43801,110100,0,'Downtown''',0,13300,0,'Downtown''',0,26600,0,'Downtown''',0,13600,0,'Downtown''',0
'21',43800,105100,4,'',0,17300,4,'',0,22600,4,'',0,17600,4,'',0,38100,4,'',0
'21',43801,110100,0,'Downtown''',0,13300,0,'Downtown''',0,26600,0,'Downtown''',0,13600,0,'Downtown''',0
'6',43800,105100,4,'',0,17300,4,'',0,22600,4,'',0,17600,4,'',0,38000,4,'',0,12100,4,'',0
'6',43801,110100,0,'Downtown''',0,13300,0,'Downtown''',0,26600,0,'Downtown''',0,13600,0,'Downtown''',0,38000,0,'Downtown''',0,12100,0,'Downtown''',0
