'10',31200,61210,,'',0,3000,,'',0,7000,,'',0,3000,,'',0,7000,,'',0,3000,,'',0,7000,,'',0,3000,,'',0,7000,,'',0,3000,,'',0,7000,,'',0,3000,,'',0,7000,,'',0,3000,,'',0,7000,,'',0,3000,,'',0,7440,,'',0,3000,,'',0,7000,,'',0,3000,,'',0,7000,,'',0,3000,,'',0,7000,,'',0,3000,,'',0,7000,,'',0
'14',31200,61210,,'',0,3000,,'',0,7000,,'',0,3000,,'',0,7000,,'',0,3000,,'',0,7000,,'',0,3000,,'',0,7000,,'',0,3000,,'',0,7000,,'',0,3000,,'',0,7000,,'',0,3000,,'',0,7000,,'',0,3000,,'',0,7440,,'',0,3000,,'',0,7000,,'',0,3000,,'',0,7000,,'',0,3000,,'',0,7000,,'',0,3000,,'',0,7000,,'',0
'15',31200,61210,,'',0,3000,,'',0,7000,,'',0,3000,,'',0,7000,,'',0,3000,,'',0,7000,,'',0,3000,,'',0,7000,,'',0,3000,,'',0,7000,,'',0,3000,,'',0,7000,,'',0,3000,,'',0,7000,,'',0,3000,,'',0,7440,,'',0,3000,,'',0,7000,,'',0,3000,,'',0,7000,,'',0,3000,,'',0,7000,,'',0,3000,,'',0,7000,,'',0
'16',31200,61210,,'',0,3000,,'',0,7000,,'',0,3000,,'',0,7000,,'',0,3000,,'',0,7000,,'',0,3000,,'',0,7000,,'',0,3000,,'',0,7000,,'',0,3000,,'',0,7000,,'',0,3000,,'',0,7000,,'',0,3000,,'',0,7440,,'',0,3000,,'',0,7000,,'',0,3000,,'',0,7000,,'',0,3000,,'',0,7000,,'',0,3000,,'',0,7000,,'',0
'17',31200,61210,,'',0,3000,,'',0,7000,,'',0,3000,,'',0,7000,,'',0,3000,,'',0,7000,,'',0,3000,,'',0,7000,,'',0,3000,,'',0,7000,,'',0,3000,,'',0,7000,,'',0,3000,,'',0,7000,,'',0,3000,,'',0,7440,,'',0,3000,,'',0,7000,,'',0,3000,,'',0,7000,,'',0,3000,,'',0,7000,,'',0,3000,,'',0,7000,,'',0
'6',31200,61210,,'',0,3000,,'',0,7000,,'',0,3000,,'',0,7000,,'',0,3000,,'',0,7000,,'',0,3000,,'',0,7000,,'',0,3000,,'',0,7000,,'',0,3000,,'',0,7000,,'',0,3000,,'',0,7000,,'',0,3000,,'',0,7440,,'',0,3000,,'',0,7000,,'',0,3000,,'',0,7000,,'',0,3000,,'',0,7000,,'',0,3000,,'',0,7000,,'',0
'10',41200,183610,0,'Lakeshore',0,10000,0,'Lakeshore',0,10000,0,'Lakeshore',0,10000,0,'Lakeshore',0,10000,0,'Lakeshore',0,10000,0,'Lakeshore',0
'12',41200,93610,0,'Lakeshore',0,10000,0,'Lakeshore',0,7000,0,'Lakeshore',0,3000,0,'Lakeshore',0,7000,0,'Lakeshore',0,3000,0,'Lakeshore',0,7000,0,'Lakeshore',0,3000,0,'Lakeshore',0,7000,0,'Lakeshore',0,3000,0,'Lakeshore',0,7000,0,'Lakeshore',0,3000,0,'Lakeshore',0,7000,0,'Lakeshore',0,3000,0,'Lakeshore',0,7000,0,'Lakeshore',0,3000,0,'Lakeshore',0,7000,0,'Lakeshore',0,3000,0,'Lakeshore',0,10000,0,'Lakeshore',0
'14',41200,183610,0,'Lakeshore',0,10000,0,'Lakeshore',0,10000,0,'Lakeshore',0,10000,0,'Lakeshore',0,10000,0,'Lakeshore',0,10000,0,'Lakeshore',0
'15',41200,183610,0,'Lakeshore',0,10000,0,'Lakeshore',0,10000,0,'Lakeshore',0,10000,0,'Lakeshore',0,10000,0,'Lakeshore',0,10000,0,'Lakeshore',0
'16',41200,183610,0,'Lakeshore',0,10000,0,'Lakeshore',0,10000,0,'Lakeshore',0,10000,0,'Lakeshore',0,10000,0,'Lakeshore',0,10000,0,'Lakeshore',0
'17',41200,183610,0,'Lakeshore',0,10000,0,'Lakeshore',0,10000,0,'Lakeshore',0,10000,0,'Lakeshore',0,10000,0,'Lakeshore',0,10000,0,'Lakeshore',0
'19',41200,113610,0,'Lakeshore',0,10000,0,'Lakeshore',0,10000,0,'Lakeshore',0,10000,0,'Lakeshore',0,10000,0,'Lakeshore',0,10000,0,'Lakeshore',0,10000,0,'Lakeshore',0
'2',41200,63610,0,'Lakeshore',0,7000,0,'Lakeshore',0,3000,0,'Lakeshore',0,7000,0,'Lakeshore',0,3000,0,'Lakeshore',0,7000,0,'Lakeshore',0,3000,0,'Lakeshore',0,7000,0,'Lakeshore',0,3000,0,'Lakeshore',0,7000,0,'Lakeshore',0,3000,0,'Lakeshore',0,7000,0,'Lakeshore',0,3000,0,'Lakeshore',0,7000,0,'Lakeshore',0,3000,0,'Lakeshore',0,7000,0,'Lakeshore',0,3000,0,'Lakeshore',0,7000,0,'Lakeshore',0,3000,0,'Lakeshore',0,7000,0,'Lakeshore',0,3000,0,'Lakeshore',0,7000,0,'Lakeshore',0,3000,0,'Lakeshore',0,7000,0,'Lakeshore',0,3000,0,'Lakeshore',0,10000,0,'Lakeshore',0,10000,0,'Lakeshore',0,10000,0,'Lakeshore',0,10000,0,'Lakeshore',0,10000,0,'Lakeshore',0
'21',41200,63610,0,'Lakeshore',0,7000,0,'Lakeshore',0,3000,0,'Lakeshore',0,7000,0,'Lakeshore',0,3000,0,'Lakeshore',0,7000,0,'Lakeshore',0,3000,0,'Lakeshore',0,7000,0,'Lakeshore',0,3000,0,'Lakeshore',0,7000,0,'Lakeshore',0,3000,0,'Lakeshore',0,7000,0,'Lakeshore',0,3000,0,'Lakeshore',0,7000,0,'Lakeshore',0,3000,0,'Lakeshore',0,7000,0,'Lakeshore',0,3000,0,'Lakeshore',0,7000,0,'Lakeshore',0,3000,0,'Lakeshore',0,7000,0,'Lakeshore',0,3000,0,'Lakeshore',0,7000,0,'Lakeshore',0,3000,0,'Lakeshore',0,7000,0,'Lakeshore',0,3000,0,'Lakeshore',0,10000,0,'Lakeshore',0,10000,0,'Lakeshore',0,10000,0,'Lakeshore',0,10000,0,'Lakeshore',0,10000,0,'Lakeshore',0
'6',41200,183610,0,'Lakeshore',0,10000,0,'Lakeshore',0,10000,0,'Lakeshore',0,10000,0,'Lakeshore',0,10000,0,'Lakeshore',0,10000,0,'Lakeshore',0
