'1',33701,63130,0,'Museum''',0,7000,0,'Museum''',0,3000,0,'Museum''',0,7000,0,'Museum''',0,3000,0,'Museum''',0,7000,0,'Museum''',0,3000,0,'Museum''',0,7000,0,'Museum''',0,3000,0,'Museum''',0,7000,0,'Museum''',0,3000,0,'Museum''',0,7000,0,'Museum''',0,3000,0,'Museum''',0,7000,0,'Museum''',0,3000,0,'Museum''',0,7000,0,'Museum''',0,3000,0,'Museum''',0,7000,0,'Museum''',0,3000,0,'Museum''',0,7000,0,'Museum''',0,3000,0,'Museum''',0,7000,0,'Museum''',0,3000,0,'Museum''',0,7000,0,'Museum''',0,3000,0,'Museum''',0
'11',33701,63130,0,'Museum''',0,7000,0,'Museum''',0,3000,0,'Museum''',0,7000,0,'Museum''',0,3000,0,'Museum''',0,7000,0,'Museum''',0,3000,0,'Museum''',0,7000,0,'Museum''',0,3000,0,'Museum''',0,7000,0,'Museum''',0,3000,0,'Museum''',0,7000,0,'Museum''',0,3000,0,'Museum''',0,7000,0,'Museum''',0,3000,0,'Museum''',0,7000,0,'Museum''',0,3000,0,'Museum''',0,7000,0,'Museum''',0,3000,0,'Museum''',0,7000,0,'Museum''',0,3000,0,'Museum''',0,7000,0,'Museum''',0,3000,0,'Museum''',0,7000,0,'Museum''',0,3000,0,'Museum''',0
'13',33701,105130,0,'Museum''',0,7000,0,'Museum''',0,3000,0,'Museum''',0,7000,0,'Museum''',0,3000,0,'Museum''',0,7000,0,'Museum''',0,3000,0,'Museum''',0,7000,0,'Museum''',0,3000,0,'Museum''',0,7000,0,'Museum''',0,3000,0,'Museum''',0,7000,0,'Museum''',0,3000,0,'Museum''',0,7000,0,'Museum''',0,3000,0,'Museum''',0
'14',33701,112130,0,'Museum''',0,3000,0,'Museum''',0,7000,0,'Museum''',0,3000,0,'Museum''',0,7000,0,'Museum''',0,3000,0,'Museum''',0,7000,0,'Museum''',0,3000,0,'Museum''',0,7000,0,'Museum''',0,3000,0,'Museum''',0,7000,0,'Museum''',0,3000,0,'Museum''',0,7000,0,'Museum''',0,3000,0,'Museum''',0,7000,0,'Museum''',0
'16',33701,63130,0,'Museum''',0,7000,0,'Museum''',0,3000,0,'Museum''',0,7000,0,'Museum''',0,3000,0,'Museum''',0,7000,0,'Museum''',0,3000,0,'Museum''',0,7000,0,'Museum''',0,3000,0,'Museum''',0,7000,0,'Museum''',0,3000,0,'Museum''',0,7000,0,'Museum''',0,3000,0,'Museum''',0,7000,0,'Museum''',0,3000,0,'Museum''',0,7000,0,'Museum''',0,3000,0,'Museum''',0,7000,0,'Museum''',0,3000,0,'Museum''',0,7000,0,'Museum''',0,3000,0,'Museum''',0,7000,0,'Museum''',0,3000,0,'Museum''',0,7000,0,'Museum''',0,3000,0,'Museum''',0
'17',33701,63130,0,'Museum''',0,7000,0,'Museum''',0,3000,0,'Museum''',0,7000,0,'Museum''',0,3000,0,'Museum''',0,7000,0,'Museum''',0,3000,0,'Museum''',0,7000,0,'Museum''',0,3000,0,'Museum''',0,7000,0,'Museum''',0,3000,0,'Museum''',0,7000,0,'Museum''',0,3000,0,'Museum''',0,7000,0,'Museum''',0,3000,0,'Museum''',0,7000,0,'Museum''',0,3000,0,'Museum''',0,7000,0,'Museum''',0,3000,0,'Museum''',0,7000,0,'Museum''',0,3000,0,'Museum''',0,7000,0,'Museum''',0,3000,0,'Museum''',0,7000,0,'Museum''',0,3000,0,'Museum''',0
'18',33701,63130,0,'Museum''',0,7000,0,'Museum''',0,3000,0,'Museum''',0,7000,0,'Museum''',0,3000,0,'Museum''',0,7000,0,'Museum''',0,3000,0,'Museum''',0,7000,0,'Museum''',0,3000,0,'Museum''',0,7000,0,'Museum''',0,3000,0,'Museum''',0,7000,0,'Museum''',0,3000,0,'Museum''',0,7000,0,'Museum''',0,3000,0,'Museum''',0,7000,0,'Museum''',0,3000,0,'Museum''',0,7000,0,'Museum''',0,3000,0,'Museum''',0,7000,0,'Museum''',0,3000,0,'Museum''',0,7000,0,'Museum''',0,3000,0,'Museum''',0,7000,0,'Museum''',0,3000,0,'Museum''',0
'19',33701,63130,0,'Museum''',0,7000,0,'Museum''',0,3000,0,'Museum''',0,7000,0,'Museum''',0,3000,0,'Museum''',0,7000,0,'Museum''',0,3000,0,'Museum''',0,7000,0,'Museum''',0,3000,0,'Museum''',0,7000,0,'Museum''',0,3000,0,'Museum''',0,7000,0,'Museum''',0,3000,0,'Museum''',0,7000,0,'Museum''',0,3000,0,'Museum''',0,7000,0,'Museum''',0,3000,0,'Museum''',0,7000,0,'Museum''',0,3000,0,'Museum''',0,7000,0,'Museum''',0,3000,0,'Museum''',0,7000,0,'Museum''',0,3000,0,'Museum''',0,7000,0,'Museum''',0,3000,0,'Museum''',0
'21',33701,112130,0,'Museum''',0,3000,0,'Museum''',0,7000,0,'Museum''',0,3000,0,'Museum''',0,7000,0,'Museum''',0,3000,0,'Museum''',0,7000,0,'Museum''',0,3000,0,'Museum''',0,7000,0,'Museum''',0,3000,0,'Museum''',0,7000,0,'Museum''',0,3000,0,'Museum''',0,7000,0,'Museum''',0,3000,0,'Museum''',0,7000,0,'Museum''',0
'23',33701,65130,0,'Museum''',0,7000,0,'Museum''',0,3000,0,'Museum''',0,7000,0,'Museum''',0,3000,0,'Museum''',0,7000,0,'Museum''',0,3000,0,'Museum''',0,7000,0,'Museum''',0,3000,0,'Museum''',0,7000,0,'Museum''',0,3000,0,'Museum''',0,7000,0,'Museum''',0,3000,0,'Museum''',0,7000,0,'Museum''',0,3000,0,'Museum''',0,7000,0,'Museum''',0,3000,0,'Museum''',0,7000,0,'Museum''',0,3000,0,'Museum''',0,7000,0,'Museum''',0,3000,0,'Museum''',0,7000,0,'Museum''',0,3000,0,'Museum''',0,7000,0,'Museum''',0,3000,0,'Museum''',0
'5',33701,63130,0,'Museum''',0,7000,0,'Museum''',0,3000,0,'Museum''',0,7000,0,'Museum''',0,3000,0,'Museum''',0,7000,0,'Museum''',0,3000,0,'Museum''',0,7000,0,'Museum''',0,3000,0,'Museum''',0,7000,0,'Museum''',0,3000,0,'Museum''',0,7000,0,'Museum''',0,3000,0,'Museum''',0,7000,0,'Museum''',0,3000,0,'Museum''',0,7000,0,'Museum''',0,3000,0,'Museum''',0,7000,0,'Museum''',0,3000,0,'Museum''',0,7000,0,'Museum''',0,3000,0,'Museum''',0,7000,0,'Museum''',0,3000,0,'Museum''',0,7000,0,'Museum''',0,3000,0,'Museum''',0
'6',33701,65130,0,'Museum''',0,7000,0,'Museum''',0,3000,0,'Museum''',0,7000,0,'Museum''',0,3000,0,'Museum''',0,7000,0,'Museum''',0,3000,0,'Museum''',0,7000,0,'Museum''',0,3000,0,'Museum''',0,7000,0,'Museum''',0,3000,0,'Museum''',0,7000,0,'Museum''',0,3000,0,'Museum''',0,7000,0,'Museum''',0,3000,0,'Museum''',0,7000,0,'Museum''',0,3000,0,'Museum''',0,7000,0,'Museum''',0,3000,0,'Museum''',0,7000,0,'Museum''',0,3000,0,'Museum''',0,7000,0,'Museum''',0,3000,0,'Museum''',0,7000,0,'Museum''',0,3000,0,'Museum''',0
