'11',33701,62410,0,'Museum''',0,3000,0,'Museum''',0,7000,0,'Museum''',0,3000,0,'Museum''',0,7000,0,'Museum''',0,3000,0,'Museum''',0,7000,0,'Museum''',0,3000,0,'Museum''',0,7000,0,'Museum''',0,3000,0,'Museum''',0,7000,0,'Museum''',0,3000,0,'Museum''',0,7000,0,'Museum''',0,3000,0,'Museum''',0,7000,0,'Museum''',0,3000,0,'Museum''',0,7000,0,'Museum''',0,3000,0,'Museum''',0,7000,0,'Museum''',0,3000,0,'Museum''',0,7000,0,'Museum''',0,3000,0,'Museum''',0,7000,0,'Museum''',0,3000,0,'Museum''',0,7000,0,'Museum''',0
'13',33701,104410,0,'Museum''',0,7000,0,'Museum''',0,3000,0,'Museum''',0,7000,0,'Museum''',0,3000,0,'Museum''',0,7000,0,'Museum''',0,3000,0,'Museum''',0,7000,0,'Museum''',0,3000,0,'Museum''',0,7000,0,'Museum''',0,3000,0,'Museum''',0,7000,0,'Museum''',0,3000,0,'Museum''',0,7000,0,'Museum''',0,3000,0,'Museum''',0
'14',33701,111410,0,'Museum''',0,3000,0,'Museum''',0,7000,0,'Museum''',0,3000,0,'Museum''',0,7000,0,'Museum''',0,3000,0,'Museum''',0,7000,0,'Museum''',0,3000,0,'Museum''',0,7000,0,'Museum''',0,3000,0,'Museum''',0,7000,0,'Museum''',0,3000,0,'Museum''',0,7000,0,'Museum''',0,3000,0,'Museum''',0,7000,0,'Museum''',0
'16',33701,62410,0,'Museum''',0,3000,0,'Museum''',0,7000,0,'Museum''',0,3000,0,'Museum''',0,7000,0,'Museum''',0,3000,0,'Museum''',0,7000,0,'Museum''',0,3000,0,'Museum''',0,7000,0,'Museum''',0,3000,0,'Museum''',0,7000,0,'Museum''',0,3000,0,'Museum''',0,7000,0,'Museum''',0,3000,0,'Museum''',0,7000,0,'Museum''',0,3000,0,'Museum''',0,7000,0,'Museum''',0,3000,0,'Museum''',0,7000,0,'Museum''',0,3000,0,'Museum''',0,7000,0,'Museum''',0,3000,0,'Museum''',0,7000,0,'Museum''',0,3000,0,'Museum''',0,7000,0,'Museum''',0
'17',33701,62410,0,'Museum''',0,3000,0,'Museum''',0,7000,0,'Museum''',0,3000,0,'Museum''',0,7000,0,'Museum''',0,3000,0,'Museum''',0,7000,0,'Museum''',0,3000,0,'Museum''',0,7000,0,'Museum''',0,3000,0,'Museum''',0,7000,0,'Museum''',0,3000,0,'Museum''',0,7000,0,'Museum''',0,3000,0,'Museum''',0,7000,0,'Museum''',0,3000,0,'Museum''',0,7000,0,'Museum''',0,3000,0,'Museum''',0,7000,0,'Museum''',0,3000,0,'Museum''',0,7000,0,'Museum''',0,3000,0,'Museum''',0,7000,0,'Museum''',0,3000,0,'Museum''',0,7000,0,'Museum''',0
'18',33701,64410,0,'Museum''',0,7000,0,'Museum''',0,3000,0,'Museum''',0,7000,0,'Museum''',0,3000,0,'Museum''',0,7000,0,'Museum''',0,3000,0,'Museum''',0,7000,0,'Museum''',0,3000,0,'Museum''',0,7000,0,'Museum''',0,3000,0,'Museum''',0,7000,0,'Museum''',0,3000,0,'Museum''',0,7000,0,'Museum''',0,3000,0,'Museum''',0,7000,0,'Museum''',0,3000,0,'Museum''',0,7000,0,'Museum''',0,3000,0,'Museum''',0,7000,0,'Museum''',0,3000,0,'Museum''',0,7000,0,'Museum''',0,3000,0,'Museum''',0,7000,0,'Museum''',0,3000,0,'Museum''',0
'19',33701,62410,0,'Museum''',0,3000,0,'Museum''',0,7000,0,'Museum''',0,3000,0,'Museum''',0,7000,0,'Museum''',0,3000,0,'Museum''',0,7000,0,'Museum''',0,3000,0,'Museum''',0,7000,0,'Museum''',0,3000,0,'Museum''',0,7000,0,'Museum''',0,3000,0,'Museum''',0,7000,0,'Museum''',0,3000,0,'Museum''',0,7000,0,'Museum''',0,3000,0,'Museum''',0,7000,0,'Museum''',0,3000,0,'Museum''',0,7000,0,'Museum''',0,3000,0,'Museum''',0,7000,0,'Museum''',0,3000,0,'Museum''',0,7000,0,'Museum''',0,3000,0,'Museum''',0,7000,0,'Museum''',0
'2',33701,62410,0,'Museum''',0,3000,0,'Museum''',0,7000,0,'Museum''',0,3000,0,'Museum''',0,7000,0,'Museum''',0,3000,0,'Museum''',0,7000,0,'Museum''',0,3000,0,'Museum''',0,7000,0,'Museum''',0,3000,0,'Museum''',0,7000,0,'Museum''',0,3000,0,'Museum''',0,7000,0,'Museum''',0,3000,0,'Museum''',0,7000,0,'Museum''',0,3000,0,'Museum''',0,7000,0,'Museum''',0,3000,0,'Museum''',0,7000,0,'Museum''',0,3000,0,'Museum''',0,7000,0,'Museum''',0,3000,0,'Museum''',0,7000,0,'Museum''',0,3000,0,'Museum''',0,7000,0,'Museum''',0
'21',33701,62410,0,'Museum''',0,3000,0,'Museum''',0,7000,0,'Museum''',0,3000,0,'Museum''',0,7000,0,'Museum''',0,3000,0,'Museum''',0,7000,0,'Museum''',0,3000,0,'Museum''',0,7000,0,'Museum''',0,3000,0,'Museum''',0,7000,0,'Museum''',0,3000,0,'Museum''',0,7000,0,'Museum''',0,3000,0,'Museum''',0,7000,0,'Museum''',0,3000,0,'Museum''',0,7000,0,'Museum''',0,3000,0,'Museum''',0,7000,0,'Museum''',0,3000,0,'Museum''',0,7000,0,'Museum''',0,3000,0,'Museum''',0,7000,0,'Museum''',0,3000,0,'Museum''',0,7000,0,'Museum''',0
'22',33701,62410,0,'Museum''',0,3000,0,'Museum''',0,7000,0,'Museum''',0,3000,0,'Museum''',0,7000,0,'Museum''',0,3000,0,'Museum''',0,7000,0,'Museum''',0,3000,0,'Museum''',0,7000,0,'Museum''',0,3000,0,'Museum''',0,7000,0,'Museum''',0,3000,0,'Museum''',0,7000,0,'Museum''',0,3000,0,'Museum''',0,7000,0,'Museum''',0,3000,0,'Museum''',0,7000,0,'Museum''',0,3000,0,'Museum''',0,7000,0,'Museum''',0,3000,0,'Museum''',0,7000,0,'Museum''',0,3000,0,'Museum''',0,7000,0,'Museum''',0,3000,0,'Museum''',0,7000,0,'Museum''',0
'24',33701,111410,0,'Museum''',0,3000,0,'Museum''',0,7000,0,'Museum''',0,3000,0,'Museum''',0,7000,0,'Museum''',0,3000,0,'Museum''',0,7000,0,'Museum''',0,3000,0,'Museum''',0,7000,0,'Museum''',0,3000,0,'Museum''',0,7000,0,'Museum''',0,3000,0,'Museum''',0,7000,0,'Museum''',0,3000,0,'Museum''',0,7000,0,'Museum''',0
'25',33701,64410,0,'Museum''',0,7000,0,'Museum''',0,3000,0,'Museum''',0,7000,0,'Museum''',0,3000,0,'Museum''',0,7000,0,'Museum''',0,3000,0,'Museum''',0,7000,0,'Museum''',0,3000,0,'Museum''',0,7000,0,'Museum''',0,3000,0,'Museum''',0,7000,0,'Museum''',0,3000,0,'Museum''',0,7000,0,'Museum''',0,3000,0,'Museum''',0,7000,0,'Museum''',0,3000,0,'Museum''',0,7000,0,'Museum''',0,3000,0,'Museum''',0,7000,0,'Museum''',0,3000,0,'Museum''',0,7000,0,'Museum''',0,3000,0,'Museum''',0,7000,0,'Museum''',0,3000,0,'Museum''',0
'5',33701,62410,0,'Museum''',0,3000,0,'Museum''',0,7000,0,'Museum''',0,3000,0,'Museum''',0,7000,0,'Museum''',0,3000,0,'Museum''',0,7000,0,'Museum''',0,3000,0,'Museum''',0,7000,0,'Museum''',0,3000,0,'Museum''',0,7000,0,'Museum''',0,3000,0,'Museum''',0,7000,0,'Museum''',0,3000,0,'Museum''',0,7000,0,'Museum''',0,3000,0,'Museum''',0,7000,0,'Museum''',0,3000,0,'Museum''',0,7000,0,'Museum''',0,3000,0,'Museum''',0,7000,0,'Museum''',0,3000,0,'Museum''',0,7000,0,'Museum''',0,3000,0,'Museum''',0,7000,0,'Museum''',0
'6',33701,62410,0,'Museum''',0,3000,0,'Museum''',0,7000,0,'Museum''',0,3000,0,'Museum''',0,7000,0,'Museum''',0,3000,0,'Museum''',0,7000,0,'Museum''',0,3000,0,'Museum''',0,7000,0,'Museum''',0,3000,0,'Museum''',0,7000,0,'Museum''',0,3000,0,'Museum''',0,7000,0,'Museum''',0,3000,0,'Museum''',0,7000,0,'Museum''',0,3000,0,'Museum''',0,7000,0,'Museum''',0,3000,0,'Museum''',0,7000,0,'Museum''',0,3000,0,'Museum''',0,7000,0,'Museum''',0,3000,0,'Museum''',0,7000,0,'Museum''',0,3000,0,'Museum''',0,7000,0,'Museum''',0
'11',43701,192050,0,'Seapark''',0,10000,0,'Seapark''',0,10000,0,'Seapark''',0,10000,0,'Seapark''',0,10000,0,'Seapark''',0
'16',43701,192050,0,'Seapark''',0,10000,0,'Seapark''',0,10000,0,'Seapark''',0,10000,0,'Seapark''',0,10000,0,'Seapark''',0
'17',43701,192050,0,'Seapark''',0,10000,0,'Seapark''',0,10000,0,'Seapark''',0,10000,0,'Seapark''',0,10000,0,'Seapark''',0
'18',43701,192050,0,'Seapark''',0,10000,0,'Seapark''',0,10000,0,'Seapark''',0,10000,0,'Seapark''',0,10000,0,'Seapark''',0
'19',43701,192050,0,'Seapark''',0,10000,0,'Seapark''',0,10000,0,'Seapark''',0,10000,0,'Seapark''',0,10000,0,'Seapark''',0
'2',43701,192050,0,'Seapark''',0,10000,0,'Seapark''',0,10000,0,'Seapark''',0,10000,0,'Seapark''',0,10000,0,'Seapark''',0
'21',43701,192050,0,'Seapark''',0,10000,0,'Seapark''',0,10000,0,'Seapark''',0,10000,0,'Seapark''',0,10000,0,'Seapark''',0
'22',43701,192050,0,'Seapark''',0,10000,0,'Seapark''',0,10000,0,'Seapark''',0,10000,0,'Seapark''',0,10000,0,'Seapark''',0
'25',43701,192050,0,'Seapark''',0,10000,0,'Seapark''',0,10000,0,'Seapark''',0,10000,0,'Seapark''',0,10000,0,'Seapark''',0
'5',43701,192050,0,'Seapark''',0,10000,0,'Seapark''',0,10000,0,'Seapark''',0,10000,0,'Seapark''',0,10000,0,'Seapark''',0
'6',43701,192050,0,'Seapark''',0,10000,0,'Seapark''',0,10000,0,'Seapark''',0,10000,0,'Seapark''',0,10000,0,'Seapark''',0
