'10',30200,63100,4,'',0,7000,4,'',0,3000,4,'',0,7000,4,'',0,3000,4,'',0,7000,4,'',0,3000,4,'',0,7000,4,'',0,3000,4,'',0,7000,4,'',0,3000,4,'',0,7000,4,'',0,3000,4,'',0,7000,4,'',0,3000,4,'',0,7000,4,'',0,3300,4,'',0,7000,4,'',0,3000,4,'',0,7000,4,'',0,3000,4,'',0,7000,4,'',0,3000,4,'',0
'14',30200,63100,4,'',0,7000,4,'',0,3000,4,'',0,7000,4,'',0,3000,4,'',0,7000,4,'',0,3000,4,'',0,7000,4,'',0,3000,4,'',0,7000,4,'',0,3000,4,'',0,7000,4,'',0,3000,4,'',0,7000,4,'',0,3000,4,'',0,7000,4,'',0,3300,4,'',0,7000,4,'',0,3000,4,'',0,7000,4,'',0,3000,4,'',0,7000,4,'',0,3000,4,'',0
'15',30200,63100,4,'',0,7000,4,'',0,3000,4,'',0,7000,4,'',0,3000,4,'',0,7000,4,'',0,3000,4,'',0,7000,4,'',0,3000,4,'',0,7000,4,'',0,3000,4,'',0,7000,4,'',0,3000,4,'',0,7000,4,'',0,3000,4,'',0,7000,4,'',0,3300,4,'',0,7000,4,'',0,3000,4,'',0,7000,4,'',0,3000,4,'',0,7000,4,'',0,3000,4,'',0
'16',30200,63100,4,'',0,7000,4,'',0,3000,4,'',0,7000,4,'',0,3000,4,'',0,7000,4,'',0,3000,4,'',0,7000,4,'',0,3000,4,'',0,7000,4,'',0,3000,4,'',0,7000,4,'',0,3000,4,'',0,7000,4,'',0,3000,4,'',0,7000,4,'',0,3300,4,'',0,7000,4,'',0,3000,4,'',0,7000,4,'',0,3000,4,'',0,7000,4,'',0,3000,4,'',0
'17',30200,63100,4,'',0,7000,4,'',0,3000,4,'',0,7000,4,'',0,3000,4,'',0,7000,4,'',0,3000,4,'',0,7000,4,'',0,3000,4,'',0,7000,4,'',0,3000,4,'',0,7000,4,'',0,3000,4,'',0,7000,4,'',0,3000,4,'',0,7000,4,'',0,3300,4,'',0,7000,4,'',0,3000,4,'',0,7000,4,'',0,3000,4,'',0,7000,4,'',0,3000,4,'',0
'6',30200,63100,4,'',0,7000,4,'',0,3000,4,'',0,7000,4,'',0,3000,4,'',0,7000,4,'',0,3000,4,'',0,7000,4,'',0,3000,4,'',0,7000,4,'',0,3000,4,'',0,7000,4,'',0,3000,4,'',0,7000,4,'',0,3000,4,'',0,7000,4,'',0,3300,4,'',0,7000,4,'',0,3000,4,'',0,7000,4,'',0,3000,4,'',0,7000,4,'',0,3000,4,'',0
'10',31201,63500,,'',0,7000,,'',0,3000,,'',0,7000,,'',0,3000,,'',0,7000,,'',0,3000,,'',0,7000,,'',0,3000,,'',0,7000,,'',0,3000,,'',0,7000,,'',0,3000,,'',0,7000,,'',0,3000,,'',0,7000,,'',0,4100,,'',0,7000,,'',0,3000,,'',0,7000,,'',0,3000,,'',0,7000,,'',0,3000,,'',0
'14',31201,63500,,'',0,7000,,'',0,3000,,'',0,7000,,'',0,3000,,'',0,7000,,'',0,3000,,'',0,7000,,'',0,3000,,'',0,7000,,'',0,3000,,'',0,7000,,'',0,3000,,'',0,7000,,'',0,3000,,'',0,7000,,'',0,4100,,'',0,7000,,'',0,3000,,'',0,7000,,'',0,3000,,'',0,7000,,'',0,3000,,'',0
'15',31201,63500,,'',0,7000,,'',0,3000,,'',0,7000,,'',0,3000,,'',0,7000,,'',0,3000,,'',0,7000,,'',0,3000,,'',0,7000,,'',0,3000,,'',0,7000,,'',0,3000,,'',0,7000,,'',0,3000,,'',0,7000,,'',0,4100,,'',0,7000,,'',0,3000,,'',0,7000,,'',0,3000,,'',0,7000,,'',0,3000,,'',0
'16',31201,63500,,'',0,7000,,'',0,3000,,'',0,7000,,'',0,3000,,'',0,7000,,'',0,3000,,'',0,7000,,'',0,3000,,'',0,7000,,'',0,3000,,'',0,7000,,'',0,3000,,'',0,7000,,'',0,3000,,'',0,7000,,'',0,4100,,'',0,7000,,'',0,3000,,'',0,7000,,'',0,3000,,'',0,7000,,'',0,3000,,'',0
'17',31201,63500,,'',0,7000,,'',0,3000,,'',0,7000,,'',0,3000,,'',0,7000,,'',0,3000,,'',0,7000,,'',0,3000,,'',0,7000,,'',0,3000,,'',0,7000,,'',0,3000,,'',0,7000,,'',0,3000,,'',0,7000,,'',0,4100,,'',0,7000,,'',0,3000,,'',0,7000,,'',0,3000,,'',0,7000,,'',0,3000,,'',0
'6',31201,63500,,'',0,7000,,'',0,3000,,'',0,7000,,'',0,3000,,'',0,7000,,'',0,3000,,'',0,7000,,'',0,3000,,'',0,7000,,'',0,3000,,'',0,7000,,'',0,3000,,'',0,7000,,'',0,3000,,'',0,7000,,'',0,4100,,'',0,7000,,'',0,3000,,'',0,7000,,'',0,3000,,'',0,7000,,'',0,3000,,'',0
'10',40200,180100,4,'',0,10000,4,'',0,5800,4,'',0,10000,4,'',0,10000,4,'',0,10000,4,'',0
'12',40200,90100,4,'',0,10000,4,'',0,3000,4,'',0,7000,4,'',0,3000,4,'',0,7000,4,'',0,3000,4,'',0,7000,4,'',0,3000,4,'',0,7000,4,'',0,3000,4,'',0,7000,4,'',0,3000,4,'',0,7000,4,'',0,3000,4,'',0,7000,4,'',0,3000,4,'',0,7000,4,'',0,10000,4,'',0,5800,4,'',0
'14',40200,180100,4,'',0,10000,4,'',0,5800,4,'',0,10000,4,'',0,10000,4,'',0,10000,4,'',0
'15',40200,180100,4,'',0,10000,4,'',0,5800,4,'',0,10000,4,'',0,10000,4,'',0,10000,4,'',0
'16',40200,180100,4,'',0,10000,4,'',0,5800,4,'',0,10000,4,'',0,10000,4,'',0,10000,4,'',0
'17',40200,180100,4,'',0,10000,4,'',0,5800,4,'',0,10000,4,'',0,10000,4,'',0,10000,4,'',0
'19',40200,110100,4,'',0,10000,4,'',0,10000,4,'',0,10000,4,'',0,10000,4,'',0,10000,4,'',0,10000,4,'',0,10000,4,'',0
'2',40200,63100,4,'',0,7000,4,'',0,3000,4,'',0,7000,4,'',0,3000,4,'',0,7000,4,'',0,3000,4,'',0,7000,4,'',0,3000,4,'',0,7000,4,'',0,3000,4,'',0,7000,4,'',0,3000,4,'',0,7000,4,'',0,3000,4,'',0,7000,4,'',0,3000,4,'',0,7000,4,'',0,3000,4,'',0,7000,4,'',0,3000,4,'',0,7000,4,'',0,3000,4,'',0,7000,4,'',0,10000,4,'',0,5800,4,'',0,10000,4,'',0,10000,4,'',0,10000,4,'',0
'21',40200,63100,4,'',0,7000,4,'',0,3000,4,'',0,7000,4,'',0,3000,4,'',0,7000,4,'',0,3000,4,'',0,7000,4,'',0,3000,4,'',0,7000,4,'',0,3000,4,'',0,7000,4,'',0,3000,4,'',0,7000,4,'',0,3000,4,'',0,7000,4,'',0,3000,4,'',0,7000,4,'',0,3000,4,'',0,7000,4,'',0,3000,4,'',0,7000,4,'',0,3000,4,'',0,7000,4,'',0,10000,4,'',0,5800,4,'',0,10000,4,'',0,10000,4,'',0,10000,4,'',0
'6',40200,180100,4,'',0,10000,4,'',0,5800,4,'',0,10000,4,'',0,10000,4,'',0,10000,4,'',0
'10',41201,181000,0,'Vine-Haig-Downtown',0,10000,0,'Vine-Haig-Downtown',0,10000,0,'Vine-Haig-Downtown',0,10000,0,'Vine-Haig-Downtown',0,10000,0,'Vine-Haig-Downtown',0,10000,0,'Vine-Haig-Downtown',0
'12',41201,91000,0,'Vine-Haig-Downtown',0,10000,0,'Vine-Haig-Downtown',0,3000,0,'Vine-Haig-Downtown',0,7000,0,'Vine-Haig-Downtown',0,3000,0,'Vine-Haig-Downtown',0,7000,0,'Vine-Haig-Downtown',0,3000,0,'Vine-Haig-Downtown',0,7000,0,'Vine-Haig-Downtown',0,3000,0,'Vine-Haig-Downtown',0,7000,0,'Vine-Haig-Downtown',0,3000,0,'Vine-Haig-Downtown',0,7000,0,'Vine-Haig-Downtown',0,3000,0,'Vine-Haig-Downtown',0,7000,0,'Vine-Haig-Downtown',0,3000,0,'Vine-Haig-Downtown',0,7000,0,'Vine-Haig-Downtown',0,3000,0,'Vine-Haig-Downtown',0,7000,0,'Vine-Haig-Downtown',0,10000,0,'Vine-Haig-Downtown',0,10000,0,'Vine-Haig-Downtown',0
'14',41201,181000,0,'Vine-Haig-Downtown',0,10000,0,'Vine-Haig-Downtown',0,10000,0,'Vine-Haig-Downtown',0,10000,0,'Vine-Haig-Downtown',0,10000,0,'Vine-Haig-Downtown',0,10000,0,'Vine-Haig-Downtown',0
'15',41201,181000,0,'Vine-Haig-Downtown',0,10000,0,'Vine-Haig-Downtown',0,10000,0,'Vine-Haig-Downtown',0,10000,0,'Vine-Haig-Downtown',0,10000,0,'Vine-Haig-Downtown',0,10000,0,'Vine-Haig-Downtown',0
'16',41201,181000,0,'Vine-Haig-Downtown',0,10000,0,'Vine-Haig-Downtown',0,10000,0,'Vine-Haig-Downtown',0,10000,0,'Vine-Haig-Downtown',0,10000,0,'Vine-Haig-Downtown',0,10000,0,'Vine-Haig-Downtown',0
'17',41201,181000,0,'Vine-Haig-Downtown',0,10000,0,'Vine-Haig-Downtown',0,10000,0,'Vine-Haig-Downtown',0,10000,0,'Vine-Haig-Downtown',0,10000,0,'Vine-Haig-Downtown',0,10000,0,'Vine-Haig-Downtown',0
'19',41201,111000,0,'Vine-Haig-Downtown',0,10000,0,'Vine-Haig-Downtown',0,10000,0,'Vine-Haig-Downtown',0,10000,0,'Vine-Haig-Downtown',0,10000,0,'Vine-Haig-Downtown',0,10000,0,'Vine-Haig-Downtown',0,10000,0,'Vine-Haig-Downtown',0,10000,0,'Fairview Mall',0
'2',41201,61000,0,'Vine-Haig-Downtown',0,3000,0,'Vine-Haig-Downtown',0,7000,0,'Vine-Haig-Downtown',0,3000,0,'Vine-Haig-Downtown',0,7000,0,'Vine-Haig-Downtown',0,3000,0,'Vine-Haig-Downtown',0,7000,0,'Vine-Haig-Downtown',0,3000,0,'Vine-Haig-Downtown',0,7000,0,'Vine-Haig-Downtown',0,3000,0,'Vine-Haig-Downtown',0,7000,0,'Vine-Haig-Downtown',0,3000,0,'Vine-Haig-Downtown',0,7000,0,'Vine-Haig-Downtown',0,3000,0,'Vine-Haig-Downtown',0,7000,0,'Vine-Haig-Downtown',0,3000,0,'Vine-Haig-Downtown',0,7000,0,'Vine-Haig-Downtown',0,3000,0,'Vine-Haig-Downtown',0,7000,0,'Vine-Haig-Downtown',0,3000,0,'Vine-Haig-Downtown',0,7000,0,'Vine-Haig-Downtown',0,3000,0,'Vine-Haig-Downtown',0,7000,0,'Vine-Haig-Downtown',0,3000,0,'Vine-Haig-Downtown',0,7000,0,'Vine-Haig-Downtown',0,10000,0,'Vine-Haig-Downtown',0,10000,0,'Vine-Haig-Downtown',0,10000,0,'Vine-Haig-Downtown',0,10000,0,'Vine-Haig-Downtown',0,10000,0,'Vine-Haig-Downtown',0
'21',41201,61000,0,'Vine-Haig-Downtown',0,3000,0,'Vine-Haig-Downtown',0,7000,0,'Vine-Haig-Downtown',0,3000,0,'Vine-Haig-Downtown',0,7000,0,'Vine-Haig-Downtown',0,3000,0,'Vine-Haig-Downtown',0,7000,0,'Vine-Haig-Downtown',0,3000,0,'Vine-Haig-Downtown',0,7000,0,'Vine-Haig-Downtown',0,3000,0,'Vine-Haig-Downtown',0,7000,0,'Vine-Haig-Downtown',0,3000,0,'Vine-Haig-Downtown',0,7000,0,'Vine-Haig-Downtown',0,3000,0,'Vine-Haig-Downtown',0,7000,0,'Vine-Haig-Downtown',0,3000,0,'Vine-Haig-Downtown',0,7000,0,'Vine-Haig-Downtown',0,3000,0,'Vine-Haig-Downtown',0,7000,0,'Vine-Haig-Downtown',0,3000,0,'Vine-Haig-Downtown',0,7000,0,'Vine-Haig-Downtown',0,3000,0,'Vine-Haig-Downtown',0,7000,0,'Vine-Haig-Downtown',0,3000,0,'Vine-Haig-Downtown',0,7000,0,'Vine-Haig-Downtown',0,10000,0,'Vine-Haig-Downtown',0,10000,0,'Vine-Haig-Downtown',0,10000,0,'Vine-Haig-Downtown',0,10000,0,'Vine-Haig-Downtown',0,10000,0,'Vine-Haig-Downtown',0
'6',41201,181000,0,'Vine-Haig-Downtown',0,10000,0,'Vine-Haig-Downtown',0,10000,0,'Vine-Haig-Downtown',0,10000,0,'Vine-Haig-Downtown',0,10000,0,'Vine-Haig-Downtown',0,10000,0,'Vine-Haig-Downtown',0
