'1',33701,62850,0,'Museum''',0,3000,0,'Museum''',0,7000,0,'Museum''',0,3000,0,'Museum''',0,7000,0,'Museum''',0,3000,0,'Museum''',0,7000,0,'Museum''',0,3000,0,'Museum''',0,7000,0,'Museum''',0,3000,0,'Museum''',0,7000,0,'Museum''',0,3000,0,'Museum''',0,7000,0,'Museum''',0,3000,0,'Museum''',0,7000,0,'Museum''',0,3000,0,'Museum''',0,7000,0,'Museum''',0,3000,0,'Museum''',0,7000,0,'Museum''',0,3000,0,'Museum''',0,7000,0,'Museum''',0,3000,0,'Museum''',0,7000,0,'Museum''',0,3000,0,'Museum''',0,7000,0,'Museum''',0
'11',33701,62850,0,'Museum''',0,3000,0,'Museum''',0,7000,0,'Museum''',0,3000,0,'Museum''',0,7000,0,'Museum''',0,3000,0,'Museum''',0,7000,0,'Museum''',0,3000,0,'Museum''',0,7000,0,'Museum''',0,3000,0,'Museum''',0,7000,0,'Museum''',0,3000,0,'Museum''',0,7000,0,'Museum''',0,3000,0,'Museum''',0,7000,0,'Museum''',0,3000,0,'Museum''',0,7000,0,'Museum''',0,3000,0,'Museum''',0,7000,0,'Museum''',0,3000,0,'Museum''',0,7000,0,'Museum''',0,3000,0,'Museum''',0,7000,0,'Museum''',0,3000,0,'Museum''',0,7000,0,'Museum''',0
'13',33701,104850,0,'Museum''',0,7000,0,'Museum''',0,3000,0,'Museum''',0,7000,0,'Museum''',0,3000,0,'Museum''',0,7000,0,'Museum''',0,3000,0,'Museum''',0,7000,0,'Museum''',0,3000,0,'Museum''',0,7000,0,'Museum''',0,3000,0,'Museum''',0,7000,0,'Museum''',0,3000,0,'Museum''',0,7000,0,'Museum''',0,3000,0,'Museum''',0
'14',33701,111850,0,'Museum''',0,3000,0,'Museum''',0,7000,0,'Museum''',0,3000,0,'Museum''',0,7000,0,'Museum''',0,3000,0,'Museum''',0,7000,0,'Museum''',0,3000,0,'Museum''',0,7000,0,'Museum''',0,3000,0,'Museum''',0,7000,0,'Museum''',0,3000,0,'Museum''',0,7000,0,'Museum''',0,3000,0,'Museum''',0,7000,0,'Museum''',0
'16',33701,62850,0,'Museum''',0,3000,0,'Museum''',0,7000,0,'Museum''',0,3000,0,'Museum''',0,7000,0,'Museum''',0,3000,0,'Museum''',0,7000,0,'Museum''',0,3000,0,'Museum''',0,7000,0,'Museum''',0,3000,0,'Museum''',0,7000,0,'Museum''',0,3000,0,'Museum''',0,7000,0,'Museum''',0,3000,0,'Museum''',0,7000,0,'Museum''',0,3000,0,'Museum''',0,7000,0,'Museum''',0,3000,0,'Museum''',0,7000,0,'Museum''',0,3000,0,'Museum''',0,7000,0,'Museum''',0,3000,0,'Museum''',0,7000,0,'Museum''',0,3000,0,'Museum''',0,7000,0,'Museum''',0
'17',33701,62850,0,'Museum''',0,3000,0,'Museum''',0,7000,0,'Museum''',0,3000,0,'Museum''',0,7000,0,'Museum''',0,3000,0,'Museum''',0,7000,0,'Museum''',0,3000,0,'Museum''',0,7000,0,'Museum''',0,3000,0,'Museum''',0,7000,0,'Museum''',0,3000,0,'Museum''',0,7000,0,'Museum''',0,3000,0,'Museum''',0,7000,0,'Museum''',0,3000,0,'Museum''',0,7000,0,'Museum''',0,3000,0,'Museum''',0,7000,0,'Museum''',0,3000,0,'Museum''',0,7000,0,'Museum''',0,3000,0,'Museum''',0,7000,0,'Museum''',0,3000,0,'Museum''',0,7000,0,'Museum''',0
'18',33701,62850,0,'Museum''',0,3000,0,'Museum''',0,7000,0,'Museum''',0,3000,0,'Museum''',0,7000,0,'Museum''',0,3000,0,'Museum''',0,7000,0,'Museum''',0,3000,0,'Museum''',0,7000,0,'Museum''',0,3000,0,'Museum''',0,7000,0,'Museum''',0,3000,0,'Museum''',0,7000,0,'Museum''',0,3000,0,'Museum''',0,7000,0,'Museum''',0,3000,0,'Museum''',0,7000,0,'Museum''',0,3000,0,'Museum''',0,7000,0,'Museum''',0,3000,0,'Museum''',0,7000,0,'Museum''',0,3000,0,'Museum''',0,7000,0,'Museum''',0,3000,0,'Museum''',0,7000,0,'Museum''',0
'19',33701,62850,0,'Museum''',0,3000,0,'Museum''',0,7000,0,'Museum''',0,3000,0,'Museum''',0,7000,0,'Museum''',0,3000,0,'Museum''',0,7000,0,'Museum''',0,3000,0,'Museum''',0,7000,0,'Museum''',0,3000,0,'Museum''',0,7000,0,'Museum''',0,3000,0,'Museum''',0,7000,0,'Museum''',0,3000,0,'Museum''',0,7000,0,'Museum''',0,3000,0,'Museum''',0,7000,0,'Museum''',0,3000,0,'Museum''',0,7000,0,'Museum''',0,3000,0,'Museum''',0,7000,0,'Museum''',0,3000,0,'Museum''',0,7000,0,'Museum''',0,3000,0,'Museum''',0,7000,0,'Museum''',0
'21',33701,111850,0,'Museum''',0,3000,0,'Museum''',0,7000,0,'Museum''',0,3000,0,'Museum''',0,7000,0,'Museum''',0,3000,0,'Museum''',0,7000,0,'Museum''',0,3000,0,'Museum''',0,7000,0,'Museum''',0,3000,0,'Museum''',0,7000,0,'Museum''',0,3000,0,'Museum''',0,7000,0,'Museum''',0,3000,0,'Museum''',0,7000,0,'Museum''',0
'23',33701,64850,0,'Museum''',0,7000,0,'Museum''',0,3000,0,'Museum''',0,7000,0,'Museum''',0,3000,0,'Museum''',0,7000,0,'Museum''',0,3000,0,'Museum''',0,7000,0,'Museum''',0,3000,0,'Museum''',0,7000,0,'Museum''',0,3000,0,'Museum''',0,7000,0,'Museum''',0,3000,0,'Museum''',0,7000,0,'Museum''',0,3000,0,'Museum''',0,7000,0,'Museum''',0,3000,0,'Museum''',0,7000,0,'Museum''',0,3000,0,'Museum''',0,7000,0,'Museum''',0,3000,0,'Museum''',0,7000,0,'Museum''',0,3000,0,'Museum''',0,7000,0,'Museum''',0,3000,0,'Museum''',0
'5',33701,62850,0,'Museum''',0,3000,0,'Museum''',0,7000,0,'Museum''',0,3000,0,'Museum''',0,7000,0,'Museum''',0,3000,0,'Museum''',0,7000,0,'Museum''',0,3000,0,'Museum''',0,7000,0,'Museum''',0,3000,0,'Museum''',0,7000,0,'Museum''',0,3000,0,'Museum''',0,7000,0,'Museum''',0,3000,0,'Museum''',0,7000,0,'Museum''',0,3000,0,'Museum''',0,7000,0,'Museum''',0,3000,0,'Museum''',0,7000,0,'Museum''',0,3000,0,'Museum''',0,7000,0,'Museum''',0,3000,0,'Museum''',0,7000,0,'Museum''',0,3000,0,'Museum''',0,7000,0,'Museum''',0
'6',33701,64850,0,'Museum''',0,7000,0,'Museum''',0,3000,0,'Museum''',0,7000,0,'Museum''',0,3000,0,'Museum''',0,7000,0,'Museum''',0,3000,0,'Museum''',0,7000,0,'Museum''',0,3000,0,'Museum''',0,7000,0,'Museum''',0,3000,0,'Museum''',0,7000,0,'Museum''',0,3000,0,'Museum''',0,7000,0,'Museum''',0,3000,0,'Museum''',0,7000,0,'Museum''',0,3000,0,'Museum''',0,7000,0,'Museum''',0,3000,0,'Museum''',0,7000,0,'Museum''',0,3000,0,'Museum''',0,7000,0,'Museum''',0,3000,0,'Museum''',0,7000,0,'Museum''',0,3000,0,'Museum''',0
'1',43700,192640,0,'Hosp''',0,10000,0,'Hosp''',0,10000,0,'Hosp''',0,10000,0,'Hosp''',0,10000,0,'Hosp''',0
'11',43700,192640,0,'Hosp''',0,10000,0,'Hosp''',0,10000,0,'Hosp''',0,10000,0,'Hosp''',0,10000,0,'Hosp''',0
'16',43700,192640,0,'Hosp''',0,10000,0,'Hosp''',0,10000,0,'Hosp''',0,10000,0,'Hosp''',0,10000,0,'Hosp''',0
'17',43700,192640,0,'Hosp''',0,10000,0,'Hosp''',0,10000,0,'Hosp''',0,10000,0,'Hosp''',0,10000,0,'Hosp''',0
'18',43700,192640,0,'Hosp''',0,10000,0,'Hosp''',0,10000,0,'Hosp''',0,10000,0,'Hosp''',0,10000,0,'Hosp''',0
'19',43700,192640,0,'Hosp''',0,10000,0,'Hosp''',0,10000,0,'Hosp''',0,10000,0,'Hosp''',0,10000,0,'Hosp''',0
'23',43700,192640,0,'Hosp''',0,10000,0,'Hosp''',0,10000,0,'Hosp''',0,10000,0,'Hosp''',0,10000,0,'Hosp''',0
'5',43700,192640,0,'Hosp''',0,10000,0,'Hosp''',0,10000,0,'Hosp''',0,10000,0,'Hosp''',0,10000,0,'Hosp''',0
'6',43700,192640,0,'Hosp''',0,10000,0,'Hosp''',0,10000,0,'Hosp''',0,10000,0,'Hosp''',0,10000,0,'Hosp''',0
