32200,100035,1,0
32200,2201,2,0
32200,2202,3,0
32200,2203,4,0
32200,1410101,5,0
32200,2204,6,0
32200,2205,7,0
32200,2206,8,0
32200,2207,9,0
32200,2208,10,0
32200,2209,11,0
32200,101205,12,1
32201,101205,1,0
32201,2221,2,0
32201,2222,3,0
32201,100005,4,0
32201,1303,5,0
32201,100035,6,1
32300,100006,1,0
32300,231,2,0
32300,1206,3,0
32300,838,4,0
32300,1075,5,0
32300,839,6,0
32300,795,7,0
32300,796,8,0
32300,168,9,0
32300,767,10,1
32301,767,1,0
32301,1202,2,0
32301,768,3,0
32301,772,4,0
32301,774,5,0
32301,775,6,0
32301,777,7,0
32301,778,8,0
32301,779,9,0
32301,1203,10,0
32301,780,11,0
32301,164,12,0
32301,165,13,0
32301,166,14,0
32301,167,15,0
32301,781,16,0
32301,782,17,0
32301,783,18,0
32301,784,19,0
32301,831,20,0
32301,832,21,0
32301,833,22,0
32301,834,23,0
32301,1285,24,0
32301,1067,25,0
32301,100006,26,1
32400,100006,1,0
32400,231,2,0
32400,1206,3,0
32400,1340,4,0
32400,1071,5,0
32400,1030,6,0
32400,1072,7,0
32400,1073,8,0
32400,1204,9,0
32400,1036,10,0
32400,1037,11,0
32400,1038,12,0
32400,1039,13,1
32401,1039,1,0
32401,1396,2,0
32401,1397,3,0
32401,1398,4,0
32401,1353,5,0
32401,1294,6,0
32401,1205,7,0
32401,228,8,0
32401,1067,9,0
32401,100006,10,1
33100,100006,1,0
33100,231,2,0
33100,1206,3,0
33100,1286,4,0
33100,999,5,0
33100,1207,6,0
33100,1400,7,0
33100,1349,8,0
33100,1299,9,0
33100,1300,10,0
33100,1301,11,0
33100,1072,12,1
33101,1072,1,0
33101,1073,2,0
33101,1204,3,0
33101,1012,4,0
33101,1296,5,0
33101,1045,6,0
33101,1353,7,0
33101,1294,8,0
33101,1205,9,0
33101,228,10,0
33101,1067,11,0
33101,100006,12,1
33200,100035,1,0
33200,1307,2,0
33200,1101,3,0
33200,1102,4,0
33200,1103,5,0
33200,1104,6,0
33200,1233,7,0
33200,996,8,0
33200,997,9,0
33200,225,10,0
33200,226,11,0
33200,227,12,0
33200,228,13,0
33200,1067,14,0
33200,100006,15,1
33201,100006,1,0
33201,231,2,0
33201,1206,3,0
33201,1340,4,0
33201,234,5,0
33201,235,6,0
33201,236,7,0
33201,968,8,0
33201,969,9,0
33201,971,10,0
33201,972,11,0
33201,973,12,0
33201,974,13,0
33201,975,14,0
33201,1302,15,0
33201,1303,16,0
33201,100035,17,1
33600,100002,1,0
33600,1309,2,0
33600,791,3,0
33600,792,4,0
33600,793,5,0
33600,831,6,0
33600,832,7,0
33600,833,8,0
33600,834,9,0
33600,1285,10,0
33600,1067,11,0
33600,100006,12,1
33601,100006,1,0
33601,231,2,0
33601,1206,3,0
33601,838,4,0
33601,1075,5,0
33601,839,6,0
33601,842,7,0
33601,785,8,0
33601,786,9,0
33601,787,10,0
33601,789,11,0
33601,100002,12,1
33700,1242,1,0
33700,1358,2,0
33700,1360,3,0
33700,1359,4,0
33700,1362,5,0
33700,1391,6,0
33700,1352,7,0
33700,1244,8,0
33700,1245,9,0
33700,80,10,0
33700,81,11,0
33700,82,12,0
33700,1310,13,0
33700,84,14,0
33700,85,15,0
33700,86,16,0
33700,100000,17,0
33700,261,18,0
33700,263,19,0
33700,459,20,0
33700,460,21,0
33700,461,22,0
33700,462,23,0
33700,463,24,0
33700,465,25,0
33700,466,26,0
33700,467,27,0
33700,468,28,0
33700,1364,29,0
33700,1365,30,0
33700,1366,31,0
33700,1368,32,0
33700,1369,33,0
33700,1370,34,0
33700,1371,35,0
33700,1372,36,0
33700,1373,37,0
33700,1374,38,0
33700,1401,39,0
33700,1375,40,0
33700,1376,41,0
33700,1377,42,0
33700,1378,43,0
33700,1379,44,0
33700,1380,45,1
33701,1380,1,0
33701,1381,2,0
33701,1382,3,0
33701,1383,4,0
33701,1384,5,0
33701,1385,6,0
33701,1402,7,0
33701,1386,8,0
33701,1387,9,0
33701,1388,10,0
33701,1389,11,0
33701,731,12,0
33701,733,13,0
33701,732,14,0
33701,1253,15,0
33701,734,16,0
33701,735,17,0
33701,1254,18,0
33701,525,19,0
33701,526,20,0
33701,527,21,0
33701,528,22,0
33701,529,23,0
33701,530,24,0
33701,531,25,0
33701,532,26,0
33701,533,27,0
33701,534,28,0
33701,536,29,0
33701,342,30,0
33701,343,31,0
33701,86,32,0
33701,100000,33,0
33701,1,34,0
33701,2,35,0
33701,3,36,0
33701,4,37,0
33701,5,38,0
33701,6,39,0
33701,1239,40,0
33701,1240,41,0
33701,1394,42,0
33701,1358,43,0
33701,1360,44,0
33701,1359,45,0
33701,1362,46,0
33701,1391,47,0
33701,1305,48,0
33701,1242,49,1
40100,100000,1,0
40100,1,2,0
40100,2,3,0
40100,3,4,0
40100,4,5,0
40100,5,6,0
40100,6,7,0
40100,1239,8,0
40100,1240,9,0
40100,1241,10,0
40100,1305,11,0
40100,1242,12,0
40100,1243,13,0
40100,1352,14,0
40100,1244,15,0
40100,1245,16,0
40100,1246,17,0
40100,7,18,0
40100,8,19,0
40100,9,20,0
40100,10,21,0
40100,11,22,0
40100,12,23,0
40100,13,24,0
40100,14,25,0
40100,15,26,0
40100,16,27,0
40100,17,28,0
40100,18,29,0
40100,19,30,0
40100,20,31,0
40100,21,32,0
40100,22,33,0
40100,23,34,0
40100,24,35,0
40100,26,36,0
40100,28,37,0
40100,29,38,0
40100,30,39,0
40100,31,40,0
40100,32,41,0
40100,33,42,0
40100,34,43,0
40100,35,44,0
40100,36,45,0
40100,37,46,0
40100,38,47,0
40100,39,48,0
40100,40,49,0
40100,41,50,0
40100,42,51,0
40100,43,52,1
40101,132,1,0
40101,44,2,0
40101,45,3,0
40101,46,4,0
40101,47,5,0
40101,48,6,0
40101,49,7,0
40101,50,8,0
40101,51,9,0
40101,52,10,0
40101,53,11,0
40101,54,12,0
40101,55,13,0
40101,56,14,0
40101,58,15,0
40101,59,16,0
40101,60,17,0
40101,61,18,0
40101,62,19,0
40101,63,20,0
40101,1247,21,0
40101,64,22,0
40101,66,23,0
40101,67,24,0
40101,68,25,0
40101,69,26,0
40101,70,27,0
40101,71,28,0
40101,72,29,0
40101,73,30,0
40101,74,31,0
40101,75,32,0
40101,76,33,0
40101,77,34,0
40101,78,35,0
40101,79,36,0
40101,1314,37,0
40101,1239,38,0
40101,1240,39,0
40101,1241,40,0
40101,1305,41,0
40101,1242,42,0
40101,1243,43,0
40101,1352,44,0
40101,1244,45,0
40101,1245,46,0
40101,80,47,0
40101,81,48,0
40101,82,49,0
40101,1310,50,0
40101,84,51,0
40101,85,52,0
40101,86,53,0
40101,100000,54,1
40200,100000,1,0
40200,88,2,0
40200,89,3,0
40200,90,4,0
40200,91,5,0
40200,92,6,0
40200,93,7,0
40200,94,8,0
40200,95,9,0
40200,96,10,0
40200,97,11,0
40200,98,12,0
40200,99,13,0
40200,100,14,0
40200,101,15,0
40200,102,16,0
40200,103,17,0
40200,104,18,0
40200,105,19,0
40200,106,20,0
40200,107,21,0
40200,108,22,0
40200,109,23,0
40200,110,24,0
40200,111,25,0
40200,43,26,0
40200,113,27,0
40200,114,28,0
40200,115,29,0
40200,116,30,0
40200,117,31,0
40200,118,32,0
40200,119,33,0
40200,120,34,0
40200,121,35,0
40200,1348,36,0
40200,681,37,1
40201,678,1,0
40201,1231,2,0
40201,123,3,0
40201,124,4,0
40201,125,5,0
40201,126,6,0
40201,127,7,0
40201,128,8,0
40201,129,9,0
40201,130,10,0
40201,131,11,0
40201,132,12,0
40201,133,13,0
40201,134,14,0
40201,135,15,0
40201,136,16,0
40201,137,17,0
40201,138,18,0
40201,139,19,0
40201,140,20,0
40201,141,21,0
40201,142,22,0
40201,143,23,0
40201,144,24,0
40201,145,25,0
40201,147,26,0
40201,148,27,0
40201,149,28,0
40201,150,29,0
40201,151,30,0
40201,152,31,0
40201,153,32,0
40201,154,33,0
40201,155,34,0
40201,156,35,0
40201,86,36,0
40201,100000,37,1
40400,100000,1,0
40400,259,2,0
40400,1188,3,0
40400,607,4,0
40400,608,5,0
40400,1189,6,0
40400,201,7,0
40400,202,8,0
40400,203,9,0
40400,1219,10,0
40400,204,11,0
40400,205,12,0
40400,206,13,0
40400,207,14,0
40400,208,15,0
40400,209,16,0
40400,210,17,0
40400,211,18,0
40400,1218,19,0
40400,213,20,0
40400,214,21,0
40400,215,22,0
40400,216,23,0
40400,217,24,0
40400,218,25,0
40400,219,26,0
40400,100002,27,1
40401,100002,1,0
40401,222,2,0
40401,239,3,0
40401,241,4,0
40401,242,5,0
40401,244,6,0
40401,245,7,0
40401,246,8,0
40401,248,9,0
40401,249,10,0
40401,250,11,0
40401,251,12,0
40401,252,13,0
40401,253,14,0
40401,1226,15,0
40401,1220,16,0
40401,255,17,0
40401,256,18,0
40401,257,19,0
40401,258,20,0
40401,1403,21,0
40401,100000,22,1
40600,100000,1,0
40600,1,2,0
40600,2,3,0
40600,3,4,0
40600,344,5,0
40600,345,6,0
40600,346,7,0
40600,347,8,0
40600,349,9,0
40600,269,10,0
40600,350,11,0
40600,351,12,0
40600,287,13,0
40600,352,14,0
40600,353,15,0
40600,354,16,0
40600,355,17,0
40600,356,18,0
40600,357,19,0
40600,358,20,0
40600,359,21,0
40600,361,22,0
40600,130,23,0
40600,131,24,0
40600,132,25,1
40601,43,1,0
40601,113,2,0
40601,114,3,0
40601,561,4,0
40601,362,5,0
40601,363,6,0
40601,364,7,0
40601,365,8,0
40601,366,9,0
40601,367,10,0
40601,368,11,0
40601,320,12,0
40601,321,13,0
40601,369,14,0
40601,370,15,0
40601,371,16,0
40601,1252,17,0
40601,372,18,0
40601,373,19,0
40601,374,20,0
40601,375,21,0
40601,376,22,0
40601,84,23,0
40601,85,24,0
40601,86,25,0
40601,100000,26,1
40800,100000,1,0
40800,261,2,0
40800,263,3,0
40800,459,4,0
40800,460,5,0
40800,461,6,0
40800,462,7,0
40800,463,8,0
40800,465,9,0
40800,466,10,0
40800,467,11,0
40800,468,12,0
40800,469,13,0
40800,470,14,0
40800,471,15,0
40800,472,16,0
40800,473,17,0
40800,475,18,0
40800,476,19,0
40800,478,20,0
40800,479,21,0
40800,480,22,0
40800,481,23,0
40800,482,24,0
40800,1238,25,0
40800,484,26,0
40800,485,27,0
40800,486,28,0
40800,487,29,0
40800,488,30,0
40800,489,31,0
40800,490,32,0
40800,491,33,0
40800,492,34,0
40800,493,35,0
40800,410,36,0
40800,411,37,0
40800,413,38,0
40800,414,39,0
40800,415,40,0
40800,416,41,0
40800,417,42,0
40800,418,43,0
40800,419,44,0
40800,420,45,0
40800,421,46,0
40800,422,47,0
40800,423,48,0
40800,424,49,0
40800,425,50,0
40800,426,51,1
40801,426,1,0
40801,503,2,0
40801,504,3,0
40801,1280,4,0
40801,505,5,0
40801,506,6,0
40801,507,7,0
40801,508,8,0
40801,509,9,0
40801,510,10,0
40801,511,11,0
40801,512,12,0
40801,513,13,0
40801,1236,14,0
40801,514,15,0
40801,515,16,0
40801,516,17,0
40801,517,18,0
40801,518,19,0
40801,519,20,0
40801,520,21,0
40801,521,22,0
40801,522,23,0
40801,523,24,0
40801,524,25,0
40801,525,26,0
40801,526,27,0
40801,527,28,0
40801,528,29,0
40801,529,30,0
40801,530,31,0
40801,531,32,0
40801,532,33,0
40801,533,34,0
40801,534,35,0
40801,536,36,0
40801,342,37,0
40801,343,38,0
40801,86,39,0
40801,100000,40,1
40900,100000,1,0
40900,538,2,0
40900,539,3,0
40900,540,4,0
40900,541,5,0
40900,542,6,0
40900,543,7,0
40900,544,8,0
40900,100008,9,0
40900,545,10,0
40900,546,11,0
40900,547,12,0
40900,548,13,0
40900,549,14,0
40900,550,15,0
40900,551,16,0
40900,552,17,0
40900,553,18,0
40900,554,19,0
40900,555,20,0
40900,556,21,0
40900,1281,22,0
40900,558,23,0
40900,119,24,0
40900,120,25,0
40900,121,26,0
40900,1348,27,0
40900,499,28,0
40900,500,29,0
40900,502,30,0
40900,425,31,0
40900,426,32,1
40901,410,1,0
40901,411,2,0
40901,495,3,0
40901,496,4,0
40901,497,5,0
40901,1231,6,0
40901,123,7,0
40901,124,8,0
40901,125,9,0
40901,562,10,0
40901,563,11,0
40901,564,12,0
40901,565,13,0
40901,566,14,0
40901,567,15,0
40901,568,16,0
40901,569,17,0
40901,570,18,0
40901,571,19,0
40901,572,20,0
40901,573,21,0
40901,1308,22,0
40901,1237,23,0
40901,100008,24,0
40901,545,25,0
40901,1063,26,0
40901,574,27,0
40901,576,28,0
40901,577,29,0
40901,578,30,0
40901,579,31,0
40901,1344,32,0
40901,580,33,0
40901,581,34,0
40901,582,35,0
40901,86,36,0
40901,100000,37,1
41000,100000,1,0
41000,88,2,0
41000,89,3,0
41000,1208,4,0
41000,584,5,0
41000,585,6,0
41000,586,7,0
41000,587,8,0
41000,588,9,0
41000,589,10,0
41000,590,11,0
41000,1062,12,0
41000,591,13,0
41000,592,14,0
41000,593,15,0
41000,740,16,0
41000,594,17,0
41000,100002,18,1
41001,100002,1,0
41001,595,2,0
41001,596,3,0
41001,597,4,0
41001,598,5,0
41001,599,6,0
41001,600,7,0
41001,601,8,0
41001,602,9,0
41001,603,10,0
41001,604,11,0
41001,605,12,0
41001,606,13,0
41001,195,14,0
41001,196,15,0
41001,100000,16,1
41200,100000,1,0
41200,261,2,0
41200,263,3,0
41200,1213,4,0
41200,264,5,0
41200,265,6,0
41200,266,7,0
41200,267,8,0
41200,268,9,0
41200,1214,10,0
41200,269,11,0
41200,270,12,0
41200,271,13,0
41200,272,14,0
41200,273,15,0
41200,274,16,0
41200,275,17,0
41200,276,18,0
41200,277,19,0
41200,278,20,0
41200,279,21,0
41200,280,22,0
41200,281,23,0
41200,282,24,0
41200,283,25,0
41200,284,26,0
41200,100008,27,0
41200,545,28,0
41200,1230,29,0
41200,1061,30,0
41200,1064,31,0
41200,663,32,0
41200,664,33,0
41200,665,34,0
41200,666,35,0
41200,667,36,0
41200,668,37,0
41200,669,38,0
41200,670,39,0
41200,671,40,0
41200,672,41,0
41200,673,42,0
41200,674,43,0
41200,675,44,0
41200,676,45,0
41200,678,46,1
41201,681,1,0
41201,683,2,0
41201,684,3,0
41201,685,4,0
41201,686,5,0
41201,687,6,0
41201,689,7,0
41201,690,8,0
41201,691,9,0
41201,692,10,0
41201,693,11,0
41201,694,12,0
41201,695,13,0
41201,696,14,0
41201,697,15,0
41201,698,16,0
41201,699,17,0
41201,100008,18,0
41201,286,19,0
41201,320,20,0
41201,321,21,0
41201,322,22,0
41201,323,23,0
41201,324,24,0
41201,325,25,0
41201,326,26,0
41201,327,27,0
41201,328,28,0
41201,329,29,0
41201,330,30,0
41201,331,31,0
41201,332,32,0
41201,333,33,0
41201,334,34,0
41201,371,35,0
41201,336,36,0
41201,337,37,0
41201,338,38,0
41201,339,39,0
41201,340,40,0
41201,341,41,0
41201,342,42,0
41201,343,43,0
41201,86,44,0
41201,100000,45,1
41400,100008,1,0
41400,286,2,0
41400,287,3,0
41400,700,4,0
41400,701,5,0
41400,702,6,0
41400,703,7,0
41400,704,8,0
41400,705,9,0
41400,706,10,0
41400,707,11,0
41400,708,12,0
41400,709,13,0
41400,710,14,0
41400,711,15,0
41400,712,16,0
41400,713,17,0
41400,714,18,0
41400,715,19,0
41400,716,20,0
41400,717,21,0
41400,718,22,0
41400,719,23,0
41400,720,24,0
41400,721,25,0
41400,722,26,0
41400,723,27,0
41400,724,28,1
41401,724,1,0
41401,725,2,0
41401,726,3,0
41401,727,4,0
41401,728,5,0
41401,729,6,0
41401,730,7,0
41401,731,8,0
41401,733,9,0
41401,732,10,0
41401,1253,11,0
41401,861,12,0
41401,862,13,0
41401,863,14,0
41401,864,15,0
41401,865,16,0
41401,1392,17,0
41401,1393,18,0
41401,743,19,0
41401,744,20,0
41401,394,21,0
41401,746,22,0
41401,696,23,0
41401,697,24,0
41401,698,25,0
41401,699,26,0
41401,100008,27,1
41500,100000,1,0
41500,88,2,0
41500,89,3,0
41500,1208,4,0
41500,158,5,0
41500,159,6,0
41500,160,7,0
41500,747,8,0
41500,748,9,0
41500,749,10,0
41500,750,11,0
41500,751,12,0
41500,178,13,0
41500,179,14,0
41500,1283,15,0
41500,180,16,0
41500,100022,17,0
41500,1357,18,0
41500,1215,19,0
41500,182,20,0
41500,183,21,0
41500,184,22,0
41500,752,23,0
41500,753,24,0
41500,754,25,0
41500,755,26,0
41500,756,27,0
41500,757,28,0
41500,758,29,0
41500,759,30,0
41500,770,31,0
41500,771,32,0
41500,772,33,0
41500,774,34,0
41500,775,35,0
41500,777,36,0
41500,778,37,0
41500,779,38,0
41500,1203,39,0
41500,780,40,0
41500,164,41,0
41500,165,42,0
41500,166,43,0
41500,167,44,0
41500,781,45,0
41500,782,46,0
41500,783,47,0
41500,784,48,0
41500,785,49,0
41500,786,50,0
41500,787,51,0
41500,789,52,0
41500,100002,53,1
41501,100002,1,0
41501,1309,2,0
41501,791,3,0
41501,792,4,0
41501,793,5,0
41501,794,6,0
41501,795,7,0
41501,796,8,0
41501,797,9,0
41501,798,10,0
41501,799,11,0
41501,800,12,0
41501,801,13,0
41501,1284,14,0
41501,803,15,0
41501,805,16,0
41501,806,17,0
41501,807,18,0
41501,808,19,0
41501,809,20,0
41501,810,21,0
41501,820,22,0
41501,821,23,0
41501,822,24,0
41501,1222,25,0
41501,823,26,0
41501,824,27,0
41501,1227,28,0
41501,826,29,0
41501,827,30,0
41501,178,31,0
41501,179,32,0
41501,1283,33,0
41501,180,34,0
41501,100022,35,0
41501,1357,36,0
41501,1215,37,0
41501,182,38,0
41501,183,39,0
41501,184,40,0
41501,828,41,0
41501,1221,42,0
41501,190,43,0
41501,191,44,0
41501,192,45,0
41501,1342,46,0
41501,1338,47,0
41501,100000,48,1
41600,100000,1,0
41600,88,2,0
41600,89,3,0
41600,1208,4,0
41600,584,5,0
41600,585,6,0
41600,586,7,0
41600,587,8,0
41600,588,9,0
41600,589,10,0
41600,590,11,0
41600,1062,12,0
41600,591,13,0
41600,829,14,0
41600,830,15,0
41600,831,16,0
41600,832,17,0
41600,833,18,0
41600,834,19,0
41600,1285,20,0
41600,1067,21,0
41600,100006,22,1
41601,100006,1,0
41601,231,2,0
41601,1206,3,0
41601,838,4,0
41601,1075,5,0
41601,839,6,0
41601,840,7,0
41601,841,8,0
41601,842,9,0
41601,844,10,0
41601,845,11,0
41601,599,12,0
41601,600,13,0
41601,601,14,0
41601,602,15,0
41601,603,16,0
41601,604,17,0
41601,605,18,0
41601,606,19,0
41601,195,20,0
41601,196,21,0
41601,100000,22,1
41700,100000,1,0
41700,846,2,0
41700,847,3,0
41700,848,4,0
41700,849,5,0
41700,850,6,0
41700,851,7,0
41700,613,8,0
41700,1191,9,0
41700,1192,10,0
41700,1194,11,0
41700,616,12,0
41700,852,13,0
41700,853,14,0
41700,854,15,0
41700,855,16,0
41700,856,17,0
41700,857,18,0
41700,858,19,0
41700,860,20,0
41700,861,21,0
41700,862,22,0
41700,863,23,0
41700,864,24,0
41700,865,25,0
41700,866,26,0
41700,867,27,0
41700,868,28,0
41700,869,29,0
41700,870,30,0
41700,871,31,0
41700,872,32,0
41700,508,33,0
41700,509,34,0
41700,510,35,0
41700,403,36,0
41700,404,37,0
41700,1229,38,0
41700,407,39,0
41700,408,40,0
41700,409,41,0
41700,410,42,1
41701,426,1,0
41701,427,2,0
41701,428,3,0
41701,429,4,0
41701,430,5,0
41701,431,6,0
41701,432,7,0
41701,484,8,0
41701,485,9,0
41701,486,10,0
41701,487,11,0
41701,488,12,0
41701,890,13,0
41701,891,14,0
41701,892,15,0
41701,893,16,0
41701,894,17,0
41701,895,18,0
41701,896,19,0
41701,897,20,0
41701,898,21,0
41701,899,22,0
41701,900,23,0
41701,901,24,0
41701,902,25,0
41701,903,26,0
41701,904,27,0
41701,906,28,0
41701,907,29,0
41701,908,30,0
41701,651,31,0
41701,652,32,0
41701,653,33,0
41701,654,34,0
41701,909,35,0
41701,910,36,0
41701,1287,37,0
41701,912,38,0
41701,913,39,0
41701,914,40,0
41701,100000,41,1
41800,100000,1,0
41800,259,2,0
41800,1188,3,0
41800,607,4,0
41800,608,5,0
41800,1189,6,0
41800,610,7,0
41800,1190,8,0
41800,612,9,0
41800,916,10,0
41800,917,11,0
41800,918,12,0
41800,920,13,0
41800,921,14,0
41800,922,15,0
41800,923,16,0
41800,904,17,0
41800,906,18,0
41800,907,19,0
41800,925,20,0
41800,926,21,0
41800,927,22,0
41800,928,23,0
41800,929,24,0
41800,931,25,0
41800,932,26,0
41800,933,27,0
41800,934,28,0
41800,935,29,0
41800,936,30,0
41800,937,31,0
41800,642,32,0
41800,1198,33,0
41800,643,34,0
41800,644,35,0
41800,645,36,0
41800,1197,37,0
41800,1256,38,0
41800,213,39,0
41800,214,40,0
41800,215,41,0
41800,216,42,0
41800,217,43,0
41800,218,44,0
41800,219,45,0
41800,100002,46,1
41801,100002,1,0
41801,222,2,0
41801,239,3,0
41801,241,4,0
41801,242,5,0
41801,1351,6,0
41801,943,7,0
41801,944,8,0
41801,945,9,0
41801,946,10,0
41801,947,11,0
41801,1248,12,0
41801,949,13,0
41801,950,14,0
41801,951,15,0
41801,952,16,0
41801,953,17,0
41801,954,18,0
41801,955,19,0
41801,957,20,0
41801,958,21,0
41801,745,22,0
41801,1249,23,0
41801,960,24,0
41801,854,25,0
41801,855,26,0
41801,856,27,0
41801,1250,28,0
41801,963,29,0
41801,964,30,0
41801,966,31,0
41801,1251,32,0
41801,1356,33,0
41801,657,34,0
41801,658,35,0
41801,659,36,0
41801,660,37,0
41801,458,38,0
41801,100000,39,1
42000,100002,1,0
42000,222,2,0
42000,223,3,0
42000,224,4,0
42000,967,5,0
42000,968,6,0
42000,969,7,0
42000,971,8,0
42000,972,9,0
42000,973,10,0
42000,974,11,0
42000,975,12,0
42000,977,13,0
42000,978,14,0
42000,979,15,0
42000,980,16,0
42000,981,17,0
42000,982,18,0
42000,983,19,0
42000,984,20,0
42000,985,21,0
42000,1313,22,0
42000,986,23,0
42000,987,24,0
42000,100035,25,1
42001,100035,1,0
42001,1307,2,0
42001,990,3,0
42001,991,4,0
42001,992,5,0
42001,993,6,0
42001,1290,7,0
42001,994,8,0
42001,996,9,0
42001,997,10,0
42001,237,11,0
42001,238,12,0
42001,219,13,0
42001,100002,14,1
42100,100035,1,0
42100,1307,2,0
42100,1024,3,0
42100,1025,4,0
42100,1026,5,0
42100,1027,6,0
42100,1028,7,0
42100,1030,8,0
42100,1031,9,0
42100,1032,10,0
42100,1209,11,0
42100,1034,12,0
42100,1035,13,0
42100,1036,14,0
42100,1037,15,0
42100,1038,16,0
42100,1039,17,0
42100,1041,18,0
42100,1042,19,0
42100,1043,20,0
42100,1044,21,0
42100,1045,22,0
42100,1353,23,0
42100,1294,24,0
42100,1205,25,0
42100,228,26,0
42100,1067,27,0
42100,100006,28,1
42101,100006,1,0
42101,231,2,0
42101,1206,3,0
42101,1286,4,0
42101,999,5,0
42101,1207,6,0
42101,1400,7,0
42101,1350,8,0
42101,1002,9,0
42101,1003,10,0
42101,1004,11,0
42101,1005,12,0
42101,1006,13,0
42101,1007,14,0
42101,1008,15,0
42101,1010,16,0
42101,1011,17,0
42101,1012,18,0
42101,1296,19,0
42101,1013,20,0
42101,1014,21,0
42101,1016,22,0
42101,1017,23,0
42101,1018,24,0
42101,1019,25,0
42101,1021,26,0
42101,1022,27,0
42101,1023,28,0
42101,100035,29,1
42300,100006,1,0
42300,231,2,0
42300,1206,3,0
42300,838,4,0
42300,1075,5,0
42300,839,6,0
42300,795,7,0
42300,796,8,0
42300,168,9,0
42300,767,10,1
42301,767,1,0
42301,1202,2,0
42301,768,3,0
42301,772,4,0
42301,774,5,0
42301,775,6,0
42301,777,7,0
42301,778,8,0
42301,779,9,0
42301,1203,10,0
42301,780,11,0
42301,164,12,0
42301,165,13,0
42301,166,14,0
42301,167,15,0
42301,781,16,0
42301,782,17,0
42301,783,18,0
42301,784,19,0
42301,831,20,0
42301,832,21,0
42301,833,22,0
42301,834,23,0
42301,1285,24,0
42301,1067,25,0
42301,100006,26,1
43100,100006,1,0
43100,231,2,0
43100,1206,3,0
43100,1286,4,0
43100,999,5,0
43100,1207,6,0
43100,1400,7,0
43100,1349,8,0
43100,1299,9,0
43100,1300,10,0
43100,1301,11,0
43100,1072,12,1
43101,1072,1,0
43101,1073,2,0
43101,1204,3,0
43101,1012,4,0
43101,1296,5,0
43101,1045,6,0
43101,1353,7,0
43101,1294,8,0
43101,1205,9,0
43101,228,10,0
43101,1067,11,0
43101,100006,12,1
43500,100006,1,0
43500,231,2,0
43500,1206,3,0
43500,1340,4,0
43500,234,5,0
43500,235,6,0
43500,236,7,0
43500,237,8,0
43500,238,9,0
43500,219,10,0
43500,100002,11,1
43501,100002,1,0
43501,222,2,0
43501,223,3,0
43501,224,4,0
43501,225,5,0
43501,226,6,0
43501,227,7,0
43501,228,8,0
43501,1067,9,0
43501,100006,10,1
43700,1242,1,0
43700,1358,2,0
43700,1360,3,0
43700,1359,4,0
43700,1362,5,0
43700,1391,6,0
43700,1352,7,0
43700,1244,8,0
43700,1245,9,0
43700,80,10,0
43700,81,11,0
43700,82,12,0
43700,1310,13,0
43700,84,14,0
43700,85,15,0
43700,86,16,0
43700,100000,17,0
43700,261,18,0
43700,263,19,0
43700,459,20,0
43700,460,21,0
43700,461,22,0
43700,462,23,0
43700,463,24,0
43700,465,25,0
43700,466,26,0
43700,467,27,0
43700,468,28,0
43700,1364,29,0
43700,1365,30,0
43700,1366,31,0
43700,1368,32,0
43700,1369,33,0
43700,1370,34,0
43700,1371,35,0
43700,1372,36,1
43701,1372,1,0
43701,1373,2,0
43701,1374,3,0
43701,731,4,0
43701,733,5,0
43701,732,6,0
43701,1253,7,0
43701,734,8,0
43701,735,9,0
43701,1254,10,0
43701,525,11,0
43701,526,12,0
43701,527,13,0
43701,528,14,0
43701,529,15,0
43701,530,16,0
43701,531,17,0
43701,532,18,0
43701,533,19,0
43701,534,20,0
43701,536,21,0
43701,342,22,0
43701,343,23,0
43701,86,24,0
43701,100000,25,0
43701,1,26,0
43701,2,27,0
43701,3,28,0
43701,4,29,0
43701,5,30,0
43701,6,31,0
43701,1239,32,0
43701,1240,33,0
43701,1394,34,0
43701,1358,35,0
43701,1360,36,0
43701,1359,37,0
43701,1362,38,0
43701,1391,39,0
43701,1305,40,0
43701,1242,41,1
43800,100000,1,0
43800,1399,2,1
43801,1399,1,0
43801,100000,2,1
