'11',30200,63000,,'',0,7000,,'',0,3000,,'',0,7000,,'',0,3000,,'',0,7000,,'',0,3000,,'',0,7000,,'',0,3000,,'',0,7000,,'',0,3000,,'',0,7000,,'',0,3000,,'',0,7000,,'',0,3000,,'',0,7000,,'',0,3240,,'',0,7000,,'',0,3000,,'',0,7000,,'',0,3000,,'',0,7000,,'',0,3000,,'',0
'13',30200,63000,,'',0,7000,,'',0,3000,,'',0,7000,,'',0,3000,,'',0,7000,,'',0,3000,,'',0,7000,,'',0,3000,,'',0,7000,,'',0,3000,,'',0,7000,,'',0,3000,,'',0,7000,,'',0,3000,,'',0,7000,,'',0,3240,,'',0,7000,,'',0,3000,,'',0,7000,,'',0,3000,,'',0,7000,,'',0,3000,,'',0
'16',30200,63000,,'',0,7000,,'',0,3000,,'',0,7000,,'',0,3000,,'',0,7000,,'',0,3000,,'',0,7000,,'',0,3000,,'',0,7000,,'',0,3000,,'',0,7000,,'',0,3000,,'',0,7000,,'',0,3000,,'',0,7000,,'',0,3240,,'',0,7000,,'',0,3000,,'',0,7000,,'',0,3000,,'',0,7000,,'',0,3000,,'',0
'17',30200,63000,,'',0,7000,,'',0,3000,,'',0,7000,,'',0,3000,,'',0,7000,,'',0,3000,,'',0,7000,,'',0,3000,,'',0,7000,,'',0,3000,,'',0,7000,,'',0,3000,,'',0,7000,,'',0,3000,,'',0,7000,,'',0,3240,,'',0,7000,,'',0,3000,,'',0,7000,,'',0,3000,,'',0,7000,,'',0,3000,,'',0
'18',30200,63000,,'',0,7000,,'',0,3000,,'',0,7000,,'',0,3000,,'',0,7000,,'',0,3000,,'',0,7000,,'',0,3000,,'',0,7000,,'',0,3000,,'',0,7000,,'',0,3000,,'',0,7000,,'',0,3000,,'',0,7000,,'',0,3240,,'',0,7000,,'',0,3000,,'',0,7000,,'',0,3000,,'',0,7000,,'',0,3000,,'',0
'19',30200,63000,,'',0,7000,,'',0,3000,,'',0,7000,,'',0,3000,,'',0,7000,,'',0,3000,,'',0,7000,,'',0,3000,,'',0,7000,,'',0,3000,,'',0,7000,,'',0,3000,,'',0,7000,,'',0,3000,,'',0,7000,,'',0,3240,,'',0,7000,,'',0,3000,,'',0,7000,,'',0,3000,,'',0,7000,,'',0,3000,,'',0
'2',30200,63000,,'',0,7000,,'',0,3000,,'',0,7000,,'',0,3000,,'',0,7000,,'',0,3000,,'',0,7000,,'',0,3000,,'',0,7000,,'',0,3000,,'',0,7000,,'',0,3000,,'',0,7000,,'',0,3000,,'',0,7000,,'',0,3240,,'',0,7000,,'',0,3000,,'',0,7000,,'',0,3000,,'',0,7000,,'',0,3000,,'',0
'6',30200,63000,,'',0,7000,,'',0,3000,,'',0,7000,,'',0,3000,,'',0,7000,,'',0,3000,,'',0,7000,,'',0,3000,,'',0,7000,,'',0,3000,,'',0,7000,,'',0,3000,,'',0,7000,,'',0,3000,,'',0,7000,,'',0,3240,,'',0,7000,,'',0,3000,,'',0,7000,,'',0,3000,,'',0,7000,,'',0,3000,,'',0
'7',30200,63000,,'',0,7000,,'',0,3000,,'',0,7000,,'',0,3000,,'',0,7000,,'',0,3000,,'',0,7000,,'',0,3000,,'',0,7000,,'',0,3000,,'',0,7000,,'',0,3000,,'',0,7000,,'',0,3000,,'',0,7000,,'',0,3240,,'',0,7000,,'',0,3000,,'',0,7000,,'',0,3000,,'',0,7000,,'',0,3000,,'',0
'11',30900,62710,0,'Lakeshore',0,3000,0,'Lakeshore',0,7000,0,'Lakeshore',0,3000,0,'Lakeshore',0,7000,0,'Lakeshore',0,3000,0,'Lakeshore',0,7000,0,'Lakeshore',0,3000,0,'Lakeshore',0,7000,0,'Lakeshore',0,3000,0,'Lakeshore',0,7000,0,'Lakeshore',0,3000,0,'Lakeshore',0,7000,0,'Lakeshore',0,3000,0,'Lakeshore',0,7000,0,'Lakeshore',0,3000,0,'Lakeshore',0,7440,0,'Lakeshore',0,7000,0,'Lakeshore',0,3000,0,'Lakeshore',0,7000,0,'Lakeshore',0,3000,0,'Lakeshore',0,7000,0,'Lakeshore',0,3000,0,'Lakeshore',0
'13',30900,62710,0,'Lakeshore',0,3000,0,'Lakeshore',0,7000,0,'Lakeshore',0,3000,0,'Lakeshore',0,7000,0,'Lakeshore',0,3000,0,'Lakeshore',0,7000,0,'Lakeshore',0,3000,0,'Lakeshore',0,7000,0,'Lakeshore',0,3000,0,'Lakeshore',0,7000,0,'Lakeshore',0,3000,0,'Lakeshore',0,7000,0,'Lakeshore',0,3000,0,'Lakeshore',0,7000,0,'Lakeshore',0,3000,0,'Lakeshore',0,7440,0,'Lakeshore',0,7000,0,'Lakeshore',0,3000,0,'Lakeshore',0,7000,0,'Lakeshore',0,3000,0,'Lakeshore',0,7000,0,'Lakeshore',0,3000,0,'Lakeshore',0
'16',30900,62710,0,'Lakeshore',0,3000,0,'Lakeshore',0,7000,0,'Lakeshore',0,3000,0,'Lakeshore',0,7000,0,'Lakeshore',0,3000,0,'Lakeshore',0,7000,0,'Lakeshore',0,3000,0,'Lakeshore',0,7000,0,'Lakeshore',0,3000,0,'Lakeshore',0,7000,0,'Lakeshore',0,3000,0,'Lakeshore',0,7000,0,'Lakeshore',0,3000,0,'Lakeshore',0,7000,0,'Lakeshore',0,3000,0,'Lakeshore',0,7440,0,'Lakeshore',0,7000,0,'Lakeshore',0,3000,0,'Lakeshore',0,7000,0,'Lakeshore',0,3000,0,'Lakeshore',0,7000,0,'Lakeshore',0,3000,0,'Lakeshore',0
'17',30900,62710,0,'Lakeshore',0,3000,0,'Lakeshore',0,7000,0,'Lakeshore',0,3000,0,'Lakeshore',0,7000,0,'Lakeshore',0,3000,0,'Lakeshore',0,7000,0,'Lakeshore',0,3000,0,'Lakeshore',0,7000,0,'Lakeshore',0,3000,0,'Lakeshore',0,7000,0,'Lakeshore',0,3000,0,'Lakeshore',0,7000,0,'Lakeshore',0,3000,0,'Lakeshore',0,7000,0,'Lakeshore',0,3000,0,'Lakeshore',0,7440,0,'Lakeshore',0,7000,0,'Lakeshore',0,3000,0,'Lakeshore',0,7000,0,'Lakeshore',0,3000,0,'Lakeshore',0,7000,0,'Lakeshore',0,3000,0,'Lakeshore',0
'18',30900,62710,0,'Lakeshore',0,3000,0,'Lakeshore',0,7000,0,'Lakeshore',0,3000,0,'Lakeshore',0,7000,0,'Lakeshore',0,3000,0,'Lakeshore',0,7000,0,'Lakeshore',0,3000,0,'Lakeshore',0,7000,0,'Lakeshore',0,3000,0,'Lakeshore',0,7000,0,'Lakeshore',0,3000,0,'Lakeshore',0,7000,0,'Lakeshore',0,3000,0,'Lakeshore',0,7000,0,'Lakeshore',0,3000,0,'Lakeshore',0,7440,0,'Lakeshore',0,7000,0,'Lakeshore',0,3000,0,'Lakeshore',0,7000,0,'Lakeshore',0,3000,0,'Lakeshore',0,7000,0,'Lakeshore',0,3000,0,'Lakeshore',0
'19',30900,62710,0,'Lakeshore',0,3000,0,'Lakeshore',0,7000,0,'Lakeshore',0,3000,0,'Lakeshore',0,7000,0,'Lakeshore',0,3000,0,'Lakeshore',0,7000,0,'Lakeshore',0,3000,0,'Lakeshore',0,7000,0,'Lakeshore',0,3000,0,'Lakeshore',0,7000,0,'Lakeshore',0,3000,0,'Lakeshore',0,7000,0,'Lakeshore',0,3000,0,'Lakeshore',0,7000,0,'Lakeshore',0,3000,0,'Lakeshore',0,7440,0,'Lakeshore',0,7000,0,'Lakeshore',0,3000,0,'Lakeshore',0,7000,0,'Lakeshore',0,3000,0,'Lakeshore',0,7000,0,'Lakeshore',0,3000,0,'Lakeshore',0
'2',30900,62710,0,'Lakeshore',0,3000,0,'Lakeshore',0,7000,0,'Lakeshore',0,3000,0,'Lakeshore',0,7000,0,'Lakeshore',0,3000,0,'Lakeshore',0,7000,0,'Lakeshore',0,3000,0,'Lakeshore',0,7000,0,'Lakeshore',0,3000,0,'Lakeshore',0,7000,0,'Lakeshore',0,3000,0,'Lakeshore',0,7000,0,'Lakeshore',0,3000,0,'Lakeshore',0,7000,0,'Lakeshore',0,3000,0,'Lakeshore',0,7440,0,'Lakeshore',0,7000,0,'Lakeshore',0,3000,0,'Lakeshore',0,7000,0,'Lakeshore',0,3000,0,'Lakeshore',0,7000,0,'Lakeshore',0,3000,0,'Lakeshore',0
'6',30900,62710,0,'Lakeshore',0,3000,0,'Lakeshore',0,7000,0,'Lakeshore',0,3000,0,'Lakeshore',0,7000,0,'Lakeshore',0,3000,0,'Lakeshore',0,7000,0,'Lakeshore',0,3000,0,'Lakeshore',0,7000,0,'Lakeshore',0,3000,0,'Lakeshore',0,7000,0,'Lakeshore',0,3000,0,'Lakeshore',0,7000,0,'Lakeshore',0,3000,0,'Lakeshore',0,7000,0,'Lakeshore',0,3000,0,'Lakeshore',0,7440,0,'Lakeshore',0,7000,0,'Lakeshore',0,3000,0,'Lakeshore',0,7000,0,'Lakeshore',0,3000,0,'Lakeshore',0,7000,0,'Lakeshore',0,3000,0,'Lakeshore',0
'7',30900,62710,0,'Lakeshore',0,3000,0,'Lakeshore',0,7000,0,'Lakeshore',0,3000,0,'Lakeshore',0,7000,0,'Lakeshore',0,3000,0,'Lakeshore',0,7000,0,'Lakeshore',0,3000,0,'Lakeshore',0,7000,0,'Lakeshore',0,3000,0,'Lakeshore',0,7000,0,'Lakeshore',0,3000,0,'Lakeshore',0,7000,0,'Lakeshore',0,3000,0,'Lakeshore',0,7000,0,'Lakeshore',0,3000,0,'Lakeshore',0,7440,0,'Lakeshore',0,7000,0,'Lakeshore',0,3000,0,'Lakeshore',0,7000,0,'Lakeshore',0,3000,0,'Lakeshore',0,7000,0,'Lakeshore',0,3000,0,'Lakeshore',0
'11',40200,180000,,'',0,10000,,'',0,5800,,'',0,10000,,'',0,10000,,'',0,10000,,'',0
'13',40200,180000,,'',0,10000,,'',0,5800,,'',0,10000,,'',0,10000,,'',0,10000,,'',0
'14',40200,90000,,'',0,10000,,'',0,3000,,'',0,7000,,'',0,3000,,'',0,7000,,'',0,3000,,'',0,7000,,'',0,3000,,'',0,7000,,'',0,3000,,'',0,7000,,'',0,3000,,'',0,7000,,'',0,3000,,'',0,7000,,'',0,3000,,'',0,7000,,'',0,10000,,'',0,5800,,'',0
'16',40200,180000,,'',0,10000,,'',0,5800,,'',0,10000,,'',0,10000,,'',0,10000,,'',0
'17',40200,180000,,'',0,10000,,'',0,5800,,'',0,10000,,'',0,10000,,'',0,10000,,'',0
'18',40200,180000,,'',0,10000,,'',0,5800,,'',0,10000,,'',0,10000,,'',0,10000,,'',0
'19',40200,180000,,'',0,10000,,'',0,5800,,'',0,10000,,'',0,10000,,'',0,10000,,'',0
'2',40200,180000,,'',0,10000,,'',0,5800,,'',0,10000,,'',0,10000,,'',0,10000,,'',0
'21',40200,110000,,'',0,10000,,'',0,10000,,'',0,10000,,'',0,10000,,'',0,10000,,'',0,10000,,'',0,10000,,'',0
'22',40200,63000,,'',0,7000,,'',0,3000,,'',0,7000,,'',0,3000,,'',0,7000,,'',0,3000,,'',0,7000,,'',0,3000,,'',0,7000,,'',0,3000,,'',0,7000,,'',0,3000,,'',0,7000,,'',0,3000,,'',0,7000,,'',0,3000,,'',0,7000,,'',0,3000,,'',0,7000,,'',0,3000,,'',0,7000,,'',0,3000,,'',0,7000,,'',0,10000,,'',0,5800,,'',0,10000,,'',0,10000,,'',0,10000,,'',0
'24',40200,63000,,'',0,7000,,'',0,3000,,'',0,7000,,'',0,3000,,'',0,7000,,'',0,3000,,'',0,7000,,'',0,3000,,'',0,7000,,'',0,3000,,'',0,7000,,'',0,3000,,'',0,7000,,'',0,3000,,'',0,7000,,'',0,3000,,'',0,7000,,'',0,3000,,'',0,7000,,'',0,3000,,'',0,7000,,'',0,3000,,'',0,7000,,'',0,10000,,'',0,5800,,'',0,10000,,'',0,10000,,'',0,10000,,'',0
'6',40200,180000,,'',0,10000,,'',0,5800,,'',0,10000,,'',0,10000,,'',0,10000,,'',0
'7',40200,180000,,'',0,10000,,'',0,5800,,'',0,10000,,'',0,10000,,'',0,10000,,'',0
'11',40900,180110,0,'Lakeshore',0,10000,0,'Lakeshore',0,9920,0,'Lakeshore',0,10000,0,'Lakeshore',0,10000,0,'Lakeshore',0,10000,0,'Lakeshore',0,10000,0,'Lakeshore',0
'13',40900,180110,0,'Lakeshore',0,10000,0,'Lakeshore',0,9920,0,'Lakeshore',0,10000,0,'Lakeshore',0,10000,0,'Lakeshore',0,10000,0,'Lakeshore',0,10000,0,'Lakeshore',0
'14',40900,90110,0,'Lakeshore',0,10000,0,'Lakeshore',0,3000,0,'Lakeshore',0,7000,0,'Lakeshore',0,3000,0,'Lakeshore',0,7000,0,'Lakeshore',0,3000,0,'Lakeshore',0,7000,0,'Lakeshore',0,3000,0,'Lakeshore',0,7000,0,'Lakeshore',0,3000,0,'Lakeshore',0,7000,0,'Lakeshore',0,3000,0,'Lakeshore',0,7000,0,'Lakeshore',0,3000,0,'Lakeshore',0,7000,0,'Lakeshore',0,3000,0,'Lakeshore',0,7000,0,'Lakeshore',0,10000,0,'Lakeshore',0,9920,0,'Lakeshore',0
'16',40900,180110,0,'Lakeshore',0,10000,0,'Lakeshore',0,9920,0,'Lakeshore',0,10000,0,'Lakeshore',0,10000,0,'Lakeshore',0,10000,0,'Lakeshore',0,10000,0,'Lakeshore',0
'17',40900,180110,0,'Lakeshore',0,10000,0,'Lakeshore',0,9920,0,'Lakeshore',0,10000,0,'Lakeshore',0,10000,0,'Lakeshore',0,10000,0,'Lakeshore',0,10000,0,'Lakeshore',0
'18',40900,180110,0,'Lakeshore',0,10000,0,'Lakeshore',0,9920,0,'Lakeshore',0,10000,0,'Lakeshore',0,10000,0,'Lakeshore',0,10000,0,'Lakeshore',0,10000,0,'Lakeshore',0
'19',40900,180110,0,'Lakeshore',0,10000,0,'Lakeshore',0,9920,0,'Lakeshore',0,10000,0,'Lakeshore',0,10000,0,'Lakeshore',0,10000,0,'Lakeshore',0,10000,0,'Lakeshore',0
'2',40900,180110,0,'Lakeshore',0,10000,0,'Lakeshore',0,9920,0,'Lakeshore',0,10000,0,'Lakeshore',0,10000,0,'Lakeshore',0,10000,0,'Lakeshore',0,10000,0,'Lakeshore',0
'21',40900,110110,0,'Lakeshore',0,10000,0,'Lakeshore',0,10000,0,'Lakeshore',0,10000,0,'Lakeshore',0,10000,0,'Lakeshore',0,10000,0,'Lakeshore',0,10000,0,'Lakeshore',0,10000,0,'Lakeshore',0
'22',40900,70110,0,'Lakeshore',0,3000,0,'Lakeshore',0,7000,0,'Lakeshore',0,3000,0,'Lakeshore',0,7000,0,'Lakeshore',0,3000,0,'Lakeshore',0,7000,0,'Lakeshore',0,3000,0,'Lakeshore',0,7000,0,'Lakeshore',0,3000,0,'Lakeshore',0,7000,0,'Lakeshore',0,3000,0,'Lakeshore',0,7000,0,'Lakeshore',0,3000,0,'Lakeshore',0,7000,0,'Lakeshore',0,3000,0,'Lakeshore',0,7000,0,'Lakeshore',0,3000,0,'Lakeshore',0,7000,0,'Lakeshore',0,3000,0,'Lakeshore',0,7000,0,'Lakeshore',0,3000,0,'Lakeshore',0,7000,0,'Lakeshore',0,10000,0,'Lakeshore',0,9920,0,'Lakeshore',0,10000,0,'Lakeshore',0,10000,0,'Lakeshore',0,10000,0,'Lakeshore',0,10000,0,'Lakeshore',0
'24',40900,70110,0,'Lakeshore',0,3000,0,'Lakeshore',0,7000,0,'Lakeshore',0,3000,0,'Lakeshore',0,7000,0,'Lakeshore',0,3000,0,'Lakeshore',0,7000,0,'Lakeshore',0,3000,0,'Lakeshore',0,7000,0,'Lakeshore',0,3000,0,'Lakeshore',0,7000,0,'Lakeshore',0,3000,0,'Lakeshore',0,7000,0,'Lakeshore',0,3000,0,'Lakeshore',0,7000,0,'Lakeshore',0,3000,0,'Lakeshore',0,7000,0,'Lakeshore',0,3000,0,'Lakeshore',0,7000,0,'Lakeshore',0,3000,0,'Lakeshore',0,7000,0,'Lakeshore',0,3000,0,'Lakeshore',0,7000,0,'Lakeshore',0,10000,0,'Lakeshore',0,9920,0,'Lakeshore',0,10000,0,'Lakeshore',0,10000,0,'Lakeshore',0,10000,0,'Lakeshore',0,10000,0,'Lakeshore',0
'6',40900,180110,0,'Lakeshore',0,10000,0,'Lakeshore',0,9920,0,'Lakeshore',0,10000,0,'Lakeshore',0,10000,0,'Lakeshore',0,10000,0,'Lakeshore',0,10000,0,'Lakeshore',0
'7',40900,180110,0,'Lakeshore',0,10000,0,'Lakeshore',0,9920,0,'Lakeshore',0,10000,0,'Lakeshore',0,10000,0,'Lakeshore',0,10000,0,'Lakeshore',0,10000,0,'Lakeshore',0
