'11',33700,64400,0,'Hosp''',0,7000,0,'Hosp''',0,3000,0,'Hosp''',0,7000,0,'Hosp''',0,3000,0,'Hosp''',0,7000,0,'Hosp''',0,3000,0,'Hosp''',0,7000,0,'Hosp''',0,3000,0,'Hosp''',0,7000,0,'Hosp''',0,3000,0,'Hosp''',0,7000,0,'Hosp''',0,3000,0,'Hosp''',0,7000,0,'Hosp''',0,3000,0,'Hosp''',0,7000,0,'Hosp''',0,3000,0,'Hosp''',0,7000,0,'Hosp''',0,3000,0,'Hosp''',0,7000,0,'Hosp''',0,3000,0,'Hosp''',0,7000,0,'Hosp''',0,3000,0,'Hosp''',0,7000,0,'Hosp''',0,3000,0,'Hosp''',0
'13',33700,111400,0,'Hosp''',0,3000,0,'Hosp''',0,7000,0,'Hosp''',0,3000,0,'Hosp''',0,7000,0,'Hosp''',0,3000,0,'Hosp''',0,7000,0,'Hosp''',0,3000,0,'Hosp''',0,7000,0,'Hosp''',0,3000,0,'Hosp''',0,7000,0,'Hosp''',0,3000,0,'Hosp''',0,7000,0,'Hosp''',0,3000,0,'Hosp''',0,7000,0,'Hosp''',0
'14',33700,114400,0,'Hosp''',0,7000,0,'Hosp''',0,3000,0,'Hosp''',0,7000,0,'Hosp''',0,3000,0,'Hosp''',0,7000,0,'Hosp''',0,3000,0,'Hosp''',0,7000,0,'Hosp''',0,3000,0,'Hosp''',0,7000,0,'Hosp''',0,3000,0,'Hosp''',0,7000,0,'Hosp''',0,3000,0,'Hosp''',0,7000,0,'Hosp''',0,3000,0,'Hosp''',0
'16',33700,64400,0,'Hosp''',0,7000,0,'Hosp''',0,3000,0,'Hosp''',0,7000,0,'Hosp''',0,3000,0,'Hosp''',0,7000,0,'Hosp''',0,3000,0,'Hosp''',0,7000,0,'Hosp''',0,3000,0,'Hosp''',0,7000,0,'Hosp''',0,3000,0,'Hosp''',0,7000,0,'Hosp''',0,3000,0,'Hosp''',0,7000,0,'Hosp''',0,3000,0,'Hosp''',0,7000,0,'Hosp''',0,3000,0,'Hosp''',0,7000,0,'Hosp''',0,3000,0,'Hosp''',0,7000,0,'Hosp''',0,3000,0,'Hosp''',0,7000,0,'Hosp''',0,3000,0,'Hosp''',0,7000,0,'Hosp''',0,3000,0,'Hosp''',0
'17',33700,64400,0,'Hosp''',0,7000,0,'Hosp''',0,3000,0,'Hosp''',0,7000,0,'Hosp''',0,3000,0,'Hosp''',0,7000,0,'Hosp''',0,3000,0,'Hosp''',0,7000,0,'Hosp''',0,3000,0,'Hosp''',0,7000,0,'Hosp''',0,3000,0,'Hosp''',0,7000,0,'Hosp''',0,3000,0,'Hosp''',0,7000,0,'Hosp''',0,3000,0,'Hosp''',0,7000,0,'Hosp''',0,3000,0,'Hosp''',0,7000,0,'Hosp''',0,3000,0,'Hosp''',0,7000,0,'Hosp''',0,3000,0,'Hosp''',0,7000,0,'Hosp''',0,3000,0,'Hosp''',0,7000,0,'Hosp''',0,3000,0,'Hosp''',0
'18',33700,71400,0,'Hosp''',0,3000,0,'Hosp''',0,7000,0,'Hosp''',0,3000,0,'Hosp''',0,7000,0,'Hosp''',0,3000,0,'Hosp''',0,7000,0,'Hosp''',0,3000,0,'Hosp''',0,7000,0,'Hosp''',0,3000,0,'Hosp''',0,7000,0,'Hosp''',0,3000,0,'Hosp''',0,7000,0,'Hosp''',0,3000,0,'Hosp''',0,7000,0,'Hosp''',0,3000,0,'Hosp''',0,7000,0,'Hosp''',0,3000,0,'Hosp''',0,7000,0,'Hosp''',0,3000,0,'Hosp''',0,7000,0,'Hosp''',0,3000,0,'Hosp''',0,7000,0,'Hosp''',0,3000,0,'Hosp''',0,7000,0,'Hosp''',0
'19',33700,64400,0,'Hosp''',0,7000,0,'Hosp''',0,3000,0,'Hosp''',0,7000,0,'Hosp''',0,3000,0,'Hosp''',0,7000,0,'Hosp''',0,3000,0,'Hosp''',0,7000,0,'Hosp''',0,3000,0,'Hosp''',0,7000,0,'Hosp''',0,3000,0,'Hosp''',0,7000,0,'Hosp''',0,3000,0,'Hosp''',0,7000,0,'Hosp''',0,3000,0,'Hosp''',0,7000,0,'Hosp''',0,3000,0,'Hosp''',0,7000,0,'Hosp''',0,3000,0,'Hosp''',0,7000,0,'Hosp''',0,3000,0,'Hosp''',0,7000,0,'Hosp''',0,3000,0,'Hosp''',0,7000,0,'Hosp''',0,3000,0,'Hosp''',0
'2',33700,64400,0,'Hosp''',0,7000,0,'Hosp''',0,3000,0,'Hosp''',0,7000,0,'Hosp''',0,3000,0,'Hosp''',0,7000,0,'Hosp''',0,3000,0,'Hosp''',0,7000,0,'Hosp''',0,3000,0,'Hosp''',0,7000,0,'Hosp''',0,3000,0,'Hosp''',0,7000,0,'Hosp''',0,3000,0,'Hosp''',0,7000,0,'Hosp''',0,3000,0,'Hosp''',0,7000,0,'Hosp''',0,3000,0,'Hosp''',0,7000,0,'Hosp''',0,3000,0,'Hosp''',0,7000,0,'Hosp''',0,3000,0,'Hosp''',0,7000,0,'Hosp''',0,3000,0,'Hosp''',0,7000,0,'Hosp''',0,3000,0,'Hosp''',0
'21',33700,64400,0,'Hosp''',0,7000,0,'Hosp''',0,3000,0,'Hosp''',0,7000,0,'Hosp''',0,3000,0,'Hosp''',0,7000,0,'Hosp''',0,3000,0,'Hosp''',0,7000,0,'Hosp''',0,3000,0,'Hosp''',0,7000,0,'Hosp''',0,3000,0,'Hosp''',0,7000,0,'Hosp''',0,3000,0,'Hosp''',0,7000,0,'Hosp''',0,3000,0,'Hosp''',0,7000,0,'Hosp''',0,3000,0,'Hosp''',0,7000,0,'Hosp''',0,3000,0,'Hosp''',0,7000,0,'Hosp''',0,3000,0,'Hosp''',0,7000,0,'Hosp''',0,3000,0,'Hosp''',0,7000,0,'Hosp''',0,3000,0,'Hosp''',0
'22',33700,64400,0,'Hosp''',0,7000,0,'Hosp''',0,3000,0,'Hosp''',0,7000,0,'Hosp''',0,3000,0,'Hosp''',0,7000,0,'Hosp''',0,3000,0,'Hosp''',0,7000,0,'Hosp''',0,3000,0,'Hosp''',0,7000,0,'Hosp''',0,3000,0,'Hosp''',0,7000,0,'Hosp''',0,3000,0,'Hosp''',0,7000,0,'Hosp''',0,3000,0,'Hosp''',0,7000,0,'Hosp''',0,3000,0,'Hosp''',0,7000,0,'Hosp''',0,3000,0,'Hosp''',0,7000,0,'Hosp''',0,3000,0,'Hosp''',0,7000,0,'Hosp''',0,3000,0,'Hosp''',0,7000,0,'Hosp''',0,3000,0,'Hosp''',0
'24',33700,114400,0,'Hosp''',0,7000,0,'Hosp''',0,3000,0,'Hosp''',0,7000,0,'Hosp''',0,3000,0,'Hosp''',0,7000,0,'Hosp''',0,3000,0,'Hosp''',0,7000,0,'Hosp''',0,3000,0,'Hosp''',0,7000,0,'Hosp''',0,3000,0,'Hosp''',0,7000,0,'Hosp''',0,3000,0,'Hosp''',0,7000,0,'Hosp''',0,3000,0,'Hosp''',0
'25',33700,71400,0,'Hosp''',0,3000,0,'Hosp''',0,7000,0,'Hosp''',0,3000,0,'Hosp''',0,7000,0,'Hosp''',0,3000,0,'Hosp''',0,7000,0,'Hosp''',0,3000,0,'Hosp''',0,7000,0,'Hosp''',0,3000,0,'Hosp''',0,7000,0,'Hosp''',0,3000,0,'Hosp''',0,7000,0,'Hosp''',0,3000,0,'Hosp''',0,7000,0,'Hosp''',0,3000,0,'Hosp''',0,7000,0,'Hosp''',0,3000,0,'Hosp''',0,7000,0,'Hosp''',0,3000,0,'Hosp''',0,7000,0,'Hosp''',0,3000,0,'Hosp''',0,7000,0,'Hosp''',0,3000,0,'Hosp''',0,7000,0,'Hosp''',0
'5',33700,64400,0,'Hosp''',0,7000,0,'Hosp''',0,3000,0,'Hosp''',0,7000,0,'Hosp''',0,3000,0,'Hosp''',0,7000,0,'Hosp''',0,3000,0,'Hosp''',0,7000,0,'Hosp''',0,3000,0,'Hosp''',0,7000,0,'Hosp''',0,3000,0,'Hosp''',0,7000,0,'Hosp''',0,3000,0,'Hosp''',0,7000,0,'Hosp''',0,3000,0,'Hosp''',0,7000,0,'Hosp''',0,3000,0,'Hosp''',0,7000,0,'Hosp''',0,3000,0,'Hosp''',0,7000,0,'Hosp''',0,3000,0,'Hosp''',0,7000,0,'Hosp''',0,3000,0,'Hosp''',0,7000,0,'Hosp''',0,3000,0,'Hosp''',0
'6',33700,64400,0,'Hosp''',0,7000,0,'Hosp''',0,3000,0,'Hosp''',0,7000,0,'Hosp''',0,3000,0,'Hosp''',0,7000,0,'Hosp''',0,3000,0,'Hosp''',0,7000,0,'Hosp''',0,3000,0,'Hosp''',0,7000,0,'Hosp''',0,3000,0,'Hosp''',0,7000,0,'Hosp''',0,3000,0,'Hosp''',0,7000,0,'Hosp''',0,3000,0,'Hosp''',0,7000,0,'Hosp''',0,3000,0,'Hosp''',0,7000,0,'Hosp''',0,3000,0,'Hosp''',0,7000,0,'Hosp''',0,3000,0,'Hosp''',0,7000,0,'Hosp''',0,3000,0,'Hosp''',0,7000,0,'Hosp''',0,3000,0,'Hosp''',0
'11',43700,193150,0,'Hosp''',0,10000,0,'Hosp''',0,10000,0,'Hosp''',0,10000,0,'Hosp''',0,10000,0,'Hosp''',0
'16',43700,193150,0,'Hosp''',0,10000,0,'Hosp''',0,10000,0,'Hosp''',0,10000,0,'Hosp''',0,10000,0,'Hosp''',0
'17',43700,193150,0,'Hosp''',0,10000,0,'Hosp''',0,10000,0,'Hosp''',0,10000,0,'Hosp''',0,10000,0,'Hosp''',0
'18',43700,193150,0,'Hosp''',0,10000,0,'Hosp''',0,10000,0,'Hosp''',0,10000,0,'Hosp''',0,10000,0,'Hosp''',0
'19',43700,193150,0,'Hosp''',0,10000,0,'Hosp''',0,10000,0,'Hosp''',0,10000,0,'Hosp''',0,10000,0,'Hosp''',0
'2',43700,193150,0,'Hosp''',0,10000,0,'Hosp''',0,10000,0,'Hosp''',0,10000,0,'Hosp''',0,10000,0,'Hosp''',0
'21',43700,193150,0,'Hosp''',0,10000,0,'Hosp''',0,10000,0,'Hosp''',0,10000,0,'Hosp''',0,10000,0,'Hosp''',0
'22',43700,193150,0,'Hosp''',0,10000,0,'Hosp''',0,10000,0,'Hosp''',0,10000,0,'Hosp''',0,10000,0,'Hosp''',0
'25',43700,193150,0,'Hosp''',0,10000,0,'Hosp''',0,10000,0,'Hosp''',0,10000,0,'Hosp''',0,10000,0,'Hosp''',0
'5',43700,193150,0,'Hosp''',0,10000,0,'Hosp''',0,10000,0,'Hosp''',0,10000,0,'Hosp''',0,10000,0,'Hosp''',0
'6',43700,193150,0,'Hosp''',0,10000,0,'Hosp''',0,10000,0,'Hosp''',0,10000,0,'Hosp''',0,10000,0,'Hosp''',0
