'11',33700,70720,0,'Hosp''',0,3000,0,'Hosp''',0,7000,0,'Hosp''',0,3000,0,'Hosp''',0,7000,0,'Hosp''',0,3000,0,'Hosp''',0,7000,0,'Hosp''',0,3000,0,'Hosp''',0,7000,0,'Hosp''',0,3000,0,'Hosp''',0,7000,0,'Hosp''',0,3000,0,'Hosp''',0,7000,0,'Hosp''',0,3000,0,'Hosp''',0,7000,0,'Hosp''',0,3000,0,'Hosp''',0,7000,0,'Hosp''',0,3000,0,'Hosp''',0,7000,0,'Hosp''',0,3000,0,'Hosp''',0,7000,0,'Hosp''',0,3000,0,'Hosp''',0,7000,0,'Hosp''',0,3000,0,'Hosp''',0,7000,0,'Hosp''',0
'11',33701,60100,0,'Museum''',0,3000,0,'Museum''',0,7000,0,'Museum''',0,3000,0,'Museum''',0,7000,0,'Museum''',0,3000,0,'Museum''',0,7000,0,'Museum''',0,3000,0,'Museum''',0,7000,0,'Museum''',0,3000,0,'Museum''',0,7000,0,'Museum''',0,3000,0,'Museum''',0,7000,0,'Museum''',0,3000,0,'Museum''',0,7000,0,'Museum''',0,3000,0,'Museum''',0,7000,0,'Museum''',0,3000,0,'Museum''',0,7000,0,'Museum''',0,3000,0,'Museum''',0,7000,0,'Museum''',0,3000,0,'Museum''',0,7000,0,'Museum''',0,3000,0,'Museum''',0,7000,0,'Museum''',0
'13',33700,113720,0,'Hosp''',0,7000,0,'Hosp''',0,3000,0,'Hosp''',0,7000,0,'Hosp''',0,3000,0,'Hosp''',0,7000,0,'Hosp''',0,3000,0,'Hosp''',0,7000,0,'Hosp''',0,3000,0,'Hosp''',0,7000,0,'Hosp''',0,3000,0,'Hosp''',0,7000,0,'Hosp''',0,3000,0,'Hosp''',0,7000,0,'Hosp''',0,3000,0,'Hosp''',0
'13',33701,102100,0,'Museum''',0,3000,0,'Museum''',0,7000,0,'Museum''',0,3000,0,'Museum''',0,7000,0,'Museum''',0,3000,0,'Museum''',0,7000,0,'Museum''',0,3000,0,'Museum''',0,7000,0,'Museum''',0,3000,0,'Museum''',0,7000,0,'Museum''',0,3000,0,'Museum''',0,7000,0,'Museum''',0,3000,0,'Museum''',0,7000,0,'Museum''',0
'14',33700,120720,0,'Hosp''',0,3000,0,'Hosp''',0,7000,0,'Hosp''',0,3000,0,'Hosp''',0,7000,0,'Hosp''',0,3000,0,'Hosp''',0,7000,0,'Hosp''',0,3000,0,'Hosp''',0,7000,0,'Hosp''',0,3000,0,'Hosp''',0,7000,0,'Hosp''',0,3000,0,'Hosp''',0,7000,0,'Hosp''',0,3000,0,'Hosp''',0,7000,0,'Hosp''',0
'14',33701,105100,0,'Museum''',0,7000,0,'Museum''',0,3000,0,'Museum''',0,7000,0,'Museum''',0,3000,0,'Museum''',0,7000,0,'Museum''',0,3000,0,'Museum''',0,7000,0,'Museum''',0,3000,0,'Museum''',0,7000,0,'Museum''',0,3000,0,'Museum''',0,7000,0,'Museum''',0,3000,0,'Museum''',0,7000,0,'Museum''',0,3000,0,'Museum''',0
'16',33700,70720,0,'Hosp''',0,3000,0,'Hosp''',0,7000,0,'Hosp''',0,3000,0,'Hosp''',0,7000,0,'Hosp''',0,3000,0,'Hosp''',0,7000,0,'Hosp''',0,3000,0,'Hosp''',0,7000,0,'Hosp''',0,3000,0,'Hosp''',0,7000,0,'Hosp''',0,3000,0,'Hosp''',0,7000,0,'Hosp''',0,3000,0,'Hosp''',0,7000,0,'Hosp''',0,3000,0,'Hosp''',0,7000,0,'Hosp''',0,3000,0,'Hosp''',0,7000,0,'Hosp''',0,3000,0,'Hosp''',0,7000,0,'Hosp''',0,3000,0,'Hosp''',0,7000,0,'Hosp''',0,3000,0,'Hosp''',0,7000,0,'Hosp''',0
'16',33701,60100,0,'Museum''',0,3000,0,'Museum''',0,7000,0,'Museum''',0,3000,0,'Museum''',0,7000,0,'Museum''',0,3000,0,'Museum''',0,7000,0,'Museum''',0,3000,0,'Museum''',0,7000,0,'Museum''',0,3000,0,'Museum''',0,7000,0,'Museum''',0,3000,0,'Museum''',0,7000,0,'Museum''',0,3000,0,'Museum''',0,7000,0,'Museum''',0,3000,0,'Museum''',0,7000,0,'Museum''',0,3000,0,'Museum''',0,7000,0,'Museum''',0,3000,0,'Museum''',0,7000,0,'Museum''',0,3000,0,'Museum''',0,7000,0,'Museum''',0,3000,0,'Museum''',0,7000,0,'Museum''',0
'17',33700,70720,0,'Hosp''',0,3000,0,'Hosp''',0,7000,0,'Hosp''',0,3000,0,'Hosp''',0,7000,0,'Hosp''',0,3000,0,'Hosp''',0,7000,0,'Hosp''',0,3000,0,'Hosp''',0,7000,0,'Hosp''',0,3000,0,'Hosp''',0,7000,0,'Hosp''',0,3000,0,'Hosp''',0,7000,0,'Hosp''',0,3000,0,'Hosp''',0,7000,0,'Hosp''',0,3000,0,'Hosp''',0,7000,0,'Hosp''',0,3000,0,'Hosp''',0,7000,0,'Hosp''',0,3000,0,'Hosp''',0,7000,0,'Hosp''',0,3000,0,'Hosp''',0,7000,0,'Hosp''',0,3000,0,'Hosp''',0,7000,0,'Hosp''',0
'17',33701,60100,0,'Museum''',0,3000,0,'Museum''',0,7000,0,'Museum''',0,3000,0,'Museum''',0,7000,0,'Museum''',0,3000,0,'Museum''',0,7000,0,'Museum''',0,3000,0,'Museum''',0,7000,0,'Museum''',0,3000,0,'Museum''',0,7000,0,'Museum''',0,3000,0,'Museum''',0,7000,0,'Museum''',0,3000,0,'Museum''',0,7000,0,'Museum''',0,3000,0,'Museum''',0,7000,0,'Museum''',0,3000,0,'Museum''',0,7000,0,'Museum''',0,3000,0,'Museum''',0,7000,0,'Museum''',0,3000,0,'Museum''',0,7000,0,'Museum''',0,3000,0,'Museum''',0,7000,0,'Museum''',0
'18',33700,73720,0,'Hosp''',0,7000,0,'Hosp''',0,3000,0,'Hosp''',0,7000,0,'Hosp''',0,3000,0,'Hosp''',0,7000,0,'Hosp''',0,3000,0,'Hosp''',0,7000,0,'Hosp''',0,3000,0,'Hosp''',0,7000,0,'Hosp''',0,3000,0,'Hosp''',0,7000,0,'Hosp''',0,3000,0,'Hosp''',0,7000,0,'Hosp''',0,3000,0,'Hosp''',0,7000,0,'Hosp''',0,3000,0,'Hosp''',0,7000,0,'Hosp''',0,3000,0,'Hosp''',0,7000,0,'Hosp''',0,3000,0,'Hosp''',0,7000,0,'Hosp''',0,3000,0,'Hosp''',0,7000,0,'Hosp''',0,3000,0,'Hosp''',0
'18',33701,62100,0,'Museum''',0,3000,0,'Museum''',0,7000,0,'Museum''',0,3000,0,'Museum''',0,7000,0,'Museum''',0,3000,0,'Museum''',0,7000,0,'Museum''',0,3000,0,'Museum''',0,7000,0,'Museum''',0,3000,0,'Museum''',0,7000,0,'Museum''',0,3000,0,'Museum''',0,7000,0,'Museum''',0,3000,0,'Museum''',0,7000,0,'Museum''',0,3000,0,'Museum''',0,7000,0,'Museum''',0,3000,0,'Museum''',0,7000,0,'Museum''',0,3000,0,'Museum''',0,7000,0,'Museum''',0,3000,0,'Museum''',0,7000,0,'Museum''',0,3000,0,'Museum''',0,7000,0,'Museum''',0
'19',33700,70720,0,'Hosp''',0,3000,0,'Hosp''',0,7000,0,'Hosp''',0,3000,0,'Hosp''',0,7000,0,'Hosp''',0,3000,0,'Hosp''',0,7000,0,'Hosp''',0,3000,0,'Hosp''',0,7000,0,'Hosp''',0,3000,0,'Hosp''',0,7000,0,'Hosp''',0,3000,0,'Hosp''',0,7000,0,'Hosp''',0,3000,0,'Hosp''',0,7000,0,'Hosp''',0,3000,0,'Hosp''',0,7000,0,'Hosp''',0,3000,0,'Hosp''',0,7000,0,'Hosp''',0,3000,0,'Hosp''',0,7000,0,'Hosp''',0,3000,0,'Hosp''',0,7000,0,'Hosp''',0,3000,0,'Hosp''',0,7000,0,'Hosp''',0
'19',33701,60100,0,'Museum''',0,3000,0,'Museum''',0,7000,0,'Museum''',0,3000,0,'Museum''',0,7000,0,'Museum''',0,3000,0,'Museum''',0,7000,0,'Museum''',0,3000,0,'Museum''',0,7000,0,'Museum''',0,3000,0,'Museum''',0,7000,0,'Museum''',0,3000,0,'Museum''',0,7000,0,'Museum''',0,3000,0,'Museum''',0,7000,0,'Museum''',0,3000,0,'Museum''',0,7000,0,'Museum''',0,3000,0,'Museum''',0,7000,0,'Museum''',0,3000,0,'Museum''',0,7000,0,'Museum''',0,3000,0,'Museum''',0,7000,0,'Museum''',0,3000,0,'Museum''',0,7000,0,'Museum''',0
'2',33700,70720,0,'Hosp''',0,3000,0,'Hosp''',0,7000,0,'Hosp''',0,3000,0,'Hosp''',0,7000,0,'Hosp''',0,3000,0,'Hosp''',0,7000,0,'Hosp''',0,3000,0,'Hosp''',0,7000,0,'Hosp''',0,3000,0,'Hosp''',0,7000,0,'Hosp''',0,3000,0,'Hosp''',0,7000,0,'Hosp''',0,3000,0,'Hosp''',0,7000,0,'Hosp''',0,3000,0,'Hosp''',0,7000,0,'Hosp''',0,3000,0,'Hosp''',0,7000,0,'Hosp''',0,3000,0,'Hosp''',0,7000,0,'Hosp''',0,3000,0,'Hosp''',0,7000,0,'Hosp''',0,3000,0,'Hosp''',0,7000,0,'Hosp''',0
'2',33701,60100,0,'Museum''',0,3000,0,'Museum''',0,7000,0,'Museum''',0,3000,0,'Museum''',0,7000,0,'Museum''',0,3000,0,'Museum''',0,7000,0,'Museum''',0,3000,0,'Museum''',0,7000,0,'Museum''',0,3000,0,'Museum''',0,7000,0,'Museum''',0,3000,0,'Museum''',0,7000,0,'Museum''',0,3000,0,'Museum''',0,7000,0,'Museum''',0,3000,0,'Museum''',0,7000,0,'Museum''',0,3000,0,'Museum''',0,7000,0,'Museum''',0,3000,0,'Museum''',0,7000,0,'Museum''',0,3000,0,'Museum''',0,7000,0,'Museum''',0,3000,0,'Museum''',0,7000,0,'Museum''',0
'21',33700,70720,0,'Hosp''',0,3000,0,'Hosp''',0,7000,0,'Hosp''',0,3000,0,'Hosp''',0,7000,0,'Hosp''',0,3000,0,'Hosp''',0,7000,0,'Hosp''',0,3000,0,'Hosp''',0,7000,0,'Hosp''',0,3000,0,'Hosp''',0,7000,0,'Hosp''',0,3000,0,'Hosp''',0,7000,0,'Hosp''',0,3000,0,'Hosp''',0,7000,0,'Hosp''',0,3000,0,'Hosp''',0,7000,0,'Hosp''',0,3000,0,'Hosp''',0,7000,0,'Hosp''',0,3000,0,'Hosp''',0,7000,0,'Hosp''',0,3000,0,'Hosp''',0,7000,0,'Hosp''',0,3000,0,'Hosp''',0,7000,0,'Hosp''',0
'21',33701,60100,0,'Museum''',0,3000,0,'Museum''',0,7000,0,'Museum''',0,3000,0,'Museum''',0,7000,0,'Museum''',0,3000,0,'Museum''',0,7000,0,'Museum''',0,3000,0,'Museum''',0,7000,0,'Museum''',0,3000,0,'Museum''',0,7000,0,'Museum''',0,3000,0,'Museum''',0,7000,0,'Museum''',0,3000,0,'Museum''',0,7000,0,'Museum''',0,3000,0,'Museum''',0,7000,0,'Museum''',0,3000,0,'Museum''',0,7000,0,'Museum''',0,3000,0,'Museum''',0,7000,0,'Museum''',0,3000,0,'Museum''',0,7000,0,'Museum''',0,3000,0,'Museum''',0,7000,0,'Museum''',0
'22',33700,70720,0,'Hosp''',0,3000,0,'Hosp''',0,7000,0,'Hosp''',0,3000,0,'Hosp''',0,7000,0,'Hosp''',0,3000,0,'Hosp''',0,7000,0,'Hosp''',0,3000,0,'Hosp''',0,7000,0,'Hosp''',0,3000,0,'Hosp''',0,7000,0,'Hosp''',0,3000,0,'Hosp''',0,7000,0,'Hosp''',0,3000,0,'Hosp''',0,7000,0,'Hosp''',0,3000,0,'Hosp''',0,7000,0,'Hosp''',0,3000,0,'Hosp''',0,7000,0,'Hosp''',0,3000,0,'Hosp''',0,7000,0,'Hosp''',0,3000,0,'Hosp''',0,7000,0,'Hosp''',0,3000,0,'Hosp''',0,7000,0,'Hosp''',0
'22',33701,60100,0,'Museum''',0,3000,0,'Museum''',0,7000,0,'Museum''',0,3000,0,'Museum''',0,7000,0,'Museum''',0,3000,0,'Museum''',0,7000,0,'Museum''',0,3000,0,'Museum''',0,7000,0,'Museum''',0,3000,0,'Museum''',0,7000,0,'Museum''',0,3000,0,'Museum''',0,7000,0,'Museum''',0,3000,0,'Museum''',0,7000,0,'Museum''',0,3000,0,'Museum''',0,7000,0,'Museum''',0,3000,0,'Museum''',0,7000,0,'Museum''',0,3000,0,'Museum''',0,7000,0,'Museum''',0,3000,0,'Museum''',0,7000,0,'Museum''',0,3000,0,'Museum''',0,7000,0,'Museum''',0
'24',33700,120720,0,'Hosp''',0,3000,0,'Hosp''',0,7000,0,'Hosp''',0,3000,0,'Hosp''',0,7000,0,'Hosp''',0,3000,0,'Hosp''',0,7000,0,'Hosp''',0,3000,0,'Hosp''',0,7000,0,'Hosp''',0,3000,0,'Hosp''',0,7000,0,'Hosp''',0,3000,0,'Hosp''',0,7000,0,'Hosp''',0,3000,0,'Hosp''',0,7000,0,'Hosp''',0
'24',33701,105100,0,'Museum''',0,7000,0,'Museum''',0,3000,0,'Museum''',0,7000,0,'Museum''',0,3000,0,'Museum''',0,7000,0,'Museum''',0,3000,0,'Museum''',0,7000,0,'Museum''',0,3000,0,'Museum''',0,7000,0,'Museum''',0,3000,0,'Museum''',0,7000,0,'Museum''',0,3000,0,'Museum''',0,7000,0,'Museum''',0,3000,0,'Museum''',0
'25',33700,73720,0,'Hosp''',0,7000,0,'Hosp''',0,3000,0,'Hosp''',0,7000,0,'Hosp''',0,3000,0,'Hosp''',0,7000,0,'Hosp''',0,3000,0,'Hosp''',0,7000,0,'Hosp''',0,3000,0,'Hosp''',0,7000,0,'Hosp''',0,3000,0,'Hosp''',0,7000,0,'Hosp''',0,3000,0,'Hosp''',0,7000,0,'Hosp''',0,3000,0,'Hosp''',0,7000,0,'Hosp''',0,3000,0,'Hosp''',0,7000,0,'Hosp''',0,3000,0,'Hosp''',0,7000,0,'Hosp''',0,3000,0,'Hosp''',0,7000,0,'Hosp''',0,3000,0,'Hosp''',0,7000,0,'Hosp''',0,3000,0,'Hosp''',0
'25',33701,62100,0,'Museum''',0,3000,0,'Museum''',0,7000,0,'Museum''',0,3000,0,'Museum''',0,7000,0,'Museum''',0,3000,0,'Museum''',0,7000,0,'Museum''',0,3000,0,'Museum''',0,7000,0,'Museum''',0,3000,0,'Museum''',0,7000,0,'Museum''',0,3000,0,'Museum''',0,7000,0,'Museum''',0,3000,0,'Museum''',0,7000,0,'Museum''',0,3000,0,'Museum''',0,7000,0,'Museum''',0,3000,0,'Museum''',0,7000,0,'Museum''',0,3000,0,'Museum''',0,7000,0,'Museum''',0,3000,0,'Museum''',0,7000,0,'Museum''',0,3000,0,'Museum''',0,7000,0,'Museum''',0
'5',33700,70720,0,'Hosp''',0,3000,0,'Hosp''',0,7000,0,'Hosp''',0,3000,0,'Hosp''',0,7000,0,'Hosp''',0,3000,0,'Hosp''',0,7000,0,'Hosp''',0,3000,0,'Hosp''',0,7000,0,'Hosp''',0,3000,0,'Hosp''',0,7000,0,'Hosp''',0,3000,0,'Hosp''',0,7000,0,'Hosp''',0,3000,0,'Hosp''',0,7000,0,'Hosp''',0,3000,0,'Hosp''',0,7000,0,'Hosp''',0,3000,0,'Hosp''',0,7000,0,'Hosp''',0,3000,0,'Hosp''',0,7000,0,'Hosp''',0,3000,0,'Hosp''',0,7000,0,'Hosp''',0,3000,0,'Hosp''',0,7000,0,'Hosp''',0
'5',33701,60100,0,'Museum''',0,3000,0,'Museum''',0,7000,0,'Museum''',0,3000,0,'Museum''',0,7000,0,'Museum''',0,3000,0,'Museum''',0,7000,0,'Museum''',0,3000,0,'Museum''',0,7000,0,'Museum''',0,3000,0,'Museum''',0,7000,0,'Museum''',0,3000,0,'Museum''',0,7000,0,'Museum''',0,3000,0,'Museum''',0,7000,0,'Museum''',0,3000,0,'Museum''',0,7000,0,'Museum''',0,3000,0,'Museum''',0,7000,0,'Museum''',0,3000,0,'Museum''',0,7000,0,'Museum''',0,3000,0,'Museum''',0,7000,0,'Museum''',0,3000,0,'Museum''',0,7000,0,'Museum''',0
'6',33700,70720,0,'Hosp''',0,3000,0,'Hosp''',0,7000,0,'Hosp''',0,3000,0,'Hosp''',0,7000,0,'Hosp''',0,3000,0,'Hosp''',0,7000,0,'Hosp''',0,3000,0,'Hosp''',0,7000,0,'Hosp''',0,3000,0,'Hosp''',0,7000,0,'Hosp''',0,3000,0,'Hosp''',0,7000,0,'Hosp''',0,3000,0,'Hosp''',0,7000,0,'Hosp''',0,3000,0,'Hosp''',0,7000,0,'Hosp''',0,3000,0,'Hosp''',0,7000,0,'Hosp''',0,3000,0,'Hosp''',0,7000,0,'Hosp''',0,3000,0,'Hosp''',0,7000,0,'Hosp''',0,3000,0,'Hosp''',0,7000,0,'Hosp''',0
'6',33701,60100,0,'Museum''',0,3000,0,'Museum''',0,7000,0,'Museum''',0,3000,0,'Museum''',0,7000,0,'Museum''',0,3000,0,'Museum''',0,7000,0,'Museum''',0,3000,0,'Museum''',0,7000,0,'Museum''',0,3000,0,'Museum''',0,7000,0,'Museum''',0,3000,0,'Museum''',0,7000,0,'Museum''',0,3000,0,'Museum''',0,7000,0,'Museum''',0,3000,0,'Museum''',0,7000,0,'Museum''',0,3000,0,'Museum''',0,7000,0,'Museum''',0,3000,0,'Museum''',0,7000,0,'Museum''',0,3000,0,'Museum''',0,7000,0,'Museum''',0,3000,0,'Museum''',0,7000,0,'Museum''',0
'11',43700,195220,0,'Hosp''',0,10000,0,'Hosp''',0,10000,0,'Hosp''',0,10000,0,'Hosp''',0,10000,0,'Hosp''',0
'11',43701,190100,0,'Seapark''',0,10000,0,'Seapark''',0,10000,0,'Seapark''',0,10000,0,'Seapark''',0,10000,0,'Seapark''',0
'16',43700,195220,0,'Hosp''',0,10000,0,'Hosp''',0,10000,0,'Hosp''',0,10000,0,'Hosp''',0,10000,0,'Hosp''',0
'16',43701,190100,0,'Seapark''',0,10000,0,'Seapark''',0,10000,0,'Seapark''',0,10000,0,'Seapark''',0,10000,0,'Seapark''',0
'17',43700,195220,0,'Hosp''',0,10000,0,'Hosp''',0,10000,0,'Hosp''',0,10000,0,'Hosp''',0,10000,0,'Hosp''',0
'17',43701,190100,0,'Seapark''',0,10000,0,'Seapark''',0,10000,0,'Seapark''',0,10000,0,'Seapark''',0,10000,0,'Seapark''',0
'18',43700,195220,0,'Hosp''',0,10000,0,'Hosp''',0,10000,0,'Hosp''',0,10000,0,'Hosp''',0,10000,0,'Hosp''',0
'18',43701,190100,0,'Seapark''',0,10000,0,'Seapark''',0,10000,0,'Seapark''',0,10000,0,'Seapark''',0,10000,0,'Seapark''',0
'19',43700,195220,0,'Hosp''',0,10000,0,'Hosp''',0,10000,0,'Hosp''',0,10000,0,'Hosp''',0,10000,0,'Hosp''',0
'19',43701,190100,0,'Seapark''',0,10000,0,'Seapark''',0,10000,0,'Seapark''',0,10000,0,'Seapark''',0,10000,0,'Seapark''',0
'2',43700,195220,0,'Hosp''',0,10000,0,'Hosp''',0,10000,0,'Hosp''',0,10000,0,'Hosp''',0,10000,0,'Hosp''',0
'2',43701,190100,0,'Seapark''',0,10000,0,'Seapark''',0,10000,0,'Seapark''',0,10000,0,'Seapark''',0,10000,0,'Seapark''',0
'21',43700,195220,0,'Hosp''',0,10000,0,'Hosp''',0,10000,0,'Hosp''',0,10000,0,'Hosp''',0,10000,0,'Hosp''',0
'21',43701,190100,0,'Seapark''',0,10000,0,'Seapark''',0,10000,0,'Seapark''',0,10000,0,'Seapark''',0,10000,0,'Seapark''',0
'22',43700,195220,0,'Hosp''',0,10000,0,'Hosp''',0,10000,0,'Hosp''',0,10000,0,'Hosp''',0,10000,0,'Hosp''',0
'22',43701,190100,0,'Seapark''',0,10000,0,'Seapark''',0,10000,0,'Seapark''',0,10000,0,'Seapark''',0,10000,0,'Seapark''',0
'25',43700,195220,0,'Hosp''',0,10000,0,'Hosp''',0,10000,0,'Hosp''',0,10000,0,'Hosp''',0,10000,0,'Hosp''',0
'25',43701,190100,0,'Seapark''',0,10000,0,'Seapark''',0,10000,0,'Seapark''',0,10000,0,'Seapark''',0,10000,0,'Seapark''',0
'5',43700,195220,0,'Hosp''',0,10000,0,'Hosp''',0,10000,0,'Hosp''',0,10000,0,'Hosp''',0,10000,0,'Hosp''',0
'5',43701,190100,0,'Seapark''',0,10000,0,'Seapark''',0,10000,0,'Seapark''',0,10000,0,'Seapark''',0,10000,0,'Seapark''',0
'6',43700,195220,0,'Hosp''',0,10000,0,'Hosp''',0,10000,0,'Hosp''',0,10000,0,'Hosp''',0,10000,0,'Hosp''',0
'6',43701,190100,0,'Seapark''',0,10000,0,'Seapark''',0,10000,0,'Seapark''',0,10000,0,'Seapark''',0,10000,0,'Seapark''',0
