'1',33700,63820,0,'Hosp''',0,7000,0,'Hosp''',0,3000,0,'Hosp''',0,7000,0,'Hosp''',0,3000,0,'Hosp''',0,7000,0,'Hosp''',0,3000,0,'Hosp''',0,7000,0,'Hosp''',0,3000,0,'Hosp''',0,7000,0,'Hosp''',0,3000,0,'Hosp''',0,7000,0,'Hosp''',0,3000,0,'Hosp''',0,7000,0,'Hosp''',0,3000,0,'Hosp''',0,7000,0,'Hosp''',0,3000,0,'Hosp''',0,7000,0,'Hosp''',0,3000,0,'Hosp''',0,7000,0,'Hosp''',0,3000,0,'Hosp''',0,7000,0,'Hosp''',0,3000,0,'Hosp''',0,7000,0,'Hosp''',0,3000,0,'Hosp''',0
'11',33700,63820,0,'Hosp''',0,7000,0,'Hosp''',0,3000,0,'Hosp''',0,7000,0,'Hosp''',0,3000,0,'Hosp''',0,7000,0,'Hosp''',0,3000,0,'Hosp''',0,7000,0,'Hosp''',0,3000,0,'Hosp''',0,7000,0,'Hosp''',0,3000,0,'Hosp''',0,7000,0,'Hosp''',0,3000,0,'Hosp''',0,7000,0,'Hosp''',0,3000,0,'Hosp''',0,7000,0,'Hosp''',0,3000,0,'Hosp''',0,7000,0,'Hosp''',0,3000,0,'Hosp''',0,7000,0,'Hosp''',0,3000,0,'Hosp''',0,7000,0,'Hosp''',0,3000,0,'Hosp''',0,7000,0,'Hosp''',0,3000,0,'Hosp''',0
'13',33700,110820,0,'Hosp''',0,3000,0,'Hosp''',0,7000,0,'Hosp''',0,3000,0,'Hosp''',0,7000,0,'Hosp''',0,3000,0,'Hosp''',0,7000,0,'Hosp''',0,3000,0,'Hosp''',0,7000,0,'Hosp''',0,3000,0,'Hosp''',0,7000,0,'Hosp''',0,3000,0,'Hosp''',0,7000,0,'Hosp''',0,3000,0,'Hosp''',0,7000,0,'Hosp''',0
'14',33700,113820,0,'Hosp''',0,7000,0,'Hosp''',0,3000,0,'Hosp''',0,7000,0,'Hosp''',0,3000,0,'Hosp''',0,7000,0,'Hosp''',0,3000,0,'Hosp''',0,7000,0,'Hosp''',0,3000,0,'Hosp''',0,7000,0,'Hosp''',0,3000,0,'Hosp''',0,7000,0,'Hosp''',0,3000,0,'Hosp''',0,7000,0,'Hosp''',0,3000,0,'Hosp''',0
'16',33700,63820,0,'Hosp''',0,7000,0,'Hosp''',0,3000,0,'Hosp''',0,7000,0,'Hosp''',0,3000,0,'Hosp''',0,7000,0,'Hosp''',0,3000,0,'Hosp''',0,7000,0,'Hosp''',0,3000,0,'Hosp''',0,7000,0,'Hosp''',0,3000,0,'Hosp''',0,7000,0,'Hosp''',0,3000,0,'Hosp''',0,7000,0,'Hosp''',0,3000,0,'Hosp''',0,7000,0,'Hosp''',0,3000,0,'Hosp''',0,7000,0,'Hosp''',0,3000,0,'Hosp''',0,7000,0,'Hosp''',0,3000,0,'Hosp''',0,7000,0,'Hosp''',0,3000,0,'Hosp''',0,7000,0,'Hosp''',0,3000,0,'Hosp''',0
'17',33700,63820,0,'Hosp''',0,7000,0,'Hosp''',0,3000,0,'Hosp''',0,7000,0,'Hosp''',0,3000,0,'Hosp''',0,7000,0,'Hosp''',0,3000,0,'Hosp''',0,7000,0,'Hosp''',0,3000,0,'Hosp''',0,7000,0,'Hosp''',0,3000,0,'Hosp''',0,7000,0,'Hosp''',0,3000,0,'Hosp''',0,7000,0,'Hosp''',0,3000,0,'Hosp''',0,7000,0,'Hosp''',0,3000,0,'Hosp''',0,7000,0,'Hosp''',0,3000,0,'Hosp''',0,7000,0,'Hosp''',0,3000,0,'Hosp''',0,7000,0,'Hosp''',0,3000,0,'Hosp''',0,7000,0,'Hosp''',0,3000,0,'Hosp''',0
'18',33700,63820,0,'Hosp''',0,7000,0,'Hosp''',0,3000,0,'Hosp''',0,7000,0,'Hosp''',0,3000,0,'Hosp''',0,7000,0,'Hosp''',0,3000,0,'Hosp''',0,7000,0,'Hosp''',0,3000,0,'Hosp''',0,7000,0,'Hosp''',0,3000,0,'Hosp''',0,7000,0,'Hosp''',0,3000,0,'Hosp''',0,7000,0,'Hosp''',0,3000,0,'Hosp''',0,7000,0,'Hosp''',0,3000,0,'Hosp''',0,7000,0,'Hosp''',0,3000,0,'Hosp''',0,7000,0,'Hosp''',0,3000,0,'Hosp''',0,7000,0,'Hosp''',0,3000,0,'Hosp''',0,7000,0,'Hosp''',0,3000,0,'Hosp''',0
'19',33700,63820,0,'Hosp''',0,7000,0,'Hosp''',0,3000,0,'Hosp''',0,7000,0,'Hosp''',0,3000,0,'Hosp''',0,7000,0,'Hosp''',0,3000,0,'Hosp''',0,7000,0,'Hosp''',0,3000,0,'Hosp''',0,7000,0,'Hosp''',0,3000,0,'Hosp''',0,7000,0,'Hosp''',0,3000,0,'Hosp''',0,7000,0,'Hosp''',0,3000,0,'Hosp''',0,7000,0,'Hosp''',0,3000,0,'Hosp''',0,7000,0,'Hosp''',0,3000,0,'Hosp''',0,7000,0,'Hosp''',0,3000,0,'Hosp''',0,7000,0,'Hosp''',0,3000,0,'Hosp''',0,7000,0,'Hosp''',0,3000,0,'Hosp''',0
'21',33700,113820,0,'Hosp''',0,7000,0,'Hosp''',0,3000,0,'Hosp''',0,7000,0,'Hosp''',0,3000,0,'Hosp''',0,7000,0,'Hosp''',0,3000,0,'Hosp''',0,7000,0,'Hosp''',0,3000,0,'Hosp''',0,7000,0,'Hosp''',0,3000,0,'Hosp''',0,7000,0,'Hosp''',0,3000,0,'Hosp''',0,7000,0,'Hosp''',0,3000,0,'Hosp''',0
'23',33700,70820,0,'Hosp''',0,3000,0,'Hosp''',0,7000,0,'Hosp''',0,3000,0,'Hosp''',0,7000,0,'Hosp''',0,3000,0,'Hosp''',0,7000,0,'Hosp''',0,3000,0,'Hosp''',0,7000,0,'Hosp''',0,3000,0,'Hosp''',0,7000,0,'Hosp''',0,3000,0,'Hosp''',0,7000,0,'Hosp''',0,3000,0,'Hosp''',0,7000,0,'Hosp''',0,3000,0,'Hosp''',0,7000,0,'Hosp''',0,3000,0,'Hosp''',0,7000,0,'Hosp''',0,3000,0,'Hosp''',0,7000,0,'Hosp''',0,3000,0,'Hosp''',0,7000,0,'Hosp''',0,3000,0,'Hosp''',0,7000,0,'Hosp''',0
'5',33700,63820,0,'Hosp''',0,7000,0,'Hosp''',0,3000,0,'Hosp''',0,7000,0,'Hosp''',0,3000,0,'Hosp''',0,7000,0,'Hosp''',0,3000,0,'Hosp''',0,7000,0,'Hosp''',0,3000,0,'Hosp''',0,7000,0,'Hosp''',0,3000,0,'Hosp''',0,7000,0,'Hosp''',0,3000,0,'Hosp''',0,7000,0,'Hosp''',0,3000,0,'Hosp''',0,7000,0,'Hosp''',0,3000,0,'Hosp''',0,7000,0,'Hosp''',0,3000,0,'Hosp''',0,7000,0,'Hosp''',0,3000,0,'Hosp''',0,7000,0,'Hosp''',0,3000,0,'Hosp''',0,7000,0,'Hosp''',0,3000,0,'Hosp''',0
'6',33700,70820,0,'Hosp''',0,3000,0,'Hosp''',0,7000,0,'Hosp''',0,3000,0,'Hosp''',0,7000,0,'Hosp''',0,3000,0,'Hosp''',0,7000,0,'Hosp''',0,3000,0,'Hosp''',0,7000,0,'Hosp''',0,3000,0,'Hosp''',0,7000,0,'Hosp''',0,3000,0,'Hosp''',0,7000,0,'Hosp''',0,3000,0,'Hosp''',0,7000,0,'Hosp''',0,3000,0,'Hosp''',0,7000,0,'Hosp''',0,3000,0,'Hosp''',0,7000,0,'Hosp''',0,3000,0,'Hosp''',0,7000,0,'Hosp''',0,3000,0,'Hosp''',0,7000,0,'Hosp''',0,3000,0,'Hosp''',0,7000,0,'Hosp''',0
