2300,100006,1,0
2300,231,2,0
2300,1206,3,0
2300,838,4,0
2300,1075,5,0
2300,839,6,0
2300,720702,7,0
2300,795,8,0
2300,796,9,0
2300,100039,10,0
2300,168,11,0
2300,100036,12,1
2301,100036,1,0
2301,767,2,0
2301,1202,3,0
2301,768,4,0
2301,772,5,0
2301,774,6,0
2301,775,7,0
2301,777,8,0
2301,778,9,0
2301,779,10,0
2301,1203,11,0
2301,780,12,0
2301,311601,13,0
2301,164,14,0
2301,165,15,0
2301,166,16,0
2301,167,17,0
2301,100039,18,0
2301,781,19,0
2301,782,20,0
2301,783,21,0
2301,784,22,0
2301,720702,23,0
2301,831,24,0
2301,832,25,0
2301,833,26,0
2301,834,27,0
2301,1285,28,0
2301,1067,29,0
2301,100006,30,1
2600,100000,1,0
2600,100020,2,1
2601,100020,1,0
2601,100000,2,1
30100,100000,1,0
30100,1,2,0
30100,2,3,0
30100,3,4,0
30100,2341200,5,0
30100,4,6,0
30100,1502301,7,0
30100,5,8,0
30100,6,9,0
30100,1239,10,0
30100,1240,11,0
30100,1241,12,0
30100,1305,13,0
30100,1242,14,0
30100,1243,15,0
30100,1352,16,0
30100,1244,17,0
30100,1245,18,0
30100,611305,19,0
30100,1246,20,0
30100,7,21,0
30100,8,22,0
30100,9,23,0
30100,10,24,0
30100,11,25,0
30100,12,26,0
30100,13,27,0
30100,14,28,0
30100,15,29,0
30100,16,30,0
30100,17,31,0
30100,100045,32,0
30100,18,33,0
30100,19,34,0
30100,20,35,0
30100,21,36,0
30100,22,37,0
30100,23,38,0
30100,24,39,0
30100,1321300,40,0
30100,26,41,0
30100,28,42,0
30100,29,43,0
30100,30,44,0
30100,31,45,0
30100,32,46,0
30100,33,47,0
30100,34,48,0
30100,35,49,0
30100,36,50,0
30100,37,51,0
30100,38,52,0
30100,39,53,0
30100,1211300,54,0
30100,40,55,0
30100,41,56,0
30100,42,57,0
30100,43,58,1
30101,132,1,0
30101,44,2,0
30101,45,3,0
30101,46,4,0
30101,47,5,0
30101,1211300,6,0
30101,48,7,0
30101,49,8,0
30101,50,9,0
30101,51,10,0
30101,52,11,0
30101,53,12,0
30101,54,13,0
30101,55,14,0
30101,56,15,0
30101,58,16,0
30101,59,17,0
30101,60,18,0
30101,1321300,19,0
30101,61,20,0
30101,62,21,0
30101,63,22,0
30101,1247,23,0
30101,64,24,0
30101,66,25,0
30101,67,26,0
30101,68,27,0
30101,100045,28,0
30101,69,29,0
30101,70,30,0
30101,71,31,0
30101,72,32,0
30101,73,33,0
30101,74,34,0
30101,75,35,0
30101,76,36,0
30101,77,37,0
30101,78,38,0
30101,79,39,0
30101,1314,40,0
30101,611305,41,0
30101,1239,42,0
30101,1240,43,0
30101,1241,44,0
30101,1305,45,0
30101,1242,46,0
30101,1243,47,0
30101,1352,48,0
30101,1244,49,0
30101,1245,50,0
30101,80,51,0
30101,81,52,0
30101,1502301,53,0
30101,82,54,0
30101,1310,55,0
30101,2341200,56,0
30101,84,57,0
30101,85,58,0
30101,86,59,0
30101,100000,60,1
30200,100000,1,0
30200,88,2,0
30200,89,3,0
30200,90,4,0
30200,91,5,0
30200,92,6,0
30200,1502301,7,0
30200,93,8,0
30200,94,9,0
30200,95,10,0
30200,96,11,0
30200,97,12,0
30200,98,13,0
30200,99,14,0
30200,100,15,0
30200,101,16,0
30200,102,17,0
30200,103,18,0
30200,104,19,0
30200,105,20,0
30200,106,21,0
30200,1501201,22,0
30200,107,23,0
30200,108,24,0
30200,109,25,0
30200,110,26,0
30200,111,27,0
30200,43,28,0
30200,113,29,0
30200,114,30,0
30200,100037,31,0
30200,115,32,0
30200,116,33,0
30200,117,34,0
30200,118,35,0
30200,100038,36,0
30200,119,37,0
30200,120,38,0
30200,121,39,0
30200,1348,40,0
30200,681,41,1
30201,678,1,0
30201,1231,2,0
30201,123,3,0
30201,124,4,0
30201,125,5,0
30201,100038,6,0
30201,126,7,0
30201,127,8,0
30201,128,9,0
30201,129,10,0
30201,100037,11,0
30201,130,12,0
30201,131,13,0
30201,132,14,0
30201,133,15,0
30201,134,16,0
30201,135,17,0
30201,136,18,0
30201,137,19,0
30201,1501201,20,0
30201,138,21,0
30201,139,22,0
30201,140,23,0
30201,141,24,0
30201,142,25,0
30201,143,26,0
30201,144,27,0
30201,145,28,0
30201,147,29,0
30201,148,30,0
30201,149,31,0
30201,150,32,0
30201,151,33,0
30201,1502301,34,0
30201,152,35,0
30201,153,36,0
30201,154,37,0
30201,155,38,0
30201,156,39,0
30201,86,40,0
30201,100000,41,1
30300,100000,1,0
30300,88,2,0
30300,89,3,0
30300,1208,4,0
30300,1941501,5,0
30300,158,6,0
30300,159,7,0
30300,160,8,0
30300,1941601,9,0
30300,161,10,0
30300,162,11,0
30300,163,12,0
30300,311601,13,0
30300,164,14,0
30300,165,15,0
30300,166,16,0
30300,167,17,0
30300,100039,18,0
30300,168,19,0
30300,170,20,0
30300,171,21,0
30300,172,22,0
30300,173,23,0
30300,174,24,0
30300,100007,25,1
30301,100007,1,0
30301,175,2,0
30301,176,3,0
30301,177,4,0
30301,178,5,0
30301,179,6,0
30301,1283,7,0
30301,180,8,0
30301,100022,9,0
30301,1357,10,0
30301,1215,11,0
30301,182,12,0
30301,183,13,0
30301,184,14,0
30301,185,15,0
30301,186,16,0
30301,1216,17,0
30301,187,18,0
30301,188,19,0
30301,189,20,0
30301,190,21,0
30301,191,22,0
30301,1941601,23,0
30301,192,24,0
30301,1342,25,0
30301,1338,26,0
30301,100000,27,1
30400,100000,1,0
30400,259,2,0
30400,1188,3,0
30400,607,4,0
30400,608,5,0
30400,1189,6,0
30400,201,7,0
30400,202,8,0
30400,203,9,0
30400,2311500,10,0
30400,1219,11,0
30400,204,12,0
30400,205,13,0
30400,206,14,0
30400,207,15,0
30400,208,16,0
30400,209,17,0
30400,210,18,0
30400,211,19,0
30400,1218,20,0
30400,1311500,21,0
30400,213,22,0
30400,214,23,0
30400,215,24,0
30400,216,25,0
30400,1310703,26,0
30400,217,27,0
30400,218,28,0
30400,100027,29,0
30400,219,30,0
30400,100002,31,1
30401,100002,1,0
30401,222,2,0
30401,100027,3,0
30401,239,4,0
30401,1310703,5,0
30401,241,6,0
30401,242,7,0
30401,1311500,8,0
30401,244,9,0
30401,245,10,0
30401,246,11,0
30401,248,12,0
30401,249,13,0
30401,250,14,0
30401,251,15,0
30401,252,16,0
30401,253,17,0
30401,1226,18,0
30401,1220,19,0
30401,2311500,20,0
30401,255,21,0
30401,256,22,0
30401,257,23,0
30401,258,24,0
30401,1225,25,0
30401,100000,26,1
30500,100000,1,0
30500,261,2,0
30500,263,3,0
30500,302301,4,0
30500,1213,5,0
30500,264,6,0
30500,265,7,0
30500,266,8,0
30500,267,9,0
30500,268,10,0
30500,1214,11,0
30500,269,12,0
30500,270,13,0
30500,271,14,0
30500,272,15,0
30500,273,16,0
30500,274,17,0
30500,275,18,0
30500,276,19,0
30500,277,20,0
30500,278,21,0
30500,279,22,0
30500,800309,23,0
30500,280,24,0
30500,281,25,0
30500,282,26,0
30500,283,27,0
30500,284,28,0
30500,100008,29,0
30500,286,30,0
30500,287,31,0
30500,1911200,32,0
30500,288,33,0
30500,289,34,0
30500,290,35,0
30500,291,36,0
30500,292,37,0
30500,293,38,0
30500,294,39,0
30500,104,40,0
30500,105,41,0
30500,106,42,0
30500,295,43,0
30500,296,44,0
30500,297,45,0
30500,298,46,0
30500,299,47,0
30500,1295,48,0
30500,100028,49,0
30500,301,50,0
30500,302,51,0
30500,303,52,0
30500,304,53,0
30500,1112,54,1
30501,305,1,0
30501,306,2,0
30501,307,3,0
30501,308,4,0
30501,309,5,0
30501,310,6,0
30501,311,7,0
30501,312,8,0
30501,138,9,0
30501,139,10,0
30501,313,11,0
30501,1345,12,0
30501,314,13,0
30501,315,14,0
30501,316,15,0
30501,317,16,0
30501,318,17,0
30501,284,18,0
30501,100008,19,0
30501,286,20,0
30501,320,21,0
30501,321,22,0
30501,322,23,0
30501,323,24,0
30501,324,25,0
30501,325,26,0
30501,800309,27,0
30501,326,28,0
30501,327,29,0
30501,328,30,0
30501,329,31,0
30501,330,32,0
30501,331,33,0
30501,332,34,0
30501,333,35,0
30501,334,36,0
30501,100040,37,0
30501,371,38,0
30501,336,39,0
30501,337,40,0
30501,338,41,0
30501,339,42,0
30501,340,43,0
30501,341,44,0
30501,302301,45,0
30501,342,46,0
30501,343,47,0
30501,86,48,0
30501,100000,49,1
30600,100000,1,0
30600,1,2,0
30600,2,3,0
30600,3,4,0
30600,2341200,5,0
30600,344,6,0
30600,345,7,0
30600,346,8,0
30600,347,9,0
30600,349,10,0
30600,269,11,0
30600,100040,12,0
30600,350,13,0
30600,351,14,0
30600,287,15,0
30600,1911200,16,0
30600,352,17,0
30600,353,18,0
30600,354,19,0
30600,355,20,0
30600,356,21,0
30600,130006,22,0
30600,357,23,0
30600,358,24,0
30600,359,25,0
30600,361,26,0
30600,100037,27,0
30600,130,28,0
30600,131,29,0
30600,132,30,1
30601,43,1,0
30601,113,2,0
30601,114,3,0
30601,100037,4,0
30601,561,5,0
30601,362,6,0
30601,363,7,0
30601,364,8,0
30601,365,9,0
30601,130006,10,0
30601,366,11,0
30601,367,12,0
30601,368,13,0
30601,1911200,14,0
30601,320,15,0
30601,321,16,0
30601,369,17,0
30601,370,18,0
30601,100040,19,0
30601,371,20,0
30601,1252,21,0
30601,372,22,0
30601,373,23,0
30601,374,24,0
30601,375,25,0
30601,376,26,0
30601,2341200,27,0
30601,84,28,0
30601,85,29,0
30601,86,30,0
30601,100000,31,1
30700,100000,1,0
30700,379,2,0
30700,380,3,0
30700,382,4,0
30700,100046,5,0
30700,383,6,0
30700,384,7,0
30700,386,8,0
30700,387,9,0
30700,388,10,0
30700,1400600,11,0
30700,390,12,0
30700,391,13,0
30700,392,14,0
30700,393,15,0
30700,394,16,0
30700,331400,17,0
30700,396,18,0
30700,397,19,0
30700,398,20,0
30700,399,21,0
30700,1911400,22,0
30700,400,23,0
30700,401,24,0
30700,402,25,0
30700,1401201,26,0
30700,403,27,0
30700,404,28,0
30700,1229,29,0
30700,406,30,0
30700,408,31,0
30700,409,32,0
30700,410,33,0
30700,411,34,0
30700,413,35,0
30700,414,36,0
30700,415,37,0
30700,416,38,0
30700,417,39,0
30700,418,40,0
30700,419,41,0
30700,420,42,0
30700,421,43,0
30700,100041,44,1
30701,100041,1,0
30701,422,2,0
30701,423,3,0
30701,424,4,0
30701,425,5,0
30701,426,6,0
30701,428,7,0
30701,429,8,0
30701,431,9,0
30701,432,10,0
30701,1401201,11,0
30701,433,12,0
30701,434,13,0
30701,435,14,0
30701,1911400,15,0
30701,436,16,0
30701,437,17,0
30701,438,18,0
30701,439,19,0
30701,440,20,0
30701,331400,21,0
30701,1311,22,0
30701,1312,23,0
30701,446,24,0
30701,447,25,0
30701,449,26,0
30701,1400600,27,0
30701,450,28,0
30701,451,29,0
30701,452,30,0
30701,453,31,0
30701,100046,32,0
30701,454,33,0
30701,456,34,0
30701,458,35,0
30701,100000,36,1
30800,100000,1,0
30800,261,2,0
30800,263,3,0
30800,302301,4,0
30800,459,5,0
30800,460,6,0
30800,702301,7,0
30800,461,8,0
30800,462,9,0
30800,100046,10,0
30800,463,11,0
30800,465,12,0
30800,466,13,0
30800,467,14,0
30800,468,15,0
30800,752301,16,0
30800,469,17,0
30800,470,18,0
30800,471,19,0
30800,472,20,0
30800,473,21,0
30800,750308,22,0
30800,475,23,0
30800,476,24,0
30800,478,25,0
30800,1910704,26,0
30800,479,27,0
30800,480,28,0
30800,481,29,0
30800,482,30,0
30800,1238,31,0
30800,751201,32,0
30800,484,33,0
30800,485,34,0
30800,486,35,0
30800,487,36,0
30800,488,37,0
30800,489,38,0
30800,490,39,0
30800,491,40,0
30800,492,41,0
30800,493,42,0
30800,410,43,1
30801,426,1,0
30801,503,2,0
30801,504,3,0
30801,1280,4,0
30801,505,5,0
30801,506,6,0
30801,507,7,0
30801,508,8,0
30801,509,9,0
30801,510,10,0
30801,751201,11,0
30801,511,12,0
30801,512,13,0
30801,513,14,0
30801,1236,15,0
30801,514,16,0
30801,515,17,0
30801,1910704,18,0
30801,516,19,0
30801,517,20,0
30801,518,21,0
30801,519,22,0
30801,750308,23,0
30801,520,24,0
30801,521,25,0
30801,522,26,0
30801,523,27,0
30801,524,28,0
30801,752301,29,0
30801,525,30,0
30801,526,31,0
30801,527,32,0
30801,528,33,0
30801,529,34,0
30801,530,35,0
30801,531,36,0
30801,100046,37,0
30801,532,38,0
30801,533,39,0
30801,702301,40,0
30801,534,41,0
30801,536,42,0
30801,302301,43,0
30801,342,44,0
30801,343,45,0
30801,86,46,0
30801,100000,47,1
30900,100000,1,0
30900,537,2,0
30900,538,3,0
30900,702301,4,0
30900,539,5,0
30900,540,6,0
30900,541,7,0
30900,542,8,0
30900,543,9,0
30900,544,10,0
30900,100008,11,0
30900,545,12,0
30900,546,13,0
30900,547,14,0
30900,1910700,15,0
30900,548,16,0
30900,549,17,0
30900,550,18,0
30900,551,19,0
30900,552,20,0
30900,100030,21,0
30900,553,22,0
30900,554,23,0
30900,555,24,0
30900,556,25,0
30900,1281,26,0
30900,558,27,0
30900,100038,28,0
30900,119,29,0
30900,120,30,0
30900,121,31,0
30900,1348,32,0
30900,100026,33,0
30900,499,34,0
30900,500,35,0
30900,502,36,0
30900,425,37,0
30900,426,38,1
30901,410,1,0
30901,411,2,0
30901,495,3,0
30901,496,4,0
30901,497,5,0
30901,678,6,0
30901,1231,7,0
30901,100026,8,0
30901,123,9,0
30901,124,10,0
30901,125,11,0
30901,100038,12,0
30901,562,13,0
30901,563,14,0
30901,564,15,0
30901,565,16,0
30901,566,17,0
30901,100030,18,0
30901,567,19,0
30901,568,20,0
30901,569,21,0
30901,570,22,0
30901,1910700,23,0
30901,571,24,0
30901,572,25,0
30901,573,26,0
30901,1308,27,0
30901,1237,28,0
30901,100008,29,0
30901,545,30,0
30901,1063,31,0
30901,574,32,0
30901,576,33,0
30901,577,34,0
30901,578,35,0
30901,579,36,0
30901,1344,37,0
30901,580,38,0
30901,702301,39,0
30901,581,40,0
30901,582,41,0
30901,86,42,0
30901,100000,43,1
31000,100000,1,0
31000,88,2,0
31000,89,3,0
31000,1208,4,0
31000,1941501,5,0
31000,584,6,0
31000,585,7,0
31000,586,8,0
31000,587,9,0
31000,588,10,0
31000,589,11,0
31000,590,12,0
31000,1062,13,0
31000,591,14,0
31000,740701,15,0
31000,829,16,0
31000,830,17,0
31000,720702,18,0
31000,785,19,0
31000,786,20,0
31000,787,21,0
31000,789,22,0
31000,100002,23,0
31000,592,24,0
31000,593,25,0
31000,100031,26,1
31001,100002,1,0
31001,595,2,0
31001,596,3,0
31001,597,4,0
31001,598,5,0
31001,740701,6,0
31001,599,7,0
31001,600,8,0
31001,601,9,0
31001,602,10,0
31001,603,11,0
31001,604,12,0
31001,605,13,0
31001,606,14,0
31001,1941501,15,0
31001,195,16,0
31001,196,17,0
31001,100000,18,1
31100,100000,1,0
31100,259,2,0
31100,1188,3,0
31100,607,4,0
31100,608,5,0
31100,1189,6,0
31100,610,7,0
31100,1190,8,0
31100,100011,9,0
31100,612,10,0
31100,613,11,0
31100,1191,12,0
31100,1192,13,0
31100,1194,14,0
31100,616,15,0
31100,811701,16,0
31100,617,17,0
31100,1195,18,0
31100,1196,19,0
31100,620,20,0
31100,1197,21,0
31100,1256,22,0
31100,1311500,23,0
31100,213,24,0
31100,214,25,0
31100,215,26,0
31100,216,27,0
31100,1310703,28,0
31100,623,29,0
31100,1078,30,0
31100,625,31,0
31100,1223,32,0
31100,627,33,0
31100,1355,34,1
31101,1355,1,0
31101,628,2,0
31101,1354,3,0
31101,629,4,0
31101,631,5,0
31101,1310703,6,0
31101,632,7,0
31101,633,8,0
31101,634,9,0
31101,635,10,0
31101,7302302,11,0
31101,636,12,0
31101,637,13,0
31101,638,14,0
31101,639,15,0
31101,640,16,0
31101,641,17,0
31101,1812300,18,0
31101,1198,19,0
31101,643,20,0
31101,644,21,0
31101,645,22,0
31101,1811304,23,0
31101,1199,24,0
31101,647,25,0
31101,648,26,0
31101,649,27,0
31101,650,28,0
31101,811701,29,0
31101,651,30,0
31101,652,31,0
31101,653,32,0
31101,654,33,0
31101,1356,34,0
31101,100011,35,0
31101,657,36,0
31101,658,37,0
31101,659,38,0
31101,660,39,0
31101,458,40,0
31101,100000,41,1
31200,100000,1,0
31200,537,2,0
31200,538,3,0
31200,702301,4,0
31200,539,5,0
31200,540,6,0
31200,541,7,0
31200,542,8,0
31200,543,9,0
31200,544,10,0
31200,100008,11,0
31200,545,12,0
31200,1230,13,0
31200,1061,14,0
31200,1064,15,0
31200,663,16,0
31200,100042,17,0
31200,664,18,0
31200,665,19,0
31200,666,20,0
31200,667,21,0
31200,668,22,0
31200,1912200,23,0
31200,669,24,0
31200,670,25,0
31200,671,26,0
31200,672,27,0
31200,2201201,28,0
31200,673,29,0
31200,674,30,0
31200,675,31,0
31200,676,32,0
31200,678,33,1
31201,681,1,0
31201,683,2,0
31201,684,3,0
31201,685,4,0
31201,686,5,0
31201,2201201,6,0
31201,687,7,0
31201,689,8,0
31201,690,9,0
31201,1912200,10,0
31201,691,11,0
31201,692,12,0
31201,693,13,0
31201,694,14,0
31201,695,15,0
31201,100042,16,0
31201,696,17,0
31201,697,18,0
31201,698,19,0
31201,699,20,0
31201,100008,21,0
31201,545,22,0
31201,1063,23,0
31201,574,24,0
31201,576,25,0
31201,577,26,0
31201,578,27,0
31201,579,28,0
31201,1344,29,0
31201,580,30,0
31201,702301,31,0
31201,581,32,0
31201,582,33,0
31201,86,34,0
31201,100000,35,1
31400,100008,1,0
31400,286,2,0
31400,287,3,0
31400,1911200,4,0
31400,700,5,0
31400,701,6,0
31400,702,7,0
31400,703,8,0
31400,704,9,0
31400,1910700,10,0
31400,705,11,0
31400,706,12,0
31400,707,13,0
31400,708,14,0
31400,1912200,15,0
31400,709,16,0
31400,710,17,0
31400,1911400,18,0
31400,711,19,0
31400,712,20,0
31400,713,21,0
31400,1910704,22,0
31400,714,23,0
31400,715,24,0
31400,716,25,0
31400,717,26,0
31400,1910201,27,0
31400,718,28,0
31400,719,29,0
31400,720,30,0
31400,721,31,0
31400,722,32,0
31400,723,33,0
31400,724,34,0
31400,100033,35,1
31401,100033,1,0
31401,725,2,0
31401,726,3,0
31401,727,4,0
31401,728,5,0
31401,729,6,0
31401,730,7,0
31401,100047,8,0
31401,731,9,0
31401,733,10,0
31401,732,11,0
31401,1253,12,0
31401,202301,13,0
31401,861,14,0
31401,862,15,0
31401,863,16,0
31401,864,17,0
31401,865,18,0
31401,330201,19,0
31401,1392,20,0
31401,1393,21,0
31401,750308,22,0
31401,743,23,0
31401,744,24,0
31401,394,25,0
31401,331400,26,0
31401,746,27,0
31401,100042,28,0
31401,696,29,0
31401,697,30,0
31401,698,31,0
31401,699,32,0
31401,100008,33,1
31500,100000,1,0
31500,88,2,0
31500,89,3,0
31500,1208,4,0
31500,1941501,5,0
31500,158,6,0
31500,159,7,0
31500,160,8,0
31500,1941601,9,0
31500,747,10,0
31500,748,11,0
31500,749,12,0
31500,750,13,0
31500,751,14,0
31500,752,15,0
31500,753,16,0
31500,754,17,0
31500,1942201,18,0
31500,755,19,0
31500,756,20,0
31500,757,21,0
31500,758,22,0
31500,759,23,0
31500,2211303,24,0
31500,770,25,0
31500,771,26,0
31500,772,27,0
31500,774,28,0
31500,775,29,0
31500,777,30,0
31500,778,31,0
31500,779,32,0
31500,1203,33,0
31500,780,34,0
31500,311601,35,0
31500,164,36,0
31500,165,37,0
31500,166,38,0
31500,167,39,0
31500,100039,40,0
31500,781,41,0
31500,782,42,0
31500,783,43,0
31500,784,44,0
31500,720702,45,0
31500,785,46,0
31500,786,47,0
31500,787,48,0
31500,789,49,0
31500,100002,50,1
31501,100002,1,0
31501,1309,2,0
31501,791,3,0
31501,792,4,0
31501,793,5,0
31501,720702,6,0
31501,794,7,0
31501,795,8,0
31501,796,9,0
31501,797,10,0
31501,100039,11,0
31501,798,12,0
31501,799,13,0
31501,800,14,0
31501,801,15,0
31501,311601,16,0
31501,1284,17,0
31501,803,18,0
31501,805,19,0
31501,806,20,0
31501,807,21,0
31501,808,22,0
31501,809,23,0
31501,810,24,0
31501,2211303,25,0
31501,820,26,0
31501,821,27,0
31501,822,28,0
31501,1222,29,0
31501,823,30,0
31501,824,31,0
31501,1942201,32,0
31501,1227,33,0
31501,826,34,0
31501,827,35,0
31501,828,36,0
31501,1221,37,0
31501,190,38,0
31501,191,39,0
31501,1941601,40,0
31501,192,41,0
31501,1342,42,0
31501,1338,43,0
31501,100000,44,1
31600,100000,1,0
31600,88,2,0
31600,89,3,0
31600,1208,4,0
31600,1941501,5,0
31600,584,6,0
31600,585,7,0
31600,586,8,0
31600,587,9,0
31600,588,10,0
31600,589,11,0
31600,590,12,0
31600,1062,13,0
31600,591,14,0
31600,740701,15,0
31600,829,16,0
31600,830,17,0
31600,720702,18,0
31600,831,19,0
31600,832,20,0
31600,833,21,0
31600,834,22,0
31600,1285,23,0
31600,1067,24,0
31600,100006,25,1
31601,100006,1,0
31601,231,2,0
31601,1206,3,0
31601,838,4,0
31601,1075,5,0
31601,839,6,0
31601,840,7,0
31601,841,8,0
31601,842,9,0
31601,720702,10,0
31601,844,11,0
31601,845,12,0
31601,740701,13,0
31601,599,14,0
31601,600,15,0
31601,601,16,0
31601,602,17,0
31601,603,18,0
31601,604,19,0
31601,605,20,0
31601,606,21,0
31601,1941501,22,0
31601,195,23,0
31601,196,24,0
31601,100000,25,1
31700,100000,1,0
31700,846,2,0
31700,847,3,0
31700,848,4,0
31700,2311500,5,0
31700,849,6,0
31700,850,7,0
31700,851,8,0
31700,613,9,0
31700,1191,10,0
31700,1192,11,0
31700,1194,12,0
31700,616,13,0
31700,852,14,0
31700,853,15,0
31700,201701,16,0
31700,854,17,0
31700,855,18,0
31700,856,19,0
31700,200500,20,0
31700,857,21,0
31700,858,22,0
31700,860,23,0
31700,202301,24,0
31700,861,25,0
31700,862,26,0
31700,863,27,0
31700,864,28,0
31700,865,29,0
31700,330201,30,0
31700,866,31,0
31700,867,32,0
31700,868,33,0
31700,1910201,34,0
31700,869,35,0
31700,870,36,0
31700,871,37,0
31700,872,38,0
31700,508,39,0
31700,509,40,0
31700,510,41,0
31700,751201,42,0
31700,873,43,0
31700,874,44,0
31700,875,45,0
31700,2201201,46,0
31700,876,47,0
31700,877,48,0
31700,878,49,0
31700,879,50,0
31700,880,51,0
31700,881,52,0
31700,305,53,1
31701,1112,1,0
31701,884,2,0
31701,885,3,0
31701,886,4,0
31701,2201201,5,0
31701,887,6,0
31701,888,7,0
31701,889,8,0
31701,751201,9,0
31701,484,10,0
31701,485,11,0
31701,486,12,0
31701,487,13,0
31701,488,14,0
31701,890,15,0
31701,891,16,0
31701,892,17,0
31701,893,18,0
31701,1910201,19,0
31701,894,20,0
31701,895,21,0
31701,330201,22,0
31701,896,23,0
31701,897,24,0
31701,898,25,0
31701,899,26,0
31701,900,27,0
31701,202301,28,0
31701,901,29,0
31701,902,30,0
31701,903,31,0
31701,200500,32,0
31701,904,33,0
31701,906,34,0
31701,907,35,0
31701,201701,36,0
31701,908,37,0
31701,651,38,0
31701,652,39,0
31701,653,40,0
31701,654,41,0
31701,909,42,0
31701,910,43,0
31701,1287,44,0
31701,2311500,45,0
31701,912,46,0
31701,913,47,0
31701,914,48,0
31701,100000,49,1
31800,100000,1,0
31800,259,2,0
31800,1188,3,0
31800,607,4,0
31800,608,5,0
31800,1189,6,0
31800,610,7,0
31800,1190,8,0
31800,100011,9,0
31800,612,10,0
31800,916,11,0
31800,917,12,0
31800,918,13,0
31800,920,14,0
31800,921,15,0
31800,922,16,0
31800,923,17,0
31800,200500,18,0
31800,904,19,0
31800,906,20,0
31800,907,21,0
31800,925,22,0
31800,926,23,0
31800,1921701,24,0
31800,927,25,0
31800,928,26,0
31800,929,27,0
31800,931,28,0
31800,932,29,0
31800,933,30,0
31800,934,31,0
31800,935,32,0
31800,936,33,0
31800,937,34,0
31800,642,35,0
31800,1812300,36,0
31800,1198,37,0
31800,643,38,0
31800,644,39,0
31800,645,40,0
31800,1197,41,0
31800,1256,42,0
31800,1311500,43,0
31800,213,44,0
31800,214,45,0
31800,215,46,0
31800,216,47,0
31800,1310703,48,0
31800,217,49,0
31800,218,50,0
31800,100027,51,0
31800,219,52,0
31800,100002,53,1
31801,100002,1,0
31801,222,2,0
31801,100027,3,0
31801,239,4,0
31801,1310703,5,0
31801,241,6,0
31801,242,7,0
31801,1311500,8,0
31801,1351,9,0
31801,943,10,0
31801,944,11,0
31801,945,12,0
31801,946,13,0
31801,947,14,0
31801,1248,15,0
31801,1812300,16,0
31801,949,17,0
31801,950,18,0
31801,951,19,0
31801,952,20,0
31801,953,21,0
31801,954,22,0
31801,955,23,0
31801,957,24,0
31801,958,25,0
31801,745,26,0
31801,1249,27,0
31801,1921701,28,0
31801,960,29,0
31801,854,30,0
31801,855,31,0
31801,856,32,0
31801,200500,33,0
31801,1250,34,0
31801,963,35,0
31801,964,36,0
31801,966,37,0
31801,1251,38,0
31801,1356,39,0
31801,100011,40,0
31801,657,41,0
31801,658,42,0
31801,659,43,0
31801,660,44,0
31801,458,45,0
31801,100000,46,1
32000,100002,1,0
32000,222,2,0
32000,100027,3,0
32000,223,4,0
32000,224,5,0
32000,1930302,6,0
32000,967,7,0
32000,968,8,0
32000,969,9,0
32000,971,10,0
32000,972,11,0
32000,973,12,0
32000,974,13,0
32000,975,14,0
32000,1511801,15,0
32000,976,16,0
32000,977,17,0
32000,978,18,0
32000,979,19,0
32000,980,20,0
32000,981,21,0
32000,982,22,0
32000,983,23,0
32000,984,24,0
32000,100032,25,0
32000,985,26,0
32000,1313,27,0
32000,986,28,0
32000,987,29,0
32000,100035,30,1
32001,100035,1,0
32001,1307,2,0
32001,990,3,0
32001,991,4,0
32001,992,5,0
32001,993,6,0
32001,1290,7,0
32001,994,8,0
32001,996,9,0
32001,997,10,0
32001,1930302,11,0
32001,237,12,0
32001,238,13,0
32001,100027,14,0
32001,219,15,0
32001,100002,16,1
32100,100035,1,0
32100,1307,2,0
32100,1024,3,0
32100,1025,4,0
32100,1026,5,0
32100,1027,6,0
32100,1028,7,0
32100,1962003,8,0
32100,1029,9,0
32100,1030,10,0
32100,1031,11,0
32100,1032,12,0
32100,320306,13,0
32100,1209,14,0
32100,1034,15,0
32100,1035,16,0
32100,1036,17,0
32100,1037,18,0
32100,1038,19,0
32100,1039,20,0
32100,1041,21,0
32100,1042,22,0
32100,1043,23,0
32100,100043,24,0
32100,1044,25,0
32100,1045,26,0
32100,1901306,27,0
32100,1353,28,0
32100,1294,29,0
32100,1205,30,0
32100,228,31,0
32100,1067,32,0
32100,100006,33,1
32101,100006,1,0
32101,231,2,0
32101,1206,3,0
32101,1286,4,0
32101,999,5,0
32101,1207,6,0
32101,1901306,7,0
32101,1350,8,0
32101,1002,9,0
32101,100043,10,0
32101,1003,11,0
32101,1004,12,0
32101,1005,13,0
32101,1006,14,0
32101,1007,15,0
32101,1008,16,0
32101,1010,17,0
32101,1011,18,0
32101,1012,19,0
32101,1296,20,0
32101,320306,21,0
32101,1013,22,0
32101,1014,23,0
32101,1016,24,0
32101,1017,25,0
32101,1962003,26,0
32101,1018,27,0
32101,1019,28,0
32101,1021,29,0
32101,1022,30,0
32101,1023,31,0
32101,100035,32,1
32200,100035,1,0
32200,2201,2,0
32200,2202,3,0
32200,2203,4,0
32200,1410101,5,0
32200,2204,6,0
32200,2205,7,0
32200,2206,8,0
32200,2207,9,0
32200,2208,10,0
32200,2209,11,0
32200,101205,12,1
32201,101205,1,0
32201,2221,2,0
32201,2222,3,0
32201,100005,4,0
32201,1303,5,0
32201,100035,6,1
32400,100006,1,0
32400,231,2,0
32400,1206,3,0
32400,1340,4,0
32400,1071,5,0
32400,1962003,6,0
32400,1029,7,0
32400,1030,8,0
32400,1072,9,0
32400,1073,10,0
32400,1204,11,0
32400,1036,12,0
32400,1037,13,0
32400,1038,14,0
32400,1039,15,0
32400,100023,16,1
32401,100023,1,0
32401,1396,2,0
32401,1397,3,0
32401,1398,4,0
32401,1901306,5,0
32401,1353,6,0
32401,1294,7,0
32401,1205,8,0
32401,228,9,0
32401,1067,10,0
32401,100006,11,1
32800,100035,1,0
32800,1307,2,0
32800,1101,3,0
32800,1102,4,0
32800,1103,5,0
32800,1104,6,0
32800,1233,7,0
32800,994,8,0
32800,996,9,0
32800,997,10,0
32800,1930302,11,0
32800,225,12,0
32800,226,13,0
32800,227,14,0
32800,228,15,0
32800,1067,16,0
32800,100006,17,1
32801,100006,1,0
32801,231,2,0
32801,1206,3,0
32801,1340,4,0
32801,234,5,0
32801,235,6,0
32801,236,7,0
32801,1930302,8,0
32801,1105,9,0
32801,1106,10,0
32801,1234,11,0
32801,1107,12,0
32801,1108,13,0
32801,1109,14,0
32801,1110,15,0
32801,1111,16,0
32801,100035,17,1
33100,100006,1,0
33100,231,2,0
33100,1206,3,0
33100,1286,4,0
33100,999,5,0
33100,1207,6,0
33100,1901306,7,0
33100,1349,8,0
33100,1299,9,0
33100,1300,10,0
33100,1301,11,0
33100,100023,12,1
33101,100023,1,0
33101,1072,2,0
33101,1073,3,0
33101,1204,4,0
33101,1012,5,0
33101,1296,6,0
33101,1045,7,0
33101,1901306,8,0
33101,1353,9,0
33101,1294,10,0
33101,1205,11,0
33101,228,12,0
33101,1067,13,0
33101,100006,14,1
33500,100006,1,0
33500,231,2,0
33500,1206,3,0
33500,1340,4,0
33500,234,5,0
33500,235,6,0
33500,236,7,0
33500,1930302,8,0
33500,237,9,0
33500,238,10,0
33500,100027,11,0
33500,219,12,0
33500,100002,13,1
33501,100002,1,0
33501,222,2,0
33501,100027,3,0
33501,223,4,0
33501,224,5,0
33501,1930302,6,0
33501,225,7,0
33501,226,8,0
33501,227,9,0
33501,228,10,0
33501,1067,11,0
33501,100006,12,1
33600,100002,1,0
33600,1309,2,0
33600,791,3,0
33600,792,4,0
33600,793,5,0
33600,720702,6,0
33600,831,7,0
33600,832,8,0
33600,833,9,0
33600,834,10,0
33600,1285,11,0
33600,1067,12,0
33600,100006,13,1
33601,100006,1,0
33601,231,2,0
33601,1206,3,0
33601,838,4,0
33601,1075,5,0
33601,839,6,0
33601,842,7,0
33601,720702,8,0
33601,785,9,0
33601,786,10,0
33601,787,11,0
33601,789,12,0
33601,100002,13,1
33700,1242,1,0
33700,1358,2,0
33700,100048,3,0
33700,1360,4,0
33700,1359,5,0
33700,1362,6,0
33700,1391,7,0
33700,1352,8,0
33700,1244,9,0
33700,1245,10,0
33700,611305,11,0
33700,80,12,0
33700,81,13,0
33700,1502301,14,0
33700,82,15,0
33700,1310,16,0
33700,2341200,17,0
33700,1363,18,0
33700,302301,19,0
33700,459,20,0
33700,460,21,0
33700,702301,22,0
33700,461,23,0
33700,462,24,0
33700,100046,25,0
33700,463,26,0
33700,465,27,0
33700,466,28,0
33700,467,29,0
33700,468,30,0
33700,752301,31,0
33700,1364,32,0
33700,1365,33,0
33700,1366,34,0
33700,202301,35,0
33700,1368,36,0
33700,1369,37,0
33700,1370,38,0
33700,100047,39,0
33700,1371,40,0
33700,1372,41,0
33700,100049,42,0
33700,1373,43,0
33700,1374,44,0
33700,1375,45,0
33700,1376,46,0
33700,1377,47,0
33700,1378,48,0
33700,1379,49,0
33700,1380,50,1
33701,1380,1,0
33701,1381,2,0
33701,1382,3,0
33701,1383,4,0
33701,1384,5,0
33701,1385,6,0
33701,1386,7,0
33701,1387,8,0
33701,1388,9,0
33701,100049,10,0
33701,1389,11,0
33701,100047,12,0
33701,731,13,0
33701,733,14,0
33701,732,15,0
33701,1253,16,0
33701,202301,17,0
33701,734,18,0
33701,735,19,0
33701,1254,20,0
33701,752301,21,0
33701,525,22,0
33701,526,23,0
33701,527,24,0
33701,528,25,0
33701,529,26,0
33701,530,27,0
33701,531,28,0
33701,100046,29,0
33701,532,30,0
33701,533,31,0
33701,702301,32,0
33701,534,33,0
33701,536,34,0
33701,302301,35,0
33701,1390,36,0
33701,2341200,37,0
33701,4,38,0
33701,1502301,39,0
33701,5,40,0
33701,6,41,0
33701,611305,42,0
33701,1239,43,0
33701,1240,44,0
33701,1394,45,0
33701,1358,46,0
33701,1360,47,0
33701,100048,48,0
33701,1359,49,0
33701,1362,50,0
33701,1391,51,0
33701,1305,52,0
33701,1242,53,1
40100,100000,1,0
40100,1,2,0
40100,2,3,0
40100,3,4,0
40100,2341200,5,0
40100,4,6,0
40100,1502301,7,0
40100,5,8,0
40100,6,9,0
40100,1239,10,0
40100,1240,11,0
40100,1241,12,0
40100,1305,13,0
40100,1242,14,0
40100,1243,15,0
40100,1352,16,0
40100,1244,17,0
40100,1245,18,0
40100,611305,19,0
40100,1246,20,0
40100,7,21,0
40100,8,22,0
40100,9,23,0
40100,10,24,0
40100,11,25,0
40100,12,26,0
40100,13,27,0
40100,14,28,0
40100,15,29,0
40100,16,30,0
40100,17,31,0
40100,100045,32,0
40100,18,33,0
40100,19,34,0
40100,20,35,0
40100,21,36,0
40100,22,37,0
40100,23,38,0
40100,24,39,0
40100,1321300,40,0
40100,26,41,0
40100,28,42,0
40100,29,43,0
40100,30,44,0
40100,31,45,0
40100,32,46,0
40100,33,47,0
40100,34,48,0
40100,35,49,0
40100,36,50,0
40100,37,51,0
40100,38,52,0
40100,39,53,0
40100,1211300,54,0
40100,40,55,0
40100,41,56,0
40100,42,57,0
40100,43,58,1
40101,132,1,0
40101,44,2,0
40101,45,3,0
40101,46,4,0
40101,47,5,0
40101,1211300,6,0
40101,48,7,0
40101,49,8,0
40101,50,9,0
40101,51,10,0
40101,52,11,0
40101,53,12,0
40101,54,13,0
40101,55,14,0
40101,56,15,0
40101,58,16,0
40101,59,17,0
40101,60,18,0
40101,1321300,19,0
40101,61,20,0
40101,62,21,0
40101,63,22,0
40101,1247,23,0
40101,64,24,0
40101,66,25,0
40101,67,26,0
40101,68,27,0
40101,100045,28,0
40101,69,29,0
40101,70,30,0
40101,71,31,0
40101,72,32,0
40101,73,33,0
40101,74,34,0
40101,75,35,0
40101,76,36,0
40101,77,37,0
40101,78,38,0
40101,79,39,0
40101,1314,40,0
40101,611305,41,0
40101,1239,42,0
40101,1240,43,0
40101,1241,44,0
40101,1305,45,0
40101,1242,46,0
40101,1243,47,0
40101,1352,48,0
40101,1244,49,0
40101,1245,50,0
40101,80,51,0
40101,81,52,0
40101,1502301,53,0
40101,82,54,0
40101,1310,55,0
40101,2341200,56,0
40101,84,57,0
40101,85,58,0
40101,86,59,0
40101,100000,60,1
40200,100000,1,0
40200,88,2,0
40200,89,3,0
40200,90,4,0
40200,91,5,0
40200,92,6,0
40200,1502301,7,0
40200,93,8,0
40200,94,9,0
40200,95,10,0
40200,96,11,0
40200,97,12,0
40200,98,13,0
40200,99,14,0
40200,100,15,0
40200,101,16,0
40200,102,17,0
40200,103,18,0
40200,104,19,0
40200,105,20,0
40200,106,21,0
40200,1501201,22,0
40200,107,23,0
40200,108,24,0
40200,109,25,0
40200,110,26,0
40200,111,27,0
40200,43,28,0
40200,113,29,0
40200,114,30,0
40200,100037,31,0
40200,115,32,0
40200,116,33,0
40200,117,34,0
40200,118,35,0
40200,100038,36,0
40200,119,37,0
40200,120,38,0
40200,121,39,0
40200,1348,40,0
40200,681,41,1
40201,678,1,0
40201,1231,2,0
40201,123,3,0
40201,124,4,0
40201,125,5,0
40201,100038,6,0
40201,126,7,0
40201,127,8,0
40201,128,9,0
40201,129,10,0
40201,100037,11,0
40201,130,12,0
40201,131,13,0
40201,132,14,0
40201,133,15,0
40201,134,16,0
40201,135,17,0
40201,136,18,0
40201,137,19,0
40201,1501201,20,0
40201,138,21,0
40201,139,22,0
40201,140,23,0
40201,141,24,0
40201,142,25,0
40201,143,26,0
40201,144,27,0
40201,145,28,0
40201,147,29,0
40201,148,30,0
40201,149,31,0
40201,150,32,0
40201,151,33,0
40201,1502301,34,0
40201,152,35,0
40201,153,36,0
40201,154,37,0
40201,155,38,0
40201,156,39,0
40201,86,40,0
40201,100000,41,1
40400,100000,1,0
40400,259,2,0
40400,1188,3,0
40400,607,4,0
40400,608,5,0
40400,1189,6,0
40400,201,7,0
40400,202,8,0
40400,203,9,0
40400,2311500,10,0
40400,1219,11,0
40400,204,12,0
40400,205,13,0
40400,206,14,0
40400,207,15,0
40400,208,16,0
40400,209,17,0
40400,210,18,0
40400,211,19,0
40400,1218,20,0
40400,1311500,21,0
40400,213,22,0
40400,214,23,0
40400,215,24,0
40400,216,25,0
40400,1310703,26,0
40400,217,27,0
40400,218,28,0
40400,100027,29,0
40400,219,30,0
40400,100002,31,1
40401,100002,1,0
40401,222,2,0
40401,100027,3,0
40401,239,4,0
40401,1310703,5,0
40401,241,6,0
40401,242,7,0
40401,1311500,8,0
40401,244,9,0
40401,245,10,0
40401,246,11,0
40401,248,12,0
40401,249,13,0
40401,250,14,0
40401,251,15,0
40401,252,16,0
40401,253,17,0
40401,1226,18,0
40401,1220,19,0
40401,2311500,20,0
40401,255,21,0
40401,256,22,0
40401,257,23,0
40401,258,24,0
40401,1225,25,0
40401,100000,26,1
40600,100000,1,0
40600,1,2,0
40600,2,3,0
40600,3,4,0
40600,2341200,5,0
40600,344,6,0
40600,345,7,0
40600,346,8,0
40600,347,9,0
40600,349,10,0
40600,269,11,0
40600,100040,12,0
40600,350,13,0
40600,351,14,0
40600,287,15,0
40600,1911200,16,0
40600,352,17,0
40600,353,18,0
40600,354,19,0
40600,355,20,0
40600,356,21,0
40600,130006,22,0
40600,357,23,0
40600,358,24,0
40600,359,25,0
40600,361,26,0
40600,100037,27,0
40600,130,28,0
40600,131,29,0
40600,132,30,1
40601,43,1,0
40601,113,2,0
40601,114,3,0
40601,100037,4,0
40601,561,5,0
40601,362,6,0
40601,363,7,0
40601,364,8,0
40601,365,9,0
40601,130006,10,0
40601,366,11,0
40601,367,12,0
40601,368,13,0
40601,1911200,14,0
40601,320,15,0
40601,321,16,0
40601,369,17,0
40601,370,18,0
40601,100040,19,0
40601,371,20,0
40601,1252,21,0
40601,372,22,0
40601,373,23,0
40601,374,24,0
40601,375,25,0
40601,376,26,0
40601,2341200,27,0
40601,84,28,0
40601,85,29,0
40601,86,30,0
40601,100000,31,1
40800,100000,1,0
40800,261,2,0
40800,263,3,0
40800,302301,4,0
40800,459,5,0
40800,460,6,0
40800,702301,7,0
40800,461,8,0
40800,462,9,0
40800,100046,10,0
40800,463,11,0
40800,465,12,0
40800,466,13,0
40800,467,14,0
40800,468,15,0
40800,752301,16,0
40800,469,17,0
40800,470,18,0
40800,471,19,0
40800,472,20,0
40800,473,21,0
40800,750308,22,0
40800,475,23,0
40800,476,24,0
40800,478,25,0
40800,1910704,26,0
40800,479,27,0
40800,480,28,0
40800,481,29,0
40800,482,30,0
40800,1238,31,0
40800,751201,32,0
40800,484,33,0
40800,485,34,0
40800,486,35,0
40800,487,36,0
40800,488,37,0
40800,489,38,0
40800,490,39,0
40800,491,40,0
40800,492,41,0
40800,493,42,0
40800,410,43,0
40800,411,44,0
40800,413,45,0
40800,414,46,0
40800,415,47,0
40800,416,48,0
40800,417,49,0
40800,418,50,0
40800,419,51,0
40800,420,52,0
40800,421,53,0
40800,100041,54,0
40800,422,55,0
40800,423,56,0
40800,424,57,0
40800,425,58,0
40800,426,59,1
40801,426,1,0
40801,503,2,0
40801,504,3,0
40801,1280,4,0
40801,505,5,0
40801,506,6,0
40801,507,7,0
40801,508,8,0
40801,509,9,0
40801,510,10,0
40801,751201,11,0
40801,511,12,0
40801,512,13,0
40801,513,14,0
40801,1236,15,0
40801,514,16,0
40801,515,17,0
40801,1910704,18,0
40801,516,19,0
40801,517,20,0
40801,518,21,0
40801,519,22,0
40801,750308,23,0
40801,520,24,0
40801,521,25,0
40801,522,26,0
40801,523,27,0
40801,524,28,0
40801,752301,29,0
40801,525,30,0
40801,526,31,0
40801,527,32,0
40801,528,33,0
40801,529,34,0
40801,530,35,0
40801,531,36,0
40801,100046,37,0
40801,532,38,0
40801,533,39,0
40801,702301,40,0
40801,534,41,0
40801,536,42,0
40801,302301,43,0
40801,342,44,0
40801,343,45,0
40801,86,46,0
40801,100000,47,1
40900,100000,1,0
40900,537,2,0
40900,538,3,0
40900,702301,4,0
40900,539,5,0
40900,540,6,0
40900,541,7,0
40900,542,8,0
40900,543,9,0
40900,544,10,0
40900,100008,11,0
40900,545,12,0
40900,546,13,0
40900,547,14,0
40900,1910700,15,0
40900,548,16,0
40900,549,17,0
40900,550,18,0
40900,551,19,0
40900,552,20,0
40900,100030,21,0
40900,553,22,0
40900,554,23,0
40900,555,24,0
40900,556,25,0
40900,1281,26,0
40900,558,27,0
40900,100038,28,0
40900,119,29,0
40900,120,30,0
40900,121,31,0
40900,1348,32,0
40900,100026,33,0
40900,499,34,0
40900,500,35,0
40900,502,36,0
40900,425,37,0
40900,426,38,1
40901,410,1,0
40901,411,2,0
40901,495,3,0
40901,496,4,0
40901,497,5,0
40901,1231,6,0
40901,100026,7,0
40901,123,8,0
40901,124,9,0
40901,125,10,0
40901,100038,11,0
40901,562,12,0
40901,563,13,0
40901,564,14,0
40901,565,15,0
40901,566,16,0
40901,100030,17,0
40901,567,18,0
40901,568,19,0
40901,569,20,0
40901,570,21,0
40901,1910700,22,0
40901,571,23,0
40901,572,24,0
40901,573,25,0
40901,1308,26,0
40901,1237,27,0
40901,100008,28,0
40901,545,29,0
40901,1063,30,0
40901,574,31,0
40901,576,32,0
40901,577,33,0
40901,578,34,0
40901,579,35,0
40901,1344,36,0
40901,580,37,0
40901,702301,38,0
40901,581,39,0
40901,582,40,0
40901,86,41,0
40901,100000,42,1
41000,100000,1,0
41000,88,2,0
41000,89,3,0
41000,1208,4,0
41000,1941501,5,0
41000,584,6,0
41000,585,7,0
41000,586,8,0
41000,587,9,0
41000,588,10,0
41000,589,11,0
41000,590,12,0
41000,1062,13,0
41000,591,14,0
41000,740701,15,0
41000,829,16,0
41000,830,17,0
41000,720702,18,0
41000,785,19,0
41000,786,20,0
41000,787,21,0
41000,789,22,0
41000,100002,23,1
41001,100002,1,0
41001,595,2,0
41001,596,3,0
41001,597,4,0
41001,598,5,0
41001,740701,6,0
41001,599,7,0
41001,600,8,0
41001,601,9,0
41001,602,10,0
41001,603,11,0
41001,604,12,0
41001,605,13,0
41001,606,14,0
41001,1941501,15,0
41001,195,16,0
41001,196,17,0
41001,100000,18,1
41200,100000,1,0
41200,261,2,0
41200,263,3,0
41200,302301,4,0
41200,1213,5,0
41200,264,6,0
41200,265,7,0
41200,266,8,0
41200,267,9,0
41200,268,10,0
41200,1214,11,0
41200,269,12,0
41200,100040,13,0
41200,270,14,0
41200,271,15,0
41200,272,16,0
41200,273,17,0
41200,274,18,0
41200,275,19,0
41200,276,20,0
41200,277,21,0
41200,278,22,0
41200,279,23,0
41200,800309,24,0
41200,280,25,0
41200,281,26,0
41200,282,27,0
41200,283,28,0
41200,284,29,0
41200,100008,30,0
41200,545,31,0
41200,1230,32,0
41200,1061,33,0
41200,1064,34,0
41200,663,35,0
41200,100042,36,0
41200,664,37,0
41200,665,38,0
41200,666,39,0
41200,667,40,0
41200,668,41,0
41200,1912200,42,0
41200,669,43,0
41200,670,44,0
41200,671,45,0
41200,672,46,0
41200,2201201,47,0
41200,673,48,0
41200,674,49,0
41200,675,50,0
41200,676,51,0
41200,678,52,1
41201,681,1,0
41201,683,2,0
41201,684,3,0
41201,685,4,0
41201,686,5,0
41201,2201201,6,0
41201,687,7,0
41201,689,8,0
41201,690,9,0
41201,1912200,10,0
41201,691,11,0
41201,692,12,0
41201,693,13,0
41201,694,14,0
41201,695,15,0
41201,100042,16,0
41201,696,17,0
41201,697,18,0
41201,698,19,0
41201,699,20,0
41201,100008,21,0
41201,286,22,0
41201,320,23,0
41201,321,24,0
41201,322,25,0
41201,323,26,0
41201,324,27,0
41201,325,28,0
41201,800309,29,0
41201,326,30,0
41201,327,31,0
41201,328,32,0
41201,329,33,0
41201,330,34,0
41201,331,35,0
41201,332,36,0
41201,333,37,0
41201,334,38,0
41201,100040,39,0
41201,371,40,0
41201,336,41,0
41201,337,42,0
41201,338,43,0
41201,339,44,0
41201,340,45,0
41201,341,46,0
41201,302301,47,0
41201,342,48,0
41201,343,49,0
41201,86,50,0
41201,100000,51,1
41400,100008,1,0
41400,286,2,0
41400,287,3,0
41400,1911200,4,0
41400,700,5,0
41400,701,6,0
41400,702,7,0
41400,703,8,0
41400,704,9,0
41400,1910700,10,0
41400,705,11,0
41400,706,12,0
41400,707,13,0
41400,708,14,0
41400,1912200,15,0
41400,709,16,0
41400,710,17,0
41400,1911400,18,0
41400,711,19,0
41400,712,20,0
41400,713,21,0
41400,1910704,22,0
41400,714,23,0
41400,715,24,0
41400,716,25,0
41400,717,26,0
41400,1910201,27,0
41400,718,28,0
41400,719,29,0
41400,720,30,0
41400,721,31,0
41400,722,32,0
41400,723,33,0
41400,724,34,0
41400,100033,35,1
41401,100033,1,0
41401,725,2,0
41401,726,3,0
41401,727,4,0
41401,728,5,0
41401,729,6,0
41401,730,7,0
41401,100047,8,0
41401,731,9,0
41401,733,10,0
41401,732,11,0
41401,1253,12,0
41401,202301,13,0
41401,861,14,0
41401,862,15,0
41401,863,16,0
41401,864,17,0
41401,865,18,0
41401,330201,19,0
41401,1392,20,0
41401,1393,21,0
41401,750308,22,0
41401,743,23,0
41401,744,24,0
41401,394,25,0
41401,331400,26,0
41401,746,27,0
41401,100042,28,0
41401,696,29,0
41401,697,30,0
41401,698,31,0
41401,699,32,0
41401,100008,33,1
41500,100000,1,0
41500,88,2,0
41500,89,3,0
41500,1208,4,0
41500,158,5,0
41500,159,6,0
41500,160,7,0
41500,1941601,8,0
41500,747,9,0
41500,748,10,0
41500,749,11,0
41500,750,12,0
41500,751,13,0
41500,178,14,0
41500,179,15,0
41500,1283,16,0
41500,180,17,0
41500,100022,18,0
41500,1357,19,0
41500,1215,20,0
41500,182,21,0
41500,183,22,0
41500,184,23,0
41500,752,24,0
41500,753,25,0
41500,754,26,0
41500,1942201,27,0
41500,755,28,0
41500,756,29,0
41500,757,30,0
41500,758,31,0
41500,759,32,0
41500,2211303,33,0
41500,770,34,0
41500,771,35,0
41500,772,36,0
41500,774,37,0
41500,775,38,0
41500,777,39,0
41500,778,40,0
41500,779,41,0
41500,1203,42,0
41500,780,43,0
41500,311601,44,0
41500,164,45,0
41500,165,46,0
41500,166,47,0
41500,167,48,0
41500,100039,49,0
41500,781,50,0
41500,782,51,0
41500,783,52,0
41500,784,53,0
41500,720702,54,0
41500,785,55,0
41500,786,56,0
41500,787,57,0
41500,789,58,0
41500,100002,59,1
41501,100002,1,0
41501,1309,2,0
41501,791,3,0
41501,792,4,0
41501,793,5,0
41501,720702,6,0
41501,794,7,0
41501,795,8,0
41501,796,9,0
41501,797,10,0
41501,100039,11,0
41501,798,12,0
41501,799,13,0
41501,800,14,0
41501,801,15,0
41501,311601,16,0
41501,1284,17,0
41501,803,18,0
41501,805,19,0
41501,806,20,0
41501,807,21,0
41501,808,22,0
41501,809,23,0
41501,810,24,0
41501,2211303,25,0
41501,820,26,0
41501,821,27,0
41501,822,28,0
41501,1222,29,0
41501,823,30,0
41501,824,31,0
41501,1942201,32,0
41501,1227,33,0
41501,826,34,0
41501,827,35,0
41501,178,36,0
41501,179,37,0
41501,1283,38,0
41501,180,39,0
41501,100022,40,0
41501,1357,41,0
41501,1215,42,0
41501,182,43,0
41501,183,44,0
41501,184,45,0
41501,828,46,0
41501,1221,47,0
41501,190,48,0
41501,191,49,0
41501,192,50,0
41501,1941601,51,0
41501,1342,52,0
41501,1338,53,0
41501,100000,54,1
41600,100000,1,0
41600,88,2,0
41600,89,3,0
41600,1208,4,0
41600,1941501,5,0
41600,584,6,0
41600,585,7,0
41600,586,8,0
41600,587,9,0
41600,588,10,0
41600,589,11,0
41600,590,12,0
41600,1062,13,0
41600,591,14,0
41600,740701,15,0
41600,829,16,0
41600,830,17,0
41600,720702,18,0
41600,831,19,0
41600,832,20,0
41600,833,21,0
41600,834,22,0
41600,1285,23,0
41600,1067,24,0
41600,100006,25,1
41601,100006,1,0
41601,231,2,0
41601,1206,3,0
41601,838,4,0
41601,1075,5,0
41601,839,6,0
41601,840,7,0
41601,841,8,0
41601,842,9,0
41601,720702,10,0
41601,844,11,0
41601,845,12,0
41601,740701,13,0
41601,599,14,0
41601,600,15,0
41601,601,16,0
41601,602,17,0
41601,603,18,0
41601,604,19,0
41601,605,20,0
41601,606,21,0
41601,1941501,22,0
41601,195,23,0
41601,196,24,0
41601,100000,25,1
41700,100000,1,0
41700,846,2,0
41700,847,3,0
41700,848,4,0
41700,2311500,5,0
41700,849,6,0
41700,850,7,0
41700,851,8,0
41700,613,9,0
41700,1191,10,0
41700,1192,11,0
41700,1194,12,0
41700,616,13,0
41700,852,14,0
41700,853,15,0
41700,201701,16,0
41700,854,17,0
41700,855,18,0
41700,856,19,0
41700,200500,20,0
41700,857,21,0
41700,858,22,0
41700,860,23,0
41700,202301,24,0
41700,861,25,0
41700,862,26,0
41700,863,27,0
41700,864,28,0
41700,865,29,0
41700,330201,30,0
41700,866,31,0
41700,867,32,0
41700,868,33,0
41700,1910201,34,0
41700,869,35,0
41700,870,36,0
41700,871,37,0
41700,872,38,0
41700,508,39,0
41700,509,40,0
41700,510,41,0
41700,751201,42,0
41700,403,43,0
41700,404,44,0
41700,1229,45,0
41700,407,46,0
41700,408,47,0
41700,409,48,0
41700,410,49,1
41701,426,1,0
41701,427,2,0
41701,428,3,0
41701,429,4,0
41701,430,5,0
41701,431,6,0
41701,432,7,0
41701,751201,8,0
41701,484,9,0
41701,485,10,0
41701,486,11,0
41701,487,12,0
41701,488,13,0
41701,890,14,0
41701,891,15,0
41701,892,16,0
41701,893,17,0
41701,1910201,18,0
41701,894,19,0
41701,895,20,0
41701,330201,21,0
41701,896,22,0
41701,897,23,0
41701,898,24,0
41701,899,25,0
41701,900,26,0
41701,202301,27,0
41701,901,28,0
41701,902,29,0
41701,903,30,0
41701,200500,31,0
41701,904,32,0
41701,906,33,0
41701,907,34,0
41701,201701,35,0
41701,908,36,0
41701,651,37,0
41701,652,38,0
41701,653,39,0
41701,654,40,0
41701,909,41,0
41701,910,42,0
41701,1287,43,0
41701,2311500,44,0
41701,912,45,0
41701,913,46,0
41701,914,47,0
41701,100000,48,1
41800,100000,1,0
41800,259,2,0
41800,1188,3,0
41800,607,4,0
41800,608,5,0
41800,1189,6,0
41800,610,7,0
41800,1190,8,0
41800,100011,9,0
41800,612,10,0
41800,916,11,0
41800,917,12,0
41800,918,13,0
41800,920,14,0
41800,921,15,0
41800,922,16,0
41800,923,17,0
41800,200500,18,0
41800,904,19,0
41800,906,20,0
41800,907,21,0
41800,925,22,0
41800,926,23,0
41800,1921701,24,0
41800,927,25,0
41800,928,26,0
41800,929,27,0
41800,931,28,0
41800,932,29,0
41800,933,30,0
41800,934,31,0
41800,935,32,0
41800,936,33,0
41800,937,34,0
41800,642,35,0
41800,1812300,36,0
41800,1198,37,0
41800,643,38,0
41800,644,39,0
41800,645,40,0
41800,1197,41,0
41800,1256,42,0
41800,1311500,43,0
41800,213,44,0
41800,214,45,0
41800,215,46,0
41800,216,47,0
41800,1310703,48,0
41800,217,49,0
41800,218,50,0
41800,100027,51,0
41800,219,52,0
41800,100002,53,1
41801,100002,1,0
41801,222,2,0
41801,100027,3,0
41801,239,4,0
41801,1310703,5,0
41801,241,6,0
41801,242,7,0
41801,1311500,8,0
41801,1351,9,0
41801,943,10,0
41801,944,11,0
41801,945,12,0
41801,946,13,0
41801,947,14,0
41801,1248,15,0
41801,1812300,16,0
41801,949,17,0
41801,950,18,0
41801,951,19,0
41801,952,20,0
41801,953,21,0
41801,954,22,0
41801,955,23,0
41801,957,24,0
41801,958,25,0
41801,745,26,0
41801,1249,27,0
41801,1921701,28,0
41801,960,29,0
41801,854,30,0
41801,855,31,0
41801,856,32,0
41801,200500,33,0
41801,1250,34,0
41801,963,35,0
41801,964,36,0
41801,966,37,0
41801,1251,38,0
41801,1356,39,0
41801,100011,40,0
41801,657,41,0
41801,658,42,0
41801,659,43,0
41801,660,44,0
41801,458,45,0
41801,100000,46,1
42000,100002,1,0
42000,222,2,0
42000,100027,3,0
42000,223,4,0
42000,224,5,0
42000,1930302,6,0
42000,967,7,0
42000,968,8,0
42000,969,9,0
42000,971,10,0
42000,972,11,0
42000,973,12,0
42000,974,13,0
42000,975,14,0
42000,1511801,15,0
42000,976,16,0
42000,977,17,0
42000,978,18,0
42000,979,19,0
42000,980,20,0
42000,981,21,0
42000,982,22,0
42000,983,23,0
42000,984,24,0
42000,100032,25,0
42000,985,26,0
42000,1313,27,0
42000,986,28,0
42000,987,29,0
42000,100035,30,1
42001,100035,1,0
42001,1307,2,0
42001,990,3,0
42001,991,4,0
42001,992,5,0
42001,993,6,0
42001,1290,7,0
42001,994,8,0
42001,996,9,0
42001,997,10,0
42001,1930302,11,0
42001,237,12,0
42001,238,13,0
42001,100027,14,0
42001,219,15,0
42001,100002,16,1
42100,100035,1,0
42100,1307,2,0
42100,1024,3,0
42100,1025,4,0
42100,1026,5,0
42100,1027,6,0
42100,1028,7,0
42100,1962003,8,0
42100,1029,9,0
42100,1030,10,0
42100,1031,11,0
42100,1032,12,0
42100,320306,13,0
42100,1209,14,0
42100,1034,15,0
42100,1035,16,0
42100,1036,17,0
42100,1037,18,0
42100,1038,19,0
42100,1039,20,0
42100,1041,21,0
42100,1042,22,0
42100,1043,23,0
42100,100043,24,0
42100,1044,25,0
42100,1045,26,0
42100,1901306,27,0
42100,1353,28,0
42100,1294,29,0
42100,1205,30,0
42100,228,31,0
42100,1067,32,0
42100,100006,33,1
42101,100006,1,0
42101,231,2,0
42101,1206,3,0
42101,1286,4,0
42101,999,5,0
42101,1207,6,0
42101,1901306,7,0
42101,1350,8,0
42101,1002,9,0
42101,100043,10,0
42101,1003,11,0
42101,1004,12,0
42101,1005,13,0
42101,1006,14,0
42101,1007,15,0
42101,1008,16,0
42101,1010,17,0
42101,1011,18,0
42101,1012,19,0
42101,1296,20,0
42101,320306,21,0
42101,1013,22,0
42101,1014,23,0
42101,1016,24,0
42101,1017,25,0
42101,1962003,26,0
42101,1018,27,0
42101,1019,28,0
42101,1021,29,0
42101,1022,30,0
42101,1023,31,0
42101,100035,32,1
42300,100006,1,0
42300,231,2,0
42300,1206,3,0
42300,838,4,0
42300,1075,5,0
42300,839,6,0
42300,720702,7,0
42300,795,8,0
42300,796,9,0
42300,100039,10,0
42300,168,11,0
42300,100036,12,1
42301,100036,1,0
42301,767,2,0
42301,1202,3,0
42301,768,4,0
42301,772,5,0
42301,774,6,0
42301,775,7,0
42301,777,8,0
42301,778,9,0
42301,779,10,0
42301,1203,11,0
42301,780,12,0
42301,311601,13,0
42301,164,14,0
42301,165,15,0
42301,166,16,0
42301,167,17,0
42301,100039,18,0
42301,781,19,0
42301,782,20,0
42301,783,21,0
42301,784,22,0
42301,720702,23,0
42301,831,24,0
42301,832,25,0
42301,833,26,0
42301,834,27,0
42301,1285,28,0
42301,1067,29,0
42301,100006,30,1
42400,100006,1,0
42400,231,2,0
42400,1206,3,0
42400,1340,4,0
42400,1071,5,0
42400,1962003,6,0
42400,1029,7,0
42400,1030,8,0
42400,1072,9,0
42400,1073,10,0
42400,1204,11,0
42400,1036,12,0
42400,1037,13,0
42400,1038,14,0
42400,1039,15,0
42400,100023,16,1
42401,100023,1,0
42401,1396,2,0
42401,1397,3,0
42401,1398,4,0
42401,1901306,5,0
42401,1353,6,0
42401,1294,7,0
42401,1205,8,0
42401,228,9,0
42401,1067,10,0
42401,100006,11,1
42501,100006,1,0
42501,231,2,0
42501,1206,3,0
42501,1340,4,0
42501,100000,5,1
43100,100006,1,0
43100,231,2,0
43100,1206,3,0
43100,1286,4,0
43100,999,5,0
43100,1207,6,0
43100,1901306,7,0
43100,1349,8,0
43100,1299,9,0
43100,1300,10,0
43100,1301,11,0
43100,100023,12,1
43101,100023,1,0
43101,1072,2,0
43101,1073,3,0
43101,1204,4,0
43101,1012,5,0
43101,1296,6,0
43101,1045,7,0
43101,1901306,8,0
43101,1353,9,0
43101,1294,10,0
43101,1205,11,0
43101,228,12,0
43101,1067,13,0
43101,100006,14,1
43200,100035,1,0
43200,1307,2,0
43200,1101,3,0
43200,1102,4,0
43200,1103,5,0
43200,1104,6,0
43200,1233,7,0
43200,994,8,0
43200,996,9,0
43200,997,10,0
43200,1930302,11,0
43200,225,12,0
43200,226,13,0
43200,227,14,0
43200,228,15,0
43200,1067,16,0
43200,100006,17,1
43201,100006,1,0
43201,231,2,0
43201,1206,3,0
43201,1340,4,0
43201,234,5,0
43201,235,6,0
43201,236,7,0
43201,1930302,8,0
43201,967,9,0
43201,968,10,0
43201,969,11,0
43201,971,12,0
43201,972,13,0
43201,973,14,0
43201,974,15,0
43201,975,16,0
43201,1511801,17,0
43201,1302,18,0
43201,1303,19,0
43201,100035,20,1
43500,100006,1,0
43500,231,2,0
43500,1206,3,0
43500,1340,4,0
43500,234,5,0
43500,235,6,0
43500,236,7,0
43500,1930302,8,0
43500,237,9,0
43500,238,10,0
43500,100027,11,0
43500,219,12,0
43500,100002,13,1
43501,100002,1,0
43501,222,2,0
43501,100027,3,0
43501,223,4,0
43501,224,5,0
43501,1930302,6,0
43501,225,7,0
43501,226,8,0
43501,227,9,0
43501,228,10,0
43501,1067,11,0
43501,100006,12,1
43600,100002,1,0
43600,1309,2,0
43600,791,3,0
43600,792,4,0
43600,793,5,0
43600,720702,6,0
43600,831,7,0
43600,832,8,0
43600,833,9,0
43600,834,10,0
43600,1285,11,0
43600,1067,12,0
43600,100006,13,1
43601,100006,1,0
43601,231,2,0
43601,1206,3,0
43601,838,4,0
43601,1075,5,0
43601,839,6,0
43601,842,7,0
43601,720702,8,0
43601,785,9,0
43601,786,10,0
43601,787,11,0
43601,789,12,0
43601,100002,13,1
43700,1242,1,0
43700,1358,2,0
43700,100048,3,0
43700,1360,4,0
43700,1359,5,0
43700,1362,6,0
43700,1391,7,0
43700,1352,8,0
43700,1244,9,0
43700,1245,10,0
43700,611305,11,0
43700,80,12,0
43700,81,13,0
43700,1502301,14,0
43700,82,15,0
43700,1310,16,0
43700,2341200,17,0
43700,1363,18,0
43700,302301,19,0
43700,459,20,0
43700,460,21,0
43700,702301,22,0
43700,461,23,0
43700,462,24,0
43700,100046,25,0
43700,463,26,0
43700,465,27,0
43700,466,28,0
43700,467,29,0
43700,468,30,0
43700,752301,31,0
43700,1364,32,0
43700,1365,33,0
43700,1366,34,0
43700,202301,35,0
43700,1368,36,0
43700,1369,37,0
43700,1370,38,0
43700,100047,39,0
43700,1371,40,0
43700,1372,41,0
43700,100049,42,1
43701,100049,1,0
43701,1373,2,0
43701,1374,3,0
43701,100047,4,0
43701,731,5,0
43701,733,6,0
43701,732,7,0
43701,1253,8,0
43701,202301,9,0
43701,734,10,0
43701,735,11,0
43701,1254,12,0
43701,752301,13,0
43701,525,14,0
43701,526,15,0
43701,527,16,0
43701,528,17,0
43701,529,18,0
43701,530,19,0
43701,531,20,0
43701,100046,21,0
43701,532,22,0
43701,533,23,0
43701,702301,24,0
43701,534,25,0
43701,536,26,0
43701,302301,27,0
43701,1390,28,0
43701,2341200,29,0
43701,4,30,0
43701,1502301,31,0
43701,5,32,0
43701,6,33,0
43701,611305,34,0
43701,1239,35,0
43701,1240,36,0
43701,1394,37,0
43701,1358,38,0
43701,1360,39,0
43701,100048,40,0
43701,1359,41,0
43701,1362,42,0
43701,1391,43,0
43701,1305,44,0
43701,1242,45,1
