30101,'12',548,,32951,7,0,5 15,1,70,,32950,7,0,5 15,1,30,,32970,7,0,5 15,1,70,,32946,7,0,5 15,1,30,,32959,7,0,5 15,1,70,,32981,7,0,5 15,1,30,,32958,7,0,5 15,1,70,,32968,7,0,5 15,1,30,,32983,7,0,5 15,1,71,,32963,7,0,5 15,1,30,,32979,7,0,5 15,1,70,,32953,7,0,5 15,1,30,,32982,7,0,5 15,1,70,,32992,7,0,5 15,1,30,,32975,7,0,5 15,1,70,,32989,7,0,5 15,1,30,,32949,7,0,5 15,1,70,,32974,7,0,5 15,1,30,,32973,7,0,5 15,1,70,,32961,7,0,5 15,1,30,,32988,7,0,5 15,1,70,,32962,7,0,5 15,1,30,,32978,7,0,5 15,1,70,,32964,7,0,5 15,1,30,,32984,7,0,5 15,1,70,,32965,7,0,5 15,1
30101,'13',548,,33000,7,0,5 15,1,70,,28987,7,0,5 15,1,30,,28603,7,0,5 15,1,70,,32996,7,0,5 15,1,30,,28364,7,0,5 15,1,70,,33027,7,0,5 15,1,30,,33007,7,0,5 15,1,70,,21832,7,0,5 15,1,30,,33029,7,0,5 15,1,71,,33011,7,0,5 15,1,30,,33025,7,0,5 15,1,70,,33002,7,0,5 15,1,30,,33028,7,0,5 15,1,70,,33034,7,0,5 15,1,30,,33021,7,0,5 15,1,70,,33032,7,0,5 15,1,30,,32999,7,0,5 15,1,70,,33020,7,0,5 15,1,30,,33019,7,0,5 15,1,70,,33009,7,0,5 15,1,30,,33031,7,0,5 15,1,70,,33010,7,0,5 15,1,30,,33024,7,0,5 15,1,70,,33012,7,0,5 15,1,30,,27566,7,0,5 15,1,70,,33013,7,0,5 15,1
30101,'3',548,,33042,7,0,5 15,1,70,,29009,7,0,5 15,1,30,,28645,7,0,5 15,1,70,,33038,7,0,5 15,1,30,,28382,7,0,5 15,1,70,,33069,7,0,5 15,1,30,,33049,7,0,5 15,1,70,,21855,7,0,5 15,1,30,,33071,7,0,5 15,1,71,,33053,7,0,5 15,1,30,,33067,7,0,5 15,1,70,,33044,7,0,5 15,1,30,,33070,7,0,5 15,1,70,,33076,7,0,5 15,1,30,,33063,7,0,5 15,1,70,,33074,7,0,5 15,1,30,,33041,7,0,5 15,1,70,,33062,7,0,5 15,1,30,,33061,7,0,5 15,1,70,,33051,7,0,5 15,1,30,,33073,7,0,5 15,1,70,,33052,7,0,5 15,1,30,,33066,7,0,5 15,1,70,,33054,7,0,5 15,1,30,,27588,7,0,5 15,1,70,,33055,7,0,5 15,1
30101,'6',548,,33085,7,0,5 15,1,70,,33084,7,0,5 15,1,30,,33104,7,0,5 15,1,70,,33080,7,0,5 15,1,30,,33093,7,0,5 15,1,70,,33115,7,0,5 15,1,30,,33092,7,0,5 15,1,70,,33102,7,0,5 15,1,30,,33117,7,0,5 15,1,71,,33097,7,0,5 15,1,30,,33113,7,0,5 15,1,70,,33087,7,0,5 15,1,30,,33116,7,0,5 15,1,70,,33126,7,0,5 15,1,30,,33109,7,0,5 15,1,70,,33123,7,0,5 15,1,30,,33083,7,0,5 15,1,70,,33108,7,0,5 15,1,30,,33107,7,0,5 15,1,70,,33095,7,0,5 15,1,30,,33122,7,0,5 15,1,70,,33096,7,0,5 15,1,30,,33112,7,0,5 15,1,70,,33098,7,0,5 15,1,30,,33118,7,0,5 15,1,70,,33099,7,0,5 15,1
33701,'1',626,,37361,11,,,1,30,,37374,11,,,1,70,,37404,11,,,1,30,,37380,11,,,1,70,,37401,11,,,1,30,,37385,11,,,1,70,,37368,11,,,1,30,,37396,11,,,1,71,,37402,11,,,1,30,,37366,11,,,1,70,,37388,11,,,1,30,,37362,11,,,1,70,,37382,11,,,1,30,,37394,11,,,1,70,,37393,11,,,1,30,,37400,11,,,1,71,,37378,11,,,1,30,,31114,11,,,1,70,,37392,11,,,1,30,,37405,11,,,1,70,,37398,11,,,1,30,,37370,11,,,1,70,,37395,11,,,1,30,,37397,11,,,1,70,,37379,11,,,1
33701,'11',626,,37407,11,,,1,30,,37421,11,,,1,70,,37454,11,,,1,30,,37427,11,,,1,70,,37451,11,,,1,30,,37433,11,,,1,70,,37415,11,,,1,30,,37446,11,,,1,71,,37452,11,,,1,30,,37413,11,,,1,70,,37436,11,,,1,30,,37408,11,,,1,70,,37430,11,,,1,30,,37442,11,,,1,70,,37441,11,,,1,30,,37450,11,,,1,71,,37425,11,,,1,30,,37409,11,,,1,70,,37440,11,,,1,30,,37455,11,,,1,70,,37448,11,,,1,30,,37417,11,,,1,70,,37445,11,,,1,30,,37447,11,,,1,70,,37426,11,,,1
33701,'12',606,,37463,11,,,1,30,,37488,11,,,1,69,,37467,11,,,1,30,,37494,11,,,1,70,,37492,11,,,1,30,,37487,11,,,1,70,,37456,11,,,1,30,,37470,11,,,1,69,,37505,11,,,1,30,,37499,11,,,1,70,,37483,11,,,1,30,,37460,11,,,1,70,,37459,11,,,1,30,,37469,11,,,1,70,,37496,11,,,1,30,,37491,11,,,1,70,,37464,11,,,1,30,,37457,11,,,1,70,,37485,11,,,1,30,,37479,11,,,1,70,,37471,11,,,1,30,,37474,11,,,1,70,,37482,11,,,1,30,,37458,11,,,1,70,,37481,11,,,1
33701,'13',606,,22712,11,,,1,30,,37534,11,,,1,69,,37516,11,,,1,30,,37539,11,,,1,70,,27815,11,,,1,30,,37533,11,,,1,70,,37506,11,,,1,30,,37519,11,,,1,69,,37547,11,,,1,30,,37542,11,,,1,70,,28608,11,,,1,30,,37510,11,,,1,70,,37509,11,,,1,30,,37518,11,,,1,70,,32018,11,,,1,30,,37537,11,,,1,70,,37513,11,,,1,30,,37507,11,,,1,70,,37531,11,,,1,30,,37526,11,,,1,70,,32724,11,,,1,30,,37522,11,,,1,70,,37529,11,,,1,30,,37508,11,,,1,70,,37528,11,,,1
33701,'14',1027,,37565,11,,,1,30,,37563,11,,,1,70,,37550,11,,,1,30,,37556,11,,,1,70,,37570,11,,,1,30,,37555,11,,,1,70,,37560,11,,,1,30,,37569,11,,,1,71,,37557,11,,,1,30,,37572,11,,,1,70,,37551,11,,,1,30,,37552,11,,,1,70,,37576,11,,,1,30,,37571,11,,,1,70,,37553,11,,,1
33701,'16',626,,37578,11,,,1,30,,37591,11,,,1,70,,37621,11,,,1,30,,37597,11,,,1,70,,37618,11,,,1,30,,37602,11,,,1,70,,37585,11,,,1,30,,37613,11,,,1,71,,37619,11,,,1,30,,37583,11,,,1,70,,37605,11,,,1,30,,37579,11,,,1,70,,37599,11,,,1,30,,37611,11,,,1,70,,37610,11,,,1,30,,37617,11,,,1,71,,37595,11,,,1,30,,26840,11,,,1,70,,37609,11,,,1,30,,37622,11,,,1,70,,37615,11,,,1,30,,37587,11,,,1,70,,37612,11,,,1,30,,37614,11,,,1,70,,37596,11,,,1
33701,'3',606,,22734,11,,,1,30,,37651,11,,,1,69,,37633,11,,,1,30,,37656,11,,,1,70,,27838,11,,,1,30,,37650,11,,,1,70,,37623,11,,,1,30,,37636,11,,,1,69,,37664,11,,,1,30,,37659,11,,,1,70,,28650,11,,,1,30,,37627,11,,,1,70,,37626,11,,,1,30,,37635,11,,,1,70,,32058,11,,,1,30,,37654,11,,,1,70,,37630,11,,,1,30,,37624,11,,,1,70,,37648,11,,,1,30,,37643,11,,,1,70,,32737,11,,,1,30,,37639,11,,,1,70,,37646,11,,,1,30,,37625,11,,,1,70,,37645,11,,,1
33701,'6',606,,37672,11,,,1,30,,37697,11,,,1,69,,37676,11,,,1,30,,37703,11,,,1,70,,37701,11,,,1,30,,37696,11,,,1,70,,37665,11,,,1,30,,37679,11,,,1,69,,37714,11,,,1,30,,37708,11,,,1,70,,37692,11,,,1,30,,37669,11,,,1,70,,37668,11,,,1,30,,37678,11,,,1,70,,37705,11,,,1,30,,37700,11,,,1,70,,37673,11,,,1,30,,37666,11,,,1,70,,37694,11,,,1,30,,37688,11,,,1,70,,37680,11,,,1,30,,37683,11,,,1,70,,37691,11,,,1,30,,37667,11,,,1,70,,37690,11,,,1
33701,'8',1057,,37741,11,,,1,70,,37735,11,,,1,30,,37731,11,,,1,70,,37716,11,,,1,30,,37742,11,,,1,70,,37732,11,,,1,30,,37717,11,,,1,71,,37739,11,,,1,30,,37727,11,,,1,70,,37724,11,,,1,30,,37736,11,,,1,70,,37734,11,,,1,30,,37728,11,,,1,70,,37733,11,,,1,30,,37737,11,,,1
40101,'1',558,,38014,7,0,16,1,70,,38016,7,0,16,1,30,,38039,7,0,16,1,70,,38035,7,0,16,1,30,,38055,7,0,16,1,70,,38050,7,0,16,1,30,,29433,7,0,16,1,70,,38030,7,0,16,1,30,,38023,7,0,16,1,70,,38062,7,0,16,1,30,,38042,7,0,16,1,70,,38022,7,0,16,1,30,,24141,7,0,16,1,70,,38029,7,0,16,1,30,,38051,7,0,16,1,70,,38015,7,0,16,1,30,,38065,7,0,16,1,70,,38009,7,0,16,1,30,,38053,7,0,16,1,70,,38047,7,0,16,1,30,,38021,7,0,16,1,70,,38041,7,0,16,1,30,,38019,7,0,16,1,70,,38064,7,0,16,1,30,,38044,7,0,16,1,70,,38058,7,0,16,1,30,,38024,7,0,16,1,100,,38017,7,0,16,1,100,,38010,7,0,16,1,100,,38018,7,0,16,1,100,,38061,7,0,16,1
40101,'11',558,,38071,7,0,16,1,70,,38073,7,0,16,1,30,,38096,7,0,16,1,70,,38092,7,0,16,1,30,,38115,7,0,16,1,70,,38109,7,0,16,1,30,,38122,7,0,16,1,70,,38087,7,0,16,1,30,,38080,7,0,16,1,70,,38123,7,0,16,1,30,,38100,7,0,16,1,70,,38079,7,0,16,1,30,,38111,7,0,16,1,70,,38086,7,0,16,1,30,,38110,7,0,16,1,70,,38072,7,0,16,1,30,,38126,7,0,16,1,70,,38066,7,0,16,1,30,,38113,7,0,16,1,70,,38106,7,0,16,1,30,,38078,7,0,16,1,70,,38098,7,0,16,1,30,,38076,7,0,16,1,70,,38125,7,0,16,1,30,,38103,7,0,16,1,70,,38118,7,0,16,1,30,,38081,7,0,16,1,100,,38074,7,0,16,1,100,,38067,7,0,16,1,100,,38075,7,0,16,1,100,,38121,7,0,16,1
40101,'12',1858,,38136,7,0,16,1,100,,38131,7,0,16,1,100,,38135,7,0,16,1,100,,38129,7,0,16,1,100,,38127,7,0,16,1
40101,'13',1858,,38147,7,0,16,1,100,,38142,7,0,16,1,100,,38146,7,0,16,1,100,,38140,7,0,16,1,100,,38138,7,0,16,1
40101,'14',1058,,38154,7,0,16,1,100,,38161,7,0,16,1,100,,38152,7,0,16,1,100,,38163,7,0,16,1,100,,38160,7,0,16,1,100,,38150,7,0,16,1,100,,38155,7,0,16,1
40101,'16',558,,38169,7,0,16,1,70,,38171,7,0,16,1,30,,38194,7,0,16,1,70,,38190,7,0,16,1,30,,38210,7,0,16,1,70,,38205,7,0,16,1,30,,29553,7,0,16,1,70,,38185,7,0,16,1,30,,38178,7,0,16,1,70,,38217,7,0,16,1,30,,38197,7,0,16,1,70,,38177,7,0,16,1,30,,30819,7,0,16,1,70,,38184,7,0,16,1,30,,38206,7,0,16,1,70,,38170,7,0,16,1,30,,38220,7,0,16,1,70,,38164,7,0,16,1,30,,38208,7,0,16,1,70,,38202,7,0,16,1,30,,38176,7,0,16,1,70,,38196,7,0,16,1,30,,38174,7,0,16,1,70,,38219,7,0,16,1,30,,38199,7,0,16,1,70,,38213,7,0,16,1,30,,38179,7,0,16,1,100,,38172,7,0,16,1,100,,38165,7,0,16,1,100,,38173,7,0,16,1,100,,38216,7,0,16,1
40101,'3',1858,,38230,7,0,16,1,100,,38225,7,0,16,1,100,,38229,7,0,16,1,100,,38223,7,0,16,1,100,,38221,7,0,16,1
40101,'6',1858,,38241,7,0,16,1,100,,38236,7,0,16,1,100,,38240,7,0,16,1,100,,38234,7,0,16,1,100,,38232,7,0,16,1
40101,'8',858,,38256,7,0,16,1,100,,38280,7,0,16,1,100,,38265,7,0,16,1,70,,38271,7,0,16,1,30,,38275,7,0,16,1,70,,38277,7,0,16,1,30,,38264,7,0,16,1,70,,38249,7,0,16,1,30,,38266,7,0,16,1,70,,38270,7,0,16,1,30,,38255,7,0,16,1,70,,38278,7,0,16,1,30,,38259,7,0,16,1,70,,38246,7,0,16,1,30,,38257,7,0,16,1,70,,38261,7,0,16,1,30,,38250,7,0,16,1,70,,38245,7,0,16,1,30,,38263,7,0,16,1
43701,'1',1905,,32627,11,,,1,100,,41925,11,,,1,100,,41928,11,,,1,100,,41929,11,,,1,100,,41930,11,,,1
43701,'11',1905,,41939,11,,,1,100,,41933,11,,,1,100,,41937,11,,,1,100,,41938,11,,,1,100,,41940,11,,,1
43701,'12',1905,,41943,11,,,1,100,,41942,11,,,1,100,,41950,11,,,1,100,,41944,11,,,1,100,,41945,11,,,1
43701,'13',1905,,41953,11,,,1,100,,41952,11,,,1,100,,41959,11,,,1,100,,41954,11,,,1,100,,41955,11,,,1
43701,'16',1905,,41967,11,,,1,100,,41962,11,,,1,100,,41965,11,,,1,100,,41966,11,,,1,100,,41968,11,,,1
43701,'3',1905,,41971,11,,,1,100,,41970,11,,,1,100,,41977,11,,,1,100,,41972,11,,,1,100,,41973,11,,,1
43701,'6',1905,,41980,11,,,1,100,,41979,11,,,1,100,,41987,11,,,1,100,,41981,11,,,1,100,,41982,11,,,1
