33700,'1',643,,24480,17,,,1,70,,24458,17,,,1,30,,24455,17,,,1,70,,24435,17,,,1,30,,24465,17,,,1,70,,20866,17,,,1,30,,24442,17,,,1,70,,24443,17,,,1,30,,24450,17,,,1,70,,17894,17,,,1,30,,24439,17,,,1,70,,24471,17,,,1,30,,24446,17,,,1,70,,24466,17,,,1,30,,24460,17,,,1,70,,24438,17,,,1,30,,24468,17,,,1,70,,24456,17,,,1,30,,24447,17,,,1,70,,3825,17,,,1,30,,24461,17,,,1,70,,24457,17,,,1,30,,16998,17,,,1,70,,24476,17,,,1,30,,24467,17,,,1
33700,'10',643,,24521,17,,,1,70,,24500,17,,,1,30,,24497,17,,,1,70,,13760,17,,,1,30,,24507,17,,,1,70,,24501,17,,,1,30,,12779,17,,,1,70,,24487,17,,,1,30,,24492,17,,,1,70,,24481,17,,,1,30,,12594,17,,,1,70,,24513,17,,,1,30,,10705,17,,,1,70,,10842,17,,,1,30,,24502,17,,,1,70,,24483,17,,,1,30,,24510,17,,,1,70,,24498,17,,,1,30,,24489,17,,,1,70,,24508,17,,,1,30,,24503,17,,,1,70,,24499,17,,,1,30,,24484,17,,,1,70,,12032,17,,,1,30,,24509,17,,,1
33700,'11',1143,,24542,17,,,1,70,,15017,17,,,1,30,,24522,17,,,1,70,,21080,17,,,1,30,,24530,17,,,1,70,,9671,17,,,1,30,,24535,17,,,1,70,,24524,17,,,1,30,,24534,17,,,1,70,,24532,17,,,1,30,,24536,17,,,1,70,,24528,17,,,1,30,,24537,17,,,1,70,,15829,17,,,1,30,,13523,17,,,1
33700,'13',713,,24567,17,,,1,30,,24581,17,,,1,70,,24568,17,,,1,30,,24560,17,,,1,70,,24586,17,,,1,30,,24564,17,,,1,70,,24547,17,,,1,30,,24580,17,,,1,70,,24546,17,,,1,30,,24550,17,,,1,70,,24582,17,,,1,30,,24572,17,,,1,70,,24573,17,,,1,30,,24544,17,,,1,70,,24583,17,,,1,30,,24555,17,,,1,70,,24575,17,,,1,30,,24561,17,,,1,70,,24549,17,,,1,30,,24577,17,,,1,70,,24553,17,,,1,30,,24579,17,,,1,70,,24587,17,,,1,30,,24570,17,,,1,70,,24545,17,,,1
33700,'3',643,,24627,17,,,1,70,,24607,17,,,1,30,,24604,17,,,1,70,,13808,17,,,1,30,,24614,17,,,1,70,,24608,17,,,1,30,,24595,17,,,1,70,,24596,17,,,1,30,,24600,17,,,1,70,,24589,17,,,1,30,,12635,17,,,1,70,,24620,17,,,1,30,,10747,17,,,1,70,,3284,17,,,1,30,,24609,17,,,1,70,,24591,17,,,1,30,,24617,17,,,1,70,,24605,17,,,1,30,,9566,17,,,1,70,,24615,17,,,1,30,,24610,17,,,1,70,,24606,17,,,1,30,,24592,17,,,1,70,,4560,17,,,1,30,,24616,17,,,1
33700,'8',1143,,24654,17,,,1,70,,24632,17,,,1,30,,24628,17,,,1,70,,24649,17,,,1,30,,24637,17,,,1,70,,24639,17,,,1,30,,24645,17,,,1,70,,24631,17,,,1,30,,24644,17,,,1,70,,24642,17,,,1,30,,24646,17,,,1,70,,24635,17,,,1,30,,17098,17,,,1,70,,24641,17,,,1,30,,24655,17,,,1
43700,'1',1930,,27225,9,,,1,100,,27232,9,,,1,100,,27231,9,,,1,100,,27227,9,,,1,100,,27224,9,,,1
43700,'10',1930,,27235,9,,,1,100,,27242,9,,,1,100,,27241,9,,,1,100,,27237,9,,,1,100,,27234,9,,,1
43700,'13',1930,,17864,9,,,1,100,,27247,9,,,1,100,,27249,9,,,1,100,,27248,9,,,1,100,,17979,9,,,1
43700,'3',1930,,27251,9,,,1,100,,27258,9,,,1,100,,27257,9,,,1,100,,27253,9,,,1,100,,4202,9,,,1
