30101,'12',629,,32947,21,0,5 15,1,30,,32948,21,0,5 15,1,70,,32969,21,0,5 15,1,30,,32985,21,0,5 15,1,70,,32960,21,0,5 15,1,30,,32976,21,0,5 15,1,70,,32954,21,0,5 15,1,30,,32952,21,0,5 15,1,70,,32986,21,0,5 15,1,30,,32966,21,0,5 15,1,70,,32967,21,0,5 15,1,30,,32945,21,0,5 15,1,70,,32955,21,0,5 15,1,30,,32957,21,0,5 15,1,70,,32987,21,0,5 15,1,30,,32991,21,0,5 15,1,70,,32956,21,0,5 15,1,30,,32990,21,0,5 15,1,70,,32980,21,0,5 15,1,30,,32971,21,0,5 15,1,70,,32972,21,0,5 15,1,30,,32994,21,0,5 15,1,70,,32993,21,0,5 15,1,30,,32977,21,0,5 15,1
30101,'13',629,,32997,21,0,5 15,1,30,,32998,21,0,5 15,1,70,,33016,21,0,5 15,1,30,,28476,21,0,5 15,1,70,,33008,21,0,5 15,1,30,,33022,21,0,5 15,1,70,,33003,21,0,5 15,1,30,,33001,21,0,5 15,1,70,,33030,21,0,5 15,1,30,,33014,21,0,5 15,1,70,,33015,21,0,5 15,1,30,,32995,21,0,5 15,1,70,,33004,21,0,5 15,1,30,,33006,21,0,5 15,1,70,,31703,21,0,5 15,1,30,,33033,21,0,5 15,1,70,,33005,21,0,5 15,1,30,,28477,21,0,5 15,1,70,,33026,21,0,5 15,1,30,,33017,21,0,5 15,1,70,,33018,21,0,5 15,1,30,,33036,21,0,5 15,1,70,,33035,21,0,5 15,1,30,,33023,21,0,5 15,1
30101,'3',629,,33039,21,0,5 15,1,30,,33040,21,0,5 15,1,70,,33058,21,0,5 15,1,30,,28491,21,0,5 15,1,70,,33050,21,0,5 15,1,30,,33064,21,0,5 15,1,70,,33045,21,0,5 15,1,30,,33043,21,0,5 15,1,70,,33072,21,0,5 15,1,30,,33056,21,0,5 15,1,70,,33057,21,0,5 15,1,30,,33037,21,0,5 15,1,70,,33046,21,0,5 15,1,30,,33048,21,0,5 15,1,70,,31758,21,0,5 15,1,30,,33075,21,0,5 15,1,70,,33047,21,0,5 15,1,30,,28492,21,0,5 15,1,70,,33068,21,0,5 15,1,30,,33059,21,0,5 15,1,70,,33060,21,0,5 15,1,30,,33078,21,0,5 15,1,70,,33077,21,0,5 15,1,30,,33065,21,0,5 15,1
30101,'6',629,,33081,21,0,5 15,1,30,,33082,21,0,5 15,1,70,,33103,21,0,5 15,1,30,,33119,21,0,5 15,1,70,,33094,21,0,5 15,1,30,,33110,21,0,5 15,1,70,,33088,21,0,5 15,1,30,,33086,21,0,5 15,1,70,,33120,21,0,5 15,1,30,,33100,21,0,5 15,1,70,,33101,21,0,5 15,1,30,,33079,21,0,5 15,1,70,,33089,21,0,5 15,1,30,,33091,21,0,5 15,1,70,,33121,21,0,5 15,1,30,,33125,21,0,5 15,1,70,,33090,21,0,5 15,1,30,,33124,21,0,5 15,1,70,,33114,21,0,5 15,1,30,,33105,21,0,5 15,1,70,,33106,21,0,5 15,1,30,,33128,21,0,5 15,1,70,,33127,21,0,5 15,1,30,,33111,21,0,5 15,1
40101,'1',643,,38036,21,0,16,1,70,,38052,21,0,16,1,30,,38025,21,0,16,1,70,,38054,21,0,16,1,30,,38057,21,0,16,1,70,,38048,21,0,16,1,30,,32002,21,0,16,1,70,,38046,21,0,16,1,30,,38060,21,0,16,1,70,,38020,21,0,16,1,30,,38034,21,0,16,1,70,,38031,21,0,16,1,30,,30519,21,0,16,1,70,,38038,21,0,16,1,30,,38026,21,0,16,1,70,,38043,21,0,16,1,30,,38045,21,0,16,1,70,,38063,21,0,16,1,30,,38040,21,0,16,1,70,,38033,21,0,16,1,30,,38032,21,0,16,1,70,,38027,21,0,16,1,30,,38056,21,0,16,1,70,,38059,21,0,16,1,30,,38037,21,0,16,1,100,,38012,21,0,16,1,100,,38028,21,0,16,1,100,,38049,21,0,16,1,100,,38013,21,0,16,1,100,,38011,21,0,5,1
40101,'11',643,,38093,21,0,16,1,70,,38112,21,0,16,1,30,,38082,21,0,16,1,70,,38114,21,0,16,1,30,,38117,21,0,16,1,70,,38107,21,0,16,1,30,,38102,21,0,16,1,70,,38105,21,0,16,1,30,,38120,21,0,16,1,70,,38077,21,0,16,1,30,,38091,21,0,16,1,70,,38088,21,0,16,1,30,,38099,21,0,16,1,70,,38094,21,0,16,1,30,,38083,21,0,16,1,70,,38101,21,0,16,1,30,,38104,21,0,16,1,70,,38124,21,0,16,1,30,,38097,21,0,16,1,70,,38090,21,0,16,1,30,,38089,21,0,16,1,70,,38084,21,0,16,1,30,,38116,21,0,16,1,70,,38119,21,0,16,1,30,,38095,21,0,16,1,100,,38069,21,0,16,1,100,,38085,21,0,16,1,100,,38108,21,0,16,1,100,,38070,21,0,16,1,100,,38068,21,0,5,1
40101,'12',1843,,38134,21,0,16,1,100,,38133,21,0,16,1,100,,38132,21,0,16,1,100,,38128,21,0,16,1,100,,38137,21,0,16,1,100,,38130,21,0,5,1
40101,'13',1843,,38145,21,0,16,1,100,,38144,21,0,16,1,100,,38143,21,0,16,1,100,,38139,21,0,16,1,100,,38148,21,0,16,1,100,,38141,21,0,5,1
40101,'14',1043,,38157,21,0,16,1,100,,38159,21,0,16,1,100,,38158,21,0,16,1,100,,38153,21,0,16,1,100,,38156,21,0,16,1,100,,38151,21,0,16,1,100,,38162,21,0,16,1,100,,38149,21,0,5,1
40101,'16',643,,38191,21,0,16,1,70,,38207,21,0,16,1,30,,38180,21,0,16,1,70,,38209,21,0,16,1,30,,38212,21,0,16,1,70,,38203,21,0,16,1,30,,32040,21,0,16,1,70,,38201,21,0,16,1,30,,38215,21,0,16,1,70,,38175,21,0,16,1,30,,38189,21,0,16,1,70,,38186,21,0,16,1,30,,30556,21,0,16,1,70,,38193,21,0,16,1,30,,38181,21,0,16,1,70,,38198,21,0,16,1,30,,38200,21,0,16,1,70,,38218,21,0,16,1,30,,38195,21,0,16,1,70,,38188,21,0,16,1,30,,38187,21,0,16,1,70,,38182,21,0,16,1,30,,38211,21,0,16,1,70,,38214,21,0,16,1,30,,38192,21,0,16,1,100,,38167,21,0,16,1,100,,38183,21,0,16,1,100,,38204,21,0,16,1,100,,38168,21,0,16,1,100,,38166,21,0,5,1
40101,'3',1843,,38228,21,0,16,1,100,,38227,21,0,16,1,100,,38226,21,0,16,1,100,,38222,21,0,16,1,100,,38231,21,0,16,1,100,,38224,21,0,5,1
40101,'6',1843,,38239,21,0,16,1,100,,38238,21,0,16,1,100,,38237,21,0,16,1,100,,38233,21,0,16,1,100,,38242,21,0,16,1,100,,38235,21,0,5,1
40101,'8',843,,38272,21,0,16,1,100,,38276,21,0,16,1,100,,38252,21,0,16,1,70,,38262,21,0,16,1,30,,38268,21,0,16,1,70,,38258,21,0,16,1,30,,38281,21,0,16,1,70,,38247,21,0,16,1,30,,38243,21,0,16,1,70,,38260,21,0,16,1,30,,38253,21,0,16,1,70,,38274,21,0,16,1,30,,38254,21,0,16,1,70,,38267,21,0,16,1,30,,38251,21,0,16,1,70,,38244,21,0,16,1,30,,38269,21,0,16,1,70,,38248,21,0,16,1,30,,38273,21,0,16,1,100,,38279,21,0,16,1
