31801,'12',609,,36057,15,0,45 50,1,30,,36068,15,0,45 50,1,71,,36059,15,0,45 50,1,30,,36064,15,0,45 50,1,70,,36069,15,0,45 50,1,30,,36076,15,0,45 50,1,70,,36071,15,0,45 50,1,30,,36058,15,0,45 50,1,71,,36078,15,0,45 50,1,30,,36075,15,0,45 50,1,70,,36062,15,0,45 50,1,30,,36060,15,0,45 50,1,70,,36067,15,0,45 50,1,30,,36077,15,0,45 50,1,70,,36065,15,0,45 50,1,30,,36074,15,0,45 50,1,68,,36066,15,0,45 50,1,30,,36070,15,0,45 50,1,70,,36063,15,0,45 50,1,30,,36072,15,0,45 50,1,70,,36073,15,0,45 50,1,30,,36061,15,0,45 50,1,70,,36053,15,0,45 50,1,30,,36056,15,0,45 50,1,70,,36055,15,0,45 50,1,30,,36054,15,0,45 50,1
31801,'13',609,,36083,15,0,45 50,1,30,,36092,15,0,45 50,1,71,,36085,15,0,45 50,1,30,,36089,15,0,45 50,1,70,,36093,15,0,45 50,1,30,,36099,15,0,45 50,1,70,,36095,15,0,45 50,1,30,,36084,15,0,45 50,1,71,,36101,15,0,45 50,1,30,,36098,15,0,45 50,1,70,,21825,15,0,45 50,1,30,,36086,15,0,45 50,1,70,,36091,15,0,45 50,1,30,,36100,15,0,45 50,1,70,,9655,15,0,45 50,1,30,,28819,15,0,45 50,1,68,,36090,15,0,45 50,1,30,,36094,15,0,45 50,1,70,,36088,15,0,45 50,1,30,,36096,15,0,45 50,1,70,,36097,15,0,45 50,1,30,,36087,15,0,45 50,1,70,,36079,15,0,45 50,1,30,,36082,15,0,45 50,1,70,,36081,15,0,45 50,1,30,,36080,15,0,45 50,1
31801,'3',609,,36106,15,0,45 50,1,30,,36115,15,0,45 50,1,71,,36108,15,0,45 50,1,30,,36112,15,0,45 50,1,70,,36116,15,0,45 50,1,30,,36122,15,0,45 50,1,70,,36118,15,0,45 50,1,30,,36107,15,0,45 50,1,71,,36124,15,0,45 50,1,30,,36121,15,0,45 50,1,70,,21848,15,0,45 50,1,30,,36109,15,0,45 50,1,70,,36114,15,0,45 50,1,30,,36123,15,0,45 50,1,70,,9697,15,0,45 50,1,30,,28842,15,0,45 50,1,68,,36113,15,0,45 50,1,30,,36117,15,0,45 50,1,70,,36111,15,0,45 50,1,30,,36119,15,0,45 50,1,70,,36120,15,0,45 50,1,30,,36110,15,0,45 50,1,70,,36102,15,0,45 50,1,30,,36105,15,0,45 50,1,70,,36104,15,0,45 50,1,30,,36103,15,0,45 50,1
31801,'6',609,,36129,15,0,45 50,1,30,,36140,15,0,45 50,1,71,,36131,15,0,45 50,1,30,,36136,15,0,45 50,1,70,,36141,15,0,45 50,1,30,,36148,15,0,45 50,1,70,,36143,15,0,45 50,1,30,,36130,15,0,45 50,1,71,,36150,15,0,45 50,1,30,,36147,15,0,45 50,1,70,,36134,15,0,45 50,1,30,,36132,15,0,45 50,1,70,,36139,15,0,45 50,1,30,,36149,15,0,45 50,1,70,,36137,15,0,45 50,1,30,,36146,15,0,45 50,1,68,,36138,15,0,45 50,1,30,,36142,15,0,45 50,1,70,,36135,15,0,45 50,1,30,,36144,15,0,45 50,1,70,,36145,15,0,45 50,1,30,,36133,15,0,45 50,1,70,,36125,15,0,45 50,1,30,,36128,15,0,45 50,1,70,,36127,15,0,45 50,1,30,,36126,15,0,45 50,1
41801,'1',625,,41138,15,0,45 50,1,30,,41133,15,0,45 50,1,70,,41141,15,0,45 50,1,30,,41144,15,0,45 50,1,70,,41131,15,0,45 50,1,30,,41145,15,0,45 50,1,70,,41140,15,0,45 50,1,30,,41132,15,0,45 50,1,71,,41154,15,0,45 50,1,30,,41136,15,0,45 50,1,70,,41137,15,0,45 50,1,30,,41155,15,0,45 50,1,70,,41148,15,0,45 50,1,30,,32507,15,0,45 50,1,70,,29113,15,0,45 50,1,30,,41146,15,0,45 50,1,70,,41142,15,0,45 50,1,30,,41143,15,0,45 50,1,70,,41151,15,0,45 50,1,30,,41150,15,0,45 50,1,70,,41147,15,0,45 50,1,30,,41153,15,0,45 50,1,70,,31460,15,0,45 50,1,30,,41135,15,0,45 50,1,70,,41152,15,0,45 50,1,30,,41134,15,0,45 50,1,99,,41139,15,0,45 50,1,100,,30259,15,0,45 50,1,100,,41149,15,0,45 50,1,100,,29424,15,0,45 50,1
41801,'11',625,,41165,15,0,45 50,1,30,,41159,15,0,45 50,1,70,,41168,15,0,45 50,1,30,,41171,15,0,45 50,1,70,,41157,15,0,45 50,1,30,,41173,15,0,45 50,1,70,,41167,15,0,45 50,1,30,,41158,15,0,45 50,1,71,,41184,15,0,45 50,1,30,,41162,15,0,45 50,1,70,,41163,15,0,45 50,1,30,,41185,15,0,45 50,1,70,,41176,15,0,45 50,1,30,,41172,15,0,45 50,1,70,,41164,15,0,45 50,1,30,,41174,15,0,45 50,1,70,,41169,15,0,45 50,1,30,,41170,15,0,45 50,1,70,,41180,15,0,45 50,1,30,,41179,15,0,45 50,1,70,,41175,15,0,45 50,1,30,,41182,15,0,45 50,1,70,,41156,15,0,45 50,1,30,,41161,15,0,45 50,1,70,,41181,15,0,45 50,1,30,,41160,15,0,45 50,1,99,,41166,15,0,45 50,1,100,,41183,15,0,45 50,1,100,,41178,15,0,45 50,1,100,,41177,15,0,45 50,1
41801,'12',1856,,41188,15,0,45 50,1,99,,41186,15,0,45 50,1,100,,41190,15,0,45 50,1,100,,41189,15,0,45 50,1,100,,41187,15,0,45 50,1
41801,'13',1856,,41193,15,0,45 50,1,99,,41191,15,0,45 50,1,100,,41195,15,0,45 50,1,100,,41194,15,0,45 50,1,100,,41192,15,0,45 50,1
41801,'14',1156,,41200,15,0,45 50,1,100,,41197,15,0,45 50,1,100,,41198,15,0,45 50,1,100,,41201,15,0,45 50,1,100,,41196,15,0,45 50,1,100,,41199,15,0,45 50,1,100,,41202,15,0,45 50,1
41801,'16',625,,41210,15,0,45 50,1,30,,41205,15,0,45 50,1,70,,41213,15,0,45 50,1,30,,41216,15,0,45 50,1,70,,41203,15,0,45 50,1,30,,41218,15,0,45 50,1,70,,41212,15,0,45 50,1,30,,41204,15,0,45 50,1,71,,41227,15,0,45 50,1,30,,41208,15,0,45 50,1,70,,41209,15,0,45 50,1,30,,41228,15,0,45 50,1,70,,41221,15,0,45 50,1,30,,41217,15,0,45 50,1,70,,29137,15,0,45 50,1,30,,41219,15,0,45 50,1,70,,41214,15,0,45 50,1,30,,41215,15,0,45 50,1,70,,41224,15,0,45 50,1,30,,41223,15,0,45 50,1,70,,41220,15,0,45 50,1,30,,41226,15,0,45 50,1,70,,31476,15,0,45 50,1,30,,41207,15,0,45 50,1,70,,41225,15,0,45 50,1,30,,41206,15,0,45 50,1,99,,41211,15,0,45 50,1,100,,30300,15,0,45 50,1,100,,41222,15,0,45 50,1,100,,29543,15,0,45 50,1
41801,'3',1856,,41231,15,0,45 50,1,99,,41229,15,0,45 50,1,100,,41233,15,0,45 50,1,100,,41232,15,0,45 50,1,100,,41230,15,0,45 50,1
41801,'6',1856,,41236,15,0,45 50,1,99,,41234,15,0,45 50,1,100,,41238,15,0,45 50,1,100,,41237,15,0,45 50,1,100,,41235,15,0,45 50,1
41801,'8',855,,41247,15,0,45 50,1,100,,41243,15,0,45 50,1,101,,41246,15,0,45 50,1,70,,41239,15,0,45 50,1,30,,41254,15,0,45 50,1,70,,41248,15,0,45 50,1,30,,41257,15,0,45 50,1,70,,41242,15,0,45 50,1,30,,41253,15,0,45 50,1,70,,41252,15,0,45 50,1,30,,41240,15,0,45 50,1,70,,41241,15,0,45 50,1,30,,41255,15,0,45 50,1,70,,41256,15,0,45 50,1,30,,41245,15,0,45 50,1,70,,41258,15,0,45 50,1,30,,41249,15,0,45 50,1,70,,41250,15,0,45 50,1,30,,41244,15,0,45 50,1,99,,41251,15,0,45 50,1
