30201,'12',625,,33215,13,0,24,1,30,,33224,13,0,24,1,70,,33225,13,0,24,1,30,,33230,13,0,24,1,70,,33218,13,0,24,1,30,,33235,13,0,24,1,70,,33219,13,0,24,1,30,,33229,13,0,24,1,70,,33231,13,0,24,1,30,,33237,13,0,24,1,70,,33216,13,0,24,1,30,,33217,13,0,24,1,70,,33232,13,0,24,1,30,,33226,13,0,24,1,70,,33223,13,0,24,1,30,,33227,13,0,24,1,73,,33228,13,0,24,1,78,,33221,13,0,24,1,30,,33220,13,0,24,1,70,,33234,13,0,24,1,30,,33233,13,0,24,1,70,,33238,13,0,24,1,30,,33222,13,0,24,1,70,,33236,13,0,24,1
30201,'13',625,,33239,13,0,24,1,30,,33248,13,0,24,1,70,,33249,13,0,24,1,30,,33254,13,0,24,1,70,,33242,13,0,24,1,30,,33258,13,0,24,1,70,,33243,13,0,24,1,30,,33253,13,0,24,1,70,,33255,13,0,24,1,30,,33260,13,0,24,1,70,,33240,13,0,24,1,30,,33241,13,0,24,1,70,,33256,13,0,24,1,30,,33250,13,0,24,1,70,,33247,13,0,24,1,30,,33251,13,0,24,1,73,,33252,13,0,24,1,78,,33245,13,0,24,1,30,,33244,13,0,24,1,70,,33257,13,0,24,1,30,,29290,13,0,24,1,70,,28820,13,0,24,1,30,,33246,13,0,24,1,70,,33259,13,0,24,1
30201,'3',625,,33261,13,0,24,1,30,,33270,13,0,24,1,70,,33271,13,0,24,1,30,,33276,13,0,24,1,70,,33264,13,0,24,1,30,,33280,13,0,24,1,70,,33265,13,0,24,1,30,,33275,13,0,24,1,70,,33277,13,0,24,1,30,,33282,13,0,24,1,70,,33262,13,0,24,1,30,,33263,13,0,24,1,70,,33278,13,0,24,1,30,,33272,13,0,24,1,70,,33269,13,0,24,1,30,,33273,13,0,24,1,73,,33274,13,0,24,1,78,,33267,13,0,24,1,30,,33266,13,0,24,1,70,,33279,13,0,24,1,30,,29309,13,0,24,1,70,,28843,13,0,24,1,30,,33268,13,0,24,1,70,,33281,13,0,24,1
30201,'6',625,,33283,13,0,24,1,30,,33292,13,0,24,1,70,,33293,13,0,24,1,30,,33298,13,0,24,1,70,,33286,13,0,24,1,30,,33303,13,0,24,1,70,,33287,13,0,24,1,30,,33297,13,0,24,1,70,,33299,13,0,24,1,30,,33305,13,0,24,1,70,,33284,13,0,24,1,30,,33285,13,0,24,1,70,,33300,13,0,24,1,30,,33294,13,0,24,1,70,,33291,13,0,24,1,30,,33295,13,0,24,1,73,,33296,13,0,24,1,78,,33289,13,0,24,1,30,,33288,13,0,24,1,70,,33302,13,0,24,1,30,,33301,13,0,24,1,70,,33306,13,0,24,1,30,,33290,13,0,24,1,70,,33304,13,0,24,1
40201,'1',652,,38428,13,0,24,1,70,,38425,13,0,24,1,30,,38426,13,0,24,1,70,,38427,13,0,24,1,30,,38437,13,0,24,1,70,,38432,13,0,24,1,30,,38441,13,0,24,1,70,,38423,13,0,24,1,30,,38430,13,0,24,1,70,,38436,13,0,24,1,30,,38419,13,0,24,1,70,,38433,13,0,24,1,30,,38438,13,0,24,1,70,,31028,13,0,24,1,30,,38418,13,0,24,1,70,,38415,13,0,24,1,30,,38424,13,0,24,1,70,,38431,13,0,24,1,30,,38435,13,0,24,1,70,,38421,13,0,24,1,30,,31249,13,0,24,1,70,,38417,13,0,24,1,30,,38422,13,0,24,1,70,,38442,13,0,24,1,30,,38434,13,0,24,1,100,,38429,13,0,24,1,100,,38440,13,0,24,1,100,,38420,13,0,24,1,100,,38439,13,0,24,1,100,,38416,13,0,24,1
40201,'11',652,,38459,13,0,24,1,70,,38456,13,0,24,1,30,,38457,13,0,24,1,70,,38458,13,0,24,1,30,,38454,13,0,24,1,70,,38463,13,0,24,1,30,,38471,13,0,24,1,70,,38453,13,0,24,1,30,,38461,13,0,24,1,70,,38467,13,0,24,1,30,,38449,13,0,24,1,70,,38464,13,0,24,1,30,,38468,13,0,24,1,70,,38443,13,0,24,1,30,,38448,13,0,24,1,70,,38444,13,0,24,1,30,,38455,13,0,24,1,70,,38462,13,0,24,1,30,,38466,13,0,24,1,70,,38451,13,0,24,1,30,,38446,13,0,24,1,70,,38447,13,0,24,1,30,,38452,13,0,24,1,70,,38472,13,0,24,1,30,,38465,13,0,24,1,100,,38460,13,0,24,1,100,,38470,13,0,24,1,100,,38450,13,0,24,1,100,,38469,13,0,24,1,100,,38445,13,0,24,1
40201,'12',1852,,38476,13,0,24,1,100,,38473,13,0,24,1,100,,38474,13,0,24,1,100,,38478,13,0,24,1,100,,38475,13,0,24,1,100,,38477,13,0,24,1
40201,'13',1852,,38482,13,0,24,1,100,,38479,13,0,24,1,100,,38480,13,0,24,1,100,,38484,13,0,24,1,100,,38481,13,0,24,1,100,,38483,13,0,24,1
40201,'14',1152,,38488,13,0,24,1,100,,29737,13,0,24,1,100,,38487,13,0,24,1,100,,38486,13,0,24,1,100,,38490,13,0,24,1,100,,38485,13,0,24,1,100,,38489,13,0,24,1
40201,'16',652,,38504,13,0,24,1,70,,38501,13,0,24,1,30,,38502,13,0,24,1,70,,38503,13,0,24,1,30,,38513,13,0,24,1,70,,38508,13,0,24,1,30,,38517,13,0,24,1,70,,38499,13,0,24,1,30,,38506,13,0,24,1,70,,38512,13,0,24,1,30,,38495,13,0,24,1,70,,38509,13,0,24,1,30,,38514,13,0,24,1,70,,31065,13,0,24,1,30,,38494,13,0,24,1,70,,38491,13,0,24,1,30,,38500,13,0,24,1,70,,38507,13,0,24,1,30,,38511,13,0,24,1,70,,38497,13,0,24,1,30,,31288,13,0,24,1,70,,38493,13,0,24,1,30,,38498,13,0,24,1,70,,38518,13,0,24,1,30,,38510,13,0,24,1,100,,38505,13,0,24,1,100,,38516,13,0,24,1,100,,38496,13,0,24,1,100,,38515,13,0,24,1,100,,38492,13,0,24,1
40201,'3',1852,,38522,13,0,24,1,100,,38519,13,0,24,1,100,,38520,13,0,24,1,100,,38524,13,0,24,1,100,,38521,13,0,24,1,100,,38523,13,0,24,1
40201,'6',1852,,38528,13,0,24,1,100,,38525,13,0,24,1,100,,38526,13,0,24,1,100,,38530,13,0,24,1,100,,38527,13,0,24,1,100,,38529,13,0,24,1
40201,'8',952,,38533,13,0,24,1,100,,38534,13,0,24,1,70,,38536,13,0,24,1,30,,25796,13,0,24,1,70,,38545,13,0,24,1,30,,38542,13,0,24,1,70,,38540,13,0,24,1,30,,38539,13,0,24,1,70,,38547,13,0,24,1,30,,38532,13,0,24,1,70,,38544,13,0,24,1,30,,38543,13,0,24,1,70,,38535,13,0,24,1,30,,38538,13,0,24,1,70,,38531,13,0,24,1,30,,38548,13,0,24,1,70,,38541,13,0,24,1,30,,38546,13,0,24,1,100,,38537,13,0,24,1
