31500,'15',633,,12424,8,,,1,70,,12434,8,,,1,30,,12422,8,,,1,70,,12437,8,,,1,30,,12432,8,,,1,70,,12444,8,,,1,30,,12427,8,,,1,70,,12438,8,,,1,30,,12431,8,,,1,70,,12435,8,,,1,30,,12442,8,,,1,70,,12425,8,,,1,30,,12429,8,,,1,70,,12443,8,,,1,30,,12428,8,,,1,70,,12423,8,,,1,30,,12426,8,,,1,70,,12439,8,,,1,30,,12421,8,,,1,70,,12441,8,,,1,30,,12440,8,,,1,70,,12433,8,,,1,30,,12436,8,,,1,70,,12430,8,,,1
31500,'16',633,,12448,8,,,1,70,,12456,8,,,1,30,,12446,8,,,1,70,,12457,8,,,1,30,,12455,8,,,1,70,,12463,8,,,1,30,,7886,8,,,1,70,,12458,8,,,1,30,,4828,8,,,1,70,,3449,8,,,1,30,,12461,8,,,1,70,,12449,8,,,1,30,,12452,8,,,1,70,,12462,8,,,1,30,,12451,8,,,1,70,,12447,8,,,1,30,,12450,8,,,1,70,,12453,8,,,1,30,,12445,8,,,1,70,,12460,8,,,1,30,,12459,8,,,1,70,,12464,8,,,1,30,,270,8,,,1,70,,12454,8,,,1
31500,'17',633,,12468,8,,,1,70,,12476,8,,,1,30,,12466,8,,,1,70,,12477,8,,,1,30,,12475,8,,,1,70,,12483,8,,,1,30,,7891,8,,,1,70,,12478,8,,,1,30,,12474,8,,,1,70,,3473,8,,,1,30,,12481,8,,,1,70,,12469,8,,,1,30,,12471,8,,,1,70,,12482,8,,,1,30,,8409,8,,,1,70,,12467,8,,,1,30,,12470,8,,,1,70,,12472,8,,,1,30,,12465,8,,,1,70,,12480,8,,,1,30,,12479,8,,,1,70,,12484,8,,,1,30,,320,8,,,1,70,,12473,8,,,1
31500,'19',633,,12488,8,,,1,70,,12498,8,,,1,30,,12486,8,,,1,70,,5660,8,,,1,30,,12496,8,,,1,70,,12506,8,,,1,30,,12491,8,,,1,70,,12501,8,,,1,30,,12495,8,,,1,70,,12499,8,,,1,30,,12503,8,,,1,70,,12489,8,,,1,30,,12493,8,,,1,70,,12504,8,,,1,30,,12492,8,,,1,70,,12487,8,,,1,30,,12490,8,,,1,70,,12505,8,,,1,30,,12485,8,,,1,70,,12502,8,,,1,30,,7554,8,,,1,70,,12497,8,,,1,30,,12500,8,,,1,70,,12494,8,,,1
31500,'5',633,,12510,8,,,1,70,,12519,8,,,1,30,,12508,8,,,1,70,,12520,8,,,1,30,,12517,8,,,1,70,,12527,8,,,1,30,,7933,8,,,1,70,,12521,8,,,1,30,,12516,8,,,1,70,,3497,8,,,1,30,,12524,8,,,1,70,,12511,8,,,1,30,,12514,8,,,1,70,,12525,8,,,1,30,,12513,8,,,1,70,,12509,8,,,1,30,,12512,8,,,1,70,,12526,8,,,1,30,,12507,8,,,1,70,,12523,8,,,1,30,,12522,8,,,1,70,,12518,8,,,1,30,,370,8,,,1,70,,12515,8,,,1
31500,'6',633,,12531,8,,,1,70,,12541,8,,,1,30,,12529,8,,,1,70,,12544,8,,,1,30,,12539,8,,,1,70,,12551,8,,,1,30,,12534,8,,,1,70,,12545,8,,,1,30,,12538,8,,,1,70,,12542,8,,,1,30,,12549,8,,,1,70,,12532,8,,,1,30,,12536,8,,,1,70,,12550,8,,,1,30,,12535,8,,,1,70,,12530,8,,,1,30,,12533,8,,,1,70,,12546,8,,,1,30,,12528,8,,,1,70,,12548,8,,,1,30,,12547,8,,,1,70,,12540,8,,,1,30,,12543,8,,,1,70,,12537,8,,,1
41500,'1',1118,,18792,8,0,20 14 21 18,1,100,,18791,8,0,20 14 21 18,1,100,,18793,8,0,20 14 21 18,1,100,,18794,8,0,20 14 21 18,1,100,,2758,8,0,20 14 21 18,1,100,,18795,8,0,20 14 21 18,1,100,,18790,8,0,20 14 21 18,1
41500,'10',648,,18807,8,0,20 14 21 18,1,70,,18818,8,0,20 14 21 18,1,30,,18823,8,0,20 14 21 18,1,70,,18810,8,0,20 14 21 18,1,30,,18804,8,0,20 14 21 18,1,70,,18812,8,0,20 14 21 18,1,30,,18809,8,0,20 14 21 18,1,70,,18815,8,0,20 14 21 18,1,30,,18801,8,0,20 14 21 18,1,70,,18816,8,0,20 14 21 18,1,30,,18813,8,0,20 14 21 18,1,70,,18797,8,0,20 14 21 18,1,30,,18806,8,0,20 14 21 18,1,70,,18821,8,0,20 14 21 18,1,30,,18805,8,0,20 14 21 18,1,70,,18820,8,0,20 14 21 18,1,30,,18824,8,0,20 14 21 18,1,70,,18803,8,0,20 14 21 18,1,30,,18798,8,0,20 14 21 18,1,70,,18796,8,0,20 14 21 18,1,30,,18817,8,0,20 14 21 18,1,70,,18800,8,0,20 14 21 18,1,30,,18811,8,0,20 14 21 18,1,70,,18802,8,0,20 14 21 18,1,100,,18799,8,0,20 14 21 18,1,100,,18808,8,0,20 14 21 18,1,100,,18819,8,0,20 14 21 18,1,100,,18822,8,0,20 14 21 18,1,100,,18814,8,0,20 14 21 18,1
41500,'12',918,,18833,8,0,20 14 21 18,1,100,,18834,8,0,20 14 21 18,1,30,,18837,8,0,20 14 21 18,1,70,,18827,8,0,20 14 21 18,1,30,,18830,8,0,20 14 21 18,1,70,,18831,8,0,20 14 21 18,1,30,,18838,8,0,20 14 21 18,1,70,,18836,8,0,20 14 21 18,1,30,,7789,8,0,20 14 21 18,1,70,,18825,8,0,20 14 21 18,1,30,,18839,8,0,20 14 21 18,1,70,,18842,8,0,20 14 21 18,1,30,,18841,8,0,20 14 21 18,1,70,,18826,8,0,20 14 21 18,1,30,,18840,8,0,20 14 21 18,1,70,,18828,8,0,20 14 21 18,1,30,,18829,8,0,20 14 21 18,1,70,,18832,8,0,20 14 21 18,1,100,,18835,8,0,20 14 21 18,1
41500,'15',1818,,18846,8,0,20 14 21 18,1,100,,18844,8,0,20 14 21 18,1,100,,18843,8,0,20 14 21 18,1,100,,18848,8,0,20 14 21 18,1,100,,18847,8,0,20 14 21 18,1,100,,18845,8,0,20 14 21 18,1
41500,'16',1818,,18851,8,0,20 14 21 18,1,100,,18850,8,0,20 14 21 18,1,100,,18849,8,0,20 14 21 18,1,100,,18853,8,0,20 14 21 18,1,100,,18852,8,0,20 14 21 18,1,100,,8374,8,0,20 14 21 18,1
41500,'17',1818,,18857,8,0,20 14 21 18,1,100,,18855,8,0,20 14 21 18,1,100,,18854,8,0,20 14 21 18,1,100,,18859,8,0,20 14 21 18,1,100,,18858,8,0,20 14 21 18,1,100,,18856,8,0,20 14 21 18,1
41500,'19',1818,,18863,8,0,20 14 21 18,1,100,,18861,8,0,20 14 21 18,1,100,,18860,8,0,20 14 21 18,1,100,,18865,8,0,20 14 21 18,1,100,,18864,8,0,20 14 21 18,1,100,,18862,8,0,20 14 21 18,1
41500,'21',648,,18877,8,0,20 14 21 18,1,70,,18888,8,0,20 14 21 18,1,30,,18893,8,0,20 14 21 18,1,70,,18880,8,0,20 14 21 18,1,30,,18874,8,0,20 14 21 18,1,70,,18882,8,0,20 14 21 18,1,30,,18879,8,0,20 14 21 18,1,70,,18885,8,0,20 14 21 18,1,30,,18871,8,0,20 14 21 18,1,70,,18886,8,0,20 14 21 18,1,30,,18883,8,0,20 14 21 18,1,70,,18867,8,0,20 14 21 18,1,30,,18876,8,0,20 14 21 18,1,70,,18891,8,0,20 14 21 18,1,30,,18875,8,0,20 14 21 18,1,70,,18890,8,0,20 14 21 18,1,30,,18894,8,0,20 14 21 18,1,70,,18873,8,0,20 14 21 18,1,30,,18868,8,0,20 14 21 18,1,70,,18866,8,0,20 14 21 18,1,30,,18887,8,0,20 14 21 18,1,70,,18870,8,0,20 14 21 18,1,30,,18881,8,0,20 14 21 18,1,70,,18872,8,0,20 14 21 18,1,100,,18869,8,0,20 14 21 18,1,100,,18878,8,0,20 14 21 18,1,100,,18889,8,0,20 14 21 18,1,100,,18892,8,0,20 14 21 18,1,100,,18884,8,0,20 14 21 18,1
41500,'5',1818,,18898,8,0,20 14 21 18,1,100,,18896,8,0,20 14 21 18,1,100,,18895,8,0,20 14 21 18,1,100,,18900,8,0,20 14 21 18,1,100,,18899,8,0,20 14 21 18,1,100,,18897,8,0,20 14 21 18,1
41500,'6',1818,,18904,8,0,20 14 21 18,1,100,,18902,8,0,20 14 21 18,1,100,,18901,8,0,20 14 21 18,1,100,,18906,8,0,20 14 21 18,1,100,,18905,8,0,20 14 21 18,1,100,,18903,8,0,20 14 21 18,1
