30400,'12',705,,33509,11,0,39 40 41,1,30,,33512,11,0,39 40 41,1,70,,33503,11,0,39 40 41,1,30,,33505,11,0,39 40 41,1,70,,33493,11,0,39 40 41,1,30,,33506,11,0,39 40 41,1,71,,33495,11,0,39 40 41,1,30,,33508,11,0,39 40 41,1,70,,33507,11,0,39 40 41,1,30,,33492,11,0,39 40 41,1,70,,33497,11,0,39 40 41,1,30,,33499,11,0,39 40 41,1,70,,33504,11,0,39 40 41,1,30,,33511,11,0,39 40 41,1,70,,33498,11,0,39 40 41,1,30,,33500,11,0,39 40 41,1,70,,33491,11,0,39 40 41,1,30,,33496,11,0,39 40 41,1,70,,33494,11,0,39 40 41,1,30,,33513,11,0,39 40 41,1,70,,33502,11,0,39 40 41,1,30,,33501,11,0,39 40 41,1,70,,33510,11,0,39 40 41,1
30400,'13',705,,33529,11,0,39 40 41,1,30,,33532,11,0,39 40 41,1,70,,33524,11,0,39 40 41,1,30,,33525,11,0,39 40 41,1,70,,29321,11,0,39 40 41,1,30,,33526,11,0,39 40 41,1,71,,33516,11,0,39 40 41,1,30,,33528,11,0,39 40 41,1,70,,33527,11,0,39 40 41,1,30,,28018,11,0,39 40 41,1,70,,33518,11,0,39 40 41,1,30,,33520,11,0,39 40 41,1,70,,27980,11,0,39 40 41,1,30,,33531,11,0,39 40 41,1,70,,33519,11,0,39 40 41,1,30,,33521,11,0,39 40 41,1,70,,33514,11,0,39 40 41,1,30,,33517,11,0,39 40 41,1,70,,33515,11,0,39 40 41,1,30,,33533,11,0,39 40 41,1,70,,33523,11,0,39 40 41,1,30,,33522,11,0,39 40 41,1,70,,33530,11,0,39 40 41,1
30400,'3',705,,33549,11,0,39 40 41,1,30,,33552,11,0,39 40 41,1,70,,33544,11,0,39 40 41,1,30,,33545,11,0,39 40 41,1,70,,29342,11,0,39 40 41,1,30,,33546,11,0,39 40 41,1,71,,33536,11,0,39 40 41,1,30,,33548,11,0,39 40 41,1,70,,33547,11,0,39 40 41,1,30,,28041,11,0,39 40 41,1,70,,33538,11,0,39 40 41,1,30,,33540,11,0,39 40 41,1,70,,28003,11,0,39 40 41,1,30,,33551,11,0,39 40 41,1,70,,33539,11,0,39 40 41,1,30,,33541,11,0,39 40 41,1,70,,33534,11,0,39 40 41,1,30,,33537,11,0,39 40 41,1,70,,33535,11,0,39 40 41,1,30,,33553,11,0,39 40 41,1,70,,33543,11,0,39 40 41,1,30,,33542,11,0,39 40 41,1,70,,33550,11,0,39 40 41,1
30400,'6',705,,33572,11,0,39 40 41,1,30,,33575,11,0,39 40 41,1,70,,33566,11,0,39 40 41,1,30,,33568,11,0,39 40 41,1,70,,33556,11,0,39 40 41,1,30,,33569,11,0,39 40 41,1,71,,33558,11,0,39 40 41,1,30,,33571,11,0,39 40 41,1,70,,33570,11,0,39 40 41,1,30,,33555,11,0,39 40 41,1,70,,33560,11,0,39 40 41,1,30,,33562,11,0,39 40 41,1,70,,33567,11,0,39 40 41,1,30,,33574,11,0,39 40 41,1,70,,33561,11,0,39 40 41,1,30,,33563,11,0,39 40 41,1,70,,33554,11,0,39 40 41,1,30,,33559,11,0,39 40 41,1,70,,33557,11,0,39 40 41,1,30,,33576,11,0,39 40 41,1,70,,33565,11,0,39 40 41,1,30,,33564,11,0,39 40 41,1,70,,33573,11,0,39 40 41,1
40400,'1',620,,38560,11,0,39 40 42 18,1,30,,38561,11,0,39 40 42 18,1,70,,38549,11,0,39 40 42 18,1,30,,38570,11,0,39 40 42 18,1,70,,38572,11,0,39 40 42 18,1,30,,38564,11,0,39 40 42 18,1,70,,38558,11,0,39 40 42 18,1,30,,38553,11,0,39 40 42 18,1,70,,38562,11,0,39 40 42 18,1,30,,31463,11,0,39 40 42 18,1,70,,38557,11,0,39 40 42 18,1,30,,38573,11,0,39 40 42 18,1,70,,38567,11,0,39 40 42 18,1,30,,38552,11,0,39 40 42 18,1,70,,38574,11,0,39 40 42 18,1,30,,38551,11,0,39 40 42 18,1,70,,29896,11,0,39 40 42 18,1,30,,38550,11,0,39 40 42 18,1,70,,38568,11,0,39 40 42 18,1,30,,38563,11,0,39 40 42 18,1,70,,38571,11,0,39 40 42 18,1,30,,31341,11,0,39 40 42 18,1,70,,38565,11,0,39 40 42 18,1,30,,38559,11,0,39 40 42 18,1,70,,38566,11,0,39 40 42 18,1,100,,38569,11,0,39 40 42 18,1,100,,38556,11,0,39 40 42 18,1,100,,38554,11,0,39 40 42 18,1,100,,38555,11,0,39 40 42 18,1,100,,31995,11,0,39 40 42 18,1
40400,'11',620,,38589,11,0,39 40 42 18,1,30,,38590,11,0,39 40 42 18,1,70,,38575,11,0,39 40 42 18,1,30,,38600,11,0,39 40 42 18,1,70,,38602,11,0,39 40 42 18,1,30,,38593,11,0,39 40 42 18,1,70,,38584,11,0,39 40 42 18,1,30,,38579,11,0,39 40 42 18,1,70,,38591,11,0,39 40 42 18,1,30,,38588,11,0,39 40 42 18,1,70,,38583,11,0,39 40 42 18,1,30,,38603,11,0,39 40 42 18,1,70,,38596,11,0,39 40 42 18,1,30,,38578,11,0,39 40 42 18,1,70,,38604,11,0,39 40 42 18,1,30,,38577,11,0,39 40 42 18,1,70,,38597,11,0,39 40 42 18,1,30,,38576,11,0,39 40 42 18,1,70,,38598,11,0,39 40 42 18,1,30,,38592,11,0,39 40 42 18,1,70,,38601,11,0,39 40 42 18,1,30,,38586,11,0,39 40 42 18,1,70,,38594,11,0,39 40 42 18,1,30,,38587,11,0,39 40 42 18,1,70,,38595,11,0,39 40 42 18,1,100,,38599,11,0,39 40 42 18,1,100,,38582,11,0,39 40 42 18,1,100,,38580,11,0,39 40 42 18,1,100,,38581,11,0,39 40 42 18,1,100,,38585,11,0,39 40 42 18,1
40400,'12',1820,,38608,11,0,39 40 42 18,1,100,,38606,11,0,39 40 42 18,1,100,,38609,11,0,39 40 42 18,1,100,,38605,11,0,39 40 42 18,1,100,,38610,11,0,39 40 42 18,1,100,,38607,11,0,39 40 42 18,1
40400,'13',1820,,38614,11,0,39 40 42 18,1,100,,38612,11,0,39 40 42 18,1,100,,38615,11,0,39 40 42 18,1,100,,38611,11,0,39 40 42 18,1,100,,38616,11,0,39 40 42 18,1,100,,38613,11,0,39 40 42 18,1
40400,'14',1120,,38619,11,0,39 40 42 18,1,100,,38617,11,0,39 40 42 18,1,100,,38620,11,0,39 40 42 18,1,100,,38618,11,0,39 40 42 18,1,100,,38623,11,0,39 40 42 18,1,100,,38621,11,0,39 40 42 18,1,100,,38622,11,0,39 40 42 18,1
40400,'16',620,,38635,11,0,39 40 42 18,1,30,,38636,11,0,39 40 42 18,1,70,,38624,11,0,39 40 42 18,1,30,,38645,11,0,39 40 42 18,1,70,,38647,11,0,39 40 42 18,1,30,,38639,11,0,39 40 42 18,1,70,,38633,11,0,39 40 42 18,1,30,,38628,11,0,39 40 42 18,1,70,,38637,11,0,39 40 42 18,1,30,,31480,11,0,39 40 42 18,1,70,,38632,11,0,39 40 42 18,1,30,,38648,11,0,39 40 42 18,1,70,,38642,11,0,39 40 42 18,1,30,,38627,11,0,39 40 42 18,1,70,,38649,11,0,39 40 42 18,1,30,,38626,11,0,39 40 42 18,1,70,,29976,11,0,39 40 42 18,1,30,,38625,11,0,39 40 42 18,1,70,,38643,11,0,39 40 42 18,1,30,,38638,11,0,39 40 42 18,1,70,,38646,11,0,39 40 42 18,1,30,,31382,11,0,39 40 42 18,1,70,,38640,11,0,39 40 42 18,1,30,,38634,11,0,39 40 42 18,1,70,,38641,11,0,39 40 42 18,1,100,,38644,11,0,39 40 42 18,1,100,,38631,11,0,39 40 42 18,1,100,,38629,11,0,39 40 42 18,1,100,,38630,11,0,39 40 42 18,1,100,,32032,11,0,39 40 42 18,1
40400,'3',1820,,38653,11,0,39 40 42 18,1,100,,38651,11,0,39 40 42 18,1,100,,38654,11,0,39 40 42 18,1,100,,38650,11,0,39 40 42 18,1,100,,38655,11,0,39 40 42 18,1,100,,38652,11,0,39 40 42 18,1
40400,'6',1820,,38659,11,0,39 40 42 18,1,100,,38657,11,0,39 40 42 18,1,100,,38660,11,0,39 40 42 18,1,100,,38656,11,0,39 40 42 18,1,100,,38661,11,0,39 40 42 18,1,100,,38658,11,0,39 40 42 18,1
40400,'8',920,,38680,11,0,39 40 42 18,1,100,,38669,11,0,39 40 42 18,1,30,,38679,11,0,39 40 42 18,1,70,,38673,11,0,39 40 42 18,1,30,,38672,11,0,39 40 42 18,1,70,,38674,11,0,39 40 42 18,1,30,,38670,11,0,39 40 42 18,1,70,,38666,11,0,39 40 42 18,1,30,,38676,11,0,39 40 42 18,1,70,,38677,11,0,39 40 42 18,1,30,,38671,11,0,39 40 42 18,1,70,,38668,11,0,39 40 42 18,1,30,,38663,11,0,39 40 42 18,1,70,,38664,11,0,39 40 42 18,1,30,,38665,11,0,39 40 42 18,1,70,,38675,11,0,39 40 42 18,1,30,,38678,11,0,39 40 42 18,1,70,,38667,11,0,39 40 42 18,1,100,,38662,11,0,39 40 42 18,1
