30100,'12',607,,32810,12,0,5 6,1,30,,32795,12,0,5 6,1,70,,32770,12,0,5 6,1,30,,32777,12,0,5 6,1,70,,32812,12,0,5 6,1,30,,32785,12,0,5 6,1,70,,32790,12,0,5 6,1,30,,32786,12,0,5 6,1,70,,32789,12,0,5 6,1,30,,32804,12,0,5 6,1,70,,32771,12,0,5 6,1,30,,32778,12,0,5 6,1,70,,32776,12,0,5 6,1,30,,32774,12,0,5 6,1,70,,32768,12,0,5 6,1,30,,32794,12,0,5 6,1,70,,32773,12,0,5 6,1,30,,32806,12,0,5 6,1,70,,32802,12,0,5 6,1,30,,32803,12,0,5 6,1,70,,32780,12,0,5 6,1,30,,32807,12,0,5 6,1,70,,32796,12,0,5 6,1,30,,32787,12,0,5 6,1
30100,'13',607,,32852,12,0,5 6,1,30,,32839,12,0,5 6,1,70,,32816,12,0,5 6,1,30,,32823,12,0,5 6,1,70,,32854,12,0,5 6,1,30,,32831,12,0,5 6,1,70,,32836,12,0,5 6,1,30,,32832,12,0,5 6,1,70,,32835,12,0,5 6,1,30,,32847,12,0,5 6,1,70,,32817,12,0,5 6,1,30,,32824,12,0,5 6,1,70,,32822,12,0,5 6,1,30,,32820,12,0,5 6,1,70,,32814,12,0,5 6,1,30,,32838,12,0,5 6,1,70,,32819,12,0,5 6,1,30,,32848,12,0,5 6,1,70,,32845,12,0,5 6,1,30,,32846,12,0,5 6,1,70,,32826,12,0,5 6,1,30,,32849,12,0,5 6,1,70,,32840,12,0,5 6,1,30,,32833,12,0,5 6,1
30100,'3',607,,32894,12,0,5 6,1,30,,32881,12,0,5 6,1,70,,32858,12,0,5 6,1,30,,32865,12,0,5 6,1,70,,32896,12,0,5 6,1,30,,32873,12,0,5 6,1,70,,32878,12,0,5 6,1,30,,32874,12,0,5 6,1,70,,32877,12,0,5 6,1,30,,32889,12,0,5 6,1,70,,32859,12,0,5 6,1,30,,32866,12,0,5 6,1,70,,32864,12,0,5 6,1,30,,32862,12,0,5 6,1,70,,32856,12,0,5 6,1,30,,32880,12,0,5 6,1,70,,32861,12,0,5 6,1,30,,32890,12,0,5 6,1,70,,32887,12,0,5 6,1,30,,32888,12,0,5 6,1,70,,32868,12,0,5 6,1,30,,32891,12,0,5 6,1,70,,32882,12,0,5 6,1,30,,32875,12,0,5 6,1
30100,'6',607,,32941,12,0,5 6,1,30,,32926,12,0,5 6,1,70,,32901,12,0,5 6,1,30,,32908,12,0,5 6,1,70,,32943,12,0,5 6,1,30,,32916,12,0,5 6,1,70,,32921,12,0,5 6,1,30,,32917,12,0,5 6,1,70,,32920,12,0,5 6,1,30,,32935,12,0,5 6,1,70,,32902,12,0,5 6,1,30,,32909,12,0,5 6,1,70,,32907,12,0,5 6,1,30,,32905,12,0,5 6,1,70,,32899,12,0,5 6,1,30,,32925,12,0,5 6,1,70,,32904,12,0,5 6,1,30,,32937,12,0,5 6,1,70,,32933,12,0,5 6,1,30,,32934,12,0,5 6,1,70,,32911,12,0,5 6,1,30,,32938,12,0,5 6,1,70,,32927,12,0,5 6,1,30,,32918,12,0,5 6,1
40100,'1',631,,31498,12,0,8,1,70,,37760,12,0,8,1,30,,37775,12,0,8,1,70,,37763,12,0,8,1,30,,37783,12,0,8,1,70,,37779,12,0,8,1,30,,37772,12,0,8,1,70,,37793,12,0,8,1,30,,37752,12,0,8,1,70,,37792,12,0,8,1,30,,37789,12,0,8,1,70,,37771,12,0,8,1,30,,37745,12,0,8,1,70,,32649,12,0,8,1,30,,37750,12,0,8,1,70,,37754,12,0,8,1,30,,37770,12,0,8,1,70,,37768,12,0,8,1,30,,37747,12,0,8,1,70,,37774,12,0,8,1,30,,37787,12,0,8,1,70,,37781,12,0,8,1,30,,31183,12,0,8,1,70,,37756,12,0,8,1,100,,37778,12,0,8,1,100,,37765,12,0,8,1,100,,37777,12,0,8,1,100,,37759,12,0,8,1,100,,37757,12,0,8,1,100,,31193,12,0,8,1
40100,'11',631,,37826,12,0,8,1,70,,37811,12,0,8,1,30,,37832,12,0,8,1,70,,37816,12,0,8,1,30,,37842,12,0,8,1,70,,37837,12,0,8,1,30,,37827,12,0,8,1,70,,37852,12,0,8,1,30,,37803,12,0,8,1,70,,37851,12,0,8,1,30,,37848,12,0,8,1,70,,37825,12,0,8,1,30,,37796,12,0,8,1,70,,37831,12,0,8,1,30,,37801,12,0,8,1,70,,37805,12,0,8,1,30,,37824,12,0,8,1,70,,37822,12,0,8,1,30,,37798,12,0,8,1,70,,37830,12,0,8,1,30,,37846,12,0,8,1,70,,37839,12,0,8,1,30,,37815,12,0,8,1,70,,37807,12,0,8,1,100,,37836,12,0,8,1,100,,37819,12,0,8,1,100,,37834,12,0,8,1,100,,37810,12,0,8,1,100,,37808,12,0,8,1,100,,37853,12,0,8,1
40100,'12',1801,,37861,12,0,8,1,100,,37858,12,0,8,1,100,,37867,12,0,8,1,100,,37865,12,0,8,1,100,,37866,12,0,8,1,100,,37859,12,0,8,1,100,,37857,12,0,8,1
40100,'13',1801,,37873,12,0,8,1,100,,37870,12,0,8,1,100,,37879,12,0,8,1,100,,37877,12,0,8,1,100,,37878,12,0,8,1,100,,37871,12,0,8,1,100,,27848,12,0,8,1
40100,'14',1101,,37890,12,0,8,1,100,,37892,12,0,8,1,100,,37884,12,0,8,1,100,,37882,12,0,8,1,100,,37889,12,0,8,1,100,,37893,12,0,8,1,100,,37891,12,0,8,1,100,,37886,12,0,8,1
40100,'16',631,,31539,12,0,8,1,70,,37912,12,0,8,1,30,,37927,12,0,8,1,70,,37915,12,0,8,1,30,,37935,12,0,8,1,70,,37931,12,0,8,1,30,,37924,12,0,8,1,70,,37945,12,0,8,1,30,,37904,12,0,8,1,70,,37944,12,0,8,1,30,,37941,12,0,8,1,70,,37923,12,0,8,1,30,,37897,12,0,8,1,70,,32668,12,0,8,1,30,,37902,12,0,8,1,70,,37906,12,0,8,1,30,,37922,12,0,8,1,70,,37920,12,0,8,1,30,,37899,12,0,8,1,70,,37926,12,0,8,1,30,,37939,12,0,8,1,70,,37933,12,0,8,1,30,,26849,12,0,8,1,70,,37908,12,0,8,1,100,,37930,12,0,8,1,100,,37917,12,0,8,1,100,,37929,12,0,8,1,100,,37911,12,0,8,1,100,,37909,12,0,8,1,100,,31222,12,0,8,1
40100,'3',1801,,37951,12,0,8,1,100,,37948,12,0,8,1,100,,37957,12,0,8,1,100,,37955,12,0,8,1,100,,37956,12,0,8,1,100,,37949,12,0,8,1,100,,27869,12,0,8,1
40100,'6',1801,,37965,12,0,8,1,100,,37962,12,0,8,1,100,,37971,12,0,8,1,100,,37969,12,0,8,1,100,,37970,12,0,8,1,100,,37963,12,0,8,1,100,,37961,12,0,8,1
40100,'8',901,,37973,12,0,8,1,100,,37986,12,0,8,1,30,,38003,12,0,8,1,70,,37977,12,0,8,1,30,,37993,12,0,8,1,70,,32420,12,0,8,1,30,,37972,12,0,8,1,70,,37996,12,0,8,1,30,,38007,12,0,8,1,70,,38001,12,0,8,1,30,,38006,12,0,8,1,70,,37989,12,0,8,1,30,,38005,12,0,8,1,70,,37991,12,0,8,1,30,,37988,12,0,8,1,70,,37990,12,0,8,1,30,,37974,12,0,8,1,70,,38002,12,0,8,1,100,,37981,12,0,8,1,100,,37980,12,0,8,1
