31501,'11',602,,28549,5,0,20 14 35 26,1,30,,28546,5,0,20 14 35 26,1,70,,28547,5,0,20 14 35 26,1,30,,28553,5,0,20 14 35 26,1,70,,21758,5,0,20 14 35 26,1,30,,28560,5,0,20 14 35 26,1,70,,28543,5,0,20 14 35 26,1,30,,28552,5,0,20 14 35 26,1,70,,28557,5,0,20 14 35 26,1,30,,28563,5,0,20 14 35 26,1,70,,28558,5,0,20 14 35 26,1,30,,21594,5,0,20 14 35 26,1,70,,28545,5,0,20 14 35 26,1,30,,28561,5,0,20 14 35 26,1,70,,28554,5,0,20 14 35 26,1,30,,28550,5,0,20 14 35 26,1,70,,28564,5,0,20 14 35 26,1,30,,28556,5,0,20 14 35 26,1,70,,28562,5,0,20 14 35 26,1,30,,28555,5,0,20 14 35 26,1,70,,28548,5,0,20 14 35 26,1,30,,28551,5,0,20 14 35 26,1,70,,28544,5,0,20 14 35 26,1,30,,28559,5,0,20 14 35 26,1
31501,'3',602,,28571,5,0,20 14 35 26,1,30,,28568,5,0,20 14 35 26,1,70,,28569,5,0,20 14 35 26,1,30,,28575,5,0,20 14 35 26,1,70,,21781,5,0,20 14 35 26,1,30,,28582,5,0,20 14 35 26,1,70,,28565,5,0,20 14 35 26,1,30,,28574,5,0,20 14 35 26,1,70,,28579,5,0,20 14 35 26,1,30,,28585,5,0,20 14 35 26,1,70,,28580,5,0,20 14 35 26,1,30,,21637,5,0,20 14 35 26,1,70,,28567,5,0,20 14 35 26,1,30,,28583,5,0,20 14 35 26,1,70,,28576,5,0,20 14 35 26,1,30,,28572,5,0,20 14 35 26,1,70,,28586,5,0,20 14 35 26,1,30,,28578,5,0,20 14 35 26,1,70,,28584,5,0,20 14 35 26,1,30,,28577,5,0,20 14 35 26,1,70,,28570,5,0,20 14 35 26,1,30,,28573,5,0,20 14 35 26,1,70,,28566,5,0,20 14 35 26,1,30,,28581,5,0,20 14 35 26,1
33600,'11',727,,29327,5,0,57 18,1,30,,29324,5,0,57 18,1,70,,29317,5,0,57 18,1,30,,29318,5,0,57 18,1,70,,29325,5,0,57 18,1,30,,29323,5,0,57 18,1,70,,29332,5,0,57 18,1,30,,29328,5,0,57 18,1,70,,29316,5,0,57 18,1,30,,29319,5,0,57 18,1,70,,29313,5,0,57 18,1,30,,29321,5,0,57 18,1,70,,29314,5,0,57 18,1,30,,29322,5,0,57 18,1,70,,29333,5,0,57 18,1,30,,29329,5,0,57 18,1,70,,29331,5,0,57 18,1,30,,29320,5,0,57 18,1,70,,23746,5,0,57 18,1,30,,29315,5,0,57 18,1,70,,29330,5,0,57 18,1,30,,29326,5,0,57 18,1
33600,'3',727,,29348,5,0,57 18,1,30,,29345,5,0,57 18,1,70,,29338,5,0,57 18,1,30,,29339,5,0,57 18,1,70,,29346,5,0,57 18,1,30,,29344,5,0,57 18,1,70,,29353,5,0,57 18,1,30,,29349,5,0,57 18,1,70,,29337,5,0,57 18,1,30,,29340,5,0,57 18,1,70,,29334,5,0,57 18,1,30,,29342,5,0,57 18,1,70,,29335,5,0,57 18,1,30,,29343,5,0,57 18,1,70,,29354,5,0,57 18,1,30,,29350,5,0,57 18,1,70,,29352,5,0,57 18,1,30,,29341,5,0,57 18,1,70,,23769,5,0,57 18,1,30,,29336,5,0,57 18,1,70,,29351,5,0,57 18,1,30,,29347,5,0,57 18,1
41501,'1',647,,31590,5,0,20 14 34,1,70,,31587,5,0,20 14 34,1,30,,31583,5,0,20 14 34,1,70,,21744,5,0,20 14 34,1,30,,31599,5,0,20 14 34,1,70,,31582,5,0,20 14 34,1,30,,31603,5,0,20 14 34,1,70,,23599,5,0,20 14 34,1,30,,31592,5,0,20 14 34,1,70,,31605,5,0,20 14 34,1,30,,31595,5,0,20 14 34,1,70,,31602,5,0,20 14 34,1,30,,31598,5,0,20 14 34,1,70,,31581,5,0,20 14 34,1,30,,31597,5,0,20 14 34,1,70,,31596,5,0,20 14 34,1,30,,31600,5,0,20 14 34,1,70,,31593,5,0,20 14 34,1,30,,31589,5,0,20 14 34,1,70,,31586,5,0,20 14 34,1,30,,31585,5,0,20 14 34,1,70,,31601,5,0,20 14 34,1,30,,31594,5,0,20 14 34,1,70,,31604,5,0,20 14 34,1,100,,31584,5,0,20 14 34,1,100,,31591,5,0,20 14 34,1,100,,31606,5,0,20 14 34,1,100,,31588,5,0,20 14 34,1,100,,21556,5,0,20 14 34,1
41501,'11',1802,,31608,5,0,20 14 34,1,30,,31611,5,0,20 14 34,1,85,,31607,5,0,20 14 34,1,100,,31610,5,0,20 14 34,1,100,,13490,5,0,20 14 34,1,100,,31609,5,0,20 14 34,1,100,,31612,5,0,20 14 34,1
41501,'12',1117,,31613,5,0,20 14 34,1,100,,31616,5,0,20 14 34,1,100,,8486,5,0,20 14 34,1,100,,31614,5,0,20 14 34,1,100,,31617,5,0,20 14 34,1,100,,31615,5,0,20 14 34,1,100,,26908,5,0,20 14 34,1
41501,'14',647,,31626,5,0,20 14 34,1,70,,24564,5,0,20 14 34,1,30,,31620,5,0,20 14 34,1,70,,31631,5,0,20 14 34,1,30,,31637,5,0,20 14 34,1,70,,31619,5,0,20 14 34,1,30,,31641,5,0,20 14 34,1,70,,31632,5,0,20 14 34,1,30,,31628,5,0,20 14 34,1,70,,31643,5,0,20 14 34,1,30,,31633,5,0,20 14 34,1,70,,31640,5,0,20 14 34,1,30,,31636,5,0,20 14 34,1,70,,31618,5,0,20 14 34,1,30,,31635,5,0,20 14 34,1,70,,31634,5,0,20 14 34,1,30,,31638,5,0,20 14 34,1,70,,31629,5,0,20 14 34,1,30,,31624,5,0,20 14 34,1,70,,31623,5,0,20 14 34,1,30,,31622,5,0,20 14 34,1,70,,31639,5,0,20 14 34,1,30,,31630,5,0,20 14 34,1,70,,31642,5,0,20 14 34,1,100,,31621,5,0,20 14 34,1,100,,31627,5,0,20 14 34,1,100,,31644,5,0,20 14 34,1,100,,26226,5,0,20 14 34,1,100,,31625,5,0,20 14 34,1
41501,'3',1802,,31646,5,0,20 14 34,1,30,,31649,5,0,20 14 34,1,85,,31645,5,0,20 14 34,1,100,,31648,5,0,20 14 34,1,100,,13533,5,0,20 14 34,1,100,,31647,5,0,20 14 34,1,100,,31650,5,0,20 14 34,1
41501,'8',1017,,31663,5,0,20 14 34,1,30,,31651,5,0,20 14 34,1,70,,31665,5,0,20 14 34,1,30,,25155,5,0,20 14 34,1,70,,31655,5,0,20 14 34,1,100,,31659,5,0,20 14 34,1,30,,31660,5,0,20 14 34,1,70,,31661,5,0,20 14 34,1,100,,31654,5,0,20 14 34,1,30,,31657,5,0,20 14 34,1,70,,31652,5,0,20 14 34,1,30,,31658,5,0,20 14 34,1,70,,31653,5,0,20 14 34,1,30,,31662,5,0,20 14 34,1,70,,31664,5,0,20 14 34,1,100,,31656,5,0,20 14 34,1
