30801,'12',646,,34328,29,0,64 38,1,70,,34314,29,0,64 38,1,30,,34325,29,0,64 38,1,70,,34324,29,0,64 38,1,30,,34307,29,0,64 38,1,70,,34326,29,0,64 38,1,30,,34312,29,0,64 38,1,70,,34316,29,0,64 38,1,30,,34329,29,0,64 38,1,70,,34322,29,0,64 38,1,30,,34319,29,0,64 38,1,70,,34309,29,0,64 38,1,30,,34310,29,0,64 38,1,70,,34318,29,0,64 38,1,30,,34313,29,0,64 38,1,70,,34315,29,0,64 38,1,40,,34317,29,0,64 38,1,70,,34308,29,0,64 38,1,30,,34311,29,0,64 38,1,70,,34320,29,0,64 38,1,30,,34323,29,0,64 38,1,70,,34327,29,0,64 38,1,30,,34321,29,0,64 38,1
30801,'13',646,,34346,29,0,64 38,1,70,,34334,29,0,64 38,1,30,,34344,29,0,64 38,1,70,,34343,29,0,64 38,1,30,,28358,29,0,64 38,1,70,,34345,29,0,64 38,1,30,,29463,29,0,64 38,1,70,,34336,29,0,64 38,1,30,,34347,29,0,64 38,1,70,,34342,29,0,64 38,1,30,,34339,29,0,64 38,1,70,,28145,29,0,64 38,1,30,,34331,29,0,64 38,1,70,,34338,29,0,64 38,1,30,,34333,29,0,64 38,1,70,,34335,29,0,64 38,1,40,,34337,29,0,64 38,1,70,,34330,29,0,64 38,1,30,,34332,29,0,64 38,1,70,,34340,29,0,64 38,1,30,,27448,29,0,64 38,1,70,,29291,29,0,64 38,1,30,,34341,29,0,64 38,1
30801,'3',646,,34364,29,0,64 38,1,70,,34352,29,0,64 38,1,30,,34362,29,0,64 38,1,70,,34361,29,0,64 38,1,30,,28376,29,0,64 38,1,70,,34363,29,0,64 38,1,30,,29584,29,0,64 38,1,70,,34354,29,0,64 38,1,30,,34365,29,0,64 38,1,70,,34360,29,0,64 38,1,30,,34357,29,0,64 38,1,70,,28167,29,0,64 38,1,30,,34349,29,0,64 38,1,70,,34356,29,0,64 38,1,30,,34351,29,0,64 38,1,70,,34353,29,0,64 38,1,40,,34355,29,0,64 38,1,70,,34348,29,0,64 38,1,30,,34350,29,0,64 38,1,70,,34358,29,0,64 38,1,30,,27497,29,0,64 38,1,70,,29310,29,0,64 38,1,30,,34359,29,0,64 38,1
30801,'6',646,,34387,29,0,64 38,1,70,,34373,29,0,64 38,1,30,,34384,29,0,64 38,1,70,,34383,29,0,64 38,1,30,,34366,29,0,64 38,1,70,,34385,29,0,64 38,1,30,,34371,29,0,64 38,1,70,,34375,29,0,64 38,1,30,,34388,29,0,64 38,1,70,,34381,29,0,64 38,1,30,,34378,29,0,64 38,1,70,,34368,29,0,64 38,1,30,,34369,29,0,64 38,1,70,,34377,29,0,64 38,1,30,,34372,29,0,64 38,1,70,,34374,29,0,64 38,1,40,,34376,29,0,64 38,1,70,,34367,29,0,64 38,1,30,,34370,29,0,64 38,1,70,,34379,29,0,64 38,1,30,,34382,29,0,64 38,1,70,,34386,29,0,64 38,1,30,,34380,29,0,64 38,1
33700,'1',715,,36993,23,,,1,30,,37006,23,,,1,70,,37000,23,,,1,30,,37011,23,,,1,70,,36982,23,,,1,30,,37002,23,,,1,70,,37025,23,,,1,30,,36994,23,,,1,70,,37007,23,,,1,30,,36997,23,,,1,70,,36992,23,,,1,30,,37009,23,,,1,70,,37016,23,,,1,30,,36988,23,,,1,70,,37024,23,,,1,30,,37027,23,,,1,70,,37014,23,,,1,30,,36995,23,,,1,70,,36983,23,,,1,30,,37004,23,,,1,70,,36991,23,,,1,30,,36996,23,,,1,70,,36986,23,,,1,30,,37022,23,,,1,70,,31991,23,,,1
33700,'11',715,,37041,23,,,1,30,,37056,23,,,1,70,,37049,23,,,1,30,,37061,23,,,1,70,,37029,23,,,1,30,,37051,23,,,1,70,,37075,23,,,1,30,,37042,23,,,1,70,,37057,23,,,1,30,,37046,23,,,1,70,,37040,23,,,1,30,,37059,23,,,1,70,,37066,23,,,1,30,,37036,23,,,1,70,,37074,23,,,1,30,,37077,23,,,1,70,,37064,23,,,1,30,,37043,23,,,1,70,,37030,23,,,1,30,,37053,23,,,1,70,,37039,23,,,1,30,,37044,23,,,1,70,,37034,23,,,1,30,,37072,23,,,1,70,,37033,23,,,1
33700,'12',645,,37100,23,,,1,70,,37111,23,,,1,30,,37082,23,,,1,70,,37089,23,,,1,30,,37103,23,,,1,70,,37090,23,,,1,30,,37116,23,,,1,70,,37087,23,,,1,30,,37104,23,,,1,70,,37097,23,,,1,30,,37079,23,,,1,70,,37088,23,,,1,30,,37109,23,,,1,70,,37124,23,,,1,30,,37094,23,,,1,70,,37095,23,,,1,30,,37122,23,,,1,70,,37102,23,,,1,30,,37119,23,,,1,70,,37113,23,,,1,30,,37099,23,,,1,70,,37101,23,,,1,30,,37117,23,,,1,70,,37114,23,,,1,30,,37080,23,,,1
33700,'13',645,,37145,23,,,1,70,,37154,23,,,1,30,,37132,23,,,1,70,,37136,23,,,1,30,,29323,23,,,1,70,,37137,23,,,1,30,,37156,23,,,1,70,,29041,23,,,1,30,,37147,23,,,1,70,,37142,23,,,1,30,,37129,23,,,1,70,,28682,23,,,1,30,,37152,23,,,1,70,,37163,23,,,1,30,,37140,23,,,1,70,,37141,23,,,1,30,,37161,23,,,1,70,,27428,23,,,1,30,,37159,23,,,1,70,,29162,23,,,1,30,,37144,23,,,1,70,,37146,23,,,1,30,,37157,23,,,1,70,,32600,23,,,1,30,,37130,23,,,1
33700,'14',1115,,37187,23,,,1,30,,37176,23,,,1,70,,37191,23,,,1,30,,37178,23,,,1,70,,37184,23,,,1,30,,37189,23,,,1,70,,37171,23,,,1,30,,37186,23,,,1,70,,37167,23,,,1,30,,37179,23,,,1,70,,37185,23,,,1,30,,37180,23,,,1,70,,37173,23,,,1,30,,37172,23,,,1,70,,37182,23,,,1
33700,'16',715,,37208,23,,,1,30,,37221,23,,,1,70,,37215,23,,,1,30,,37226,23,,,1,70,,37197,23,,,1,30,,37217,23,,,1,70,,37240,23,,,1,30,,37209,23,,,1,70,,37222,23,,,1,30,,37212,23,,,1,70,,37207,23,,,1,30,,37224,23,,,1,70,,37231,23,,,1,30,,37203,23,,,1,70,,37239,23,,,1,30,,37242,23,,,1,70,,37229,23,,,1,30,,37210,23,,,1,70,,37198,23,,,1,30,,37219,23,,,1,70,,37206,23,,,1,30,,37211,23,,,1,70,,37201,23,,,1,30,,37237,23,,,1,70,,32029,23,,,1
33700,'3',645,,37260,23,,,1,70,,37269,23,,,1,30,,37247,23,,,1,70,,37251,23,,,1,30,,29344,23,,,1,70,,37252,23,,,1,30,,37271,23,,,1,70,,29047,23,,,1,30,,37262,23,,,1,70,,37257,23,,,1,30,,37244,23,,,1,70,,28726,23,,,1,30,,37267,23,,,1,70,,37278,23,,,1,30,,37255,23,,,1,70,,37256,23,,,1,30,,37276,23,,,1,70,,27477,23,,,1,30,,37274,23,,,1,70,,29172,23,,,1,30,,37259,23,,,1,70,,37261,23,,,1,30,,37272,23,,,1,70,,32607,23,,,1,30,,37245,23,,,1
33700,'6',645,,37304,23,,,1,70,,37315,23,,,1,30,,37286,23,,,1,70,,37293,23,,,1,30,,37307,23,,,1,70,,37294,23,,,1,30,,37320,23,,,1,70,,37291,23,,,1,30,,37308,23,,,1,70,,37301,23,,,1,30,,37283,23,,,1,70,,37292,23,,,1,30,,37313,23,,,1,70,,37328,23,,,1,30,,37298,23,,,1,70,,37299,23,,,1,30,,37326,23,,,1,70,,37306,23,,,1,30,,37323,23,,,1,70,,37317,23,,,1,30,,37303,23,,,1,70,,37305,23,,,1,30,,37321,23,,,1,70,,37318,23,,,1,30,,37284,23,,,1
33700,'8',1145,,37337,23,,,1,70,,37340,23,,,1,30,,37352,23,,,1,70,,37343,23,,,1,30,,37344,23,,,1,70,,29852,23,,,1,30,,37359,23,,,1,70,,37333,23,,,1,30,,37346,23,,,1,70,,37348,23,,,1,30,,37358,23,,,1,70,,37354,23,,,1,30,,37355,23,,,1,70,,37334,23,,,1,30,,37335,23,,,1
40801,'1',700,,39214,29,0,64 38,1,31,,39212,29,0,64 38,1,70,,31913,29,0,64 38,1,30,,39216,29,0,64 38,1,70,,22901,29,0,64 38,1,30,,39218,29,0,64 38,1,70,,39232,29,0,64 38,1,30,,39229,29,0,64 38,1,70,,39223,29,0,64 38,1,30,,39222,29,0,64 38,1,70,,39220,29,0,64 38,1,30,,39226,29,0,64 38,1,70,,39235,29,0,64 38,1,30,,39230,29,0,64 38,1,70,,39221,29,0,64 38,1,30,,39211,29,0,64 38,1,70,,39227,29,0,64 38,1,30,,39215,29,0,64 38,1,70,,39225,29,0,64 38,1,30,,39219,29,0,64 38,1,70,,39213,29,0,64 38,1,30,,39236,29,0,64 38,1,70,,39233,29,0,64 38,1,30,,39234,29,0,64 38,1,99,,39231,29,0,64 38,1,100,,39217,29,0,64 38,1,100,,39237,29,0,64 38,1,100,,39228,29,0,64 38,1,100,,39224,29,0,64 38,1
40801,'11',700,,39242,29,0,64 38,1,31,,39240,29,0,64 38,1,70,,39238,29,0,64 38,1,30,,39244,29,0,64 38,1,70,,39258,29,0,64 38,1,30,,39246,29,0,64 38,1,70,,39261,29,0,64 38,1,30,,39257,29,0,64 38,1,70,,39251,29,0,64 38,1,30,,39250,29,0,64 38,1,70,,39248,29,0,64 38,1,30,,39254,29,0,64 38,1,70,,39264,29,0,64 38,1,30,,39259,29,0,64 38,1,70,,39249,29,0,64 38,1,30,,39239,29,0,64 38,1,70,,39255,29,0,64 38,1,30,,39243,29,0,64 38,1,70,,39253,29,0,64 38,1,30,,39247,29,0,64 38,1,70,,39241,29,0,64 38,1,30,,39265,29,0,64 38,1,70,,39262,29,0,64 38,1,30,,39263,29,0,64 38,1,99,,39260,29,0,64 38,1,100,,39245,29,0,64 38,1,100,,39266,29,0,64 38,1,100,,39256,29,0,64 38,1,100,,39252,29,0,64 38,1
40801,'12',1831,,39267,29,0,64 38,1,99,,39272,29,0,64 38,1,100,,39270,29,0,64 38,1,100,,39268,29,0,64 38,1,100,,39269,29,0,64 38,1,100,,39271,29,0,64 38,1
40801,'13',1831,,39273,29,0,64 38,1,99,,39278,29,0,64 38,1,100,,39276,29,0,64 38,1,100,,39274,29,0,64 38,1,100,,39275,29,0,64 38,1,100,,39277,29,0,64 38,1
40801,'14',1131,,39282,29,0,64 38,1,100,,39280,29,0,64 38,1,100,,39281,29,0,64 38,1,100,,39285,29,0,64 38,1,100,,39283,29,0,64 38,1,100,,39279,29,0,64 38,1,100,,39284,29,0,64 38,1
40801,'16',700,,39289,29,0,64 38,1,31,,39287,29,0,64 38,1,70,,31950,29,0,64 38,1,30,,39291,29,0,64 38,1,70,,32045,29,0,64 38,1,30,,39293,29,0,64 38,1,70,,39307,29,0,64 38,1,30,,39304,29,0,64 38,1,70,,39298,29,0,64 38,1,30,,39297,29,0,64 38,1,70,,39295,29,0,64 38,1,30,,39301,29,0,64 38,1,70,,39310,29,0,64 38,1,30,,39305,29,0,64 38,1,70,,39296,29,0,64 38,1,30,,39286,29,0,64 38,1,70,,39302,29,0,64 38,1,30,,39290,29,0,64 38,1,70,,39300,29,0,64 38,1,30,,39294,29,0,64 38,1,70,,39288,29,0,64 38,1,30,,39311,29,0,64 38,1,70,,39308,29,0,64 38,1,30,,39309,29,0,64 38,1,99,,39306,29,0,64 38,1,100,,39292,29,0,64 38,1,100,,39312,29,0,64 38,1,100,,39303,29,0,64 38,1,100,,39299,29,0,64 38,1
40801,'3',1831,,39313,29,0,64 38,1,99,,39318,29,0,64 38,1,100,,39316,29,0,64 38,1,100,,39314,29,0,64 38,1,100,,39315,29,0,64 38,1,100,,39317,29,0,64 38,1
40801,'6',1831,,39319,29,0,64 38,1,99,,39324,29,0,64 38,1,100,,39322,29,0,64 38,1,100,,39320,29,0,64 38,1,100,,39321,29,0,64 38,1,100,,39323,29,0,64 38,1
40801,'8',931,,39331,29,0,64 38,1,100,,39335,29,0,64 38,1,70,,32236,29,0,64 38,1,30,,39326,29,0,64 38,1,70,,39341,29,0,64 38,1,30,,39332,29,0,64 38,1,70,,39339,29,0,64 38,1,30,,39333,29,0,64 38,1,70,,30587,29,0,64 38,1,30,,39336,29,0,64 38,1,70,,39325,29,0,64 38,1,30,,39338,29,0,64 38,1,70,,39327,29,0,64 38,1,30,,39330,29,0,64 38,1,70,,39337,29,0,64 38,1,30,,39334,29,0,64 38,1,70,,39329,29,0,64 38,1,30,,39328,29,0,64 38,1,99,,39340,29,0,64 38,1
43700,'1',1932,,41864,15,,,1,100,,41858,15,,,1,100,,41865,15,,,1,100,,41859,15,,,1,100,,41860,15,,,1
43700,'11',1932,,41874,15,,,1,100,,41867,15,,,1,100,,41875,15,,,1,100,,41868,15,,,1,100,,41869,15,,,1
43700,'12',1932,,41877,15,,,1,100,,41885,15,,,1,100,,41879,15,,,1,100,,41883,15,,,1,100,,41882,15,,,1
43700,'13',1932,,41887,15,,,1,100,,41894,15,,,1,100,,41889,15,,,1,100,,27816,15,,,1,100,,41892,15,,,1
43700,'16',1932,,41902,15,,,1,100,,41896,15,,,1,100,,41903,15,,,1,100,,41897,15,,,1,100,,41898,15,,,1
43700,'3',1932,,41905,15,,,1,100,,41912,15,,,1,100,,41907,15,,,1,100,,27839,15,,,1,100,,41910,15,,,1
43700,'6',1932,,41914,15,,,1,100,,41922,15,,,1,100,,41916,15,,,1,100,,41920,15,,,1,100,,41919,15,,,1
