32100,'15',642,,14121,4,0,53,1,90,,14115,4,0,53,1,100,,14123,4,0,53,1,100,,14125,4,0,53,1,100,,14120,4,0,53,1,100,,14119,4,0,53,1,100,,14116,4,0,53,1,100,,14124,4,0,53,1,100,,14122,4,0,53,1,100,,14114,4,0,53,1,100,,14118,4,0,53,1,100,,14117,4,0,53,1
32100,'16',642,,14130,4,0,53,1,90,,14126,4,0,53,1,100,,1005,4,0,53,1,100,,14133,4,0,53,1,100,,5261,4,0,53,1,100,,14129,4,0,53,1,100,,14127,4,0,53,1,100,,14132,4,0,53,1,100,,14128,4,0,53,1,100,,14131,4,0,53,1,100,,14135,4,0,53,1,100,,14134,4,0,53,1
32100,'17',642,,14140,4,0,53,1,90,,14136,4,0,53,1,100,,1029,4,0,53,1,100,,14143,4,0,53,1,100,,5311,4,0,53,1,100,,14139,4,0,53,1,100,,14137,4,0,53,1,100,,14142,4,0,53,1,100,,14138,4,0,53,1,100,,14141,4,0,53,1,100,,14145,4,0,53,1,100,,14144,4,0,53,1
32100,'19',642,,14152,4,0,53,1,90,,14146,4,0,53,1,100,,14153,4,0,53,1,100,,14156,4,0,53,1,100,,14151,4,0,53,1,100,,14150,4,0,53,1,100,,14147,4,0,53,1,100,,14155,4,0,53,1,100,,14149,4,0,53,1,100,,14148,4,0,53,1,100,,14157,4,0,53,1,100,,14154,4,0,53,1
32100,'5',642,,14163,4,0,53,1,90,,14158,4,0,53,1,100,,1053,4,0,53,1,100,,14165,4,0,53,1,100,,5441,4,0,53,1,100,,14162,4,0,53,1,100,,14159,4,0,53,1,100,,14164,4,0,53,1,100,,14161,4,0,53,1,100,,14160,4,0,53,1,100,,14166,4,0,53,1,100,,8794,4,0,53,1
32100,'6',642,,14174,4,0,53,1,90,,14168,4,0,53,1,100,,14176,4,0,53,1,100,,14178,4,0,53,1,100,,14173,4,0,53,1,100,,14172,4,0,53,1,100,,14169,4,0,53,1,100,,14177,4,0,53,1,100,,14175,4,0,53,1,100,,14167,4,0,53,1,100,,14171,4,0,53,1,100,,14170,4,0,53,1
42100,'1',1032,,1932,4,0,53,1,100,,20074,4,0,53,1,100,,20072,4,0,53,1,100,,20070,4,0,53,1,100,,20073,4,0,53,1,100,,20071,4,0,53,1,100,,20069,4,0,53,1
42100,'10',642,,20091,4,0,53,1,90,,20087,4,0,53,1,100,,20076,4,0,53,1,100,,20088,4,0,53,1,100,,20082,4,0,53,1,100,,20078,4,0,53,1,100,,20081,4,0,53,1,100,,20090,4,0,53,1,100,,20086,4,0,53,1,100,,20077,4,0,53,1,100,,20084,4,0,53,1,100,,20080,4,0,53,1,100,,20085,4,0,53,1,100,,20075,4,0,53,1,100,,20079,4,0,53,1,100,,20083,4,0,53,1,100,,20089,4,0,53,1
42100,'12',832,,20094,4,0,53,1,100,,20095,4,0,53,1,100,,20097,4,0,53,1,100,,20100,4,0,53,1,100,,20093,4,0,53,1,100,,20099,4,0,53,1,100,,20101,4,0,53,1,100,,20098,4,0,53,1,100,,20102,4,0,53,1,100,,20092,4,0,53,1,100,,20096,4,0,53,1,100,,20103,4,0,53,1
42100,'15',1832,,20105,4,0,53,1,100,,20107,4,0,53,1,100,,20104,4,0,53,1,100,,20106,4,0,53,1,100,,20108,4,0,53,1
42100,'16',1832,,20110,4,0,53,1,100,,20112,4,0,53,1,100,,20109,4,0,53,1,100,,20111,4,0,53,1,100,,20113,4,0,53,1
42100,'17',1832,,20115,4,0,53,1,100,,20117,4,0,53,1,100,,20114,4,0,53,1,100,,20116,4,0,53,1,100,,20118,4,0,53,1
42100,'19',1832,,20120,4,0,53,1,100,,20122,4,0,53,1,100,,20119,4,0,53,1,100,,20121,4,0,53,1,100,,20123,4,0,53,1
42100,'21',642,,20138,4,0,53,1,90,,20134,4,0,53,1,100,,20125,4,0,53,1,100,,20135,4,0,53,1,100,,20130,4,0,53,1,100,,20127,4,0,53,1,100,,20129,4,0,53,1,100,,20137,4,0,53,1,100,,20133,4,0,53,1,100,,20126,4,0,53,1,100,,20131,4,0,53,1,100,,6805,4,0,53,1,100,,20132,4,0,53,1,100,,20124,4,0,53,1,100,,20128,4,0,53,1,100,,8225,4,0,53,1,100,,20136,4,0,53,1
42100,'5',1832,,20140,4,0,53,1,100,,20142,4,0,53,1,100,,20139,4,0,53,1,100,,20141,4,0,53,1,100,,20143,4,0,53,1
42100,'6',1832,,20145,4,0,53,1,100,,20147,4,0,53,1,100,,20144,4,0,53,1,100,,20146,4,0,53,1,100,,20148,4,0,53,1
