32100,'15',648,,14121,13,0,53,1,90,,14115,13,0,53,1,100,,14123,13,0,53,1,100,,14125,13,0,53,1,100,,14120,13,0,53,1,100,,14119,13,0,53,1,100,,14116,13,0,53,1,100,,14124,13,0,53,1,100,,14122,13,0,53,1,100,,14114,13,0,53,1,100,,14118,13,0,53,1,100,,14117,13,0,53,1
32100,'16',648,,14130,13,0,53,1,90,,14126,13,0,53,1,100,,1005,13,0,53,1,100,,14133,13,0,53,1,100,,5261,13,0,53,1,100,,14129,13,0,53,1,100,,14127,13,0,53,1,100,,14132,13,0,53,1,100,,14128,13,0,53,1,100,,14131,13,0,53,1,100,,14135,13,0,53,1,100,,14134,13,0,53,1
32100,'17',648,,14140,13,0,53,1,90,,14136,13,0,53,1,100,,1029,13,0,53,1,100,,14143,13,0,53,1,100,,5311,13,0,53,1,100,,14139,13,0,53,1,100,,14137,13,0,53,1,100,,14142,13,0,53,1,100,,14138,13,0,53,1,100,,14141,13,0,53,1,100,,14145,13,0,53,1,100,,14144,13,0,53,1
32100,'19',648,,14152,13,0,53,1,90,,14146,13,0,53,1,100,,14153,13,0,53,1,100,,14156,13,0,53,1,100,,14151,13,0,53,1,100,,14150,13,0,53,1,100,,14147,13,0,53,1,100,,14155,13,0,53,1,100,,14149,13,0,53,1,100,,14148,13,0,53,1,100,,14157,13,0,53,1,100,,14154,13,0,53,1
32100,'5',648,,14163,13,0,53,1,90,,14158,13,0,53,1,100,,1053,13,0,53,1,100,,14165,13,0,53,1,100,,5441,13,0,53,1,100,,14162,13,0,53,1,100,,14159,13,0,53,1,100,,14164,13,0,53,1,100,,14161,13,0,53,1,100,,14160,13,0,53,1,100,,14166,13,0,53,1,100,,8794,13,0,53,1
32100,'6',648,,14174,13,0,53,1,90,,14168,13,0,53,1,100,,14176,13,0,53,1,100,,14178,13,0,53,1,100,,14173,13,0,53,1,100,,14172,13,0,53,1,100,,14169,13,0,53,1,100,,14177,13,0,53,1,100,,14175,13,0,53,1,100,,14167,13,0,53,1,100,,14171,13,0,53,1,100,,14170,13,0,53,1
42100,'1',1038,,1932,13,0,53,1,100,,20074,13,0,53,1,100,,20072,13,0,53,1,100,,20070,13,0,53,1,100,,20073,13,0,53,1,100,,20071,13,0,53,1,100,,20069,13,0,53,1
42100,'10',648,,20091,13,0,53,1,90,,20087,13,0,53,1,100,,20076,13,0,53,1,100,,20088,13,0,53,1,100,,20082,13,0,53,1,100,,20078,13,0,53,1,100,,20081,13,0,53,1,100,,20090,13,0,53,1,100,,20086,13,0,53,1,100,,20077,13,0,53,1,100,,20084,13,0,53,1,100,,20080,13,0,53,1,100,,20085,13,0,53,1,100,,20075,13,0,53,1,100,,20079,13,0,53,1,100,,20083,13,0,53,1,100,,20089,13,0,53,1
42100,'12',838,,20094,13,0,53,1,100,,20095,13,0,53,1,100,,20097,13,0,53,1,100,,20100,13,0,53,1,100,,20093,13,0,53,1,100,,20099,13,0,53,1,100,,20101,13,0,53,1,100,,20098,13,0,53,1,100,,20102,13,0,53,1,100,,20092,13,0,53,1,100,,20096,13,0,53,1,100,,20103,13,0,53,1
42100,'15',1838,,20105,13,0,53,1,100,,20107,13,0,53,1,100,,20104,13,0,53,1,100,,20106,13,0,53,1,100,,20108,13,0,53,1
42100,'16',1838,,20110,13,0,53,1,100,,20112,13,0,53,1,100,,20109,13,0,53,1,100,,20111,13,0,53,1,100,,20113,13,0,53,1
42100,'17',1838,,20115,13,0,53,1,100,,20117,13,0,53,1,100,,20114,13,0,53,1,100,,20116,13,0,53,1,100,,20118,13,0,53,1
42100,'19',1838,,20120,13,0,53,1,100,,20122,13,0,53,1,100,,20119,13,0,53,1,100,,20121,13,0,53,1,100,,20123,13,0,53,1
42100,'21',648,,20138,13,0,53,1,90,,20134,13,0,53,1,100,,20125,13,0,53,1,100,,20135,13,0,53,1,100,,20130,13,0,53,1,100,,20127,13,0,53,1,100,,20129,13,0,53,1,100,,20137,13,0,53,1,100,,20133,13,0,53,1,100,,20126,13,0,53,1,100,,20131,13,0,53,1,100,,6805,13,0,53,1,100,,20132,13,0,53,1,100,,20124,13,0,53,1,100,,20128,13,0,53,1,100,,8225,13,0,53,1,100,,20136,13,0,53,1
42100,'5',1838,,20140,13,0,53,1,100,,20142,13,0,53,1,100,,20139,13,0,53,1,100,,20141,13,0,53,1,100,,20143,13,0,53,1
42100,'6',1838,,20145,13,0,53,1,100,,20147,13,0,53,1,100,,20144,13,0,53,1,100,,20146,13,0,53,1,100,,20148,13,0,53,1
