32101,'15',714,,14183,10,0,56,1,100,,14182,10,0,56,1,100,,14189,10,0,56,1,100,,14184,10,0,56,1,100,,14187,10,0,56,1,100,,14179,10,0,56,1,100,,14188,10,0,56,1,101,,14185,10,0,56,1,100,,14190,10,0,56,1,100,,14186,10,0,56,1,100,,14180,10,0,56,1,100,,14181,10,0,56,1
32101,'16',714,,14194,10,0,56,1,100,,14193,10,0,56,1,100,,14198,10,0,56,1,100,,427,10,0,56,1,100,,14196,10,0,56,1,100,,14191,10,0,56,1,100,,5271,10,0,56,1,101,,14197,10,0,56,1,100,,14195,10,0,56,1,100,,14192,10,0,56,1,100,,3553,10,0,56,1,100,,617,10,0,56,1
32101,'17',714,,14202,10,0,56,1,100,,14201,10,0,56,1,100,,14206,10,0,56,1,100,,450,10,0,56,1,100,,14204,10,0,56,1,100,,14199,10,0,56,1,100,,5321,10,0,56,1,101,,14205,10,0,56,1,100,,14203,10,0,56,1,100,,14200,10,0,56,1,100,,3578,10,0,56,1,100,,641,10,0,56,1
32101,'19',714,,14211,10,0,56,1,100,,14210,10,0,56,1,100,,14217,10,0,56,1,100,,14212,10,0,56,1,100,,14215,10,0,56,1,100,,14208,10,0,56,1,100,,14216,10,0,56,1,101,,14214,10,0,56,1,100,,14209,10,0,56,1,100,,14207,10,0,56,1,100,,14213,10,0,56,1,100,,14218,10,0,56,1
32101,'5',714,,14223,10,0,56,1,100,,14222,10,0,56,1,100,,14226,10,0,56,1,100,,473,10,0,56,1,100,,14225,10,0,56,1,100,,14220,10,0,56,1,100,,5451,10,0,56,1,101,,14224,10,0,56,1,100,,14221,10,0,56,1,100,,14219,10,0,56,1,100,,954,10,0,56,1,100,,14227,10,0,56,1
32101,'6',714,,14232,10,0,56,1,100,,14231,10,0,56,1,100,,14238,10,0,56,1,100,,14233,10,0,56,1,100,,14236,10,0,56,1,100,,14228,10,0,56,1,100,,14237,10,0,56,1,101,,14234,10,0,56,1,100,,14239,10,0,56,1,100,,14235,10,0,56,1,100,,14229,10,0,56,1,100,,14230,10,0,56,1
42101,'1',1114,,20150,10,0,56,1,100,,778,10,0,56,1,100,,20154,10,0,56,1,101,,20153,10,0,56,1,100,,20152,10,0,56,1,100,,20149,10,0,56,1,100,,20151,10,0,56,1
42101,'10',714,,20170,10,0,56,1,100,,20160,10,0,56,1,100,,20155,10,0,56,1,100,,20169,10,0,56,1,100,,20159,10,0,56,1,100,,20167,10,0,56,1,100,,20164,10,0,56,1,101,,20156,10,0,56,1,100,,20162,10,0,56,1,100,,20171,10,0,56,1,100,,20158,10,0,56,1,100,,20163,10,0,56,1,100,,20166,10,0,56,1,100,,20161,10,0,56,1,100,,20168,10,0,56,1,100,,20157,10,0,56,1,100,,20165,10,0,56,1
42101,'12',914,,5966,10,0,56,1,100,,20180,10,0,56,1,100,,20179,10,0,56,1,100,,20172,10,0,56,1,100,,20182,10,0,56,1,101,,20181,10,0,56,1,100,,20177,10,0,56,1,100,,20175,10,0,56,1,100,,20174,10,0,56,1,100,,20173,10,0,56,1,100,,20178,10,0,56,1,100,,20176,10,0,56,1
42101,'15',1915,,20187,10,0,56,1,100,,20183,10,0,56,1,100,,20186,10,0,56,1,100,,20185,10,0,56,1,100,,20184,10,0,56,1
42101,'16',1915,,20192,10,0,56,1,100,,20188,10,0,56,1,100,,20191,10,0,56,1,100,,20190,10,0,56,1,100,,20189,10,0,56,1
42101,'17',1915,,20197,10,0,56,1,100,,20193,10,0,56,1,100,,20196,10,0,56,1,100,,20195,10,0,56,1,100,,20194,10,0,56,1
42101,'19',1915,,20202,10,0,56,1,100,,20198,10,0,56,1,100,,20201,10,0,56,1,100,,20200,10,0,56,1,100,,20199,10,0,56,1
42101,'21',714,,20216,10,0,56,1,100,,20208,10,0,56,1,100,,20203,10,0,56,1,100,,20215,10,0,56,1,100,,20207,10,0,56,1,100,,20214,10,0,56,1,100,,20211,10,0,56,1,101,,20204,10,0,56,1,100,,7756,10,0,56,1,100,,20217,10,0,56,1,100,,20206,10,0,56,1,100,,20210,10,0,56,1,100,,20213,10,0,56,1,100,,20209,10,0,56,1,100,,5684,10,0,56,1,100,,20205,10,0,56,1,100,,20212,10,0,56,1
42101,'5',1915,,20222,10,0,56,1,100,,20218,10,0,56,1,100,,20221,10,0,56,1,100,,20220,10,0,56,1,100,,20219,10,0,56,1
42101,'6',1915,,20227,10,0,56,1,100,,20223,10,0,56,1,100,,20226,10,0,56,1,100,,20225,10,0,56,1,100,,20224,10,0,56,1
