30101,'15',624,,9077,15,0,5 15,1,30,,9074,15,0,5 15,1,70,,9105,15,0,5 15,1,30,,9096,15,0,5 15,1,70,,9080,15,0,5 15,1,30,,9067,15,0,5 15,1,70,,9107,15,0,5 15,1,30,,9079,15,0,5 15,1,70,,9091,15,0,5 15,1,30,,9083,15,0,5 15,1,70,,9069,15,0,5 15,1,30,,9098,15,0,5 15,1,70,,9088,15,0,5 15,1,30,,9072,15,0,5 15,1,70,,9063,15,0,5 15,1,30,,9081,15,0,5 15,1,70,,9076,15,0,5 15,1,30,,9109,15,0,5 15,1,70,,9094,15,0,5 15,1,30,,9093,15,0,5 15,1,70,,9090,15,0,5 15,1,30,,9065,15,0,5 15,1,70,,9082,15,0,5 15,1,30,,9078,15,0,5 15,1
30101,'16',624,,9123,15,0,5 15,1,30,,4232,15,0,5 15,1,70,,9149,15,0,5 15,1,30,,9140,15,0,5 15,1,70,,9126,15,0,5 15,1,30,,2894,15,0,5 15,1,70,,9151,15,0,5 15,1,30,,9125,15,0,5 15,1,70,,9136,15,0,5 15,1,30,,9129,15,0,5 15,1,70,,9116,15,0,5 15,1,30,,9142,15,0,5 15,1,70,,9133,15,0,5 15,1,30,,9119,15,0,5 15,1,70,,1662,15,0,5 15,1,30,,9127,15,0,5 15,1,70,,9122,15,0,5 15,1,30,,9153,15,0,5 15,1,70,,9139,15,0,5 15,1,30,,9138,15,0,5 15,1,70,,9135,15,0,5 15,1,30,,9113,15,0,5 15,1,70,,9128,15,0,5 15,1,30,,9124,15,0,5 15,1
30101,'17',624,,9167,15,0,5 15,1,30,,4247,15,0,5 15,1,70,,9193,15,0,5 15,1,30,,9184,15,0,5 15,1,70,,9170,15,0,5 15,1,30,,2945,15,0,5 15,1,70,,9195,15,0,5 15,1,30,,9169,15,0,5 15,1,70,,9180,15,0,5 15,1,30,,9173,15,0,5 15,1,70,,9160,15,0,5 15,1,30,,9186,15,0,5 15,1,70,,9177,15,0,5 15,1,30,,9163,15,0,5 15,1,70,,1685,15,0,5 15,1,30,,9171,15,0,5 15,1,70,,9166,15,0,5 15,1,30,,9197,15,0,5 15,1,70,,9183,15,0,5 15,1,30,,9182,15,0,5 15,1,70,,9179,15,0,5 15,1,30,,9157,15,0,5 15,1,70,,9172,15,0,5 15,1,30,,9168,15,0,5 15,1
30101,'19',624,,9215,15,0,5 15,1,30,,9212,15,0,5 15,1,70,,9243,15,0,5 15,1,30,,9234,15,0,5 15,1,70,,9218,15,0,5 15,1,30,,9205,15,0,5 15,1,70,,9245,15,0,5 15,1,30,,9217,15,0,5 15,1,70,,9229,15,0,5 15,1,30,,9221,15,0,5 15,1,70,,9207,15,0,5 15,1,30,,9236,15,0,5 15,1,70,,9226,15,0,5 15,1,30,,9210,15,0,5 15,1,70,,9201,15,0,5 15,1,30,,9219,15,0,5 15,1,70,,9214,15,0,5 15,1,30,,9247,15,0,5 15,1,70,,9232,15,0,5 15,1,30,,9231,15,0,5 15,1,70,,9228,15,0,5 15,1,30,,9203,15,0,5 15,1,70,,9220,15,0,5 15,1,30,,9216,15,0,5 15,1
30101,'5',624,,9261,15,0,5 15,1,30,,4271,15,0,5 15,1,70,,9285,15,0,5 15,1,30,,9276,15,0,5 15,1,70,,9264,15,0,5 15,1,30,,3019,15,0,5 15,1,70,,9287,15,0,5 15,1,30,,9263,15,0,5 15,1,70,,9272,15,0,5 15,1,30,,9267,15,0,5 15,1,70,,9254,15,0,5 15,1,30,,9278,15,0,5 15,1,70,,3064,15,0,5 15,1,30,,9257,15,0,5 15,1,70,,1708,15,0,5 15,1,30,,9265,15,0,5 15,1,70,,9260,15,0,5 15,1,30,,9289,15,0,5 15,1,70,,9275,15,0,5 15,1,30,,9274,15,0,5 15,1,70,,9271,15,0,5 15,1,30,,9251,15,0,5 15,1,70,,9266,15,0,5 15,1,30,,9262,15,0,5 15,1
30101,'6',624,,9307,15,0,5 15,1,30,,9304,15,0,5 15,1,70,,9335,15,0,5 15,1,30,,9326,15,0,5 15,1,70,,9310,15,0,5 15,1,30,,9297,15,0,5 15,1,70,,9337,15,0,5 15,1,30,,9309,15,0,5 15,1,70,,9321,15,0,5 15,1,30,,9313,15,0,5 15,1,70,,9299,15,0,5 15,1,30,,9328,15,0,5 15,1,70,,9318,15,0,5 15,1,30,,9302,15,0,5 15,1,70,,9293,15,0,5 15,1,30,,9311,15,0,5 15,1,70,,9306,15,0,5 15,1,30,,9339,15,0,5 15,1,70,,9324,15,0,5 15,1,30,,9323,15,0,5 15,1,70,,9320,15,0,5 15,1,30,,9295,15,0,5 15,1,70,,9312,15,0,5 15,1,30,,9308,15,0,5 15,1
40101,'1',1038,,17006,15,0,16,1,100,,17000,15,0,16,1,100,,17011,15,0,16,1,100,,1550,15,0,16,1,100,,17005,15,0,16,1,100,,17008,15,0,16,1,100,,17010,15,0,16,1,100,,16998,15,0,5,1
40101,'10',638,,17028,15,0,16,1,70,,17012,15,0,16,1,30,,17048,15,0,16,1,70,,17027,15,0,16,1,30,,17016,15,0,16,1,70,,17065,15,0,16,1,30,,17019,15,0,16,1,70,,17072,15,0,16,1,30,,17020,15,0,16,1,70,,17024,15,0,16,1,30,,17056,15,0,16,1,70,,17064,15,0,16,1,30,,17058,15,0,16,1,70,,17023,15,0,16,1,30,,17038,15,0,16,1,70,,17014,15,0,16,1,30,,17039,15,0,16,1,70,,17043,15,0,16,1,30,,17050,15,0,16,1,70,,17030,15,0,16,1,30,,17022,15,0,16,1,70,,17049,15,0,16,1,30,,17018,15,0,16,1,70,,17035,15,0,16,1,30,,17062,15,0,16,1,100,,17013,15,0,16,1,100,,17052,15,0,16,1,100,,17044,15,0,16,1,100,,17036,15,0,16,1,100,,17060,15,0,5,1
40101,'12',838,,17094,15,0,16,1,100,,17085,15,0,16,1,100,,17100,15,0,16,1,70,,17103,15,0,16,1,30,,17098,15,0,16,1,70,,17084,15,0,16,1,30,,17104,15,0,16,1,70,,17089,15,0,16,1,30,,17108,15,0,16,1,70,,17083,15,0,16,1,30,,17073,15,0,16,1,70,,17090,15,0,16,1,30,,17081,15,0,16,1,70,,17095,15,0,16,1,30,,17106,15,0,16,1,70,,17093,15,0,16,1,30,,17082,15,0,16,1,70,,17109,15,0,16,1,30,,17076,15,0,16,1,100,,17078,15,0,16,1
40101,'15',1838,,17120,15,0,16,1,100,,17115,15,0,16,1,100,,17114,15,0,16,1,100,,17112,15,0,16,1,100,,17110,15,0,16,1,100,,17117,15,0,5,1
40101,'16',1838,,17129,15,0,16,1,100,,17124,15,0,16,1,100,,2256,15,0,16,1,100,,17122,15,0,16,1,100,,17121,15,0,16,1,100,,17126,15,0,5,1
40101,'17',1838,,17137,15,0,16,1,100,,17133,15,0,16,1,100,,2281,15,0,16,1,100,,17131,15,0,16,1,100,,17130,15,0,16,1,100,,17134,15,0,5,1
40101,'19',1838,,17148,15,0,16,1,100,,17143,15,0,16,1,100,,17142,15,0,16,1,100,,17140,15,0,16,1,100,,17138,15,0,16,1,100,,17145,15,0,5,1
40101,'21',638,,17162,15,0,16,1,70,,17149,15,0,16,1,30,,17180,15,0,16,1,70,,17161,15,0,16,1,30,,17151,15,0,16,1,70,,17196,15,0,16,1,30,,17154,15,0,16,1,70,,17203,15,0,16,1,30,,17155,15,0,16,1,70,,7905,15,0,16,1,30,,17188,15,0,16,1,70,,17195,15,0,16,1,30,,17190,15,0,16,1,70,,17158,15,0,16,1,30,,17170,15,0,16,1,70,,7989,15,0,16,1,30,,17171,15,0,16,1,70,,17175,15,0,16,1,30,,17182,15,0,16,1,70,,17164,15,0,16,1,30,,17157,15,0,16,1,70,,17181,15,0,16,1,30,,17153,15,0,16,1,70,,17169,15,0,16,1,30,,5902,15,0,16,1,100,,7058,15,0,16,1,100,,17184,15,0,16,1,100,,17176,15,0,16,1,100,,6998,15,0,16,1,100,,17192,15,0,5,1
40101,'5',1838,,4496,15,0,16,1,100,,17207,15,0,16,1,100,,2306,15,0,16,1,100,,17205,15,0,16,1,100,,17204,15,0,16,1,100,,17209,15,0,5,1
40101,'6',1838,,17222,15,0,16,1,100,,17217,15,0,16,1,100,,17216,15,0,16,1,100,,17214,15,0,16,1,100,,17212,15,0,16,1,100,,17219,15,0,5,1
