31201,'15',638,,12126,8,,,1,70,,12124,8,,,1,30,,12111,8,,,1,70,,12109,8,,,1,30,,12115,8,,,1,70,,12123,8,,,1,30,,12122,8,,,1,70,,12110,8,,,1,30,,12113,8,,,1,70,,12129,8,,,1,30,,12116,8,,,1,70,,12128,8,,,1,30,,12130,8,,,1,70,,12117,8,,,1,30,,12108,8,,,1,70,,12118,8,,,1,41,,12112,8,,,1,70,,12125,8,,,1,30,,12120,8,,,1,70,,12127,8,,,1,30,,12114,8,,,1,70,,12119,8,,,1,30,,12121,8,,,1
31201,'16',638,,12146,8,,,1,70,,12144,8,,,1,30,,12133,8,,,1,70,,12132,8,,,1,30,,12136,8,,,1,70,,12143,8,,,1,30,,12142,8,,,1,70,,3837,8,,,1,30,,2774,8,,,1,70,,12149,8,,,1,30,,12137,8,,,1,70,,12148,8,,,1,30,,12150,8,,,1,70,,12138,8,,,1,30,,12131,8,,,1,70,,12139,8,,,1,41,,12134,8,,,1,70,,12145,8,,,1,30,,12141,8,,,1,70,,12147,8,,,1,30,,12135,8,,,1,70,,12140,8,,,1,30,,8292,8,,,1
31201,'17',638,,12166,8,,,1,70,,12164,8,,,1,30,,12153,8,,,1,70,,12152,8,,,1,30,,12156,8,,,1,70,,12163,8,,,1,30,,12162,8,,,1,70,,3862,8,,,1,30,,2798,8,,,1,70,,12169,8,,,1,30,,12157,8,,,1,70,,12168,8,,,1,30,,12170,8,,,1,70,,12158,8,,,1,30,,12151,8,,,1,70,,12159,8,,,1,41,,12154,8,,,1,70,,12165,8,,,1,30,,12161,8,,,1,70,,12167,8,,,1,30,,12155,8,,,1,70,,12160,8,,,1,30,,8298,8,,,1
31201,'19',638,,12188,8,,,1,70,,12186,8,,,1,30,,12174,8,,,1,70,,12172,8,,,1,30,,12178,8,,,1,70,,12185,8,,,1,30,,12184,8,,,1,70,,12173,8,,,1,30,,12176,8,,,1,70,,12191,8,,,1,30,,7053,8,,,1,70,,12190,8,,,1,30,,12192,8,,,1,70,,12179,8,,,1,30,,12171,8,,,1,70,,12180,8,,,1,41,,12175,8,,,1,70,,12187,8,,,1,30,,12182,8,,,1,70,,12189,8,,,1,30,,12177,8,,,1,70,,12181,8,,,1,30,,12183,8,,,1
31201,'5',638,,12207,8,,,1,70,,12205,8,,,1,30,,12195,8,,,1,70,,12194,8,,,1,30,,12198,8,,,1,70,,12204,8,,,1,30,,12203,8,,,1,70,,3887,8,,,1,30,,2822,8,,,1,70,,12210,8,,,1,30,,12199,8,,,1,70,,12209,8,,,1,30,,12211,8,,,1,70,,12200,8,,,1,30,,12193,8,,,1,70,,12201,8,,,1,41,,12196,8,,,1,70,,12206,8,,,1,30,,12202,8,,,1,70,,12208,8,,,1,30,,12197,8,,,1,70,,3297,8,,,1,30,,8309,8,,,1
31201,'6',638,,12230,8,,,1,70,,12228,8,,,1,30,,12215,8,,,1,70,,12213,8,,,1,30,,12219,8,,,1,70,,12227,8,,,1,30,,12226,8,,,1,70,,12214,8,,,1,30,,12217,8,,,1,70,,12233,8,,,1,30,,12220,8,,,1,70,,12232,8,,,1,30,,12234,8,,,1,70,,12221,8,,,1,30,,12212,8,,,1,70,,12222,8,,,1,41,,12216,8,,,1,70,,12229,8,,,1,30,,12224,8,,,1,70,,12231,8,,,1,30,,12218,8,,,1,70,,12223,8,,,1,30,,12225,8,,,1
41201,'1',1113,,5807,8,0,68,1,100,,18607,8,0,68,1,100,,18610,8,0,68,1,100,,18611,8,0,68,1,100,,2015,8,0,68,1,100,,18608,8,0,68,1,100,,18609,8,0,68,1,100,,18606,8,0,69 29,1
41201,'10',613,,18637,8,0,68,1,30,,18617,8,0,68,1,70,,18636,8,0,68,1,30,,18639,8,0,68,1,70,,18629,8,0,68,1,30,,18641,8,0,68,1,70,,18618,8,0,68,1,30,,18634,8,0,68,1,70,,18631,8,0,68,1,30,,18614,8,0,68,1,70,,18624,8,0,68,1,30,,18635,8,0,68,1,70,,18612,8,0,68,1,30,,18621,8,0,68,1,70,,18633,8,0,68,1,30,,18623,8,0,68,1,70,,18619,8,0,68,1,30,,18613,8,0,68,1,70,,18620,8,0,68,1,30,,18615,8,0,68,1,70,,18625,8,0,68,1,30,,18622,8,0,68,1,70,,18630,8,0,68,1,30,,18638,8,0,68,1,70,,18627,8,0,68,1,100,,18626,8,0,68,1,100,,18616,8,0,68,1,100,,18632,8,0,68,1,100,,18640,8,0,68,1,100,,18628,8,0,68,1
41201,'12',913,,18642,8,0,68,1,100,,18654,8,0,68,1,30,,18651,8,0,68,1,70,,18655,8,0,68,1,30,,18660,8,0,68,1,70,,18650,8,0,68,1,30,,18647,8,0,68,1,70,,18648,8,0,68,1,30,,18646,8,0,68,1,70,,18652,8,0,68,1,30,,18645,8,0,68,1,70,,18658,8,0,68,1,30,,18659,8,0,68,1,70,,18644,8,0,68,1,30,,18661,8,0,68,1,70,,18643,8,0,68,1,30,,18653,8,0,68,1,70,,18649,8,0,68,1,100,,18657,8,0,68,1,100,,18656,8,0,68,1
41201,'15',1813,,18665,8,0,68,1,100,,18662,8,0,68,1,100,,18663,8,0,68,1,100,,18666,8,0,68,1,100,,18667,8,0,68,1,100,,18664,8,0,68,1
41201,'16',1813,,18670,8,0,68,1,100,,18668,8,0,68,1,100,,2679,8,0,68,1,100,,18671,8,0,68,1,100,,18672,8,0,68,1,100,,18669,8,0,68,1
41201,'17',1813,,18675,8,0,68,1,100,,18673,8,0,68,1,100,,2704,8,0,68,1,100,,18676,8,0,68,1,100,,18677,8,0,68,1,100,,18674,8,0,68,1
41201,'19',1813,,18681,8,0,68,1,100,,18678,8,0,68,1,100,,18679,8,0,68,1,100,,18682,8,0,68,1,100,,18683,8,0,68,1,100,,18680,8,0,68,1
41201,'21',613,,18704,8,0,68,1,30,,18689,8,0,68,1,70,,18703,8,0,68,1,30,,18706,8,0,68,1,70,,6905,8,0,68,1,30,,18708,8,0,68,1,70,,18690,8,0,68,1,30,,7281,8,0,68,1,70,,18699,8,0,68,1,30,,18686,8,0,68,1,70,,18695,8,0,68,1,30,,18702,8,0,68,1,70,,18684,8,0,68,1,30,,18692,8,0,68,1,70,,18701,8,0,68,1,30,,18694,8,0,68,1,70,,7564,8,0,68,1,30,,18685,8,0,68,1,70,,18691,8,0,68,1,30,,18687,8,0,68,1,70,,6486,8,0,68,1,30,,18693,8,0,68,1,70,,6337,8,0,68,1,30,,18705,8,0,68,1,70,,18697,8,0,68,1,100,,18696,8,0,68,1,100,,18688,8,0,68,1,100,,18700,8,0,68,1,100,,18707,8,0,68,1,100,,18698,8,0,68,1
41201,'5',1813,,18711,8,0,68,1,100,,18709,8,0,68,1,100,,2728,8,0,68,1,100,,18712,8,0,68,1,100,,18713,8,0,68,1,100,,18710,8,0,68,1
41201,'6',1813,,18717,8,0,68,1,100,,18714,8,0,68,1,100,,18715,8,0,68,1,100,,18718,8,0,68,1,100,,18719,8,0,68,1,100,,18716,8,0,68,1
