31700,'12',629,,35780,29,0,63,1,30,,35778,29,0,63,1,71,,35793,29,0,63,1,70,,35787,29,0,63,1,30,,35789,29,0,63,1,70,,35781,29,0,63,1,30,,35785,29,0,63,1,70,,35798,29,0,63,1,29,,35796,29,0,63,1,30,,35800,29,0,63,1,70,,35791,29,0,63,1,30,,35784,29,0,63,1,70,,35792,29,0,63,1,30,,35786,29,0,63,1,70,,35783,29,0,63,1,30,,35788,29,0,63,1,71,,35779,29,0,63,1,70,,35799,29,0,63,1,30,,35795,29,0,63,1,70,,35790,29,0,63,1,30,,35782,29,0,63,1,70,,35794,29,0,63,1,30,,35777,29,0,63,1,70,,35797,29,0,63,1
31700,'13',629,,35804,29,0,63,1,30,,35802,29,0,63,1,71,,35817,29,0,63,1,70,,35811,29,0,63,1,30,,35813,29,0,63,1,70,,35805,29,0,63,1,30,,35809,29,0,63,1,70,,35822,29,0,63,1,29,,35820,29,0,63,1,30,,35824,29,0,63,1,70,,35815,29,0,63,1,30,,35808,29,0,63,1,70,,35816,29,0,63,1,30,,35810,29,0,63,1,70,,35807,29,0,63,1,30,,35812,29,0,63,1,71,,35803,29,0,63,1,70,,35823,29,0,63,1,30,,35819,29,0,63,1,70,,35814,29,0,63,1,30,,35806,29,0,63,1,70,,35818,29,0,63,1,30,,35801,29,0,63,1,70,,35821,29,0,63,1
31700,'3',629,,35828,29,0,63,1,30,,35826,29,0,63,1,71,,35841,29,0,63,1,70,,35835,29,0,63,1,30,,35837,29,0,63,1,70,,35829,29,0,63,1,30,,35833,29,0,63,1,70,,35846,29,0,63,1,29,,35844,29,0,63,1,30,,35848,29,0,63,1,70,,35839,29,0,63,1,30,,35832,29,0,63,1,70,,35840,29,0,63,1,30,,35834,29,0,63,1,70,,35831,29,0,63,1,30,,35836,29,0,63,1,71,,35827,29,0,63,1,70,,35847,29,0,63,1,30,,35843,29,0,63,1,70,,35838,29,0,63,1,30,,35830,29,0,63,1,70,,35842,29,0,63,1,30,,35825,29,0,63,1,70,,35845,29,0,63,1
31700,'6',629,,35852,29,0,63,1,30,,35850,29,0,63,1,71,,35865,29,0,63,1,70,,35859,29,0,63,1,30,,35861,29,0,63,1,70,,35853,29,0,63,1,30,,35857,29,0,63,1,70,,35870,29,0,63,1,29,,35868,29,0,63,1,30,,35872,29,0,63,1,70,,35863,29,0,63,1,30,,35856,29,0,63,1,70,,35864,29,0,63,1,30,,35858,29,0,63,1,70,,35855,29,0,63,1,30,,35860,29,0,63,1,71,,35851,29,0,63,1,70,,35871,29,0,63,1,30,,35867,29,0,63,1,70,,35862,29,0,63,1,30,,35854,29,0,63,1,70,,35866,29,0,63,1,30,,35849,29,0,63,1,70,,35869,29,0,63,1
41700,'1',627,,40762,29,0,67,1,30,,40769,29,0,67,1,71,,40763,29,0,67,1,30,,40774,29,0,67,1,70,,40775,29,0,67,1,30,,40782,29,0,67,1,70,,40768,29,0,67,1,30,,40767,29,0,67,1,70,,40783,29,0,67,1,30,,40765,29,0,67,1,70,,40778,29,0,67,1,30,,40771,29,0,67,1,70,,30428,29,0,67,1,30,,40764,29,0,67,1,70,,40781,29,0,67,1,30,,29674,29,0,67,1,70,,40772,29,0,67,1,30,,40773,29,0,67,1,70,,40761,29,0,67,1,30,,30086,29,0,67,1,70,,40766,29,0,67,1,30,,30078,29,0,67,1,70,,40776,29,0,67,1,30,,40777,29,0,67,1,70,,40779,29,0,67,1,100,,40760,29,0,67,1,100,,40770,29,0,67,1,100,,40759,29,0,67,1,100,,40780,29,0,67,1,100,,30781,29,0,67,1
41700,'11',627,,40787,29,0,67,1,30,,40795,29,0,67,1,71,,40788,29,0,67,1,30,,40801,29,0,67,1,70,,40802,29,0,67,1,30,,40811,29,0,67,1,70,,40793,29,0,67,1,30,,40792,29,0,67,1,70,,40813,29,0,67,1,30,,40790,29,0,67,1,70,,40806,29,0,67,1,30,,40797,29,0,67,1,70,,40794,29,0,67,1,30,,40789,29,0,67,1,70,,40810,29,0,67,1,30,,40812,29,0,67,1,70,,40799,29,0,67,1,30,,40800,29,0,67,1,70,,40786,29,0,67,1,30,,40804,29,0,67,1,70,,40791,29,0,67,1,30,,40798,29,0,67,1,70,,40803,29,0,67,1,30,,40805,29,0,67,1,70,,40808,29,0,67,1,100,,40785,29,0,67,1,100,,40796,29,0,67,1,100,,40784,29,0,67,1,100,,40809,29,0,67,1,100,,40807,29,0,67,1
41700,'12',1828,,40818,29,0,67,1,100,,40814,29,0,67,1,100,,40817,29,0,67,1,100,,40819,29,0,67,1,100,,40816,29,0,67,1,100,,40815,29,0,67,1
41700,'13',1828,,40824,29,0,67,1,100,,40820,29,0,67,1,100,,40823,29,0,67,1,100,,40825,29,0,67,1,100,,40822,29,0,67,1,100,,40821,29,0,67,1
41700,'14',1128,,40830,29,0,67,1,100,,29507,29,0,67,1,100,,40831,29,0,67,1,100,,40829,29,0,67,1,100,,40826,29,0,67,1,100,,40828,29,0,67,1,100,,40827,29,0,67,1
41700,'16',627,,40835,29,0,67,1,30,,40842,29,0,67,1,71,,40836,29,0,67,1,30,,40847,29,0,67,1,70,,40848,29,0,67,1,30,,40855,29,0,67,1,70,,40841,29,0,67,1,30,,40840,29,0,67,1,70,,40856,29,0,67,1,30,,40838,29,0,67,1,70,,40851,29,0,67,1,30,,40844,29,0,67,1,70,,30468,29,0,67,1,30,,40837,29,0,67,1,70,,40854,29,0,67,1,30,,29793,29,0,67,1,70,,40845,29,0,67,1,30,,40846,29,0,67,1,70,,40834,29,0,67,1,30,,30166,29,0,67,1,70,,40839,29,0,67,1,30,,30159,29,0,67,1,70,,40849,29,0,67,1,30,,40850,29,0,67,1,70,,40852,29,0,67,1,100,,40833,29,0,67,1,100,,40843,29,0,67,1,100,,40832,29,0,67,1,100,,40853,29,0,67,1,100,,30822,29,0,67,1
41700,'3',1828,,40861,29,0,67,1,100,,40857,29,0,67,1,100,,40860,29,0,67,1,100,,40862,29,0,67,1,100,,40859,29,0,67,1,100,,40858,29,0,67,1
41700,'6',1828,,40867,29,0,67,1,100,,40863,29,0,67,1,100,,40866,29,0,67,1,100,,40868,29,0,67,1,100,,40865,29,0,67,1,100,,40864,29,0,67,1
41700,'8',928,,40880,29,0,67,1,100,,32423,29,0,67,1,30,,40870,29,0,67,1,70,,40869,29,0,67,1,30,,40882,29,0,67,1,70,,40876,29,0,67,1,30,,40872,29,0,67,1,70,,40875,29,0,67,1,30,,40878,29,0,67,1,70,,40881,29,0,67,1,30,,40871,29,0,67,1,70,,40874,29,0,67,1,30,,30924,29,0,67,1,70,,40883,29,0,67,1,30,,40884,29,0,67,1,70,,40873,29,0,67,1,30,,40877,29,0,67,1,70,,40879,29,0,67,1,100,,31236,29,0,67,1
