32101,'15',721,,14183,22,0,56,1,100,,14182,22,0,56,1,100,,14189,22,0,56,1,100,,14184,22,0,56,1,100,,14187,22,0,56,1,100,,14179,22,0,56,1,100,,14188,22,0,56,1,102,,14185,22,0,56,1,100,,14190,22,0,56,1,100,,14186,22,0,56,1,100,,14180,22,0,56,1,100,,14181,22,0,56,1
32101,'16',721,,14194,22,0,56,1,100,,14193,22,0,56,1,100,,14198,22,0,56,1,100,,427,22,0,56,1,100,,14196,22,0,56,1,100,,14191,22,0,56,1,100,,5271,22,0,56,1,102,,14197,22,0,56,1,100,,14195,22,0,56,1,100,,14192,22,0,56,1,100,,3553,22,0,56,1,100,,617,22,0,56,1
32101,'17',721,,14202,22,0,56,1,100,,14201,22,0,56,1,100,,14206,22,0,56,1,100,,450,22,0,56,1,100,,14204,22,0,56,1,100,,14199,22,0,56,1,100,,5321,22,0,56,1,102,,14205,22,0,56,1,100,,14203,22,0,56,1,100,,14200,22,0,56,1,100,,3578,22,0,56,1,100,,641,22,0,56,1
32101,'19',721,,14211,22,0,56,1,100,,14210,22,0,56,1,100,,14217,22,0,56,1,100,,14212,22,0,56,1,100,,14215,22,0,56,1,100,,14208,22,0,56,1,100,,14216,22,0,56,1,102,,14214,22,0,56,1,100,,14209,22,0,56,1,100,,14207,22,0,56,1,100,,14213,22,0,56,1,100,,14218,22,0,56,1
32101,'5',721,,14223,22,0,56,1,100,,14222,22,0,56,1,100,,14226,22,0,56,1,100,,473,22,0,56,1,100,,14225,22,0,56,1,100,,14220,22,0,56,1,100,,5451,22,0,56,1,102,,14224,22,0,56,1,100,,14221,22,0,56,1,100,,14219,22,0,56,1,100,,954,22,0,56,1,100,,14227,22,0,56,1
32101,'6',721,,14232,22,0,56,1,100,,14231,22,0,56,1,100,,14238,22,0,56,1,100,,14233,22,0,56,1,100,,14236,22,0,56,1,100,,14228,22,0,56,1,100,,14237,22,0,56,1,102,,14234,22,0,56,1,100,,14239,22,0,56,1,100,,14235,22,0,56,1,100,,14229,22,0,56,1,100,,14230,22,0,56,1
42101,'1',1121,,20150,22,0,56,1,100,,778,22,0,56,1,100,,20154,22,0,56,1,101,,20153,22,0,56,1,100,,20152,22,0,56,1,100,,20149,22,0,56,1,100,,20151,22,0,56,1
42101,'10',721,,20170,22,0,56,1,100,,20160,22,0,56,1,100,,20155,22,0,56,1,100,,20169,22,0,56,1,100,,20159,22,0,56,1,100,,20167,22,0,56,1,100,,20164,22,0,56,1,101,,20156,22,0,56,1,100,,20162,22,0,56,1,100,,20171,22,0,56,1,100,,20158,22,0,56,1,100,,20163,22,0,56,1,100,,20166,22,0,56,1,100,,20161,22,0,56,1,100,,20168,22,0,56,1,100,,20157,22,0,56,1,100,,20165,22,0,56,1
42101,'12',921,,5966,22,0,56,1,100,,20180,22,0,56,1,100,,20179,22,0,56,1,100,,20172,22,0,56,1,100,,20182,22,0,56,1,101,,20181,22,0,56,1,100,,20177,22,0,56,1,100,,20175,22,0,56,1,100,,20174,22,0,56,1,100,,20173,22,0,56,1,100,,20178,22,0,56,1,100,,20176,22,0,56,1
42101,'15',1922,,20187,22,0,56,1,100,,20183,22,0,56,1,100,,20186,22,0,56,1,100,,20185,22,0,56,1,100,,20184,22,0,56,1
42101,'16',1922,,20192,22,0,56,1,100,,20188,22,0,56,1,100,,20191,22,0,56,1,100,,20190,22,0,56,1,100,,20189,22,0,56,1
42101,'17',1922,,20197,22,0,56,1,100,,20193,22,0,56,1,100,,20196,22,0,56,1,100,,20195,22,0,56,1,100,,20194,22,0,56,1
42101,'19',1922,,20202,22,0,56,1,100,,20198,22,0,56,1,100,,20201,22,0,56,1,100,,20200,22,0,56,1,100,,20199,22,0,56,1
42101,'21',721,,20216,22,0,56,1,100,,20208,22,0,56,1,100,,20203,22,0,56,1,100,,20215,22,0,56,1,100,,20207,22,0,56,1,100,,20214,22,0,56,1,100,,20211,22,0,56,1,101,,20204,22,0,56,1,100,,7756,22,0,56,1,100,,20217,22,0,56,1,100,,20206,22,0,56,1,100,,20210,22,0,56,1,100,,20213,22,0,56,1,100,,20209,22,0,56,1,100,,5684,22,0,56,1,100,,20205,22,0,56,1,100,,20212,22,0,56,1
42101,'5',1922,,20222,22,0,56,1,100,,20218,22,0,56,1,100,,20221,22,0,56,1,100,,20220,22,0,56,1,100,,20219,22,0,56,1
42101,'6',1922,,20227,22,0,56,1,100,,20223,22,0,56,1,100,,20226,22,0,56,1,100,,20225,22,0,56,1,100,,20224,22,0,56,1
