31001,'15',630,,11593,5,0,36,1,70,,11576,5,0,36,1,30,,11582,5,0,36,1,70,,11588,5,0,36,1,30,,11594,5,0,36,1,70,,11577,5,0,36,1,30,,11575,5,0,36,1,70,,11592,5,0,36,1,30,,11584,5,0,36,1,70,,11578,5,0,36,1,30,,11581,5,0,36,1,70,,11580,5,0,36,1,30,,11590,5,0,36,1,70,,11574,5,0,36,1,30,,11598,5,0,36,1,70,,11573,5,0,36,1,30,,11585,5,0,36,1,70,,11586,5,0,36,1,27,,11595,2,0,37 38,1,3,,11579,5,0,36,1,70,,11589,5,0,36,1,30,,11591,5,0,36,1,70,,11596,5,0,36,1,30,,11587,5,0,36,1,70,,11583,5,0,36,1,30,,11597,5,0,36,1
31001,'16',630,,2931,5,0,36,1,70,,11601,5,0,36,1,30,,11606,5,0,36,1,70,,11611,5,0,36,1,30,,11615,5,0,36,1,70,,3142,5,0,36,1,30,,4096,5,0,36,1,70,,11614,5,0,36,1,30,,11608,5,0,36,1,70,,11602,5,0,36,1,30,,11605,5,0,36,1,70,,11604,5,0,36,1,30,,11613,5,0,36,1,70,,11600,5,0,36,1,30,,11619,5,0,36,1,70,,11599,5,0,36,1,30,,2153,5,0,36,1,70,,11609,5,0,36,1,27,,11616,2,0,37 38,1,3,,11603,5,0,36,1,70,,11612,5,0,36,1,30,,7123,5,0,36,1,70,,11617,5,0,36,1,30,,11610,5,0,36,1,70,,11607,5,0,36,1,30,,11618,5,0,36,1
31001,'17',630,,3006,5,0,36,1,70,,11622,5,0,36,1,30,,11626,5,0,36,1,70,,11631,5,0,36,1,30,,11635,5,0,36,1,70,,3193,5,0,36,1,30,,4111,5,0,36,1,70,,11634,5,0,36,1,30,,11628,5,0,36,1,70,,11623,5,0,36,1,30,,11625,5,0,36,1,70,,11624,5,0,36,1,30,,11633,5,0,36,1,70,,11621,5,0,36,1,30,,11639,5,0,36,1,70,,11620,5,0,36,1,30,,2177,5,0,36,1,70,,11629,5,0,36,1,27,,11636,2,0,37 38,1,3,,3195,5,0,36,1,70,,11632,5,0,36,1,30,,7129,5,0,36,1,70,,11637,5,0,36,1,30,,11630,5,0,36,1,70,,11627,5,0,36,1,30,,11638,5,0,36,1
31001,'19',630,,11660,5,0,36,1,70,,11643,5,0,36,1,30,,11649,5,0,36,1,70,,11655,5,0,36,1,30,,11661,5,0,36,1,70,,11644,5,0,36,1,30,,11642,5,0,36,1,70,,11659,5,0,36,1,30,,11651,5,0,36,1,70,,11645,5,0,36,1,30,,11648,5,0,36,1,70,,11647,5,0,36,1,30,,11657,5,0,36,1,70,,11641,5,0,36,1,30,,11665,5,0,36,1,70,,11640,5,0,36,1,30,,11652,5,0,36,1,70,,11653,5,0,36,1,27,,11662,2,0,37 38,1,3,,11646,5,0,36,1,70,,11656,5,0,36,1,30,,11658,5,0,36,1,70,,11663,5,0,36,1,30,,11654,5,0,36,1,70,,11650,5,0,36,1,30,,11664,5,0,36,1
31001,'5',630,,3079,5,0,36,1,70,,11668,5,0,36,1,30,,11673,5,0,36,1,70,,11678,5,0,36,1,30,,11681,5,0,36,1,70,,3265,5,0,36,1,30,,4141,5,0,36,1,70,,11680,5,0,36,1,30,,11675,5,0,36,1,70,,11669,5,0,36,1,30,,11672,5,0,36,1,70,,11671,5,0,36,1,30,,4628,5,0,36,1,70,,11667,5,0,36,1,30,,11685,5,0,36,1,70,,11666,5,0,36,1,30,,2201,5,0,36,1,70,,11676,5,0,36,1,27,,11682,2,0,37 38,1,3,,11670,5,0,36,1,70,,11679,5,0,36,1,30,,7173,5,0,36,1,70,,11683,5,0,36,1,30,,11677,5,0,36,1,70,,11674,5,0,36,1,30,,11684,5,0,36,1
31001,'6',630,,11706,5,0,36,1,70,,11689,5,0,36,1,30,,11695,5,0,36,1,70,,11701,5,0,36,1,30,,11707,5,0,36,1,70,,11690,5,0,36,1,30,,11688,5,0,36,1,70,,11705,5,0,36,1,30,,11697,5,0,36,1,70,,11691,5,0,36,1,30,,11694,5,0,36,1,70,,11693,5,0,36,1,30,,11703,5,0,36,1,70,,11687,5,0,36,1,30,,11711,5,0,36,1,70,,11686,5,0,36,1,30,,11698,5,0,36,1,70,,11699,5,0,36,1,27,,11708,2,0,37 38,1,3,,11692,5,0,36,1,70,,11702,5,0,36,1,30,,11704,5,0,36,1,70,,11709,5,0,36,1,30,,11700,5,0,36,1,70,,11696,5,0,36,1,30,,11710,5,0,36,1
41001,'1',1133,,18428,5,0,37 38,1,100,,2038,5,0,37 38,1,100,,7118,5,0,37 38,1,100,,18427,5,0,37 38,1,100,,18429,5,0,37 38,1,100,,18430,5,0,37 38,1,100,,18426,5,0,37 38,1
41001,'10',633,,18451,5,0,37 38,1,70,,18432,5,0,37 38,1,30,,18453,5,0,37 38,1,70,,18439,5,0,37 38,1,30,,18454,5,0,37 38,1,70,,18450,5,0,37 38,1,30,,18436,5,0,37 38,1,70,,18431,5,0,37 38,1,30,,18447,5,0,37 38,1,70,,18449,5,0,37 38,1,30,,18433,5,0,37 38,1,70,,18441,5,0,37 38,1,30,,18440,5,0,37 38,1,70,,18443,5,0,37 38,1,30,,18437,5,0,37 38,1,70,,18448,5,0,37 38,1,30,,18438,5,0,37 38,1,70,,18446,5,0,37 38,1,30,,18435,5,0,37 38,1,70,,18452,5,0,37 38,1,30,,18434,5,0,37 38,1,70,,18444,5,0,37 38,1,30,,18442,5,0,37 38,1,70,,18445,5,0,37 38,1
41001,'12',933,,18460,5,0,37 38,1,100,,18465,5,0,37 38,1,70,,6110,5,0,37 38,1,30,,18470,5,0,37 38,1,70,,18464,5,0,37 38,1,30,,18462,5,0,37 38,1,70,,6835,5,0,37 38,1,30,,18467,5,0,37 38,1,70,,18466,5,0,37 38,1,30,,18459,5,0,37 38,1,70,,18463,5,0,37 38,1,30,,18461,5,0,37 38,1,70,,18457,5,0,37 38,1,30,,6432,5,0,37 38,1,70,,18469,5,0,37 38,1,30,,18456,5,0,37 38,1,70,,18468,5,0,37 38,1,30,,18455,5,0,37 38,1,100,,18458,5,0,37 38,1
41001,'21',633,,18486,5,0,37 38,1,70,,5856,5,0,37 38,1,30,,18488,5,0,37 38,1,70,,18477,5,0,37 38,1,30,,18489,5,0,37 38,1,70,,18485,5,0,37 38,1,30,,18474,5,0,37 38,1,70,,18471,5,0,37 38,1,30,,18482,5,0,37 38,1,70,,18484,5,0,37 38,1,30,,18472,5,0,37 38,1,70,,18479,5,0,37 38,1,30,,18478,5,0,37 38,1,70,,18480,5,0,37 38,1,30,,18475,5,0,37 38,1,70,,18483,5,0,37 38,1,30,,18476,5,0,37 38,1,70,,18481,5,0,37 38,1,30,,6023,5,0,37 38,1,70,,18487,5,0,37 38,1,30,,18473,5,0,37 38,1,70,,7355,5,0,37 38,1,30,,8582,5,0,37 38,1,70,,8761,5,0,37 38,1
