30100,'12',617,,32810,21,0,5 6,1,30,,32795,21,0,5 6,1,70,,32770,21,0,5 6,1,30,,32777,21,0,5 6,1,70,,32812,21,0,5 6,1,30,,32785,21,0,5 6,1,70,,32790,21,0,5 6,1,30,,32786,21,0,5 6,1,70,,32789,21,0,5 6,1,30,,32804,21,0,5 6,1,70,,32771,21,0,5 6,1,30,,32778,21,0,5 6,1,70,,32776,21,0,5 6,1,30,,32774,21,0,5 6,1,70,,32768,21,0,5 6,1,30,,32794,21,0,5 6,1,70,,32773,21,0,5 6,1,30,,32806,21,0,5 6,1,70,,32802,21,0,5 6,1,30,,32803,21,0,5 6,1,70,,32780,21,0,5 6,1,30,,32807,21,0,5 6,1,70,,32796,21,0,5 6,1,30,,32787,21,0,5 6,1
30100,'13',617,,32852,21,0,5 6,1,30,,32839,21,0,5 6,1,70,,32816,21,0,5 6,1,30,,32823,21,0,5 6,1,70,,32854,21,0,5 6,1,30,,32831,21,0,5 6,1,70,,32836,21,0,5 6,1,30,,32832,21,0,5 6,1,70,,32835,21,0,5 6,1,30,,32847,21,0,5 6,1,70,,32817,21,0,5 6,1,30,,32824,21,0,5 6,1,70,,32822,21,0,5 6,1,30,,32820,21,0,5 6,1,70,,32814,21,0,5 6,1,30,,32838,21,0,5 6,1,70,,32819,21,0,5 6,1,30,,32848,21,0,5 6,1,70,,32845,21,0,5 6,1,30,,32846,21,0,5 6,1,70,,32826,21,0,5 6,1,30,,32849,21,0,5 6,1,70,,32840,21,0,5 6,1,30,,32833,21,0,5 6,1
30100,'3',617,,32894,21,0,5 6,1,30,,32881,21,0,5 6,1,70,,32858,21,0,5 6,1,30,,32865,21,0,5 6,1,70,,32896,21,0,5 6,1,30,,32873,21,0,5 6,1,70,,32878,21,0,5 6,1,30,,32874,21,0,5 6,1,70,,32877,21,0,5 6,1,30,,32889,21,0,5 6,1,70,,32859,21,0,5 6,1,30,,32866,21,0,5 6,1,70,,32864,21,0,5 6,1,30,,32862,21,0,5 6,1,70,,32856,21,0,5 6,1,30,,32880,21,0,5 6,1,70,,32861,21,0,5 6,1,30,,32890,21,0,5 6,1,70,,32887,21,0,5 6,1,30,,32888,21,0,5 6,1,70,,32868,21,0,5 6,1,30,,32891,21,0,5 6,1,70,,32882,21,0,5 6,1,30,,32875,21,0,5 6,1
30100,'6',617,,32941,21,0,5 6,1,30,,32926,21,0,5 6,1,70,,32901,21,0,5 6,1,30,,32908,21,0,5 6,1,70,,32943,21,0,5 6,1,30,,32916,21,0,5 6,1,70,,32921,21,0,5 6,1,30,,32917,21,0,5 6,1,70,,32920,21,0,5 6,1,30,,32935,21,0,5 6,1,70,,32902,21,0,5 6,1,30,,32909,21,0,5 6,1,70,,32907,21,0,5 6,1,30,,32905,21,0,5 6,1,70,,32899,21,0,5 6,1,30,,32925,21,0,5 6,1,70,,32904,21,0,5 6,1,30,,32937,21,0,5 6,1,70,,32933,21,0,5 6,1,30,,32934,21,0,5 6,1,70,,32911,21,0,5 6,1,30,,32938,21,0,5 6,1,70,,32927,21,0,5 6,1,30,,32918,21,0,5 6,1
40100,'1',641,,31498,21,0,8,1,70,,37760,21,0,8,1,30,,37775,21,0,8,1,70,,37763,21,0,8,1,30,,37783,21,0,8,1,70,,37779,21,0,8,1,30,,37772,21,0,8,1,70,,37793,21,0,8,1,30,,37752,21,0,8,1,70,,37792,21,0,8,1,30,,37789,21,0,8,1,70,,37771,21,0,8,1,30,,37745,21,0,8,1,70,,32649,21,0,8,1,30,,37750,21,0,8,1,70,,37754,21,0,8,1,30,,37770,21,0,8,1,70,,37768,21,0,8,1,30,,37747,21,0,8,1,70,,37774,21,0,8,1,30,,37787,21,0,8,1,70,,37781,21,0,8,1,30,,31183,21,0,8,1,70,,37756,21,0,8,1,100,,37778,21,0,8,1,100,,37765,21,0,8,1,100,,37777,21,0,8,1,100,,37759,21,0,8,1,100,,37757,21,0,8,1,100,,31193,21,0,8,1
40100,'11',641,,37826,21,0,8,1,70,,37811,21,0,8,1,30,,37832,21,0,8,1,70,,37816,21,0,8,1,30,,37842,21,0,8,1,70,,37837,21,0,8,1,30,,37827,21,0,8,1,70,,37852,21,0,8,1,30,,37803,21,0,8,1,70,,37851,21,0,8,1,30,,37848,21,0,8,1,70,,37825,21,0,8,1,30,,37796,21,0,8,1,70,,37831,21,0,8,1,30,,37801,21,0,8,1,70,,37805,21,0,8,1,30,,37824,21,0,8,1,70,,37822,21,0,8,1,30,,37798,21,0,8,1,70,,37830,21,0,8,1,30,,37846,21,0,8,1,70,,37839,21,0,8,1,30,,37815,21,0,8,1,70,,37807,21,0,8,1,100,,37836,21,0,8,1,100,,37819,21,0,8,1,100,,37834,21,0,8,1,100,,37810,21,0,8,1,100,,37808,21,0,8,1,100,,37853,21,0,8,1
40100,'12',1811,,37861,21,0,8,1,100,,37858,21,0,8,1,100,,37867,21,0,8,1,100,,37865,21,0,8,1,100,,37866,21,0,8,1,100,,37859,21,0,8,1,100,,37857,21,0,8,1
40100,'13',1811,,37873,21,0,8,1,100,,37870,21,0,8,1,100,,37879,21,0,8,1,100,,37877,21,0,8,1,100,,37878,21,0,8,1,100,,37871,21,0,8,1,100,,27848,21,0,8,1
40100,'14',1111,,37890,21,0,8,1,100,,37892,21,0,8,1,100,,37884,21,0,8,1,100,,37882,21,0,8,1,100,,37889,21,0,8,1,100,,37893,21,0,8,1,100,,37891,21,0,8,1,100,,37886,21,0,8,1
40100,'16',641,,31539,21,0,8,1,70,,37912,21,0,8,1,30,,37927,21,0,8,1,70,,37915,21,0,8,1,30,,37935,21,0,8,1,70,,37931,21,0,8,1,30,,37924,21,0,8,1,70,,37945,21,0,8,1,30,,37904,21,0,8,1,70,,37944,21,0,8,1,30,,37941,21,0,8,1,70,,37923,21,0,8,1,30,,37897,21,0,8,1,70,,32668,21,0,8,1,30,,37902,21,0,8,1,70,,37906,21,0,8,1,30,,37922,21,0,8,1,70,,37920,21,0,8,1,30,,37899,21,0,8,1,70,,37926,21,0,8,1,30,,37939,21,0,8,1,70,,37933,21,0,8,1,30,,26849,21,0,8,1,70,,37908,21,0,8,1,100,,37930,21,0,8,1,100,,37917,21,0,8,1,100,,37929,21,0,8,1,100,,37911,21,0,8,1,100,,37909,21,0,8,1,100,,31222,21,0,8,1
40100,'3',1811,,37951,21,0,8,1,100,,37948,21,0,8,1,100,,37957,21,0,8,1,100,,37955,21,0,8,1,100,,37956,21,0,8,1,100,,37949,21,0,8,1,100,,27869,21,0,8,1
40100,'6',1811,,37965,21,0,8,1,100,,37962,21,0,8,1,100,,37971,21,0,8,1,100,,37969,21,0,8,1,100,,37970,21,0,8,1,100,,37963,21,0,8,1,100,,37961,21,0,8,1
40100,'8',911,,37973,21,0,8,1,100,,37986,21,0,8,1,30,,38003,21,0,8,1,70,,37977,21,0,8,1,30,,37993,21,0,8,1,70,,32420,21,0,8,1,30,,37972,21,0,8,1,70,,37996,21,0,8,1,30,,38007,21,0,8,1,70,,38001,21,0,8,1,30,,38006,21,0,8,1,70,,37989,21,0,8,1,30,,38005,21,0,8,1,70,,37991,21,0,8,1,30,,37988,21,0,8,1,70,,37990,21,0,8,1,30,,37974,21,0,8,1,70,,38002,21,0,8,1,100,,37981,21,0,8,1,100,,37980,21,0,8,1
