30200,'15',619,,9361,9,0,11,1,30,,9355,9,0,11,1,70,,9347,9,0,11,1,30,,9345,9,0,11,1,70,,9354,9,0,11,1,30,,9351,9,0,11,1,70,,9363,9,0,11,1,30,,9358,9,0,11,1,71,,9356,9,0,11,1,30,,9344,9,0,11,1,70,,9342,9,0,11,1,30,,9348,9,0,11,1,70,,9357,9,0,11,1,30,,9343,9,0,11,1,70,,9350,9,0,11,1,30,,9353,9,0,11,1,69,,9346,9,0,11,1,30,,9352,9,0,11,1,70,,9349,9,0,11,1,30,,9364,9,0,11,1,70,,9359,9,0,11,1,30,,9362,9,0,11,1,70,,9360,9,0,11,1
30200,'16',619,,9383,9,0,11,1,30,,5269,9,0,11,1,70,,9370,9,0,11,1,30,,9368,9,0,11,1,70,,9377,9,0,11,1,30,,9374,9,0,11,1,70,,9385,9,0,11,1,30,,9380,9,0,11,1,71,,9378,9,0,11,1,30,,9367,9,0,11,1,70,,9365,9,0,11,1,30,,9371,9,0,11,1,70,,9379,9,0,11,1,30,,9366,9,0,11,1,70,,9373,9,0,11,1,30,,9376,9,0,11,1,69,,9369,9,0,11,1,30,,9375,9,0,11,1,70,,9372,9,0,11,1,30,,9386,9,0,11,1,70,,9381,9,0,11,1,30,,9384,9,0,11,1,70,,9382,9,0,11,1
30200,'17',619,,9404,9,0,11,1,30,,5319,9,0,11,1,70,,4462,9,0,11,1,30,,9390,9,0,11,1,70,,9398,9,0,11,1,30,,9395,9,0,11,1,70,,9406,9,0,11,1,30,,9401,9,0,11,1,71,,9399,9,0,11,1,30,,9389,9,0,11,1,70,,9387,9,0,11,1,30,,9392,9,0,11,1,70,,9400,9,0,11,1,30,,9388,9,0,11,1,70,,9394,9,0,11,1,30,,9397,9,0,11,1,69,,9391,9,0,11,1,30,,9396,9,0,11,1,70,,9393,9,0,11,1,30,,9407,9,0,11,1,70,,9402,9,0,11,1,30,,9405,9,0,11,1,70,,9403,9,0,11,1
30200,'19',619,,9425,9,0,11,1,30,,9419,9,0,11,1,70,,9412,9,0,11,1,30,,9410,9,0,11,1,70,,8079,9,0,11,1,30,,9416,9,0,11,1,70,,9427,9,0,11,1,30,,9422,9,0,11,1,71,,9420,9,0,11,1,30,,9409,9,0,11,1,70,,6002,9,0,11,1,30,,9413,9,0,11,1,70,,9421,9,0,11,1,30,,9408,9,0,11,1,70,,9415,9,0,11,1,30,,9418,9,0,11,1,69,,9411,9,0,11,1,30,,9417,9,0,11,1,70,,9414,9,0,11,1,30,,9428,9,0,11,1,70,,9423,9,0,11,1,30,,9426,9,0,11,1,70,,9424,9,0,11,1
30200,'5',619,,9447,9,0,11,1,30,,5449,9,0,11,1,70,,9434,9,0,11,1,30,,9432,9,0,11,1,70,,9441,9,0,11,1,30,,9438,9,0,11,1,70,,9449,9,0,11,1,30,,9444,9,0,11,1,71,,9442,9,0,11,1,30,,9431,9,0,11,1,70,,9429,9,0,11,1,30,,9435,9,0,11,1,70,,9443,9,0,11,1,30,,9430,9,0,11,1,70,,9437,9,0,11,1,30,,9440,9,0,11,1,69,,9433,9,0,11,1,30,,9439,9,0,11,1,70,,9436,9,0,11,1,30,,9450,9,0,11,1,70,,9445,9,0,11,1,30,,9448,9,0,11,1,70,,9446,9,0,11,1
30200,'6',619,,9470,9,0,11,1,30,,9464,9,0,11,1,70,,9456,9,0,11,1,30,,9454,9,0,11,1,70,,9463,9,0,11,1,30,,9460,9,0,11,1,70,,9472,9,0,11,1,30,,9467,9,0,11,1,71,,9465,9,0,11,1,30,,9453,9,0,11,1,70,,9451,9,0,11,1,30,,9457,9,0,11,1,70,,9466,9,0,11,1,30,,9452,9,0,11,1,70,,9459,9,0,11,1,30,,9462,9,0,11,1,69,,9455,9,0,11,1,30,,9461,9,0,11,1,70,,9458,9,0,11,1,30,,9473,9,0,11,1,70,,9468,9,0,11,1,30,,9471,9,0,11,1,70,,9469,9,0,11,1
40200,'1',1049,,17225,9,0,13 14,1,100,,17223,9,0,13 14,1,100,,17229,9,0,13 14,1,100,,5203,9,0,13 14,1,100,,17224,9,0,13 14,1,100,,17226,9,0,13 14,1,100,,17227,9,0,13 14,1,100,,17228,9,0,13 14,1
40200,'10',619,,17238,9,0,13 14,1,30,,17249,9,0,13 14,1,70,,17254,9,0,13 14,1,30,,17244,9,0,13 14,1,70,,17231,9,0,13 14,1,30,,17241,9,0,13 14,1,70,,17236,9,0,13 14,1,30,,17255,9,0,13 14,1,70,,17256,9,0,13 14,1,30,,17242,9,0,13 14,1,70,,17246,9,0,13 14,1,30,,17234,9,0,13 14,1,70,,17232,9,0,13 14,1,30,,17247,9,0,13 14,1,70,,17230,9,0,13 14,1,30,,17252,9,0,13 14,1,70,,17257,9,0,13 14,1,30,,17233,9,0,13 14,1,70,,17239,9,0,13 14,1,30,,17243,9,0,13 14,1,70,,17248,9,0,13 14,1,30,,17245,9,0,13 14,1,70,,17251,9,0,13 14,1,30,,17237,9,0,13 14,1,100,,17258,9,0,13 14,1,99,,17250,9,0,13 14,1,100,,17235,9,0,13 14,1,100,,17253,9,0,13 14,1,100,,17240,9,0,13 14,1
40200,'12',849,,17264,9,0,13 14,1,100,,17277,9,0,13 14,1,70,,17278,9,0,13 14,1,30,,17263,9,0,13 14,1,70,,17271,9,0,13 14,1,30,,17272,9,0,13 14,1,70,,17274,9,0,13 14,1,30,,17267,9,0,13 14,1,70,,17260,9,0,13 14,1,30,,17275,9,0,13 14,1,70,,17259,9,0,13 14,1,30,,17265,9,0,13 14,1,70,,17270,9,0,13 14,1,30,,17273,9,0,13 14,1,70,,17262,9,0,13 14,1,30,,17261,9,0,13 14,1,70,,17268,9,0,13 14,1,30,,17266,9,0,13 14,1,100,,17276,9,0,13 14,1,99,,17269,9,0,13 14,1
40200,'15',1749,,17279,9,0,13 14,1,100,,17281,9,0,13 14,1,99,,17280,9,0,13 14,1,100,,17282,9,0,13 14,1,100,,17283,9,0,13 14,1,100,,17284,9,0,13 14,1
40200,'16',1749,,17285,9,0,13 14,1,100,,17286,9,0,13 14,1,99,,5255,9,0,13 14,1,100,,17287,9,0,13 14,1,100,,17288,9,0,13 14,1,100,,17289,9,0,13 14,1
40200,'17',1749,,17290,9,0,13 14,1,100,,17291,9,0,13 14,1,99,,5305,9,0,13 14,1,100,,17292,9,0,13 14,1,100,,17293,9,0,13 14,1,100,,17294,9,0,13 14,1
40200,'19',1749,,17295,9,0,13 14,1,100,,6469,9,0,13 14,1,99,,17296,9,0,13 14,1,100,,17297,9,0,13 14,1,100,,17298,9,0,13 14,1,100,,17299,9,0,13 14,1
40200,'21',619,,17308,9,0,13 14,1,30,,17319,9,0,13 14,1,70,,17324,9,0,13 14,1,30,,17314,9,0,13 14,1,70,,17301,9,0,13 14,1,30,,17311,9,0,13 14,1,70,,17306,9,0,13 14,1,30,,17325,9,0,13 14,1,70,,17326,9,0,13 14,1,30,,17312,9,0,13 14,1,70,,17316,9,0,13 14,1,30,,17304,9,0,13 14,1,70,,17302,9,0,13 14,1,30,,17317,9,0,13 14,1,70,,17300,9,0,13 14,1,30,,17322,9,0,13 14,1,70,,17327,9,0,13 14,1,30,,17303,9,0,13 14,1,70,,17309,9,0,13 14,1,30,,17313,9,0,13 14,1,70,,17318,9,0,13 14,1,30,,17315,9,0,13 14,1,70,,17321,9,0,13 14,1,30,,17307,9,0,13 14,1,100,,17328,9,0,13 14,1,99,,17320,9,0,13 14,1,100,,17305,9,0,13 14,1,100,,17323,9,0,13 14,1,100,,17310,9,0,13 14,1
40200,'5',1749,,17329,9,0,13 14,1,100,,17330,9,0,13 14,1,99,,5435,9,0,13 14,1,100,,17331,9,0,13 14,1,100,,17332,9,0,13 14,1,100,,17333,9,0,13 14,1
40200,'6',1749,,17334,9,0,13 14,1,100,,17336,9,0,13 14,1,99,,17335,9,0,13 14,1,100,,17337,9,0,13 14,1,100,,17338,9,0,13 14,1,100,,17339,9,0,13 14,1
