32101,'15',709,,14183,4,0,56,1,100,,14182,4,0,56,1,100,,14189,4,0,56,1,100,,14184,4,0,56,1,100,,14187,4,0,56,1,100,,14179,4,0,56,1,100,,14188,4,0,56,1,100,,14185,4,0,56,1,100,,14190,4,0,56,1,100,,14186,4,0,56,1,100,,14180,4,0,56,1,100,,14181,4,0,56,1
32101,'16',709,,14194,4,0,56,1,100,,14193,4,0,56,1,100,,14198,4,0,56,1,100,,427,4,0,56,1,100,,14196,4,0,56,1,100,,14191,4,0,56,1,100,,5271,4,0,56,1,100,,14197,4,0,56,1,100,,14195,4,0,56,1,100,,14192,4,0,56,1,100,,3553,4,0,56,1,100,,617,4,0,56,1
32101,'17',709,,14202,4,0,56,1,100,,14201,4,0,56,1,100,,14206,4,0,56,1,100,,450,4,0,56,1,100,,14204,4,0,56,1,100,,14199,4,0,56,1,100,,5321,4,0,56,1,100,,14205,4,0,56,1,100,,14203,4,0,56,1,100,,14200,4,0,56,1,100,,3578,4,0,56,1,100,,641,4,0,56,1
32101,'19',709,,14211,4,0,56,1,100,,14210,4,0,56,1,100,,14217,4,0,56,1,100,,14212,4,0,56,1,100,,14215,4,0,56,1,100,,14208,4,0,56,1,100,,14216,4,0,56,1,100,,14214,4,0,56,1,100,,14209,4,0,56,1,100,,14207,4,0,56,1,100,,14213,4,0,56,1,100,,14218,4,0,56,1
32101,'5',709,,14223,4,0,56,1,100,,14222,4,0,56,1,100,,14226,4,0,56,1,100,,473,4,0,56,1,100,,14225,4,0,56,1,100,,14220,4,0,56,1,100,,5451,4,0,56,1,100,,14224,4,0,56,1,100,,14221,4,0,56,1,100,,14219,4,0,56,1,100,,954,4,0,56,1,100,,14227,4,0,56,1
32101,'6',709,,14232,4,0,56,1,100,,14231,4,0,56,1,100,,14238,4,0,56,1,100,,14233,4,0,56,1,100,,14236,4,0,56,1,100,,14228,4,0,56,1,100,,14237,4,0,56,1,100,,14234,4,0,56,1,100,,14239,4,0,56,1,100,,14235,4,0,56,1,100,,14229,4,0,56,1,100,,14230,4,0,56,1
33100,'15',733,,14877,4,0,55,1,100,,14871,4,0,55,1,100,,14870,4,0,55,1,100,,14876,4,0,55,1,100,,14868,4,0,55,1,100,,14875,4,0,55,1,100,,14873,4,0,55,1,100,,14869,4,0,55,1,100,,14872,4,0,55,1,100,,14878,4,0,55,1,100,,14874,4,0,55,1
33100,'16',703,,5230,4,0,55,1,30,,14896,4,0,55,1,70,,14880,4,0,55,1,30,,14883,4,0,55,1,70,,14886,4,0,55,1,30,,4578,4,0,55,1,70,,14888,4,0,55,1,30,,14892,4,0,55,1,70,,14895,4,0,55,1,30,,14879,4,0,55,1,70,,5263,4,0,55,1,30,,14891,4,0,55,1,70,,14884,4,0,55,1,30,,14887,4,0,55,1,70,,14890,4,0,55,1,30,,14881,4,0,55,1,70,,4239,4,0,55,1,30,,14885,4,0,55,1,70,,14893,4,0,55,1,30,,14897,4,0,55,1,70,,14882,4,0,55,1,30,,14889,4,0,55,1,70,,14894,4,0,55,1
33100,'17',703,,5280,4,0,55,1,30,,14914,4,0,55,1,70,,14899,4,0,55,1,30,,14902,4,0,55,1,70,,14905,4,0,55,1,30,,4591,4,0,55,1,70,,14907,4,0,55,1,30,,4403,4,0,55,1,70,,14913,4,0,55,1,30,,14898,4,0,55,1,70,,5313,4,0,55,1,30,,14910,4,0,55,1,70,,14903,4,0,55,1,30,,14906,4,0,55,1,70,,14909,4,0,55,1,30,,14900,4,0,55,1,70,,4261,4,0,55,1,30,,14904,4,0,55,1,70,,14911,4,0,55,1,30,,14915,4,0,55,1,70,,14901,4,0,55,1,30,,14908,4,0,55,1,70,,14912,4,0,55,1
33100,'19',703,,14931,4,0,55,1,30,,14933,4,0,55,1,70,,14934,4,0,55,1,30,,8069,4,0,55,1,70,,14927,4,0,55,1,30,,14920,4,0,55,1,70,,14935,4,0,55,1,30,,14929,4,0,55,1,70,,14919,4,0,55,1,30,,14917,4,0,55,1,70,,14924,4,0,55,1,30,,14928,4,0,55,1,70,,14930,4,0,55,1,30,,14926,4,0,55,1,70,,14916,4,0,55,1,30,,14918,4,0,55,1,70,,14925,4,0,55,1,30,,14923,4,0,55,1,70,,7981,4,0,55,1,30,,14936,4,0,55,1,70,,14932,4,0,55,1,30,,14922,4,0,55,1,70,,14921,4,0,55,1
33100,'5',703,,14945,4,0,55,1,30,,14949,4,0,55,1,70,,14940,4,0,55,1,30,,14939,4,0,55,1,70,,14953,4,0,55,1,30,,4618,4,0,55,1,70,,4869,4,0,55,1,30,,14947,4,0,55,1,70,,14948,4,0,55,1,30,,8411,4,0,55,1,70,,8525,4,0,55,1,30,,14946,4,0,55,1,70,,1347,4,0,55,1,30,,14944,4,0,55,1,70,,14952,4,0,55,1,30,,14937,4,0,55,1,70,,14950,4,0,55,1,30,,14942,4,0,55,1,70,,14938,4,0,55,1,30,,14951,4,0,55,1,70,,375,4,0,55,1,30,,14941,4,0,55,1,70,,14943,4,0,55,1
33100,'6',733,,14963,4,0,55,1,100,,14957,4,0,55,1,100,,14956,4,0,55,1,100,,14962,4,0,55,1,100,,14954,4,0,55,1,100,,14961,4,0,55,1,100,,14959,4,0,55,1,100,,14955,4,0,55,1,100,,14958,4,0,55,1,100,,14964,4,0,55,1,100,,14960,4,0,55,1
42101,'1',1109,,20150,4,0,56,1,100,,778,4,0,56,1,100,,20154,4,0,56,1,100,,20153,4,0,56,1,100,,20152,4,0,56,1,100,,20149,4,0,56,1,100,,20151,4,0,56,1
42101,'10',709,,20170,4,0,56,1,100,,20160,4,0,56,1,100,,20155,4,0,56,1,100,,20169,4,0,56,1,100,,20159,4,0,56,1,100,,20167,4,0,56,1,100,,20164,4,0,56,1,100,,20156,4,0,56,1,100,,20162,4,0,56,1,100,,20171,4,0,56,1,100,,20158,4,0,56,1,100,,20163,4,0,56,1,100,,20166,4,0,56,1,100,,20161,4,0,56,1,100,,20168,4,0,56,1,100,,20157,4,0,56,1,100,,20165,4,0,56,1
42101,'12',909,,5966,4,0,56,1,100,,20180,4,0,56,1,100,,20179,4,0,56,1,100,,20172,4,0,56,1,100,,20182,4,0,56,1,100,,20181,4,0,56,1,100,,20177,4,0,56,1,100,,20175,4,0,56,1,100,,20174,4,0,56,1,100,,20173,4,0,56,1,100,,20178,4,0,56,1,100,,20176,4,0,56,1
42101,'15',1909,,20187,4,0,56,1,100,,20183,4,0,56,1,100,,20186,4,0,56,1,100,,20185,4,0,56,1,100,,20184,4,0,56,1
42101,'16',1909,,20192,4,0,56,1,100,,20188,4,0,56,1,100,,20191,4,0,56,1,100,,20190,4,0,56,1,100,,20189,4,0,56,1
42101,'17',1909,,20197,4,0,56,1,100,,20193,4,0,56,1,100,,20196,4,0,56,1,100,,20195,4,0,56,1,100,,20194,4,0,56,1
42101,'19',1909,,20202,4,0,56,1,100,,20198,4,0,56,1,100,,20201,4,0,56,1,100,,20200,4,0,56,1,100,,20199,4,0,56,1
42101,'21',709,,20216,4,0,56,1,100,,20208,4,0,56,1,100,,20203,4,0,56,1,100,,20215,4,0,56,1,100,,20207,4,0,56,1,100,,20214,4,0,56,1,100,,20211,4,0,56,1,100,,20204,4,0,56,1,100,,7756,4,0,56,1,100,,20217,4,0,56,1,100,,20206,4,0,56,1,100,,20210,4,0,56,1,100,,20213,4,0,56,1,100,,20209,4,0,56,1,100,,5684,4,0,56,1,100,,20205,4,0,56,1,100,,20212,4,0,56,1
42101,'5',1909,,20222,4,0,56,1,100,,20218,4,0,56,1,100,,20221,4,0,56,1,100,,20220,4,0,56,1,100,,20219,4,0,56,1
42101,'6',1909,,20227,4,0,56,1,100,,20223,4,0,56,1,100,,20226,4,0,56,1,100,,20225,4,0,56,1,100,,20224,4,0,56,1
43100,'10',702,,20562,4,0,55,1,30,,20558,4,0,55,1,70,,20576,4,0,55,1,30,,20568,4,0,55,1,70,,20566,4,0,55,1,30,,20565,4,0,55,1,71,,20581,4,0,55,1,30,,20584,4,0,55,1,70,,20557,4,0,55,1,30,,20553,4,0,55,1,70,,20561,4,0,55,1,30,,20578,4,0,55,1,70,,20564,4,0,55,1,30,,20574,4,0,55,1,70,,20571,4,0,55,1,30,,20559,4,0,55,1,70,,20575,4,0,55,1,30,,20577,4,0,55,1,70,,20567,4,0,55,1,30,,20580,4,0,55,1,70,,20579,4,0,55,1,30,,20572,4,0,55,1,70,,20583,4,0,55,1,30,,20552,4,0,55,1,70,,20570,4,0,55,1,30,,20573,4,0,55,1,70,,20554,4,0,55,1,30,,20551,4,0,55,1,70,,20563,4,0,55,1,30,,20555,4,0,55,1,70,,20556,4,0,55,1,30,,20560,4,0,55,1,70,,20582,4,0,55,1,30,,20569,4,0,55,1
43100,'15',1833,,20589,4,0,55,1,100,,20587,4,0,55,1,100,,20590,4,0,55,1,100,,20585,4,0,55,1,100,,20588,4,0,55,1,100,,20586,4,0,55,1
43100,'16',1833,,20592,4,0,55,1,70,,20599,4,0,55,1,30,,20595,4,0,55,1,70,,20594,4,0,55,1,30,,20598,4,0,55,1,70,,88,4,0,55,1,30,,20591,4,0,55,1,70,,20597,4,0,55,1,30,,1486,4,0,55,1,100,,20596,4,0,55,1,70,,20593,4,0,55,1
43100,'17',1833,,20601,4,0,55,1,70,,20607,4,0,55,1,30,,20604,4,0,55,1,70,,20603,4,0,55,1,30,,20606,4,0,55,1,70,,135,4,0,55,1,30,,20600,4,0,55,1,70,,4325,4,0,55,1,30,,1510,4,0,55,1,100,,20605,4,0,55,1,70,,20602,4,0,55,1
43100,'19',1833,,20609,4,0,55,1,100,,20610,4,0,55,1,100,,20613,4,0,55,1,100,,20608,4,0,55,1,100,,20612,4,0,55,1,100,,20611,4,0,55,1
43100,'5',1833,,20614,4,0,55,1,70,,20620,4,0,55,1,30,,20619,4,0,55,1,70,,20617,4,0,55,1,30,,20621,4,0,55,1,70,,20616,4,0,55,1,30,,20615,4,0,55,1,70,,20622,4,0,55,1,30,,1534,4,0,55,1,100,,20618,4,0,55,1
43100,'6',1833,,20627,4,0,55,1,100,,20625,4,0,55,1,100,,20628,4,0,55,1,100,,20623,4,0,55,1,100,,20626,4,0,55,1,100,,20624,4,0,55,1
