30500,'12',550,,33676,3,0,58,1,70,,33679,14,0,58,1,30,,33670,14,0,58,1,70,,33691,14,0,58,1,30,,33683,14,0,58,1,70,,33675,14,0,58,1,30,,33684,14,0,58,1,70,,33685,14,0,58,1,30,,33687,14,0,58,1,70,,33688,14,0,58,1,30,,33680,14,0,58,1,70,,33689,14,0,58,1,30,,33671,14,0,58,1,70,,33681,14,0,58,1,30,,33673,14,0,58,1,70,,33669,14,0,58,1,30,,33692,14,0,58,1,70,,33682,14,0,58,1,30,,33690,14,0,58,1,70,,33672,14,0,58,1,30,,33686,14,0,58,1,70,,33674,14,0,58,1,30,,33677,14,0,58,1,70,,33678,14,0,58,1
30500,'13',550,,33700,3,0,58,1,70,,33703,14,0,58,1,30,,33694,14,0,58,1,70,,33714,14,0,58,1,30,,33707,14,0,58,1,70,,33699,14,0,58,1,30,,33708,14,0,58,1,70,,33709,14,0,58,1,30,,33711,14,0,58,1,70,,33712,14,0,58,1,30,,33704,14,0,58,1,70,,28111,14,0,58,1,30,,33695,14,0,58,1,70,,33705,14,0,58,1,30,,33697,14,0,58,1,70,,33693,14,0,58,1,30,,33715,14,0,58,1,70,,33706,14,0,58,1,30,,33713,14,0,58,1,70,,33696,14,0,58,1,30,,33710,14,0,58,1,70,,33698,14,0,58,1,30,,33701,14,0,58,1,70,,33702,14,0,58,1
30500,'3',550,,33723,3,0,58,1,70,,33726,14,0,58,1,30,,33717,14,0,58,1,70,,33737,14,0,58,1,30,,33730,14,0,58,1,70,,33722,14,0,58,1,30,,33731,14,0,58,1,70,,33732,14,0,58,1,30,,33734,14,0,58,1,70,,33735,14,0,58,1,30,,33727,14,0,58,1,70,,28133,14,0,58,1,30,,33718,14,0,58,1,70,,33728,14,0,58,1,30,,33720,14,0,58,1,70,,33716,14,0,58,1,30,,33738,14,0,58,1,70,,33729,14,0,58,1,30,,33736,14,0,58,1,70,,33719,14,0,58,1,30,,33733,14,0,58,1,70,,33721,14,0,58,1,30,,33724,14,0,58,1,70,,33725,14,0,58,1
30500,'6',550,,33746,3,0,58,1,70,,33749,14,0,58,1,30,,33740,14,0,58,1,70,,33761,14,0,58,1,30,,33753,14,0,58,1,70,,33745,14,0,58,1,30,,33754,14,0,58,1,70,,33755,14,0,58,1,30,,33757,14,0,58,1,70,,33758,14,0,58,1,30,,33750,14,0,58,1,70,,33759,14,0,58,1,30,,33741,14,0,58,1,70,,33751,14,0,58,1,30,,33743,14,0,58,1,70,,33739,14,0,58,1,30,,33762,14,0,58,1,70,,33752,14,0,58,1,30,,33760,14,0,58,1,70,,33742,14,0,58,1,30,,33756,14,0,58,1,70,,33744,14,0,58,1,30,,33747,14,0,58,1,70,,33748,14,0,58,1
41200,'1',619,,39797,14,0,23,1,30,,39789,14,0,23,1,70,,39787,14,0,23,1,30,,39793,14,0,23,1,70,,39796,14,0,23,1,30,,39784,14,0,23,1,70,,39788,14,0,23,1,30,,32721,14,0,23,1,71,,39786,14,0,23,1,30,,39803,14,0,23,1,70,,39806,14,0,23,1,30,,39804,14,0,23,1,70,,39795,14,0,23,1,30,,39780,14,0,23,1,70,,39802,14,0,23,1,30,,39791,14,0,23,1,69,,39792,14,0,23,1,30,,39783,14,0,23,1,70,,39801,14,0,23,1,30,,39798,14,0,23,1,70,,39794,14,0,23,1,30,,39799,14,0,23,1,70,,39782,14,0,23,1,30,,39790,14,0,23,1,70,,39781,14,0,23,1,100,,39805,14,0,23,1,100,,31127,14,0,23,1,100,,39800,14,0,23,1,100,,39785,14,0,23,1,100,,32572,14,0,23,1
41200,'11',619,,39825,14,0,23,1,30,,39817,14,0,23,1,70,,39815,14,0,23,1,30,,39821,14,0,23,1,70,,39809,14,0,23,1,30,,39812,14,0,23,1,70,,39816,14,0,23,1,30,,39834,14,0,23,1,71,,39814,14,0,23,1,30,,39831,14,0,23,1,70,,39836,14,0,23,1,30,,39832,14,0,23,1,70,,39823,14,0,23,1,30,,39807,14,0,23,1,70,,39830,14,0,23,1,30,,39819,14,0,23,1,69,,39820,14,0,23,1,30,,39811,14,0,23,1,70,,39829,14,0,23,1,30,,39826,14,0,23,1,70,,39822,14,0,23,1,30,,39827,14,0,23,1,70,,39810,14,0,23,1,30,,39818,14,0,23,1,70,,39808,14,0,23,1,100,,39835,14,0,23,1,100,,39833,14,0,23,1,100,,39828,14,0,23,1,100,,39813,14,0,23,1,100,,39824,14,0,23,1
41200,'12',1819,,39841,14,0,23,1,100,,39842,14,0,23,1,100,,39837,14,0,23,1,100,,39840,14,0,23,1,100,,39839,14,0,23,1,100,,39838,14,0,23,1
41200,'13',1819,,31821,14,0,23,1,100,,39847,14,0,23,1,100,,39843,14,0,23,1,100,,39846,14,0,23,1,100,,39845,14,0,23,1,100,,39844,14,0,23,1
41200,'14',1120,,39853,14,0,23,1,100,,39849,14,0,23,1,100,,39848,14,0,23,1,99,,31369,14,0,23,1,100,,39852,14,0,23,1,100,,39850,14,0,23,1,100,,39851,14,0,23,1
41200,'16',619,,39872,14,0,23,1,30,,39863,14,0,23,1,70,,39861,14,0,23,1,30,,39867,14,0,23,1,70,,39870,14,0,23,1,30,,39858,14,0,23,1,70,,39862,14,0,23,1,30,,39880,14,0,23,1,71,,39860,14,0,23,1,30,,39878,14,0,23,1,70,,39882,14,0,23,1,30,,39879,14,0,23,1,70,,39869,14,0,23,1,30,,39854,14,0,23,1,70,,39877,14,0,23,1,30,,39865,14,0,23,1,69,,39866,14,0,23,1,30,,39857,14,0,23,1,70,,39876,14,0,23,1,30,,39873,14,0,23,1,70,,39868,14,0,23,1,30,,39874,14,0,23,1,70,,39856,14,0,23,1,30,,39864,14,0,23,1,70,,39855,14,0,23,1,100,,39881,14,0,23,1,100,,31152,14,0,23,1,100,,39875,14,0,23,1,100,,39859,14,0,23,1,100,,39871,14,0,23,1
41200,'3',1819,,31880,14,0,23,1,100,,39887,14,0,23,1,100,,39883,14,0,23,1,100,,39886,14,0,23,1,100,,39885,14,0,23,1,100,,39884,14,0,23,1
41200,'6',1819,,39892,14,0,23,1,100,,39893,14,0,23,1,100,,39888,14,0,23,1,100,,39891,14,0,23,1,100,,39890,14,0,23,1,100,,39889,14,0,23,1
41200,'8',919,,39901,14,0,23,1,101,,39904,14,0,23,1,30,,39903,14,0,23,1,70,,39909,14,0,23,1,30,,39906,14,0,23,1,70,,39911,14,0,23,1,30,,39895,14,0,23,1,70,,39896,14,0,23,1,30,,39908,14,0,23,1,69,,32740,14,0,23,1,30,,39910,14,0,23,1,70,,39894,14,0,23,1,30,,39898,14,0,23,1,70,,39902,14,0,23,1,30,,39899,14,0,23,1,70,,39900,14,0,23,1,30,,39905,14,0,23,1,70,,39897,14,0,23,1,100,,39907,14,0,23,1
