30500,'15',618,,10162,7,0,58,1,30,,10150,7,0,58,1,70,,10160,7,0,58,1,30,,10145,7,0,58,1,70,,10141,7,0,58,1,30,,10139,7,0,58,1,70,,10147,7,0,58,1,30,,10158,7,0,58,1,70,,10154,7,0,58,1,30,,10153,7,0,58,1,70,,10161,7,0,58,1,30,,10156,7,0,58,1,70,,10143,7,0,58,1,30,,10144,7,0,58,1,70,,10148,7,0,58,1,30,,10155,7,0,58,1,70,,10146,7,0,58,1,30,,10159,7,0,58,1,70,,10157,7,0,58,1,30,,10140,7,0,58,1,70,,10142,7,0,58,1,30,,10152,7,0,58,1,70,,10151,7,0,58,1
30500,'16',618,,10183,7,0,58,1,30,,10174,7,0,58,1,70,,2362,7,0,58,1,30,,10169,7,0,58,1,70,,10165,7,0,58,1,30,,10163,7,0,58,1,70,,10171,7,0,58,1,30,,1106,7,0,58,1,70,,10177,7,0,58,1,30,,5266,7,0,58,1,70,,10182,7,0,58,1,30,,10179,7,0,58,1,70,,10167,7,0,58,1,30,,10168,7,0,58,1,70,,10172,7,0,58,1,30,,10178,7,0,58,1,70,,10170,7,0,58,1,30,,10181,7,0,58,1,70,,10180,7,0,58,1,30,,10164,7,0,58,1,70,,10166,7,0,58,1,30,,10176,7,0,58,1,70,,10175,7,0,58,1
30500,'17',618,,10201,7,0,58,1,30,,10193,7,0,58,1,70,,2387,7,0,58,1,30,,10188,7,0,58,1,70,,8470,7,0,58,1,30,,10184,7,0,58,1,70,,10190,7,0,58,1,30,,1131,7,0,58,1,70,,10196,7,0,58,1,30,,5316,7,0,58,1,70,,10200,7,0,58,1,30,,10197,7,0,58,1,70,,4245,7,0,58,1,30,,10187,7,0,58,1,70,,10191,7,0,58,1,30,,8558,7,0,58,1,70,,10189,7,0,58,1,30,,10199,7,0,58,1,70,,10198,7,0,58,1,30,,10185,7,0,58,1,70,,10186,7,0,58,1,30,,10195,7,0,58,1,70,,10194,7,0,58,1
30500,'19',618,,10225,7,0,58,1,30,,10213,7,0,58,1,70,,10223,7,0,58,1,30,,10208,7,0,58,1,70,,10204,7,0,58,1,30,,10202,7,0,58,1,70,,10210,7,0,58,1,30,,10221,7,0,58,1,70,,10217,7,0,58,1,30,,10216,7,0,58,1,70,,10224,7,0,58,1,30,,10219,7,0,58,1,70,,10206,7,0,58,1,30,,10207,7,0,58,1,70,,10211,7,0,58,1,30,,10218,7,0,58,1,70,,10209,7,0,58,1,30,,10222,7,0,58,1,70,,10220,7,0,58,1,30,,10203,7,0,58,1,70,,10205,7,0,58,1,30,,10215,7,0,58,1,70,,10214,7,0,58,1
30500,'5',618,,10243,7,0,58,1,30,,10235,7,0,58,1,70,,2412,7,0,58,1,30,,10231,7,0,58,1,70,,8522,7,0,58,1,30,,10226,7,0,58,1,70,,10233,7,0,58,1,30,,1156,7,0,58,1,70,,10238,7,0,58,1,30,,5446,7,0,58,1,70,,10242,7,0,58,1,30,,10239,7,0,58,1,70,,10229,7,0,58,1,30,,10230,7,0,58,1,70,,10234,7,0,58,1,30,,8609,7,0,58,1,70,,10232,7,0,58,1,30,,10241,7,0,58,1,70,,10240,7,0,58,1,30,,10227,7,0,58,1,70,,10228,7,0,58,1,30,,10237,7,0,58,1,70,,10236,7,0,58,1
30500,'6',618,,10267,7,0,58,1,30,,10255,7,0,58,1,70,,10265,7,0,58,1,30,,10250,7,0,58,1,70,,10246,7,0,58,1,30,,10244,7,0,58,1,70,,10252,7,0,58,1,30,,10263,7,0,58,1,70,,10259,7,0,58,1,30,,10258,7,0,58,1,70,,10266,7,0,58,1,30,,10261,7,0,58,1,70,,10248,7,0,58,1,30,,10249,7,0,58,1,70,,10253,7,0,58,1,30,,10260,7,0,58,1,70,,10251,7,0,58,1,30,,10264,7,0,58,1,70,,10262,7,0,58,1,30,,10245,7,0,58,1,70,,10247,7,0,58,1,30,,10257,7,0,58,1,70,,10256,7,0,58,1
41200,'1',1118,,18491,7,0,23,1,100,,781,7,0,23,1,100,,18492,7,0,23,1,99,,4503,7,0,23,1,100,,18490,7,0,23,1,100,,6133,7,0,23,1,100,,18493,7,0,23,1
41200,'10',617,,18521,7,0,23,1,30,,18520,7,0,23,1,70,,18503,7,0,23,1,30,,18511,7,0,23,1,70,,18502,7,0,23,1,30,,18512,7,0,23,1,70,,18522,7,0,23,1,30,,18510,7,0,23,1,71,,18518,7,0,23,1,30,,18516,7,0,23,1,70,,18497,7,0,23,1,30,,18509,7,0,23,1,70,,18519,7,0,23,1,30,,18500,7,0,23,1,70,,18501,7,0,23,1,30,,18494,7,0,23,1,69,,18513,7,0,23,1,30,,18495,7,0,23,1,70,,18514,7,0,23,1,30,,18506,7,0,23,1,70,,18496,7,0,23,1,30,,18508,7,0,23,1,70,,18499,7,0,23,1,30,,18523,7,0,23,1,70,,18507,7,0,23,1,100,,18515,7,0,23,1,100,,18517,7,0,23,1,100,,18504,7,0,23,1,100,,18498,7,0,23,1,100,,18505,7,0,23,1
41200,'12',917,,18539,7,0,23,1,101,,18534,7,0,23,1,30,,18536,7,0,23,1,70,,6099,7,0,23,1,30,,18525,7,0,23,1,70,,18527,7,0,23,1,30,,18533,7,0,23,1,70,,18540,7,0,23,1,30,,18529,7,0,23,1,69,,18537,7,0,23,1,30,,18526,7,0,23,1,70,,18535,7,0,23,1,30,,18538,7,0,23,1,70,,18524,7,0,23,1,30,,18530,7,0,23,1,70,,18532,7,0,23,1,30,,18528,7,0,23,1,70,,18531,7,0,23,1,100,,6756,7,0,23,1
41200,'15',1817,,18542,7,0,23,1,100,,18544,7,0,23,1,100,,18543,7,0,23,1,100,,18546,7,0,23,1,100,,18545,7,0,23,1,100,,18541,7,0,23,1
41200,'16',1817,,18548,7,0,23,1,100,,18550,7,0,23,1,100,,18549,7,0,23,1,100,,18552,7,0,23,1,100,,18551,7,0,23,1,100,,18547,7,0,23,1
41200,'17',1817,,18554,7,0,23,1,100,,18556,7,0,23,1,100,,18555,7,0,23,1,100,,18558,7,0,23,1,100,,18557,7,0,23,1,100,,18553,7,0,23,1
41200,'19',1817,,18560,7,0,23,1,100,,18562,7,0,23,1,100,,18561,7,0,23,1,100,,18564,7,0,23,1,100,,18563,7,0,23,1,100,,18559,7,0,23,1
41200,'21',617,,18591,7,0,23,1,30,,18590,7,0,23,1,70,,18573,7,0,23,1,30,,18581,7,0,23,1,70,,18572,7,0,23,1,30,,18582,7,0,23,1,70,,18592,7,0,23,1,30,,18580,7,0,23,1,71,,18588,7,0,23,1,30,,18586,7,0,23,1,70,,18567,7,0,23,1,30,,18579,7,0,23,1,70,,18589,7,0,23,1,30,,18570,7,0,23,1,70,,18571,7,0,23,1,30,,6021,7,0,23,1,69,,18583,7,0,23,1,30,,18565,7,0,23,1,70,,18584,7,0,23,1,30,,18576,7,0,23,1,70,,18566,7,0,23,1,30,,18578,7,0,23,1,70,,18569,7,0,23,1,30,,18593,7,0,23,1,70,,18577,7,0,23,1,100,,18585,7,0,23,1,100,,18587,7,0,23,1,100,,18574,7,0,23,1,100,,18568,7,0,23,1,100,,18575,7,0,23,1
41200,'5',1817,,18595,7,0,23,1,100,,18597,7,0,23,1,100,,18596,7,0,23,1,100,,18599,7,0,23,1,100,,18598,7,0,23,1,100,,18594,7,0,23,1
41200,'6',1817,,18601,7,0,23,1,100,,18603,7,0,23,1,100,,18602,7,0,23,1,100,,18605,7,0,23,1,100,,18604,7,0,23,1,100,,18600,7,0,23,1
