30501,'15',610,,14717,0,27,1,30,,14705,0,27,1,70,,14713,0,27,1,30,,14716,0,27,1,70,,14699,0,27,1,30,,14712,0,27,1,70,,14694,0,27,1,30,,14700,0,27,1,70,,14702,0,27,1,30,,14704,0,27,1,70,,14708,0,27,1,30,,14706,0,27,1,70,,14696,0,27,1,30,,14710,0,27,1,70,,14709,0,27,1,30,,14697,0,27,1,70,,14701,0,27,1,30,,14714,0,27,1,70,,14718,0,27,1,30,,14715,0,27,1,70,,14703,0,27,1,30,,14698,0,27,1,70,,14707,0,27,1,30,,14711,0,27,1,70,,14695,0,28 29,1
30501,'16',610,,14735,0,27,1,30,,6921,0,27,1,70,,14731,0,27,1,30,,14734,0,27,1,70,,14722,0,27,1,30,,14730,0,27,1,70,,14719,0,27,1,30,,6472,0,27,1,70,,12667,0,27,1,30,,8960,0,27,1,70,,14727,0,27,1,30,,14725,0,27,1,70,,9776,0,27,1,30,,14729,0,27,1,70,,14728,0,27,1,30,,14720,0,27,1,70,,14723,0,27,1,30,,14732,0,27,1,70,,14736,0,27,1,30,,14733,0,27,1,70,,14724,0,27,1,30,,14721,0,27,1,70,,14726,0,27,1,30,,7624,0,27,1,70,,6911,0,28 29,1
30501,'17',610,,14752,0,27,1,30,,6939,0,27,1,70,,14748,0,27,1,30,,14751,0,27,1,70,,14740,0,27,1,30,,14747,0,27,1,70,,14737,0,27,1,30,,6496,0,27,1,70,,1316,0,27,1,30,,8971,0,27,1,70,,14744,0,27,1,30,,14742,0,27,1,70,,9799,0,27,1,30,,14746,0,27,1,70,,14745,0,27,1,30,,14738,0,27,1,70,,13098,0,27,1,30,,14749,0,27,1,70,,14753,0,27,1,30,,14750,0,27,1,70,,14741,0,27,1,30,,14739,0,27,1,70,,14743,0,27,1,30,,7642,0,27,1,70,,6933,0,28 29,1
30501,'19',610,,14776,0,27,1,30,,14765,0,27,1,70,,14772,0,27,1,30,,14775,0,27,1,70,,14759,0,27,1,30,,14771,0,27,1,70,,14754,0,27,1,30,,14760,0,27,1,70,,14762,0,27,1,30,,14764,0,27,1,70,,14767,0,27,1,30,,14766,0,27,1,70,,14756,0,27,1,30,,14769,0,27,1,70,,14768,0,27,1,30,,14757,0,27,1,70,,14761,0,27,1,30,,14773,0,27,1,70,,14777,0,27,1,30,,14774,0,27,1,70,,14763,0,27,1,30,,14758,0,27,1,70,,11940,0,27,1,30,,14770,0,27,1,70,,14755,0,28 29,1
30501,'5',610,,14794,0,27,1,30,,6956,0,27,1,70,,14790,0,27,1,30,,14793,0,27,1,70,,14781,0,27,1,30,,14789,0,27,1,70,,14778,0,27,1,30,,6518,0,27,1,70,,1298,0,27,1,30,,8981,0,27,1,70,,14786,0,27,1,30,,14784,0,27,1,70,,9843,0,27,1,30,,14788,0,27,1,70,,14787,0,27,1,30,,14779,0,27,1,70,,14782,0,27,1,30,,14791,0,27,1,70,,14795,0,27,1,30,,14792,0,27,1,70,,14783,0,27,1,30,,14780,0,27,1,70,,14785,0,27,1,30,,7661,0,27,1,70,,6950,0,28 29,1
30501,'6',610,,14819,0,27,1,30,,14807,0,27,1,70,,14815,0,27,1,30,,14818,0,27,1,70,,14801,0,27,1,30,,14814,0,27,1,70,,14796,0,27,1,30,,14802,0,27,1,70,,14804,0,27,1,30,,14806,0,27,1,70,,14810,0,27,1,30,,14808,0,27,1,70,,14798,0,27,1,30,,14812,0,27,1,70,,14811,0,27,1,30,,14799,0,27,1,70,,14803,0,27,1,30,,14816,0,27,1,70,,14820,0,27,1,30,,14817,0,27,1,70,,14805,0,27,1,30,,14800,0,27,1,70,,14809,0,27,1,30,,14813,0,27,1,70,,14797,0,28 29,1
31700,'15',637,,17761,4,,1,70,,17750,4,,1,31,,17758,4,,1,70,,17745,4,,1,30,,17743,4,,1,70,,17757,4,,1,30,,17740,4,,1,70,,17752,4,,1,29,,17748,4,,1,70,,17739,4,,1,30,,17760,4,,1,70,,17754,4,,1,30,,17747,4,,1,70,,17762,4,,1,30,,17759,4,,1,70,,17746,4,,1,31,,17751,4,,1,70,,17756,4,,1,30,,17753,4,,1,70,,17742,4,,1,30,,17744,4,,1,70,,17741,4,,1,30,,17749,4,,1,70,,17755,4,,1
31700,'16',637,,17780,4,,1,70,,17771,4,,1,31,,17777,4,,1,70,,17768,4,,1,30,,17766,4,,1,70,,17776,4,,1,30,,17763,4,,1,70,,17772,4,,1,29,,7617,4,,1,70,,9419,4,,1,30,,17779,4,,1,70,,17774,4,,1,30,,17770,4,,1,70,,17781,4,,1,30,,17778,4,,1,70,,17769,4,,1,31,,8040,4,,1,70,,5965,4,,1,30,,17773,4,,1,70,,17765,4,,1,30,,17767,4,,1,70,,17764,4,,1,30,,7693,4,,1,70,,17775,4,,1
31700,'17',637,,17798,4,,1,70,,17790,4,,1,31,,17795,4,,1,70,,17787,4,,1,30,,17785,4,,1,70,,17794,4,,1,30,,17782,4,,1,70,,17791,4,,1,29,,520,4,,1,70,,9429,4,,1,30,,17797,4,,1,70,,9385,4,,1,30,,17789,4,,1,70,,17799,4,,1,30,,17796,4,,1,70,,17788,4,,1,31,,8099,4,,1,70,,2550,4,,1,30,,17792,4,,1,70,,17784,4,,1,30,,17786,4,,1,70,,17783,4,,1,30,,175,4,,1,70,,17793,4,,1
31700,'19',637,,17822,4,,1,70,,17811,4,,1,31,,17819,4,,1,70,,17806,4,,1,30,,17804,4,,1,70,,17818,4,,1,30,,17801,4,,1,70,,17813,4,,1,29,,17809,4,,1,70,,17800,4,,1,30,,17821,4,,1,70,,17815,4,,1,30,,17808,4,,1,70,,17823,4,,1,30,,17820,4,,1,70,,17807,4,,1,31,,17812,4,,1,70,,17817,4,,1,30,,17814,4,,1,70,,17803,4,,1,30,,17805,4,,1,70,,17802,4,,1,30,,17810,4,,1,70,,17816,4,,1
31700,'5',637,,17840,4,,1,70,,17831,4,,1,31,,17837,4,,1,70,,17829,4,,1,30,,17827,4,,1,70,,17836,4,,1,30,,17824,4,,1,70,,17832,4,,1,29,,496,4,,1,70,,9448,4,,1,30,,17839,4,,1,70,,17834,4,,1,30,,17830,4,,1,70,,17841,4,,1,30,,17838,4,,1,70,,9168,4,,1,31,,8157,4,,1,70,,2526,4,,1,30,,17833,4,,1,70,,17826,4,,1,30,,17828,4,,1,70,,17825,4,,1,30,,125,4,,1,70,,17835,4,,1
31700,'6',637,,17864,4,,1,70,,17853,4,,1,31,,17861,4,,1,70,,17848,4,,1,30,,17846,4,,1,70,,17860,4,,1,30,,17843,4,,1,70,,17855,4,,1,29,,17851,4,,1,70,,17842,4,,1,30,,17863,4,,1,70,,17857,4,,1,30,,17850,4,,1,70,,17865,4,,1,30,,17862,4,,1,70,,17849,4,,1,31,,17854,4,,1,70,,17859,4,,1,30,,17856,4,,1,70,,17845,4,,1,30,,17847,4,,1,70,,17844,4,,1,30,,17852,4,,1,70,,17858,4,,1
