31001,'11',635,,18673,12,0,36,1,70,,28246,12,0,36,1,30,,28232,12,0,36,1,70,,28242,12,0,36,1,30,,28238,12,0,36,1,70,,28247,12,0,36,1,30,,28228,12,0,36,1,70,,28241,12,0,36,1,30,,28236,12,0,36,1,70,,28235,12,0,36,1,30,,28248,12,0,36,1,70,,28237,12,0,36,1,30,,26820,12,0,36,1,70,,28243,12,0,36,1,30,,28234,12,0,36,1,70,,23335,12,0,36,1,30,,28245,12,0,36,1,70,,28233,12,0,36,1,27,,26986,9,0,37 38,1,3,,28227,12,0,36,1,70,,28240,12,0,36,1,30,,28239,12,0,36,1,70,,28231,12,0,36,1,30,,28244,12,0,36,1,70,,28230,12,0,36,1,30,,28229,12,0,36,1
31001,'3',635,,18709,12,0,36,1,70,,28268,12,0,36,1,30,,28254,12,0,36,1,70,,28264,12,0,36,1,30,,28260,12,0,36,1,70,,28269,12,0,36,1,30,,28250,12,0,36,1,70,,28263,12,0,36,1,30,,28258,12,0,36,1,70,,28257,12,0,36,1,30,,28270,12,0,36,1,70,,28259,12,0,36,1,30,,26869,12,0,36,1,70,,28265,12,0,36,1,30,,28256,12,0,36,1,70,,23373,12,0,36,1,30,,28267,12,0,36,1,70,,28255,12,0,36,1,27,,27034,9,0,37 38,1,3,,28249,12,0,36,1,70,,28262,12,0,36,1,30,,28261,12,0,36,1,70,,28253,12,0,36,1,30,,28266,12,0,36,1,70,,28252,12,0,36,1,30,,28251,12,0,36,1
31601,'11',719,,28707,18,,,1,15,,28687,18,,,1,15,,28686,18,,,1,55,,28679,18,,,1,15,,28703,18,,,1,15,,28714,18,,,1,15,,28712,18,,,1,55,,28696,18,,,1,15,,28695,18,,,1,15,,28709,18,,,1,15,,28705,18,,,1,55,,28708,18,,,1,15,,28672,18,,,1,15,,28702,18,,,1,15,,28692,18,,,1,55,,28711,18,,,1,15,,28699,18,,,1,15,,28671,18,,,1,15,,28676,18,,,1,55,,28678,18,,,1,15,,28673,18,,,1,15,,28697,18,,,1,15,,28710,18,,,1,55,,28698,18,,,1,15,,22598,18,,,1,15,,28682,18,,,1,15,,28688,18,,,1,55,,28683,18,,,1,15,,28704,18,,,1,15,,28690,18,,,1,15,,28684,18,,,1,55,,28701,18,,,1,15,,28689,18,,,1,15,,22794,18,,,1,15,,28674,18,,,1,55,,28691,18,,,1,15,,28700,18,,,1,15,,28693,18,,,1,15,,28685,18,,,1,55,,28694,18,,,1,15,,28680,18,,,1,15,,28681,18,,,1,15,,23141,18,,,1,55,,28675,18,,,1,15,,28677,18,,,1,15,,28706,18,,,1,15,,28713,18,,,1
31601,'3',719,,28751,18,,,1,15,,28731,18,,,1,15,,28730,18,,,1,55,,28723,18,,,1,15,,28747,18,,,1,15,,28758,18,,,1,15,,28756,18,,,1,55,,28740,18,,,1,15,,28739,18,,,1,15,,28753,18,,,1,15,,28749,18,,,1,55,,28752,18,,,1,15,,28716,18,,,1,15,,28746,18,,,1,15,,28736,18,,,1,55,,28755,18,,,1,15,,28743,18,,,1,15,,28715,18,,,1,15,,28720,18,,,1,55,,28722,18,,,1,15,,28717,18,,,1,15,,28741,18,,,1,15,,28754,18,,,1,55,,28742,18,,,1,15,,22614,18,,,1,15,,28726,18,,,1,15,,28732,18,,,1,55,,28727,18,,,1,15,,28748,18,,,1,15,,28734,18,,,1,15,,28728,18,,,1,55,,28745,18,,,1,15,,28733,18,,,1,15,,22816,18,,,1,15,,28718,18,,,1,55,,28735,18,,,1,15,,28744,18,,,1,15,,28737,18,,,1,15,,28729,18,,,1,55,,28738,18,,,1,15,,28724,18,,,1,15,,28725,18,,,1,15,,23154,18,,,1,55,,28719,18,,,1,15,,28721,18,,,1,15,,28750,18,,,1,15,,28757,18,,,1
41001,'1',638,,23182,12,0,37 38,1,70,,24886,12,0,37 38,1,30,,31193,12,0,37 38,1,70,,31188,12,0,37 38,1,30,,31187,12,0,37 38,1,70,,21426,12,0,37 38,1,30,,31194,12,0,37 38,1,70,,31189,12,0,37 38,1,30,,31192,12,0,37 38,1,70,,31181,12,0,37 38,1,30,,31180,12,0,37 38,1,70,,31182,12,0,37 38,1,30,,31191,12,0,37 38,1,70,,31196,12,0,37 38,1,30,,31178,12,0,37 38,1,70,,31186,12,0,37 38,1,30,,31179,12,0,37 38,1,70,,31190,12,0,37 38,1,30,,31183,12,0,37 38,1,70,,24701,12,0,37 38,1,30,,21576,12,0,37 38,1,70,,31184,12,0,37 38,1,30,,31185,12,0,37 38,1,70,,31195,12,0,37 38,1
41001,'12',1138,,31202,12,0,37 38,1,100,,31200,12,0,37 38,1,100,,31199,12,0,37 38,1,100,,31201,12,0,37 38,1,100,,31198,12,0,37 38,1,100,,31203,12,0,37 38,1,100,,31197,12,0,37 38,1
41001,'14',638,,31215,12,0,37 38,1,70,,31216,12,0,37 38,1,30,,31222,12,0,37 38,1,70,,31213,12,0,37 38,1,30,,31212,12,0,37 38,1,70,,31209,12,0,37 38,1,30,,31223,12,0,37 38,1,70,,31214,12,0,37 38,1,30,,31221,12,0,37 38,1,70,,31206,12,0,37 38,1,30,,26845,12,0,37 38,1,70,,31207,12,0,37 38,1,30,,31220,12,0,37 38,1,70,,31225,12,0,37 38,1,30,,31204,12,0,37 38,1,70,,31211,12,0,37 38,1,30,,31205,12,0,37 38,1,70,,31217,12,0,37 38,1,30,,26849,12,0,37 38,1,70,,31219,12,0,37 38,1,30,,31218,12,0,37 38,1,70,,31208,12,0,37 38,1,30,,31210,12,0,37 38,1,70,,31224,12,0,37 38,1
41001,'8',938,,31238,12,0,37 38,1,100,,31240,12,0,37 38,1,70,,31232,12,0,37 38,1,30,,31234,12,0,37 38,1,70,,31227,12,0,37 38,1,30,,31226,12,0,37 38,1,70,,31242,12,0,37 38,1,30,,31233,12,0,37 38,1,70,,31235,12,0,37 38,1,30,,31228,12,0,37 38,1,70,,31236,12,0,37 38,1,30,,31230,12,0,37 38,1,70,,31239,12,0,37 38,1,30,,31241,12,0,37 38,1,70,,31244,12,0,37 38,1,30,,31229,12,0,37 38,1,70,,31231,12,0,37 38,1,30,,31243,12,0,37 38,1,100,,31237,12,0,37 38,1
41601,'1',739,,31783,18,,,1,70,,31807,18,,,1,30,,31785,18,,,1,70,,31798,18,,,1,25,,31799,18,,,1,70,,31788,18,,,1,31,,22955,18,,,1,70,,31805,18,,,1,30,,31797,18,,,1,70,,31789,18,,,1,30,,31792,18,,,1,70,,31803,18,,,1,30,,31795,18,,,1,70,,24008,18,,,1,30,,31784,18,,,1,70,,31808,18,,,1,30,,31814,18,,,1,70,,22208,18,,,1,30,,31801,18,,,1,70,,31812,18,,,1,30,,31786,18,,,1,70,,31810,18,,,1,35,,31804,18,,,1,69,,31796,18,,,1,30,,31793,18,,,1,70,,24686,18,,,1,30,,31791,18,,,1,70,,31794,18,,,1,30,,31790,18,,,1,67,,23235,18,,,1,3,,31800,18,,,1,27,,31802,18,,,1,3,,31813,18,,,1,67,,31787,18,,,1,3,,31806,18,,,1,27,,31811,18,,,1,3,,31809,18,,,1
41601,'11',1909,,31815,18,,,1,30,,31824,18,,,1,70,,31820,18,,,1,30,,31818,18,,,1,70,,31816,18,,,1,30,,31821,18,,,1,70,,31823,18,,,1,30,,31817,18,,,1,70,,31822,18,,,1,30,,31819,18,,,1
41601,'12',1110,,31826,18,,,1,30,,31835,18,,,1,70,,31834,18,,,1,30,,31831,18,,,1,70,,31833,18,,,1,30,,31832,18,,,1,70,,31828,18,,,1,30,,31827,18,,,1,70,,31830,18,,,1,30,,31836,18,,,1,70,,31837,18,,,1,30,,24535,18,,,1,70,,31838,18,,,1,30,,31825,18,,,1,70,,31829,18,,,1
41601,'14',739,,31839,18,,,1,70,,31866,18,,,1,30,,31841,18,,,1,70,,31857,18,,,1,25,,16948,18,,,1,70,,31846,18,,,1,31,,31842,18,,,1,70,,31864,18,,,1,30,,31854,18,,,1,70,,31847,18,,,1,30,,31850,18,,,1,70,,31862,18,,,1,30,,31852,18,,,1,70,,31845,18,,,1,30,,31840,18,,,1,70,,31867,18,,,1,30,,31873,18,,,1,70,,31860,18,,,1,30,,31859,18,,,1,70,,31871,18,,,1,30,,31843,18,,,1,70,,31869,18,,,1,35,,31863,18,,,1,69,,31853,18,,,1,30,,26451,18,,,1,70,,31855,18,,,1,30,,31849,18,,,1,70,,31851,18,,,1,30,,31848,18,,,1,67,,31856,18,,,1,3,,31858,18,,,1,27,,31861,18,,,1,3,,31872,18,,,1,67,,31844,18,,,1,3,,31865,18,,,1,27,,31870,18,,,1,3,,31868,18,,,1
41601,'3',1909,,31874,18,,,1,30,,31883,18,,,1,70,,31879,18,,,1,30,,31877,18,,,1,70,,31875,18,,,1,30,,31880,18,,,1,70,,31882,18,,,1,30,,31876,18,,,1,70,,31881,18,,,1,30,,31878,18,,,1
41601,'8',904,,31886,18,,,1,30,,31888,18,,,1,70,,31898,18,,,1,31,,31899,18,,,1,70,,26496,18,,,1,30,,31890,18,,,1,70,,25712,18,,,1,30,,31902,18,,,1,70,,31897,18,,,1,30,,31891,18,,,1,70,,31900,18,,,1,30,,31896,18,,,1,70,,31887,18,,,1,30,,31903,18,,,1,70,,31905,18,,,1,30,,31885,18,,,1,70,,31895,18,,,1,30,,31904,18,,,1,70,,31901,18,,,1,30,,31884,18,,,1,70,,31893,18,,,1,29,,31894,18,,,1,70,,31892,18,,,1,30,,31889,18,,,1
