30400,'15',701,,9878,2,0,39 40 41,1,30,,9884,2,0,39 40 41,1,70,,9873,2,0,39 40 41,1,30,,9871,2,0,39 40 41,1,70,,9870,2,0,39 40 41,1,30,,9882,2,0,39 40 41,1,70,,9880,2,0,39 40 41,1,30,,9886,2,0,39 40 41,1,70,,9885,2,0,39 40 41,1,30,,9883,2,0,39 40 41,1,70,,9867,2,0,39 40 41,1,30,,9869,2,0,39 40 41,1,70,,9881,2,0,39 40 41,1,30,,9889,2,0,39 40 41,1,70,,9872,2,0,39 40 41,1,30,,9877,2,0,39 40 41,1,70,,9879,2,0,39 40 41,1,30,,9876,2,0,39 40 41,1,70,,9874,2,0,39 40 41,1,30,,9887,2,0,39 40 41,1,70,,9868,2,0,39 40 41,1,30,,9875,2,0,39 40 41,1,70,,9888,2,0,39 40 41,1
30400,'16',701,,9900,2,0,39 40 41,1,30,,9905,2,0,39 40 41,1,70,,9895,2,0,39 40 41,1,30,,2039,2,0,39 40 41,1,70,,9893,2,0,39 40 41,1,30,,9903,2,0,39 40 41,1,70,,2353,2,0,39 40 41,1,30,,9907,2,0,39 40 41,1,70,,9906,2,0,39 40 41,1,30,,9904,2,0,39 40 41,1,70,,9890,2,0,39 40 41,1,30,,9892,2,0,39 40 41,1,70,,9902,2,0,39 40 41,1,30,,9910,2,0,39 40 41,1,70,,9894,2,0,39 40 41,1,30,,9899,2,0,39 40 41,1,70,,9901,2,0,39 40 41,1,30,,9898,2,0,39 40 41,1,70,,9896,2,0,39 40 41,1,30,,9908,2,0,39 40 41,1,70,,9891,2,0,39 40 41,1,30,,9897,2,0,39 40 41,1,70,,9909,2,0,39 40 41,1
30400,'17',701,,9921,2,0,39 40 41,1,30,,9926,2,0,39 40 41,1,70,,9916,2,0,39 40 41,1,30,,2065,2,0,39 40 41,1,70,,9914,2,0,39 40 41,1,30,,9924,2,0,39 40 41,1,70,,2378,2,0,39 40 41,1,30,,9928,2,0,39 40 41,1,70,,9927,2,0,39 40 41,1,30,,9925,2,0,39 40 41,1,70,,9911,2,0,39 40 41,1,30,,9913,2,0,39 40 41,1,70,,9923,2,0,39 40 41,1,30,,9931,2,0,39 40 41,1,70,,9915,2,0,39 40 41,1,30,,9920,2,0,39 40 41,1,70,,9922,2,0,39 40 41,1,30,,9919,2,0,39 40 41,1,70,,9917,2,0,39 40 41,1,30,,9929,2,0,39 40 41,1,70,,9912,2,0,39 40 41,1,30,,9918,2,0,39 40 41,1,70,,9930,2,0,39 40 41,1
30400,'19',701,,9942,2,0,39 40 41,1,30,,9948,2,0,39 40 41,1,70,,9937,2,0,39 40 41,1,30,,9935,2,0,39 40 41,1,70,,9934,2,0,39 40 41,1,30,,9946,2,0,39 40 41,1,70,,9944,2,0,39 40 41,1,30,,9950,2,0,39 40 41,1,70,,9949,2,0,39 40 41,1,30,,9947,2,0,39 40 41,1,70,,9932,2,0,39 40 41,1,30,,9933,2,0,39 40 41,1,70,,9945,2,0,39 40 41,1,30,,9953,2,0,39 40 41,1,70,,9936,2,0,39 40 41,1,30,,9941,2,0,39 40 41,1,70,,9943,2,0,39 40 41,1,30,,9940,2,0,39 40 41,1,70,,9938,2,0,39 40 41,1,30,,9951,2,0,39 40 41,1,70,,6870,2,0,39 40 41,1,30,,9939,2,0,39 40 41,1,70,,9952,2,0,39 40 41,1
30400,'5',701,,9964,2,0,39 40 41,1,30,,9969,2,0,39 40 41,1,70,,9959,2,0,39 40 41,1,30,,2091,2,0,39 40 41,1,70,,9957,2,0,39 40 41,1,30,,9967,2,0,39 40 41,1,70,,2403,2,0,39 40 41,1,30,,9971,2,0,39 40 41,1,70,,9970,2,0,39 40 41,1,30,,9968,2,0,39 40 41,1,70,,9954,2,0,39 40 41,1,30,,9956,2,0,39 40 41,1,70,,9966,2,0,39 40 41,1,30,,9974,2,0,39 40 41,1,70,,9958,2,0,39 40 41,1,30,,9963,2,0,39 40 41,1,70,,9965,2,0,39 40 41,1,30,,9962,2,0,39 40 41,1,70,,9960,2,0,39 40 41,1,30,,9972,2,0,39 40 41,1,70,,9955,2,0,39 40 41,1,30,,9961,2,0,39 40 41,1,70,,9973,2,0,39 40 41,1
30400,'6',701,,9986,2,0,39 40 41,1,30,,9992,2,0,39 40 41,1,70,,9981,2,0,39 40 41,1,30,,9979,2,0,39 40 41,1,70,,9978,2,0,39 40 41,1,30,,9990,2,0,39 40 41,1,70,,9988,2,0,39 40 41,1,30,,9994,2,0,39 40 41,1,70,,9993,2,0,39 40 41,1,30,,9991,2,0,39 40 41,1,70,,9975,2,0,39 40 41,1,30,,9977,2,0,39 40 41,1,70,,9989,2,0,39 40 41,1,30,,9997,2,0,39 40 41,1,70,,9980,2,0,39 40 41,1,30,,9985,2,0,39 40 41,1,70,,9987,2,0,39 40 41,1,30,,9984,2,0,39 40 41,1,70,,9982,2,0,39 40 41,1,30,,9995,2,0,39 40 41,1,70,,9976,2,0,39 40 41,1,30,,9983,2,0,39 40 41,1,70,,9996,2,0,39 40 41,1
31100,'15',616,,11735,2,0,43 44,1,30,,11726,2,0,43 44,1,70,,11714,2,0,43 44,1,30,,11725,2,0,43 44,1,70,,11719,2,0,43 44,1,30,,11723,2,0,43 44,1,70,,11718,2,0,43 44,1,30,,11720,2,0,43 44,1,70,,11722,2,0,43 44,1,30,,11730,2,0,43 44,1,70,,11729,2,0,43 44,1,30,,11715,2,0,43 44,1,70,,11731,2,0,43 44,1,30,,11733,2,0,43 44,1,70,,11724,2,0,43 44,1,30,,11713,2,0,43 44,1,70,,11727,2,0,43 44,1,30,,11721,2,0,43 44,1,70,,11728,2,0,43 44,1,30,,11717,2,0,43 44,1,70,,11732,2,0,43 44,1,30,,11712,2,0,43 44,1,70,,11734,2,0,43 44,1,30,,11716,2,0,43 44,1
31100,'16',616,,11752,2,0,43 44,1,30,,11744,2,0,43 44,1,70,,11737,2,0,43 44,1,30,,3748,2,0,43 44,1,70,,4097,2,0,43 44,1,30,,11742,2,0,43 44,1,70,,11739,2,0,43 44,1,30,,4821,2,0,43 44,1,70,,11741,2,0,43 44,1,30,,11747,2,0,43 44,1,70,,11746,2,0,43 44,1,30,,11738,2,0,43 44,1,70,,11748,2,0,43 44,1,30,,11750,2,0,43 44,1,70,,11743,2,0,43 44,1,30,,1754,2,0,43 44,1,70,,11745,2,0,43 44,1,30,,11740,2,0,43 44,1,70,,4738,2,0,43 44,1,30,,889,2,0,43 44,1,70,,11749,2,0,43 44,1,30,,11736,2,0,43 44,1,70,,11751,2,0,43 44,1,30,,2340,2,0,43 44,1
31100,'17',616,,11768,2,0,43 44,1,30,,11759,2,0,43 44,1,70,,11754,2,0,43 44,1,30,,3772,2,0,43 44,1,70,,4112,2,0,43 44,1,30,,11758,2,0,43 44,1,70,,11756,2,0,43 44,1,30,,4845,2,0,43 44,1,70,,5105,2,0,43 44,1,30,,11763,2,0,43 44,1,70,,11762,2,0,43 44,1,30,,11755,2,0,43 44,1,70,,11764,2,0,43 44,1,30,,11766,2,0,43 44,1,70,,3204,2,0,43 44,1,30,,1777,2,0,43 44,1,70,,11760,2,0,43 44,1,30,,11757,2,0,43 44,1,70,,11761,2,0,43 44,1,30,,914,2,0,43 44,1,70,,11765,2,0,43 44,1,30,,11753,2,0,43 44,1,70,,11767,2,0,43 44,1,30,,2365,2,0,43 44,1
31100,'19',616,,11791,2,0,43 44,1,30,,11783,2,0,43 44,1,70,,11771,2,0,43 44,1,30,,11782,2,0,43 44,1,70,,11776,2,0,43 44,1,30,,11780,2,0,43 44,1,70,,11775,2,0,43 44,1,30,,11777,2,0,43 44,1,70,,11779,2,0,43 44,1,30,,11787,2,0,43 44,1,70,,11786,2,0,43 44,1,30,,11772,2,0,43 44,1,70,,11788,2,0,43 44,1,30,,11790,2,0,43 44,1,70,,11781,2,0,43 44,1,30,,11770,2,0,43 44,1,70,,11784,2,0,43 44,1,30,,11778,2,0,43 44,1,70,,11785,2,0,43 44,1,30,,11774,2,0,43 44,1,70,,11789,2,0,43 44,1,30,,11769,2,0,43 44,1,70,,5356,2,0,43 44,1,30,,11773,2,0,43 44,1
31100,'5',616,,11809,2,0,43 44,1,30,,11800,2,0,43 44,1,70,,11793,2,0,43 44,1,30,,3796,2,0,43 44,1,70,,4142,2,0,43 44,1,30,,11798,2,0,43 44,1,70,,11795,2,0,43 44,1,30,,4868,2,0,43 44,1,70,,11797,2,0,43 44,1,30,,11804,2,0,43 44,1,70,,11803,2,0,43 44,1,30,,11794,2,0,43 44,1,70,,11805,2,0,43 44,1,30,,11807,2,0,43 44,1,70,,11799,2,0,43 44,1,30,,1800,2,0,43 44,1,70,,11801,2,0,43 44,1,30,,11796,2,0,43 44,1,70,,11802,2,0,43 44,1,30,,939,2,0,43 44,1,70,,11806,2,0,43 44,1,30,,11792,2,0,43 44,1,70,,11808,2,0,43 44,1,30,,2390,2,0,43 44,1
31100,'6',616,,11833,2,0,43 44,1,30,,11824,2,0,43 44,1,70,,11812,2,0,43 44,1,30,,11823,2,0,43 44,1,70,,11817,2,0,43 44,1,30,,11821,2,0,43 44,1,70,,11816,2,0,43 44,1,30,,11818,2,0,43 44,1,70,,11820,2,0,43 44,1,30,,11828,2,0,43 44,1,70,,11827,2,0,43 44,1,30,,11813,2,0,43 44,1,70,,11829,2,0,43 44,1,30,,11831,2,0,43 44,1,70,,11822,2,0,43 44,1,30,,11811,2,0,43 44,1,70,,11825,2,0,43 44,1,30,,11819,2,0,43 44,1,70,,11826,2,0,43 44,1,30,,11815,2,0,43 44,1,70,,11830,2,0,43 44,1,30,,11810,2,0,43 44,1,70,,11832,2,0,43 44,1,30,,11814,2,0,43 44,1
40400,'1',1116,,2871,2,0,39 40 42 18,1,100,,17450,2,0,39 40 42 18,1,100,,1943,2,0,39 40 42 18,1,100,,17448,2,0,39 40 42 18,1,100,,17449,2,0,39 40 42 18,1,100,,17447,2,0,39 40 42 18,1,100,,1942,2,0,39 40 42 18,1
40400,'10',616,,17467,2,0,39 40 42 18,1,30,,17476,2,0,39 40 42 18,1,70,,17465,2,0,39 40 42 18,1,30,,17475,2,0,39 40 42 18,1,70,,17480,2,0,39 40 42 18,1,30,,17470,2,0,39 40 42 18,1,70,,17469,2,0,39 40 42 18,1,30,,17464,2,0,39 40 42 18,1,70,,17468,2,0,39 40 42 18,1,30,,17455,2,0,39 40 42 18,1,70,,17461,2,0,39 40 42 18,1,30,,17473,2,0,39 40 42 18,1,70,,17456,2,0,39 40 42 18,1,30,,17466,2,0,39 40 42 18,1,70,,17472,2,0,39 40 42 18,1,30,,17451,2,0,39 40 42 18,1,70,,17471,2,0,39 40 42 18,1,30,,17462,2,0,39 40 42 18,1,70,,17479,2,0,39 40 42 18,1,30,,17460,2,0,39 40 42 18,1,70,,17477,2,0,39 40 42 18,1,30,,17459,2,0,39 40 42 18,1,70,,17478,2,0,39 40 42 18,1,30,,17463,2,0,39 40 42 18,1,70,,17453,2,0,39 40 42 18,1,100,,17454,2,0,39 40 42 18,1,100,,17474,2,0,39 40 42 18,1,100,,17458,2,0,39 40 42 18,1,100,,17457,2,0,39 40 42 18,1,100,,17452,2,0,39 40 42 18,1
40400,'12',916,,17482,2,0,39 40 42 18,1,100,,6680,2,0,39 40 42 18,1,30,,17490,2,0,39 40 42 18,1,70,,17483,2,0,39 40 42 18,1,30,,17496,2,0,39 40 42 18,1,70,,5946,2,0,39 40 42 18,1,30,,17484,2,0,39 40 42 18,1,70,,17487,2,0,39 40 42 18,1,30,,17495,2,0,39 40 42 18,1,70,,17488,2,0,39 40 42 18,1,30,,17494,2,0,39 40 42 18,1,70,,8622,2,0,39 40 42 18,1,30,,17491,2,0,39 40 42 18,1,70,,17489,2,0,39 40 42 18,1,30,,17486,2,0,39 40 42 18,1,70,,17493,2,0,39 40 42 18,1,30,,17492,2,0,39 40 42 18,1,70,,17485,2,0,39 40 42 18,1,100,,17481,2,0,39 40 42 18,1
40400,'15',1816,,17497,2,0,39 40 42 18,1,100,,17502,2,0,39 40 42 18,1,100,,17501,2,0,39 40 42 18,1,100,,17500,2,0,39 40 42 18,1,100,,17498,2,0,39 40 42 18,1,100,,17499,2,0,39 40 42 18,1
40400,'16',1816,,1752,2,0,39 40 42 18,1,100,,17507,2,0,39 40 42 18,1,100,,17506,2,0,39 40 42 18,1,100,,17505,2,0,39 40 42 18,1,100,,17503,2,0,39 40 42 18,1,100,,17504,2,0,39 40 42 18,1
40400,'17',1816,,1775,2,0,39 40 42 18,1,100,,17511,2,0,39 40 42 18,1,100,,17510,2,0,39 40 42 18,1,100,,17509,2,0,39 40 42 18,1,100,,17508,2,0,39 40 42 18,1,100,,4257,2,0,39 40 42 18,1
40400,'19',1816,,17512,2,0,39 40 42 18,1,100,,17516,2,0,39 40 42 18,1,100,,8574,2,0,39 40 42 18,1,100,,17515,2,0,39 40 42 18,1,100,,17513,2,0,39 40 42 18,1,100,,17514,2,0,39 40 42 18,1
40400,'21',616,,17531,2,0,39 40 42 18,1,30,,17538,2,0,39 40 42 18,1,70,,6051,2,0,39 40 42 18,1,30,,17537,2,0,39 40 42 18,1,70,,17542,2,0,39 40 42 18,1,30,,6902,2,0,39 40 42 18,1,70,,17532,2,0,39 40 42 18,1,30,,17529,2,0,39 40 42 18,1,70,,5896,2,0,39 40 42 18,1,30,,17521,2,0,39 40 42 18,1,70,,17527,2,0,39 40 42 18,1,30,,17535,2,0,39 40 42 18,1,70,,17522,2,0,39 40 42 18,1,30,,17530,2,0,39 40 42 18,1,70,,17534,2,0,39 40 42 18,1,30,,17517,2,0,39 40 42 18,1,70,,17533,2,0,39 40 42 18,1,30,,6887,2,0,39 40 42 18,1,70,,17541,2,0,39 40 42 18,1,30,,17526,2,0,39 40 42 18,1,70,,17539,2,0,39 40 42 18,1,30,,17525,2,0,39 40 42 18,1,70,,17540,2,0,39 40 42 18,1,30,,17528,2,0,39 40 42 18,1,70,,17519,2,0,39 40 42 18,1,100,,17520,2,0,39 40 42 18,1,100,,17536,2,0,39 40 42 18,1,100,,17524,2,0,39 40 42 18,1,100,,17523,2,0,39 40 42 18,1,100,,17518,2,0,39 40 42 18,1
40400,'5',1816,,1798,2,0,39 40 42 18,1,100,,17547,2,0,39 40 42 18,1,100,,17546,2,0,39 40 42 18,1,100,,17545,2,0,39 40 42 18,1,100,,17543,2,0,39 40 42 18,1,100,,17544,2,0,39 40 42 18,1
40400,'6',1816,,17548,2,0,39 40 42 18,1,100,,17553,2,0,39 40 42 18,1,100,,17552,2,0,39 40 42 18,1,100,,17551,2,0,39 40 42 18,1,100,,17549,2,0,39 40 42 18,1,100,,17550,2,0,39 40 42 18,1
41800,'1',1046,,19598,2,0,45 46 18,1,100,,4702,2,0,45 46 18,1,100,,19601,2,0,45 46 18,1,100,,19599,2,0,45 46 18,1,100,,19596,2,0,45 46 18,1,100,,19600,2,0,45 46 18,1,100,,19595,2,0,45 46 18,1,100,,19597,2,0,45 46 18,1
41800,'10',616,,19625,2,0,45 46 18,1,30,,19629,2,0,45 46 18,1,70,,19624,2,0,45 46 18,1,30,,19612,2,0,45 46 18,1,70,,19608,2,0,45 46 18,1,30,,19606,2,0,45 46 18,1,70,,19626,2,0,45 46 18,1,30,,19617,2,0,45 46 18,1,70,,19607,2,0,45 46 18,1,30,,19621,2,0,45 46 18,1,70,,19605,2,0,45 46 18,1,30,,19609,2,0,45 46 18,1,70,,19604,2,0,45 46 18,1,30,,19628,2,0,45 46 18,1,70,,19616,2,0,45 46 18,1,30,,19603,2,0,45 46 18,1,70,,19619,2,0,45 46 18,1,30,,19610,2,0,45 46 18,1,70,,19623,2,0,45 46 18,1,30,,19618,2,0,45 46 18,1,70,,19620,2,0,45 46 18,1,30,,19627,2,0,45 46 18,1,70,,19631,2,0,45 46 18,1,30,,19613,2,0,45 46 18,1,100,,19611,2,0,45 46 18,1,100,,19615,2,0,45 46 18,1,100,,19602,2,0,45 46 18,1,100,,19614,2,0,45 46 18,1,100,,19630,2,0,45 46 18,1,100,,19622,2,0,45 46 18,1
41800,'12',846,,8246,2,0,45 46 18,1,100,,19633,2,0,45 46 18,1,70,,19638,2,0,45 46 18,1,30,,19641,2,0,45 46 18,1,70,,19634,2,0,45 46 18,1,30,,19645,2,0,45 46 18,1,70,,19648,2,0,45 46 18,1,30,,6201,2,0,45 46 18,1,70,,19632,2,0,45 46 18,1,30,,19637,2,0,45 46 18,1,70,,19635,2,0,45 46 18,1,30,,19647,2,0,45 46 18,1,70,,19636,2,0,45 46 18,1,30,,19640,2,0,45 46 18,1,70,,19639,2,0,45 46 18,1,30,,19646,2,0,45 46 18,1,70,,19643,2,0,45 46 18,1,30,,19644,2,0,45 46 18,1,100,,19642,2,0,45 46 18,1,100,,19649,2,0,45 46 18,1
41800,'15',1846,,19652,2,0,45 46 18,1,100,,19654,2,0,45 46 18,1,100,,19651,2,0,45 46 18,1,100,,19653,2,0,45 46 18,1,100,,19650,2,0,45 46 18,1,100,,19655,2,0,45 46 18,1
41800,'16',1846,,19657,2,0,45 46 18,1,100,,19659,2,0,45 46 18,1,100,,3143,2,0,45 46 18,1,100,,19658,2,0,45 46 18,1,100,,19656,2,0,45 46 18,1,100,,19660,2,0,45 46 18,1
41800,'17',1846,,19662,2,0,45 46 18,1,100,,19664,2,0,45 46 18,1,100,,3194,2,0,45 46 18,1,100,,19663,2,0,45 46 18,1,100,,19661,2,0,45 46 18,1,100,,19665,2,0,45 46 18,1
41800,'19',1846,,19668,2,0,45 46 18,1,100,,19670,2,0,45 46 18,1,100,,19667,2,0,45 46 18,1,100,,19669,2,0,45 46 18,1,100,,19666,2,0,45 46 18,1,100,,19671,2,0,45 46 18,1
41800,'21',616,,19692,2,0,45 46 18,1,30,,19696,2,0,45 46 18,1,70,,19691,2,0,45 46 18,1,30,,19680,2,0,45 46 18,1,70,,4127,2,0,45 46 18,1,30,,19675,2,0,45 46 18,1,70,,19693,2,0,45 46 18,1,30,,19685,2,0,45 46 18,1,70,,19676,2,0,45 46 18,1,30,,19688,2,0,45 46 18,1,70,,19674,2,0,45 46 18,1,30,,19677,2,0,45 46 18,1,70,,19673,2,0,45 46 18,1,30,,19695,2,0,45 46 18,1,70,,19684,2,0,45 46 18,1,30,,8810,2,0,45 46 18,1,70,,19686,2,0,45 46 18,1,30,,19678,2,0,45 46 18,1,70,,19690,2,0,45 46 18,1,30,,8091,2,0,45 46 18,1,70,,19687,2,0,45 46 18,1,30,,19694,2,0,45 46 18,1,70,,19698,2,0,45 46 18,1,30,,19681,2,0,45 46 18,1,100,,19679,2,0,45 46 18,1,100,,19683,2,0,45 46 18,1,100,,19672,2,0,45 46 18,1,100,,19682,2,0,45 46 18,1,100,,19697,2,0,45 46 18,1,100,,19689,2,0,45 46 18,1
41800,'5',1846,,19700,2,0,45 46 18,1,100,,19702,2,0,45 46 18,1,100,,3266,2,0,45 46 18,1,100,,19701,2,0,45 46 18,1,100,,19699,2,0,45 46 18,1,100,,19703,2,0,45 46 18,1
41800,'6',1846,,19706,2,0,45 46 18,1,100,,19708,2,0,45 46 18,1,100,,19705,2,0,45 46 18,1,100,,19707,2,0,45 46 18,1,100,,19704,2,0,45 46 18,1,100,,19709,2,0,45 46 18,1
