30401,'15',644,,10002,15,0,49,1,70,,9998,15,0,49,1,30,,9999,15,0,49,1,70,,10015,15,0,49,1,30,,10000,15,0,49,1,70,,10021,15,0,49,1,30,,10005,15,0,49,1,70,,10013,15,0,49,1,30,,10008,15,0,49,1,70,,10022,15,0,49,1,30,,10009,15,0,49,1,70,,10016,15,0,49,1,30,,10012,15,0,49,1,70,,10010,15,0,49,1,30,,10004,15,0,49,1,71,,10001,15,0,49,1,30,,10018,15,0,49,1,70,,10006,15,0,49,1,30,,10020,15,0,49,1,70,,10014,15,0,49,1,30,,10003,15,0,49,1,70,,10019,15,0,49,1,30,,10007,15,0,49,1,70,,10017,15,0,49,1,30,,10011,15,0,49,1
30401,'16',644,,1663,15,0,49,1,70,,10023,15,0,49,1,30,,10024,15,0,49,1,70,,10037,15,0,49,1,30,,10025,15,0,49,1,70,,10043,15,0,49,1,30,,10028,15,0,49,1,70,,10035,15,0,49,1,30,,1291,15,0,49,1,70,,10044,15,0,49,1,30,,10031,15,0,49,1,70,,10038,15,0,49,1,30,,10034,15,0,49,1,70,,10032,15,0,49,1,30,,10027,15,0,49,1,71,,10026,15,0,49,1,30,,10040,15,0,49,1,70,,10029,15,0,49,1,30,,10042,15,0,49,1,70,,10036,15,0,49,1,30,,244,15,0,49,1,70,,10041,15,0,49,1,30,,10030,15,0,49,1,70,,10039,15,0,49,1,30,,10033,15,0,49,1
30401,'17',644,,1686,15,0,49,1,70,,10045,15,0,49,1,30,,10046,15,0,49,1,70,,10059,15,0,49,1,30,,10047,15,0,49,1,70,,10065,15,0,49,1,30,,10050,15,0,49,1,70,,10057,15,0,49,1,30,,1316,15,0,49,1,70,,10066,15,0,49,1,30,,10053,15,0,49,1,70,,10060,15,0,49,1,30,,10056,15,0,49,1,70,,10054,15,0,49,1,30,,10049,15,0,49,1,71,,10048,15,0,49,1,30,,10062,15,0,49,1,70,,10051,15,0,49,1,30,,10064,15,0,49,1,70,,10058,15,0,49,1,30,,294,15,0,49,1,70,,10063,15,0,49,1,30,,10052,15,0,49,1,70,,10061,15,0,49,1,30,,10055,15,0,49,1
30401,'19',644,,10071,15,0,49,1,70,,10067,15,0,49,1,30,,10068,15,0,49,1,70,,10084,15,0,49,1,30,,10069,15,0,49,1,70,,10090,15,0,49,1,30,,10074,15,0,49,1,70,,10082,15,0,49,1,30,,10077,15,0,49,1,70,,10091,15,0,49,1,30,,10078,15,0,49,1,70,,10085,15,0,49,1,30,,10081,15,0,49,1,70,,10079,15,0,49,1,30,,10073,15,0,49,1,71,,10070,15,0,49,1,30,,10087,15,0,49,1,70,,10075,15,0,49,1,30,,10089,15,0,49,1,70,,10083,15,0,49,1,30,,10072,15,0,49,1,70,,10088,15,0,49,1,30,,10076,15,0,49,1,70,,10086,15,0,49,1,30,,10080,15,0,49,1
30401,'5',644,,1709,15,0,49,1,70,,10092,15,0,49,1,30,,10093,15,0,49,1,70,,10106,15,0,49,1,30,,10094,15,0,49,1,70,,10112,15,0,49,1,30,,10097,15,0,49,1,70,,10104,15,0,49,1,30,,1341,15,0,49,1,70,,10113,15,0,49,1,30,,10100,15,0,49,1,70,,10107,15,0,49,1,30,,10103,15,0,49,1,70,,10101,15,0,49,1,30,,10096,15,0,49,1,71,,10095,15,0,49,1,30,,10109,15,0,49,1,70,,10098,15,0,49,1,30,,10111,15,0,49,1,70,,10105,15,0,49,1,30,,344,15,0,49,1,70,,10110,15,0,49,1,30,,10099,15,0,49,1,70,,10108,15,0,49,1,30,,10102,15,0,49,1
30401,'6',644,,10118,15,0,49,1,70,,10114,15,0,49,1,30,,10115,15,0,49,1,70,,10131,15,0,49,1,30,,10116,15,0,49,1,70,,10137,15,0,49,1,30,,10121,15,0,49,1,70,,10129,15,0,49,1,30,,10124,15,0,49,1,70,,10138,15,0,49,1,30,,10125,15,0,49,1,70,,10132,15,0,49,1,30,,10128,15,0,49,1,70,,10126,15,0,49,1,30,,10120,15,0,49,1,71,,10117,15,0,49,1,30,,10134,15,0,49,1,70,,10122,15,0,49,1,30,,10136,15,0,49,1,70,,10130,15,0,49,1,30,,10119,15,0,49,1,70,,10135,15,0,49,1,30,,10123,15,0,49,1,70,,10133,15,0,49,1,30,,10127,15,0,49,1
40401,'1',1107,,17558,15,0,39 51,1,100,,17560,15,0,39 51,1,100,,872,15,0,39 51,1,100,,17556,15,0,39 51,1,100,,17557,15,0,39 51,1,100,,17554,15,0,39 51,1,100,,17555,15,0,39 51,1,100,,17559,15,0,39 51,1
40401,'10',706,,17565,15,0,39 51,1,30,,17572,15,0,39 51,1,70,,17579,15,0,39 51,1,30,,17564,15,0,39 51,1,70,,17586,15,0,39 51,1,30,,17581,15,0,39 51,1,70,,17577,15,0,39 51,1,31,,17580,15,0,39 51,1,70,,17574,15,0,39 51,1,30,,17568,15,0,39 51,1,70,,17585,15,0,39 51,1,30,,17567,15,0,39 51,1,70,,17562,15,0,39 51,1,30,,17571,15,0,39 51,1,70,,17588,15,0,39 51,1,30,,17583,15,0,39 51,1,70,,17584,15,0,39 51,1,30,,17576,15,0,39 51,1,70,,17566,15,0,39 51,1,30,,17587,15,0,39 51,1,70,,17575,15,0,39 51,1,30,,17561,15,0,39 51,1,70,,17569,15,0,39 51,1,30,,17563,15,0,39 51,1,70,,17570,15,0,39 51,1,99,,17582,15,0,39 51,1,100,,17589,15,0,39 51,1,100,,17578,15,0,39 51,1,100,,17573,15,0,39 51,1
40401,'12',906,,17607,15,0,39 51,1,100,,17593,15,0,39 51,1,31,,17592,15,0,39 51,1,70,,17599,15,0,39 51,1,30,,17600,15,0,39 51,1,70,,17596,15,0,39 51,1,30,,17603,15,0,39 51,1,70,,17590,15,0,39 51,1,30,,17594,15,0,39 51,1,70,,17602,15,0,39 51,1,30,,17605,15,0,39 51,1,70,,17606,15,0,39 51,1,30,,8614,15,0,39 51,1,70,,17597,15,0,39 51,1,30,,17595,15,0,39 51,1,70,,17601,15,0,39 51,1,30,,17608,15,0,39 51,1,70,,17598,15,0,39 51,1,100,,17604,15,0,39 51,1,99,,17591,15,0,39 51,1
40401,'15',1907,,17612,15,0,39 51,1,99,,17613,15,0,39 51,1,100,,17611,15,0,39 51,1,100,,17609,15,0,39 51,1,100,,17610,15,0,39 51,1
40401,'16',1907,,17617,15,0,39 51,1,99,,17618,15,0,39 51,1,100,,17616,15,0,39 51,1,100,,17614,15,0,39 51,1,100,,17615,15,0,39 51,1
40401,'17',1907,,17622,15,0,39 51,1,99,,17623,15,0,39 51,1,100,,17621,15,0,39 51,1,100,,17619,15,0,39 51,1,100,,17620,15,0,39 51,1
40401,'19',1907,,17627,15,0,39 51,1,99,,17628,15,0,39 51,1,100,,17626,15,0,39 51,1,100,,17624,15,0,39 51,1,100,,17625,15,0,39 51,1
40401,'21',706,,17633,15,0,39 51,1,30,,17640,15,0,39 51,1,70,,17645,15,0,39 51,1,30,,17632,15,0,39 51,1,70,,17652,15,0,39 51,1,30,,17647,15,0,39 51,1,70,,17643,15,0,39 51,1,31,,17646,15,0,39 51,1,70,,17642,15,0,39 51,1,30,,17636,15,0,39 51,1,70,,17651,15,0,39 51,1,30,,17635,15,0,39 51,1,70,,17630,15,0,39 51,1,30,,17639,15,0,39 51,1,70,,17654,15,0,39 51,1,30,,17649,15,0,39 51,1,70,,17650,15,0,39 51,1,30,,7163,15,0,39 51,1,70,,17634,15,0,39 51,1,30,,17653,15,0,39 51,1,70,,4132,15,0,39 51,1,30,,17629,15,0,39 51,1,70,,17637,15,0,39 51,1,30,,17631,15,0,39 51,1,70,,17638,15,0,39 51,1,99,,17648,15,0,39 51,1,100,,17655,15,0,39 51,1,100,,17644,15,0,39 51,1,100,,17641,15,0,39 51,1
40401,'5',1907,,17659,15,0,39 51,1,99,,17660,15,0,39 51,1,100,,17658,15,0,39 51,1,100,,17656,15,0,39 51,1,100,,17657,15,0,39 51,1
40401,'6',1907,,17664,15,0,39 51,1,99,,17665,15,0,39 51,1,100,,17663,15,0,39 51,1,100,,17661,15,0,39 51,1,100,,17662,15,0,39 51,1
