30501,'1',635,,22127,40,0,27,1,70,,22131,40,0,27,1,30,,22140,40,0,27,1,70,,22135,40,0,27,1,30,,22142,40,0,27,1,70,,22137,40,0,27,1,30,,22130,40,0,27,1,70,,22126,40,0,27,1,30,,22123,40,0,27,1,70,,22125,40,0,27,1,30,,22143,40,0,27,1,70,,22138,40,0,27,1,30,,22139,40,0,27,1,70,,22136,40,0,27,1,30,,22122,40,0,27,1,70,,22134,40,0,27,1,30,,22120,40,0,27,1,70,,22132,40,0,27,1,30,,22128,40,0,27,1,70,,22133,40,0,27,1,30,,22119,40,0,27,1,70,,22124,40,0,27,1,30,,22141,40,0,27,1,70,,22121,40,0,27,1
30501,'10',635,,22152,40,0,27,1,70,,22156,40,0,27,1,30,,19274,40,0,27,1,70,,22160,40,0,27,1,30,,22166,40,0,27,1,70,,22162,40,0,27,1,30,,22155,40,0,27,1,70,,22151,40,0,27,1,30,,22148,40,0,27,1,70,,22150,40,0,27,1,30,,8704,40,0,27,1,70,,22163,40,0,27,1,30,,22164,40,0,27,1,70,,22161,40,0,27,1,30,,22147,40,0,27,1,70,,22159,40,0,27,1,30,,22145,40,0,27,1,70,,22157,40,0,27,1,30,,22153,40,0,27,1,70,,22158,40,0,27,1,30,,22144,40,0,27,1,70,,22149,40,0,27,1,30,,22165,40,0,27,1,70,,22146,40,0,27,1
30501,'3',635,,22174,40,0,27,1,70,,22178,40,0,27,1,30,,19345,40,0,27,1,70,,22182,40,0,27,1,30,,22188,40,0,27,1,70,,22184,40,0,27,1,30,,22177,40,0,27,1,70,,22173,40,0,27,1,30,,14529,40,0,27,1,70,,22172,40,0,27,1,30,,8724,40,0,27,1,70,,22185,40,0,27,1,30,,22186,40,0,27,1,70,,22183,40,0,27,1,30,,22170,40,0,27,1,70,,22181,40,0,27,1,30,,22168,40,0,27,1,70,,22179,40,0,27,1,30,,22175,40,0,27,1,70,,22180,40,0,27,1,30,,22167,40,0,27,1,70,,22171,40,0,27,1,30,,22187,40,0,27,1,70,,22169,40,0,27,1
30801,'1',650,,22516,37,0,64 38,1,70,,22519,37,0,64 38,1,30,,22527,37,0,64 38,1,70,,22520,37,0,64 38,1,30,,22525,37,0,64 38,1,70,,22518,37,0,64 38,1,30,,17000,37,0,64 38,1,70,,22512,37,0,64 38,1,30,,22510,37,0,64 38,1,70,,22522,37,0,64 38,1,30,,22509,37,0,64 38,1,70,,22511,37,0,64 38,1,30,,22508,37,0,64 38,1,70,,22514,37,0,64 38,1,30,,22526,37,0,64 38,1,70,,16354,37,0,64 38,1,80,,22523,37,0,64 38,1,30,,22521,37,0,64 38,1,70,,22513,37,0,64 38,1,30,,22515,37,0,64 38,1,70,,17448,37,0,64 38,1,30,,22524,37,0,64 38,1,70,,22517,37,0,64 38,1
30801,'10',650,,12599,37,0,64 38,1,70,,22541,37,0,64 38,1,30,,22547,37,0,64 38,1,70,,22542,37,0,64 38,1,30,,13126,37,0,64 38,1,70,,22540,37,0,64 38,1,30,,22533,37,0,64 38,1,70,,22534,37,0,64 38,1,30,,22531,37,0,64 38,1,70,,22543,37,0,64 38,1,30,,22530,37,0,64 38,1,70,,22532,37,0,64 38,1,30,,22528,37,0,64 38,1,70,,22536,37,0,64 38,1,30,,22546,37,0,64 38,1,70,,22529,37,0,64 38,1,80,,22544,37,0,64 38,1,30,,11497,37,0,64 38,1,70,,22535,37,0,64 38,1,30,,22537,37,0,64 38,1,70,,22538,37,0,64 38,1,30,,22545,37,0,64 38,1,70,,22539,37,0,64 38,1
30801,'3',650,,12639,37,0,64 38,1,70,,22559,37,0,64 38,1,30,,22565,37,0,64 38,1,70,,22560,37,0,64 38,1,30,,13239,37,0,64 38,1,70,,22558,37,0,64 38,1,30,,22552,37,0,64 38,1,70,,22553,37,0,64 38,1,30,,5726,37,0,64 38,1,70,,22561,37,0,64 38,1,30,,22550,37,0,64 38,1,70,,22551,37,0,64 38,1,30,,22548,37,0,64 38,1,70,,22554,37,0,64 38,1,30,,22564,37,0,64 38,1,70,,22549,37,0,64 38,1,80,,22562,37,0,64 38,1,30,,11539,37,0,64 38,1,70,,14734,37,0,64 38,1,30,,22555,37,0,64 38,1,70,,22556,37,0,64 38,1,30,,22563,37,0,64 38,1,70,,22557,37,0,64 38,1
33700,'1',650,,24480,31,,,1,70,,24458,31,,,1,30,,24455,31,,,1,70,,24435,31,,,1,30,,24465,31,,,1,70,,20866,31,,,1,30,,24442,31,,,1,70,,24443,31,,,1,30,,24450,31,,,1,70,,17894,31,,,1,30,,24439,31,,,1,70,,24471,31,,,1,30,,24446,31,,,1,70,,24466,31,,,1,30,,24460,31,,,1,70,,24438,31,,,1,30,,24468,31,,,1,70,,24456,31,,,1,30,,24447,31,,,1,70,,3825,31,,,1,30,,24461,31,,,1,70,,24457,31,,,1,30,,16998,31,,,1,70,,24476,31,,,1,30,,24467,31,,,1
33700,'10',650,,24521,31,,,1,70,,24500,31,,,1,30,,24497,31,,,1,70,,13760,31,,,1,30,,24507,31,,,1,70,,24501,31,,,1,30,,12779,31,,,1,70,,24487,31,,,1,30,,24492,31,,,1,70,,24481,31,,,1,30,,12594,31,,,1,70,,24513,31,,,1,30,,10705,31,,,1,70,,10842,31,,,1,30,,24502,31,,,1,70,,24483,31,,,1,30,,24510,31,,,1,70,,24498,31,,,1,30,,24489,31,,,1,70,,24508,31,,,1,30,,24503,31,,,1,70,,24499,31,,,1,30,,24484,31,,,1,70,,12032,31,,,1,30,,24509,31,,,1
33700,'11',1150,,24542,31,,,1,70,,15017,31,,,1,30,,24522,31,,,1,70,,21080,31,,,1,30,,24530,31,,,1,70,,9671,31,,,1,30,,24535,31,,,1,70,,24524,31,,,1,30,,24534,31,,,1,70,,24532,31,,,1,30,,24536,31,,,1,70,,24528,31,,,1,30,,24537,31,,,1,70,,15829,31,,,1,30,,13523,31,,,1
33700,'13',720,,24567,31,,,1,30,,24581,31,,,1,70,,24568,31,,,1,30,,24560,31,,,1,70,,24586,31,,,1,30,,24564,31,,,1,70,,24547,31,,,1,30,,24580,31,,,1,70,,24546,31,,,1,30,,24550,31,,,1,70,,24582,31,,,1,30,,24572,31,,,1,70,,24573,31,,,1,30,,24544,31,,,1,70,,24583,31,,,1,30,,24555,31,,,1,70,,24575,31,,,1,30,,24561,31,,,1,70,,24549,31,,,1,30,,24577,31,,,1,70,,24553,31,,,1,30,,24579,31,,,1,70,,24587,31,,,1,30,,24570,31,,,1,70,,24545,31,,,1
33700,'3',650,,24627,31,,,1,70,,24607,31,,,1,30,,24604,31,,,1,70,,13808,31,,,1,30,,24614,31,,,1,70,,24608,31,,,1,30,,24595,31,,,1,70,,24596,31,,,1,30,,24600,31,,,1,70,,24589,31,,,1,30,,12635,31,,,1,70,,24620,31,,,1,30,,10747,31,,,1,70,,3284,31,,,1,30,,24609,31,,,1,70,,24591,31,,,1,30,,24617,31,,,1,70,,24605,31,,,1,30,,9566,31,,,1,70,,24615,31,,,1,30,,24610,31,,,1,70,,24606,31,,,1,30,,24592,31,,,1,70,,4560,31,,,1,30,,24616,31,,,1
33700,'8',1150,,24654,31,,,1,70,,24632,31,,,1,30,,24628,31,,,1,70,,24649,31,,,1,30,,24637,31,,,1,70,,24639,31,,,1,30,,24645,31,,,1,70,,24631,31,,,1,30,,24644,31,,,1,70,,24642,31,,,1,30,,24646,31,,,1,70,,24635,31,,,1,30,,17098,31,,,1,70,,24641,31,,,1,30,,24655,31,,,1
40801,'1',1835,,25731,37,0,64 38,1,98,,25728,37,0,64 38,1,100,,25729,37,0,64 38,1,100,,25730,37,0,64 38,1,100,,25727,37,0,64 38,1,100,,25726,37,0,64 38,1
40801,'10',1835,,11368,37,0,64 38,1,98,,11630,37,0,64 38,1,100,,4970,37,0,64 38,1,100,,25733,37,0,64 38,1,100,,4764,37,0,64 38,1,100,,25732,37,0,64 38,1
40801,'11',935,,25749,37,0,64 38,1,100,,25744,37,0,64 38,1,70,,25739,37,0,64 38,1,30,,25746,37,0,64 38,1,70,,25748,37,0,64 38,1,30,,20027,37,0,64 38,1,70,,25747,37,0,64 38,1,30,,25751,37,0,64 38,1,70,,25750,37,0,64 38,1,30,,25736,37,0,64 38,1,70,,25745,37,0,64 38,1,30,,25742,37,0,64 38,1,70,,25740,37,0,64 38,1,30,,25743,37,0,64 38,1,70,,25741,37,0,64 38,1,30,,25737,37,0,64 38,1,70,,25734,37,0,64 38,1,30,,25735,37,0,64 38,1,98,,25738,37,0,64 38,1
40801,'13',703,,25768,37,0,64 38,1,32,,25760,37,0,64 38,1,70,,25777,37,0,64 38,1,30,,25771,37,0,64 38,1,70,,25770,37,0,64 38,1,30,,25761,37,0,64 38,1,70,,25772,37,0,64 38,1,30,,25762,37,0,64 38,1,70,,25759,37,0,64 38,1,30,,25775,37,0,64 38,1,70,,25753,37,0,64 38,1,30,,25763,37,0,64 38,1,70,,17992,37,0,64 38,1,30,,25769,37,0,64 38,1,70,,18996,37,0,64 38,1,30,,25766,37,0,64 38,1,70,,25757,37,0,64 38,1,30,,25754,37,0,64 38,1,70,,25755,37,0,64 38,1,30,,25774,37,0,64 38,1,70,,19563,37,0,64 38,1,30,,25758,37,0,64 38,1,70,,25764,37,0,64 38,1,30,,25776,37,0,64 38,1,98,,25767,37,0,64 38,1,100,,25756,37,0,64 38,1,100,,25773,37,0,64 38,1,100,,25765,37,0,64 38,1,100,,25752,37,0,64 38,1
40801,'3',1835,,11415,37,0,64 38,1,98,,11677,37,0,64 38,1,100,,5022,37,0,64 38,1,100,,25779,37,0,64 38,1,100,,4788,37,0,64 38,1,100,,25778,37,0,64 38,1
40801,'8',935,,25793,37,0,64 38,1,100,,25788,37,0,64 38,1,70,,25784,37,0,64 38,1,30,,25790,37,0,64 38,1,70,,25792,37,0,64 38,1,30,,25795,37,0,64 38,1,70,,25791,37,0,64 38,1,30,,25796,37,0,64 38,1,70,,25794,37,0,64 38,1,30,,25782,37,0,64 38,1,70,,25789,37,0,64 38,1,30,,25786,37,0,64 38,1,70,,16437,37,0,64 38,1,30,,25787,37,0,64 38,1,70,,25785,37,0,64 38,1,30,,18175,37,0,64 38,1,70,,25780,37,0,64 38,1,30,,25781,37,0,64 38,1,98,,25783,37,0,64 38,1
41201,'1',1830,,26153,43,,,1,99,,26150,43,,,1,100,,26152,43,,,1,100,,26149,43,,,1,100,,26148,43,,,1,100,,26151,43,,,1
41201,'10',1830,,6707,43,,,1,99,,26155,43,,,1,100,,26157,43,,,1,100,,11224,43,,,1,100,,26154,43,,,1,100,,26156,43,,,1
41201,'11',929,,26169,43,,,1,101,,26160,43,,,1,70,,10071,43,,,1,30,,26163,43,,,1,70,,26158,43,,,1,30,,26164,43,,,1,70,,26159,43,,,1,30,,9547,43,,,1,70,,26167,43,,,1,30,,14514,43,,,1,70,,26162,43,,,1,30,,8073,43,,,1,70,,8486,43,,,1,30,,26165,43,,,1,70,,26161,43,,,1,30,,26170,43,,,1,70,,26168,43,,,1,30,,26171,43,,,1,99,,26166,43,,,1,100,,9809,43,,,1
41201,'13',629,,26182,43,,,1,30,,26175,43,,,1,70,,26173,43,,,1,30,,26184,43,,,1,70,,26174,43,,,1,30,,26190,43,,,1,70,,26181,43,,,1,30,,26191,43,,,1,71,,26188,43,,,1,70,,26176,43,,,1,30,,26185,43,,,1,70,,26186,43,,,1,30,,26187,43,,,1,70,,6486,43,,,1,30,,26172,43,,,1,70,,26180,43,,,1,30,,26196,43,,,1,70,,26197,43,,,1,30,,26183,43,,,1,70,,20043,43,,,1,30,,17155,43,,,1,70,,26194,43,,,1,30,,26192,43,,,1,70,,26193,43,,,1,30,,26178,43,,,1,99,,14310,43,,,1,100,,26179,43,,,1,100,,26195,43,,,1,100,,26189,43,,,1,100,,26177,43,,,1
41201,'3',1830,,6749,43,,,1,99,,26199,43,,,1,100,,26201,43,,,1,100,,11267,43,,,1,100,,26198,43,,,1,100,,26200,43,,,1
41201,'8',929,,26218,43,,,1,101,,26205,43,,,1,70,,26204,43,,,1,30,,26208,43,,,1,70,,26202,43,,,1,30,,26209,43,,,1,70,,26203,43,,,1,30,,26211,43,,,1,70,,26216,43,,,1,30,,26212,43,,,1,70,,26207,43,,,1,30,,26213,43,,,1,70,,26214,43,,,1,30,,26210,43,,,1,70,,26206,43,,,1,30,,26219,43,,,1,70,,26217,43,,,1,30,,26220,43,,,1,99,,18647,43,,,1,100,,26215,43,,,1
43700,'1',1936,,27225,23,,,1,100,,27232,23,,,1,100,,27231,23,,,1,100,,27227,23,,,1,100,,27224,23,,,1
43700,'10',1936,,27235,23,,,1,100,,27242,23,,,1,100,,27241,23,,,1,100,,27237,23,,,1,100,,27234,23,,,1
43700,'13',1936,,17864,23,,,1,100,,27247,23,,,1,100,,27249,23,,,1,100,,27248,23,,,1,100,,17979,23,,,1
43700,'3',1936,,27251,23,,,1,100,,27258,23,,,1,100,,27257,23,,,1,100,,27253,23,,,1,100,,4202,23,,,1
