30900,'15',629,,11181,30,0,23,1,30,,11199,30,0,23,1,71,,11201,30,0,23,1,70,,11185,30,0,23,1,30,,11188,30,0,23,1,70,,11179,30,0,23,1,30,,11194,30,0,23,1,70,,11182,30,0,23,1,31,,11187,30,0,23,1,70,,11190,30,0,23,1,30,,11186,30,0,23,1,70,,11195,30,0,23,1,30,,11183,30,0,23,1,70,,11197,30,0,23,1,30,,11191,30,0,23,1,70,,11198,30,0,23,1,34,,11180,30,0,23,1,70,,11196,30,0,23,1,30,,11200,30,0,23,1,70,,11193,30,0,23,1,30,,11189,30,0,23,1,70,,11192,30,0,23,1,30,,11184,30,0,23,1
30900,'16',629,,11204,30,0,23,1,30,,11220,30,0,23,1,71,,11222,30,0,23,1,70,,11208,30,0,23,1,30,,7321,30,0,23,1,70,,11202,30,0,23,1,30,,11215,30,0,23,1,70,,11205,30,0,23,1,31,,5250,30,0,23,1,70,,11211,30,0,23,1,30,,11209,30,0,23,1,70,,11216,30,0,23,1,30,,11206,30,0,23,1,70,,11218,30,0,23,1,30,,11212,30,0,23,1,70,,11219,30,0,23,1,34,,11203,30,0,23,1,70,,11217,30,0,23,1,30,,11221,30,0,23,1,70,,11214,30,0,23,1,30,,11210,30,0,23,1,70,,11213,30,0,23,1,30,,11207,30,0,23,1
30900,'17',629,,11224,30,0,23,1,30,,11240,30,0,23,1,71,,11242,30,0,23,1,70,,11228,30,0,23,1,30,,7329,30,0,23,1,70,,11223,30,0,23,1,30,,11235,30,0,23,1,70,,11225,30,0,23,1,31,,5300,30,0,23,1,70,,11231,30,0,23,1,30,,11229,30,0,23,1,70,,11236,30,0,23,1,30,,11226,30,0,23,1,70,,11238,30,0,23,1,30,,11232,30,0,23,1,70,,11239,30,0,23,1,34,,3190,30,0,23,1,70,,11237,30,0,23,1,30,,11241,30,0,23,1,70,,11234,30,0,23,1,30,,11230,30,0,23,1,70,,11233,30,0,23,1,30,,11227,30,0,23,1
30900,'19',629,,5331,30,0,23,1,30,,11262,30,0,23,1,71,,11264,30,0,23,1,70,,11248,30,0,23,1,30,,11251,30,0,23,1,70,,11243,30,0,23,1,30,,11257,30,0,23,1,70,,11245,30,0,23,1,31,,11250,30,0,23,1,70,,11253,30,0,23,1,30,,11249,30,0,23,1,70,,11258,30,0,23,1,30,,11246,30,0,23,1,70,,11260,30,0,23,1,30,,11254,30,0,23,1,70,,11261,30,0,23,1,34,,11244,30,0,23,1,70,,11259,30,0,23,1,30,,11263,30,0,23,1,70,,11256,30,0,23,1,30,,11252,30,0,23,1,70,,11255,30,0,23,1,30,,11247,30,0,23,1
30900,'5',629,,11267,30,0,23,1,30,,11282,30,0,23,1,71,,11284,30,0,23,1,70,,11271,30,0,23,1,30,,7372,30,0,23,1,70,,11265,30,0,23,1,30,,11277,30,0,23,1,70,,11268,30,0,23,1,31,,5430,30,0,23,1,70,,11274,30,0,23,1,30,,11272,30,0,23,1,70,,11278,30,0,23,1,30,,11269,30,0,23,1,70,,11280,30,0,23,1,30,,11275,30,0,23,1,70,,11281,30,0,23,1,34,,11266,30,0,23,1,70,,11279,30,0,23,1,30,,11283,30,0,23,1,70,,11276,30,0,23,1,30,,11273,30,0,23,1,70,,5021,30,0,23,1,30,,11270,30,0,23,1
30900,'6',629,,11287,30,0,23,1,30,,11305,30,0,23,1,71,,11307,30,0,23,1,70,,11291,30,0,23,1,30,,11294,30,0,23,1,70,,11285,30,0,23,1,30,,11300,30,0,23,1,70,,11288,30,0,23,1,31,,11293,30,0,23,1,70,,11296,30,0,23,1,30,,11292,30,0,23,1,70,,11301,30,0,23,1,30,,11289,30,0,23,1,70,,11303,30,0,23,1,30,,11297,30,0,23,1,70,,11304,30,0,23,1,34,,11286,30,0,23,1,70,,11302,30,0,23,1,30,,11306,30,0,23,1,70,,11299,30,0,23,1,30,,11295,30,0,23,1,70,,11298,30,0,23,1,30,,11290,30,0,23,1
40900,'1',1105,,18129,30,0,23,1,100,,18131,30,0,23,1,100,,18132,30,0,23,1,100,,18128,30,0,23,1,100,,18135,30,0,23,1,100,,18130,30,0,23,1,100,,18133,30,0,23,1,100,,18134,30,0,23,1
40900,'10',703,,18162,30,0,23,1,30,,18151,30,0,23,1,70,,18154,30,0,23,1,30,,18144,30,0,23,1,70,,18141,30,0,23,1,30,,18146,30,0,23,1,70,,18163,30,0,23,1,32,,18155,30,0,23,1,70,,18149,30,0,23,1,30,,18153,30,0,23,1,70,,18143,30,0,23,1,30,,18160,30,0,23,1,70,,18150,30,0,23,1,30,,18164,30,0,23,1,70,,18147,30,0,23,1,30,,18138,30,0,23,1,70,,18139,30,0,23,1,30,,18148,30,0,23,1,70,,18157,30,0,23,1,30,,18136,30,0,23,1,70,,18161,30,0,23,1,30,,18152,30,0,23,1,70,,18156,30,0,23,1,100,,18145,30,0,23,1,97,,18158,30,0,23,1,100,,18159,30,0,23,1,100,,18142,30,0,23,1,100,,18140,30,0,23,1,100,,18137,30,0,23,1
40900,'12',903,,18172,30,0,23,1,100,,18183,30,0,23,1,32,,18171,30,0,23,1,70,,18175,30,0,23,1,30,,18180,30,0,23,1,70,,18166,30,0,23,1,30,,8796,30,0,23,1,70,,18168,30,0,23,1,30,,18177,30,0,23,1,70,,18176,30,0,23,1,30,,18181,30,0,23,1,70,,18165,30,0,23,1,30,,18178,30,0,23,1,70,,18179,30,0,23,1,30,,18167,30,0,23,1,70,,18173,30,0,23,1,30,,18169,30,0,23,1,70,,18170,30,0,23,1,100,,18174,30,0,23,1,97,,18182,30,0,23,1
40900,'15',1805,,18190,30,0,23,1,100,,18189,30,0,23,1,97,,18184,30,0,23,1,100,,18186,30,0,23,1,100,,18185,30,0,23,1,100,,18188,30,0,23,1,100,,18187,30,0,23,1
40900,'16',1805,,18195,30,0,23,1,100,,18194,30,0,23,1,97,,18191,30,0,23,1,100,,18192,30,0,23,1,100,,1183,30,0,23,1,100,,18193,30,0,23,1,100,,419,30,0,23,1
40900,'17',1805,,18200,30,0,23,1,100,,18199,30,0,23,1,97,,18196,30,0,23,1,100,,18197,30,0,23,1,100,,1207,30,0,23,1,100,,18198,30,0,23,1,100,,442,30,0,23,1
40900,'19',1805,,18207,30,0,23,1,100,,18206,30,0,23,1,97,,18201,30,0,23,1,100,,18203,30,0,23,1,100,,18202,30,0,23,1,100,,18205,30,0,23,1,100,,18204,30,0,23,1
40900,'21',703,,18231,30,0,23,1,30,,7226,30,0,23,1,70,,18223,30,0,23,1,30,,18214,30,0,23,1,70,,18212,30,0,23,1,30,,18216,30,0,23,1,70,,18232,30,0,23,1,32,,18224,30,0,23,1,70,,18219,30,0,23,1,30,,18222,30,0,23,1,70,,7753,30,0,23,1,30,,18229,30,0,23,1,70,,18220,30,0,23,1,30,,18233,30,0,23,1,70,,18217,30,0,23,1,30,,18210,30,0,23,1,70,,18211,30,0,23,1,30,,18218,30,0,23,1,70,,18226,30,0,23,1,30,,18208,30,0,23,1,70,,18230,30,0,23,1,30,,18221,30,0,23,1,70,,18225,30,0,23,1,100,,18215,30,0,23,1,97,,18227,30,0,23,1,100,,18228,30,0,23,1,100,,18213,30,0,23,1,100,,7907,30,0,23,1,100,,18209,30,0,23,1
40900,'5',1805,,18238,30,0,23,1,100,,18237,30,0,23,1,97,,18234,30,0,23,1,100,,18235,30,0,23,1,100,,1231,30,0,23,1,100,,18236,30,0,23,1,100,,465,30,0,23,1
40900,'6',1805,,18245,30,0,23,1,100,,18244,30,0,23,1,97,,18239,30,0,23,1,100,,18241,30,0,23,1,100,,18240,30,0,23,1,100,,18243,30,0,23,1,100,,18242,30,0,23,1
