33700,'1',712,,29420,16,,,1,30,,29421,16,,,1,70,,29422,16,,,1,30,,29433,16,,,1,70,,29426,16,,,1,30,,29405,16,,,1,70,,24694,16,,,1,30,,29414,16,,,1,70,,29432,16,,,1,30,,27193,16,,,1,70,,29400,16,,,1,30,,29431,16,,,1,70,,29410,16,,,1,30,,29440,16,,,1,70,,29428,16,,,1,30,,29408,16,,,1,70,,29402,16,,,1,30,,29399,16,,,1,70,,29413,16,,,1,30,,29429,16,,,1,70,,29430,16,,,1,30,,29439,16,,,1,70,,29411,16,,,1,30,,29441,16,,,1,70,,29435,16,,,1
33700,'11',642,,29459,16,,,1,70,,29485,16,,,1,30,,29471,16,,,1,70,,29456,16,,,1,30,,29444,16,,,1,70,,29466,16,,,1,30,,29476,16,,,1,70,,24144,16,,,1,30,,29470,16,,,1,70,,29457,16,,,1,30,,29455,16,,,1,70,,29447,16,,,1,30,,29443,16,,,1,70,,29452,16,,,1,30,,29469,16,,,1,70,,29446,16,,,1,30,,29477,16,,,1,70,,29453,16,,,1,30,,29475,16,,,1,70,,29451,16,,,1,30,,29479,16,,,1,70,,29478,16,,,1,30,,29473,16,,,1,70,,29468,16,,,1,30,,22778,16,,,1
33700,'12',1112,,29513,16,,,1,30,,29492,16,,,1,70,,29498,16,,,1,30,,29499,16,,,1,70,,29511,16,,,1,30,,29515,16,,,1,70,,25357,16,,,1,30,,29495,16,,,1,70,,29496,16,,,1,30,,29509,16,,,1,70,,29500,16,,,1,30,,29512,16,,,1,70,,29505,16,,,1,30,,29494,16,,,1,70,,29514,16,,,1
33700,'14',712,,29539,16,,,1,30,,29540,16,,,1,70,,29541,16,,,1,30,,29553,16,,,1,70,,29545,16,,,1,30,,29522,16,,,1,70,,29544,16,,,1,30,,29531,16,,,1,70,,29552,16,,,1,30,,29554,16,,,1,70,,29517,16,,,1,30,,29551,16,,,1,70,,29528,16,,,1,30,,29561,16,,,1,70,,29547,16,,,1,30,,29525,16,,,1,70,,29519,16,,,1,30,,29516,16,,,1,70,,20961,16,,,1,30,,29548,16,,,1,70,,29550,16,,,1,30,,29560,16,,,1,70,,29529,16,,,1,30,,29562,16,,,1,70,,29556,16,,,1
33700,'3',642,,29580,16,,,1,70,,29606,16,,,1,30,,29592,16,,,1,70,,29577,16,,,1,30,,29565,16,,,1,70,,29587,16,,,1,30,,29597,16,,,1,70,,24154,16,,,1,30,,29591,16,,,1,70,,29578,16,,,1,30,,29576,16,,,1,70,,29568,16,,,1,30,,29564,16,,,1,70,,29573,16,,,1,30,,29590,16,,,1,70,,29567,16,,,1,30,,29598,16,,,1,70,,29574,16,,,1,30,,29596,16,,,1,70,,29572,16,,,1,30,,29600,16,,,1,70,,29599,16,,,1,30,,29594,16,,,1,70,,29589,16,,,1,30,,22799,16,,,1
33700,'8',1142,,29612,16,,,1,70,,29609,16,,,1,30,,29616,16,,,1,70,,29632,16,,,1,30,,29614,16,,,1,70,,29608,16,,,1,30,,29610,16,,,1,70,,29633,16,,,1,30,,29631,16,,,1,70,,29619,16,,,1,30,,29621,16,,,1,70,,29627,16,,,1,30,,29628,16,,,1,70,,25161,16,,,1,30,,29615,16,,,1
43700,'1',1929,,32644,8,,,1,100,,32648,8,,,1,100,,32651,8,,,1,100,,32645,8,,,1,100,,32650,8,,,1
43700,'11',1929,,32659,8,,,1,100,,32656,8,,,1,100,,32658,8,,,1,100,,32652,8,,,1,100,,32657,8,,,1
43700,'14',1929,,32663,8,,,1,100,,32667,8,,,1,100,,32670,8,,,1,100,,32664,8,,,1,100,,32669,8,,,1
43700,'3',1929,,32678,8,,,1,100,,32675,8,,,1,100,,32677,8,,,1,100,,32671,8,,,1,100,,32676,8,,,1
