31100,'15',621,,11735,11,0,43 44,1,30,,11726,11,0,43 44,1,70,,11714,11,0,43 44,1,30,,11725,11,0,43 44,1,70,,11719,11,0,43 44,1,30,,11723,11,0,43 44,1,70,,11718,11,0,43 44,1,30,,11720,11,0,43 44,1,70,,11722,11,0,43 44,1,30,,11730,11,0,43 44,1,70,,11729,11,0,43 44,1,30,,11715,11,0,43 44,1,70,,11731,11,0,43 44,1,30,,11733,11,0,43 44,1,70,,11724,11,0,43 44,1,30,,11713,11,0,43 44,1,71,,11727,11,0,43 44,1,30,,11721,11,0,43 44,1,70,,11728,11,0,43 44,1,30,,11717,11,0,43 44,1,70,,11732,11,0,43 44,1,30,,11712,11,0,43 44,1,70,,11734,11,0,43 44,1,30,,11716,11,0,43 44,1
31100,'16',621,,11752,11,0,43 44,1,30,,11744,11,0,43 44,1,70,,11737,11,0,43 44,1,30,,3748,11,0,43 44,1,70,,4097,11,0,43 44,1,30,,11742,11,0,43 44,1,70,,11739,11,0,43 44,1,30,,4821,11,0,43 44,1,70,,11741,11,0,43 44,1,30,,11747,11,0,43 44,1,70,,11746,11,0,43 44,1,30,,11738,11,0,43 44,1,70,,11748,11,0,43 44,1,30,,11750,11,0,43 44,1,70,,11743,11,0,43 44,1,30,,1754,11,0,43 44,1,71,,11745,11,0,43 44,1,30,,11740,11,0,43 44,1,70,,4738,11,0,43 44,1,30,,889,11,0,43 44,1,70,,11749,11,0,43 44,1,30,,11736,11,0,43 44,1,70,,11751,11,0,43 44,1,30,,2340,11,0,43 44,1
31100,'17',621,,11768,11,0,43 44,1,30,,11759,11,0,43 44,1,70,,11754,11,0,43 44,1,30,,3772,11,0,43 44,1,70,,4112,11,0,43 44,1,30,,11758,11,0,43 44,1,70,,11756,11,0,43 44,1,30,,4845,11,0,43 44,1,70,,5105,11,0,43 44,1,30,,11763,11,0,43 44,1,70,,11762,11,0,43 44,1,30,,11755,11,0,43 44,1,70,,11764,11,0,43 44,1,30,,11766,11,0,43 44,1,70,,3204,11,0,43 44,1,30,,1777,11,0,43 44,1,71,,11760,11,0,43 44,1,30,,11757,11,0,43 44,1,70,,11761,11,0,43 44,1,30,,914,11,0,43 44,1,70,,11765,11,0,43 44,1,30,,11753,11,0,43 44,1,70,,11767,11,0,43 44,1,30,,2365,11,0,43 44,1
31100,'19',621,,11791,11,0,43 44,1,30,,11783,11,0,43 44,1,70,,11771,11,0,43 44,1,30,,11782,11,0,43 44,1,70,,11776,11,0,43 44,1,30,,11780,11,0,43 44,1,70,,11775,11,0,43 44,1,30,,11777,11,0,43 44,1,70,,11779,11,0,43 44,1,30,,11787,11,0,43 44,1,70,,11786,11,0,43 44,1,30,,11772,11,0,43 44,1,70,,11788,11,0,43 44,1,30,,11790,11,0,43 44,1,70,,11781,11,0,43 44,1,30,,11770,11,0,43 44,1,71,,11784,11,0,43 44,1,30,,11778,11,0,43 44,1,70,,11785,11,0,43 44,1,30,,11774,11,0,43 44,1,70,,11789,11,0,43 44,1,30,,11769,11,0,43 44,1,70,,5356,11,0,43 44,1,30,,11773,11,0,43 44,1
31100,'5',621,,11809,11,0,43 44,1,30,,11800,11,0,43 44,1,70,,11793,11,0,43 44,1,30,,3796,11,0,43 44,1,70,,4142,11,0,43 44,1,30,,11798,11,0,43 44,1,70,,11795,11,0,43 44,1,30,,4868,11,0,43 44,1,70,,11797,11,0,43 44,1,30,,11804,11,0,43 44,1,70,,11803,11,0,43 44,1,30,,11794,11,0,43 44,1,70,,11805,11,0,43 44,1,30,,11807,11,0,43 44,1,70,,11799,11,0,43 44,1,30,,1800,11,0,43 44,1,71,,11801,11,0,43 44,1,30,,11796,11,0,43 44,1,70,,11802,11,0,43 44,1,30,,939,11,0,43 44,1,70,,11806,11,0,43 44,1,30,,11792,11,0,43 44,1,70,,11808,11,0,43 44,1,30,,2390,11,0,43 44,1
31100,'6',621,,11833,11,0,43 44,1,30,,11824,11,0,43 44,1,70,,11812,11,0,43 44,1,30,,11823,11,0,43 44,1,70,,11817,11,0,43 44,1,30,,11821,11,0,43 44,1,70,,11816,11,0,43 44,1,30,,11818,11,0,43 44,1,70,,11820,11,0,43 44,1,30,,11828,11,0,43 44,1,70,,11827,11,0,43 44,1,30,,11813,11,0,43 44,1,70,,11829,11,0,43 44,1,30,,11831,11,0,43 44,1,70,,11822,11,0,43 44,1,30,,11811,11,0,43 44,1,71,,11825,11,0,43 44,1,30,,11819,11,0,43 44,1,70,,11826,11,0,43 44,1,30,,11815,11,0,43 44,1,70,,11830,11,0,43 44,1,30,,11810,11,0,43 44,1,70,,11832,11,0,43 44,1,30,,11814,11,0,43 44,1
31700,'15',619,,13335,9,0,63,1,30,,13324,9,0,63,1,70,,13332,9,0,63,1,30,,13319,9,0,63,1,70,,13317,9,0,63,1,30,,13331,9,0,63,1,70,,13314,9,0,63,1,30,,13326,9,0,63,1,70,,13322,9,0,63,1,30,,13313,9,0,63,1,70,,13334,9,0,63,1,30,,13328,9,0,63,1,70,,13321,9,0,63,1,30,,13336,9,0,63,1,70,,13333,9,0,63,1,30,,13320,9,0,63,1,70,,13325,9,0,63,1,30,,13330,9,0,63,1,70,,13327,9,0,63,1,30,,13316,9,0,63,1,70,,13318,9,0,63,1,30,,13315,9,0,63,1,70,,13323,9,0,63,1,30,,13329,9,0,63,1
31700,'16',619,,13354,9,0,63,1,30,,13345,9,0,63,1,70,,13351,9,0,63,1,30,,13342,9,0,63,1,70,,13340,9,0,63,1,30,,13350,9,0,63,1,70,,13337,9,0,63,1,30,,13346,9,0,63,1,70,,2450,9,0,63,1,30,,4510,9,0,63,1,70,,13353,9,0,63,1,30,,13348,9,0,63,1,70,,13344,9,0,63,1,30,,13355,9,0,63,1,70,,13352,9,0,63,1,30,,13343,9,0,63,1,70,,2920,9,0,63,1,30,,621,9,0,63,1,70,,13347,9,0,63,1,30,,13339,9,0,63,1,70,,13341,9,0,63,1,30,,13338,9,0,63,1,70,,2535,9,0,63,1,30,,13349,9,0,63,1
31700,'17',619,,13372,9,0,63,1,30,,13364,9,0,63,1,70,,13369,9,0,63,1,30,,13361,9,0,63,1,70,,13359,9,0,63,1,30,,13368,9,0,63,1,70,,13356,9,0,63,1,30,,13365,9,0,63,1,70,,2473,9,0,63,1,30,,4520,9,0,63,1,70,,13371,9,0,63,1,30,,4471,9,0,63,1,70,,13363,9,0,63,1,30,,13373,9,0,63,1,70,,13370,9,0,63,1,30,,13362,9,0,63,1,70,,2988,9,0,63,1,30,,645,9,0,63,1,70,,13366,9,0,63,1,30,,13358,9,0,63,1,70,,13360,9,0,63,1,30,,13357,9,0,63,1,70,,2553,9,0,63,1,30,,13367,9,0,63,1
31700,'19',619,,13396,9,0,63,1,30,,13385,9,0,63,1,70,,13393,9,0,63,1,30,,13380,9,0,63,1,70,,13378,9,0,63,1,30,,13392,9,0,63,1,70,,13375,9,0,63,1,30,,13387,9,0,63,1,70,,13383,9,0,63,1,30,,13374,9,0,63,1,70,,13395,9,0,63,1,30,,13389,9,0,63,1,70,,13382,9,0,63,1,30,,13397,9,0,63,1,70,,13394,9,0,63,1,30,,13381,9,0,63,1,70,,13386,9,0,63,1,30,,13391,9,0,63,1,70,,13388,9,0,63,1,30,,13377,9,0,63,1,70,,13379,9,0,63,1,30,,13376,9,0,63,1,70,,13384,9,0,63,1,30,,13390,9,0,63,1
31700,'5',619,,13414,9,0,63,1,30,,13405,9,0,63,1,70,,13411,9,0,63,1,30,,13403,9,0,63,1,70,,13401,9,0,63,1,30,,13410,9,0,63,1,70,,13398,9,0,63,1,30,,13406,9,0,63,1,70,,2496,9,0,63,1,30,,4545,9,0,63,1,70,,13413,9,0,63,1,30,,13408,9,0,63,1,70,,13404,9,0,63,1,30,,13415,9,0,63,1,70,,13412,9,0,63,1,30,,4206,9,0,63,1,70,,3060,9,0,63,1,30,,669,9,0,63,1,70,,13407,9,0,63,1,30,,13400,9,0,63,1,70,,13402,9,0,63,1,30,,13399,9,0,63,1,70,,2571,9,0,63,1,30,,13409,9,0,63,1
31700,'6',619,,13438,9,0,63,1,30,,13427,9,0,63,1,70,,13435,9,0,63,1,30,,13422,9,0,63,1,70,,13420,9,0,63,1,30,,13434,9,0,63,1,70,,13417,9,0,63,1,30,,13429,9,0,63,1,70,,13425,9,0,63,1,30,,13416,9,0,63,1,70,,13437,9,0,63,1,30,,13431,9,0,63,1,70,,13424,9,0,63,1,30,,13439,9,0,63,1,70,,13436,9,0,63,1,30,,13423,9,0,63,1,70,,13428,9,0,63,1,30,,13433,9,0,63,1,70,,13430,9,0,63,1,30,,13419,9,0,63,1,70,,13421,9,0,63,1,30,,13418,9,0,63,1,70,,13426,9,0,63,1,30,,13432,9,0,63,1
41700,'1',1119,,19365,9,0,67,1,100,,19369,9,0,67,1,100,,19367,9,0,67,1,100,,19371,9,0,67,1,100,,19370,9,0,67,1,100,,19366,9,0,67,1,100,,19368,9,0,67,1
41700,'10',619,,19385,9,0,67,1,30,,19397,9,0,67,1,70,,19398,9,0,67,1,30,,19391,9,0,67,1,70,,19395,9,0,67,1,30,,19375,9,0,67,1,70,,19396,9,0,67,1,30,,19394,9,0,67,1,70,,19374,9,0,67,1,30,,19389,9,0,67,1,70,,19376,9,0,67,1,30,,19381,9,0,67,1,70,,19380,9,0,67,1,30,,19373,9,0,67,1,70,,19388,9,0,67,1,30,,19378,9,0,67,1,70,,19382,9,0,67,1,30,,19377,9,0,67,1,70,,19379,9,0,67,1,30,,19400,9,0,67,1,70,,19401,9,0,67,1,30,,19383,9,0,67,1,70,,19386,9,0,67,1,30,,19372,9,0,67,1,70,,19393,9,0,67,1,100,,19384,9,0,67,1,100,,19387,9,0,67,1,100,,19399,9,0,67,1,100,,19390,9,0,67,1,100,,19392,9,0,67,1
41700,'12',919,,19404,9,0,67,1,100,,19413,9,0,67,1,30,,19416,9,0,67,1,70,,19405,9,0,67,1,30,,19407,9,0,67,1,70,,19403,9,0,67,1,30,,19412,9,0,67,1,70,,19406,9,0,67,1,30,,19402,9,0,67,1,70,,19410,9,0,67,1,30,,19418,9,0,67,1,70,,19417,9,0,67,1,30,,19414,9,0,67,1,70,,19419,9,0,67,1,30,,19409,9,0,67,1,70,,19411,9,0,67,1,30,,8620,9,0,67,1,70,,19408,9,0,67,1,100,,19415,9,0,67,1
41700,'15',1819,,19423,9,0,67,1,100,,19424,9,0,67,1,100,,19422,9,0,67,1,100,,19425,9,0,67,1,100,,19421,9,0,67,1,100,,19420,9,0,67,1
41700,'16',1819,,19428,9,0,67,1,100,,19429,9,0,67,1,100,,19427,9,0,67,1,100,,19430,9,0,67,1,100,,19426,9,0,67,1,100,,8450,9,0,67,1
41700,'17',1819,,19433,9,0,67,1,100,,19434,9,0,67,1,100,,19432,9,0,67,1,100,,19435,9,0,67,1,100,,19431,9,0,67,1,100,,8455,9,0,67,1
41700,'19',1819,,19439,9,0,67,1,100,,19440,9,0,67,1,100,,19438,9,0,67,1,100,,19441,9,0,67,1,100,,19437,9,0,67,1,100,,19436,9,0,67,1
41700,'21',619,,19452,9,0,67,1,30,,19463,9,0,67,1,70,,19464,9,0,67,1,30,,19457,9,0,67,1,70,,19461,9,0,67,1,30,,19444,9,0,67,1,70,,19462,9,0,67,1,30,,19460,9,0,67,1,70,,19443,9,0,67,1,30,,19455,9,0,67,1,70,,19445,9,0,67,1,30,,19449,9,0,67,1,70,,19448,9,0,67,1,30,,19442,9,0,67,1,70,,19454,9,0,67,1,30,,19446,9,0,67,1,70,,19450,9,0,67,1,30,,5873,9,0,67,1,70,,19447,9,0,67,1,30,,19466,9,0,67,1,70,,19467,9,0,67,1,30,,7268,9,0,67,1,70,,6407,9,0,67,1,30,,6801,9,0,67,1,70,,19459,9,0,67,1,100,,19451,9,0,67,1,100,,19453,9,0,67,1,100,,19465,9,0,67,1,100,,19456,9,0,67,1,100,,19458,9,0,67,1
41700,'5',1819,,19470,9,0,67,1,100,,19471,9,0,67,1,100,,19469,9,0,67,1,100,,19472,9,0,67,1,100,,19468,9,0,67,1,100,,8460,9,0,67,1
41700,'6',1819,,19476,9,0,67,1,100,,19477,9,0,67,1,100,,19475,9,0,67,1,100,,19478,9,0,67,1,100,,19474,9,0,67,1,100,,19473,9,0,67,1
