31700,'11',622,,28762,15,0,63,1,30,,28775,15,0,63,1,70,,28779,15,0,63,1,30,,28763,15,0,63,1,70,,28772,15,0,63,1,30,,28760,15,0,63,1,70,,28774,15,0,63,1,30,,28773,15,0,63,1,70,,28769,15,0,63,1,30,,28776,15,0,63,1,70,,28780,15,0,63,1,30,,28777,15,0,63,1,70,,28765,15,0,63,1,30,,28778,15,0,63,1,70,,28771,15,0,63,1,30,,26751,15,0,63,1,70,,21757,15,0,63,1,30,,28761,15,0,63,1,70,,28770,15,0,63,1,30,,28768,15,0,63,1,70,,28764,15,0,63,1,30,,28759,15,0,63,1,70,,28766,15,0,63,1,30,,28767,15,0,63,1
31700,'3',622,,28784,15,0,63,1,30,,28797,15,0,63,1,70,,28801,15,0,63,1,30,,28785,15,0,63,1,70,,28794,15,0,63,1,30,,28782,15,0,63,1,70,,28796,15,0,63,1,30,,28795,15,0,63,1,70,,28791,15,0,63,1,30,,28798,15,0,63,1,70,,28802,15,0,63,1,30,,28799,15,0,63,1,70,,28787,15,0,63,1,30,,28800,15,0,63,1,70,,28793,15,0,63,1,30,,26797,15,0,63,1,70,,21780,15,0,63,1,30,,28783,15,0,63,1,70,,28792,15,0,63,1,30,,28790,15,0,63,1,70,,28786,15,0,63,1,30,,28781,15,0,63,1,70,,28788,15,0,63,1,30,,28789,15,0,63,1
31801,'11',613,,28891,25,0,45 50,1,30,,28889,25,0,45 50,1,71,,28909,25,0,45 50,1,30,,21599,25,0,45 50,1,70,,28900,25,0,45 50,1,30,,28907,25,0,45 50,1,70,,21830,25,0,45 50,1,30,,28890,25,0,45 50,1,71,,28912,25,0,45 50,1,30,,28905,25,0,45 50,1,70,,28895,25,0,45 50,1,30,,28896,25,0,45 50,1,70,,28908,25,0,45 50,1,30,,28903,25,0,45 50,1,70,,28911,25,0,45 50,1,30,,28897,25,0,45 50,1,68,,28901,25,0,45 50,1,30,,28902,25,0,45 50,1,70,,28892,25,0,45 50,1,30,,28904,25,0,45 50,1,70,,28898,25,0,45 50,1,30,,28899,25,0,45 50,1,70,,28906,25,0,45 50,1,30,,28893,25,0,45 50,1,71,,28910,25,0,45 50,1,29,,28894,25,0,45 50,1
31801,'3',613,,28915,25,0,45 50,1,30,,28913,25,0,45 50,1,71,,28933,25,0,45 50,1,30,,21642,25,0,45 50,1,70,,28924,25,0,45 50,1,30,,28931,25,0,45 50,1,70,,21853,25,0,45 50,1,30,,28914,25,0,45 50,1,71,,28936,25,0,45 50,1,30,,28929,25,0,45 50,1,70,,28919,25,0,45 50,1,30,,28920,25,0,45 50,1,70,,28932,25,0,45 50,1,30,,28927,25,0,45 50,1,70,,28935,25,0,45 50,1,30,,28921,25,0,45 50,1,68,,28925,25,0,45 50,1,30,,28926,25,0,45 50,1,70,,28916,25,0,45 50,1,30,,28928,25,0,45 50,1,70,,28922,25,0,45 50,1,30,,28923,25,0,45 50,1,70,,28930,25,0,45 50,1,30,,28917,25,0,45 50,1,71,,28934,25,0,45 50,1,29,,28918,25,0,45 50,1
41700,'1',621,,31909,15,0,67,1,30,,31921,15,0,67,1,70,,22634,15,0,67,1,30,,24443,15,0,67,1,70,,31929,15,0,67,1,30,,31906,15,0,67,1,70,,31917,15,0,67,1,30,,31911,15,0,67,1,70,,23940,15,0,67,1,30,,31926,15,0,67,1,70,,31924,15,0,67,1,30,,31912,15,0,67,1,70,,31919,15,0,67,1,30,,31907,15,0,67,1,70,,31928,15,0,67,1,30,,31910,15,0,67,1,70,,31930,15,0,67,1,30,,31923,15,0,67,1,70,,31918,15,0,67,1,30,,31927,15,0,67,1,70,,31922,15,0,67,1,30,,31916,15,0,67,1,70,,31931,15,0,67,1,30,,22834,15,0,67,1,70,,31913,15,0,67,1,100,,31915,15,0,67,1,100,,31920,15,0,67,1,100,,31925,15,0,67,1,100,,31914,15,0,67,1,100,,31908,15,0,67,1
41700,'11',1821,,24177,15,0,67,1,100,,31933,15,0,67,1,100,,1409,15,0,67,1,100,,31935,15,0,67,1,100,,31932,15,0,67,1,100,,31934,15,0,67,1
41700,'12',1121,,31936,15,0,67,1,100,,31942,15,0,67,1,100,,31940,15,0,67,1,100,,31937,15,0,67,1,100,,31941,15,0,67,1,100,,31939,15,0,67,1,100,,31938,15,0,67,1
41700,'14',621,,31946,15,0,67,1,30,,31960,15,0,67,1,70,,31956,15,0,67,1,30,,31953,15,0,67,1,70,,31966,15,0,67,1,30,,31943,15,0,67,1,70,,31955,15,0,67,1,30,,31948,15,0,67,1,70,,31958,15,0,67,1,30,,31964,15,0,67,1,70,,31963,15,0,67,1,30,,31949,15,0,67,1,70,,26461,15,0,67,1,30,,31944,15,0,67,1,70,,25241,15,0,67,1,30,,31947,15,0,67,1,70,,26649,15,0,67,1,30,,31962,15,0,67,1,70,,19135,15,0,67,1,30,,31965,15,0,67,1,70,,31961,15,0,67,1,30,,31954,15,0,67,1,70,,31967,15,0,67,1,30,,31957,15,0,67,1,70,,31950,15,0,67,1,100,,31952,15,0,67,1,100,,31959,15,0,67,1,100,,25543,15,0,67,1,100,,31951,15,0,67,1,100,,31945,15,0,67,1
41700,'3',1821,,24185,15,0,67,1,100,,31969,15,0,67,1,100,,1432,15,0,67,1,100,,31971,15,0,67,1,100,,31968,15,0,67,1,100,,31970,15,0,67,1
41700,'8',921,,31989,15,0,67,1,100,,31985,15,0,67,1,30,,31974,15,0,67,1,70,,31988,15,0,67,1,30,,31984,15,0,67,1,70,,26491,15,0,67,1,30,,31978,15,0,67,1,70,,31980,15,0,67,1,30,,31981,15,0,67,1,70,,31986,15,0,67,1,30,,31987,15,0,67,1,70,,31977,15,0,67,1,30,,31982,15,0,67,1,70,,31975,15,0,67,1,30,,31973,15,0,67,1,70,,31983,15,0,67,1,30,,31976,15,0,67,1,70,,31972,15,0,67,1,100,,31979,15,0,67,1
41801,'1',629,,32176,25,0,45 50,1,30,,22250,25,0,45 50,1,70,,32182,25,0,45 50,1,30,,32180,25,0,45 50,1,70,,22630,25,0,45 50,1,30,,32167,25,0,45 50,1,70,,32183,25,0,45 50,1,30,,23674,25,0,45 50,1,71,,32166,25,0,45 50,1,70,,32179,25,0,45 50,1,30,,32174,25,0,45 50,1,70,,23672,25,0,45 50,1,30,,32184,25,0,45 50,1,70,,32171,25,0,45 50,1,30,,32175,25,0,45 50,1,70,,23314,25,0,45 50,1,30,,32172,25,0,45 50,1,70,,22321,25,0,45 50,1,30,,24377,25,0,45 50,1,70,,22513,25,0,45 50,1,30,,32168,25,0,45 50,1,70,,32181,25,0,45 50,1,30,,23605,25,0,45 50,1,70,,24265,25,0,45 50,1,30,,32178,25,0,45 50,1,70,,32177,25,0,45 50,1,59,,32170,25,0,45 50,1,100,,32169,25,0,45 50,1,100,,32185,25,0,45 50,1,100,,32173,25,0,45 50,1
41801,'11',1900,,32186,25,0,45 50,1,59,,6787,25,0,45 50,1,100,,32187,25,0,45 50,1,100,,23474,25,0,45 50,1,100,,23057,25,0,45 50,1
41801,'12',1200,,32191,25,0,45 50,1,100,,32189,25,0,45 50,1,100,,25745,25,0,45 50,1,100,,32192,25,0,45 50,1,100,,32193,25,0,45 50,1,100,,32190,25,0,45 50,1,100,,32188,25,0,45 50,1
41801,'14',629,,16237,25,0,45 50,1,30,,32199,25,0,45 50,1,70,,32216,25,0,45 50,1,30,,32214,25,0,45 50,1,70,,32201,25,0,45 50,1,30,,32195,25,0,45 50,1,70,,32217,25,0,45 50,1,30,,32213,25,0,45 50,1,71,,32194,25,0,45 50,1,70,,32211,25,0,45 50,1,30,,32206,25,0,45 50,1,70,,32210,25,0,45 50,1,30,,32218,25,0,45 50,1,70,,25216,25,0,45 50,1,30,,25846,25,0,45 50,1,70,,32207,25,0,45 50,1,30,,32200,25,0,45 50,1,70,,32202,25,0,45 50,1,30,,32205,25,0,45 50,1,70,,32203,25,0,45 50,1,30,,32196,25,0,45 50,1,70,,32215,25,0,45 50,1,30,,32208,25,0,45 50,1,70,,32212,25,0,45 50,1,30,,25233,25,0,45 50,1,70,,32209,25,0,45 50,1,59,,32198,25,0,45 50,1,100,,32197,25,0,45 50,1,100,,32219,25,0,45 50,1,100,,32204,25,0,45 50,1
41801,'3',1900,,32220,25,0,45 50,1,59,,6831,25,0,45 50,1,100,,32221,25,0,45 50,1,100,,23511,25,0,45 50,1,100,,23076,25,0,45 50,1
41801,'8',859,,32226,25,0,45 50,1,100,,32222,25,0,45 50,1,141,,32225,25,0,45 50,1,30,,32237,25,0,45 50,1,70,,32228,25,0,45 50,1,30,,32240,25,0,45 50,1,70,,32241,25,0,45 50,1,30,,32227,25,0,45 50,1,70,,32233,25,0,45 50,1,30,,32231,25,0,45 50,1,70,,32224,25,0,45 50,1,30,,32234,25,0,45 50,1,70,,32235,25,0,45 50,1,30,,32239,25,0,45 50,1,70,,32236,25,0,45 50,1,30,,32223,25,0,45 50,1,70,,32230,25,0,45 50,1,30,,32238,25,0,45 50,1,70,,32232,25,0,45 50,1,59,,32229,25,0,45 50,1
