32000,'12',638,,36165,15,0,47 18,1,71,,36172,15,0,47 18,1,30,,36168,15,0,47 18,1,70,,36153,15,0,47 18,1,30,,36169,15,0,47 18,1,70,,36161,15,0,47 18,1,30,,36173,15,0,47 18,1,70,,36151,15,0,47 18,1,30,,36155,15,0,47 18,1,70,,36152,15,0,47 18,1,30,,36163,15,0,47 18,1,70,,36171,15,0,47 18,1,30,,36167,15,0,47 18,1,70,,36162,15,0,47 18,1,30,,36158,15,0,47 18,1,71,,36156,15,0,47 18,1,30,,36160,15,0,47 18,1,70,,36170,15,0,47 18,1,30,,36174,15,0,47 18,1,70,,36157,15,0,47 18,1,30,,36166,15,0,47 18,1,70,,36154,15,0,47 18,1,30,,36164,15,0,47 18,1,70,,36159,15,0,47 18,1
32000,'13',638,,36186,15,0,47 18,1,71,,36192,15,0,47 18,1,30,,36188,15,0,47 18,1,70,,36176,15,0,47 18,1,30,,36189,15,0,47 18,1,70,,36182,15,0,47 18,1,30,,36193,15,0,47 18,1,70,,28765,15,0,47 18,1,30,,27762,15,0,47 18,1,70,,36175,15,0,47 18,1,30,,36184,15,0,47 18,1,70,,36191,15,0,47 18,1,30,,28507,15,0,47 18,1,70,,36183,15,0,47 18,1,30,,36179,15,0,47 18,1,71,,36177,15,0,47 18,1,30,,36181,15,0,47 18,1,70,,36190,15,0,47 18,1,30,,36194,15,0,47 18,1,70,,36178,15,0,47 18,1,30,,36187,15,0,47 18,1,70,,29458,15,0,47 18,1,30,,36185,15,0,47 18,1,70,,36180,15,0,47 18,1
32000,'3',638,,36206,15,0,47 18,1,71,,36212,15,0,47 18,1,30,,36208,15,0,47 18,1,70,,36196,15,0,47 18,1,30,,36209,15,0,47 18,1,70,,36202,15,0,47 18,1,30,,36213,15,0,47 18,1,70,,28787,15,0,47 18,1,30,,27782,15,0,47 18,1,70,,36195,15,0,47 18,1,30,,36204,15,0,47 18,1,70,,36211,15,0,47 18,1,30,,28531,15,0,47 18,1,70,,36203,15,0,47 18,1,30,,36199,15,0,47 18,1,71,,36197,15,0,47 18,1,30,,36201,15,0,47 18,1,70,,36210,15,0,47 18,1,30,,36214,15,0,47 18,1,70,,36198,15,0,47 18,1,30,,36207,15,0,47 18,1,70,,29579,15,0,47 18,1,30,,36205,15,0,47 18,1,70,,36200,15,0,47 18,1
32000,'6',638,,36229,15,0,47 18,1,71,,36236,15,0,47 18,1,30,,36232,15,0,47 18,1,70,,36217,15,0,47 18,1,30,,36233,15,0,47 18,1,70,,36225,15,0,47 18,1,30,,36237,15,0,47 18,1,70,,36215,15,0,47 18,1,30,,36219,15,0,47 18,1,70,,36216,15,0,47 18,1,30,,36227,15,0,47 18,1,70,,36235,15,0,47 18,1,30,,36231,15,0,47 18,1,70,,36226,15,0,47 18,1,30,,36222,15,0,47 18,1,71,,36220,15,0,47 18,1,30,,36224,15,0,47 18,1,70,,36234,15,0,47 18,1,30,,36238,15,0,47 18,1,70,,36221,15,0,47 18,1,30,,36230,15,0,47 18,1,70,,36218,15,0,47 18,1,30,,36228,15,0,47 18,1,70,,36223,15,0,47 18,1
42000,'1',637,,41282,15,0,47 18,1,72,,41266,15,0,47 18,1,30,,31185,15,0,47 18,1,70,,41272,15,0,47 18,1,30,,41262,15,0,47 18,1,70,,41259,15,0,47 18,1,30,,41265,15,0,47 18,1,70,,41276,15,0,47 18,1,30,,41267,15,0,47 18,1,70,,41261,15,0,47 18,1,30,,32493,15,0,47 18,1,70,,41283,15,0,47 18,1,30,,32582,15,0,47 18,1,70,,41281,15,0,47 18,1,30,,30863,15,0,47 18,1,71,,41271,15,0,47 18,1,30,,41278,15,0,47 18,1,70,,41260,15,0,47 18,1,30,,41273,15,0,47 18,1,70,,41263,15,0,47 18,1,30,,41269,15,0,47 18,1,70,,41284,15,0,47 18,1,30,,41277,15,0,47 18,1,70,,41270,15,0,47 18,1,30,,41274,15,0,47 18,1,99,,41280,15,0,47 18,1,100,,41268,15,0,47 18,1,100,,41264,15,0,47 18,1,100,,41279,15,0,47 18,1,100,,41275,15,0,47 18,1
42000,'11',637,,41311,15,0,47 18,1,72,,41292,15,0,47 18,1,30,,41296,15,0,47 18,1,70,,41301,15,0,47 18,1,30,,41288,15,0,47 18,1,70,,41285,15,0,47 18,1,30,,41291,15,0,47 18,1,70,,41305,15,0,47 18,1,30,,41294,15,0,47 18,1,70,,41287,15,0,47 18,1,30,,41314,15,0,47 18,1,70,,41312,15,0,47 18,1,30,,41293,15,0,47 18,1,70,,41310,15,0,47 18,1,30,,41299,15,0,47 18,1,71,,41300,15,0,47 18,1,30,,41307,15,0,47 18,1,70,,41286,15,0,47 18,1,30,,41302,15,0,47 18,1,70,,41289,15,0,47 18,1,30,,41297,15,0,47 18,1,70,,41313,15,0,47 18,1,30,,41306,15,0,47 18,1,70,,41298,15,0,47 18,1,30,,41303,15,0,47 18,1,99,,41309,15,0,47 18,1,100,,41295,15,0,47 18,1,100,,41290,15,0,47 18,1,100,,41308,15,0,47 18,1,100,,41304,15,0,47 18,1
42000,'12',1840,,41318,15,0,47 18,1,99,,41315,15,0,47 18,1,100,,41319,15,0,47 18,1,100,,41317,15,0,47 18,1,100,,41316,15,0,47 18,1,100,,41320,15,0,47 18,1
42000,'13',1840,,28025,15,0,47 18,1,99,,41321,15,0,47 18,1,100,,28605,15,0,47 18,1,100,,41323,15,0,47 18,1,100,,41322,15,0,47 18,1,100,,41324,15,0,47 18,1
42000,'14',1109,,41334,15,0,47 18,1,30,,41337,15,0,47 18,1,70,,41330,15,0,47 18,1,30,,41335,15,0,47 18,1,70,,41333,15,0,47 18,1,30,,41329,15,0,47 18,1,71,,41327,15,0,47 18,1,30,,41336,15,0,47 18,1,70,,41338,15,0,47 18,1,30,,41331,15,0,47 18,1,70,,41326,15,0,47 18,1,30,,41328,15,0,47 18,1,70,,41325,15,0,47 18,1,30,,41332,15,0,47 18,1
42000,'16',637,,41363,15,0,47 18,1,72,,41346,15,0,47 18,1,30,,31210,15,0,47 18,1,70,,41353,15,0,47 18,1,30,,41342,15,0,47 18,1,70,,41339,15,0,47 18,1,30,,41345,15,0,47 18,1,70,,41357,15,0,47 18,1,30,,41348,15,0,47 18,1,70,,41341,15,0,47 18,1,30,,41366,15,0,47 18,1,70,,41364,15,0,47 18,1,30,,41347,15,0,47 18,1,70,,41362,15,0,47 18,1,30,,30903,15,0,47 18,1,71,,41352,15,0,47 18,1,30,,41359,15,0,47 18,1,70,,41340,15,0,47 18,1,30,,41354,15,0,47 18,1,70,,41343,15,0,47 18,1,30,,41350,15,0,47 18,1,70,,41365,15,0,47 18,1,30,,41358,15,0,47 18,1,70,,41351,15,0,47 18,1,30,,41355,15,0,47 18,1,99,,41361,15,0,47 18,1,100,,41349,15,0,47 18,1,100,,41344,15,0,47 18,1,100,,41360,15,0,47 18,1,100,,41356,15,0,47 18,1
42000,'3',1840,,28048,15,0,47 18,1,99,,41367,15,0,47 18,1,100,,28647,15,0,47 18,1,100,,41369,15,0,47 18,1,100,,41368,15,0,47 18,1,100,,41370,15,0,47 18,1
42000,'6',1840,,41374,15,0,47 18,1,99,,41371,15,0,47 18,1,100,,41375,15,0,47 18,1,100,,41373,15,0,47 18,1,100,,41372,15,0,47 18,1,100,,41376,15,0,47 18,1
42000,'8',909,,41390,15,0,47 18,1,30,,41397,15,0,47 18,1,70,,41396,15,0,47 18,1,30,,41398,15,0,47 18,1,70,,30493,15,0,47 18,1,30,,41377,15,0,47 18,1,70,,41380,15,0,47 18,1,30,,41379,15,0,47 18,1,70,,41392,15,0,47 18,1,30,,41393,15,0,47 18,1,71,,41394,15,0,47 18,1,30,,41389,15,0,47 18,1,70,,41381,15,0,47 18,1,30,,41387,15,0,47 18,1,70,,41384,15,0,47 18,1,30,,41378,15,0,47 18,1,70,,41385,15,0,47 18,1,30,,41391,15,0,47 18,1,70,,41395,15,0,47 18,1,30,,41388,15,0,47 18,1,69,,41386,15,0,47 18,1,30,,41382,15,0,47 18,1,70,,41383,15,0,47 18,1
