30800,'11',603,,28033,7,0,59,1,30,,28013,7,0,59,1,70,,28016,7,0,59,1,30,,24338,7,0,59,1,70,,28028,7,0,59,1,30,,28014,7,0,59,1,70,,28030,7,0,59,1,30,,28019,7,0,59,1,70,,28029,7,0,59,1,30,,28020,7,0,59,1,70,,28025,7,0,59,1,30,,28021,7,0,59,1,70,,28027,7,0,59,1,30,,28034,7,0,59,1,70,,28023,7,0,59,1,30,,28031,7,0,59,1,70,,28022,7,0,59,1,31,,28017,7,0,59,1,70,,28032,7,0,59,1,30,,28035,7,0,59,1,70,,28024,7,0,59,1,30,,28018,7,0,59,1,70,,28026,7,0,59,1,30,,28015,7,0,59,1
30800,'3',603,,28056,7,0,59,1,30,,28036,7,0,59,1,70,,28039,7,0,59,1,30,,24359,7,0,59,1,70,,28051,7,0,59,1,30,,28037,7,0,59,1,70,,28053,7,0,59,1,30,,28042,7,0,59,1,70,,28052,7,0,59,1,30,,28043,7,0,59,1,70,,28048,7,0,59,1,30,,28044,7,0,59,1,70,,28050,7,0,59,1,30,,28057,7,0,59,1,70,,28046,7,0,59,1,30,,28054,7,0,59,1,70,,28045,7,0,59,1,31,,28040,7,0,59,1,70,,28055,7,0,59,1,30,,28058,7,0,59,1,70,,28047,7,0,59,1,30,,28041,7,0,59,1,70,,28049,7,0,59,1,30,,28038,7,0,59,1
33701,'1',638,,29638,7,,,1,70,,29649,7,,,1,30,,29641,7,,,1,70,,29642,7,,,1,30,,29670,7,,,1,70,,29661,7,,,1,30,,29671,7,,,1,71,,29662,7,,,1,30,,29669,7,,,1,70,,29677,7,,,1,30,,29643,7,,,1,70,,29664,7,,,1,30,,29654,7,,,1,70,,29672,7,,,1,30,,29676,7,,,1,70,,29657,7,,,1,30,,29644,7,,,1,70,,29653,7,,,1,30,,29660,7,,,1,70,,29675,7,,,1,30,,22119,7,,,1,70,,23663,7,,,1,30,,29640,7,,,1,70,,22831,7,,,1,30,,29637,7,,,1
33701,'11',618,,29722,7,,,1,30,,29681,7,,,1,70,,29719,7,,,1,30,,29704,7,,,1,70,,29694,7,,,1,30,,29711,7,,,1,70,,29703,7,,,1,30,,29680,7,,,1,71,,29718,7,,,1,30,,29682,7,,,1,70,,29687,7,,,1,30,,29713,7,,,1,70,,29715,7,,,1,30,,12807,7,,,1,70,,29692,7,,,1,30,,23341,7,,,1,70,,29716,7,,,1,30,,29686,7,,,1,70,,29698,7,,,1,30,,22155,7,,,1,70,,9524,7,,,1,30,,29709,7,,,1,70,,29706,7,,,1,30,,29688,7,,,1,70,,29707,7,,,1
33701,'12',1039,,29732,7,,,1,70,,29742,7,,,1,30,,29726,7,,,1,70,,29743,7,,,1,30,,29741,7,,,1,70,,29739,7,,,1,30,,29745,7,,,1,70,,29733,7,,,1,30,,29727,7,,,1,70,,29747,7,,,1,30,,29746,7,,,1,70,,29744,7,,,1,30,,29734,7,,,1,70,,29728,7,,,1,30,,29731,7,,,1
33701,'14',638,,29754,7,,,1,70,,29766,7,,,1,30,,29758,7,,,1,70,,29759,7,,,1,30,,29789,7,,,1,70,,29779,7,,,1,30,,29790,7,,,1,71,,29781,7,,,1,30,,29788,7,,,1,70,,29796,7,,,1,30,,29760,7,,,1,70,,29783,7,,,1,30,,29769,7,,,1,70,,29791,7,,,1,30,,29795,7,,,1,70,,25225,7,,,1,30,,29761,7,,,1,70,,25220,7,,,1,30,,29778,7,,,1,70,,29794,7,,,1,30,,29757,7,,,1,70,,29774,7,,,1,30,,29756,7,,,1,70,,29770,7,,,1,30,,29753,7,,,1
33701,'3',618,,29841,7,,,1,30,,29800,7,,,1,70,,29838,7,,,1,30,,29823,7,,,1,70,,29813,7,,,1,30,,29830,7,,,1,70,,29822,7,,,1,30,,29799,7,,,1,71,,29837,7,,,1,30,,29801,7,,,1,70,,29806,7,,,1,30,,29832,7,,,1,70,,29834,7,,,1,30,,12938,7,,,1,70,,29811,7,,,1,30,,23379,7,,,1,70,,29835,7,,,1,30,,29805,7,,,1,70,,29817,7,,,1,30,,22177,7,,,1,70,,9567,7,,,1,30,,29828,7,,,1,70,,29825,7,,,1,30,,29807,7,,,1,70,,29826,7,,,1
33701,'8',1109,,29847,7,,,1,30,,29842,7,,,1,70,,29866,7,,,1,30,,29868,7,,,1,70,,25791,7,,,1,30,,29849,7,,,1,70,,29844,7,,,1,30,,29861,7,,,1,70,,29851,7,,,1,30,,29865,7,,,1,70,,29858,7,,,1,30,,29869,7,,,1,70,,29848,7,,,1,30,,29855,7,,,1,70,,29862,7,,,1
40800,'1',618,,30775,7,0,60 61,1,30,,30762,7,0,60 61,1,70,,24141,7,0,60 61,1,30,,30783,7,0,60 61,1,70,,30764,7,0,60 61,1,30,,30773,7,0,60 61,1,70,,30781,7,0,60 61,1,30,,30768,7,0,60 61,1,70,,30761,7,0,60 61,1,30,,30767,7,0,60 61,1,70,,30778,7,0,60 61,1,30,,30769,7,0,60 61,1,70,,30785,7,0,60 61,1,30,,30772,7,0,60 61,1,70,,30776,7,0,60 61,1,30,,30777,7,0,60 61,1,70,,30784,7,0,60 61,1,30,,30787,7,0,60 61,1,70,,30774,7,0,60 61,1,30,,30770,7,0,60 61,1,70,,30771,7,0,60 61,1,30,,30765,7,0,60 61,1,70,,30779,7,0,60 61,1,30,,30780,7,0,60 61,1,100,,23530,7,0,60 61,1,100,,30766,7,0,60 61,1,100,,30786,7,0,60 61,1,100,,22629,7,0,60 61,1,100,,30763,7,0,60 61,1,100,,30782,7,0,60 61,1
40800,'11',1748,,23147,7,0,60 61,1,100,,30793,7,0,60 61,1,100,,30790,7,0,60 61,1,100,,30791,7,0,60 61,1,100,,30788,7,0,60 61,1,100,,30792,7,0,60 61,1,100,,30789,7,0,60 61,1
40800,'12',1048,,30794,7,0,60 61,1,100,,30796,7,0,60 61,1,100,,30799,7,0,60 61,1,100,,30797,7,0,60 61,1,100,,30801,7,0,60 61,1,100,,30795,7,0,60 61,1,100,,30800,7,0,60 61,1,100,,30798,7,0,60 61,1
40800,'14',618,,30817,7,0,60 61,1,30,,30803,7,0,60 61,1,70,,30819,7,0,60 61,1,30,,30824,7,0,60 61,1,70,,30805,7,0,60 61,1,30,,30815,7,0,60 61,1,70,,30822,7,0,60 61,1,30,,30809,7,0,60 61,1,70,,30802,7,0,60 61,1,30,,30808,7,0,60 61,1,70,,24976,7,0,60 61,1,30,,30810,7,0,60 61,1,70,,30826,7,0,60 61,1,30,,30814,7,0,60 61,1,70,,30818,7,0,60 61,1,30,,26787,7,0,60 61,1,70,,30825,7,0,60 61,1,30,,30828,7,0,60 61,1,70,,30816,7,0,60 61,1,30,,30812,7,0,60 61,1,70,,17982,7,0,60 61,1,30,,30806,7,0,60 61,1,70,,30820,7,0,60 61,1,30,,30821,7,0,60 61,1,100,,30813,7,0,60 61,1,100,,30807,7,0,60 61,1,100,,30827,7,0,60 61,1,100,,30811,7,0,60 61,1,100,,30804,7,0,60 61,1,100,,30823,7,0,60 61,1
40800,'3',1748,,23160,7,0,60 61,1,100,,30834,7,0,60 61,1,100,,30831,7,0,60 61,1,100,,30832,7,0,60 61,1,100,,30829,7,0,60 61,1,100,,30833,7,0,60 61,1,100,,30830,7,0,60 61,1
40800,'8',848,,25489,7,0,60 61,1,100,,30836,7,0,60 61,1,70,,30845,7,0,60 61,1,30,,30850,7,0,60 61,1,70,,30840,7,0,60 61,1,30,,30843,7,0,60 61,1,70,,26064,7,0,60 61,1,30,,30846,7,0,60 61,1,70,,30839,7,0,60 61,1,30,,30849,7,0,60 61,1,70,,30842,7,0,60 61,1,30,,25796,7,0,60 61,1,70,,30835,7,0,60 61,1,30,,30847,7,0,60 61,1,70,,30838,7,0,60 61,1,30,,30848,7,0,60 61,1,70,,30844,7,0,60 61,1,30,,26215,7,0,60 61,1,100,,30837,7,0,60 61,1,100,,30841,7,0,60 61,1
43701,'1',1918,,32680,7,,,1,100,,32687,7,,,1,100,,32684,7,,,1,100,,32683,7,,,1,100,,32682,7,,,1
43701,'11',1918,,32695,7,,,1,100,,32693,7,,,1,100,,32697,7,,,1,100,,32698,7,,,1,100,,32696,7,,,1
43701,'14',1918,,32699,7,,,1,100,,32706,7,,,1,100,,32702,7,,,1,100,,26221,7,,,1,100,,32701,7,,,1
43701,'3',1918,,32714,7,,,1,100,,32712,7,,,1,100,,32716,7,,,1,100,,32717,7,,,1,100,,32715,7,,,1
