33701,'1',1049,,16365,23,,,1,70,,16353,23,,,1,30,,16370,23,,,1,70,,16369,23,,,1,30,,16367,23,,,1,70,,16352,23,,,1,30,,16355,23,,,1,70,,1922,23,,,1,30,,676,23,,,1,70,,16351,23,,,1,30,,16366,23,,,1,70,,16371,23,,,1,30,,16354,23,,,1,70,,16364,23,,,1,30,,2019,23,,,1
33701,'10',648,,16419,23,,,1,70,,16385,23,,,1,30,,16424,23,,,1,70,,16396,23,,,1,30,,16405,23,,,1,70,,16421,23,,,1,30,,16400,23,,,1,71,,16401,23,,,1,30,,16379,23,,,1,70,,16387,23,,,1,30,,16382,23,,,1,70,,16412,23,,,1,30,,16403,23,,,1,70,,16414,23,,,1,30,,16406,23,,,1,70,,16376,23,,,1,30,,16397,23,,,1,70,,16417,23,,,1,30,,16416,23,,,1,70,,16391,23,,,1,30,,16413,23,,,1,70,,16404,23,,,1,30,,16398,23,,,1,70,,16407,23,,,1,30,,16422,23,,,1
33701,'12',1119,,16438,23,,,1,30,,16449,23,,,1,70,,5940,23,,,1,30,,16429,23,,,1,70,,16444,23,,,1,30,,16450,23,,,1,70,,16445,23,,,1,30,,16441,23,,,1,70,,16426,23,,,1,30,,16447,23,,,1,70,,16433,23,,,1,30,,16452,23,,,1,70,,16448,23,,,1,30,,16436,23,,,1,70,,6367,23,,,1
33701,'15',628,,16458,23,,,1,30,,16453,23,,,1,70,,16499,23,,,1,30,,16473,23,,,1,70,,16461,23,,,1,30,,16465,23,,,1,70,,16489,23,,,1,30,,16480,23,,,1,71,,16494,23,,,1,30,,16490,23,,,1,70,,16483,23,,,1,30,,16460,23,,,1,70,,16486,23,,,1,30,,16471,23,,,1,70,,16497,23,,,1,30,,16498,23,,,1,70,,16475,23,,,1,30,,16462,23,,,1,70,,16493,23,,,1,30,,16495,23,,,1,70,,16468,23,,,1,30,,16456,23,,,1,70,,16482,23,,,1,30,,16481,23,,,1,70,,16478,23,,,1
33701,'16',628,,16507,23,,,1,30,,16503,23,,,1,70,,16541,23,,,1,30,,16521,23,,,1,70,,16510,23,,,1,30,,16513,23,,,1,70,,16534,23,,,1,30,,16527,23,,,1,71,,7523,23,,,1,30,,3360,23,,,1,70,,16529,23,,,1,30,,16509,23,,,1,70,,4836,23,,,1,30,,16519,23,,,1,70,,16539,23,,,1,30,,16540,23,,,1,70,,3451,23,,,1,30,,16511,23,,,1,70,,7809,23,,,1,30,,16537,23,,,1,70,,16516,23,,,1,30,,16505,23,,,1,70,,5268,23,,,1,30,,16528,23,,,1,70,,16525,23,,,1
33701,'17',628,,16549,23,,,1,30,,16545,23,,,1,70,,16581,23,,,1,30,,16563,23,,,1,70,,16552,23,,,1,30,,16555,23,,,1,70,,16574,23,,,1,30,,16569,23,,,1,71,,7542,23,,,1,30,,3384,23,,,1,70,,16570,23,,,1,30,,16551,23,,,1,70,,4859,23,,,1,30,,16561,23,,,1,70,,16579,23,,,1,30,,16580,23,,,1,70,,3475,23,,,1,30,,16553,23,,,1,70,,7815,23,,,1,30,,16577,23,,,1,70,,16558,23,,,1,30,,16547,23,,,1,70,,5318,23,,,1,30,,1891,23,,,1,70,,16567,23,,,1
33701,'19',628,,16590,23,,,1,30,,16585,23,,,1,70,,16629,23,,,1,30,,16605,23,,,1,70,,16593,23,,,1,30,,16597,23,,,1,70,,16619,23,,,1,30,,16612,23,,,1,71,,16624,23,,,1,30,,16620,23,,,1,70,,16615,23,,,1,30,,16592,23,,,1,70,,16618,23,,,1,30,,16603,23,,,1,70,,16627,23,,,1,30,,16628,23,,,1,70,,16607,23,,,1,30,,16594,23,,,1,70,,16623,23,,,1,30,,16625,23,,,1,70,,16600,23,,,1,30,,16588,23,,,1,70,,16614,23,,,1,30,,16613,23,,,1,70,,16610,23,,,1
33701,'21',648,,16669,23,,,1,70,,16642,23,,,1,30,,16674,23,,,1,70,,16650,23,,,1,30,,16658,23,,,1,70,,16671,23,,,1,30,,16653,23,,,1,71,,16654,23,,,1,30,,16636,23,,,1,70,,16644,23,,,1,30,,16639,23,,,1,70,,7853,23,,,1,30,,16656,23,,,1,70,,16664,23,,,1,30,,16659,23,,,1,70,,16633,23,,,1,30,,16651,23,,,1,70,,16667,23,,,1,30,,16666,23,,,1,70,,6402,23,,,1,30,,16663,23,,,1,70,,16657,23,,,1,30,,7681,23,,,1,70,,16660,23,,,1,30,,16672,23,,,1
33701,'5',628,,16679,23,,,1,30,,16676,23,,,1,70,,16711,23,,,1,30,,16693,23,,,1,70,,16682,23,,,1,30,,16685,23,,,1,70,,16704,23,,,1,30,,16699,23,,,1,71,,7612,23,,,1,30,,3408,23,,,1,70,,16700,23,,,1,30,,16681,23,,,1,70,,4882,23,,,1,30,,16691,23,,,1,70,,16709,23,,,1,30,,16710,23,,,1,70,,3499,23,,,1,30,,16683,23,,,1,70,,7859,23,,,1,30,,16707,23,,,1,70,,16688,23,,,1,30,,16678,23,,,1,70,,5448,23,,,1,30,,1916,23,,,1,70,,16697,23,,,1
33701,'6',628,,16720,23,,,1,30,,16715,23,,,1,70,,16761,23,,,1,30,,16735,23,,,1,70,,16723,23,,,1,30,,16727,23,,,1,70,,16751,23,,,1,30,,16742,23,,,1,71,,16756,23,,,1,30,,16752,23,,,1,70,,16745,23,,,1,30,,16722,23,,,1,70,,16748,23,,,1,30,,16733,23,,,1,70,,16759,23,,,1,30,,16760,23,,,1,70,,16737,23,,,1,30,,16724,23,,,1,70,,16755,23,,,1,30,,16757,23,,,1,70,,16730,23,,,1,30,,16718,23,,,1,70,,16744,23,,,1,30,,16743,23,,,1,70,,16740,23,,,1
