31101,'11',610,,28329,18,0,43 44,1,30,,28323,18,0,43 44,1,70,,28320,18,0,43 44,1,30,,28315,18,0,43 44,1,70,,28324,18,0,43 44,1,30,,28335,18,0,43 44,1,70,,28318,18,0,43 44,1,30,,28319,18,0,43 44,1,70,,28322,18,0,43 44,1,30,,28317,18,0,43 44,1,70,,28316,18,0,43 44,1,30,,28327,18,0,43 44,1,70,,28334,18,0,43 44,1,30,,23612,18,0,43 44,1,70,,28333,18,0,43 44,1,30,,28326,18,0,43 44,1,70,,22228,18,0,43 44,1,32,,28321,18,0,43 44,1,70,,28331,18,0,43 44,1,30,,28328,18,0,43 44,1,70,,24496,18,0,43 44,1,30,,28330,18,0,43 44,1,70,,23262,18,0,43 44,1,30,,28332,18,0,43 44,1,70,,28325,18,0,43 44,1
31101,'3',610,,28350,18,0,43 44,1,30,,28344,18,0,43 44,1,70,,28341,18,0,43 44,1,30,,28336,18,0,43 44,1,70,,28345,18,0,43 44,1,30,,28356,18,0,43 44,1,70,,28339,18,0,43 44,1,30,,28340,18,0,43 44,1,70,,28343,18,0,43 44,1,30,,28338,18,0,43 44,1,70,,28337,18,0,43 44,1,30,,28348,18,0,43 44,1,70,,28355,18,0,43 44,1,30,,23632,18,0,43 44,1,70,,28354,18,0,43 44,1,30,,28347,18,0,43 44,1,70,,22247,18,0,43 44,1,32,,28342,18,0,43 44,1,70,,28352,18,0,43 44,1,30,,28349,18,0,43 44,1,70,,24603,18,0,43 44,1,30,,28351,18,0,43 44,1,70,,23285,18,0,43 44,1,30,,28353,18,0,43 44,1,70,,28346,18,0,43 44,1
31800,'11',617,,28858,33,0,45 46 18,1,30,,20436,33,0,45 46 18,1,70,,28855,33,0,45 46 18,1,30,,28851,33,0,45 46 18,1,70,,28849,33,0,45 46 18,1,30,,28859,33,0,45 46 18,1,70,,28861,33,0,45 46 18,1,30,,28860,33,0,45 46 18,1,70,,28863,33,0,45 46 18,1,30,,28852,33,0,45 46 18,1,70,,28867,33,0,45 46 18,1,30,,28868,33,0,45 46 18,1,70,,28857,33,0,45 46 18,1,30,,21708,33,0,45 46 18,1,70,,28865,33,0,45 46 18,1,30,,28856,33,0,45 46 18,1,70,,27315,33,0,45 46 18,1,30,,27157,33,0,45 46 18,1,70,,28854,33,0,45 46 18,1,30,,28853,33,0,45 46 18,1,70,,25580,33,0,45 46 18,1,30,,28866,33,0,45 46 18,1,70,,28850,33,0,45 46 18,1,30,,28864,33,0,45 46 18,1,70,,28862,33,0,45 46 18,1
31800,'3',617,,28878,33,0,45 46 18,1,30,,20452,33,0,45 46 18,1,70,,28875,33,0,45 46 18,1,30,,28871,33,0,45 46 18,1,70,,28869,33,0,45 46 18,1,30,,28879,33,0,45 46 18,1,70,,28881,33,0,45 46 18,1,30,,28880,33,0,45 46 18,1,70,,28883,33,0,45 46 18,1,30,,28872,33,0,45 46 18,1,70,,28887,33,0,45 46 18,1,30,,28888,33,0,45 46 18,1,70,,28877,33,0,45 46 18,1,30,,21727,33,0,45 46 18,1,70,,28885,33,0,45 46 18,1,30,,28876,33,0,45 46 18,1,70,,27329,33,0,45 46 18,1,30,,27180,33,0,45 46 18,1,70,,28874,33,0,45 46 18,1,30,,28873,33,0,45 46 18,1,70,,25629,33,0,45 46 18,1,30,,28886,33,0,45 46 18,1,70,,28870,33,0,45 46 18,1,30,,28884,33,0,45 46 18,1,70,,28882,33,0,45 46 18,1
41800,'1',631,,32076,35,0,45 46 18,1,70,,32081,35,0,45 46 18,1,31,,32089,35,0,45 46 18,1,70,,23803,35,0,45 46 18,1,30,,32086,35,0,45 46 18,1,70,,32100,35,0,45 46 18,1,30,,25654,35,0,45 46 18,1,70,,32099,35,0,45 46 18,1,31,,32092,35,0,45 46 18,1,70,,32091,35,0,45 46 18,1,30,,27188,35,0,45 46 18,1,70,,32082,35,0,45 46 18,1,30,,32083,35,0,45 46 18,1,70,,32094,35,0,45 46 18,1,30,,32084,35,0,45 46 18,1,70,,32087,35,0,45 46 18,1,30,,32095,35,0,45 46 18,1,70,,32077,35,0,45 46 18,1,30,,32085,35,0,45 46 18,1,70,,32088,35,0,45 46 18,1,30,,32079,35,0,45 46 18,1,70,,32098,35,0,45 46 18,1,30,,32080,35,0,45 46 18,1,70,,32090,35,0,45 46 18,1,100,,32097,35,0,45 46 18,1,100,,32093,35,0,45 46 18,1,100,,32078,35,0,45 46 18,1,100,,32101,35,0,45 46 18,1,100,,24439,35,0,45 46 18,1,100,,32096,35,0,45 46 18,1
41800,'11',1903,,32102,35,0,45 46 18,1,100,,32106,35,0,45 46 18,1,100,,32105,35,0,45 46 18,1,100,,32103,35,0,45 46 18,1,100,,32107,35,0,45 46 18,1,100,,32104,35,0,45 46 18,1
41800,'12',1103,,25355,35,0,45 46 18,1,100,,32110,35,0,45 46 18,1,100,,32109,35,0,45 46 18,1,100,,32111,35,0,45 46 18,1,100,,32114,35,0,45 46 18,1,100,,32108,35,0,45 46 18,1,100,,32113,35,0,45 46 18,1,100,,32112,35,0,45 46 18,1
41800,'14',631,,32115,35,0,45 46 18,1,70,,32121,35,0,45 46 18,1,31,,32130,35,0,45 46 18,1,70,,32135,35,0,45 46 18,1,30,,32127,35,0,45 46 18,1,70,,32141,35,0,45 46 18,1,30,,32136,35,0,45 46 18,1,70,,32140,35,0,45 46 18,1,31,,32133,35,0,45 46 18,1,70,,32132,35,0,45 46 18,1,30,,32124,35,0,45 46 18,1,70,,32122,35,0,45 46 18,1,30,,32123,35,0,45 46 18,1,70,,32134,35,0,45 46 18,1,30,,32125,35,0,45 46 18,1,70,,32128,35,0,45 46 18,1,30,,26713,35,0,45 46 18,1,70,,32116,35,0,45 46 18,1,30,,32126,35,0,45 46 18,1,70,,32129,35,0,45 46 18,1,30,,32118,35,0,45 46 18,1,70,,32139,35,0,45 46 18,1,30,,32119,35,0,45 46 18,1,70,,32131,35,0,45 46 18,1,100,,32138,35,0,45 46 18,1,100,,25392,35,0,45 46 18,1,100,,32117,35,0,45 46 18,1,100,,32142,35,0,45 46 18,1,100,,32120,35,0,45 46 18,1,100,,32137,35,0,45 46 18,1
41800,'3',1903,,32143,35,0,45 46 18,1,100,,32147,35,0,45 46 18,1,100,,32146,35,0,45 46 18,1,100,,32144,35,0,45 46 18,1,100,,32148,35,0,45 46 18,1,100,,32145,35,0,45 46 18,1
41800,'8',1002,,32155,35,0,45 46 18,1,31,,32152,35,0,45 46 18,1,70,,32156,35,0,45 46 18,1,30,,32162,35,0,45 46 18,1,70,,32149,35,0,45 46 18,1,100,,32154,35,0,45 46 18,1,30,,32150,35,0,45 46 18,1,70,,32164,35,0,45 46 18,1,100,,32151,35,0,45 46 18,1,30,,32159,35,0,45 46 18,1,70,,32160,35,0,45 46 18,1,30,,32158,35,0,45 46 18,1,70,,32157,35,0,45 46 18,1,30,,32161,35,0,45 46 18,1,70,,32163,35,0,45 46 18,1,100,,32153,35,0,45 46 18,1,100,,32165,35,0,45 46 18,1
