30200,'15',628,,9361,29,0,11,1,30,,9355,29,0,11,1,70,,9347,29,0,11,1,30,,9345,29,0,11,1,70,,9354,29,0,11,1,30,,9351,29,0,11,1,70,,9363,29,0,11,1,30,,9358,29,0,11,1,74,,9356,29,0,11,1,70,,9344,29,0,11,1,30,,9342,29,0,11,1,70,,9348,29,0,11,1,30,,9357,29,0,11,1,70,,9343,29,0,11,1,30,,9350,29,0,11,1,70,,9353,29,0,11,1,29,,9346,29,0,11,1,70,,9352,29,0,11,1,30,,9349,29,0,11,1,70,,9364,29,0,11,1,30,,9359,29,0,11,1,70,,9362,29,0,11,1,30,,9360,29,0,11,1
30200,'16',628,,9383,29,0,11,1,30,,5269,29,0,11,1,70,,9370,29,0,11,1,30,,9368,29,0,11,1,70,,9377,29,0,11,1,30,,9374,29,0,11,1,70,,9385,29,0,11,1,30,,9380,29,0,11,1,74,,9378,29,0,11,1,70,,9367,29,0,11,1,30,,9365,29,0,11,1,70,,9371,29,0,11,1,30,,9379,29,0,11,1,70,,9366,29,0,11,1,30,,9373,29,0,11,1,70,,9376,29,0,11,1,29,,9369,29,0,11,1,70,,9375,29,0,11,1,30,,9372,29,0,11,1,70,,9386,29,0,11,1,30,,9381,29,0,11,1,70,,9384,29,0,11,1,30,,9382,29,0,11,1
30200,'17',628,,9404,29,0,11,1,30,,5319,29,0,11,1,70,,4462,29,0,11,1,30,,9390,29,0,11,1,70,,9398,29,0,11,1,30,,9395,29,0,11,1,70,,9406,29,0,11,1,30,,9401,29,0,11,1,74,,9399,29,0,11,1,70,,9389,29,0,11,1,30,,9387,29,0,11,1,70,,9392,29,0,11,1,30,,9400,29,0,11,1,70,,9388,29,0,11,1,30,,9394,29,0,11,1,70,,9397,29,0,11,1,29,,9391,29,0,11,1,70,,9396,29,0,11,1,30,,9393,29,0,11,1,70,,9407,29,0,11,1,30,,9402,29,0,11,1,70,,9405,29,0,11,1,30,,9403,29,0,11,1
30200,'19',628,,9425,29,0,11,1,30,,9419,29,0,11,1,70,,9412,29,0,11,1,30,,9410,29,0,11,1,70,,8079,29,0,11,1,30,,9416,29,0,11,1,70,,9427,29,0,11,1,30,,9422,29,0,11,1,74,,9420,29,0,11,1,70,,9409,29,0,11,1,30,,6002,29,0,11,1,70,,9413,29,0,11,1,30,,9421,29,0,11,1,70,,9408,29,0,11,1,30,,9415,29,0,11,1,70,,9418,29,0,11,1,29,,9411,29,0,11,1,70,,9417,29,0,11,1,30,,9414,29,0,11,1,70,,9428,29,0,11,1,30,,9423,29,0,11,1,70,,9426,29,0,11,1,30,,9424,29,0,11,1
30200,'5',628,,9447,29,0,11,1,30,,5449,29,0,11,1,70,,9434,29,0,11,1,30,,9432,29,0,11,1,70,,9441,29,0,11,1,30,,9438,29,0,11,1,70,,9449,29,0,11,1,30,,9444,29,0,11,1,74,,9442,29,0,11,1,70,,9431,29,0,11,1,30,,9429,29,0,11,1,70,,9435,29,0,11,1,30,,9443,29,0,11,1,70,,9430,29,0,11,1,30,,9437,29,0,11,1,70,,9440,29,0,11,1,29,,9433,29,0,11,1,70,,9439,29,0,11,1,30,,9436,29,0,11,1,70,,9450,29,0,11,1,30,,9445,29,0,11,1,70,,9448,29,0,11,1,30,,9446,29,0,11,1
30200,'6',628,,9470,29,0,11,1,30,,9464,29,0,11,1,70,,9456,29,0,11,1,30,,9454,29,0,11,1,70,,9463,29,0,11,1,30,,9460,29,0,11,1,70,,9472,29,0,11,1,30,,9467,29,0,11,1,74,,9465,29,0,11,1,70,,9453,29,0,11,1,30,,9451,29,0,11,1,70,,9457,29,0,11,1,30,,9466,29,0,11,1,70,,9452,29,0,11,1,30,,9459,29,0,11,1,70,,9462,29,0,11,1,29,,9455,29,0,11,1,70,,9461,29,0,11,1,30,,9458,29,0,11,1,70,,9473,29,0,11,1,30,,9468,29,0,11,1,70,,9471,29,0,11,1,30,,9469,29,0,11,1
40200,'1',1058,,17225,29,0,13 14,1,100,,17223,29,0,13 14,1,100,,17229,29,0,13 14,1,100,,5203,29,0,13 14,1,100,,17224,29,0,13 14,1,100,,17226,29,0,13 14,1,100,,17227,29,0,13 14,1,100,,17228,29,0,13 14,1
40200,'10',628,,17238,29,0,13 14,1,30,,17249,29,0,13 14,1,70,,17254,29,0,13 14,1,30,,17244,29,0,13 14,1,70,,17231,29,0,13 14,1,30,,17241,29,0,13 14,1,70,,17236,29,0,13 14,1,30,,17255,29,0,13 14,1,70,,17256,29,0,13 14,1,30,,17242,29,0,13 14,1,70,,17246,29,0,13 14,1,30,,17234,29,0,13 14,1,70,,17232,29,0,13 14,1,30,,17247,29,0,13 14,1,70,,17230,29,0,13 14,1,30,,17252,29,0,13 14,1,70,,17257,29,0,13 14,1,30,,17233,29,0,13 14,1,70,,17239,29,0,13 14,1,30,,17243,29,0,13 14,1,70,,17248,29,0,13 14,1,30,,17245,29,0,13 14,1,70,,17251,29,0,13 14,1,30,,17237,29,0,13 14,1,100,,17258,29,0,13 14,1,98,,17250,29,0,13 14,1,100,,17235,29,0,13 14,1,100,,17253,29,0,13 14,1,100,,17240,29,0,13 14,1
40200,'12',858,,17264,29,0,13 14,1,100,,17277,29,0,13 14,1,70,,17278,29,0,13 14,1,30,,17263,29,0,13 14,1,70,,17271,29,0,13 14,1,30,,17272,29,0,13 14,1,70,,17274,29,0,13 14,1,30,,17267,29,0,13 14,1,70,,17260,29,0,13 14,1,30,,17275,29,0,13 14,1,70,,17259,29,0,13 14,1,30,,17265,29,0,13 14,1,70,,17270,29,0,13 14,1,30,,17273,29,0,13 14,1,70,,17262,29,0,13 14,1,30,,17261,29,0,13 14,1,70,,17268,29,0,13 14,1,30,,17266,29,0,13 14,1,100,,17276,29,0,13 14,1,98,,17269,29,0,13 14,1
40200,'15',1758,,17279,29,0,13 14,1,100,,17281,29,0,13 14,1,98,,17280,29,0,13 14,1,100,,17282,29,0,13 14,1,100,,17283,29,0,13 14,1,100,,17284,29,0,13 14,1
40200,'16',1758,,17285,29,0,13 14,1,100,,17286,29,0,13 14,1,98,,5255,29,0,13 14,1,100,,17287,29,0,13 14,1,100,,17288,29,0,13 14,1,100,,17289,29,0,13 14,1
40200,'17',1758,,17290,29,0,13 14,1,100,,17291,29,0,13 14,1,98,,5305,29,0,13 14,1,100,,17292,29,0,13 14,1,100,,17293,29,0,13 14,1,100,,17294,29,0,13 14,1
40200,'19',1758,,17295,29,0,13 14,1,100,,6469,29,0,13 14,1,98,,17296,29,0,13 14,1,100,,17297,29,0,13 14,1,100,,17298,29,0,13 14,1,100,,17299,29,0,13 14,1
40200,'21',628,,17308,29,0,13 14,1,30,,17319,29,0,13 14,1,70,,17324,29,0,13 14,1,30,,17314,29,0,13 14,1,70,,17301,29,0,13 14,1,30,,17311,29,0,13 14,1,70,,17306,29,0,13 14,1,30,,17325,29,0,13 14,1,70,,17326,29,0,13 14,1,30,,17312,29,0,13 14,1,70,,17316,29,0,13 14,1,30,,17304,29,0,13 14,1,70,,17302,29,0,13 14,1,30,,17317,29,0,13 14,1,70,,17300,29,0,13 14,1,30,,17322,29,0,13 14,1,70,,17327,29,0,13 14,1,30,,17303,29,0,13 14,1,70,,17309,29,0,13 14,1,30,,17313,29,0,13 14,1,70,,17318,29,0,13 14,1,30,,17315,29,0,13 14,1,70,,17321,29,0,13 14,1,30,,17307,29,0,13 14,1,100,,17328,29,0,13 14,1,98,,17320,29,0,13 14,1,100,,17305,29,0,13 14,1,100,,17323,29,0,13 14,1,100,,17310,29,0,13 14,1
40200,'5',1758,,17329,29,0,13 14,1,100,,17330,29,0,13 14,1,98,,5435,29,0,13 14,1,100,,17331,29,0,13 14,1,100,,17332,29,0,13 14,1,100,,17333,29,0,13 14,1
40200,'6',1758,,17334,29,0,13 14,1,100,,17336,29,0,13 14,1,98,,17335,29,0,13 14,1,100,,17337,29,0,13 14,1,100,,17338,29,0,13 14,1,100,,17339,29,0,13 14,1
