32000,'12',642,,36165,24,0,47 18,1,71,,36172,24,0,47 18,1,30,,36168,24,0,47 18,1,70,,36153,24,0,47 18,1,30,,36169,24,0,47 18,1,70,,36161,24,0,47 18,1,30,,36173,24,0,47 18,1,70,,36151,24,0,47 18,1,30,,36155,24,0,47 18,1,70,,36152,24,0,47 18,1,30,,36163,24,0,47 18,1,70,,36171,24,0,47 18,1,30,,36167,24,0,47 18,1,70,,36162,24,0,47 18,1,30,,36158,24,0,47 18,1,71,,36156,24,0,47 18,1,30,,36160,24,0,47 18,1,70,,36170,24,0,47 18,1,30,,36174,24,0,47 18,1,70,,36157,24,0,47 18,1,30,,36166,24,0,47 18,1,70,,36154,24,0,47 18,1,30,,36164,24,0,47 18,1,70,,36159,24,0,47 18,1
32000,'13',642,,36186,24,0,47 18,1,71,,36192,24,0,47 18,1,30,,36188,24,0,47 18,1,70,,36176,24,0,47 18,1,30,,36189,24,0,47 18,1,70,,36182,24,0,47 18,1,30,,36193,24,0,47 18,1,70,,28765,24,0,47 18,1,30,,27762,24,0,47 18,1,70,,36175,24,0,47 18,1,30,,36184,24,0,47 18,1,70,,36191,24,0,47 18,1,30,,28507,24,0,47 18,1,70,,36183,24,0,47 18,1,30,,36179,24,0,47 18,1,71,,36177,24,0,47 18,1,30,,36181,24,0,47 18,1,70,,36190,24,0,47 18,1,30,,36194,24,0,47 18,1,70,,36178,24,0,47 18,1,30,,36187,24,0,47 18,1,70,,29458,24,0,47 18,1,30,,36185,24,0,47 18,1,70,,36180,24,0,47 18,1
32000,'3',642,,36206,24,0,47 18,1,71,,36212,24,0,47 18,1,30,,36208,24,0,47 18,1,70,,36196,24,0,47 18,1,30,,36209,24,0,47 18,1,70,,36202,24,0,47 18,1,30,,36213,24,0,47 18,1,70,,28787,24,0,47 18,1,30,,27782,24,0,47 18,1,70,,36195,24,0,47 18,1,30,,36204,24,0,47 18,1,70,,36211,24,0,47 18,1,30,,28531,24,0,47 18,1,70,,36203,24,0,47 18,1,30,,36199,24,0,47 18,1,71,,36197,24,0,47 18,1,30,,36201,24,0,47 18,1,70,,36210,24,0,47 18,1,30,,36214,24,0,47 18,1,70,,36198,24,0,47 18,1,30,,36207,24,0,47 18,1,70,,29579,24,0,47 18,1,30,,36205,24,0,47 18,1,70,,36200,24,0,47 18,1
32000,'6',642,,36229,24,0,47 18,1,71,,36236,24,0,47 18,1,30,,36232,24,0,47 18,1,70,,36217,24,0,47 18,1,30,,36233,24,0,47 18,1,70,,36225,24,0,47 18,1,30,,36237,24,0,47 18,1,70,,36215,24,0,47 18,1,30,,36219,24,0,47 18,1,70,,36216,24,0,47 18,1,30,,36227,24,0,47 18,1,70,,36235,24,0,47 18,1,30,,36231,24,0,47 18,1,70,,36226,24,0,47 18,1,30,,36222,24,0,47 18,1,71,,36220,24,0,47 18,1,30,,36224,24,0,47 18,1,70,,36234,24,0,47 18,1,30,,36238,24,0,47 18,1,70,,36221,24,0,47 18,1,30,,36230,24,0,47 18,1,70,,36218,24,0,47 18,1,30,,36228,24,0,47 18,1,70,,36223,24,0,47 18,1
42000,'1',640,,41282,24,0,47 18,1,72,,41266,24,0,47 18,1,30,,31185,24,0,47 18,1,70,,41272,24,0,47 18,1,30,,41262,24,0,47 18,1,70,,41259,24,0,47 18,1,30,,41265,24,0,47 18,1,71,,41276,24,0,47 18,1,30,,41267,24,0,47 18,1,70,,41261,24,0,47 18,1,30,,32493,24,0,47 18,1,70,,41283,24,0,47 18,1,30,,32582,24,0,47 18,1,70,,41281,24,0,47 18,1,30,,30863,24,0,47 18,1,71,,41271,24,0,47 18,1,30,,41278,24,0,47 18,1,70,,41260,24,0,47 18,1,30,,41273,24,0,47 18,1,70,,41263,24,0,47 18,1,30,,41269,24,0,47 18,1,70,,41284,24,0,47 18,1,30,,41277,24,0,47 18,1,70,,41270,24,0,47 18,1,30,,41274,24,0,47 18,1,99,,41280,24,0,47 18,1,100,,41268,24,0,47 18,1,100,,41264,24,0,47 18,1,100,,41279,24,0,47 18,1,100,,41275,24,0,47 18,1
42000,'11',640,,41311,24,0,47 18,1,72,,41292,24,0,47 18,1,30,,41296,24,0,47 18,1,70,,41301,24,0,47 18,1,30,,41288,24,0,47 18,1,70,,41285,24,0,47 18,1,30,,41291,24,0,47 18,1,71,,41305,24,0,47 18,1,30,,41294,24,0,47 18,1,70,,41287,24,0,47 18,1,30,,41314,24,0,47 18,1,70,,41312,24,0,47 18,1,30,,41293,24,0,47 18,1,70,,41310,24,0,47 18,1,30,,41299,24,0,47 18,1,71,,41300,24,0,47 18,1,30,,41307,24,0,47 18,1,70,,41286,24,0,47 18,1,30,,41302,24,0,47 18,1,70,,41289,24,0,47 18,1,30,,41297,24,0,47 18,1,70,,41313,24,0,47 18,1,30,,41306,24,0,47 18,1,70,,41298,24,0,47 18,1,30,,41303,24,0,47 18,1,99,,41309,24,0,47 18,1,100,,41295,24,0,47 18,1,100,,41290,24,0,47 18,1,100,,41308,24,0,47 18,1,100,,41304,24,0,47 18,1
42000,'12',1844,,41318,24,0,47 18,1,99,,41315,24,0,47 18,1,100,,41319,24,0,47 18,1,100,,41317,24,0,47 18,1,100,,41316,24,0,47 18,1,100,,41320,24,0,47 18,1
42000,'13',1844,,28025,24,0,47 18,1,99,,41321,24,0,47 18,1,100,,28605,24,0,47 18,1,100,,41323,24,0,47 18,1,100,,41322,24,0,47 18,1,100,,41324,24,0,47 18,1
42000,'14',1113,,41334,24,0,47 18,1,30,,41337,24,0,47 18,1,70,,41330,24,0,47 18,1,30,,41335,24,0,47 18,1,70,,41333,24,0,47 18,1,30,,41329,24,0,47 18,1,71,,41327,24,0,47 18,1,30,,41336,24,0,47 18,1,70,,41338,24,0,47 18,1,30,,41331,24,0,47 18,1,70,,41326,24,0,47 18,1,30,,41328,24,0,47 18,1,70,,41325,24,0,47 18,1,30,,41332,24,0,47 18,1
42000,'16',640,,41363,24,0,47 18,1,72,,41346,24,0,47 18,1,30,,31210,24,0,47 18,1,70,,41353,24,0,47 18,1,30,,41342,24,0,47 18,1,70,,41339,24,0,47 18,1,30,,41345,24,0,47 18,1,71,,41357,24,0,47 18,1,30,,41348,24,0,47 18,1,70,,41341,24,0,47 18,1,30,,41366,24,0,47 18,1,70,,41364,24,0,47 18,1,30,,41347,24,0,47 18,1,70,,41362,24,0,47 18,1,30,,30903,24,0,47 18,1,71,,41352,24,0,47 18,1,30,,41359,24,0,47 18,1,70,,41340,24,0,47 18,1,30,,41354,24,0,47 18,1,70,,41343,24,0,47 18,1,30,,41350,24,0,47 18,1,70,,41365,24,0,47 18,1,30,,41358,24,0,47 18,1,70,,41351,24,0,47 18,1,30,,41355,24,0,47 18,1,99,,41361,24,0,47 18,1,100,,41349,24,0,47 18,1,100,,41344,24,0,47 18,1,100,,41360,24,0,47 18,1,100,,41356,24,0,47 18,1
42000,'3',1844,,28048,24,0,47 18,1,99,,41367,24,0,47 18,1,100,,28647,24,0,47 18,1,100,,41369,24,0,47 18,1,100,,41368,24,0,47 18,1,100,,41370,24,0,47 18,1
42000,'6',1844,,41374,24,0,47 18,1,99,,41371,24,0,47 18,1,100,,41375,24,0,47 18,1,100,,41373,24,0,47 18,1,100,,41372,24,0,47 18,1,100,,41376,24,0,47 18,1
42000,'8',912,,41390,24,0,47 18,1,30,,41397,24,0,47 18,1,71,,41396,24,0,47 18,1,30,,41398,24,0,47 18,1,70,,30493,24,0,47 18,1,30,,41377,24,0,47 18,1,70,,41380,24,0,47 18,1,30,,41379,24,0,47 18,1,70,,41392,24,0,47 18,1,30,,41393,24,0,47 18,1,71,,41394,24,0,47 18,1,30,,41389,24,0,47 18,1,70,,41381,24,0,47 18,1,30,,41387,24,0,47 18,1,70,,41384,24,0,47 18,1,30,,41378,24,0,47 18,1,70,,41385,24,0,47 18,1,30,,41391,24,0,47 18,1,70,,41395,24,0,47 18,1,30,,41388,24,0,47 18,1,69,,41386,24,0,47 18,1,30,,41382,24,0,47 18,1,70,,41383,24,0,47 18,1
