32101,'15',722,,14183,23,0,56,1,100,,14182,23,0,56,1,100,,14189,23,0,56,1,100,,14184,23,0,56,1,100,,14187,23,0,56,1,100,,14179,23,0,56,1,100,,14188,23,0,56,1,102,,14185,23,0,56,1,100,,14190,23,0,56,1,100,,14186,23,0,56,1,100,,14180,23,0,56,1,100,,14181,23,0,56,1
32101,'16',722,,14194,23,0,56,1,100,,14193,23,0,56,1,100,,14198,23,0,56,1,100,,427,23,0,56,1,100,,14196,23,0,56,1,100,,14191,23,0,56,1,100,,5271,23,0,56,1,102,,14197,23,0,56,1,100,,14195,23,0,56,1,100,,14192,23,0,56,1,100,,3553,23,0,56,1,100,,617,23,0,56,1
32101,'17',722,,14202,23,0,56,1,100,,14201,23,0,56,1,100,,14206,23,0,56,1,100,,450,23,0,56,1,100,,14204,23,0,56,1,100,,14199,23,0,56,1,100,,5321,23,0,56,1,102,,14205,23,0,56,1,100,,14203,23,0,56,1,100,,14200,23,0,56,1,100,,3578,23,0,56,1,100,,641,23,0,56,1
32101,'19',722,,14211,23,0,56,1,100,,14210,23,0,56,1,100,,14217,23,0,56,1,100,,14212,23,0,56,1,100,,14215,23,0,56,1,100,,14208,23,0,56,1,100,,14216,23,0,56,1,102,,14214,23,0,56,1,100,,14209,23,0,56,1,100,,14207,23,0,56,1,100,,14213,23,0,56,1,100,,14218,23,0,56,1
32101,'5',722,,14223,23,0,56,1,100,,14222,23,0,56,1,100,,14226,23,0,56,1,100,,473,23,0,56,1,100,,14225,23,0,56,1,100,,14220,23,0,56,1,100,,5451,23,0,56,1,102,,14224,23,0,56,1,100,,14221,23,0,56,1,100,,14219,23,0,56,1,100,,954,23,0,56,1,100,,14227,23,0,56,1
32101,'6',722,,14232,23,0,56,1,100,,14231,23,0,56,1,100,,14238,23,0,56,1,100,,14233,23,0,56,1,100,,14236,23,0,56,1,100,,14228,23,0,56,1,100,,14237,23,0,56,1,102,,14234,23,0,56,1,100,,14239,23,0,56,1,100,,14235,23,0,56,1,100,,14229,23,0,56,1,100,,14230,23,0,56,1
42101,'1',1122,,20150,23,0,56,1,100,,778,23,0,56,1,100,,20154,23,0,56,1,101,,20153,23,0,56,1,100,,20152,23,0,56,1,100,,20149,23,0,56,1,100,,20151,23,0,56,1
42101,'10',722,,20170,23,0,56,1,100,,20160,23,0,56,1,100,,20155,23,0,56,1,100,,20169,23,0,56,1,100,,20159,23,0,56,1,100,,20167,23,0,56,1,100,,20164,23,0,56,1,101,,20156,23,0,56,1,100,,20162,23,0,56,1,100,,20171,23,0,56,1,100,,20158,23,0,56,1,100,,20163,23,0,56,1,100,,20166,23,0,56,1,100,,20161,23,0,56,1,100,,20168,23,0,56,1,100,,20157,23,0,56,1,100,,20165,23,0,56,1
42101,'12',922,,5966,23,0,56,1,100,,20180,23,0,56,1,100,,20179,23,0,56,1,100,,20172,23,0,56,1,100,,20182,23,0,56,1,101,,20181,23,0,56,1,100,,20177,23,0,56,1,100,,20175,23,0,56,1,100,,20174,23,0,56,1,100,,20173,23,0,56,1,100,,20178,23,0,56,1,100,,20176,23,0,56,1
42101,'15',1923,,20187,23,0,56,1,100,,20183,23,0,56,1,100,,20186,23,0,56,1,100,,20185,23,0,56,1,100,,20184,23,0,56,1
42101,'16',1923,,20192,23,0,56,1,100,,20188,23,0,56,1,100,,20191,23,0,56,1,100,,20190,23,0,56,1,100,,20189,23,0,56,1
42101,'17',1923,,20197,23,0,56,1,100,,20193,23,0,56,1,100,,20196,23,0,56,1,100,,20195,23,0,56,1,100,,20194,23,0,56,1
42101,'19',1923,,20202,23,0,56,1,100,,20198,23,0,56,1,100,,20201,23,0,56,1,100,,20200,23,0,56,1,100,,20199,23,0,56,1
42101,'21',722,,20216,23,0,56,1,100,,20208,23,0,56,1,100,,20203,23,0,56,1,100,,20215,23,0,56,1,100,,20207,23,0,56,1,100,,20214,23,0,56,1,100,,20211,23,0,56,1,101,,20204,23,0,56,1,100,,7756,23,0,56,1,100,,20217,23,0,56,1,100,,20206,23,0,56,1,100,,20210,23,0,56,1,100,,20213,23,0,56,1,100,,20209,23,0,56,1,100,,5684,23,0,56,1,100,,20205,23,0,56,1,100,,20212,23,0,56,1
42101,'5',1923,,20222,23,0,56,1,100,,20218,23,0,56,1,100,,20221,23,0,56,1,100,,20220,23,0,56,1,100,,20219,23,0,56,1
42101,'6',1923,,20227,23,0,56,1,100,,20223,23,0,56,1,100,,20226,23,0,56,1,100,,20225,23,0,56,1,100,,20224,23,0,56,1
