31700,'15',621,,13335,13,0,63,1,30,,13324,13,0,63,1,70,,13332,13,0,63,1,30,,13319,13,0,63,1,70,,13317,13,0,63,1,30,,13331,13,0,63,1,70,,13314,13,0,63,1,30,,13326,13,0,63,1,70,,13322,13,0,63,1,30,,13313,13,0,63,1,70,,13334,13,0,63,1,30,,13328,13,0,63,1,70,,13321,13,0,63,1,30,,13336,13,0,63,1,70,,13333,13,0,63,1,30,,13320,13,0,63,1,70,,13325,13,0,63,1,30,,13330,13,0,63,1,70,,13327,13,0,63,1,30,,13316,13,0,63,1,70,,13318,13,0,63,1,30,,13315,13,0,63,1,70,,13323,13,0,63,1,30,,13329,13,0,63,1
31700,'16',621,,13354,13,0,63,1,30,,13345,13,0,63,1,70,,13351,13,0,63,1,30,,13342,13,0,63,1,70,,13340,13,0,63,1,30,,13350,13,0,63,1,70,,13337,13,0,63,1,30,,13346,13,0,63,1,70,,2450,13,0,63,1,30,,4510,13,0,63,1,70,,13353,13,0,63,1,30,,13348,13,0,63,1,70,,13344,13,0,63,1,30,,13355,13,0,63,1,70,,13352,13,0,63,1,30,,13343,13,0,63,1,70,,2920,13,0,63,1,30,,621,13,0,63,1,70,,13347,13,0,63,1,30,,13339,13,0,63,1,70,,13341,13,0,63,1,30,,13338,13,0,63,1,70,,2535,13,0,63,1,30,,13349,13,0,63,1
31700,'17',621,,13372,13,0,63,1,30,,13364,13,0,63,1,70,,13369,13,0,63,1,30,,13361,13,0,63,1,70,,13359,13,0,63,1,30,,13368,13,0,63,1,70,,13356,13,0,63,1,30,,13365,13,0,63,1,70,,2473,13,0,63,1,30,,4520,13,0,63,1,70,,13371,13,0,63,1,30,,4471,13,0,63,1,70,,13363,13,0,63,1,30,,13373,13,0,63,1,70,,13370,13,0,63,1,30,,13362,13,0,63,1,70,,2988,13,0,63,1,30,,645,13,0,63,1,70,,13366,13,0,63,1,30,,13358,13,0,63,1,70,,13360,13,0,63,1,30,,13357,13,0,63,1,70,,2553,13,0,63,1,30,,13367,13,0,63,1
31700,'19',621,,13396,13,0,63,1,30,,13385,13,0,63,1,70,,13393,13,0,63,1,30,,13380,13,0,63,1,70,,13378,13,0,63,1,30,,13392,13,0,63,1,70,,13375,13,0,63,1,30,,13387,13,0,63,1,70,,13383,13,0,63,1,30,,13374,13,0,63,1,70,,13395,13,0,63,1,30,,13389,13,0,63,1,70,,13382,13,0,63,1,30,,13397,13,0,63,1,70,,13394,13,0,63,1,30,,13381,13,0,63,1,70,,13386,13,0,63,1,30,,13391,13,0,63,1,70,,13388,13,0,63,1,30,,13377,13,0,63,1,70,,13379,13,0,63,1,30,,13376,13,0,63,1,70,,13384,13,0,63,1,30,,13390,13,0,63,1
31700,'5',621,,13414,13,0,63,1,30,,13405,13,0,63,1,70,,13411,13,0,63,1,30,,13403,13,0,63,1,70,,13401,13,0,63,1,30,,13410,13,0,63,1,70,,13398,13,0,63,1,30,,13406,13,0,63,1,70,,2496,13,0,63,1,30,,4545,13,0,63,1,70,,13413,13,0,63,1,30,,13408,13,0,63,1,70,,13404,13,0,63,1,30,,13415,13,0,63,1,70,,13412,13,0,63,1,30,,4206,13,0,63,1,70,,3060,13,0,63,1,30,,669,13,0,63,1,70,,13407,13,0,63,1,30,,13400,13,0,63,1,70,,13402,13,0,63,1,30,,13399,13,0,63,1,70,,2571,13,0,63,1,30,,13409,13,0,63,1
31700,'6',621,,13438,13,0,63,1,30,,13427,13,0,63,1,70,,13435,13,0,63,1,30,,13422,13,0,63,1,70,,13420,13,0,63,1,30,,13434,13,0,63,1,70,,13417,13,0,63,1,30,,13429,13,0,63,1,70,,13425,13,0,63,1,30,,13416,13,0,63,1,70,,13437,13,0,63,1,30,,13431,13,0,63,1,70,,13424,13,0,63,1,30,,13439,13,0,63,1,70,,13436,13,0,63,1,30,,13423,13,0,63,1,70,,13428,13,0,63,1,30,,13433,13,0,63,1,70,,13430,13,0,63,1,30,,13419,13,0,63,1,70,,13421,13,0,63,1,30,,13418,13,0,63,1,70,,13426,13,0,63,1,30,,13432,13,0,63,1
41700,'1',1120,,19365,13,0,67,1,100,,19369,13,0,67,1,100,,19367,13,0,67,1,100,,19371,13,0,67,1,100,,19370,13,0,67,1,100,,19366,13,0,67,1,100,,19368,13,0,67,1
41700,'10',620,,19385,13,0,67,1,30,,19397,13,0,67,1,70,,19398,13,0,67,1,30,,19391,13,0,67,1,70,,19395,13,0,67,1,30,,19375,13,0,67,1,70,,19396,13,0,67,1,30,,19394,13,0,67,1,70,,19374,13,0,67,1,30,,19389,13,0,67,1,70,,19376,13,0,67,1,30,,19381,13,0,67,1,70,,19380,13,0,67,1,30,,19373,13,0,67,1,70,,19388,13,0,67,1,30,,19378,13,0,67,1,70,,19382,13,0,67,1,30,,19377,13,0,67,1,70,,19379,13,0,67,1,30,,19400,13,0,67,1,70,,19401,13,0,67,1,30,,19383,13,0,67,1,70,,19386,13,0,67,1,30,,19372,13,0,67,1,70,,19393,13,0,67,1,100,,19384,13,0,67,1,100,,19387,13,0,67,1,100,,19399,13,0,67,1,100,,19390,13,0,67,1,100,,19392,13,0,67,1
41700,'12',920,,19404,13,0,67,1,100,,19413,13,0,67,1,30,,19416,13,0,67,1,70,,19405,13,0,67,1,30,,19407,13,0,67,1,70,,19403,13,0,67,1,30,,19412,13,0,67,1,70,,19406,13,0,67,1,30,,19402,13,0,67,1,70,,19410,13,0,67,1,30,,19418,13,0,67,1,70,,19417,13,0,67,1,30,,19414,13,0,67,1,70,,19419,13,0,67,1,30,,19409,13,0,67,1,70,,19411,13,0,67,1,30,,8620,13,0,67,1,70,,19408,13,0,67,1,100,,19415,13,0,67,1
41700,'15',1820,,19423,13,0,67,1,100,,19424,13,0,67,1,100,,19422,13,0,67,1,100,,19425,13,0,67,1,100,,19421,13,0,67,1,100,,19420,13,0,67,1
41700,'16',1820,,19428,13,0,67,1,100,,19429,13,0,67,1,100,,19427,13,0,67,1,100,,19430,13,0,67,1,100,,19426,13,0,67,1,100,,8450,13,0,67,1
41700,'17',1820,,19433,13,0,67,1,100,,19434,13,0,67,1,100,,19432,13,0,67,1,100,,19435,13,0,67,1,100,,19431,13,0,67,1,100,,8455,13,0,67,1
41700,'19',1820,,19439,13,0,67,1,100,,19440,13,0,67,1,100,,19438,13,0,67,1,100,,19441,13,0,67,1,100,,19437,13,0,67,1,100,,19436,13,0,67,1
41700,'21',620,,19452,13,0,67,1,30,,19463,13,0,67,1,70,,19464,13,0,67,1,30,,19457,13,0,67,1,70,,19461,13,0,67,1,30,,19444,13,0,67,1,70,,19462,13,0,67,1,30,,19460,13,0,67,1,70,,19443,13,0,67,1,30,,19455,13,0,67,1,70,,19445,13,0,67,1,30,,19449,13,0,67,1,70,,19448,13,0,67,1,30,,19442,13,0,67,1,70,,19454,13,0,67,1,30,,19446,13,0,67,1,70,,19450,13,0,67,1,30,,5873,13,0,67,1,70,,19447,13,0,67,1,30,,19466,13,0,67,1,70,,19467,13,0,67,1,30,,7268,13,0,67,1,70,,6407,13,0,67,1,30,,6801,13,0,67,1,70,,19459,13,0,67,1,100,,19451,13,0,67,1,100,,19453,13,0,67,1,100,,19465,13,0,67,1,100,,19456,13,0,67,1,100,,19458,13,0,67,1
41700,'5',1820,,19470,13,0,67,1,100,,19471,13,0,67,1,100,,19469,13,0,67,1,100,,19472,13,0,67,1,100,,19468,13,0,67,1,100,,8460,13,0,67,1
41700,'6',1820,,19476,13,0,67,1,100,,19477,13,0,67,1,100,,19475,13,0,67,1,100,,19478,13,0,67,1,100,,19474,13,0,67,1,100,,19473,13,0,67,1
