31200,'12',612,,34950,23,,,1,30,,34941,23,,,1,70,,34938,23,,,1,30,,34940,23,,,1,70,,34952,23,,,1,30,,34934,23,,,1,70,,34948,23,,,1,30,,34937,23,,,1,72,,34951,23,,,1,30,,34947,23,,,1,70,,34955,23,,,1,30,,34945,23,,,1,70,,34931,23,,,1,30,,34932,23,,,1,70,,34954,23,,,1,30,,34942,23,,,1,74,,34953,23,,,1,30,,34935,23,,,1,70,,34936,23,,,1,30,,34939,23,,,1,70,,34944,23,,,1,30,,34946,23,,,1,70,,34933,23,,,1,30,,34943,23,,,1,70,,34949,23,,,1
31200,'13',612,,27356,23,,,1,30,,34965,23,,,1,70,,28317,23,,,1,30,,34964,23,,,1,70,,34974,23,,,1,30,,34959,23,,,1,70,,34971,23,,,1,30,,34962,23,,,1,72,,34973,23,,,1,30,,34970,23,,,1,70,,34976,23,,,1,30,,34968,23,,,1,70,,34956,23,,,1,30,,34957,23,,,1,70,,34975,23,,,1,30,,442,23,,,1,74,,29070,23,,,1,30,,34960,23,,,1,70,,34961,23,,,1,30,,34963,23,,,1,70,,34967,23,,,1,30,,34969,23,,,1,70,,34958,23,,,1,30,,34966,23,,,1,70,,34972,23,,,1
31200,'3',612,,27394,23,,,1,30,,34986,23,,,1,70,,28338,23,,,1,30,,34985,23,,,1,70,,34995,23,,,1,30,,34980,23,,,1,70,,34992,23,,,1,30,,34983,23,,,1,72,,34994,23,,,1,30,,34991,23,,,1,70,,34997,23,,,1,30,,34989,23,,,1,70,,34977,23,,,1,30,,34978,23,,,1,70,,34996,23,,,1,30,,465,23,,,1,74,,29098,23,,,1,30,,34981,23,,,1,70,,34982,23,,,1,30,,34984,23,,,1,70,,34988,23,,,1,30,,34990,23,,,1,70,,34979,23,,,1,30,,34987,23,,,1,70,,34993,23,,,1
31200,'6',612,,35017,23,,,1,30,,35008,23,,,1,70,,35005,23,,,1,30,,35007,23,,,1,70,,35019,23,,,1,30,,35001,23,,,1,70,,35015,23,,,1,30,,35004,23,,,1,72,,35018,23,,,1,30,,35014,23,,,1,70,,35022,23,,,1,30,,35012,23,,,1,70,,34998,23,,,1,30,,34999,23,,,1,70,,35021,23,,,1,30,,35009,23,,,1,74,,35020,23,,,1,30,,35002,23,,,1,70,,35003,23,,,1,30,,35006,23,,,1,70,,35011,23,,,1,30,,35013,23,,,1,70,,35000,23,,,1,30,,35010,23,,,1,70,,35016,23,,,1
41200,'1',636,,39797,41,0,23,1,70,,39789,41,0,23,1,30,,39787,41,0,23,1,70,,39793,41,0,23,1,30,,39796,41,0,23,1,70,,39784,41,0,23,1,30,,39788,41,0,23,1,70,,32721,41,0,23,1,33,,39786,41,0,23,1,70,,39803,41,0,23,1,30,,39806,41,0,23,1,70,,39804,41,0,23,1,30,,39795,41,0,23,1,70,,39780,41,0,23,1,30,,39802,41,0,23,1,70,,39791,41,0,23,1,29,,39792,41,0,23,1,70,,39783,41,0,23,1,30,,39801,41,0,23,1,70,,39798,41,0,23,1,30,,39794,41,0,23,1,70,,39799,41,0,23,1,30,,39782,41,0,23,1,70,,39790,41,0,23,1,30,,39781,41,0,23,1,99,,39805,41,0,23,1,100,,31127,41,0,23,1,100,,39800,41,0,23,1,100,,39785,41,0,23,1,100,,32572,41,0,23,1
41200,'11',636,,39825,41,0,23,1,70,,39817,41,0,23,1,30,,39815,41,0,23,1,70,,39821,41,0,23,1,30,,39809,41,0,23,1,70,,39812,41,0,23,1,30,,39816,41,0,23,1,70,,39834,41,0,23,1,33,,39814,41,0,23,1,70,,39831,41,0,23,1,30,,39836,41,0,23,1,70,,39832,41,0,23,1,30,,39823,41,0,23,1,70,,39807,41,0,23,1,30,,39830,41,0,23,1,70,,39819,41,0,23,1,29,,39820,41,0,23,1,70,,39811,41,0,23,1,30,,39829,41,0,23,1,70,,39826,41,0,23,1,30,,39822,41,0,23,1,70,,39827,41,0,23,1,30,,39810,41,0,23,1,70,,39818,41,0,23,1,30,,39808,41,0,23,1,99,,39835,41,0,23,1,100,,39833,41,0,23,1,100,,39828,41,0,23,1,100,,39813,41,0,23,1,100,,39824,41,0,23,1
41200,'12',1838,,39841,41,0,23,1,99,,39842,41,0,23,1,100,,39837,41,0,23,1,100,,39840,41,0,23,1,100,,39839,41,0,23,1,100,,39838,41,0,23,1
41200,'13',1838,,31821,41,0,23,1,99,,39847,41,0,23,1,100,,39843,41,0,23,1,100,,39846,41,0,23,1,100,,39845,41,0,23,1,100,,39844,41,0,23,1
41200,'14',1139,,39853,41,0,23,1,100,,39849,41,0,23,1,100,,39848,41,0,23,1,99,,31369,41,0,23,1,100,,39852,41,0,23,1,100,,39850,41,0,23,1,100,,39851,41,0,23,1
41200,'16',636,,39872,41,0,23,1,70,,39863,41,0,23,1,30,,39861,41,0,23,1,70,,39867,41,0,23,1,30,,39870,41,0,23,1,70,,39858,41,0,23,1,30,,39862,41,0,23,1,70,,39880,41,0,23,1,33,,39860,41,0,23,1,70,,39878,41,0,23,1,30,,39882,41,0,23,1,70,,39879,41,0,23,1,30,,39869,41,0,23,1,70,,39854,41,0,23,1,30,,39877,41,0,23,1,70,,39865,41,0,23,1,29,,39866,41,0,23,1,70,,39857,41,0,23,1,30,,39876,41,0,23,1,70,,39873,41,0,23,1,30,,39868,41,0,23,1,70,,39874,41,0,23,1,30,,39856,41,0,23,1,70,,39864,41,0,23,1,30,,39855,41,0,23,1,99,,39881,41,0,23,1,100,,31152,41,0,23,1,100,,39875,41,0,23,1,100,,39859,41,0,23,1,100,,39871,41,0,23,1
41200,'3',1838,,31880,41,0,23,1,99,,39887,41,0,23,1,100,,39883,41,0,23,1,100,,39886,41,0,23,1,100,,39885,41,0,23,1,100,,39884,41,0,23,1
41200,'6',1838,,39892,41,0,23,1,99,,39893,41,0,23,1,100,,39888,41,0,23,1,100,,39891,41,0,23,1,100,,39890,41,0,23,1,100,,39889,41,0,23,1
41200,'8',936,,39901,41,0,23,1,103,,39904,41,0,23,1,70,,39903,41,0,23,1,30,,39909,41,0,23,1,70,,39906,41,0,23,1,30,,39911,41,0,23,1,70,,39895,41,0,23,1,30,,39896,41,0,23,1,70,,39908,41,0,23,1,29,,32740,41,0,23,1,70,,39910,41,0,23,1,30,,39894,41,0,23,1,70,,39898,41,0,23,1,30,,39902,41,0,23,1,70,,39899,41,0,23,1,30,,39900,41,0,23,1,70,,39905,41,0,23,1,30,,39897,41,0,23,1,99,,39907,41,0,23,1
