30800,'12',609,,34244,18,0,59,1,30,,34225,18,0,59,1,70,,34245,18,0,59,1,30,,34233,18,0,59,1,70,,34243,18,0,59,1,30,,34229,18,0,59,1,70,,34246,18,0,59,1,30,,34231,18,0,59,1,70,,34238,18,0,59,1,30,,34240,18,0,59,1,70,,34237,18,0,59,1,30,,34235,18,0,59,1,70,,34247,18,0,59,1,30,,34248,18,0,59,1,70,,34232,18,0,59,1,30,,34234,18,0,59,1,69,,34236,18,0,59,1,33,,34228,18,0,59,1,70,,34226,18,0,59,1,30,,34227,18,0,59,1,70,,34241,18,0,59,1,30,,34239,18,0,59,1,70,,34242,18,0,59,1,30,,34230,18,0,59,1
30800,'13',609,,28199,18,0,59,1,30,,34249,18,0,59,1,70,,34263,18,0,59,1,30,,34255,18,0,59,1,70,,34262,18,0,59,1,30,,32495,18,0,59,1,70,,34264,18,0,59,1,30,,34253,18,0,59,1,70,,34259,18,0,59,1,30,,29044,18,0,59,1,70,,28195,18,0,59,1,30,,34257,18,0,59,1,70,,34265,18,0,59,1,30,,30620,18,0,59,1,70,,34254,18,0,59,1,30,,34256,18,0,59,1,69,,34258,18,0,59,1,33,,30531,18,0,59,1,70,,34250,18,0,59,1,30,,34251,18,0,59,1,70,,34260,18,0,59,1,30,,29366,18,0,59,1,70,,34261,18,0,59,1,30,,34252,18,0,59,1
30800,'3',609,,28220,18,0,59,1,30,,34266,18,0,59,1,70,,34280,18,0,59,1,30,,34272,18,0,59,1,70,,34279,18,0,59,1,30,,32499,18,0,59,1,70,,34281,18,0,59,1,30,,34270,18,0,59,1,70,,34276,18,0,59,1,30,,29050,18,0,59,1,70,,28216,18,0,59,1,30,,34274,18,0,59,1,70,,34282,18,0,59,1,30,,30657,18,0,59,1,70,,34271,18,0,59,1,30,,34273,18,0,59,1,69,,34275,18,0,59,1,33,,30568,18,0,59,1,70,,34267,18,0,59,1,30,,34268,18,0,59,1,70,,34277,18,0,59,1,30,,29388,18,0,59,1,70,,34278,18,0,59,1,30,,34269,18,0,59,1
30800,'6',609,,34302,18,0,59,1,30,,34283,18,0,59,1,70,,34303,18,0,59,1,30,,34291,18,0,59,1,70,,34301,18,0,59,1,30,,34287,18,0,59,1,70,,34304,18,0,59,1,30,,34289,18,0,59,1,70,,34296,18,0,59,1,30,,34298,18,0,59,1,70,,34295,18,0,59,1,30,,34293,18,0,59,1,70,,34305,18,0,59,1,30,,34306,18,0,59,1,70,,34290,18,0,59,1,30,,34292,18,0,59,1,69,,34294,18,0,59,1,33,,34286,18,0,59,1,70,,34284,18,0,59,1,30,,34285,18,0,59,1,70,,34299,18,0,59,1,30,,34297,18,0,59,1,70,,34300,18,0,59,1,30,,34288,18,0,59,1
40800,'1',623,,39087,18,0,60 61,1,30,,39086,18,0,60 61,1,70,,39072,18,0,60 61,1,30,,39094,18,0,60 61,1,70,,39093,18,0,60 61,1,30,,39088,18,0,60 61,1,70,,39082,18,0,60 61,1,30,,39096,18,0,60 61,1,70,,39076,18,0,60 61,1,30,,39084,18,0,60 61,1,70,,39079,18,0,60 61,1,30,,30443,18,0,60 61,1,70,,39074,18,0,60 61,1,30,,39075,18,0,60 61,1,70,,39083,18,0,60 61,1,30,,39089,18,0,60 61,1,70,,39070,18,0,60 61,1,30,,39077,18,0,60 61,1,70,,39080,18,0,60 61,1,30,,39078,18,0,60 61,1,70,,39071,18,0,60 61,1,30,,39097,18,0,60 61,1,70,,39092,18,0,60 61,1,30,,39085,18,0,60 61,1,100,,39091,18,0,60 61,1,100,,39069,18,0,60 61,1,100,,39081,18,0,60 61,1,100,,39095,18,0,60 61,1,100,,39090,18,0,60 61,1,100,,39073,18,0,60 61,1
40800,'11',623,,39116,18,0,60 61,1,30,,39115,18,0,60 61,1,70,,39101,18,0,60 61,1,30,,39123,18,0,60 61,1,70,,39122,18,0,60 61,1,30,,39117,18,0,60 61,1,70,,39111,18,0,60 61,1,30,,39125,18,0,60 61,1,70,,39105,18,0,60 61,1,30,,39113,18,0,60 61,1,70,,39108,18,0,60 61,1,30,,39126,18,0,60 61,1,70,,39103,18,0,60 61,1,30,,39104,18,0,60 61,1,70,,39112,18,0,60 61,1,30,,39118,18,0,60 61,1,70,,39099,18,0,60 61,1,30,,39106,18,0,60 61,1,70,,39109,18,0,60 61,1,30,,39107,18,0,60 61,1,70,,39100,18,0,60 61,1,30,,39127,18,0,60 61,1,70,,39121,18,0,60 61,1,30,,39114,18,0,60 61,1,100,,39120,18,0,60 61,1,100,,39098,18,0,60 61,1,100,,39110,18,0,60 61,1,100,,39124,18,0,60 61,1,100,,39119,18,0,60 61,1,100,,39102,18,0,60 61,1
40800,'12',1753,,39130,18,0,60 61,1,100,,39133,18,0,60 61,1,100,,39134,18,0,60 61,1,100,,39132,18,0,60 61,1,100,,39129,18,0,60 61,1,100,,39128,18,0,60 61,1,100,,39131,18,0,60 61,1
40800,'13',1753,,39137,18,0,60 61,1,100,,39140,18,0,60 61,1,100,,39141,18,0,60 61,1,100,,39139,18,0,60 61,1,100,,39136,18,0,60 61,1,100,,39135,18,0,60 61,1,100,,39138,18,0,60 61,1
40800,'14',1053,,39147,18,0,60 61,1,100,,39145,18,0,60 61,1,100,,39142,18,0,60 61,1,100,,39143,18,0,60 61,1,100,,39148,18,0,60 61,1,100,,39144,18,0,60 61,1,100,,39149,18,0,60 61,1,100,,39146,18,0,60 61,1
40800,'16',623,,39168,18,0,60 61,1,30,,39167,18,0,60 61,1,70,,39153,18,0,60 61,1,30,,39175,18,0,60 61,1,70,,39174,18,0,60 61,1,30,,39169,18,0,60 61,1,70,,39163,18,0,60 61,1,30,,39177,18,0,60 61,1,70,,39157,18,0,60 61,1,30,,39165,18,0,60 61,1,70,,39160,18,0,60 61,1,30,,30481,18,0,60 61,1,70,,39155,18,0,60 61,1,30,,39156,18,0,60 61,1,70,,39164,18,0,60 61,1,30,,39170,18,0,60 61,1,70,,39151,18,0,60 61,1,30,,39158,18,0,60 61,1,70,,39161,18,0,60 61,1,30,,39159,18,0,60 61,1,70,,39152,18,0,60 61,1,30,,39178,18,0,60 61,1,70,,39173,18,0,60 61,1,30,,39166,18,0,60 61,1,100,,39172,18,0,60 61,1,100,,39150,18,0,60 61,1,100,,39162,18,0,60 61,1,100,,39176,18,0,60 61,1,100,,39171,18,0,60 61,1,100,,39154,18,0,60 61,1
40800,'3',1753,,39181,18,0,60 61,1,100,,39184,18,0,60 61,1,100,,39185,18,0,60 61,1,100,,39183,18,0,60 61,1,100,,39180,18,0,60 61,1,100,,39179,18,0,60 61,1,100,,39182,18,0,60 61,1
40800,'6',1753,,39188,18,0,60 61,1,100,,39191,18,0,60 61,1,100,,39192,18,0,60 61,1,100,,39190,18,0,60 61,1,100,,39187,18,0,60 61,1,100,,39186,18,0,60 61,1,100,,39189,18,0,60 61,1
40800,'8',853,,39208,18,0,60 61,1,100,,39199,18,0,60 61,1,70,,39200,18,0,60 61,1,30,,39194,18,0,60 61,1,70,,39197,18,0,60 61,1,30,,39209,18,0,60 61,1,70,,39202,18,0,60 61,1,30,,39204,18,0,60 61,1,70,,39205,18,0,60 61,1,30,,39196,18,0,60 61,1,70,,39210,18,0,60 61,1,30,,39201,18,0,60 61,1,70,,39198,18,0,60 61,1,30,,39193,18,0,60 61,1,70,,39203,18,0,60 61,1,30,,30039,18,0,60 61,1,70,,39207,18,0,60 61,1,30,,31168,18,0,60 61,1,100,,39206,18,0,60 61,1,100,,39195,18,0,60 61,1
