31001,'11',636,,18673,14,0,36,1,70,,28246,14,0,36,1,30,,28232,14,0,36,1,70,,28242,14,0,36,1,30,,28238,14,0,36,1,70,,28247,14,0,36,1,30,,28228,14,0,36,1,70,,28241,14,0,36,1,30,,28236,14,0,36,1,70,,28235,14,0,36,1,30,,28248,14,0,36,1,70,,28237,14,0,36,1,30,,26820,14,0,36,1,70,,28243,14,0,36,1,30,,28234,14,0,36,1,70,,23335,14,0,36,1,30,,28245,14,0,36,1,70,,28233,14,0,36,1,27,,26986,11,0,37 38,1,3,,28227,14,0,36,1,70,,28240,14,0,36,1,30,,28239,14,0,36,1,70,,28231,14,0,36,1,30,,28244,14,0,36,1,70,,28230,14,0,36,1,30,,28229,14,0,36,1
31001,'3',636,,18709,14,0,36,1,70,,28268,14,0,36,1,30,,28254,14,0,36,1,70,,28264,14,0,36,1,30,,28260,14,0,36,1,70,,28269,14,0,36,1,30,,28250,14,0,36,1,70,,28263,14,0,36,1,30,,28258,14,0,36,1,70,,28257,14,0,36,1,30,,28270,14,0,36,1,70,,28259,14,0,36,1,30,,26869,14,0,36,1,70,,28265,14,0,36,1,30,,28256,14,0,36,1,70,,23373,14,0,36,1,30,,28267,14,0,36,1,70,,28255,14,0,36,1,27,,27034,11,0,37 38,1,3,,28249,14,0,36,1,70,,28262,14,0,36,1,30,,28261,14,0,36,1,70,,28253,14,0,36,1,30,,28266,14,0,36,1,70,,28252,14,0,36,1,30,,28251,14,0,36,1
31601,'11',720,,28707,20,,,1,15,,28687,20,,,1,15,,28686,20,,,1,55,,28679,20,,,1,15,,28703,20,,,1,15,,28714,20,,,1,15,,28712,20,,,1,55,,28696,20,,,1,15,,28695,20,,,1,15,,28709,20,,,1,15,,28705,20,,,1,55,,28708,20,,,1,15,,28672,20,,,1,15,,28702,20,,,1,15,,28692,20,,,1,55,,28711,20,,,1,15,,28699,20,,,1,15,,28671,20,,,1,15,,28676,20,,,1,55,,28678,20,,,1,15,,28673,20,,,1,15,,28697,20,,,1,15,,28710,20,,,1,55,,28698,20,,,1,15,,22598,20,,,1,15,,28682,20,,,1,15,,28688,20,,,1,55,,28683,20,,,1,15,,28704,20,,,1,15,,28690,20,,,1,15,,28684,20,,,1,55,,28701,20,,,1,15,,28689,20,,,1,15,,22794,20,,,1,15,,28674,20,,,1,55,,28691,20,,,1,15,,28700,20,,,1,15,,28693,20,,,1,15,,28685,20,,,1,55,,28694,20,,,1,15,,28680,20,,,1,15,,28681,20,,,1,15,,23141,20,,,1,55,,28675,20,,,1,15,,28677,20,,,1,15,,28706,20,,,1,15,,28713,20,,,1
31601,'3',720,,28751,20,,,1,15,,28731,20,,,1,15,,28730,20,,,1,55,,28723,20,,,1,15,,28747,20,,,1,15,,28758,20,,,1,15,,28756,20,,,1,55,,28740,20,,,1,15,,28739,20,,,1,15,,28753,20,,,1,15,,28749,20,,,1,55,,28752,20,,,1,15,,28716,20,,,1,15,,28746,20,,,1,15,,28736,20,,,1,55,,28755,20,,,1,15,,28743,20,,,1,15,,28715,20,,,1,15,,28720,20,,,1,55,,28722,20,,,1,15,,28717,20,,,1,15,,28741,20,,,1,15,,28754,20,,,1,55,,28742,20,,,1,15,,22614,20,,,1,15,,28726,20,,,1,15,,28732,20,,,1,55,,28727,20,,,1,15,,28748,20,,,1,15,,28734,20,,,1,15,,28728,20,,,1,55,,28745,20,,,1,15,,28733,20,,,1,15,,22816,20,,,1,15,,28718,20,,,1,55,,28735,20,,,1,15,,28744,20,,,1,15,,28737,20,,,1,15,,28729,20,,,1,55,,28738,20,,,1,15,,28724,20,,,1,15,,28725,20,,,1,15,,23154,20,,,1,55,,28719,20,,,1,15,,28721,20,,,1,15,,28750,20,,,1,15,,28757,20,,,1
41001,'1',639,,23182,14,0,37 38,1,70,,24886,14,0,37 38,1,30,,31193,14,0,37 38,1,70,,31188,14,0,37 38,1,30,,31187,14,0,37 38,1,70,,21426,14,0,37 38,1,30,,31194,14,0,37 38,1,70,,31189,14,0,37 38,1,30,,31192,14,0,37 38,1,70,,31181,14,0,37 38,1,30,,31180,14,0,37 38,1,70,,31182,14,0,37 38,1,30,,31191,14,0,37 38,1,70,,31196,14,0,37 38,1,30,,31178,14,0,37 38,1,70,,31186,14,0,37 38,1,30,,31179,14,0,37 38,1,70,,31190,14,0,37 38,1,30,,31183,14,0,37 38,1,70,,24701,14,0,37 38,1,30,,21576,14,0,37 38,1,70,,31184,14,0,37 38,1,30,,31185,14,0,37 38,1,70,,31195,14,0,37 38,1
41001,'12',1139,,31202,14,0,37 38,1,100,,31200,14,0,37 38,1,100,,31199,14,0,37 38,1,100,,31201,14,0,37 38,1,100,,31198,14,0,37 38,1,100,,31203,14,0,37 38,1,100,,31197,14,0,37 38,1
41001,'14',639,,31215,14,0,37 38,1,70,,31216,14,0,37 38,1,30,,31222,14,0,37 38,1,70,,31213,14,0,37 38,1,30,,31212,14,0,37 38,1,70,,31209,14,0,37 38,1,30,,31223,14,0,37 38,1,70,,31214,14,0,37 38,1,30,,31221,14,0,37 38,1,70,,31206,14,0,37 38,1,30,,26845,14,0,37 38,1,70,,31207,14,0,37 38,1,30,,31220,14,0,37 38,1,70,,31225,14,0,37 38,1,30,,31204,14,0,37 38,1,70,,31211,14,0,37 38,1,30,,31205,14,0,37 38,1,70,,31217,14,0,37 38,1,30,,26849,14,0,37 38,1,70,,31219,14,0,37 38,1,30,,31218,14,0,37 38,1,70,,31208,14,0,37 38,1,30,,31210,14,0,37 38,1,70,,31224,14,0,37 38,1
41001,'8',939,,31238,14,0,37 38,1,100,,31240,14,0,37 38,1,70,,31232,14,0,37 38,1,30,,31234,14,0,37 38,1,70,,31227,14,0,37 38,1,30,,31226,14,0,37 38,1,70,,31242,14,0,37 38,1,30,,31233,14,0,37 38,1,70,,31235,14,0,37 38,1,30,,31228,14,0,37 38,1,70,,31236,14,0,37 38,1,30,,31230,14,0,37 38,1,70,,31239,14,0,37 38,1,30,,31241,14,0,37 38,1,70,,31244,14,0,37 38,1,30,,31229,14,0,37 38,1,70,,31231,14,0,37 38,1,30,,31243,14,0,37 38,1,100,,31237,14,0,37 38,1
41601,'1',740,,31783,20,,,1,70,,31807,20,,,1,30,,31785,20,,,1,70,,31798,20,,,1,25,,31799,20,,,1,70,,31788,20,,,1,31,,22955,20,,,1,70,,31805,20,,,1,30,,31797,20,,,1,70,,31789,20,,,1,30,,31792,20,,,1,70,,31803,20,,,1,30,,31795,20,,,1,70,,24008,20,,,1,30,,31784,20,,,1,70,,31808,20,,,1,30,,31814,20,,,1,70,,22208,20,,,1,30,,31801,20,,,1,70,,31812,20,,,1,30,,31786,20,,,1,70,,31810,20,,,1,35,,31804,20,,,1,69,,31796,20,,,1,30,,31793,20,,,1,70,,24686,20,,,1,30,,31791,20,,,1,70,,31794,20,,,1,30,,31790,20,,,1,67,,23235,20,,,1,3,,31800,20,,,1,27,,31802,20,,,1,3,,31813,20,,,1,67,,31787,20,,,1,3,,31806,20,,,1,27,,31811,20,,,1,3,,31809,20,,,1
41601,'11',1910,,31815,20,,,1,30,,31824,20,,,1,70,,31820,20,,,1,30,,31818,20,,,1,70,,31816,20,,,1,30,,31821,20,,,1,70,,31823,20,,,1,30,,31817,20,,,1,70,,31822,20,,,1,30,,31819,20,,,1
41601,'12',1111,,31826,20,,,1,30,,31835,20,,,1,70,,31834,20,,,1,30,,31831,20,,,1,70,,31833,20,,,1,30,,31832,20,,,1,70,,31828,20,,,1,30,,31827,20,,,1,70,,31830,20,,,1,30,,31836,20,,,1,70,,31837,20,,,1,30,,24535,20,,,1,70,,31838,20,,,1,30,,31825,20,,,1,70,,31829,20,,,1
41601,'14',740,,31839,20,,,1,70,,31866,20,,,1,30,,31841,20,,,1,70,,31857,20,,,1,25,,16948,20,,,1,70,,31846,20,,,1,31,,31842,20,,,1,70,,31864,20,,,1,30,,31854,20,,,1,70,,31847,20,,,1,30,,31850,20,,,1,70,,31862,20,,,1,30,,31852,20,,,1,70,,31845,20,,,1,30,,31840,20,,,1,70,,31867,20,,,1,30,,31873,20,,,1,70,,31860,20,,,1,30,,31859,20,,,1,70,,31871,20,,,1,30,,31843,20,,,1,70,,31869,20,,,1,35,,31863,20,,,1,69,,31853,20,,,1,30,,26451,20,,,1,70,,31855,20,,,1,30,,31849,20,,,1,70,,31851,20,,,1,30,,31848,20,,,1,67,,31856,20,,,1,3,,31858,20,,,1,27,,31861,20,,,1,3,,31872,20,,,1,67,,31844,20,,,1,3,,31865,20,,,1,27,,31870,20,,,1,3,,31868,20,,,1
41601,'3',1910,,31874,20,,,1,30,,31883,20,,,1,70,,31879,20,,,1,30,,31877,20,,,1,70,,31875,20,,,1,30,,31880,20,,,1,70,,31882,20,,,1,30,,31876,20,,,1,70,,31881,20,,,1,30,,31878,20,,,1
41601,'8',905,,31886,20,,,1,30,,31888,20,,,1,70,,31898,20,,,1,31,,31899,20,,,1,70,,26496,20,,,1,30,,31890,20,,,1,70,,25712,20,,,1,30,,31902,20,,,1,70,,31897,20,,,1,30,,31891,20,,,1,70,,31900,20,,,1,30,,31896,20,,,1,70,,31887,20,,,1,30,,31903,20,,,1,70,,31905,20,,,1,30,,31885,20,,,1,70,,31895,20,,,1,30,,31904,20,,,1,70,,31901,20,,,1,30,,31884,20,,,1,70,,31893,20,,,1,29,,31894,20,,,1,70,,31892,20,,,1,30,,31889,20,,,1
