30900,'12',616,,34408,2,,,1,30,,34397,2,,,1,70,,34402,2,,,1,30,,34399,2,,,1,70,,34391,2,,,1,30,,34409,2,,,1,70,,34395,2,,,1,30,,34404,2,,,1,70,,34401,2,,,1,30,,34400,2,,,1,70,,34393,2,,,1,30,,34411,2,,,1,70,,34390,2,,,1,30,,34398,2,,,1,70,,34410,2,,,1,30,,34394,2,,,1,71,,34406,2,,,1,30,,34392,2,,,1,70,,34407,2,,,1,30,,34405,2,,,1,70,,34396,2,,,1,30,,34403,2,,,1,70,,34389,2,,,1
30900,'13',616,,34426,2,,,1,30,,34418,2,,,1,70,,34421,2,,,1,30,,34419,2,,,1,70,,34414,2,,,1,30,,34427,2,,,1,70,,34416,2,,,1,30,,27440,2,,,1,70,,27095,2,,,1,30,,34420,2,,,1,70,,28989,2,,,1,30,,34428,2,,,1,70,,34413,2,,,1,30,,29327,2,,,1,70,,29478,2,,,1,30,,28899,2,,,1,71,,34424,2,,,1,30,,34415,2,,,1,70,,34425,2,,,1,30,,34423,2,,,1,70,,34417,2,,,1,30,,34422,2,,,1,70,,34412,2,,,1
30900,'3',616,,34443,2,,,1,30,,34435,2,,,1,70,,34438,2,,,1,30,,34436,2,,,1,70,,34431,2,,,1,30,,34444,2,,,1,70,,34433,2,,,1,30,,27489,2,,,1,70,,27099,2,,,1,30,,34437,2,,,1,70,,29011,2,,,1,30,,34445,2,,,1,70,,34430,2,,,1,30,,29348,2,,,1,70,,29599,2,,,1,30,,28923,2,,,1,71,,34441,2,,,1,30,,34432,2,,,1,70,,34442,2,,,1,30,,34440,2,,,1,70,,34434,2,,,1,30,,34439,2,,,1,70,,34429,2,,,1
30900,'6',616,,34465,2,,,1,30,,34454,2,,,1,70,,34459,2,,,1,30,,34456,2,,,1,70,,34448,2,,,1,30,,34466,2,,,1,70,,34452,2,,,1,30,,34461,2,,,1,70,,34458,2,,,1,30,,34457,2,,,1,70,,34450,2,,,1,30,,34468,2,,,1,70,,34447,2,,,1,30,,34455,2,,,1,70,,34467,2,,,1,30,,34451,2,,,1,71,,34463,2,,,1,30,,34449,2,,,1,70,,34464,2,,,1,30,,34462,2,,,1,70,,34453,2,,,1,30,,34460,2,,,1,70,,34446,2,,,1
31200,'12',601,,34950,2,0,23,1,30,,34941,2,0,23,1,70,,34938,2,0,23,1,30,,34940,2,0,23,1,70,,34952,2,0,23,1,30,,34934,2,0,23,1,70,,34948,2,0,23,1,30,,34937,2,0,23,1,70,,34951,2,0,23,1,30,,34947,2,0,23,1,70,,34955,2,0,23,1,30,,34945,2,0,23,1,70,,34931,2,0,23,1,30,,34932,2,0,23,1,70,,34954,2,0,23,1,30,,34942,2,0,23,1,71,,34953,2,0,23,1,30,,34935,2,0,23,1,70,,34936,2,0,23,1,30,,34939,2,0,23,1,70,,34944,2,0,23,1,30,,34946,2,0,23,1,70,,34933,2,0,23,1,30,,34943,2,0,23,1,70,,34949,2,0,23,1
31200,'13',601,,27356,2,0,23,1,30,,34965,2,0,23,1,70,,28317,2,0,23,1,30,,34964,2,0,23,1,70,,34974,2,0,23,1,30,,34959,2,0,23,1,70,,34971,2,0,23,1,30,,34962,2,0,23,1,70,,34973,2,0,23,1,30,,34970,2,0,23,1,70,,34976,2,0,23,1,30,,34968,2,0,23,1,70,,34956,2,0,23,1,30,,34957,2,0,23,1,70,,34975,2,0,23,1,30,,442,2,0,23,1,71,,29070,2,0,23,1,30,,34960,2,0,23,1,70,,34961,2,0,23,1,30,,34963,2,0,23,1,70,,34967,2,0,23,1,30,,34969,2,0,23,1,70,,34958,2,0,23,1,30,,34966,2,0,23,1,70,,34972,2,0,23,1
31200,'3',601,,27394,2,0,23,1,30,,34986,2,0,23,1,70,,28338,2,0,23,1,30,,34985,2,0,23,1,70,,34995,2,0,23,1,30,,34980,2,0,23,1,70,,34992,2,0,23,1,30,,34983,2,0,23,1,70,,34994,2,0,23,1,30,,34991,2,0,23,1,70,,34997,2,0,23,1,30,,34989,2,0,23,1,70,,34977,2,0,23,1,30,,34978,2,0,23,1,70,,34996,2,0,23,1,30,,465,2,0,23,1,71,,29098,2,0,23,1,30,,34981,2,0,23,1,70,,34982,2,0,23,1,30,,34984,2,0,23,1,70,,34988,2,0,23,1,30,,34990,2,0,23,1,70,,34979,2,0,23,1,30,,34987,2,0,23,1,70,,34993,2,0,23,1
31200,'6',601,,35017,2,0,23,1,30,,35008,2,0,23,1,70,,35005,2,0,23,1,30,,35007,2,0,23,1,70,,35019,2,0,23,1,30,,35001,2,0,23,1,70,,35015,2,0,23,1,30,,35004,2,0,23,1,70,,35018,2,0,23,1,30,,35014,2,0,23,1,70,,35022,2,0,23,1,30,,35012,2,0,23,1,70,,34998,2,0,23,1,30,,34999,2,0,23,1,70,,35021,2,0,23,1,30,,35009,2,0,23,1,71,,35020,2,0,23,1,30,,35002,2,0,23,1,70,,35003,2,0,23,1,30,,35006,2,0,23,1,70,,35011,2,0,23,1,30,,35013,2,0,23,1,70,,35000,2,0,23,1,30,,35010,2,0,23,1,70,,35016,2,0,23,1
40900,'1',646,,39350,2,0,23,1,70,,39359,2,0,23,1,30,,39351,2,0,23,1,70,,39367,2,0,23,1,30,,32246,2,0,23,1,70,,39349,2,0,23,1,30,,39348,2,0,23,1,70,,39345,2,0,23,1,30,,39363,2,0,23,1,70,,39362,2,0,23,1,30,,39355,2,0,23,1,70,,31045,2,0,23,1,30,,39365,2,0,23,1,70,,39346,2,0,23,1,30,,39343,2,0,23,1,70,,39353,2,0,23,1,30,,39360,2,0,23,1,70,,39358,2,0,23,1,30,,39354,2,0,23,1,70,,39344,2,0,23,1,30,,39356,2,0,23,1,70,,39357,2,0,23,1,30,,39347,2,0,23,1,100,,39364,2,0,23,1,100,,39342,2,0,23,1,100,,39366,2,0,23,1,100,,39361,2,0,23,1,100,,39368,2,0,23,1,100,,39352,2,0,23,1
40900,'11',646,,39378,2,0,23,1,70,,39387,2,0,23,1,30,,39379,2,0,23,1,70,,39395,2,0,23,1,30,,39370,2,0,23,1,70,,39377,2,0,23,1,30,,39376,2,0,23,1,70,,39373,2,0,23,1,30,,39391,2,0,23,1,70,,39390,2,0,23,1,30,,39383,2,0,23,1,70,,39396,2,0,23,1,30,,39393,2,0,23,1,70,,39374,2,0,23,1,30,,39371,2,0,23,1,70,,39381,2,0,23,1,30,,39388,2,0,23,1,70,,39386,2,0,23,1,30,,39382,2,0,23,1,70,,39372,2,0,23,1,30,,39384,2,0,23,1,70,,39385,2,0,23,1,30,,39375,2,0,23,1,100,,39392,2,0,23,1,100,,39369,2,0,23,1,100,,39394,2,0,23,1,100,,39389,2,0,23,1,100,,39397,2,0,23,1,100,,39380,2,0,23,1
40900,'12',1746,,39403,2,0,23,1,100,,39398,2,0,23,1,100,,39404,2,0,23,1,100,,39402,2,0,23,1,100,,39401,2,0,23,1,100,,39399,2,0,23,1,100,,39400,2,0,23,1
40900,'13',1746,,39408,2,0,23,1,100,,39405,2,0,23,1,100,,39409,2,0,23,1,100,,27727,2,0,23,1,100,,28548,2,0,23,1,100,,39406,2,0,23,1,100,,39407,2,0,23,1
40900,'14',1046,,39410,2,0,23,1,100,,39416,2,0,23,1,100,,39414,2,0,23,1,100,,39415,2,0,23,1,100,,39417,2,0,23,1,100,,39413,2,0,23,1,100,,39412,2,0,23,1,100,,39411,2,0,23,1
40900,'16',646,,39426,2,0,23,1,70,,39435,2,0,23,1,30,,39427,2,0,23,1,70,,39443,2,0,23,1,30,,32290,2,0,23,1,70,,39425,2,0,23,1,30,,39424,2,0,23,1,70,,39421,2,0,23,1,30,,39439,2,0,23,1,70,,39438,2,0,23,1,30,,39431,2,0,23,1,70,,31083,2,0,23,1,30,,39441,2,0,23,1,70,,39422,2,0,23,1,30,,39419,2,0,23,1,70,,39429,2,0,23,1,30,,39436,2,0,23,1,70,,39434,2,0,23,1,30,,39430,2,0,23,1,70,,39420,2,0,23,1,30,,39432,2,0,23,1,70,,39433,2,0,23,1,30,,39423,2,0,23,1,100,,39440,2,0,23,1,100,,39418,2,0,23,1,100,,39442,2,0,23,1,100,,39437,2,0,23,1,100,,39444,2,0,23,1,100,,39428,2,0,23,1
40900,'3',1746,,39448,2,0,23,1,100,,39445,2,0,23,1,100,,39449,2,0,23,1,100,,27748,2,0,23,1,100,,28570,2,0,23,1,100,,39446,2,0,23,1,100,,39447,2,0,23,1
40900,'6',1746,,39455,2,0,23,1,100,,39450,2,0,23,1,100,,39456,2,0,23,1,100,,39454,2,0,23,1,100,,39453,2,0,23,1,100,,39451,2,0,23,1,100,,39452,2,0,23,1
40900,'8',846,,39471,2,0,23,1,170,,39458,2,0,23,1,30,,39461,2,0,23,1,70,,39470,2,0,23,1,30,,39464,2,0,23,1,70,,39469,2,0,23,1,30,,39468,2,0,23,1,100,,39459,2,0,23,1,70,,26494,2,0,23,1,30,,39460,2,0,23,1,70,,39467,2,0,23,1,30,,39466,2,0,23,1,70,,39463,2,0,23,1,30,,39457,2,0,23,1,70,,39473,2,0,23,1,30,,39472,2,0,23,1,100,,39465,2,0,23,1,100,,39462,2,0,23,1
