33701,'1',1052,,16365,28,,,1,70,,16353,28,,,1,30,,16370,28,,,1,70,,16369,28,,,1,30,,16367,28,,,1,70,,16352,28,,,1,30,,16355,28,,,1,70,,1922,28,,,1,30,,676,28,,,1,70,,16351,28,,,1,30,,16366,28,,,1,70,,16371,28,,,1,30,,16354,28,,,1,70,,16364,28,,,1,30,,2019,28,,,1
33701,'10',651,,16419,28,,,1,70,,16385,28,,,1,30,,16424,28,,,1,70,,16396,28,,,1,30,,16405,28,,,1,70,,16421,28,,,1,30,,16400,28,,,1,71,,16401,28,,,1,30,,16379,28,,,1,70,,16387,28,,,1,30,,16382,28,,,1,70,,16412,28,,,1,30,,16403,28,,,1,70,,16414,28,,,1,30,,16406,28,,,1,70,,16376,28,,,1,30,,16397,28,,,1,70,,16417,28,,,1,30,,16416,28,,,1,70,,16391,28,,,1,30,,16413,28,,,1,70,,16404,28,,,1,30,,16398,28,,,1,70,,16407,28,,,1,30,,16422,28,,,1
33701,'12',1122,,16438,28,,,1,30,,16449,28,,,1,70,,5940,28,,,1,30,,16429,28,,,1,70,,16444,28,,,1,30,,16450,28,,,1,70,,16445,28,,,1,30,,16441,28,,,1,70,,16426,28,,,1,30,,16447,28,,,1,70,,16433,28,,,1,30,,16452,28,,,1,70,,16448,28,,,1,30,,16436,28,,,1,70,,6367,28,,,1
33701,'15',631,,16458,28,,,1,70,,16453,28,,,1,30,,16499,28,,,1,70,,16473,28,,,1,30,,16461,28,,,1,70,,16465,28,,,1,30,,16489,28,,,1,70,,16480,28,,,1,31,,16494,28,,,1,70,,16490,28,,,1,30,,16483,28,,,1,70,,16460,28,,,1,30,,16486,28,,,1,70,,16471,28,,,1,30,,16497,28,,,1,70,,16498,28,,,1,30,,16475,28,,,1,70,,16462,28,,,1,30,,16493,28,,,1,70,,16495,28,,,1,30,,16468,28,,,1,70,,16456,28,,,1,30,,16482,28,,,1,70,,16481,28,,,1,30,,16478,28,,,1
33701,'16',631,,16507,28,,,1,70,,16503,28,,,1,30,,16541,28,,,1,70,,16521,28,,,1,30,,16510,28,,,1,70,,16513,28,,,1,30,,16534,28,,,1,70,,16527,28,,,1,31,,7523,28,,,1,70,,3360,28,,,1,30,,16529,28,,,1,70,,16509,28,,,1,30,,4836,28,,,1,70,,16519,28,,,1,30,,16539,28,,,1,70,,16540,28,,,1,30,,3451,28,,,1,70,,16511,28,,,1,30,,7809,28,,,1,70,,16537,28,,,1,30,,16516,28,,,1,70,,16505,28,,,1,30,,5268,28,,,1,70,,16528,28,,,1,30,,16525,28,,,1
33701,'17',631,,16549,28,,,1,70,,16545,28,,,1,30,,16581,28,,,1,70,,16563,28,,,1,30,,16552,28,,,1,70,,16555,28,,,1,30,,16574,28,,,1,70,,16569,28,,,1,31,,7542,28,,,1,70,,3384,28,,,1,30,,16570,28,,,1,70,,16551,28,,,1,30,,4859,28,,,1,70,,16561,28,,,1,30,,16579,28,,,1,70,,16580,28,,,1,30,,3475,28,,,1,70,,16553,28,,,1,30,,7815,28,,,1,70,,16577,28,,,1,30,,16558,28,,,1,70,,16547,28,,,1,30,,5318,28,,,1,70,,1891,28,,,1,30,,16567,28,,,1
33701,'19',631,,16590,28,,,1,70,,16585,28,,,1,30,,16629,28,,,1,70,,16605,28,,,1,30,,16593,28,,,1,70,,16597,28,,,1,30,,16619,28,,,1,70,,16612,28,,,1,31,,16624,28,,,1,70,,16620,28,,,1,30,,16615,28,,,1,70,,16592,28,,,1,30,,16618,28,,,1,70,,16603,28,,,1,30,,16627,28,,,1,70,,16628,28,,,1,30,,16607,28,,,1,70,,16594,28,,,1,30,,16623,28,,,1,70,,16625,28,,,1,30,,16600,28,,,1,70,,16588,28,,,1,30,,16614,28,,,1,70,,16613,28,,,1,30,,16610,28,,,1
33701,'21',651,,16669,28,,,1,70,,16642,28,,,1,30,,16674,28,,,1,70,,16650,28,,,1,30,,16658,28,,,1,70,,16671,28,,,1,30,,16653,28,,,1,71,,16654,28,,,1,30,,16636,28,,,1,70,,16644,28,,,1,30,,16639,28,,,1,70,,7853,28,,,1,30,,16656,28,,,1,70,,16664,28,,,1,30,,16659,28,,,1,70,,16633,28,,,1,30,,16651,28,,,1,70,,16667,28,,,1,30,,16666,28,,,1,70,,6402,28,,,1,30,,16663,28,,,1,70,,16657,28,,,1,30,,7681,28,,,1,70,,16660,28,,,1,30,,16672,28,,,1
33701,'5',631,,16679,28,,,1,70,,16676,28,,,1,30,,16711,28,,,1,70,,16693,28,,,1,30,,16682,28,,,1,70,,16685,28,,,1,30,,16704,28,,,1,70,,16699,28,,,1,31,,7612,28,,,1,70,,3408,28,,,1,30,,16700,28,,,1,70,,16681,28,,,1,30,,4882,28,,,1,70,,16691,28,,,1,30,,16709,28,,,1,70,,16710,28,,,1,30,,3499,28,,,1,70,,16683,28,,,1,30,,7859,28,,,1,70,,16707,28,,,1,30,,16688,28,,,1,70,,16678,28,,,1,30,,5448,28,,,1,70,,1916,28,,,1,30,,16697,28,,,1
33701,'6',631,,16720,28,,,1,70,,16715,28,,,1,30,,16761,28,,,1,70,,16735,28,,,1,30,,16723,28,,,1,70,,16727,28,,,1,30,,16751,28,,,1,70,,16742,28,,,1,31,,16756,28,,,1,70,,16752,28,,,1,30,,16745,28,,,1,70,,16722,28,,,1,30,,16748,28,,,1,70,,16733,28,,,1,30,,16759,28,,,1,70,,16760,28,,,1,30,,16737,28,,,1,70,,16724,28,,,1,30,,16755,28,,,1,70,,16757,28,,,1,30,,16730,28,,,1,70,,16718,28,,,1,30,,16744,28,,,1,70,,16743,28,,,1,30,,16740,28,,,1
