30301,'1',636,,21864,18,0,32 33,1,70,,21869,18,0,32 33,1,30,,21878,18,0,32 33,1,70,,21872,18,0,32 33,1,30,,21873,18,0,32 33,1,70,,21877,18,0,32 33,1,30,,21868,18,0,32 33,1,70,,21884,18,0,32 33,1,30,,18792,18,0,32 33,1,70,,21870,18,0,32 33,1,30,,17004,18,0,32 33,1,70,,21879,18,0,32 33,1,30,,21865,18,0,32 33,1,70,,21880,18,0,32 33,1,30,,21863,18,0,32 33,1,70,,21866,18,0,32 33,1,31,,21875,18,0,32 33,1,70,,21876,18,0,32 33,1,30,,21882,18,0,32 33,1,70,,21874,18,0,32 33,1,30,,21867,18,0,32 33,1,70,,21883,18,0,32 33,1,30,,21881,18,0,32 33,1,70,,21871,18,0,32 33,1
30301,'10',636,,21886,18,0,32 33,1,70,,21891,18,0,32 33,1,30,,21900,18,0,32 33,1,70,,21894,18,0,32 33,1,30,,21895,18,0,32 33,1,70,,21899,18,0,32 33,1,30,,21890,18,0,32 33,1,70,,21908,18,0,32 33,1,30,,21905,18,0,32 33,1,70,,21892,18,0,32 33,1,30,,21901,18,0,32 33,1,70,,21902,18,0,32 33,1,30,,21887,18,0,32 33,1,70,,21903,18,0,32 33,1,30,,21885,18,0,32 33,1,70,,21888,18,0,32 33,1,31,,21897,18,0,32 33,1,70,,21898,18,0,32 33,1,30,,21906,18,0,32 33,1,70,,21896,18,0,32 33,1,30,,21889,18,0,32 33,1,70,,21907,18,0,32 33,1,30,,21904,18,0,32 33,1,70,,21893,18,0,32 33,1
30301,'3',636,,21910,18,0,32 33,1,70,,21915,18,0,32 33,1,30,,21924,18,0,32 33,1,70,,21918,18,0,32 33,1,30,,21919,18,0,32 33,1,70,,21923,18,0,32 33,1,30,,21914,18,0,32 33,1,70,,21931,18,0,32 33,1,30,,21929,18,0,32 33,1,70,,21916,18,0,32 33,1,30,,21925,18,0,32 33,1,70,,21926,18,0,32 33,1,30,,21911,18,0,32 33,1,70,,21927,18,0,32 33,1,30,,21909,18,0,32 33,1,70,,21912,18,0,32 33,1,31,,21921,18,0,32 33,1,70,,21922,18,0,32 33,1,30,,21930,18,0,32 33,1,70,,21920,18,0,32 33,1,30,,21913,18,0,32 33,1,70,,9831,18,0,32 33,1,30,,21928,18,0,32 33,1,70,,21917,18,0,32 33,1
31501,'1',615,,23220,34,0,20 14 35 26,1,30,,23226,34,0,20 14 35 26,1,70,,23234,34,0,20 14 35 26,1,30,,23227,34,0,20 14 35 26,1,70,,23223,34,0,20 14 35 26,1,30,,23240,34,0,20 14 35 26,1,70,,23233,34,0,20 14 35 26,1,30,,23232,34,0,20 14 35 26,1,70,,23239,34,0,20 14 35 26,1,30,,23224,34,0,20 14 35 26,1,70,,23230,34,0,20 14 35 26,1,30,,23238,34,0,20 14 35 26,1,70,,17005,34,0,20 14 35 26,1,30,,23235,34,0,20 14 35 26,1,70,,23228,34,0,20 14 35 26,1,30,,23231,34,0,20 14 35 26,1,71,,23241,34,0,20 14 35 26,1,30,,23229,34,0,20 14 35 26,1,70,,17670,34,0,20 14 35 26,1,30,,23225,34,0,20 14 35 26,1,70,,23237,34,0,20 14 35 26,1,30,,23221,34,0,20 14 35 26,1,70,,23236,34,0,20 14 35 26,1,30,,23222,34,0,20 14 35 26,1
31501,'10',615,,23242,34,0,20 14 35 26,1,30,,23247,34,0,20 14 35 26,1,70,,23257,34,0,20 14 35 26,1,30,,23248,34,0,20 14 35 26,1,70,,23244,34,0,20 14 35 26,1,30,,23263,34,0,20 14 35 26,1,70,,23255,34,0,20 14 35 26,1,30,,23254,34,0,20 14 35 26,1,70,,23262,34,0,20 14 35 26,1,30,,23245,34,0,20 14 35 26,1,70,,23251,34,0,20 14 35 26,1,30,,23261,34,0,20 14 35 26,1,70,,23253,34,0,20 14 35 26,1,30,,23258,34,0,20 14 35 26,1,70,,23249,34,0,20 14 35 26,1,30,,23252,34,0,20 14 35 26,1,71,,23264,34,0,20 14 35 26,1,30,,23250,34,0,20 14 35 26,1,70,,23256,34,0,20 14 35 26,1,30,,23246,34,0,20 14 35 26,1,70,,23260,34,0,20 14 35 26,1,30,,23243,34,0,20 14 35 26,1,70,,23259,34,0,20 14 35 26,1,30,,11621,34,0,20 14 35 26,1
31501,'3',615,,23265,34,0,20 14 35 26,1,30,,23270,34,0,20 14 35 26,1,70,,23280,34,0,20 14 35 26,1,30,,23271,34,0,20 14 35 26,1,70,,23267,34,0,20 14 35 26,1,30,,23286,34,0,20 14 35 26,1,70,,23278,34,0,20 14 35 26,1,30,,23277,34,0,20 14 35 26,1,70,,23285,34,0,20 14 35 26,1,30,,23268,34,0,20 14 35 26,1,70,,23274,34,0,20 14 35 26,1,30,,23284,34,0,20 14 35 26,1,70,,23276,34,0,20 14 35 26,1,30,,23281,34,0,20 14 35 26,1,70,,23272,34,0,20 14 35 26,1,30,,23275,34,0,20 14 35 26,1,71,,23287,34,0,20 14 35 26,1,30,,23273,34,0,20 14 35 26,1,70,,23279,34,0,20 14 35 26,1,30,,23269,34,0,20 14 35 26,1,70,,23283,34,0,20 14 35 26,1,30,,23266,34,0,20 14 35 26,1,70,,23282,34,0,20 14 35 26,1,30,,11667,34,0,20 14 35 26,1
41501,'1',1825,,26335,43,0,20 14 34,1,30,,26334,43,0,20 14 34,1,80,,26331,43,0,20 14 34,1,100,,19824,43,0,20 14 34,1,100,,26330,43,0,20 14 34,1,100,,26333,43,0,20 14 34,1,100,,26332,43,0,20 14 34,1
41501,'10',1825,,26341,43,0,20 14 34,1,30,,26339,43,0,20 14 34,1,80,,26337,43,0,20 14 34,1,100,,26340,43,0,20 14 34,1,100,,26336,43,0,20 14 34,1,100,,11625,43,0,20 14 34,1,100,,26338,43,0,20 14 34,1
41501,'11',1037,,26351,43,0,20 14 34,1,70,,26342,43,0,20 14 34,1,30,,11251,43,0,20 14 34,1,70,,17296,43,0,20 14 34,1,30,,16181,43,0,20 14 34,1,100,,26347,43,0,20 14 34,1,70,,12175,43,0,20 14 34,1,31,,8482,43,0,20 14 34,1,100,,26349,43,0,20 14 34,1,70,,26346,43,0,20 14 34,1,30,,26350,43,0,20 14 34,1,70,,26352,43,0,20 14 34,1,30,,26345,43,0,20 14 34,1,70,,26348,43,0,20 14 34,1,30,,26343,43,0,20 14 34,1,97,,26344,43,0,20 14 34,1
41501,'13',705,,26379,43,0,20 14 34,1,31,,26369,43,0,20 14 34,1,70,,26367,43,0,20 14 34,1,30,,26374,43,0,20 14 34,1,70,,26364,43,0,20 14 34,1,30,,26375,43,0,20 14 34,1,70,,26359,43,0,20 14 34,1,31,,26372,43,0,20 14 34,1,70,,26363,43,0,20 14 34,1,30,,26360,43,0,20 14 34,1,70,,26368,43,0,20 14 34,1,30,,26373,43,0,20 14 34,1,70,,26353,43,0,20 14 34,1,30,,26366,43,0,20 14 34,1,70,,26362,43,0,20 14 34,1,31,,26361,43,0,20 14 34,1,70,,26358,43,0,20 14 34,1,30,,26357,43,0,20 14 34,1,70,,26370,43,0,20 14 34,1,30,,26371,43,0,20 14 34,1,70,,26356,43,0,20 14 34,1,30,,26365,43,0,20 14 34,1,70,,19917,43,0,20 14 34,1,30,,26355,43,0,20 14 34,1,97,,26376,43,0,20 14 34,1,100,,26378,43,0,20 14 34,1,100,,26354,43,0,20 14 34,1,100,,16641,43,0,20 14 34,1,100,,26377,43,0,20 14 34,1
41501,'3',1825,,26385,43,0,20 14 34,1,30,,26383,43,0,20 14 34,1,80,,26381,43,0,20 14 34,1,100,,26384,43,0,20 14 34,1,100,,26380,43,0,20 14 34,1,100,,11672,43,0,20 14 34,1,100,,26382,43,0,20 14 34,1
41501,'8',1037,,26397,43,0,20 14 34,1,70,,17376,43,0,20 14 34,1,30,,26396,43,0,20 14 34,1,70,,26393,43,0,20 14 34,1,30,,26392,43,0,20 14 34,1,100,,26390,43,0,20 14 34,1,70,,26386,43,0,20 14 34,1,31,,26391,43,0,20 14 34,1,100,,26394,43,0,20 14 34,1,70,,26389,43,0,20 14 34,1,30,,26395,43,0,20 14 34,1,70,,26398,43,0,20 14 34,1,30,,26388,43,0,20 14 34,1,70,,17087,43,0,20 14 34,1,30,,17264,43,0,20 14 34,1,97,,26387,43,0,20 14 34,1
