30600,'12',609,,33883,20,0,7,1,30,,33881,20,0,7,1,70,,33882,20,0,7,1,30,,33861,20,0,7,1,70,,33866,20,0,7,1,30,,33879,20,0,7,1,70,,33864,20,0,7,1,30,,33869,20,0,7,1,70,,33863,20,0,7,1,30,,33878,20,0,7,1,70,,33884,20,0,7,1,30,,33876,20,0,7,1,70,,33865,20,0,7,1,30,,33872,20,0,7,1,70,,33875,20,0,7,1,30,,33862,20,0,7,1,72,,33874,20,0,7,1,30,,33871,20,0,7,1,70,,33880,20,0,7,1,30,,33870,20,0,7,1,70,,33868,20,0,7,1,30,,33867,20,0,7,1,70,,33873,20,0,7,1,30,,33877,20,0,7,1
30600,'13',609,,33904,20,0,7,1,30,,33902,20,0,7,1,70,,33903,20,0,7,1,30,,33885,20,0,7,1,70,,33889,20,0,7,1,30,,33900,20,0,7,1,70,,29025,20,0,7,1,30,,33892,20,0,7,1,70,,33887,20,0,7,1,30,,33899,20,0,7,1,70,,33905,20,0,7,1,30,,33897,20,0,7,1,70,,33888,20,0,7,1,30,,33895,20,0,7,1,70,,33896,20,0,7,1,30,,33886,20,0,7,1,72,,32474,20,0,7,1,30,,33894,20,0,7,1,70,,33901,20,0,7,1,30,,33893,20,0,7,1,70,,33891,20,0,7,1,30,,33890,20,0,7,1,70,,28902,20,0,7,1,30,,33898,20,0,7,1
30600,'3',609,,33925,20,0,7,1,30,,33923,20,0,7,1,70,,33924,20,0,7,1,30,,33906,20,0,7,1,70,,33910,20,0,7,1,30,,33921,20,0,7,1,70,,29032,20,0,7,1,30,,33913,20,0,7,1,70,,33908,20,0,7,1,30,,33920,20,0,7,1,70,,33926,20,0,7,1,30,,33918,20,0,7,1,70,,33909,20,0,7,1,30,,33916,20,0,7,1,70,,33917,20,0,7,1,30,,33907,20,0,7,1,72,,32479,20,0,7,1,30,,33915,20,0,7,1,70,,33922,20,0,7,1,30,,33914,20,0,7,1,70,,33912,20,0,7,1,30,,33911,20,0,7,1,70,,28926,20,0,7,1,30,,33919,20,0,7,1
30600,'6',609,,33949,20,0,7,1,30,,33947,20,0,7,1,70,,33948,20,0,7,1,30,,33927,20,0,7,1,70,,33932,20,0,7,1,30,,33945,20,0,7,1,70,,33930,20,0,7,1,30,,33935,20,0,7,1,70,,33929,20,0,7,1,30,,33944,20,0,7,1,70,,33950,20,0,7,1,30,,33942,20,0,7,1,70,,33931,20,0,7,1,30,,33938,20,0,7,1,70,,33941,20,0,7,1,30,,33928,20,0,7,1,72,,33940,20,0,7,1,30,,33937,20,0,7,1,70,,33946,20,0,7,1,30,,33936,20,0,7,1,70,,33934,20,0,7,1,30,,33933,20,0,7,1,70,,33939,20,0,7,1,30,,33943,20,0,7,1
40600,'1',624,,38838,20,0,9 10,1,30,,38821,20,0,9 10,1,70,,38820,20,0,9 10,1,30,,38834,20,0,9 10,1,70,,31587,20,0,9 10,1,30,,38836,20,0,9 10,1,70,,38828,20,0,9 10,1,30,,38830,20,0,9 10,1,70,,38824,20,0,9 10,1,30,,38829,20,0,9 10,1,70,,38817,20,0,9 10,1,30,,38827,20,0,9 10,1,70,,38816,20,0,9 10,1,30,,29422,20,0,9 10,1,70,,38837,20,0,9 10,1,30,,38826,20,0,9 10,1,70,,31583,20,0,9 10,1,30,,38823,20,0,9 10,1,70,,38814,20,0,9 10,1,30,,23436,20,0,9 10,1,70,,38831,20,0,9 10,1,30,,38822,20,0,9 10,1,70,,38815,20,0,9 10,1,30,,38825,20,0,9 10,1,70,,38835,20,0,9 10,1,100,,30676,20,0,9 10,1,100,,38833,20,0,9 10,1,100,,38819,20,0,9 10,1,100,,38832,20,0,9 10,1,100,,38818,20,0,9 10,1
40600,'11',624,,38868,20,0,9 10,1,30,,38849,20,0,9 10,1,70,,38848,20,0,9 10,1,30,,38864,20,0,9 10,1,70,,38846,20,0,9 10,1,30,,38866,20,0,9 10,1,70,,38856,20,0,9 10,1,30,,38860,20,0,9 10,1,70,,38852,20,0,9 10,1,30,,38857,20,0,9 10,1,70,,38844,20,0,9 10,1,30,,38855,20,0,9 10,1,70,,38843,20,0,9 10,1,30,,38859,20,0,9 10,1,70,,38867,20,0,9 10,1,30,,38854,20,0,9 10,1,70,,38842,20,0,9 10,1,30,,38851,20,0,9 10,1,70,,38840,20,0,9 10,1,30,,38858,20,0,9 10,1,70,,38861,20,0,9 10,1,30,,38850,20,0,9 10,1,70,,38841,20,0,9 10,1,30,,38853,20,0,9 10,1,70,,38865,20,0,9 10,1,100,,38839,20,0,9 10,1,100,,38863,20,0,9 10,1,100,,38847,20,0,9 10,1,100,,38862,20,0,9 10,1,100,,38845,20,0,9 10,1
40600,'12',1824,,38874,20,0,9 10,1,100,,38871,20,0,9 10,1,100,,38873,20,0,9 10,1,100,,38872,20,0,9 10,1,100,,38869,20,0,9 10,1,100,,38870,20,0,9 10,1
40600,'13',1824,,38880,20,0,9 10,1,100,,38877,20,0,9 10,1,100,,38879,20,0,9 10,1,100,,38878,20,0,9 10,1,100,,38875,20,0,9 10,1,100,,38876,20,0,9 10,1
40600,'14',1124,,38887,20,0,9 10,1,100,,38886,20,0,9 10,1,100,,38881,20,0,9 10,1,100,,38884,20,0,9 10,1,100,,38882,20,0,9 10,1,100,,38883,20,0,9 10,1,100,,38885,20,0,9 10,1
40600,'16',624,,38912,20,0,9 10,1,30,,38895,20,0,9 10,1,70,,38894,20,0,9 10,1,30,,38908,20,0,9 10,1,70,,24564,20,0,9 10,1,30,,38910,20,0,9 10,1,70,,38902,20,0,9 10,1,30,,38904,20,0,9 10,1,70,,38898,20,0,9 10,1,30,,38903,20,0,9 10,1,70,,38891,20,0,9 10,1,30,,38901,20,0,9 10,1,70,,38890,20,0,9 10,1,30,,29541,20,0,9 10,1,70,,38911,20,0,9 10,1,30,,38900,20,0,9 10,1,70,,31620,20,0,9 10,1,30,,38897,20,0,9 10,1,70,,38888,20,0,9 10,1,30,,30164,20,0,9 10,1,70,,38905,20,0,9 10,1,30,,38896,20,0,9 10,1,70,,38889,20,0,9 10,1,30,,38899,20,0,9 10,1,70,,38909,20,0,9 10,1,100,,30714,20,0,9 10,1,100,,38907,20,0,9 10,1,100,,38893,20,0,9 10,1,100,,38906,20,0,9 10,1,100,,38892,20,0,9 10,1
40600,'3',1824,,38918,20,0,9 10,1,100,,38915,20,0,9 10,1,100,,38917,20,0,9 10,1,100,,38916,20,0,9 10,1,100,,38913,20,0,9 10,1,100,,38914,20,0,9 10,1
40600,'6',1824,,38924,20,0,9 10,1,100,,38921,20,0,9 10,1,100,,38923,20,0,9 10,1,100,,38922,20,0,9 10,1,100,,38919,20,0,9 10,1,100,,38920,20,0,9 10,1
40600,'8',924,,38931,20,0,9 10,1,100,,38940,20,0,9 10,1,30,,38927,20,0,9 10,1,70,,38926,20,0,9 10,1,30,,38937,20,0,9 10,1,70,,38936,20,0,9 10,1,30,,38925,20,0,9 10,1,70,,30747,20,0,9 10,1,30,,38938,20,0,9 10,1,70,,38941,20,0,9 10,1,30,,38935,20,0,9 10,1,70,,38934,20,0,9 10,1,30,,38930,20,0,9 10,1,70,,32157,20,0,9 10,1,30,,38933,20,0,9 10,1,70,,38939,20,0,9 10,1,30,,38932,20,0,9 10,1,70,,38929,20,0,9 10,1,100,,38928,20,0,9 10,1
