30801,'15',638,,11059,10,0,64 38,1,70,,11055,10,0,64 38,1,30,,11066,10,0,64 38,1,70,,11068,10,0,64 38,1,30,,11056,10,0,64 38,1,70,,11062,10,0,64 38,1,30,,11069,10,0,64 38,1,70,,11054,10,0,64 38,1,30,,11053,10,0,64 38,1,70,,11070,10,0,64 38,1,30,,11074,10,0,64 38,1,70,,11058,10,0,64 38,1,30,,11057,10,0,64 38,1,70,,11064,10,0,64 38,1,30,,11061,10,0,64 38,1,70,,11075,10,0,64 38,1,40,,11065,10,0,64 38,1,70,,11063,10,0,64 38,1,30,,11067,10,0,64 38,1,70,,11071,10,0,64 38,1,30,,11072,10,0,64 38,1,70,,11060,10,0,64 38,1,30,,11073,10,0,64 38,1
30801,'16',638,,2044,10,0,64 38,1,70,,11078,10,0,64 38,1,30,,11086,10,0,64 38,1,70,,1679,10,0,64 38,1,30,,11079,10,0,64 38,1,70,,4305,10,0,64 38,1,30,,11088,10,0,64 38,1,70,,11077,10,0,64 38,1,30,,11076,10,0,64 38,1,70,,94,10,0,64 38,1,30,,11092,10,0,64 38,1,70,,3971,10,0,64 38,1,30,,11080,10,0,64 38,1,70,,11084,10,0,64 38,1,30,,11082,10,0,64 38,1,70,,11093,10,0,64 38,1,40,,11085,10,0,64 38,1,70,,11083,10,0,64 38,1,30,,11087,10,0,64 38,1,70,,11089,10,0,64 38,1,30,,11090,10,0,64 38,1,70,,11081,10,0,64 38,1,30,,11091,10,0,64 38,1
30801,'17',638,,2070,10,0,64 38,1,70,,11096,10,0,64 38,1,30,,11106,10,0,64 38,1,70,,1702,10,0,64 38,1,30,,11097,10,0,64 38,1,70,,11102,10,0,64 38,1,30,,11108,10,0,64 38,1,70,,11095,10,0,64 38,1,30,,11094,10,0,64 38,1,70,,141,10,0,64 38,1,30,,11112,10,0,64 38,1,70,,11099,10,0,64 38,1,30,,11098,10,0,64 38,1,70,,11104,10,0,64 38,1,30,,11101,10,0,64 38,1,70,,11113,10,0,64 38,1,40,,11105,10,0,64 38,1,70,,11103,10,0,64 38,1,30,,11107,10,0,64 38,1,70,,11109,10,0,64 38,1,30,,11110,10,0,64 38,1,70,,11100,10,0,64 38,1,30,,11111,10,0,64 38,1
30801,'19',638,,11120,10,0,64 38,1,70,,11116,10,0,64 38,1,30,,11127,10,0,64 38,1,70,,11129,10,0,64 38,1,30,,11117,10,0,64 38,1,70,,11123,10,0,64 38,1,30,,11130,10,0,64 38,1,70,,11115,10,0,64 38,1,30,,11114,10,0,64 38,1,70,,11131,10,0,64 38,1,30,,11134,10,0,64 38,1,70,,11119,10,0,64 38,1,30,,11118,10,0,64 38,1,70,,11125,10,0,64 38,1,30,,11122,10,0,64 38,1,70,,11135,10,0,64 38,1,40,,11126,10,0,64 38,1,70,,11124,10,0,64 38,1,30,,11128,10,0,64 38,1,70,,7557,10,0,64 38,1,30,,11132,10,0,64 38,1,70,,11121,10,0,64 38,1,30,,11133,10,0,64 38,1
30801,'5',638,,2096,10,0,64 38,1,70,,11138,10,0,64 38,1,30,,11148,10,0,64 38,1,70,,1725,10,0,64 38,1,30,,11139,10,0,64 38,1,70,,11144,10,0,64 38,1,30,,11150,10,0,64 38,1,70,,11137,10,0,64 38,1,30,,11136,10,0,64 38,1,70,,188,10,0,64 38,1,30,,11154,10,0,64 38,1,70,,11141,10,0,64 38,1,30,,11140,10,0,64 38,1,70,,11146,10,0,64 38,1,30,,11143,10,0,64 38,1,70,,11155,10,0,64 38,1,40,,11147,10,0,64 38,1,70,,11145,10,0,64 38,1,30,,11149,10,0,64 38,1,70,,11151,10,0,64 38,1,30,,11152,10,0,64 38,1,70,,11142,10,0,64 38,1,30,,11153,10,0,64 38,1
30801,'6',638,,11162,10,0,64 38,1,70,,11158,10,0,64 38,1,30,,11169,10,0,64 38,1,70,,11171,10,0,64 38,1,30,,11159,10,0,64 38,1,70,,11165,10,0,64 38,1,30,,11172,10,0,64 38,1,70,,11157,10,0,64 38,1,30,,11156,10,0,64 38,1,70,,11173,10,0,64 38,1,30,,11177,10,0,64 38,1,70,,11161,10,0,64 38,1,30,,11160,10,0,64 38,1,70,,11167,10,0,64 38,1,30,,11164,10,0,64 38,1,70,,11178,10,0,64 38,1,40,,11168,10,0,64 38,1,70,,11166,10,0,64 38,1,30,,11170,10,0,64 38,1,70,,11174,10,0,64 38,1,30,,11175,10,0,64 38,1,70,,11163,10,0,64 38,1,30,,11176,10,0,64 38,1
31700,'15',632,,13335,35,0,63,1,70,,13324,35,0,63,1,30,,13332,35,0,63,1,70,,13319,35,0,63,1,30,,13317,35,0,63,1,70,,13331,35,0,63,1,30,,13314,35,0,63,1,70,,13326,35,0,63,1,30,,13322,35,0,63,1,70,,13313,35,0,63,1,30,,13334,35,0,63,1,70,,13328,35,0,63,1,30,,13321,35,0,63,1,70,,13336,35,0,63,1,30,,13333,35,0,63,1,70,,13320,35,0,63,1,30,,13325,35,0,63,1,70,,13330,35,0,63,1,30,,13327,35,0,63,1,70,,13316,35,0,63,1,30,,13318,35,0,63,1,70,,13315,35,0,63,1,30,,13323,35,0,63,1,70,,13329,35,0,63,1
31700,'16',632,,13354,35,0,63,1,70,,13345,35,0,63,1,30,,13351,35,0,63,1,70,,13342,35,0,63,1,30,,13340,35,0,63,1,70,,13350,35,0,63,1,30,,13337,35,0,63,1,70,,13346,35,0,63,1,30,,2450,35,0,63,1,70,,4510,35,0,63,1,30,,13353,35,0,63,1,70,,13348,35,0,63,1,30,,13344,35,0,63,1,70,,13355,35,0,63,1,30,,13352,35,0,63,1,70,,13343,35,0,63,1,30,,2920,35,0,63,1,70,,621,35,0,63,1,30,,13347,35,0,63,1,70,,13339,35,0,63,1,30,,13341,35,0,63,1,70,,13338,35,0,63,1,30,,2535,35,0,63,1,70,,13349,35,0,63,1
31700,'17',632,,13372,35,0,63,1,70,,13364,35,0,63,1,30,,13369,35,0,63,1,70,,13361,35,0,63,1,30,,13359,35,0,63,1,70,,13368,35,0,63,1,30,,13356,35,0,63,1,70,,13365,35,0,63,1,30,,2473,35,0,63,1,70,,4520,35,0,63,1,30,,13371,35,0,63,1,70,,4471,35,0,63,1,30,,13363,35,0,63,1,70,,13373,35,0,63,1,30,,13370,35,0,63,1,70,,13362,35,0,63,1,30,,2988,35,0,63,1,70,,645,35,0,63,1,30,,13366,35,0,63,1,70,,13358,35,0,63,1,30,,13360,35,0,63,1,70,,13357,35,0,63,1,30,,2553,35,0,63,1,70,,13367,35,0,63,1
31700,'19',632,,13396,35,0,63,1,70,,13385,35,0,63,1,30,,13393,35,0,63,1,70,,13380,35,0,63,1,30,,13378,35,0,63,1,70,,13392,35,0,63,1,30,,13375,35,0,63,1,70,,13387,35,0,63,1,30,,13383,35,0,63,1,70,,13374,35,0,63,1,30,,13395,35,0,63,1,70,,13389,35,0,63,1,30,,13382,35,0,63,1,70,,13397,35,0,63,1,30,,13394,35,0,63,1,70,,13381,35,0,63,1,30,,13386,35,0,63,1,70,,13391,35,0,63,1,30,,13388,35,0,63,1,70,,13377,35,0,63,1,30,,13379,35,0,63,1,70,,13376,35,0,63,1,30,,13384,35,0,63,1,70,,13390,35,0,63,1
31700,'5',632,,13414,35,0,63,1,70,,13405,35,0,63,1,30,,13411,35,0,63,1,70,,13403,35,0,63,1,30,,13401,35,0,63,1,70,,13410,35,0,63,1,30,,13398,35,0,63,1,70,,13406,35,0,63,1,30,,2496,35,0,63,1,70,,4545,35,0,63,1,30,,13413,35,0,63,1,70,,13408,35,0,63,1,30,,13404,35,0,63,1,70,,13415,35,0,63,1,30,,13412,35,0,63,1,70,,4206,35,0,63,1,30,,3060,35,0,63,1,70,,669,35,0,63,1,30,,13407,35,0,63,1,70,,13400,35,0,63,1,30,,13402,35,0,63,1,70,,13399,35,0,63,1,30,,2571,35,0,63,1,70,,13409,35,0,63,1
31700,'6',632,,13438,35,0,63,1,70,,13427,35,0,63,1,30,,13435,35,0,63,1,70,,13422,35,0,63,1,30,,13420,35,0,63,1,70,,13434,35,0,63,1,30,,13417,35,0,63,1,70,,13429,35,0,63,1,30,,13425,35,0,63,1,70,,13416,35,0,63,1,30,,13437,35,0,63,1,70,,13431,35,0,63,1,30,,13424,35,0,63,1,70,,13439,35,0,63,1,30,,13436,35,0,63,1,70,,13423,35,0,63,1,30,,13428,35,0,63,1,70,,13433,35,0,63,1,30,,13430,35,0,63,1,70,,13419,35,0,63,1,30,,13421,35,0,63,1,70,,13418,35,0,63,1,30,,13426,35,0,63,1,70,,13432,35,0,63,1
40801,'1',1123,,18013,10,0,64 38,1,100,,18019,10,0,64 38,1,100,,18017,10,0,64 38,1,100,,18014,10,0,64 38,1,100,,18015,10,0,64 38,1,100,,18018,10,0,64 38,1,100,,18016,10,0,64 38,1
40801,'10',653,,18037,10,0,64 38,1,70,,18048,10,0,64 38,1,30,,18026,10,0,64 38,1,70,,18028,10,0,64 38,1,30,,18044,10,0,64 38,1,70,,18025,10,0,64 38,1,30,,18035,10,0,64 38,1,70,,18045,10,0,64 38,1,30,,18038,10,0,64 38,1,70,,18042,10,0,64 38,1,30,,18039,10,0,64 38,1,70,,18030,10,0,64 38,1,30,,18033,10,0,64 38,1,70,,18032,10,0,64 38,1,30,,18029,10,0,64 38,1,70,,18036,10,0,64 38,1,30,,18046,10,0,64 38,1,70,,18023,10,0,64 38,1,30,,18022,10,0,64 38,1,70,,18034,10,0,64 38,1,30,,18027,10,0,64 38,1,70,,18043,10,0,64 38,1,30,,18021,10,0,64 38,1,70,,18047,10,0,64 38,1,100,,18040,10,0,64 38,1,100,,18031,10,0,64 38,1,100,,18041,10,0,64 38,1,100,,18024,10,0,64 38,1,100,,18020,10,0,64 38,1
40801,'12',923,,18065,10,0,64 38,1,100,,18060,10,0,64 38,1,30,,18063,10,0,64 38,1,70,,18049,10,0,64 38,1,30,,18062,10,0,64 38,1,70,,18064,10,0,64 38,1,30,,18058,10,0,64 38,1,70,,18051,10,0,64 38,1,30,,18057,10,0,64 38,1,70,,18052,10,0,64 38,1,30,,18054,10,0,64 38,1,70,,18056,10,0,64 38,1,30,,18061,10,0,64 38,1,70,,7501,10,0,64 38,1,30,,18050,10,0,64 38,1,70,,18053,10,0,64 38,1,30,,18059,10,0,64 38,1,70,,18055,10,0,64 38,1,100,,18066,10,0,64 38,1
40801,'15',1823,,18071,10,0,64 38,1,100,,18068,10,0,64 38,1,100,,18070,10,0,64 38,1,100,,18069,10,0,64 38,1,100,,18072,10,0,64 38,1,100,,18067,10,0,64 38,1
40801,'16',1823,,18076,10,0,64 38,1,100,,18074,10,0,64 38,1,100,,2784,10,0,64 38,1,100,,18075,10,0,64 38,1,100,,18077,10,0,64 38,1,100,,18073,10,0,64 38,1
40801,'17',1823,,18081,10,0,64 38,1,100,,18079,10,0,64 38,1,100,,2807,10,0,64 38,1,100,,18080,10,0,64 38,1,100,,18082,10,0,64 38,1,100,,18078,10,0,64 38,1
40801,'19',1823,,18087,10,0,64 38,1,100,,18084,10,0,64 38,1,100,,18086,10,0,64 38,1,100,,18085,10,0,64 38,1,100,,18088,10,0,64 38,1,100,,18083,10,0,64 38,1
40801,'21',653,,18105,10,0,64 38,1,70,,18116,10,0,64 38,1,30,,18095,10,0,64 38,1,70,,18097,10,0,64 38,1,30,,18112,10,0,64 38,1,70,,18094,10,0,64 38,1,30,,18103,10,0,64 38,1,70,,18113,10,0,64 38,1,30,,18106,10,0,64 38,1,70,,18110,10,0,64 38,1,30,,18107,10,0,64 38,1,70,,18099,10,0,64 38,1,30,,7071,10,0,64 38,1,70,,18101,10,0,64 38,1,30,,18098,10,0,64 38,1,70,,18104,10,0,64 38,1,30,,18114,10,0,64 38,1,70,,18092,10,0,64 38,1,30,,18091,10,0,64 38,1,70,,18102,10,0,64 38,1,30,,18096,10,0,64 38,1,70,,18111,10,0,64 38,1,30,,18090,10,0,64 38,1,70,,18115,10,0,64 38,1,100,,18108,10,0,64 38,1,100,,18100,10,0,64 38,1,100,,18109,10,0,64 38,1,100,,18093,10,0,64 38,1,100,,18089,10,0,64 38,1
40801,'5',1823,,18120,10,0,64 38,1,100,,18118,10,0,64 38,1,100,,2831,10,0,64 38,1,100,,18119,10,0,64 38,1,100,,18121,10,0,64 38,1,100,,18117,10,0,64 38,1
40801,'6',1823,,18126,10,0,64 38,1,100,,18123,10,0,64 38,1,100,,18125,10,0,64 38,1,100,,18124,10,0,64 38,1,100,,18127,10,0,64 38,1,100,,18122,10,0,64 38,1
41700,'1',1130,,19365,35,0,67,1,100,,19369,35,0,67,1,100,,19367,35,0,67,1,100,,19371,35,0,67,1,100,,19370,35,0,67,1,100,,19366,35,0,67,1,100,,19368,35,0,67,1
41700,'10',629,,19385,35,0,67,1,30,,19397,35,0,67,1,71,,19398,35,0,67,1,70,,19391,35,0,67,1,30,,19395,35,0,67,1,70,,19375,35,0,67,1,30,,19396,35,0,67,1,70,,19394,35,0,67,1,30,,19374,35,0,67,1,70,,19389,35,0,67,1,30,,19376,35,0,67,1,70,,19381,35,0,67,1,30,,19380,35,0,67,1,70,,19373,35,0,67,1,30,,19388,35,0,67,1,70,,19378,35,0,67,1,30,,19382,35,0,67,1,70,,19377,35,0,67,1,30,,19379,35,0,67,1,70,,19400,35,0,67,1,30,,19401,35,0,67,1,70,,19383,35,0,67,1,30,,19386,35,0,67,1,70,,19372,35,0,67,1,30,,19393,35,0,67,1,100,,19384,35,0,67,1,100,,19387,35,0,67,1,100,,19399,35,0,67,1,100,,19390,35,0,67,1,100,,19392,35,0,67,1
41700,'12',930,,19404,35,0,67,1,100,,19413,35,0,67,1,70,,19416,35,0,67,1,30,,19405,35,0,67,1,70,,19407,35,0,67,1,30,,19403,35,0,67,1,70,,19412,35,0,67,1,30,,19406,35,0,67,1,70,,19402,35,0,67,1,30,,19410,35,0,67,1,70,,19418,35,0,67,1,30,,19417,35,0,67,1,70,,19414,35,0,67,1,30,,19419,35,0,67,1,70,,19409,35,0,67,1,30,,19411,35,0,67,1,70,,8620,35,0,67,1,30,,19408,35,0,67,1,100,,19415,35,0,67,1
41700,'15',1830,,19423,35,0,67,1,100,,19424,35,0,67,1,100,,19422,35,0,67,1,100,,19425,35,0,67,1,100,,19421,35,0,67,1,100,,19420,35,0,67,1
41700,'16',1830,,19428,35,0,67,1,100,,19429,35,0,67,1,100,,19427,35,0,67,1,100,,19430,35,0,67,1,100,,19426,35,0,67,1,100,,8450,35,0,67,1
41700,'17',1830,,19433,35,0,67,1,100,,19434,35,0,67,1,100,,19432,35,0,67,1,100,,19435,35,0,67,1,100,,19431,35,0,67,1,100,,8455,35,0,67,1
41700,'19',1830,,19439,35,0,67,1,100,,19440,35,0,67,1,100,,19438,35,0,67,1,100,,19441,35,0,67,1,100,,19437,35,0,67,1,100,,19436,35,0,67,1
41700,'21',629,,19452,35,0,67,1,30,,19463,35,0,67,1,71,,19464,35,0,67,1,70,,19457,35,0,67,1,30,,19461,35,0,67,1,70,,19444,35,0,67,1,30,,19462,35,0,67,1,70,,19460,35,0,67,1,30,,19443,35,0,67,1,70,,19455,35,0,67,1,30,,19445,35,0,67,1,70,,19449,35,0,67,1,30,,19448,35,0,67,1,70,,19442,35,0,67,1,30,,19454,35,0,67,1,70,,19446,35,0,67,1,30,,19450,35,0,67,1,70,,5873,35,0,67,1,30,,19447,35,0,67,1,70,,19466,35,0,67,1,30,,19467,35,0,67,1,70,,7268,35,0,67,1,30,,6407,35,0,67,1,70,,6801,35,0,67,1,30,,19459,35,0,67,1,100,,19451,35,0,67,1,100,,19453,35,0,67,1,100,,19465,35,0,67,1,100,,19456,35,0,67,1,100,,19458,35,0,67,1
41700,'5',1830,,19470,35,0,67,1,100,,19471,35,0,67,1,100,,19469,35,0,67,1,100,,19472,35,0,67,1,100,,19468,35,0,67,1,100,,8460,35,0,67,1
41700,'6',1830,,19476,35,0,67,1,100,,19477,35,0,67,1,100,,19475,35,0,67,1,100,,19478,35,0,67,1,100,,19474,35,0,67,1,100,,19473,35,0,67,1
