30801,'12',648,,34328,34,0,64 38,1,70,,34314,34,0,64 38,1,30,,34325,34,0,64 38,1,70,,34324,34,0,64 38,1,30,,34307,34,0,64 38,1,70,,34326,34,0,64 38,1,30,,34312,34,0,64 38,1,70,,34316,34,0,64 38,1,30,,34329,34,0,64 38,1,70,,34322,34,0,64 38,1,30,,34319,34,0,64 38,1,70,,34309,34,0,64 38,1,30,,34310,34,0,64 38,1,70,,34318,34,0,64 38,1,30,,34313,34,0,64 38,1,70,,34315,34,0,64 38,1,40,,34317,34,0,64 38,1,70,,34308,34,0,64 38,1,30,,34311,34,0,64 38,1,70,,34320,34,0,64 38,1,30,,34323,34,0,64 38,1,70,,34327,34,0,64 38,1,30,,34321,34,0,64 38,1
30801,'13',648,,34346,34,0,64 38,1,70,,34334,34,0,64 38,1,30,,34344,34,0,64 38,1,70,,34343,34,0,64 38,1,30,,28358,34,0,64 38,1,70,,34345,34,0,64 38,1,30,,29463,34,0,64 38,1,70,,34336,34,0,64 38,1,30,,34347,34,0,64 38,1,70,,34342,34,0,64 38,1,30,,34339,34,0,64 38,1,70,,28145,34,0,64 38,1,30,,34331,34,0,64 38,1,70,,34338,34,0,64 38,1,30,,34333,34,0,64 38,1,70,,34335,34,0,64 38,1,40,,34337,34,0,64 38,1,70,,34330,34,0,64 38,1,30,,34332,34,0,64 38,1,70,,34340,34,0,64 38,1,30,,27448,34,0,64 38,1,70,,29291,34,0,64 38,1,30,,34341,34,0,64 38,1
30801,'3',648,,34364,34,0,64 38,1,70,,34352,34,0,64 38,1,30,,34362,34,0,64 38,1,70,,34361,34,0,64 38,1,30,,28376,34,0,64 38,1,70,,34363,34,0,64 38,1,30,,29584,34,0,64 38,1,70,,34354,34,0,64 38,1,30,,34365,34,0,64 38,1,70,,34360,34,0,64 38,1,30,,34357,34,0,64 38,1,70,,28167,34,0,64 38,1,30,,34349,34,0,64 38,1,70,,34356,34,0,64 38,1,30,,34351,34,0,64 38,1,70,,34353,34,0,64 38,1,40,,34355,34,0,64 38,1,70,,34348,34,0,64 38,1,30,,34350,34,0,64 38,1,70,,34358,34,0,64 38,1,30,,27497,34,0,64 38,1,70,,29310,34,0,64 38,1,30,,34359,34,0,64 38,1
30801,'6',648,,34387,34,0,64 38,1,70,,34373,34,0,64 38,1,30,,34384,34,0,64 38,1,70,,34383,34,0,64 38,1,30,,34366,34,0,64 38,1,70,,34385,34,0,64 38,1,30,,34371,34,0,64 38,1,70,,34375,34,0,64 38,1,30,,34388,34,0,64 38,1,70,,34381,34,0,64 38,1,30,,34378,34,0,64 38,1,70,,34368,34,0,64 38,1,30,,34369,34,0,64 38,1,70,,34377,34,0,64 38,1,30,,34372,34,0,64 38,1,70,,34374,34,0,64 38,1,40,,34376,34,0,64 38,1,70,,34367,34,0,64 38,1,30,,34370,34,0,64 38,1,70,,34379,34,0,64 38,1,30,,34382,34,0,64 38,1,70,,34386,34,0,64 38,1,30,,34380,34,0,64 38,1
33700,'1',718,,36993,28,,,1,30,,37006,28,,,1,70,,37000,28,,,1,30,,37011,28,,,1,70,,36982,28,,,1,30,,37002,28,,,1,70,,37025,28,,,1,30,,36994,28,,,1,70,,37007,28,,,1,30,,36997,28,,,1,70,,36992,28,,,1,30,,37009,28,,,1,70,,37016,28,,,1,30,,36988,28,,,1,70,,37024,28,,,1,30,,37027,28,,,1,70,,37014,28,,,1,30,,36995,28,,,1,70,,36983,28,,,1,30,,37004,28,,,1,70,,36991,28,,,1,30,,36996,28,,,1,70,,36986,28,,,1,30,,37022,28,,,1,70,,31991,28,,,1
33700,'11',718,,37041,28,,,1,30,,37056,28,,,1,70,,37049,28,,,1,30,,37061,28,,,1,70,,37029,28,,,1,30,,37051,28,,,1,70,,37075,28,,,1,30,,37042,28,,,1,70,,37057,28,,,1,30,,37046,28,,,1,70,,37040,28,,,1,30,,37059,28,,,1,70,,37066,28,,,1,30,,37036,28,,,1,70,,37074,28,,,1,30,,37077,28,,,1,70,,37064,28,,,1,30,,37043,28,,,1,70,,37030,28,,,1,30,,37053,28,,,1,70,,37039,28,,,1,30,,37044,28,,,1,70,,37034,28,,,1,30,,37072,28,,,1,70,,37033,28,,,1
33700,'12',648,,37100,28,,,1,70,,37111,28,,,1,30,,37082,28,,,1,70,,37089,28,,,1,30,,37103,28,,,1,70,,37090,28,,,1,30,,37116,28,,,1,70,,37087,28,,,1,30,,37104,28,,,1,70,,37097,28,,,1,30,,37079,28,,,1,70,,37088,28,,,1,30,,37109,28,,,1,70,,37124,28,,,1,30,,37094,28,,,1,70,,37095,28,,,1,30,,37122,28,,,1,70,,37102,28,,,1,30,,37119,28,,,1,70,,37113,28,,,1,30,,37099,28,,,1,70,,37101,28,,,1,30,,37117,28,,,1,70,,37114,28,,,1,30,,37080,28,,,1
33700,'13',648,,37145,28,,,1,70,,37154,28,,,1,30,,37132,28,,,1,70,,37136,28,,,1,30,,29323,28,,,1,70,,37137,28,,,1,30,,37156,28,,,1,70,,29041,28,,,1,30,,37147,28,,,1,70,,37142,28,,,1,30,,37129,28,,,1,70,,28682,28,,,1,30,,37152,28,,,1,70,,37163,28,,,1,30,,37140,28,,,1,70,,37141,28,,,1,30,,37161,28,,,1,70,,27428,28,,,1,30,,37159,28,,,1,70,,29162,28,,,1,30,,37144,28,,,1,70,,37146,28,,,1,30,,37157,28,,,1,70,,32600,28,,,1,30,,37130,28,,,1
33700,'14',1118,,37187,28,,,1,30,,37176,28,,,1,70,,37191,28,,,1,30,,37178,28,,,1,70,,37184,28,,,1,30,,37189,28,,,1,70,,37171,28,,,1,30,,37186,28,,,1,70,,37167,28,,,1,30,,37179,28,,,1,70,,37185,28,,,1,30,,37180,28,,,1,70,,37173,28,,,1,30,,37172,28,,,1,70,,37182,28,,,1
33700,'16',718,,37208,28,,,1,30,,37221,28,,,1,70,,37215,28,,,1,30,,37226,28,,,1,70,,37197,28,,,1,30,,37217,28,,,1,70,,37240,28,,,1,30,,37209,28,,,1,70,,37222,28,,,1,30,,37212,28,,,1,70,,37207,28,,,1,30,,37224,28,,,1,70,,37231,28,,,1,30,,37203,28,,,1,70,,37239,28,,,1,30,,37242,28,,,1,70,,37229,28,,,1,30,,37210,28,,,1,70,,37198,28,,,1,30,,37219,28,,,1,70,,37206,28,,,1,30,,37211,28,,,1,70,,37201,28,,,1,30,,37237,28,,,1,70,,32029,28,,,1
33700,'3',648,,37260,28,,,1,70,,37269,28,,,1,30,,37247,28,,,1,70,,37251,28,,,1,30,,29344,28,,,1,70,,37252,28,,,1,30,,37271,28,,,1,70,,29047,28,,,1,30,,37262,28,,,1,70,,37257,28,,,1,30,,37244,28,,,1,70,,28726,28,,,1,30,,37267,28,,,1,70,,37278,28,,,1,30,,37255,28,,,1,70,,37256,28,,,1,30,,37276,28,,,1,70,,27477,28,,,1,30,,37274,28,,,1,70,,29172,28,,,1,30,,37259,28,,,1,70,,37261,28,,,1,30,,37272,28,,,1,70,,32607,28,,,1,30,,37245,28,,,1
33700,'6',648,,37304,28,,,1,70,,37315,28,,,1,30,,37286,28,,,1,70,,37293,28,,,1,30,,37307,28,,,1,70,,37294,28,,,1,30,,37320,28,,,1,70,,37291,28,,,1,30,,37308,28,,,1,70,,37301,28,,,1,30,,37283,28,,,1,70,,37292,28,,,1,30,,37313,28,,,1,70,,37328,28,,,1,30,,37298,28,,,1,70,,37299,28,,,1,30,,37326,28,,,1,70,,37306,28,,,1,30,,37323,28,,,1,70,,37317,28,,,1,30,,37303,28,,,1,70,,37305,28,,,1,30,,37321,28,,,1,70,,37318,28,,,1,30,,37284,28,,,1
33700,'8',1148,,37337,28,,,1,70,,37340,28,,,1,30,,37352,28,,,1,70,,37343,28,,,1,30,,37344,28,,,1,70,,29852,28,,,1,30,,37359,28,,,1,70,,37333,28,,,1,30,,37346,28,,,1,70,,37348,28,,,1,30,,37358,28,,,1,70,,37354,28,,,1,30,,37355,28,,,1,70,,37334,28,,,1,30,,37335,28,,,1
40801,'1',702,,39214,34,0,64 38,1,31,,39212,34,0,64 38,1,70,,31913,34,0,64 38,1,30,,39216,34,0,64 38,1,70,,22901,34,0,64 38,1,30,,39218,34,0,64 38,1,70,,39232,34,0,64 38,1,30,,39229,34,0,64 38,1,70,,39223,34,0,64 38,1,30,,39222,34,0,64 38,1,70,,39220,34,0,64 38,1,30,,39226,34,0,64 38,1,70,,39235,34,0,64 38,1,30,,39230,34,0,64 38,1,70,,39221,34,0,64 38,1,30,,39211,34,0,64 38,1,70,,39227,34,0,64 38,1,30,,39215,34,0,64 38,1,70,,39225,34,0,64 38,1,30,,39219,34,0,64 38,1,70,,39213,34,0,64 38,1,30,,39236,34,0,64 38,1,70,,39233,34,0,64 38,1,30,,39234,34,0,64 38,1,99,,39231,34,0,64 38,1,100,,39217,34,0,64 38,1,100,,39237,34,0,64 38,1,100,,39228,34,0,64 38,1,100,,39224,34,0,64 38,1
40801,'11',702,,39242,34,0,64 38,1,31,,39240,34,0,64 38,1,70,,39238,34,0,64 38,1,30,,39244,34,0,64 38,1,70,,39258,34,0,64 38,1,30,,39246,34,0,64 38,1,70,,39261,34,0,64 38,1,30,,39257,34,0,64 38,1,70,,39251,34,0,64 38,1,30,,39250,34,0,64 38,1,70,,39248,34,0,64 38,1,30,,39254,34,0,64 38,1,70,,39264,34,0,64 38,1,30,,39259,34,0,64 38,1,70,,39249,34,0,64 38,1,30,,39239,34,0,64 38,1,70,,39255,34,0,64 38,1,30,,39243,34,0,64 38,1,70,,39253,34,0,64 38,1,30,,39247,34,0,64 38,1,70,,39241,34,0,64 38,1,30,,39265,34,0,64 38,1,70,,39262,34,0,64 38,1,30,,39263,34,0,64 38,1,99,,39260,34,0,64 38,1,100,,39245,34,0,64 38,1,100,,39266,34,0,64 38,1,100,,39256,34,0,64 38,1,100,,39252,34,0,64 38,1
40801,'12',1833,,39267,34,0,64 38,1,99,,39272,34,0,64 38,1,100,,39270,34,0,64 38,1,100,,39268,34,0,64 38,1,100,,39269,34,0,64 38,1,100,,39271,34,0,64 38,1
40801,'13',1833,,39273,34,0,64 38,1,99,,39278,34,0,64 38,1,100,,39276,34,0,64 38,1,100,,39274,34,0,64 38,1,100,,39275,34,0,64 38,1,100,,39277,34,0,64 38,1
40801,'14',1133,,39282,34,0,64 38,1,100,,39280,34,0,64 38,1,100,,39281,34,0,64 38,1,100,,39285,34,0,64 38,1,100,,39283,34,0,64 38,1,100,,39279,34,0,64 38,1,100,,39284,34,0,64 38,1
40801,'16',702,,39289,34,0,64 38,1,31,,39287,34,0,64 38,1,70,,31950,34,0,64 38,1,30,,39291,34,0,64 38,1,70,,32045,34,0,64 38,1,30,,39293,34,0,64 38,1,70,,39307,34,0,64 38,1,30,,39304,34,0,64 38,1,70,,39298,34,0,64 38,1,30,,39297,34,0,64 38,1,70,,39295,34,0,64 38,1,30,,39301,34,0,64 38,1,70,,39310,34,0,64 38,1,30,,39305,34,0,64 38,1,70,,39296,34,0,64 38,1,30,,39286,34,0,64 38,1,70,,39302,34,0,64 38,1,30,,39290,34,0,64 38,1,70,,39300,34,0,64 38,1,30,,39294,34,0,64 38,1,70,,39288,34,0,64 38,1,30,,39311,34,0,64 38,1,70,,39308,34,0,64 38,1,30,,39309,34,0,64 38,1,99,,39306,34,0,64 38,1,100,,39292,34,0,64 38,1,100,,39312,34,0,64 38,1,100,,39303,34,0,64 38,1,100,,39299,34,0,64 38,1
40801,'3',1833,,39313,34,0,64 38,1,99,,39318,34,0,64 38,1,100,,39316,34,0,64 38,1,100,,39314,34,0,64 38,1,100,,39315,34,0,64 38,1,100,,39317,34,0,64 38,1
40801,'6',1833,,39319,34,0,64 38,1,99,,39324,34,0,64 38,1,100,,39322,34,0,64 38,1,100,,39320,34,0,64 38,1,100,,39321,34,0,64 38,1,100,,39323,34,0,64 38,1
40801,'8',933,,39331,34,0,64 38,1,100,,39335,34,0,64 38,1,70,,32236,34,0,64 38,1,30,,39326,34,0,64 38,1,70,,39341,34,0,64 38,1,30,,39332,34,0,64 38,1,70,,39339,34,0,64 38,1,30,,39333,34,0,64 38,1,70,,30587,34,0,64 38,1,30,,39336,34,0,64 38,1,70,,39325,34,0,64 38,1,30,,39338,34,0,64 38,1,70,,39327,34,0,64 38,1,30,,39330,34,0,64 38,1,70,,39337,34,0,64 38,1,30,,39334,34,0,64 38,1,70,,39329,34,0,64 38,1,30,,39328,34,0,64 38,1,99,,39340,34,0,64 38,1
43700,'1',1934,,41864,20,,,1,100,,41858,20,,,1,100,,41865,20,,,1,100,,41859,20,,,1,100,,41860,20,,,1
43700,'11',1934,,41874,20,,,1,100,,41867,20,,,1,100,,41875,20,,,1,100,,41868,20,,,1,100,,41869,20,,,1
43700,'12',1934,,41877,20,,,1,100,,41885,20,,,1,100,,41879,20,,,1,100,,41883,20,,,1,100,,41882,20,,,1
43700,'13',1934,,41887,20,,,1,100,,41894,20,,,1,100,,41889,20,,,1,100,,27816,20,,,1,100,,41892,20,,,1
43700,'16',1934,,41902,20,,,1,100,,41896,20,,,1,100,,41903,20,,,1,100,,41897,20,,,1,100,,41898,20,,,1
43700,'3',1934,,41905,20,,,1,100,,41912,20,,,1,100,,41907,20,,,1,100,,27839,20,,,1,100,,41910,20,,,1
43700,'6',1934,,41914,20,,,1,100,,41922,20,,,1,100,,41916,20,,,1,100,,41920,20,,,1,100,,41919,20,,,1
