30801,'11',645,,28068,28,0,64 38,1,70,,28067,28,0,64 38,1,30,,28064,28,0,64 38,1,70,,28059,28,0,64 38,1,30,,28060,28,0,64 38,1,70,,28069,28,0,64 38,1,30,,28073,28,0,64 38,1,70,,28076,28,0,64 38,1,30,,28063,28,0,64 38,1,70,,28065,28,0,64 38,1,30,,28077,28,0,64 38,1,70,,28074,28,0,64 38,1,30,,28062,28,0,64 38,1,70,,4764,28,0,64 38,1,30,,23742,28,0,64 38,1,70,,28061,28,0,64 38,1,40,,28075,28,0,64 38,1,70,,23354,28,0,64 38,1,30,,28066,28,0,64 38,1,70,,19547,28,0,64 38,1,30,,28072,28,0,64 38,1,70,,28071,28,0,64 38,1,30,,28070,28,0,64 38,1
30801,'3',645,,28087,28,0,64 38,1,70,,28086,28,0,64 38,1,30,,28083,28,0,64 38,1,70,,28078,28,0,64 38,1,30,,28079,28,0,64 38,1,70,,28088,28,0,64 38,1,30,,28092,28,0,64 38,1,70,,28095,28,0,64 38,1,30,,28082,28,0,64 38,1,70,,28084,28,0,64 38,1,30,,28096,28,0,64 38,1,70,,28093,28,0,64 38,1,30,,28081,28,0,64 38,1,70,,4788,28,0,64 38,1,30,,23765,28,0,64 38,1,70,,28080,28,0,64 38,1,40,,28094,28,0,64 38,1,70,,23392,28,0,64 38,1,30,,28085,28,0,64 38,1,70,,19586,28,0,64 38,1,30,,28091,28,0,64 38,1,70,,28090,28,0,64 38,1,30,,28089,28,0,64 38,1
33700,'1',715,,29420,22,,,1,30,,29421,22,,,1,70,,29422,22,,,1,30,,29433,22,,,1,70,,29426,22,,,1,30,,29405,22,,,1,70,,24694,22,,,1,30,,29414,22,,,1,70,,29432,22,,,1,30,,27193,22,,,1,70,,29400,22,,,1,30,,29431,22,,,1,70,,29410,22,,,1,30,,29440,22,,,1,70,,29428,22,,,1,30,,29408,22,,,1,70,,29402,22,,,1,30,,29399,22,,,1,70,,29413,22,,,1,30,,29429,22,,,1,70,,29430,22,,,1,30,,29439,22,,,1,70,,29411,22,,,1,30,,29441,22,,,1,70,,29435,22,,,1
33700,'11',645,,29459,22,,,1,70,,29485,22,,,1,30,,29471,22,,,1,70,,29456,22,,,1,30,,29444,22,,,1,70,,29466,22,,,1,30,,29476,22,,,1,70,,24144,22,,,1,30,,29470,22,,,1,70,,29457,22,,,1,30,,29455,22,,,1,70,,29447,22,,,1,30,,29443,22,,,1,70,,29452,22,,,1,30,,29469,22,,,1,70,,29446,22,,,1,30,,29477,22,,,1,70,,29453,22,,,1,30,,29475,22,,,1,70,,29451,22,,,1,30,,29479,22,,,1,70,,29478,22,,,1,30,,29473,22,,,1,70,,29468,22,,,1,30,,22778,22,,,1
33700,'12',1115,,29513,22,,,1,30,,29492,22,,,1,70,,29498,22,,,1,30,,29499,22,,,1,70,,29511,22,,,1,30,,29515,22,,,1,70,,25357,22,,,1,30,,29495,22,,,1,70,,29496,22,,,1,30,,29509,22,,,1,70,,29500,22,,,1,30,,29512,22,,,1,70,,29505,22,,,1,30,,29494,22,,,1,70,,29514,22,,,1
33700,'14',715,,29539,22,,,1,30,,29540,22,,,1,70,,29541,22,,,1,30,,29553,22,,,1,70,,29545,22,,,1,30,,29522,22,,,1,70,,29544,22,,,1,30,,29531,22,,,1,70,,29552,22,,,1,30,,29554,22,,,1,70,,29517,22,,,1,30,,29551,22,,,1,70,,29528,22,,,1,30,,29561,22,,,1,70,,29547,22,,,1,30,,29525,22,,,1,70,,29519,22,,,1,30,,29516,22,,,1,70,,20961,22,,,1,30,,29548,22,,,1,70,,29550,22,,,1,30,,29560,22,,,1,70,,29529,22,,,1,30,,29562,22,,,1,70,,29556,22,,,1
33700,'3',645,,29580,22,,,1,70,,29606,22,,,1,30,,29592,22,,,1,70,,29577,22,,,1,30,,29565,22,,,1,70,,29587,22,,,1,30,,29597,22,,,1,70,,24154,22,,,1,30,,29591,22,,,1,70,,29578,22,,,1,30,,29576,22,,,1,70,,29568,22,,,1,30,,29564,22,,,1,70,,29573,22,,,1,30,,29590,22,,,1,70,,29567,22,,,1,30,,29598,22,,,1,70,,29574,22,,,1,30,,29596,22,,,1,70,,29572,22,,,1,30,,29600,22,,,1,70,,29599,22,,,1,30,,29594,22,,,1,70,,29589,22,,,1,30,,22799,22,,,1
33700,'8',1145,,29612,22,,,1,70,,29609,22,,,1,30,,29616,22,,,1,70,,29632,22,,,1,30,,29614,22,,,1,70,,29608,22,,,1,30,,29610,22,,,1,70,,29633,22,,,1,30,,29631,22,,,1,70,,29619,22,,,1,30,,29621,22,,,1,70,,29627,22,,,1,30,,29628,22,,,1,70,,25161,22,,,1,30,,29615,22,,,1
40801,'1',700,,30863,28,0,64 38,1,30,,30861,28,0,64 38,1,70,,30873,28,0,64 38,1,30,,30854,28,0,64 38,1,70,,30853,28,0,64 38,1,30,,30855,28,0,64 38,1,70,,22382,28,0,64 38,1,30,,30859,28,0,64 38,1,70,,30864,28,0,64 38,1,30,,30851,28,0,64 38,1,70,,22390,28,0,64 38,1,30,,30865,28,0,64 38,1,70,,23596,28,0,64 38,1,30,,24133,28,0,64 38,1,70,,30871,28,0,64 38,1,30,,30869,28,0,64 38,1,70,,22327,28,0,64 38,1,30,,30872,28,0,64 38,1,70,,30870,28,0,64 38,1,30,,30862,28,0,64 38,1,70,,30852,28,0,64 38,1,30,,30860,28,0,64 38,1,70,,30858,28,0,64 38,1,30,,30867,28,0,64 38,1,100,,30866,28,0,64 38,1,100,,21675,28,0,64 38,1,100,,30857,28,0,64 38,1,100,,30868,28,0,64 38,1,100,,30856,28,0,64 38,1
40801,'11',1830,,30875,28,0,64 38,1,100,,30879,28,0,64 38,1,100,,30877,28,0,64 38,1,100,,30878,28,0,64 38,1,100,,30876,28,0,64 38,1,100,,30874,28,0,64 38,1
40801,'12',1130,,30881,28,0,64 38,1,100,,30883,28,0,64 38,1,100,,30884,28,0,64 38,1,100,,30885,28,0,64 38,1,100,,30886,28,0,64 38,1,100,,30880,28,0,64 38,1,100,,30882,28,0,64 38,1
40801,'14',700,,30903,28,0,64 38,1,30,,30901,28,0,64 38,1,70,,30913,28,0,64 38,1,30,,30889,28,0,64 38,1,70,,30888,28,0,64 38,1,30,,30890,28,0,64 38,1,70,,30891,28,0,64 38,1,30,,25113,28,0,64 38,1,70,,30904,28,0,64 38,1,30,,18980,28,0,64 38,1,70,,30898,28,0,64 38,1,30,,30905,28,0,64 38,1,70,,30899,28,0,64 38,1,30,,30893,28,0,64 38,1,70,,30911,28,0,64 38,1,30,,30909,28,0,64 38,1,70,,30900,28,0,64 38,1,30,,30912,28,0,64 38,1,70,,30910,28,0,64 38,1,30,,30902,28,0,64 38,1,70,,30887,28,0,64 38,1,30,,30896,28,0,64 38,1,70,,30895,28,0,64 38,1,30,,30907,28,0,64 38,1,100,,30906,28,0,64 38,1,100,,30897,28,0,64 38,1,100,,30894,28,0,64 38,1,100,,30908,28,0,64 38,1,100,,30892,28,0,64 38,1
40801,'3',1830,,30915,28,0,64 38,1,100,,30919,28,0,64 38,1,100,,30917,28,0,64 38,1,100,,30918,28,0,64 38,1,100,,30916,28,0,64 38,1,100,,30914,28,0,64 38,1
40801,'8',930,,30922,28,0,64 38,1,100,,30920,28,0,64 38,1,70,,30929,28,0,64 38,1,30,,30937,28,0,64 38,1,70,,30928,28,0,64 38,1,30,,30923,28,0,64 38,1,70,,30930,28,0,64 38,1,30,,30934,28,0,64 38,1,70,,30932,28,0,64 38,1,30,,30926,28,0,64 38,1,70,,30936,28,0,64 38,1,30,,30924,28,0,64 38,1,70,,30925,28,0,64 38,1,30,,30927,28,0,64 38,1,70,,30921,28,0,64 38,1,30,,30931,28,0,64 38,1,70,,30935,28,0,64 38,1,30,,30938,28,0,64 38,1,100,,30933,28,0,64 38,1
43700,'1',1932,,32644,14,,,1,100,,32648,14,,,1,100,,32651,14,,,1,100,,32645,14,,,1,100,,32650,14,,,1
43700,'11',1932,,32659,14,,,1,100,,32656,14,,,1,100,,32658,14,,,1,100,,32652,14,,,1,100,,32657,14,,,1
43700,'14',1932,,32663,14,,,1,100,,32667,14,,,1,100,,32670,14,,,1,100,,32664,14,,,1,100,,32669,14,,,1
43700,'3',1932,,32678,14,,,1,100,,32675,14,,,1,100,,32677,14,,,1,100,,32671,14,,,1,100,,32676,14,,,1
