30401,'11',637,,27722,3,0,49,1,70,,27723,3,0,49,1,30,,27720,3,0,49,1,70,,27732,3,0,49,1,30,,25054,3,0,49,1,70,,27719,3,0,49,1,30,,27735,3,0,49,1,70,,27721,3,0,49,1,30,,27718,3,0,49,1,70,,27729,3,0,49,1,30,,27717,3,0,49,1,70,,27724,3,0,49,1,30,,22724,3,0,49,1,70,,27725,3,0,49,1,30,,27730,3,0,49,1,71,,27726,3,0,49,1,30,,27737,3,0,49,1,70,,27734,3,0,49,1,30,,27733,3,0,49,1,70,,27728,3,0,49,1,30,,27736,3,0,49,1,70,,27727,3,0,49,1,30,,23760,3,0,49,1,70,,27731,3,0,49,1,30,,22021,3,0,49,1
30401,'3',637,,27743,3,0,49,1,70,,27744,3,0,49,1,30,,27741,3,0,49,1,70,,27753,3,0,49,1,30,,19342,3,0,49,1,70,,27740,3,0,49,1,30,,27756,3,0,49,1,70,,27742,3,0,49,1,30,,27739,3,0,49,1,70,,27750,3,0,49,1,30,,27738,3,0,49,1,70,,27745,3,0,49,1,30,,22746,3,0,49,1,70,,27746,3,0,49,1,30,,27751,3,0,49,1,71,,27747,3,0,49,1,30,,27758,3,0,49,1,70,,27755,3,0,49,1,30,,27754,3,0,49,1,70,,27749,3,0,49,1,30,,27757,3,0,49,1,70,,27748,3,0,49,1,30,,23782,3,0,49,1,70,,27752,3,0,49,1,30,,22039,3,0,49,1
31801,'11',602,,28891,3,0,45 50,1,30,,28889,3,0,45 50,1,70,,28909,3,0,45 50,1,30,,21599,3,0,45 50,1,70,,28900,3,0,45 50,1,30,,28907,3,0,45 50,1,70,,21830,3,0,45 50,1,30,,28890,3,0,45 50,1,71,,28912,3,0,45 50,1,30,,28905,3,0,45 50,1,70,,28895,3,0,45 50,1,30,,28896,3,0,45 50,1,70,,28908,3,0,45 50,1,30,,28903,3,0,45 50,1,70,,28911,3,0,45 50,1,30,,28897,3,0,45 50,1,69,,28901,3,0,45 50,1,30,,28902,3,0,45 50,1,70,,28892,3,0,45 50,1,30,,28904,3,0,45 50,1,70,,28898,3,0,45 50,1,30,,28899,3,0,45 50,1,70,,28906,3,0,45 50,1,30,,28893,3,0,45 50,1,70,,28910,3,0,45 50,1,30,,28894,3,0,45 50,1
31801,'3',602,,28915,3,0,45 50,1,30,,28913,3,0,45 50,1,70,,28933,3,0,45 50,1,30,,21642,3,0,45 50,1,70,,28924,3,0,45 50,1,30,,28931,3,0,45 50,1,70,,21853,3,0,45 50,1,30,,28914,3,0,45 50,1,71,,28936,3,0,45 50,1,30,,28929,3,0,45 50,1,70,,28919,3,0,45 50,1,30,,28920,3,0,45 50,1,70,,28932,3,0,45 50,1,30,,28927,3,0,45 50,1,70,,28935,3,0,45 50,1,30,,28921,3,0,45 50,1,69,,28925,3,0,45 50,1,30,,28926,3,0,45 50,1,70,,28916,3,0,45 50,1,30,,28928,3,0,45 50,1,70,,28922,3,0,45 50,1,30,,28923,3,0,45 50,1,70,,28930,3,0,45 50,1,30,,28917,3,0,45 50,1,70,,28934,3,0,45 50,1,30,,28918,3,0,45 50,1
40401,'1',659,,30509,3,0,39 51,1,70,,30526,3,0,39 51,1,30,,30522,3,0,39 51,1,70,,21408,3,0,39 51,1,30,,30507,3,0,39 51,1,70,,30529,3,0,39 51,1,30,,23171,3,0,39 51,1,71,,30520,3,0,39 51,1,70,,30527,3,0,39 51,1,30,,30521,3,0,39 51,1,70,,30506,3,0,39 51,1,30,,30513,3,0,39 51,1,70,,21735,3,0,39 51,1,30,,30510,3,0,39 51,1,70,,30517,3,0,39 51,1,30,,30515,3,0,39 51,1,70,,30525,3,0,39 51,1,30,,30511,3,0,39 51,1,70,,22708,3,0,39 51,1,30,,30519,3,0,39 51,1,70,,30518,3,0,39 51,1,30,,30528,3,0,39 51,1,70,,30514,3,0,39 51,1,30,,30508,3,0,39 51,1,70,,30512,3,0,39 51,1,59,,30523,3,0,39 51,1,100,,30530,3,0,39 51,1,100,,30516,3,0,39 51,1,100,,30524,3,0,39 51,1
40401,'11',1900,,30534,3,0,39 51,1,59,,30533,3,0,39 51,1,100,,30532,3,0,39 51,1,100,,24341,3,0,39 51,1,100,,30531,3,0,39 51,1
40401,'12',1100,,30538,3,0,39 51,1,100,,24751,3,0,39 51,1,100,,30540,3,0,39 51,1,100,,30535,3,0,39 51,1,100,,30541,3,0,39 51,1,100,,30537,3,0,39 51,1,100,,30536,3,0,39 51,1,100,,30539,3,0,39 51,1
40401,'14',659,,30546,3,0,39 51,1,70,,30563,3,0,39 51,1,30,,25772,3,0,39 51,1,70,,30545,3,0,39 51,1,30,,30543,3,0,39 51,1,70,,30566,3,0,39 51,1,30,,30551,3,0,39 51,1,71,,30557,3,0,39 51,1,70,,30564,3,0,39 51,1,30,,30558,3,0,39 51,1,70,,30542,3,0,39 51,1,30,,26225,3,0,39 51,1,70,,30550,3,0,39 51,1,30,,30547,3,0,39 51,1,70,,30554,3,0,39 51,1,30,,25303,3,0,39 51,1,70,,30562,3,0,39 51,1,30,,30548,3,0,39 51,1,70,,30561,3,0,39 51,1,30,,30556,3,0,39 51,1,70,,30555,3,0,39 51,1,30,,30565,3,0,39 51,1,70,,30552,3,0,39 51,1,30,,30544,3,0,39 51,1,70,,30549,3,0,39 51,1,59,,30559,3,0,39 51,1,100,,30567,3,0,39 51,1,100,,30553,3,0,39 51,1,100,,30560,3,0,39 51,1
40401,'3',1900,,30571,3,0,39 51,1,59,,30570,3,0,39 51,1,100,,30569,3,0,39 51,1,100,,24362,3,0,39 51,1,100,,30568,3,0,39 51,1
40401,'8',859,,30586,3,0,39 51,1,100,,30583,3,0,39 51,1,71,,30579,3,0,39 51,1,70,,30574,3,0,39 51,1,30,,30582,3,0,39 51,1,70,,25017,3,0,39 51,1,30,,30587,3,0,39 51,1,70,,30575,3,0,39 51,1,30,,30578,3,0,39 51,1,70,,25631,3,0,39 51,1,30,,30584,3,0,39 51,1,70,,30580,3,0,39 51,1,30,,30576,3,0,39 51,1,70,,30577,3,0,39 51,1,30,,24637,3,0,39 51,1,70,,30572,3,0,39 51,1,30,,30581,3,0,39 51,1,70,,30585,3,0,39 51,1,100,,30573,3,0,39 51,1,59,,30588,3,0,39 51,1
41801,'1',617,,32176,3,0,45 50,1,30,,22250,3,0,45 50,1,70,,32182,3,0,45 50,1,30,,32180,3,0,45 50,1,70,,22630,3,0,45 50,1,30,,32167,3,0,45 50,1,70,,32183,3,0,45 50,1,30,,23674,3,0,45 50,1,71,,32166,3,0,45 50,1,30,,32179,3,0,45 50,1,70,,32174,3,0,45 50,1,30,,23672,3,0,45 50,1,70,,32184,3,0,45 50,1,30,,32171,3,0,45 50,1,70,,32175,3,0,45 50,1,30,,23314,3,0,45 50,1,70,,32172,3,0,45 50,1,30,,22321,3,0,45 50,1,70,,24377,3,0,45 50,1,30,,22513,3,0,45 50,1,70,,32168,3,0,45 50,1,30,,32181,3,0,45 50,1,70,,23605,3,0,45 50,1,30,,24265,3,0,45 50,1,70,,32178,3,0,45 50,1,30,,32177,3,0,45 50,1,99,,32170,3,0,45 50,1,100,,32169,3,0,45 50,1,100,,32185,3,0,45 50,1,100,,32173,3,0,45 50,1
41801,'11',1848,,32186,3,0,45 50,1,99,,6787,3,0,45 50,1,100,,32187,3,0,45 50,1,100,,23474,3,0,45 50,1,100,,23057,3,0,45 50,1
41801,'12',1148,,32191,3,0,45 50,1,100,,32189,3,0,45 50,1,100,,25745,3,0,45 50,1,100,,32192,3,0,45 50,1,100,,32193,3,0,45 50,1,100,,32190,3,0,45 50,1,100,,32188,3,0,45 50,1
41801,'14',617,,16237,3,0,45 50,1,30,,32199,3,0,45 50,1,70,,32216,3,0,45 50,1,30,,32214,3,0,45 50,1,70,,32201,3,0,45 50,1,30,,32195,3,0,45 50,1,70,,32217,3,0,45 50,1,30,,32213,3,0,45 50,1,71,,32194,3,0,45 50,1,30,,32211,3,0,45 50,1,70,,32206,3,0,45 50,1,30,,32210,3,0,45 50,1,70,,32218,3,0,45 50,1,30,,25216,3,0,45 50,1,70,,25846,3,0,45 50,1,30,,32207,3,0,45 50,1,70,,32200,3,0,45 50,1,30,,32202,3,0,45 50,1,70,,32205,3,0,45 50,1,30,,32203,3,0,45 50,1,70,,32196,3,0,45 50,1,30,,32215,3,0,45 50,1,70,,32208,3,0,45 50,1,30,,32212,3,0,45 50,1,70,,25233,3,0,45 50,1,30,,32209,3,0,45 50,1,99,,32198,3,0,45 50,1,100,,32197,3,0,45 50,1,100,,32219,3,0,45 50,1,100,,32204,3,0,45 50,1
41801,'3',1848,,32220,3,0,45 50,1,99,,6831,3,0,45 50,1,100,,32221,3,0,45 50,1,100,,23511,3,0,45 50,1,100,,23076,3,0,45 50,1
41801,'8',847,,32226,3,0,45 50,1,100,,32222,3,0,45 50,1,101,,32225,3,0,45 50,1,70,,32237,3,0,45 50,1,30,,32228,3,0,45 50,1,70,,32240,3,0,45 50,1,30,,32241,3,0,45 50,1,70,,32227,3,0,45 50,1,30,,32233,3,0,45 50,1,70,,32231,3,0,45 50,1,30,,32224,3,0,45 50,1,70,,32234,3,0,45 50,1,30,,32235,3,0,45 50,1,70,,32239,3,0,45 50,1,30,,32236,3,0,45 50,1,70,,32223,3,0,45 50,1,30,,32230,3,0,45 50,1,70,,32238,3,0,45 50,1,30,,32232,3,0,45 50,1,99,,32229,3,0,45 50,1
