30200,'12',627,,33134,25,0,11,1,30,,33147,25,0,11,1,70,,33146,25,0,11,1,30,,33145,25,0,11,1,70,,33150,25,0,11,1,30,,33144,25,0,11,1,70,,33133,25,0,11,1,30,,33138,25,0,11,1,73,,33151,25,0,11,1,70,,33131,25,0,11,1,30,,33135,25,0,11,1,70,,33132,25,0,11,1,30,,33149,25,0,11,1,70,,33129,25,0,11,1,30,,33148,25,0,11,1,70,,33140,25,0,11,1,29,,33142,25,0,11,1,30,,33143,25,0,11,1,70,,33137,25,0,11,1,30,,33130,25,0,11,1,70,,33136,25,0,11,1,30,,33139,25,0,11,1,70,,33141,25,0,11,1
30200,'13',627,,33156,25,0,11,1,30,,33168,25,0,11,1,70,,33167,25,0,11,1,30,,33166,25,0,11,1,70,,33170,25,0,11,1,30,,33165,25,0,11,1,70,,33155,25,0,11,1,30,,27942,25,0,11,1,73,,33171,25,0,11,1,70,,33153,25,0,11,1,30,,33157,25,0,11,1,70,,33154,25,0,11,1,30,,33169,25,0,11,1,70,,28545,25,0,11,1,30,,29185,25,0,11,1,70,,33161,25,0,11,1,29,,33163,25,0,11,1,30,,33164,25,0,11,1,70,,33159,25,0,11,1,30,,33152,25,0,11,1,70,,33158,25,0,11,1,30,,33160,25,0,11,1,70,,33162,25,0,11,1
30200,'3',627,,33176,25,0,11,1,30,,33188,25,0,11,1,70,,33187,25,0,11,1,30,,33186,25,0,11,1,70,,33190,25,0,11,1,30,,33185,25,0,11,1,70,,33175,25,0,11,1,30,,27959,25,0,11,1,73,,33191,25,0,11,1,70,,33173,25,0,11,1,30,,33177,25,0,11,1,70,,33174,25,0,11,1,30,,33189,25,0,11,1,70,,28567,25,0,11,1,30,,29196,25,0,11,1,70,,33181,25,0,11,1,29,,33183,25,0,11,1,30,,33184,25,0,11,1,70,,33179,25,0,11,1,30,,33172,25,0,11,1,70,,33178,25,0,11,1,30,,33180,25,0,11,1,70,,33182,25,0,11,1
30200,'6',627,,33197,25,0,11,1,30,,33210,25,0,11,1,70,,33209,25,0,11,1,30,,33208,25,0,11,1,70,,33213,25,0,11,1,30,,33207,25,0,11,1,70,,33196,25,0,11,1,30,,33201,25,0,11,1,73,,33214,25,0,11,1,70,,33194,25,0,11,1,30,,33198,25,0,11,1,70,,33195,25,0,11,1,30,,33212,25,0,11,1,70,,33192,25,0,11,1,30,,33211,25,0,11,1,70,,33203,25,0,11,1,29,,33205,25,0,11,1,30,,33206,25,0,11,1,70,,33200,25,0,11,1,30,,33193,25,0,11,1,70,,33199,25,0,11,1,30,,33202,25,0,11,1,70,,33204,25,0,11,1
30601,'12',625,,33972,2,0,9 12,1,30,,33966,2,0,9 12,1,70,,33953,2,0,9 12,1,30,,33970,2,0,9 12,1,70,,33958,2,0,9 12,1,30,,33968,2,0,9 12,1,70,,33974,2,0,9 12,1,30,,33975,2,0,9 12,1,70,,33969,2,0,9 12,1,30,,33957,2,0,9 12,1,70,,33960,2,0,9 12,1,30,,33955,2,0,9 12,1,70,,33952,2,0,9 12,1,30,,33956,2,0,9 12,1,70,,33971,2,0,9 12,1,30,,33962,2,0,9 12,1,70,,33961,2,0,9 12,1,25,,33959,2,0,9 12,1,5,,33967,2,0,9 12,1,70,,33973,2,0,9 12,1,30,,33965,2,0,9 12,1,70,,33963,2,0,9 12,1,30,,33964,2,0,9 12,1,70,,33951,2,0,9 12,1,30,,33954,2,0,9 12,1
30601,'13',625,,33994,2,0,9 12,1,30,,33988,2,0,9 12,1,70,,33977,2,0,9 12,1,30,,33992,2,0,9 12,1,70,,33982,2,0,9 12,1,30,,33990,2,0,9 12,1,70,,33995,2,0,9 12,1,30,,33996,2,0,9 12,1,70,,33991,2,0,9 12,1,30,,33981,2,0,9 12,1,70,,28401,2,0,9 12,1,30,,33979,2,0,9 12,1,70,,33976,2,0,9 12,1,30,,33980,2,0,9 12,1,70,,33993,2,0,9 12,1,30,,33985,2,0,9 12,1,70,,33984,2,0,9 12,1,25,,33983,2,0,9 12,1,5,,33989,2,0,9 12,1,70,,28711,2,0,9 12,1,30,,28692,2,0,9 12,1,70,,33986,2,0,9 12,1,30,,33987,2,0,9 12,1,70,,28678,2,0,9 12,1,30,,33978,2,0,9 12,1
30601,'3',625,,34015,2,0,9 12,1,30,,34009,2,0,9 12,1,70,,33998,2,0,9 12,1,30,,34013,2,0,9 12,1,70,,34003,2,0,9 12,1,30,,34011,2,0,9 12,1,70,,34016,2,0,9 12,1,30,,34017,2,0,9 12,1,70,,34012,2,0,9 12,1,30,,34002,2,0,9 12,1,70,,28422,2,0,9 12,1,30,,34000,2,0,9 12,1,70,,33997,2,0,9 12,1,30,,34001,2,0,9 12,1,70,,34014,2,0,9 12,1,30,,34006,2,0,9 12,1,70,,34005,2,0,9 12,1,25,,34004,2,0,9 12,1,5,,34010,2,0,9 12,1,70,,28755,2,0,9 12,1,30,,28736,2,0,9 12,1,70,,34007,2,0,9 12,1,30,,34008,2,0,9 12,1,70,,28722,2,0,9 12,1,30,,33999,2,0,9 12,1
30601,'6',625,,34039,2,0,9 12,1,30,,34033,2,0,9 12,1,70,,34020,2,0,9 12,1,30,,34037,2,0,9 12,1,70,,34025,2,0,9 12,1,30,,34035,2,0,9 12,1,70,,34041,2,0,9 12,1,30,,34042,2,0,9 12,1,70,,34036,2,0,9 12,1,30,,34024,2,0,9 12,1,70,,34027,2,0,9 12,1,30,,34022,2,0,9 12,1,70,,34019,2,0,9 12,1,30,,34023,2,0,9 12,1,70,,34038,2,0,9 12,1,30,,34029,2,0,9 12,1,70,,34028,2,0,9 12,1,25,,34026,2,0,9 12,1,5,,34034,2,0,9 12,1,70,,34040,2,0,9 12,1,30,,34032,2,0,9 12,1,70,,34030,2,0,9 12,1,30,,34031,2,0,9 12,1,70,,34018,2,0,9 12,1,30,,34021,2,0,9 12,1
40200,'1',627,,38289,25,0,13 14,1,30,,38293,25,0,13 14,1,70,,38305,25,0,13 14,1,30,,38286,25,0,13 14,1,70,,38303,25,0,13 14,1,30,,38284,25,0,13 14,1,70,,38287,25,0,13 14,1,30,,38283,25,0,13 14,1,70,,29418,25,0,13 14,1,30,,38294,25,0,13 14,1,70,,38290,25,0,13 14,1,30,,38306,25,0,13 14,1,70,,38307,25,0,13 14,1,30,,38288,25,0,13 14,1,70,,38301,25,0,13 14,1,30,,38298,25,0,13 14,1,70,,38297,25,0,13 14,1,30,,38300,25,0,13 14,1,70,,38295,25,0,13 14,1,30,,29676,25,0,13 14,1,70,,38292,25,0,13 14,1,30,,38291,25,0,13 14,1,70,,38282,25,0,13 14,1,30,,38296,25,0,13 14,1,100,,31675,25,0,13 14,1,98,,38285,25,0,13 14,1,100,,38299,25,0,13 14,1,100,,38304,25,0,13 14,1,100,,38302,25,0,13 14,1
40200,'11',627,,38316,25,0,13 14,1,30,,38321,25,0,13 14,1,70,,38333,25,0,13 14,1,30,,38312,25,0,13 14,1,70,,38331,25,0,13 14,1,30,,38310,25,0,13 14,1,70,,38313,25,0,13 14,1,30,,38309,25,0,13 14,1,70,,38320,25,0,13 14,1,30,,38322,25,0,13 14,1,70,,38317,25,0,13 14,1,30,,38334,25,0,13 14,1,70,,38335,25,0,13 14,1,30,,38314,25,0,13 14,1,70,,38329,25,0,13 14,1,30,,38326,25,0,13 14,1,70,,38325,25,0,13 14,1,30,,38328,25,0,13 14,1,70,,38323,25,0,13 14,1,30,,38336,25,0,13 14,1,70,,38319,25,0,13 14,1,30,,38318,25,0,13 14,1,70,,38308,25,0,13 14,1,30,,38324,25,0,13 14,1,100,,38315,25,0,13 14,1,98,,38311,25,0,13 14,1,100,,38327,25,0,13 14,1,100,,38332,25,0,13 14,1,100,,38330,25,0,13 14,1
40200,'12',1757,,38340,25,0,13 14,1,100,,38338,25,0,13 14,1,98,,38342,25,0,13 14,1,100,,38339,25,0,13 14,1,100,,38341,25,0,13 14,1,100,,38337,25,0,13 14,1
40200,'13',1757,,38346,25,0,13 14,1,100,,38344,25,0,13 14,1,98,,38348,25,0,13 14,1,100,,38345,25,0,13 14,1,100,,38347,25,0,13 14,1,100,,38343,25,0,13 14,1
40200,'14',1057,,38356,25,0,13 14,1,100,,38349,25,0,13 14,1,100,,38350,25,0,13 14,1,100,,38355,25,0,13 14,1,100,,38351,25,0,13 14,1,100,,38354,25,0,13 14,1,100,,38352,25,0,13 14,1,100,,38353,25,0,13 14,1
40200,'16',627,,38364,25,0,13 14,1,30,,38368,25,0,13 14,1,70,,38380,25,0,13 14,1,30,,38361,25,0,13 14,1,70,,38378,25,0,13 14,1,30,,38359,25,0,13 14,1,70,,38362,25,0,13 14,1,30,,38358,25,0,13 14,1,70,,29537,25,0,13 14,1,30,,38369,25,0,13 14,1,70,,38365,25,0,13 14,1,30,,38381,25,0,13 14,1,70,,38382,25,0,13 14,1,30,,38363,25,0,13 14,1,70,,38376,25,0,13 14,1,30,,38373,25,0,13 14,1,70,,38372,25,0,13 14,1,30,,38375,25,0,13 14,1,70,,38370,25,0,13 14,1,30,,29795,25,0,13 14,1,70,,38367,25,0,13 14,1,30,,38366,25,0,13 14,1,70,,38357,25,0,13 14,1,30,,38371,25,0,13 14,1,100,,31732,25,0,13 14,1,98,,38360,25,0,13 14,1,100,,38374,25,0,13 14,1,100,,38379,25,0,13 14,1,100,,38377,25,0,13 14,1
40200,'3',1757,,38386,25,0,13 14,1,100,,38384,25,0,13 14,1,98,,38388,25,0,13 14,1,100,,38385,25,0,13 14,1,100,,38387,25,0,13 14,1,100,,38383,25,0,13 14,1
40200,'6',1757,,38392,25,0,13 14,1,100,,38390,25,0,13 14,1,98,,38394,25,0,13 14,1,100,,38391,25,0,13 14,1,100,,38393,25,0,13 14,1,100,,38389,25,0,13 14,1
40200,'8',857,,38397,25,0,13 14,1,100,,38401,25,0,13 14,1,70,,38413,25,0,13 14,1,30,,38395,25,0,13 14,1,70,,38414,25,0,13 14,1,30,,38407,25,0,13 14,1,70,,38411,25,0,13 14,1,30,,38396,25,0,13 14,1,70,,38400,25,0,13 14,1,30,,38408,25,0,13 14,1,70,,38398,25,0,13 14,1,30,,38403,25,0,13 14,1,70,,38405,25,0,13 14,1,30,,38412,25,0,13 14,1,70,,38404,25,0,13 14,1,30,,38410,25,0,13 14,1,70,,38406,25,0,13 14,1,30,,38409,25,0,13 14,1,100,,38402,25,0,13 14,1,98,,38399,25,0,13 14,1
40601,'1',653,,38965,2,0,9 12,1,70,,38943,2,0,9 12,1,30,,32093,2,0,9 12,1,70,,38953,2,0,9 12,1,30,,38945,2,0,9 12,1,70,,38955,2,0,9 12,1,30,,38961,2,0,9 12,1,70,,32509,2,0,9 12,1,30,,38962,2,0,9 12,1,70,,38946,2,0,9 12,1,30,,38957,2,0,9 12,1,70,,38951,2,0,9 12,1,30,,38949,2,0,9 12,1,70,,38942,2,0,9 12,1,30,,38950,2,0,9 12,1,70,,38947,2,0,9 12,1,30,,38967,2,0,9 12,1,70,,38952,2,0,9 12,1,30,,38958,2,0,9 12,1,70,,38954,2,0,9 12,1,30,,38963,2,0,9 12,1,70,,38966,2,0,9 12,1,30,,38964,2,0,9 12,1,70,,38959,2,0,9 12,1,100,,38944,2,0,9 12,1,100,,38960,2,0,9 12,1,100,,38948,2,0,9 12,1,100,,38956,2,0,9 12,1,100,,23235,2,0,9 12,1
40601,'11',653,,38994,2,0,9 12,1,70,,38969,2,0,9 12,1,30,,38989,2,0,9 12,1,70,,38979,2,0,9 12,1,30,,38971,2,0,9 12,1,70,,38981,2,0,9 12,1,30,,38987,2,0,9 12,1,70,,38992,2,0,9 12,1,30,,38990,2,0,9 12,1,70,,38972,2,0,9 12,1,30,,38983,2,0,9 12,1,70,,38977,2,0,9 12,1,30,,38975,2,0,9 12,1,70,,38968,2,0,9 12,1,30,,38976,2,0,9 12,1,70,,38973,2,0,9 12,1,30,,38996,2,0,9 12,1,70,,38978,2,0,9 12,1,30,,38984,2,0,9 12,1,70,,38980,2,0,9 12,1,30,,38991,2,0,9 12,1,70,,38995,2,0,9 12,1,30,,38993,2,0,9 12,1,70,,38985,2,0,9 12,1,100,,38970,2,0,9 12,1,100,,38986,2,0,9 12,1,100,,38974,2,0,9 12,1,100,,38982,2,0,9 12,1,100,,38988,2,0,9 12,1
40601,'12',1823,,39001,2,0,9 12,1,100,,39002,2,0,9 12,1,100,,38998,2,0,9 12,1,100,,38999,2,0,9 12,1,100,,39000,2,0,9 12,1,100,,38997,2,0,9 12,1
40601,'13',1823,,39006,2,0,9 12,1,100,,39007,2,0,9 12,1,100,,39004,2,0,9 12,1,100,,39005,2,0,9 12,1,100,,23354,2,0,9 12,1,100,,39003,2,0,9 12,1
40601,'14',1123,,39010,2,0,9 12,1,100,,39009,2,0,9 12,1,100,,39012,2,0,9 12,1,100,,39014,2,0,9 12,1,100,,39013,2,0,9 12,1,100,,39008,2,0,9 12,1,100,,39011,2,0,9 12,1
40601,'16',653,,39039,2,0,9 12,1,70,,39016,2,0,9 12,1,30,,25392,2,0,9 12,1,70,,39026,2,0,9 12,1,30,,39018,2,0,9 12,1,70,,39028,2,0,9 12,1,30,,39034,2,0,9 12,1,70,,39037,2,0,9 12,1,30,,39035,2,0,9 12,1,70,,39019,2,0,9 12,1,30,,39030,2,0,9 12,1,70,,39024,2,0,9 12,1,30,,39022,2,0,9 12,1,70,,39015,2,0,9 12,1,30,,39023,2,0,9 12,1,70,,39020,2,0,9 12,1,30,,39041,2,0,9 12,1,70,,39025,2,0,9 12,1,30,,39031,2,0,9 12,1,70,,39027,2,0,9 12,1,30,,39036,2,0,9 12,1,70,,39040,2,0,9 12,1,30,,39038,2,0,9 12,1,70,,39032,2,0,9 12,1,100,,39017,2,0,9 12,1,100,,39033,2,0,9 12,1,100,,39021,2,0,9 12,1,100,,39029,2,0,9 12,1,100,,31856,2,0,9 12,1
40601,'3',1823,,39045,2,0,9 12,1,100,,39046,2,0,9 12,1,100,,39043,2,0,9 12,1,100,,39044,2,0,9 12,1,100,,23392,2,0,9 12,1,100,,39042,2,0,9 12,1
40601,'6',1823,,39051,2,0,9 12,1,100,,39052,2,0,9 12,1,100,,39048,2,0,9 12,1,100,,39049,2,0,9 12,1,100,,39050,2,0,9 12,1,100,,39047,2,0,9 12,1
40601,'8',923,,30022,2,0,9 12,1,100,,39062,2,0,9 12,1,30,,39059,2,0,9 12,1,70,,39057,2,0,9 12,1,30,,39056,2,0,9 12,1,70,,39066,2,0,9 12,1,30,,39055,2,0,9 12,1,70,,39053,2,0,9 12,1,30,,39063,2,0,9 12,1,70,,39060,2,0,9 12,1,30,,31890,2,0,9 12,1,70,,39054,2,0,9 12,1,30,,39058,2,0,9 12,1,70,,39065,2,0,9 12,1,30,,39061,2,0,9 12,1,70,,39064,2,0,9 12,1,30,,25154,2,0,9 12,1,70,,39068,2,0,9 12,1,100,,39067,2,0,9 12,1
