30801,'15',643,,11059,22,0,64 38,1,70,,11055,22,0,64 38,1,30,,11066,22,0,64 38,1,70,,11068,22,0,64 38,1,30,,11056,22,0,64 38,1,70,,11062,22,0,64 38,1,30,,11069,22,0,64 38,1,70,,11054,22,0,64 38,1,30,,11053,22,0,64 38,1,70,,11070,22,0,64 38,1,30,,11074,22,0,64 38,1,70,,11058,22,0,64 38,1,30,,11057,22,0,64 38,1,70,,11064,22,0,64 38,1,30,,11061,22,0,64 38,1,70,,11075,22,0,64 38,1,40,,11065,22,0,64 38,1,70,,11063,22,0,64 38,1,30,,11067,22,0,64 38,1,70,,11071,22,0,64 38,1,30,,11072,22,0,64 38,1,70,,11060,22,0,64 38,1,30,,11073,22,0,64 38,1
30801,'16',643,,2044,22,0,64 38,1,70,,11078,22,0,64 38,1,30,,11086,22,0,64 38,1,70,,1679,22,0,64 38,1,30,,11079,22,0,64 38,1,70,,4305,22,0,64 38,1,30,,11088,22,0,64 38,1,70,,11077,22,0,64 38,1,30,,11076,22,0,64 38,1,70,,94,22,0,64 38,1,30,,11092,22,0,64 38,1,70,,3971,22,0,64 38,1,30,,11080,22,0,64 38,1,70,,11084,22,0,64 38,1,30,,11082,22,0,64 38,1,70,,11093,22,0,64 38,1,40,,11085,22,0,64 38,1,70,,11083,22,0,64 38,1,30,,11087,22,0,64 38,1,70,,11089,22,0,64 38,1,30,,11090,22,0,64 38,1,70,,11081,22,0,64 38,1,30,,11091,22,0,64 38,1
30801,'17',643,,2070,22,0,64 38,1,70,,11096,22,0,64 38,1,30,,11106,22,0,64 38,1,70,,1702,22,0,64 38,1,30,,11097,22,0,64 38,1,70,,11102,22,0,64 38,1,30,,11108,22,0,64 38,1,70,,11095,22,0,64 38,1,30,,11094,22,0,64 38,1,70,,141,22,0,64 38,1,30,,11112,22,0,64 38,1,70,,11099,22,0,64 38,1,30,,11098,22,0,64 38,1,70,,11104,22,0,64 38,1,30,,11101,22,0,64 38,1,70,,11113,22,0,64 38,1,40,,11105,22,0,64 38,1,70,,11103,22,0,64 38,1,30,,11107,22,0,64 38,1,70,,11109,22,0,64 38,1,30,,11110,22,0,64 38,1,70,,11100,22,0,64 38,1,30,,11111,22,0,64 38,1
30801,'19',643,,11120,22,0,64 38,1,70,,11116,22,0,64 38,1,30,,11127,22,0,64 38,1,70,,11129,22,0,64 38,1,30,,11117,22,0,64 38,1,70,,11123,22,0,64 38,1,30,,11130,22,0,64 38,1,70,,11115,22,0,64 38,1,30,,11114,22,0,64 38,1,70,,11131,22,0,64 38,1,30,,11134,22,0,64 38,1,70,,11119,22,0,64 38,1,30,,11118,22,0,64 38,1,70,,11125,22,0,64 38,1,30,,11122,22,0,64 38,1,70,,11135,22,0,64 38,1,40,,11126,22,0,64 38,1,70,,11124,22,0,64 38,1,30,,11128,22,0,64 38,1,70,,7557,22,0,64 38,1,30,,11132,22,0,64 38,1,70,,11121,22,0,64 38,1,30,,11133,22,0,64 38,1
30801,'5',643,,2096,22,0,64 38,1,70,,11138,22,0,64 38,1,30,,11148,22,0,64 38,1,70,,1725,22,0,64 38,1,30,,11139,22,0,64 38,1,70,,11144,22,0,64 38,1,30,,11150,22,0,64 38,1,70,,11137,22,0,64 38,1,30,,11136,22,0,64 38,1,70,,188,22,0,64 38,1,30,,11154,22,0,64 38,1,70,,11141,22,0,64 38,1,30,,11140,22,0,64 38,1,70,,11146,22,0,64 38,1,30,,11143,22,0,64 38,1,70,,11155,22,0,64 38,1,40,,11147,22,0,64 38,1,70,,11145,22,0,64 38,1,30,,11149,22,0,64 38,1,70,,11151,22,0,64 38,1,30,,11152,22,0,64 38,1,70,,11142,22,0,64 38,1,30,,11153,22,0,64 38,1
30801,'6',643,,11162,22,0,64 38,1,70,,11158,22,0,64 38,1,30,,11169,22,0,64 38,1,70,,11171,22,0,64 38,1,30,,11159,22,0,64 38,1,70,,11165,22,0,64 38,1,30,,11172,22,0,64 38,1,70,,11157,22,0,64 38,1,30,,11156,22,0,64 38,1,70,,11173,22,0,64 38,1,30,,11177,22,0,64 38,1,70,,11161,22,0,64 38,1,30,,11160,22,0,64 38,1,70,,11167,22,0,64 38,1,30,,11164,22,0,64 38,1,70,,11178,22,0,64 38,1,40,,11168,22,0,64 38,1,70,,11166,22,0,64 38,1,30,,11170,22,0,64 38,1,70,,11174,22,0,64 38,1,30,,11175,22,0,64 38,1,70,,11163,22,0,64 38,1,30,,11176,22,0,64 38,1
40801,'1',1128,,18013,22,0,64 38,1,100,,18019,22,0,64 38,1,100,,18017,22,0,64 38,1,100,,18014,22,0,64 38,1,100,,18015,22,0,64 38,1,100,,18018,22,0,64 38,1,100,,18016,22,0,64 38,1
40801,'10',658,,18037,22,0,64 38,1,70,,18048,22,0,64 38,1,30,,18026,22,0,64 38,1,70,,18028,22,0,64 38,1,30,,18044,22,0,64 38,1,70,,18025,22,0,64 38,1,30,,18035,22,0,64 38,1,70,,18045,22,0,64 38,1,30,,18038,22,0,64 38,1,70,,18042,22,0,64 38,1,30,,18039,22,0,64 38,1,70,,18030,22,0,64 38,1,30,,18033,22,0,64 38,1,70,,18032,22,0,64 38,1,30,,18029,22,0,64 38,1,70,,18036,22,0,64 38,1,30,,18046,22,0,64 38,1,70,,18023,22,0,64 38,1,30,,18022,22,0,64 38,1,70,,18034,22,0,64 38,1,30,,18027,22,0,64 38,1,70,,18043,22,0,64 38,1,30,,18021,22,0,64 38,1,70,,18047,22,0,64 38,1,100,,18040,22,0,64 38,1,100,,18031,22,0,64 38,1,100,,18041,22,0,64 38,1,100,,18024,22,0,64 38,1,100,,18020,22,0,64 38,1
40801,'12',928,,18065,22,0,64 38,1,100,,18060,22,0,64 38,1,30,,18063,22,0,64 38,1,70,,18049,22,0,64 38,1,30,,18062,22,0,64 38,1,70,,18064,22,0,64 38,1,30,,18058,22,0,64 38,1,70,,18051,22,0,64 38,1,30,,18057,22,0,64 38,1,70,,18052,22,0,64 38,1,30,,18054,22,0,64 38,1,70,,18056,22,0,64 38,1,30,,18061,22,0,64 38,1,70,,7501,22,0,64 38,1,30,,18050,22,0,64 38,1,70,,18053,22,0,64 38,1,30,,18059,22,0,64 38,1,70,,18055,22,0,64 38,1,100,,18066,22,0,64 38,1
40801,'15',1828,,18071,22,0,64 38,1,100,,18068,22,0,64 38,1,100,,18070,22,0,64 38,1,100,,18069,22,0,64 38,1,100,,18072,22,0,64 38,1,100,,18067,22,0,64 38,1
40801,'16',1828,,18076,22,0,64 38,1,100,,18074,22,0,64 38,1,100,,2784,22,0,64 38,1,100,,18075,22,0,64 38,1,100,,18077,22,0,64 38,1,100,,18073,22,0,64 38,1
40801,'17',1828,,18081,22,0,64 38,1,100,,18079,22,0,64 38,1,100,,2807,22,0,64 38,1,100,,18080,22,0,64 38,1,100,,18082,22,0,64 38,1,100,,18078,22,0,64 38,1
40801,'19',1828,,18087,22,0,64 38,1,100,,18084,22,0,64 38,1,100,,18086,22,0,64 38,1,100,,18085,22,0,64 38,1,100,,18088,22,0,64 38,1,100,,18083,22,0,64 38,1
40801,'21',658,,18105,22,0,64 38,1,70,,18116,22,0,64 38,1,30,,18095,22,0,64 38,1,70,,18097,22,0,64 38,1,30,,18112,22,0,64 38,1,70,,18094,22,0,64 38,1,30,,18103,22,0,64 38,1,70,,18113,22,0,64 38,1,30,,18106,22,0,64 38,1,70,,18110,22,0,64 38,1,30,,18107,22,0,64 38,1,70,,18099,22,0,64 38,1,30,,7071,22,0,64 38,1,70,,18101,22,0,64 38,1,30,,18098,22,0,64 38,1,70,,18104,22,0,64 38,1,30,,18114,22,0,64 38,1,70,,18092,22,0,64 38,1,30,,18091,22,0,64 38,1,70,,18102,22,0,64 38,1,30,,18096,22,0,64 38,1,70,,18111,22,0,64 38,1,30,,18090,22,0,64 38,1,70,,18115,22,0,64 38,1,100,,18108,22,0,64 38,1,100,,18100,22,0,64 38,1,100,,18109,22,0,64 38,1,100,,18093,22,0,64 38,1,100,,18089,22,0,64 38,1
40801,'5',1828,,18120,22,0,64 38,1,100,,18118,22,0,64 38,1,100,,2831,22,0,64 38,1,100,,18119,22,0,64 38,1,100,,18121,22,0,64 38,1,100,,18117,22,0,64 38,1
40801,'6',1828,,18126,22,0,64 38,1,100,,18123,22,0,64 38,1,100,,18125,22,0,64 38,1,100,,18124,22,0,64 38,1,100,,18127,22,0,64 38,1,100,,18122,22,0,64 38,1
