31701,'12',626,,35896,33,0,62,1,30,,35885,33,0,62,1,70,,35883,33,0,62,1,30,,35876,33,0,62,1,70,,35880,33,0,62,1,30,,35886,33,0,62,1,70,,35888,33,0,62,1,30,,35873,33,0,62,1,71,,35894,33,0,62,1,30,,35877,33,0,62,1,70,,35878,33,0,62,1,30,,35892,33,0,62,1,70,,35895,33,0,62,1,30,,35889,33,0,62,1,70,,35891,33,0,62,1,30,,35884,33,0,62,1,71,,35882,33,0,62,1,30,,35879,33,0,62,1,70,,35893,33,0,62,1,30,,35890,33,0,62,1,70,,35875,33,0,62,1,30,,35887,33,0,62,1,70,,35874,33,0,62,1,30,,35881,33,0,62,1
31701,'13',626,,35918,33,0,62,1,30,,22658,33,0,62,1,70,,35906,33,0,62,1,30,,35899,33,0,62,1,70,,35903,33,0,62,1,30,,35908,33,0,62,1,70,,35910,33,0,62,1,30,,35897,33,0,62,1,71,,35916,33,0,62,1,30,,35900,33,0,62,1,70,,35901,33,0,62,1,30,,35914,33,0,62,1,70,,35917,33,0,62,1,30,,35911,33,0,62,1,70,,35913,33,0,62,1,30,,35907,33,0,62,1,71,,35905,33,0,62,1,30,,35902,33,0,62,1,70,,35915,33,0,62,1,30,,35912,33,0,62,1,70,,27975,33,0,62,1,30,,35909,33,0,62,1,70,,35898,33,0,62,1,30,,35904,33,0,62,1
31701,'3',626,,35940,33,0,62,1,30,,22678,33,0,62,1,70,,35928,33,0,62,1,30,,35921,33,0,62,1,70,,35925,33,0,62,1,30,,35930,33,0,62,1,70,,35932,33,0,62,1,30,,35919,33,0,62,1,71,,35938,33,0,62,1,30,,35922,33,0,62,1,70,,35923,33,0,62,1,30,,35936,33,0,62,1,70,,35939,33,0,62,1,30,,35933,33,0,62,1,70,,35935,33,0,62,1,30,,35929,33,0,62,1,71,,35927,33,0,62,1,30,,35924,33,0,62,1,70,,35937,33,0,62,1,30,,35934,33,0,62,1,70,,27998,33,0,62,1,30,,35931,33,0,62,1,70,,35920,33,0,62,1,30,,35926,33,0,62,1
31701,'6',626,,35964,33,0,62,1,30,,35953,33,0,62,1,70,,35951,33,0,62,1,30,,35944,33,0,62,1,70,,35948,33,0,62,1,30,,35954,33,0,62,1,70,,35956,33,0,62,1,30,,35941,33,0,62,1,71,,35962,33,0,62,1,30,,35945,33,0,62,1,70,,35946,33,0,62,1,30,,35960,33,0,62,1,70,,35963,33,0,62,1,30,,35957,33,0,62,1,70,,35959,33,0,62,1,30,,35952,33,0,62,1,71,,35950,33,0,62,1,30,,35947,33,0,62,1,70,,35961,33,0,62,1,30,,35958,33,0,62,1,70,,35943,33,0,62,1,30,,35955,33,0,62,1,70,,35942,33,0,62,1,30,,35949,33,0,62,1
31800,'12',607,,35968,16,0,45 46 18,1,30,,35985,16,0,45 46 18,1,70,,35988,16,0,45 46 18,1,30,,35969,16,0,45 46 18,1,70,,35979,16,0,45 46 18,1,30,,35976,16,0,45 46 18,1,70,,35989,16,0,45 46 18,1,30,,35983,16,0,45 46 18,1,70,,35980,16,0,45 46 18,1,30,,35984,16,0,45 46 18,1,70,,35974,16,0,45 46 18,1,30,,35987,16,0,45 46 18,1,70,,35972,16,0,45 46 18,1,30,,35973,16,0,45 46 18,1,70,,35971,16,0,45 46 18,1,30,,35965,16,0,45 46 18,1,70,,35982,16,0,45 46 18,1,30,,35975,16,0,45 46 18,1,70,,35986,16,0,45 46 18,1,30,,35966,16,0,45 46 18,1,70,,35970,16,0,45 46 18,1,30,,35967,16,0,45 46 18,1,70,,35977,16,0,45 46 18,1,30,,35981,16,0,45 46 18,1,70,,35978,16,0,45 46 18,1
31800,'13',607,,35992,16,0,45 46 18,1,30,,36005,16,0,45 46 18,1,70,,36008,16,0,45 46 18,1,30,,35993,16,0,45 46 18,1,70,,36000,16,0,45 46 18,1,30,,35998,16,0,45 46 18,1,70,,27363,16,0,45 46 18,1,30,,36003,16,0,45 46 18,1,70,,29704,16,0,45 46 18,1,30,,36004,16,0,45 46 18,1,70,,35996,16,0,45 46 18,1,30,,36007,16,0,45 46 18,1,70,,35995,16,0,45 46 18,1,30,,28468,16,0,45 46 18,1,70,,35994,16,0,45 46 18,1,30,,28805,16,0,45 46 18,1,70,,36002,16,0,45 46 18,1,30,,35997,16,0,45 46 18,1,70,,36006,16,0,45 46 18,1,30,,35990,16,0,45 46 18,1,70,,29319,16,0,45 46 18,1,30,,35991,16,0,45 46 18,1,70,,27770,16,0,45 46 18,1,30,,36001,16,0,45 46 18,1,70,,35999,16,0,45 46 18,1
31800,'3',607,,36011,16,0,45 46 18,1,30,,36024,16,0,45 46 18,1,70,,36027,16,0,45 46 18,1,30,,36012,16,0,45 46 18,1,70,,36019,16,0,45 46 18,1,30,,36017,16,0,45 46 18,1,70,,27401,16,0,45 46 18,1,30,,36022,16,0,45 46 18,1,70,,29823,16,0,45 46 18,1,30,,36023,16,0,45 46 18,1,70,,36015,16,0,45 46 18,1,30,,36026,16,0,45 46 18,1,70,,36014,16,0,45 46 18,1,30,,28483,16,0,45 46 18,1,70,,36013,16,0,45 46 18,1,30,,28828,16,0,45 46 18,1,70,,36021,16,0,45 46 18,1,30,,36016,16,0,45 46 18,1,70,,36025,16,0,45 46 18,1,30,,36009,16,0,45 46 18,1,70,,29340,16,0,45 46 18,1,30,,36010,16,0,45 46 18,1,70,,27790,16,0,45 46 18,1,30,,36020,16,0,45 46 18,1,70,,36018,16,0,45 46 18,1
31800,'6',607,,36031,16,0,45 46 18,1,30,,36048,16,0,45 46 18,1,70,,36051,16,0,45 46 18,1,30,,36032,16,0,45 46 18,1,70,,36042,16,0,45 46 18,1,30,,36039,16,0,45 46 18,1,70,,36052,16,0,45 46 18,1,30,,36046,16,0,45 46 18,1,70,,36043,16,0,45 46 18,1,30,,36047,16,0,45 46 18,1,70,,36037,16,0,45 46 18,1,30,,36050,16,0,45 46 18,1,70,,36035,16,0,45 46 18,1,30,,36036,16,0,45 46 18,1,70,,36034,16,0,45 46 18,1,30,,36028,16,0,45 46 18,1,70,,36045,16,0,45 46 18,1,30,,36038,16,0,45 46 18,1,70,,36049,16,0,45 46 18,1,30,,36029,16,0,45 46 18,1,70,,36033,16,0,45 46 18,1,30,,36030,16,0,45 46 18,1,70,,36040,16,0,45 46 18,1,30,,36044,16,0,45 46 18,1,70,,36041,16,0,45 46 18,1
41701,'1',630,,40905,27,0,62,1,70,,40894,27,0,62,1,30,,30080,27,0,62,1,70,,32586,27,0,62,1,30,,40904,27,0,62,1,70,,30610,27,0,62,1,30,,40885,27,0,62,1,70,,40902,27,0,62,1,31,,31345,27,0,62,1,70,,40901,27,0,62,1,30,,29900,27,0,62,1,70,,31670,27,0,62,1,30,,40895,27,0,62,1,70,,40889,27,0,62,1,30,,40899,27,0,62,1,70,,40891,27,0,62,1,30,,40900,27,0,62,1,70,,40893,27,0,62,1,30,,29109,27,0,62,1,70,,32248,27,0,62,1,30,,40897,27,0,62,1,70,,40898,27,0,62,1,30,,40887,27,0,62,1,70,,40903,27,0,62,1,30,,21426,27,0,62,1,99,,40892,27,0,62,1,100,,40888,27,0,62,1,100,,40886,27,0,62,1,100,,40896,27,0,62,1,100,,40890,27,0,62,1
41701,'11',630,,40935,27,0,62,1,70,,40918,27,0,62,1,30,,40927,27,0,62,1,70,,40923,27,0,62,1,30,,40934,27,0,62,1,70,,40933,27,0,62,1,30,,40908,27,0,62,1,70,,40931,27,0,62,1,31,,40924,27,0,62,1,70,,40930,27,0,62,1,30,,40929,27,0,62,1,70,,40910,27,0,62,1,30,,40919,27,0,62,1,70,,40913,27,0,62,1,30,,40926,27,0,62,1,70,,40915,27,0,62,1,30,,40928,27,0,62,1,70,,40917,27,0,62,1,30,,40907,27,0,62,1,70,,40906,27,0,62,1,30,,40922,27,0,62,1,70,,40925,27,0,62,1,30,,40911,27,0,62,1,70,,40932,27,0,62,1,30,,40921,27,0,62,1,99,,40916,27,0,62,1,100,,40912,27,0,62,1,100,,40909,27,0,62,1,100,,40920,27,0,62,1,100,,40914,27,0,62,1
41701,'12',1831,,40936,27,0,62,1,99,,40941,27,0,62,1,100,,40940,27,0,62,1,100,,40937,27,0,62,1,100,,40939,27,0,62,1,100,,40938,27,0,62,1
41701,'13',1831,,40942,27,0,62,1,99,,40947,27,0,62,1,100,,40946,27,0,62,1,100,,40943,27,0,62,1,100,,40945,27,0,62,1,100,,40944,27,0,62,1
41701,'14',1131,,40951,27,0,62,1,100,,40953,27,0,62,1,100,,40950,27,0,62,1,100,,40952,27,0,62,1,100,,40954,27,0,62,1,100,,40949,27,0,62,1,100,,40948,27,0,62,1
41701,'16',630,,40976,27,0,62,1,70,,40964,27,0,62,1,30,,30161,27,0,62,1,70,,40968,27,0,62,1,30,,40975,27,0,62,1,70,,30647,27,0,62,1,30,,40955,27,0,62,1,70,,40973,27,0,62,1,31,,31386,27,0,62,1,70,,40972,27,0,62,1,30,,29981,27,0,62,1,70,,31726,27,0,62,1,30,,40965,27,0,62,1,70,,40959,27,0,62,1,30,,40970,27,0,62,1,70,,40961,27,0,62,1,30,,40971,27,0,62,1,70,,40963,27,0,62,1,30,,17746,27,0,62,1,70,,32291,27,0,62,1,30,,40967,27,0,62,1,70,,40969,27,0,62,1,30,,40957,27,0,62,1,70,,40974,27,0,62,1,30,,31209,27,0,62,1,99,,40962,27,0,62,1,100,,40958,27,0,62,1,100,,40956,27,0,62,1,100,,40966,27,0,62,1,100,,40960,27,0,62,1
41701,'3',1831,,40977,27,0,62,1,99,,40982,27,0,62,1,100,,40981,27,0,62,1,100,,40978,27,0,62,1,100,,40980,27,0,62,1,100,,40979,27,0,62,1
41701,'6',1831,,40983,27,0,62,1,99,,40988,27,0,62,1,100,,40987,27,0,62,1,100,,40984,27,0,62,1,100,,40986,27,0,62,1,100,,40985,27,0,62,1
41701,'8',930,,40990,27,0,62,1,171,,41004,27,0,62,1,30,,40991,27,0,62,1,70,,40998,27,0,62,1,30,,40994,27,0,62,1,70,,40992,27,0,62,1,30,,40999,27,0,62,1,100,,41000,27,0,62,1,70,,40989,27,0,62,1,30,,40995,27,0,62,1,70,,40997,27,0,62,1,30,,41001,27,0,62,1,70,,41003,27,0,62,1,30,,40996,27,0,62,1,70,,40993,27,0,62,1,30,,41002,27,0,62,1,99,,30209,27,0,62,1
41800,'1',622,,41028,18,0,45 46 18,1,30,,31346,18,0,45 46 18,1,70,,41015,18,0,45 46 18,1,30,,41023,18,0,45 46 18,1,70,,41016,18,0,45 46 18,1,30,,41011,18,0,45 46 18,1,70,,41013,18,0,45 46 18,1,30,,41006,18,0,45 46 18,1,71,,41025,18,0,45 46 18,1,30,,41018,18,0,45 46 18,1,70,,41012,18,0,45 46 18,1,30,,41022,18,0,45 46 18,1,70,,41014,18,0,45 46 18,1,30,,41005,18,0,45 46 18,1,70,,41026,18,0,45 46 18,1,30,,41024,18,0,45 46 18,1,70,,41007,18,0,45 46 18,1,30,,41019,18,0,45 46 18,1,70,,24259,18,0,45 46 18,1,30,,41008,18,0,45 46 18,1,70,,41009,18,0,45 46 18,1,30,,41017,18,0,45 46 18,1,70,,29112,18,0,45 46 18,1,30,,23596,18,0,45 46 18,1,100,,30068,18,0,45 46 18,1,100,,41021,18,0,45 46 18,1,100,,32532,18,0,45 46 18,1,100,,41027,18,0,45 46 18,1,100,,41020,18,0,45 46 18,1,100,,41010,18,0,45 46 18,1
41800,'11',622,,41058,18,0,45 46 18,1,30,,41046,18,0,45 46 18,1,70,,41042,18,0,45 46 18,1,30,,41053,18,0,45 46 18,1,70,,41044,18,0,45 46 18,1,30,,41036,18,0,45 46 18,1,70,,41039,18,0,45 46 18,1,30,,41030,18,0,45 46 18,1,71,,41055,18,0,45 46 18,1,30,,41047,18,0,45 46 18,1,70,,41038,18,0,45 46 18,1,30,,41052,18,0,45 46 18,1,70,,41040,18,0,45 46 18,1,30,,41029,18,0,45 46 18,1,70,,41056,18,0,45 46 18,1,30,,41054,18,0,45 46 18,1,70,,41031,18,0,45 46 18,1,30,,41049,18,0,45 46 18,1,70,,41043,18,0,45 46 18,1,30,,41032,18,0,45 46 18,1,70,,41034,18,0,45 46 18,1,30,,41045,18,0,45 46 18,1,70,,41033,18,0,45 46 18,1,30,,41041,18,0,45 46 18,1,100,,41037,18,0,45 46 18,1,100,,41051,18,0,45 46 18,1,100,,41048,18,0,45 46 18,1,100,,41057,18,0,45 46 18,1,100,,41050,18,0,45 46 18,1,100,,41035,18,0,45 46 18,1
41800,'12',1853,,41062,18,0,45 46 18,1,100,,41059,18,0,45 46 18,1,100,,41063,18,0,45 46 18,1,100,,41060,18,0,45 46 18,1,100,,41064,18,0,45 46 18,1,100,,41061,18,0,45 46 18,1
41800,'13',1853,,41068,18,0,45 46 18,1,100,,41065,18,0,45 46 18,1,100,,41069,18,0,45 46 18,1,100,,41066,18,0,45 46 18,1,100,,41070,18,0,45 46 18,1,100,,41067,18,0,45 46 18,1
41800,'14',1053,,41072,18,0,45 46 18,1,100,,41074,18,0,45 46 18,1,100,,41077,18,0,45 46 18,1,100,,41076,18,0,45 46 18,1,100,,41073,18,0,45 46 18,1,100,,41071,18,0,45 46 18,1,100,,41078,18,0,45 46 18,1,100,,41075,18,0,45 46 18,1
41800,'16',622,,41103,18,0,45 46 18,1,30,,31387,18,0,45 46 18,1,70,,41089,18,0,45 46 18,1,30,,41098,18,0,45 46 18,1,70,,41090,18,0,45 46 18,1,30,,41085,18,0,45 46 18,1,70,,41087,18,0,45 46 18,1,30,,41080,18,0,45 46 18,1,71,,41100,18,0,45 46 18,1,30,,41092,18,0,45 46 18,1,70,,41086,18,0,45 46 18,1,30,,41097,18,0,45 46 18,1,70,,41088,18,0,45 46 18,1,30,,41079,18,0,45 46 18,1,70,,41101,18,0,45 46 18,1,30,,41099,18,0,45 46 18,1,70,,41081,18,0,45 46 18,1,30,,41094,18,0,45 46 18,1,70,,29533,18,0,45 46 18,1,30,,41082,18,0,45 46 18,1,70,,41083,18,0,45 46 18,1,30,,41091,18,0,45 46 18,1,70,,23985,18,0,45 46 18,1,30,,30899,18,0,45 46 18,1,100,,30148,18,0,45 46 18,1,100,,41096,18,0,45 46 18,1,100,,41093,18,0,45 46 18,1,100,,41102,18,0,45 46 18,1,100,,41095,18,0,45 46 18,1,100,,41084,18,0,45 46 18,1
41800,'3',1853,,41107,18,0,45 46 18,1,100,,41104,18,0,45 46 18,1,100,,41108,18,0,45 46 18,1,100,,41105,18,0,45 46 18,1,100,,41109,18,0,45 46 18,1,100,,41106,18,0,45 46 18,1
41800,'6',1853,,41113,18,0,45 46 18,1,100,,41110,18,0,45 46 18,1,100,,41114,18,0,45 46 18,1,100,,41111,18,0,45 46 18,1,100,,41115,18,0,45 46 18,1,100,,41112,18,0,45 46 18,1
41800,'8',952,,41130,18,0,45 46 18,1,71,,30580,18,0,45 46 18,1,30,,41126,18,0,45 46 18,1,70,,41129,18,0,45 46 18,1,30,,41116,18,0,45 46 18,1,100,,41120,18,0,45 46 18,1,70,,41123,18,0,45 46 18,1,30,,41121,18,0,45 46 18,1,100,,41125,18,0,45 46 18,1,70,,41119,18,0,45 46 18,1,30,,29849,18,0,45 46 18,1,70,,41117,18,0,45 46 18,1,30,,41122,18,0,45 46 18,1,70,,41118,18,0,45 46 18,1,30,,41128,18,0,45 46 18,1,100,,41127,18,0,45 46 18,1,100,,41124,18,0,45 46 18,1
