30201,'12',619,,33215,2,0,24,1,30,,33224,2,0,24,1,70,,33225,2,0,24,1,30,,33230,2,0,24,1,70,,33218,2,0,24,1,30,,33235,2,0,24,1,70,,33219,2,0,24,1,30,,33229,2,0,24,1,70,,33231,2,0,24,1,30,,33237,2,0,24,1,70,,33216,2,0,24,1,30,,33217,2,0,24,1,70,,33232,2,0,24,1,30,,33226,2,0,24,1,70,,33223,2,0,24,1,30,,33227,2,0,24,1,73,,33228,2,0,24,1,78,,33221,2,0,24,1,30,,33220,2,0,24,1,70,,33234,2,0,24,1,30,,33233,2,0,24,1,70,,33238,2,0,24,1,30,,33222,2,0,24,1,70,,33236,2,0,24,1
30201,'13',619,,33239,2,0,24,1,30,,33248,2,0,24,1,70,,33249,2,0,24,1,30,,33254,2,0,24,1,70,,33242,2,0,24,1,30,,33258,2,0,24,1,70,,33243,2,0,24,1,30,,33253,2,0,24,1,70,,33255,2,0,24,1,30,,33260,2,0,24,1,70,,33240,2,0,24,1,30,,33241,2,0,24,1,70,,33256,2,0,24,1,30,,33250,2,0,24,1,70,,33247,2,0,24,1,30,,33251,2,0,24,1,73,,33252,2,0,24,1,78,,33245,2,0,24,1,30,,33244,2,0,24,1,70,,33257,2,0,24,1,30,,29290,2,0,24,1,70,,28820,2,0,24,1,30,,33246,2,0,24,1,70,,33259,2,0,24,1
30201,'3',619,,33261,2,0,24,1,30,,33270,2,0,24,1,70,,33271,2,0,24,1,30,,33276,2,0,24,1,70,,33264,2,0,24,1,30,,33280,2,0,24,1,70,,33265,2,0,24,1,30,,33275,2,0,24,1,70,,33277,2,0,24,1,30,,33282,2,0,24,1,70,,33262,2,0,24,1,30,,33263,2,0,24,1,70,,33278,2,0,24,1,30,,33272,2,0,24,1,70,,33269,2,0,24,1,30,,33273,2,0,24,1,73,,33274,2,0,24,1,78,,33267,2,0,24,1,30,,33266,2,0,24,1,70,,33279,2,0,24,1,30,,29309,2,0,24,1,70,,28843,2,0,24,1,30,,33268,2,0,24,1,70,,33281,2,0,24,1
30201,'6',619,,33283,2,0,24,1,30,,33292,2,0,24,1,70,,33293,2,0,24,1,30,,33298,2,0,24,1,70,,33286,2,0,24,1,30,,33303,2,0,24,1,70,,33287,2,0,24,1,30,,33297,2,0,24,1,70,,33299,2,0,24,1,30,,33305,2,0,24,1,70,,33284,2,0,24,1,30,,33285,2,0,24,1,70,,33300,2,0,24,1,30,,33294,2,0,24,1,70,,33291,2,0,24,1,30,,33295,2,0,24,1,73,,33296,2,0,24,1,78,,33289,2,0,24,1,30,,33288,2,0,24,1,70,,33302,2,0,24,1,30,,33301,2,0,24,1,70,,33306,2,0,24,1,30,,33290,2,0,24,1,70,,33304,2,0,24,1
30901,'12',619,,34469,6,0,25 14 26,1,30,,34473,6,0,25 14 26,1,70,,34486,6,0,25 14 26,1,30,,34470,6,0,25 14 26,1,70,,34476,6,0,25 14 26,1,30,,34481,6,0,25 14 26,1,70,,34492,6,0,25 14 26,1,30,,34487,6,0,25 14 26,1,70,,34491,6,0,25 14 26,1,30,,34479,6,0,25 14 26,1,70,,34489,6,0,25 14 26,1,30,,34475,6,0,25 14 26,1,70,,34488,6,0,25 14 26,1,30,,34483,6,0,25 14 26,1,70,,34472,6,0,25 14 26,1,30,,34471,6,0,25 14 26,1,70,,34474,6,0,25 14 26,1,38,,34490,6,0,25 14 26,1,70,,34477,6,0,25 14 26,1,30,,34485,6,0,25 14 26,1,70,,34478,6,0,25 14 26,1,30,,34482,6,0,25 14 26,1,70,,34480,6,0,25 14 26,1,30,,34493,6,0,25 14 26,1,66,,34484,2,0,25 14 26,1
30901,'13',619,,34494,6,0,25 14 26,1,30,,34498,6,0,25 14 26,1,70,,34511,6,0,25 14 26,1,30,,34495,6,0,25 14 26,1,70,,34501,6,0,25 14 26,1,30,,34506,6,0,25 14 26,1,70,,27614,6,0,25 14 26,1,30,,23691,6,0,25 14 26,1,70,,34515,6,0,25 14 26,1,30,,34504,6,0,25 14 26,1,70,,34513,6,0,25 14 26,1,30,,34500,6,0,25 14 26,1,70,,34512,6,0,25 14 26,1,30,,34508,6,0,25 14 26,1,70,,34497,6,0,25 14 26,1,30,,34496,6,0,25 14 26,1,70,,34499,6,0,25 14 26,1,38,,34514,6,0,25 14 26,1,70,,34502,6,0,25 14 26,1,30,,34510,6,0,25 14 26,1,70,,34503,6,0,25 14 26,1,30,,34507,6,0,25 14 26,1,70,,34505,6,0,25 14 26,1,30,,34516,6,0,25 14 26,1,66,,34509,2,0,25 14 26,1
30901,'3',619,,34517,6,0,25 14 26,1,30,,34521,6,0,25 14 26,1,70,,34534,6,0,25 14 26,1,30,,34518,6,0,25 14 26,1,70,,34524,6,0,25 14 26,1,30,,34529,6,0,25 14 26,1,70,,27637,6,0,25 14 26,1,30,,23711,6,0,25 14 26,1,70,,34538,6,0,25 14 26,1,30,,34527,6,0,25 14 26,1,70,,34536,6,0,25 14 26,1,30,,34523,6,0,25 14 26,1,70,,34535,6,0,25 14 26,1,30,,34531,6,0,25 14 26,1,70,,34520,6,0,25 14 26,1,30,,34519,6,0,25 14 26,1,70,,34522,6,0,25 14 26,1,38,,34537,6,0,25 14 26,1,70,,34525,6,0,25 14 26,1,30,,34533,6,0,25 14 26,1,70,,34526,6,0,25 14 26,1,30,,34530,6,0,25 14 26,1,70,,34528,6,0,25 14 26,1,30,,34539,6,0,25 14 26,1,66,,34532,2,0,25 14 26,1
30901,'6',619,,34540,6,0,25 14 26,1,30,,34544,6,0,25 14 26,1,70,,34557,6,0,25 14 26,1,30,,34541,6,0,25 14 26,1,70,,34547,6,0,25 14 26,1,30,,34552,6,0,25 14 26,1,70,,34563,6,0,25 14 26,1,30,,34558,6,0,25 14 26,1,70,,34562,6,0,25 14 26,1,30,,34550,6,0,25 14 26,1,70,,34560,6,0,25 14 26,1,30,,34546,6,0,25 14 26,1,70,,34559,6,0,25 14 26,1,30,,34554,6,0,25 14 26,1,70,,34543,6,0,25 14 26,1,30,,34542,6,0,25 14 26,1,70,,34545,6,0,25 14 26,1,38,,34561,6,0,25 14 26,1,70,,34548,6,0,25 14 26,1,30,,34556,6,0,25 14 26,1,70,,34549,6,0,25 14 26,1,30,,34553,6,0,25 14 26,1,70,,34551,6,0,25 14 26,1,30,,34564,6,0,25 14 26,1,66,,34555,2,0,25 14 26,1
40201,'1',647,,38428,2,0,24,1,70,,38425,2,0,24,1,30,,38426,2,0,24,1,70,,38427,2,0,24,1,30,,38437,2,0,24,1,70,,38432,2,0,24,1,30,,38441,2,0,24,1,70,,38423,2,0,24,1,30,,38430,2,0,24,1,70,,38436,2,0,24,1,30,,38419,2,0,24,1,70,,38433,2,0,24,1,30,,38438,2,0,24,1,70,,31028,2,0,24,1,30,,38418,2,0,24,1,70,,38415,2,0,24,1,30,,38424,2,0,24,1,70,,38431,2,0,24,1,30,,38435,2,0,24,1,70,,38421,2,0,24,1,30,,31249,2,0,24,1,70,,38417,2,0,24,1,30,,38422,2,0,24,1,70,,38442,2,0,24,1,30,,38434,2,0,24,1,100,,38429,2,0,24,1,100,,38440,2,0,24,1,100,,38420,2,0,24,1,100,,38439,2,0,24,1,100,,38416,2,0,24,1
40201,'11',647,,38459,2,0,24,1,70,,38456,2,0,24,1,30,,38457,2,0,24,1,70,,38458,2,0,24,1,30,,38454,2,0,24,1,70,,38463,2,0,24,1,30,,38471,2,0,24,1,70,,38453,2,0,24,1,30,,38461,2,0,24,1,70,,38467,2,0,24,1,30,,38449,2,0,24,1,70,,38464,2,0,24,1,30,,38468,2,0,24,1,70,,38443,2,0,24,1,30,,38448,2,0,24,1,70,,38444,2,0,24,1,30,,38455,2,0,24,1,70,,38462,2,0,24,1,30,,38466,2,0,24,1,70,,38451,2,0,24,1,30,,38446,2,0,24,1,70,,38447,2,0,24,1,30,,38452,2,0,24,1,70,,38472,2,0,24,1,30,,38465,2,0,24,1,100,,38460,2,0,24,1,100,,38470,2,0,24,1,100,,38450,2,0,24,1,100,,38469,2,0,24,1,100,,38445,2,0,24,1
40201,'12',1847,,38476,2,0,24,1,100,,38473,2,0,24,1,100,,38474,2,0,24,1,100,,38478,2,0,24,1,100,,38475,2,0,24,1,100,,38477,2,0,24,1
40201,'13',1847,,38482,2,0,24,1,100,,38479,2,0,24,1,100,,38480,2,0,24,1,100,,38484,2,0,24,1,100,,38481,2,0,24,1,100,,38483,2,0,24,1
40201,'14',1147,,38488,2,0,24,1,100,,29737,2,0,24,1,100,,38487,2,0,24,1,100,,38486,2,0,24,1,100,,38490,2,0,24,1,100,,38485,2,0,24,1,100,,38489,2,0,24,1
40201,'16',647,,38504,2,0,24,1,70,,38501,2,0,24,1,30,,38502,2,0,24,1,70,,38503,2,0,24,1,30,,38513,2,0,24,1,70,,38508,2,0,24,1,30,,38517,2,0,24,1,70,,38499,2,0,24,1,30,,38506,2,0,24,1,70,,38512,2,0,24,1,30,,38495,2,0,24,1,70,,38509,2,0,24,1,30,,38514,2,0,24,1,70,,31065,2,0,24,1,30,,38494,2,0,24,1,70,,38491,2,0,24,1,30,,38500,2,0,24,1,70,,38507,2,0,24,1,30,,38511,2,0,24,1,70,,38497,2,0,24,1,30,,31288,2,0,24,1,70,,38493,2,0,24,1,30,,38498,2,0,24,1,70,,38518,2,0,24,1,30,,38510,2,0,24,1,100,,38505,2,0,24,1,100,,38516,2,0,24,1,100,,38496,2,0,24,1,100,,38515,2,0,24,1,100,,38492,2,0,24,1
40201,'3',1847,,38522,2,0,24,1,100,,38519,2,0,24,1,100,,38520,2,0,24,1,100,,38524,2,0,24,1,100,,38521,2,0,24,1,100,,38523,2,0,24,1
40201,'6',1847,,38528,2,0,24,1,100,,38525,2,0,24,1,100,,38526,2,0,24,1,100,,38530,2,0,24,1,100,,38527,2,0,24,1,100,,38529,2,0,24,1
40201,'8',947,,38533,2,0,24,1,100,,38534,2,0,24,1,70,,38536,2,0,24,1,30,,25796,2,0,24,1,70,,38545,2,0,24,1,30,,38542,2,0,24,1,70,,38540,2,0,24,1,30,,38539,2,0,24,1,70,,38547,2,0,24,1,30,,38532,2,0,24,1,70,,38544,2,0,24,1,30,,38543,2,0,24,1,70,,38535,2,0,24,1,30,,38538,2,0,24,1,70,,38531,2,0,24,1,30,,38548,2,0,24,1,70,,38541,2,0,24,1,30,,38546,2,0,24,1,100,,38537,2,0,24,1
40901,'1',647,,39494,6,0,25 12,1,70,,39496,6,0,25 12,1,30,,39491,6,0,25 12,1,70,,39475,6,0,25 12,1,30,,39477,6,0,25 12,1,70,,39485,6,0,25 12,1,30,,39479,6,0,25 12,1,70,,30685,6,0,25 12,1,30,,39482,6,0,25 12,1,70,,39488,6,0,25 12,1,30,,39478,6,0,25 12,1,70,,39497,6,0,25 12,1,30,,39498,6,0,25 12,1,70,,39490,6,0,25 12,1,30,,24694,6,0,25 12,1,70,,31595,6,0,25 12,1,30,,39474,6,0,25 12,1,70,,39481,6,0,25 12,1,30,,39486,6,0,25 12,1,70,,39476,6,0,25 12,1,30,,39484,6,0,25 12,1,70,,39489,6,0,25 12,1,30,,39495,6,0,25 12,1,70,,23651,6,0,25 12,1,30,,39487,6,0,25 12,1,100,,39492,6,0,25 12,1,100,,39483,6,0,25 12,1,100,,39480,6,0,25 12,1,100,,39493,6,0,25 12,1
40901,'11',647,,39523,6,0,25 12,1,70,,39525,6,0,25 12,1,30,,39519,6,0,25 12,1,70,,39501,6,0,25 12,1,30,,39503,6,0,25 12,1,70,,39512,6,0,25 12,1,30,,39505,6,0,25 12,1,70,,39511,6,0,25 12,1,30,,39508,6,0,25 12,1,70,,39516,6,0,25 12,1,30,,39504,6,0,25 12,1,70,,39526,6,0,25 12,1,30,,39527,6,0,25 12,1,70,,39518,6,0,25 12,1,30,,39521,6,0,25 12,1,70,,39515,6,0,25 12,1,30,,39499,6,0,25 12,1,70,,39507,6,0,25 12,1,30,,39513,6,0,25 12,1,70,,39502,6,0,25 12,1,30,,39510,6,0,25 12,1,70,,39517,6,0,25 12,1,30,,39524,6,0,25 12,1,70,,39500,6,0,25 12,1,30,,39514,6,0,25 12,1,100,,39520,6,0,25 12,1,100,,39509,6,0,25 12,1,100,,39506,6,0,25 12,1,100,,39522,6,0,25 12,1
40901,'12',1847,,39532,6,0,25 12,1,100,,39531,6,0,25 12,1,100,,39528,6,0,25 12,1,100,,39530,6,0,25 12,1,100,,39529,6,0,25 12,1
40901,'13',1847,,39536,6,0,25 12,1,100,,39535,6,0,25 12,1,100,,39533,6,0,25 12,1,100,,39534,6,0,25 12,1,100,,23553,6,0,25 12,1
40901,'14',1047,,39538,6,0,25 12,1,100,,39541,6,0,25 12,1,100,,39539,6,0,25 12,1,100,,39542,6,0,25 12,1,100,,30452,6,0,25 12,1,100,,39540,6,0,25 12,1,100,,39543,6,0,25 12,1,100,,39537,6,0,25 12,1
40901,'16',647,,39564,6,0,25 12,1,70,,39566,6,0,25 12,1,30,,39561,6,0,25 12,1,70,,39545,6,0,25 12,1,30,,39547,6,0,25 12,1,70,,39555,6,0,25 12,1,30,,39549,6,0,25 12,1,70,,30722,6,0,25 12,1,30,,39552,6,0,25 12,1,70,,39558,6,0,25 12,1,30,,39548,6,0,25 12,1,70,,39567,6,0,25 12,1,30,,39568,6,0,25 12,1,70,,39560,6,0,25 12,1,30,,29544,6,0,25 12,1,70,,31633,6,0,25 12,1,30,,39544,6,0,25 12,1,70,,39551,6,0,25 12,1,30,,39556,6,0,25 12,1,70,,39546,6,0,25 12,1,30,,39554,6,0,25 12,1,70,,39559,6,0,25 12,1,30,,39565,6,0,25 12,1,70,,29526,6,0,25 12,1,30,,39557,6,0,25 12,1,100,,39562,6,0,25 12,1,100,,39553,6,0,25 12,1,100,,39550,6,0,25 12,1,100,,39563,6,0,25 12,1
40901,'3',1847,,39572,6,0,25 12,1,100,,39571,6,0,25 12,1,100,,39569,6,0,25 12,1,100,,39570,6,0,25 12,1,100,,23574,6,0,25 12,1
40901,'6',1847,,39577,6,0,25 12,1,100,,39576,6,0,25 12,1,100,,39573,6,0,25 12,1,100,,39575,6,0,25 12,1,100,,39574,6,0,25 12,1
40901,'8',847,,39590,6,0,25 12,1,100,,39589,6,0,25 12,1,100,,39595,6,0,25 12,1,70,,39580,6,0,25 12,1,30,,39581,6,0,25 12,1,70,,39587,6,0,25 12,1,30,,39583,6,0,25 12,1,70,,39582,6,0,25 12,1,30,,39594,6,0,25 12,1,70,,39591,6,0,25 12,1,30,,39584,6,0,25 12,1,70,,39592,6,0,25 12,1,30,,39588,6,0,25 12,1,70,,39593,6,0,25 12,1,30,,32416,6,0,25 12,1,70,,39579,6,0,25 12,1,30,,39596,6,0,25 12,1,70,,39578,6,0,25 12,1,30,,39586,6,0,25 12,1,100,,39585,6,0,25 12,1
