30601,'15',629,,10526,8,0,9 12,1,30,,10525,8,0,9 12,1,70,,10538,8,0,9 12,1,30,,10539,8,0,9 12,1,70,,10524,8,0,9 12,1,30,,10532,8,0,9 12,1,70,,10541,8,0,9 12,1,30,,10543,8,0,9 12,1,70,,10542,8,0,9 12,1,30,,10534,8,0,9 12,1,70,,10536,8,0,9 12,1,30,,10547,8,0,9 12,1,70,,10535,8,0,9 12,1,30,,10528,8,0,9 12,1,70,,10533,8,0,9 12,1,30,,10546,8,0,9 12,1,70,,10544,8,0,9 12,1,25,,10530,8,0,9 12,1,5,,10545,8,0,9 12,1,70,,10531,8,0,9 12,1,30,,10548,8,0,9 12,1,70,,10540,8,0,9 12,1,30,,10527,8,0,9 12,1,70,,10537,8,0,9 12,1,30,,10529,8,0,9 12,1
30601,'16',629,,10551,8,0,9 12,1,30,,10550,8,0,9 12,1,70,,3355,8,0,9 12,1,30,,10561,8,0,9 12,1,70,,10549,8,0,9 12,1,30,,10555,8,0,9 12,1,70,,10563,8,0,9 12,1,30,,2695,8,0,9 12,1,70,,10564,8,0,9 12,1,30,,10557,8,0,9 12,1,70,,10559,8,0,9 12,1,30,,10568,8,0,9 12,1,70,,10558,8,0,9 12,1,30,,1760,8,0,9 12,1,70,,10556,8,0,9 12,1,30,,10567,8,0,9 12,1,70,,10565,8,0,9 12,1,25,,3638,8,0,9 12,1,5,,10566,8,0,9 12,1,70,,10554,8,0,9 12,1,30,,10569,8,0,9 12,1,70,,10562,8,0,9 12,1,30,,10552,8,0,9 12,1,70,,10560,8,0,9 12,1,30,,10553,8,0,9 12,1
30601,'17',629,,10572,8,0,9 12,1,30,,10571,8,0,9 12,1,70,,3379,8,0,9 12,1,30,,10580,8,0,9 12,1,70,,10570,8,0,9 12,1,30,,10575,8,0,9 12,1,70,,10581,8,0,9 12,1,30,,2720,8,0,9 12,1,70,,10582,8,0,9 12,1,30,,10577,8,0,9 12,1,70,,10578,8,0,9 12,1,30,,10586,8,0,9 12,1,70,,4535,8,0,9 12,1,30,,1783,8,0,9 12,1,70,,10576,8,0,9 12,1,30,,10585,8,0,9 12,1,70,,10583,8,0,9 12,1,25,,3664,8,0,9 12,1,5,,10584,8,0,9 12,1,70,,3202,8,0,9 12,1,30,,10587,8,0,9 12,1,70,,2993,8,0,9 12,1,30,,10573,8,0,9 12,1,70,,10579,8,0,9 12,1,30,,10574,8,0,9 12,1
30601,'19',629,,10590,8,0,9 12,1,30,,10589,8,0,9 12,1,70,,10602,8,0,9 12,1,30,,10603,8,0,9 12,1,70,,10588,8,0,9 12,1,30,,10596,8,0,9 12,1,70,,10605,8,0,9 12,1,30,,10606,8,0,9 12,1,70,,5351,8,0,9 12,1,30,,10598,8,0,9 12,1,70,,10600,8,0,9 12,1,30,,10610,8,0,9 12,1,70,,10599,8,0,9 12,1,30,,10592,8,0,9 12,1,70,,10597,8,0,9 12,1,30,,10609,8,0,9 12,1,70,,10607,8,0,9 12,1,25,,10594,8,0,9 12,1,5,,10608,8,0,9 12,1,70,,10595,8,0,9 12,1,30,,10611,8,0,9 12,1,70,,10604,8,0,9 12,1,30,,10591,8,0,9 12,1,70,,10601,8,0,9 12,1,30,,10593,8,0,9 12,1
30601,'5',629,,10614,8,0,9 12,1,30,,10613,8,0,9 12,1,70,,3403,8,0,9 12,1,30,,10623,8,0,9 12,1,70,,10612,8,0,9 12,1,30,,10618,8,0,9 12,1,70,,10625,8,0,9 12,1,30,,2744,8,0,9 12,1,70,,10626,8,0,9 12,1,30,,8362,8,0,9 12,1,70,,10621,8,0,9 12,1,30,,10630,8,0,9 12,1,70,,10620,8,0,9 12,1,30,,1806,8,0,9 12,1,70,,10619,8,0,9 12,1,30,,10629,8,0,9 12,1,70,,10627,8,0,9 12,1,25,,3690,8,0,9 12,1,5,,10628,8,0,9 12,1,70,,10617,8,0,9 12,1,30,,10631,8,0,9 12,1,70,,10624,8,0,9 12,1,30,,10615,8,0,9 12,1,70,,10622,8,0,9 12,1,30,,10616,8,0,9 12,1
30601,'6',629,,10634,8,0,9 12,1,30,,10633,8,0,9 12,1,70,,10646,8,0,9 12,1,30,,10647,8,0,9 12,1,70,,10632,8,0,9 12,1,30,,10640,8,0,9 12,1,70,,10649,8,0,9 12,1,30,,10651,8,0,9 12,1,70,,10650,8,0,9 12,1,30,,10642,8,0,9 12,1,70,,10644,8,0,9 12,1,30,,10655,8,0,9 12,1,70,,10643,8,0,9 12,1,30,,10636,8,0,9 12,1,70,,10641,8,0,9 12,1,30,,10654,8,0,9 12,1,70,,10652,8,0,9 12,1,25,,10638,8,0,9 12,1,5,,10653,8,0,9 12,1,70,,10639,8,0,9 12,1,30,,10656,8,0,9 12,1,70,,10648,8,0,9 12,1,30,,10635,8,0,9 12,1,70,,10645,8,0,9 12,1,30,,10637,8,0,9 12,1
40601,'1',1127,,17782,8,0,9 12,1,100,,2131,8,0,9 12,1,100,,17785,8,0,9 12,1,100,,17781,8,0,9 12,1,100,,17783,8,0,9 12,1,100,,17786,8,0,9 12,1,100,,17784,8,0,9 12,1
40601,'10',657,,17798,8,0,9 12,1,70,,17815,8,0,9 12,1,30,,17807,8,0,9 12,1,70,,17814,8,0,9 12,1,30,,17794,8,0,9 12,1,70,,17788,8,0,9 12,1,30,,17795,8,0,9 12,1,70,,17803,8,0,9 12,1,30,,17787,8,0,9 12,1,70,,17797,8,0,9 12,1,30,,17800,8,0,9 12,1,70,,17811,8,0,9 12,1,30,,17813,8,0,9 12,1,70,,17793,8,0,9 12,1,30,,17808,8,0,9 12,1,70,,17789,8,0,9 12,1,30,,17799,8,0,9 12,1,70,,17812,8,0,9 12,1,30,,17801,8,0,9 12,1,70,,17809,8,0,9 12,1,30,,17805,8,0,9 12,1,70,,17791,8,0,9 12,1,30,,17796,8,0,9 12,1,70,,17792,8,0,9 12,1,100,,17810,8,0,9 12,1,100,,17802,8,0,9 12,1,100,,17806,8,0,9 12,1,100,,17790,8,0,9 12,1,100,,17804,8,0,9 12,1
40601,'12',927,,6844,8,0,9 12,1,100,,17826,8,0,9 12,1,30,,17827,8,0,9 12,1,70,,17819,8,0,9 12,1,30,,6118,8,0,9 12,1,70,,17825,8,0,9 12,1,30,,17824,8,0,9 12,1,70,,17823,8,0,9 12,1,30,,17828,8,0,9 12,1,70,,17832,8,0,9 12,1,30,,17829,8,0,9 12,1,70,,17822,8,0,9 12,1,30,,17830,8,0,9 12,1,70,,17821,8,0,9 12,1,30,,17818,8,0,9 12,1,70,,17831,8,0,9 12,1,30,,17817,8,0,9 12,1,70,,17816,8,0,9 12,1,100,,17820,8,0,9 12,1
40601,'15',1827,,17838,8,0,9 12,1,100,,17833,8,0,9 12,1,100,,17834,8,0,9 12,1,100,,17835,8,0,9 12,1,100,,17836,8,0,9 12,1,100,,17837,8,0,9 12,1
40601,'16',1827,,17844,8,0,9 12,1,100,,17839,8,0,9 12,1,100,,17840,8,0,9 12,1,100,,17841,8,0,9 12,1,100,,17842,8,0,9 12,1,100,,17843,8,0,9 12,1
40601,'17',1827,,17850,8,0,9 12,1,100,,17845,8,0,9 12,1,100,,17846,8,0,9 12,1,100,,17847,8,0,9 12,1,100,,17848,8,0,9 12,1,100,,17849,8,0,9 12,1
40601,'19',1827,,17856,8,0,9 12,1,100,,17851,8,0,9 12,1,100,,17852,8,0,9 12,1,100,,17853,8,0,9 12,1,100,,17854,8,0,9 12,1,100,,17855,8,0,9 12,1
40601,'21',657,,17866,8,0,9 12,1,70,,17881,8,0,9 12,1,30,,17873,8,0,9 12,1,70,,17880,8,0,9 12,1,30,,7356,8,0,9 12,1,70,,17858,8,0,9 12,1,30,,17863,8,0,9 12,1,70,,17871,8,0,9 12,1,30,,17857,8,0,9 12,1,70,,17865,8,0,9 12,1,30,,17868,8,0,9 12,1,70,,17877,8,0,9 12,1,30,,17879,8,0,9 12,1,70,,17862,8,0,9 12,1,30,,17874,8,0,9 12,1,70,,17859,8,0,9 12,1,30,,17867,8,0,9 12,1,70,,17878,8,0,9 12,1,30,,17869,8,0,9 12,1,70,,17875,8,0,9 12,1,30,,17872,8,0,9 12,1,70,,17861,8,0,9 12,1,30,,17864,8,0,9 12,1,70,,5387,8,0,9 12,1,100,,17876,8,0,9 12,1,100,,17870,8,0,9 12,1,100,,6340,8,0,9 12,1,100,,17860,8,0,9 12,1,100,,6898,8,0,9 12,1
40601,'5',1827,,17887,8,0,9 12,1,100,,17882,8,0,9 12,1,100,,17883,8,0,9 12,1,100,,17884,8,0,9 12,1,100,,17885,8,0,9 12,1,100,,17886,8,0,9 12,1
40601,'6',1827,,17893,8,0,9 12,1,100,,17888,8,0,9 12,1,100,,17889,8,0,9 12,1,100,,17890,8,0,9 12,1,100,,17891,8,0,9 12,1,100,,17892,8,0,9 12,1
