31701,'15',630,,13447,41,0,62,1,70,,13440,41,0,62,1,30,,13450,41,0,62,1,70,,13448,41,0,62,1,30,,13442,41,0,62,1,70,,13456,41,0,62,1,30,,13453,41,0,62,1,70,,13451,41,0,62,1,31,,13457,41,0,62,1,70,,13443,41,0,62,1,30,,13463,41,0,62,1,70,,13462,41,0,62,1,30,,13459,41,0,62,1,70,,13445,41,0,62,1,30,,13460,41,0,62,1,70,,13444,41,0,62,1,31,,13461,41,0,62,1,70,,13458,41,0,62,1,30,,13446,41,0,62,1,70,,13455,41,0,62,1,30,,13449,41,0,62,1,70,,13454,41,0,62,1,30,,13441,41,0,62,1,70,,13452,41,0,62,1
31701,'16',630,,13469,41,0,62,1,70,,13464,41,0,62,1,30,,13472,41,0,62,1,70,,13470,41,0,62,1,30,,1757,41,0,62,1,70,,2352,41,0,62,1,30,,13475,41,0,62,1,70,,13473,41,0,62,1,31,,13477,41,0,62,1,70,,13466,41,0,62,1,30,,13483,41,0,62,1,70,,13482,41,0,62,1,30,,13479,41,0,62,1,70,,251,41,0,62,1,30,,13480,41,0,62,1,70,,13467,41,0,62,1,31,,13481,41,0,62,1,70,,13478,41,0,62,1,30,,13468,41,0,62,1,70,,1584,41,0,62,1,30,,13471,41,0,62,1,70,,13476,41,0,62,1,30,,13465,41,0,62,1,70,,13474,41,0,62,1
31701,'17',630,,13489,41,0,62,1,70,,13484,41,0,62,1,30,,13492,41,0,62,1,70,,13490,41,0,62,1,30,,1780,41,0,62,1,70,,2377,41,0,62,1,30,,13495,41,0,62,1,70,,13493,41,0,62,1,31,,13497,41,0,62,1,70,,13486,41,0,62,1,30,,13503,41,0,62,1,70,,13502,41,0,62,1,30,,13499,41,0,62,1,70,,301,41,0,62,1,30,,13500,41,0,62,1,70,,13487,41,0,62,1,31,,13501,41,0,62,1,70,,13498,41,0,62,1,30,,13488,41,0,62,1,70,,1606,41,0,62,1,30,,13491,41,0,62,1,70,,13496,41,0,62,1,30,,13485,41,0,62,1,70,,13494,41,0,62,1
31701,'19',630,,13511,41,0,62,1,70,,13504,41,0,62,1,30,,13514,41,0,62,1,70,,13512,41,0,62,1,30,,13506,41,0,62,1,70,,13520,41,0,62,1,30,,13517,41,0,62,1,70,,13515,41,0,62,1,31,,13521,41,0,62,1,70,,13507,41,0,62,1,30,,13527,41,0,62,1,70,,13526,41,0,62,1,30,,13523,41,0,62,1,70,,13509,41,0,62,1,30,,13524,41,0,62,1,70,,13508,41,0,62,1,31,,13525,41,0,62,1,70,,13522,41,0,62,1,30,,13510,41,0,62,1,70,,13519,41,0,62,1,30,,13513,41,0,62,1,70,,13518,41,0,62,1,30,,13505,41,0,62,1,70,,13516,41,0,62,1
31701,'5',630,,13532,41,0,62,1,70,,13528,41,0,62,1,30,,13535,41,0,62,1,70,,13533,41,0,62,1,30,,1803,41,0,62,1,70,,2402,41,0,62,1,30,,13538,41,0,62,1,70,,13536,41,0,62,1,31,,13540,41,0,62,1,70,,13530,41,0,62,1,30,,13546,41,0,62,1,70,,13545,41,0,62,1,30,,13542,41,0,62,1,70,,351,41,0,62,1,30,,13543,41,0,62,1,70,,13531,41,0,62,1,31,,13544,41,0,62,1,70,,13541,41,0,62,1,30,,4482,41,0,62,1,70,,1630,41,0,62,1,30,,13534,41,0,62,1,70,,13539,41,0,62,1,30,,13529,41,0,62,1,70,,13537,41,0,62,1
31701,'6',630,,13554,41,0,62,1,70,,13547,41,0,62,1,30,,13557,41,0,62,1,70,,13555,41,0,62,1,30,,13549,41,0,62,1,70,,13563,41,0,62,1,30,,13560,41,0,62,1,70,,13558,41,0,62,1,31,,13564,41,0,62,1,70,,13550,41,0,62,1,30,,13570,41,0,62,1,70,,13569,41,0,62,1,30,,13566,41,0,62,1,70,,13552,41,0,62,1,30,,13567,41,0,62,1,70,,13551,41,0,62,1,31,,13568,41,0,62,1,70,,13565,41,0,62,1,30,,13553,41,0,62,1,70,,13562,41,0,62,1,30,,13556,41,0,62,1,70,,13561,41,0,62,1,30,,13548,41,0,62,1,70,,13559,41,0,62,1
41701,'1',1136,,19484,35,0,62,1,100,,19480,35,0,62,1,100,,19481,35,0,62,1,100,,19483,35,0,62,1,100,,19479,35,0,62,1,100,,3326,35,0,62,1,100,,19482,35,0,62,1
41701,'10',633,,19485,35,0,62,1,70,,19487,35,0,62,1,30,,19508,35,0,62,1,70,,19511,35,0,62,1,30,,19506,35,0,62,1,70,,19509,35,0,62,1,30,,19496,35,0,62,1,70,,19490,35,0,62,1,33,,19497,35,0,62,1,70,,19513,35,0,62,1,30,,19512,35,0,62,1,70,,19488,35,0,62,1,30,,19489,35,0,62,1,70,,19495,35,0,62,1,30,,19502,35,0,62,1,70,,19507,35,0,62,1,30,,19493,35,0,62,1,70,,19501,35,0,62,1,30,,19500,35,0,62,1,70,,19510,35,0,62,1,30,,19486,35,0,62,1,70,,19494,35,0,62,1,30,,19505,35,0,62,1,70,,19499,35,0,62,1,30,,19498,35,0,62,1,97,,19514,35,0,62,1,100,,19491,35,0,62,1,100,,19504,35,0,62,1,100,,19503,35,0,62,1,100,,19492,35,0,62,1
41701,'12',933,,19523,35,0,62,1,103,,19516,35,0,62,1,70,,19521,35,0,62,1,30,,19525,35,0,62,1,70,,19531,35,0,62,1,30,,6515,35,0,62,1,70,,19518,35,0,62,1,30,,19529,35,0,62,1,70,,19527,35,0,62,1,30,,19532,35,0,62,1,70,,19524,35,0,62,1,30,,19519,35,0,62,1,70,,19526,35,0,62,1,30,,19528,35,0,62,1,70,,19517,35,0,62,1,30,,19530,35,0,62,1,70,,19520,35,0,62,1,30,,19515,35,0,62,1,97,,19522,35,0,62,1
41701,'15',1836,,19537,35,0,62,1,97,,19536,35,0,62,1,100,,19533,35,0,62,1,100,,19535,35,0,62,1,100,,19534,35,0,62,1,100,,19538,35,0,62,1
41701,'16',1836,,19543,35,0,62,1,97,,19542,35,0,62,1,100,,19539,35,0,62,1,100,,19541,35,0,62,1,100,,19540,35,0,62,1,100,,19544,35,0,62,1
41701,'17',1836,,19548,35,0,62,1,97,,19547,35,0,62,1,100,,4842,35,0,62,1,100,,19546,35,0,62,1,100,,19545,35,0,62,1,100,,19549,35,0,62,1
41701,'19',1836,,19554,35,0,62,1,97,,19553,35,0,62,1,100,,19550,35,0,62,1,100,,19552,35,0,62,1,100,,19551,35,0,62,1,100,,19555,35,0,62,1
41701,'21',633,,19556,35,0,62,1,70,,19558,35,0,62,1,30,,19578,35,0,62,1,70,,19580,35,0,62,1,30,,19576,35,0,62,1,70,,5403,35,0,62,1,30,,19567,35,0,62,1,70,,19561,35,0,62,1,33,,19568,35,0,62,1,70,,19582,35,0,62,1,30,,19581,35,0,62,1,70,,19559,35,0,62,1,30,,19560,35,0,62,1,70,,19566,35,0,62,1,30,,5695,35,0,62,1,70,,19577,35,0,62,1,30,,19564,35,0,62,1,70,,19572,35,0,62,1,30,,19571,35,0,62,1,70,,19579,35,0,62,1,30,,19557,35,0,62,1,70,,19565,35,0,62,1,30,,19575,35,0,62,1,70,,19570,35,0,62,1,30,,19569,35,0,62,1,97,,19583,35,0,62,1,100,,19562,35,0,62,1,100,,19574,35,0,62,1,100,,19573,35,0,62,1,100,,19563,35,0,62,1
41701,'5',1836,,19587,35,0,62,1,97,,19586,35,0,62,1,100,,4865,35,0,62,1,100,,19585,35,0,62,1,100,,19584,35,0,62,1,100,,19588,35,0,62,1
41701,'6',1836,,19593,35,0,62,1,97,,19592,35,0,62,1,100,,19589,35,0,62,1,100,,19591,35,0,62,1,100,,19590,35,0,62,1,100,,19594,35,0,62,1
