31001,'11',634,,18673,11,0,36,1,70,,28246,11,0,36,1,30,,28232,11,0,36,1,70,,28242,11,0,36,1,30,,28238,11,0,36,1,70,,28247,11,0,36,1,30,,28228,11,0,36,1,70,,28241,11,0,36,1,30,,28236,11,0,36,1,70,,28235,11,0,36,1,30,,28248,11,0,36,1,70,,28237,11,0,36,1,30,,26820,11,0,36,1,70,,28243,11,0,36,1,30,,28234,11,0,36,1,70,,23335,11,0,36,1,30,,28245,11,0,36,1,70,,28233,11,0,36,1,27,,26986,8,0,37 38,1,3,,28227,11,0,36,1,70,,28240,11,0,36,1,30,,28239,11,0,36,1,70,,28231,11,0,36,1,30,,28244,11,0,36,1,70,,28230,11,0,36,1,30,,28229,11,0,36,1
31001,'3',634,,18709,11,0,36,1,70,,28268,11,0,36,1,30,,28254,11,0,36,1,70,,28264,11,0,36,1,30,,28260,11,0,36,1,70,,28269,11,0,36,1,30,,28250,11,0,36,1,70,,28263,11,0,36,1,30,,28258,11,0,36,1,70,,28257,11,0,36,1,30,,28270,11,0,36,1,70,,28259,11,0,36,1,30,,26869,11,0,36,1,70,,28265,11,0,36,1,30,,28256,11,0,36,1,70,,23373,11,0,36,1,30,,28267,11,0,36,1,70,,28255,11,0,36,1,27,,27034,8,0,37 38,1,3,,28249,11,0,36,1,70,,28262,11,0,36,1,30,,28261,11,0,36,1,70,,28253,11,0,36,1,30,,28266,11,0,36,1,70,,28252,11,0,36,1,30,,28251,11,0,36,1
31601,'11',718,,28707,17,,,1,15,,28687,17,,,1,15,,28686,17,,,1,55,,28679,17,,,1,15,,28703,17,,,1,15,,28714,17,,,1,15,,28712,17,,,1,55,,28696,17,,,1,15,,28695,17,,,1,15,,28709,17,,,1,15,,28705,17,,,1,55,,28708,17,,,1,15,,28672,17,,,1,15,,28702,17,,,1,15,,28692,17,,,1,55,,28711,17,,,1,15,,28699,17,,,1,15,,28671,17,,,1,15,,28676,17,,,1,55,,28678,17,,,1,15,,28673,17,,,1,15,,28697,17,,,1,15,,28710,17,,,1,55,,28698,17,,,1,15,,22598,17,,,1,15,,28682,17,,,1,15,,28688,17,,,1,55,,28683,17,,,1,15,,28704,17,,,1,15,,28690,17,,,1,15,,28684,17,,,1,55,,28701,17,,,1,15,,28689,17,,,1,15,,22794,17,,,1,15,,28674,17,,,1,55,,28691,17,,,1,15,,28700,17,,,1,15,,28693,17,,,1,15,,28685,17,,,1,55,,28694,17,,,1,15,,28680,17,,,1,15,,28681,17,,,1,15,,23141,17,,,1,55,,28675,17,,,1,15,,28677,17,,,1,15,,28706,17,,,1,15,,28713,17,,,1
31601,'3',718,,28751,17,,,1,15,,28731,17,,,1,15,,28730,17,,,1,55,,28723,17,,,1,15,,28747,17,,,1,15,,28758,17,,,1,15,,28756,17,,,1,55,,28740,17,,,1,15,,28739,17,,,1,15,,28753,17,,,1,15,,28749,17,,,1,55,,28752,17,,,1,15,,28716,17,,,1,15,,28746,17,,,1,15,,28736,17,,,1,55,,28755,17,,,1,15,,28743,17,,,1,15,,28715,17,,,1,15,,28720,17,,,1,55,,28722,17,,,1,15,,28717,17,,,1,15,,28741,17,,,1,15,,28754,17,,,1,55,,28742,17,,,1,15,,22614,17,,,1,15,,28726,17,,,1,15,,28732,17,,,1,55,,28727,17,,,1,15,,28748,17,,,1,15,,28734,17,,,1,15,,28728,17,,,1,55,,28745,17,,,1,15,,28733,17,,,1,15,,22816,17,,,1,15,,28718,17,,,1,55,,28735,17,,,1,15,,28744,17,,,1,15,,28737,17,,,1,15,,28729,17,,,1,55,,28738,17,,,1,15,,28724,17,,,1,15,,28725,17,,,1,15,,23154,17,,,1,55,,28719,17,,,1,15,,28721,17,,,1,15,,28750,17,,,1,15,,28757,17,,,1
41001,'1',637,,23182,11,0,37 38,1,70,,24886,11,0,37 38,1,30,,31193,11,0,37 38,1,70,,31188,11,0,37 38,1,30,,31187,11,0,37 38,1,70,,21426,11,0,37 38,1,30,,31194,11,0,37 38,1,70,,31189,11,0,37 38,1,30,,31192,11,0,37 38,1,70,,31181,11,0,37 38,1,30,,31180,11,0,37 38,1,70,,31182,11,0,37 38,1,30,,31191,11,0,37 38,1,70,,31196,11,0,37 38,1,30,,31178,11,0,37 38,1,70,,31186,11,0,37 38,1,30,,31179,11,0,37 38,1,70,,31190,11,0,37 38,1,30,,31183,11,0,37 38,1,70,,24701,11,0,37 38,1,30,,21576,11,0,37 38,1,70,,31184,11,0,37 38,1,30,,31185,11,0,37 38,1,70,,31195,11,0,37 38,1
41001,'12',1137,,31202,11,0,37 38,1,100,,31200,11,0,37 38,1,100,,31199,11,0,37 38,1,100,,31201,11,0,37 38,1,100,,31198,11,0,37 38,1,100,,31203,11,0,37 38,1,100,,31197,11,0,37 38,1
41001,'14',637,,31215,11,0,37 38,1,70,,31216,11,0,37 38,1,30,,31222,11,0,37 38,1,70,,31213,11,0,37 38,1,30,,31212,11,0,37 38,1,70,,31209,11,0,37 38,1,30,,31223,11,0,37 38,1,70,,31214,11,0,37 38,1,30,,31221,11,0,37 38,1,70,,31206,11,0,37 38,1,30,,26845,11,0,37 38,1,70,,31207,11,0,37 38,1,30,,31220,11,0,37 38,1,70,,31225,11,0,37 38,1,30,,31204,11,0,37 38,1,70,,31211,11,0,37 38,1,30,,31205,11,0,37 38,1,70,,31217,11,0,37 38,1,30,,26849,11,0,37 38,1,70,,31219,11,0,37 38,1,30,,31218,11,0,37 38,1,70,,31208,11,0,37 38,1,30,,31210,11,0,37 38,1,70,,31224,11,0,37 38,1
41001,'8',937,,31238,11,0,37 38,1,100,,31240,11,0,37 38,1,70,,31232,11,0,37 38,1,30,,31234,11,0,37 38,1,70,,31227,11,0,37 38,1,30,,31226,11,0,37 38,1,70,,31242,11,0,37 38,1,30,,31233,11,0,37 38,1,70,,31235,11,0,37 38,1,30,,31228,11,0,37 38,1,70,,31236,11,0,37 38,1,30,,31230,11,0,37 38,1,70,,31239,11,0,37 38,1,30,,31241,11,0,37 38,1,70,,31244,11,0,37 38,1,30,,31229,11,0,37 38,1,70,,31231,11,0,37 38,1,30,,31243,11,0,37 38,1,100,,31237,11,0,37 38,1
41601,'1',738,,31783,17,,,1,70,,31807,17,,,1,30,,31785,17,,,1,70,,31798,17,,,1,25,,31799,17,,,1,70,,31788,17,,,1,31,,22955,17,,,1,70,,31805,17,,,1,30,,31797,17,,,1,70,,31789,17,,,1,30,,31792,17,,,1,70,,31803,17,,,1,30,,31795,17,,,1,70,,24008,17,,,1,30,,31784,17,,,1,70,,31808,17,,,1,30,,31814,17,,,1,70,,22208,17,,,1,30,,31801,17,,,1,70,,31812,17,,,1,30,,31786,17,,,1,70,,31810,17,,,1,35,,31804,17,,,1,69,,31796,17,,,1,30,,31793,17,,,1,70,,24686,17,,,1,30,,31791,17,,,1,70,,31794,17,,,1,30,,31790,17,,,1,67,,23235,17,,,1,3,,31800,17,,,1,27,,31802,17,,,1,3,,31813,17,,,1,67,,31787,17,,,1,3,,31806,17,,,1,27,,31811,17,,,1,3,,31809,17,,,1
41601,'11',1908,,31815,17,,,1,30,,31824,17,,,1,70,,31820,17,,,1,30,,31818,17,,,1,70,,31816,17,,,1,30,,31821,17,,,1,70,,31823,17,,,1,30,,31817,17,,,1,70,,31822,17,,,1,30,,31819,17,,,1
41601,'12',1109,,31826,17,,,1,30,,31835,17,,,1,70,,31834,17,,,1,30,,31831,17,,,1,70,,31833,17,,,1,30,,31832,17,,,1,70,,31828,17,,,1,30,,31827,17,,,1,70,,31830,17,,,1,30,,31836,17,,,1,70,,31837,17,,,1,30,,24535,17,,,1,70,,31838,17,,,1,30,,31825,17,,,1,70,,31829,17,,,1
41601,'14',738,,31839,17,,,1,70,,31866,17,,,1,30,,31841,17,,,1,70,,31857,17,,,1,25,,16948,17,,,1,70,,31846,17,,,1,31,,31842,17,,,1,70,,31864,17,,,1,30,,31854,17,,,1,70,,31847,17,,,1,30,,31850,17,,,1,70,,31862,17,,,1,30,,31852,17,,,1,70,,31845,17,,,1,30,,31840,17,,,1,70,,31867,17,,,1,30,,31873,17,,,1,70,,31860,17,,,1,30,,31859,17,,,1,70,,31871,17,,,1,30,,31843,17,,,1,70,,31869,17,,,1,35,,31863,17,,,1,69,,31853,17,,,1,30,,26451,17,,,1,70,,31855,17,,,1,30,,31849,17,,,1,70,,31851,17,,,1,30,,31848,17,,,1,67,,31856,17,,,1,3,,31858,17,,,1,27,,31861,17,,,1,3,,31872,17,,,1,67,,31844,17,,,1,3,,31865,17,,,1,27,,31870,17,,,1,3,,31868,17,,,1
41601,'3',1908,,31874,17,,,1,30,,31883,17,,,1,70,,31879,17,,,1,30,,31877,17,,,1,70,,31875,17,,,1,30,,31880,17,,,1,70,,31882,17,,,1,30,,31876,17,,,1,70,,31881,17,,,1,30,,31878,17,,,1
41601,'8',903,,31886,17,,,1,30,,31888,17,,,1,70,,31898,17,,,1,31,,31899,17,,,1,70,,26496,17,,,1,30,,31890,17,,,1,70,,25712,17,,,1,30,,31902,17,,,1,70,,31897,17,,,1,30,,31891,17,,,1,70,,31900,17,,,1,30,,31896,17,,,1,70,,31887,17,,,1,30,,31903,17,,,1,70,,31905,17,,,1,30,,31885,17,,,1,70,,31895,17,,,1,30,,31904,17,,,1,70,,31901,17,,,1,30,,31884,17,,,1,70,,31893,17,,,1,29,,31894,17,,,1,70,,31892,17,,,1,30,,31889,17,,,1
