30901,'11',629,,28149,26,0,25 14 26,1,30,,28154,26,0,25 14 26,1,71,,28162,26,0,25 14 26,1,70,,23194,26,0,25 14 26,1,30,,28155,26,0,25 14 26,1,70,,28153,26,0,25 14 26,1,30,,28158,26,0,25 14 26,1,70,,28148,26,0,25 14 26,1,30,,28145,26,0,25 14 26,1,70,,28151,26,0,25 14 26,1,30,,28156,26,0,25 14 26,1,70,,28160,26,0,25 14 26,1,30,,21901,26,0,25 14 26,1,70,,28147,26,0,25 14 26,1,30,,28159,26,0,25 14 26,1,70,,28161,26,0,25 14 26,1,31,,28146,26,0,25 14 26,1,81,,28144,26,0,25 14 26,1,30,,28157,26,0,25 14 26,1,70,,28150,26,0,25 14 26,1,30,,28142,26,0,25 14 26,1,70,,28143,26,0,25 14 26,1,30,,28141,26,0,25 14 26,1,70,,22728,26,0,25 14 26,1,23,,28152,22,0,25 14 26,1
30901,'3',629,,28171,26,0,25 14 26,1,30,,28176,26,0,25 14 26,1,71,,28184,26,0,25 14 26,1,70,,23209,26,0,25 14 26,1,30,,28177,26,0,25 14 26,1,70,,28175,26,0,25 14 26,1,30,,28180,26,0,25 14 26,1,70,,28170,26,0,25 14 26,1,30,,28167,26,0,25 14 26,1,70,,28173,26,0,25 14 26,1,30,,28178,26,0,25 14 26,1,70,,28182,26,0,25 14 26,1,30,,21925,26,0,25 14 26,1,70,,28169,26,0,25 14 26,1,30,,28181,26,0,25 14 26,1,70,,28183,26,0,25 14 26,1,31,,28168,26,0,25 14 26,1,81,,28166,26,0,25 14 26,1,30,,28179,26,0,25 14 26,1,70,,28172,26,0,25 14 26,1,30,,28164,26,0,25 14 26,1,70,,28165,26,0,25 14 26,1,30,,28163,26,0,25 14 26,1,70,,22750,26,0,25 14 26,1,23,,28174,22,0,25 14 26,1
31201,'11',644,,28410,20,,,1,72,,28402,20,,,1,30,,28400,20,,,1,70,,28397,20,,,1,30,,28406,20,,,1,70,,21477,20,,,1,30,,28401,20,,,1,71,,28395,20,,,1,30,,28396,20,,,1,70,,28404,20,,,1,30,,28407,20,,,1,70,,28405,20,,,1,30,,28399,20,,,1,70,,28409,20,,,1,30,,28411,20,,,1,68,,28413,20,,,1,44,,28403,20,,,1,70,,28408,20,,,1,30,,27095,20,,,1,70,,28393,20,,,1,30,,28394,20,,,1,70,,28412,20,,,1,30,,28398,20,,,1
31201,'3',644,,28431,20,,,1,72,,28423,20,,,1,30,,28421,20,,,1,70,,28418,20,,,1,30,,28427,20,,,1,70,,21516,20,,,1,30,,28422,20,,,1,71,,28416,20,,,1,30,,28417,20,,,1,70,,28425,20,,,1,30,,28428,20,,,1,70,,28426,20,,,1,30,,28420,20,,,1,70,,28430,20,,,1,30,,28432,20,,,1,68,,28434,20,,,1,44,,28424,20,,,1,70,,28429,20,,,1,30,,27099,20,,,1,70,,28414,20,,,1,30,,28415,20,,,1,70,,28433,20,,,1,30,,28419,20,,,1
40901,'1',657,,31036,26,0,25 12,1,70,,31051,26,0,25 12,1,30,,31052,26,0,25 12,1,70,,31026,26,0,25 12,1,30,,31030,26,0,25 12,1,70,,31031,26,0,25 12,1,30,,31050,26,0,25 12,1,70,,31027,26,0,25 12,1,30,,31035,26,0,25 12,1,70,,22839,26,0,25 12,1,30,,31044,26,0,25 12,1,70,,31048,26,0,25 12,1,30,,31029,26,0,25 12,1,70,,31040,26,0,25 12,1,30,,31047,26,0,25 12,1,70,,31045,26,0,25 12,1,30,,31038,26,0,25 12,1,70,,31049,26,0,25 12,1,30,,31028,26,0,25 12,1,70,,31039,26,0,25 12,1,30,,31032,26,0,25 12,1,70,,31042,26,0,25 12,1,30,,23719,26,0,25 12,1,70,,31037,26,0,25 12,1,30,,31034,26,0,25 12,1,100,,31046,26,0,25 12,1,100,,31043,26,0,25 12,1,100,,31041,26,0,25 12,1,100,,31033,26,0,25 12,1
40901,'11',1857,,31054,26,0,25 12,1,100,,26983,26,0,25 12,1,100,,31055,26,0,25 12,1,100,,21832,26,0,25 12,1,100,,31053,26,0,25 12,1
40901,'12',1057,,31058,26,0,25 12,1,100,,31060,26,0,25 12,1,100,,31056,26,0,25 12,1,100,,24528,26,0,25 12,1,100,,31057,26,0,25 12,1,100,,31062,26,0,25 12,1,100,,31059,26,0,25 12,1,100,,31061,26,0,25 12,1
40901,'14',657,,31073,26,0,25 12,1,70,,31089,26,0,25 12,1,30,,31090,26,0,25 12,1,70,,31063,26,0,25 12,1,30,,31067,26,0,25 12,1,70,,31068,26,0,25 12,1,30,,31088,26,0,25 12,1,70,,31064,26,0,25 12,1,30,,31072,26,0,25 12,1,70,,31076,26,0,25 12,1,30,,31082,26,0,25 12,1,70,,31086,26,0,25 12,1,30,,31066,26,0,25 12,1,70,,31078,26,0,25 12,1,30,,31085,26,0,25 12,1,70,,31083,26,0,25 12,1,30,,31075,26,0,25 12,1,70,,31087,26,0,25 12,1,30,,31065,26,0,25 12,1,70,,31077,26,0,25 12,1,30,,31070,26,0,25 12,1,70,,31080,26,0,25 12,1,30,,31069,26,0,25 12,1,70,,31074,26,0,25 12,1,30,,18097,26,0,25 12,1,100,,31084,26,0,25 12,1,100,,31081,26,0,25 12,1,100,,31079,26,0,25 12,1,100,,31071,26,0,25 12,1
40901,'3',1857,,31092,26,0,25 12,1,100,,27031,26,0,25 12,1,100,,31093,26,0,25 12,1,100,,21855,26,0,25 12,1,100,,31091,26,0,25 12,1
40901,'8',857,,31099,26,0,25 12,1,100,,31096,26,0,25 12,1,100,,31105,26,0,25 12,1,70,,31094,26,0,25 12,1,30,,31102,26,0,25 12,1,70,,31103,26,0,25 12,1,30,,31112,26,0,25 12,1,70,,31104,26,0,25 12,1,30,,31101,26,0,25 12,1,70,,31100,26,0,25 12,1,30,,31111,26,0,25 12,1,70,,31110,26,0,25 12,1,30,,31098,26,0,25 12,1,70,,31095,26,0,25 12,1,30,,31097,26,0,25 12,1,70,,31108,26,0,25 12,1,30,,31106,26,0,25 12,1,70,,31109,26,0,25 12,1,30,,26313,26,0,25 12,1,100,,31107,26,0,25 12,1
