30901,'12',619,,34469,5,0,25 14 26,1,30,,34473,5,0,25 14 26,1,70,,34486,5,0,25 14 26,1,30,,34470,5,0,25 14 26,1,70,,34476,5,0,25 14 26,1,30,,34481,5,0,25 14 26,1,70,,34492,5,0,25 14 26,1,30,,34487,5,0,25 14 26,1,70,,34491,5,0,25 14 26,1,30,,34479,5,0,25 14 26,1,70,,34489,5,0,25 14 26,1,30,,34475,5,0,25 14 26,1,70,,34488,5,0,25 14 26,1,30,,34483,5,0,25 14 26,1,70,,34472,5,0,25 14 26,1,30,,34471,5,0,25 14 26,1,70,,34474,5,0,25 14 26,1,38,,34490,5,0,25 14 26,1,70,,34477,5,0,25 14 26,1,30,,34485,5,0,25 14 26,1,70,,34478,5,0,25 14 26,1,30,,34482,5,0,25 14 26,1,70,,34480,5,0,25 14 26,1,30,,34493,5,0,25 14 26,1
30901,'13',619,,34494,5,0,25 14 26,1,30,,34498,5,0,25 14 26,1,70,,34511,5,0,25 14 26,1,30,,34495,5,0,25 14 26,1,70,,34501,5,0,25 14 26,1,30,,34506,5,0,25 14 26,1,70,,27614,5,0,25 14 26,1,30,,23691,5,0,25 14 26,1,70,,34515,5,0,25 14 26,1,30,,34504,5,0,25 14 26,1,70,,34513,5,0,25 14 26,1,30,,34500,5,0,25 14 26,1,70,,34512,5,0,25 14 26,1,30,,34508,5,0,25 14 26,1,70,,34497,5,0,25 14 26,1,30,,34496,5,0,25 14 26,1,70,,34499,5,0,25 14 26,1,38,,34514,5,0,25 14 26,1,70,,34502,5,0,25 14 26,1,30,,34510,5,0,25 14 26,1,70,,34503,5,0,25 14 26,1,30,,34507,5,0,25 14 26,1,70,,34505,5,0,25 14 26,1,30,,34516,5,0,25 14 26,1
30901,'3',619,,34517,5,0,25 14 26,1,30,,34521,5,0,25 14 26,1,70,,34534,5,0,25 14 26,1,30,,34518,5,0,25 14 26,1,70,,34524,5,0,25 14 26,1,30,,34529,5,0,25 14 26,1,70,,27637,5,0,25 14 26,1,30,,23711,5,0,25 14 26,1,70,,34538,5,0,25 14 26,1,30,,34527,5,0,25 14 26,1,70,,34536,5,0,25 14 26,1,30,,34523,5,0,25 14 26,1,70,,34535,5,0,25 14 26,1,30,,34531,5,0,25 14 26,1,70,,34520,5,0,25 14 26,1,30,,34519,5,0,25 14 26,1,70,,34522,5,0,25 14 26,1,38,,34537,5,0,25 14 26,1,70,,34525,5,0,25 14 26,1,30,,34533,5,0,25 14 26,1,70,,34526,5,0,25 14 26,1,30,,34530,5,0,25 14 26,1,70,,34528,5,0,25 14 26,1,30,,34539,5,0,25 14 26,1
30901,'6',619,,34540,5,0,25 14 26,1,30,,34544,5,0,25 14 26,1,70,,34557,5,0,25 14 26,1,30,,34541,5,0,25 14 26,1,70,,34547,5,0,25 14 26,1,30,,34552,5,0,25 14 26,1,70,,34563,5,0,25 14 26,1,30,,34558,5,0,25 14 26,1,70,,34562,5,0,25 14 26,1,30,,34550,5,0,25 14 26,1,70,,34560,5,0,25 14 26,1,30,,34546,5,0,25 14 26,1,70,,34559,5,0,25 14 26,1,30,,34554,5,0,25 14 26,1,70,,34543,5,0,25 14 26,1,30,,34542,5,0,25 14 26,1,70,,34545,5,0,25 14 26,1,38,,34561,5,0,25 14 26,1,70,,34548,5,0,25 14 26,1,30,,34556,5,0,25 14 26,1,70,,34549,5,0,25 14 26,1,30,,34553,5,0,25 14 26,1,70,,34551,5,0,25 14 26,1,30,,34564,5,0,25 14 26,1
40901,'1',647,,39494,5,0,25 12,1,70,,39496,5,0,25 12,1,30,,39491,5,0,25 12,1,70,,39475,5,0,25 12,1,30,,39477,5,0,25 12,1,70,,39485,5,0,25 12,1,30,,39479,5,0,25 12,1,70,,30685,5,0,25 12,1,30,,39482,5,0,25 12,1,70,,39488,5,0,25 12,1,30,,39478,5,0,25 12,1,70,,39497,5,0,25 12,1,30,,39498,5,0,25 12,1,70,,39490,5,0,25 12,1,30,,24694,5,0,25 12,1,70,,31595,5,0,25 12,1,30,,39474,5,0,25 12,1,70,,39481,5,0,25 12,1,30,,39486,5,0,25 12,1,70,,39476,5,0,25 12,1,30,,39484,5,0,25 12,1,70,,39489,5,0,25 12,1,30,,39495,5,0,25 12,1,70,,23651,5,0,25 12,1,30,,39487,5,0,25 12,1,100,,39492,5,0,25 12,1,100,,39483,5,0,25 12,1,100,,39480,5,0,25 12,1,100,,39493,5,0,25 12,1
40901,'11',647,,39523,5,0,25 12,1,70,,39525,5,0,25 12,1,30,,39519,5,0,25 12,1,70,,39501,5,0,25 12,1,30,,39503,5,0,25 12,1,70,,39512,5,0,25 12,1,30,,39505,5,0,25 12,1,70,,39511,5,0,25 12,1,30,,39508,5,0,25 12,1,70,,39516,5,0,25 12,1,30,,39504,5,0,25 12,1,70,,39526,5,0,25 12,1,30,,39527,5,0,25 12,1,70,,39518,5,0,25 12,1,30,,39521,5,0,25 12,1,70,,39515,5,0,25 12,1,30,,39499,5,0,25 12,1,70,,39507,5,0,25 12,1,30,,39513,5,0,25 12,1,70,,39502,5,0,25 12,1,30,,39510,5,0,25 12,1,70,,39517,5,0,25 12,1,30,,39524,5,0,25 12,1,70,,39500,5,0,25 12,1,30,,39514,5,0,25 12,1,100,,39520,5,0,25 12,1,100,,39509,5,0,25 12,1,100,,39506,5,0,25 12,1,100,,39522,5,0,25 12,1
40901,'12',1847,,39532,5,0,25 12,1,100,,39531,5,0,25 12,1,100,,39528,5,0,25 12,1,100,,39530,5,0,25 12,1,100,,39529,5,0,25 12,1
40901,'13',1847,,39536,5,0,25 12,1,100,,39535,5,0,25 12,1,100,,39533,5,0,25 12,1,100,,39534,5,0,25 12,1,100,,23553,5,0,25 12,1
40901,'14',1047,,39538,5,0,25 12,1,100,,39541,5,0,25 12,1,100,,39539,5,0,25 12,1,100,,39542,5,0,25 12,1,100,,30452,5,0,25 12,1,100,,39540,5,0,25 12,1,100,,39543,5,0,25 12,1,100,,39537,5,0,25 12,1
40901,'16',647,,39564,5,0,25 12,1,70,,39566,5,0,25 12,1,30,,39561,5,0,25 12,1,70,,39545,5,0,25 12,1,30,,39547,5,0,25 12,1,70,,39555,5,0,25 12,1,30,,39549,5,0,25 12,1,70,,30722,5,0,25 12,1,30,,39552,5,0,25 12,1,70,,39558,5,0,25 12,1,30,,39548,5,0,25 12,1,70,,39567,5,0,25 12,1,30,,39568,5,0,25 12,1,70,,39560,5,0,25 12,1,30,,29544,5,0,25 12,1,70,,31633,5,0,25 12,1,30,,39544,5,0,25 12,1,70,,39551,5,0,25 12,1,30,,39556,5,0,25 12,1,70,,39546,5,0,25 12,1,30,,39554,5,0,25 12,1,70,,39559,5,0,25 12,1,30,,39565,5,0,25 12,1,70,,29526,5,0,25 12,1,30,,39557,5,0,25 12,1,100,,39562,5,0,25 12,1,100,,39553,5,0,25 12,1,100,,39550,5,0,25 12,1,100,,39563,5,0,25 12,1
40901,'3',1847,,39572,5,0,25 12,1,100,,39571,5,0,25 12,1,100,,39569,5,0,25 12,1,100,,39570,5,0,25 12,1,100,,23574,5,0,25 12,1
40901,'6',1847,,39577,5,0,25 12,1,100,,39576,5,0,25 12,1,100,,39573,5,0,25 12,1,100,,39575,5,0,25 12,1,100,,39574,5,0,25 12,1
40901,'8',847,,39590,5,0,25 12,1,100,,39589,5,0,25 12,1,100,,39595,5,0,25 12,1,70,,39580,5,0,25 12,1,30,,39581,5,0,25 12,1,70,,39587,5,0,25 12,1,30,,39583,5,0,25 12,1,70,,39582,5,0,25 12,1,30,,39594,5,0,25 12,1,70,,39591,5,0,25 12,1,30,,39584,5,0,25 12,1,70,,39592,5,0,25 12,1,30,,39588,5,0,25 12,1,70,,39593,5,0,25 12,1,30,,32416,5,0,25 12,1,70,,39579,5,0,25 12,1,30,,39596,5,0,25 12,1,70,,39578,5,0,25 12,1,30,,39586,5,0,25 12,1,100,,39585,5,0,25 12,1
