31801,'12',617,,36057,32,0,45 50,1,30,,36068,32,0,45 50,1,71,,36059,32,0,45 50,1,30,,36064,32,0,45 50,1,70,,36069,32,0,45 50,1,30,,36076,32,0,45 50,1,70,,36071,32,0,45 50,1,30,,36058,32,0,45 50,1,71,,36078,32,0,45 50,1,30,,36075,32,0,45 50,1,70,,36062,32,0,45 50,1,30,,36060,32,0,45 50,1,70,,36067,32,0,45 50,1,30,,36077,32,0,45 50,1,70,,36065,32,0,45 50,1,30,,36074,32,0,45 50,1,68,,36066,32,0,45 50,1,30,,36070,32,0,45 50,1,70,,36063,32,0,45 50,1,30,,36072,32,0,45 50,1,70,,36073,32,0,45 50,1,30,,36061,32,0,45 50,1,70,,36053,32,0,45 50,1,30,,36056,32,0,45 50,1,73,,36055,32,0,45 50,1,28,,36054,32,0,45 50,1
31801,'13',617,,36083,32,0,45 50,1,30,,36092,32,0,45 50,1,71,,36085,32,0,45 50,1,30,,36089,32,0,45 50,1,70,,36093,32,0,45 50,1,30,,36099,32,0,45 50,1,70,,36095,32,0,45 50,1,30,,36084,32,0,45 50,1,71,,36101,32,0,45 50,1,30,,36098,32,0,45 50,1,70,,21825,32,0,45 50,1,30,,36086,32,0,45 50,1,70,,36091,32,0,45 50,1,30,,36100,32,0,45 50,1,70,,9655,32,0,45 50,1,30,,28819,32,0,45 50,1,68,,36090,32,0,45 50,1,30,,36094,32,0,45 50,1,70,,36088,32,0,45 50,1,30,,36096,32,0,45 50,1,70,,36097,32,0,45 50,1,30,,36087,32,0,45 50,1,70,,36079,32,0,45 50,1,30,,36082,32,0,45 50,1,73,,36081,32,0,45 50,1,28,,36080,32,0,45 50,1
31801,'3',617,,36106,32,0,45 50,1,30,,36115,32,0,45 50,1,71,,36108,32,0,45 50,1,30,,36112,32,0,45 50,1,70,,36116,32,0,45 50,1,30,,36122,32,0,45 50,1,70,,36118,32,0,45 50,1,30,,36107,32,0,45 50,1,71,,36124,32,0,45 50,1,30,,36121,32,0,45 50,1,70,,21848,32,0,45 50,1,30,,36109,32,0,45 50,1,70,,36114,32,0,45 50,1,30,,36123,32,0,45 50,1,70,,9697,32,0,45 50,1,30,,28842,32,0,45 50,1,68,,36113,32,0,45 50,1,30,,36117,32,0,45 50,1,70,,36111,32,0,45 50,1,30,,36119,32,0,45 50,1,70,,36120,32,0,45 50,1,30,,36110,32,0,45 50,1,70,,36102,32,0,45 50,1,30,,36105,32,0,45 50,1,73,,36104,32,0,45 50,1,28,,36103,32,0,45 50,1
31801,'6',617,,36129,32,0,45 50,1,30,,36140,32,0,45 50,1,71,,36131,32,0,45 50,1,30,,36136,32,0,45 50,1,70,,36141,32,0,45 50,1,30,,36148,32,0,45 50,1,70,,36143,32,0,45 50,1,30,,36130,32,0,45 50,1,71,,36150,32,0,45 50,1,30,,36147,32,0,45 50,1,70,,36134,32,0,45 50,1,30,,36132,32,0,45 50,1,70,,36139,32,0,45 50,1,30,,36149,32,0,45 50,1,70,,36137,32,0,45 50,1,30,,36146,32,0,45 50,1,68,,36138,32,0,45 50,1,30,,36142,32,0,45 50,1,70,,36135,32,0,45 50,1,30,,36144,32,0,45 50,1,70,,36145,32,0,45 50,1,30,,36133,32,0,45 50,1,70,,36125,32,0,45 50,1,30,,36128,32,0,45 50,1,73,,36127,32,0,45 50,1,28,,36126,32,0,45 50,1
41801,'1',633,,41138,32,0,45 50,1,70,,41133,32,0,45 50,1,30,,41141,32,0,45 50,1,70,,41144,32,0,45 50,1,30,,41131,32,0,45 50,1,70,,41145,32,0,45 50,1,30,,41140,32,0,45 50,1,70,,41132,32,0,45 50,1,31,,41154,32,0,45 50,1,70,,41136,32,0,45 50,1,30,,41137,32,0,45 50,1,70,,41155,32,0,45 50,1,30,,41148,32,0,45 50,1,70,,32507,32,0,45 50,1,30,,29113,32,0,45 50,1,70,,41146,32,0,45 50,1,30,,41142,32,0,45 50,1,70,,41143,32,0,45 50,1,30,,41151,32,0,45 50,1,70,,41150,32,0,45 50,1,30,,41147,32,0,45 50,1,70,,41153,32,0,45 50,1,30,,31460,32,0,45 50,1,70,,41135,32,0,45 50,1,30,,41152,32,0,45 50,1,70,,41134,32,0,45 50,1,99,,41139,32,0,45 50,1,100,,30259,32,0,45 50,1,100,,41149,32,0,45 50,1,100,,29424,32,0,45 50,1
41801,'11',633,,41165,32,0,45 50,1,70,,41159,32,0,45 50,1,30,,41168,32,0,45 50,1,70,,41171,32,0,45 50,1,30,,41157,32,0,45 50,1,70,,41173,32,0,45 50,1,30,,41167,32,0,45 50,1,70,,41158,32,0,45 50,1,31,,41184,32,0,45 50,1,70,,41162,32,0,45 50,1,30,,41163,32,0,45 50,1,70,,41185,32,0,45 50,1,30,,41176,32,0,45 50,1,70,,41172,32,0,45 50,1,30,,41164,32,0,45 50,1,70,,41174,32,0,45 50,1,30,,41169,32,0,45 50,1,70,,41170,32,0,45 50,1,30,,41180,32,0,45 50,1,70,,41179,32,0,45 50,1,30,,41175,32,0,45 50,1,70,,41182,32,0,45 50,1,30,,41156,32,0,45 50,1,70,,41161,32,0,45 50,1,30,,41181,32,0,45 50,1,70,,41160,32,0,45 50,1,99,,41166,32,0,45 50,1,100,,41183,32,0,45 50,1,100,,41178,32,0,45 50,1,100,,41177,32,0,45 50,1
41801,'12',1904,,41188,32,0,45 50,1,99,,41186,32,0,45 50,1,100,,41190,32,0,45 50,1,100,,41189,32,0,45 50,1,100,,41187,32,0,45 50,1
41801,'13',1904,,41193,32,0,45 50,1,99,,41191,32,0,45 50,1,100,,41195,32,0,45 50,1,100,,41194,32,0,45 50,1,100,,41192,32,0,45 50,1
41801,'14',1204,,41200,32,0,45 50,1,100,,41197,32,0,45 50,1,100,,41198,32,0,45 50,1,100,,41201,32,0,45 50,1,100,,41196,32,0,45 50,1,100,,41199,32,0,45 50,1,100,,41202,32,0,45 50,1
41801,'16',633,,41210,32,0,45 50,1,70,,41205,32,0,45 50,1,30,,41213,32,0,45 50,1,70,,41216,32,0,45 50,1,30,,41203,32,0,45 50,1,70,,41218,32,0,45 50,1,30,,41212,32,0,45 50,1,70,,41204,32,0,45 50,1,31,,41227,32,0,45 50,1,70,,41208,32,0,45 50,1,30,,41209,32,0,45 50,1,70,,41228,32,0,45 50,1,30,,41221,32,0,45 50,1,70,,41217,32,0,45 50,1,30,,29137,32,0,45 50,1,70,,41219,32,0,45 50,1,30,,41214,32,0,45 50,1,70,,41215,32,0,45 50,1,30,,41224,32,0,45 50,1,70,,41223,32,0,45 50,1,30,,41220,32,0,45 50,1,70,,41226,32,0,45 50,1,30,,31476,32,0,45 50,1,70,,41207,32,0,45 50,1,30,,41225,32,0,45 50,1,70,,41206,32,0,45 50,1,99,,41211,32,0,45 50,1,100,,30300,32,0,45 50,1,100,,41222,32,0,45 50,1,100,,29543,32,0,45 50,1
41801,'3',1904,,41231,32,0,45 50,1,99,,41229,32,0,45 50,1,100,,41233,32,0,45 50,1,100,,41232,32,0,45 50,1,100,,41230,32,0,45 50,1
41801,'6',1904,,41236,32,0,45 50,1,99,,41234,32,0,45 50,1,100,,41238,32,0,45 50,1,100,,41237,32,0,45 50,1,100,,41235,32,0,45 50,1
41801,'8',903,,41247,32,0,45 50,1,100,,41243,32,0,45 50,1,101,,41246,32,0,45 50,1,30,,41239,32,0,45 50,1,70,,41254,32,0,45 50,1,30,,41248,32,0,45 50,1,70,,41257,32,0,45 50,1,30,,41242,32,0,45 50,1,70,,41253,32,0,45 50,1,30,,41252,32,0,45 50,1,70,,41240,32,0,45 50,1,30,,41241,32,0,45 50,1,70,,41255,32,0,45 50,1,30,,41256,32,0,45 50,1,70,,41245,32,0,45 50,1,30,,41258,32,0,45 50,1,70,,41249,32,0,45 50,1,30,,41250,32,0,45 50,1,70,,41244,32,0,45 50,1,99,,41251,32,0,45 50,1
