30300,'15',624,,14047,4,,1,30,,14038,4,,1,70,,14043,4,,1,30,,14039,4,,1,70,,14035,4,,1,30,,14040,4,,1,70,,14052,4,,1,30,,14037,4,,1,70,,14048,4,,1,30,,14045,4,,1,70,,14032,4,,1,30,,14031,4,,1,70,,14033,4,,1,30,,14053,4,,1,70,,14042,4,,1,30,,14054,4,,1,71,,14044,4,,1,30,,14034,4,,1,70,,14050,4,,1,30,,14041,4,,1,70,,14036,4,,1,30,,14049,4,,1,70,,14051,4,,1,30,,14046,4,,1
30300,'16',624,,14067,4,,1,30,,14061,4,,1,70,,14064,4,,1,30,,8250,4,,1,70,,14058,4,,1,30,,14062,4,,1,70,,14072,4,,1,30,,14060,4,,1,70,,14068,4,,1,30,,14056,4,,1,70,,6564,4,,1,30,,14055,4,,1,70,,12217,4,,1,30,,14073,4,,1,70,,14063,4,,1,30,,14074,4,,1,71,,14065,4,,1,30,,14057,4,,1,70,,14070,4,,1,30,,11435,4,,1,70,,14059,4,,1,30,,14069,4,,1,70,,14071,4,,1,30,,14066,4,,1
30300,'17',624,,14085,4,,1,30,,14080,4,,1,70,,9971,4,,1,30,,8301,4,,1,70,,9810,4,,1,30,,14081,4,,1,70,,14090,4,,1,30,,14079,4,,1,70,,14086,4,,1,30,,14076,4,,1,70,,6589,4,,1,30,,14075,4,,1,70,,12223,4,,1,30,,14091,4,,1,70,,14082,4,,1,30,,14092,4,,1,71,,14083,4,,1,30,,14077,4,,1,70,,14088,4,,1,30,,2091,4,,1,70,,14078,4,,1,30,,14087,4,,1,70,,14089,4,,1,30,,14084,4,,1
30300,'19',624,,14108,4,,1,30,,13212,4,,1,70,,14105,4,,1,30,,14101,4,,1,70,,14097,4,,1,30,,14102,4,,1,70,,14113,4,,1,30,,14100,4,,1,70,,14109,4,,1,30,,14099,4,,1,70,,14094,4,,1,30,,14093,4,,1,70,,14095,4,,1,30,,14114,4,,1,70,,14104,4,,1,30,,14115,4,,1,71,,14106,4,,1,30,,14096,4,,1,70,,14111,4,,1,30,,14103,4,,1,70,,14098,4,,1,30,,14110,4,,1,70,,14112,4,,1,30,,14107,4,,1
30300,'5',624,,14128,4,,1,30,,14122,4,,1,70,,14125,4,,1,30,,8358,4,,1,70,,14118,4,,1,30,,14123,4,,1,70,,14133,4,,1,30,,14121,4,,1,70,,14129,4,,1,30,,14120,4,,1,70,,6608,4,,1,30,,14116,4,,1,70,,12258,4,,1,30,,14134,4,,1,70,,14124,4,,1,30,,14135,4,,1,71,,14126,4,,1,30,,14117,4,,1,70,,14131,4,,1,30,,2076,4,,1,70,,14119,4,,1,30,,14130,4,,1,70,,14132,4,,1,30,,14127,4,,1
30300,'6',624,,14152,4,,1,30,,14143,4,,1,70,,14148,4,,1,30,,14144,4,,1,70,,14140,4,,1,30,,14145,4,,1,70,,14157,4,,1,30,,14142,4,,1,70,,14153,4,,1,30,,14150,4,,1,70,,14137,4,,1,30,,14136,4,,1,70,,14138,4,,1,30,,14158,4,,1,70,,14147,4,,1,30,,14159,4,,1,71,,14149,4,,1,30,,14139,4,,1,70,,14155,4,,1,30,,14146,4,,1,70,,14141,4,,1,30,,14154,4,,1,70,,14156,4,,1,30,,14151,4,,1
30301,'15',625,,14162,0,32 33,1,30,,14168,0,32 33,1,70,,14160,0,32 33,1,30,,14166,0,32 33,1,70,,14175,0,32 33,1,30,,14177,0,32 33,1,70,,14180,0,32 33,1,30,,14181,0,32 33,1,70,,14182,0,32 33,1,30,,14163,0,32 33,1,70,,14169,0,32 33,1,30,,14164,0,32 33,1,70,,14174,0,32 33,1,30,,14161,0,32 33,1,70,,14176,0,32 33,1,30,,14183,0,32 33,1,71,,14173,0,32 33,1,30,,14165,0,32 33,1,70,,14179,0,32 33,1,30,,14178,0,32 33,1,70,,14171,0,32 33,1,30,,14170,0,32 33,1,70,,14167,0,32 33,1,30,,14172,0,32 33,1
30301,'16',625,,14186,0,32 33,1,30,,14189,0,32 33,1,70,,14184,0,32 33,1,30,,14188,0,32 33,1,70,,14195,0,32 33,1,30,,14197,0,32 33,1,70,,14200,0,32 33,1,30,,14201,0,32 33,1,70,,14202,0,32 33,1,30,,14204,0,32 33,1,70,,14190,0,32 33,1,30,,14187,0,32 33,1,70,,14194,0,32 33,1,30,,14185,0,32 33,1,70,,14196,0,32 33,1,30,,14203,0,32 33,1,71,,14193,0,32 33,1,30,,6299,0,32 33,1,70,,14199,0,32 33,1,30,,14198,0,32 33,1,70,,14191,0,32 33,1,30,,9482,0,32 33,1,70,,11434,0,32 33,1,30,,14192,0,32 33,1
30301,'17',625,,14207,0,32 33,1,30,,14210,0,32 33,1,70,,14205,0,32 33,1,30,,14209,0,32 33,1,70,,14216,0,32 33,1,30,,14218,0,32 33,1,70,,14221,0,32 33,1,30,,14222,0,32 33,1,70,,14223,0,32 33,1,30,,14225,0,32 33,1,70,,14211,0,32 33,1,30,,14208,0,32 33,1,70,,14215,0,32 33,1,30,,14206,0,32 33,1,70,,14217,0,32 33,1,30,,14224,0,32 33,1,71,,14214,0,32 33,1,30,,6320,0,32 33,1,70,,14220,0,32 33,1,30,,14219,0,32 33,1,70,,14212,0,32 33,1,30,,9496,0,32 33,1,70,,11440,0,32 33,1,30,,14213,0,32 33,1
30301,'19',625,,14228,0,32 33,1,30,,14233,0,32 33,1,70,,14226,0,32 33,1,30,,14231,0,32 33,1,70,,14240,0,32 33,1,30,,14242,0,32 33,1,70,,14245,0,32 33,1,30,,14246,0,32 33,1,70,,14247,0,32 33,1,30,,14238,0,32 33,1,70,,14234,0,32 33,1,30,,14229,0,32 33,1,70,,12959,0,32 33,1,30,,14227,0,32 33,1,70,,14241,0,32 33,1,30,,14248,0,32 33,1,71,,14239,0,32 33,1,30,,14230,0,32 33,1,70,,14244,0,32 33,1,30,,14243,0,32 33,1,70,,14236,0,32 33,1,30,,14235,0,32 33,1,70,,14232,0,32 33,1,30,,14237,0,32 33,1
30301,'5',625,,14250,0,32 33,1,30,,14253,0,32 33,1,70,,14249,0,32 33,1,30,,14252,0,32 33,1,70,,14260,0,32 33,1,30,,14262,0,32 33,1,70,,14265,0,32 33,1,30,,14266,0,32 33,1,70,,14267,0,32 33,1,30,,14257,0,32 33,1,70,,14254,0,32 33,1,30,,14251,0,32 33,1,70,,14259,0,32 33,1,30,,13091,0,32 33,1,70,,14261,0,32 33,1,30,,14268,0,32 33,1,71,,14258,0,32 33,1,30,,6339,0,32 33,1,70,,14264,0,32 33,1,30,,14263,0,32 33,1,70,,14255,0,32 33,1,30,,9515,0,32 33,1,70,,11481,0,32 33,1,30,,14256,0,32 33,1
30301,'6',625,,14271,0,32 33,1,30,,14277,0,32 33,1,70,,14269,0,32 33,1,30,,14275,0,32 33,1,70,,14284,0,32 33,1,30,,14286,0,32 33,1,70,,14289,0,32 33,1,30,,14290,0,32 33,1,70,,14291,0,32 33,1,30,,14272,0,32 33,1,70,,14278,0,32 33,1,30,,14273,0,32 33,1,70,,14283,0,32 33,1,30,,14270,0,32 33,1,70,,14285,0,32 33,1,30,,14292,0,32 33,1,71,,14282,0,32 33,1,30,,14274,0,32 33,1,70,,14288,0,32 33,1,30,,14287,0,32 33,1,70,,14280,0,32 33,1,30,,14279,0,32 33,1,70,,14276,0,32 33,1,30,,14281,0,32 33,1
