31800,'15',605,,13592,11,0,45 46 18,1,30,,13581,11,0,45 46 18,1,70,,13582,11,0,45 46 18,1,30,,13574,11,0,45 46 18,1,70,,13585,11,0,45 46 18,1,30,,13587,11,0,45 46 18,1,70,,13593,11,0,45 46 18,1,30,,13583,11,0,45 46 18,1,70,,13575,11,0,45 46 18,1,30,,13573,11,0,45 46 18,1,70,,13594,11,0,45 46 18,1,30,,13586,11,0,45 46 18,1,70,,13577,11,0,45 46 18,1,30,,13578,11,0,45 46 18,1,70,,13571,11,0,45 46 18,1,30,,13590,11,0,45 46 18,1,70,,13595,11,0,45 46 18,1,30,,13579,11,0,45 46 18,1,70,,13576,11,0,45 46 18,1,30,,13588,11,0,45 46 18,1,70,,13584,11,0,45 46 18,1,30,,13580,11,0,45 46 18,1,70,,13589,11,0,45 46 18,1,30,,13591,11,0,45 46 18,1,70,,13572,11,0,45 46 18,1
31800,'16',605,,13615,11,0,45 46 18,1,30,,13606,11,0,45 46 18,1,70,,13607,11,0,45 46 18,1,30,,13599,11,0,45 46 18,1,70,,2916,11,0,45 46 18,1,30,,13611,11,0,45 46 18,1,70,,13616,11,0,45 46 18,1,30,,13609,11,0,45 46 18,1,70,,13600,11,0,45 46 18,1,30,,13598,11,0,45 46 18,1,70,,13617,11,0,45 46 18,1,30,,13610,11,0,45 46 18,1,70,,13602,11,0,45 46 18,1,30,,13603,11,0,45 46 18,1,70,,13597,11,0,45 46 18,1,30,,13613,11,0,45 46 18,1,70,,13618,11,0,45 46 18,1,30,,13604,11,0,45 46 18,1,70,,13601,11,0,45 46 18,1,30,,13612,11,0,45 46 18,1,70,,13608,11,0,45 46 18,1,30,,13605,11,0,45 46 18,1,70,,2925,11,0,45 46 18,1,30,,13614,11,0,45 46 18,1,70,,13596,11,0,45 46 18,1
31800,'17',605,,13636,11,0,45 46 18,1,30,,13628,11,0,45 46 18,1,70,,13629,11,0,45 46 18,1,30,,13622,11,0,45 46 18,1,70,,2983,11,0,45 46 18,1,30,,13632,11,0,45 46 18,1,70,,13637,11,0,45 46 18,1,30,,13630,11,0,45 46 18,1,70,,13623,11,0,45 46 18,1,30,,13621,11,0,45 46 18,1,70,,13638,11,0,45 46 18,1,30,,13631,11,0,45 46 18,1,70,,13624,11,0,45 46 18,1,30,,13625,11,0,45 46 18,1,70,,13620,11,0,45 46 18,1,30,,13634,11,0,45 46 18,1,70,,13639,11,0,45 46 18,1,30,,13626,11,0,45 46 18,1,70,,2961,11,0,45 46 18,1,30,,13633,11,0,45 46 18,1,70,,4668,11,0,45 46 18,1,30,,13627,11,0,45 46 18,1,70,,3000,11,0,45 46 18,1,30,,13635,11,0,45 46 18,1,70,,13619,11,0,45 46 18,1
31800,'19',605,,13660,11,0,45 46 18,1,30,,13650,11,0,45 46 18,1,70,,13651,11,0,45 46 18,1,30,,13642,11,0,45 46 18,1,70,,13653,11,0,45 46 18,1,30,,13655,11,0,45 46 18,1,70,,13661,11,0,45 46 18,1,30,,13652,11,0,45 46 18,1,70,,13644,11,0,45 46 18,1,30,,13641,11,0,45 46 18,1,70,,13662,11,0,45 46 18,1,30,,13654,11,0,45 46 18,1,70,,13646,11,0,45 46 18,1,30,,13647,11,0,45 46 18,1,70,,13640,11,0,45 46 18,1,30,,13658,11,0,45 46 18,1,70,,13664,11,0,45 46 18,1,30,,13648,11,0,45 46 18,1,70,,13645,11,0,45 46 18,1,30,,13656,11,0,45 46 18,1,70,,13663,11,0,45 46 18,1,30,,13649,11,0,45 46 18,1,70,,13657,11,0,45 46 18,1,30,,13659,11,0,45 46 18,1,70,,13643,11,0,45 46 18,1
31800,'5',605,,13682,11,0,45 46 18,1,30,,13674,11,0,45 46 18,1,70,,13675,11,0,45 46 18,1,30,,13667,11,0,45 46 18,1,70,,3054,11,0,45 46 18,1,30,,13678,11,0,45 46 18,1,70,,13683,11,0,45 46 18,1,30,,13676,11,0,45 46 18,1,70,,13669,11,0,45 46 18,1,30,,13666,11,0,45 46 18,1,70,,13684,11,0,45 46 18,1,30,,13677,11,0,45 46 18,1,70,,13671,11,0,45 46 18,1,30,,13672,11,0,45 46 18,1,70,,13665,11,0,45 46 18,1,30,,13680,11,0,45 46 18,1,70,,13686,11,0,45 46 18,1,30,,7601,11,0,45 46 18,1,70,,13670,11,0,45 46 18,1,30,,13679,11,0,45 46 18,1,70,,13685,11,0,45 46 18,1,30,,13673,11,0,45 46 18,1,70,,3071,11,0,45 46 18,1,30,,13681,11,0,45 46 18,1,70,,13668,11,0,45 46 18,1
31800,'6',605,,13708,11,0,45 46 18,1,30,,13697,11,0,45 46 18,1,70,,13698,11,0,45 46 18,1,30,,13690,11,0,45 46 18,1,70,,13701,11,0,45 46 18,1,30,,13703,11,0,45 46 18,1,70,,13709,11,0,45 46 18,1,30,,13699,11,0,45 46 18,1,70,,13691,11,0,45 46 18,1,30,,13689,11,0,45 46 18,1,70,,13710,11,0,45 46 18,1,30,,13702,11,0,45 46 18,1,70,,13693,11,0,45 46 18,1,30,,13694,11,0,45 46 18,1,70,,13687,11,0,45 46 18,1,30,,13706,11,0,45 46 18,1,70,,13711,11,0,45 46 18,1,30,,13695,11,0,45 46 18,1,70,,13692,11,0,45 46 18,1,30,,13704,11,0,45 46 18,1,70,,13700,11,0,45 46 18,1,30,,13696,11,0,45 46 18,1,70,,13705,11,0,45 46 18,1,30,,13707,11,0,45 46 18,1,70,,13688,11,0,45 46 18,1
41800,'1',1051,,19598,13,0,45 46 18,1,100,,4702,13,0,45 46 18,1,100,,19601,13,0,45 46 18,1,100,,19599,13,0,45 46 18,1,100,,19596,13,0,45 46 18,1,100,,19600,13,0,45 46 18,1,100,,19595,13,0,45 46 18,1,100,,19597,13,0,45 46 18,1
41800,'10',620,,19625,13,0,45 46 18,1,30,,19629,13,0,45 46 18,1,70,,19624,13,0,45 46 18,1,30,,19612,13,0,45 46 18,1,70,,19608,13,0,45 46 18,1,30,,19606,13,0,45 46 18,1,70,,19626,13,0,45 46 18,1,30,,19617,13,0,45 46 18,1,71,,19607,13,0,45 46 18,1,30,,19621,13,0,45 46 18,1,70,,19605,13,0,45 46 18,1,30,,19609,13,0,45 46 18,1,70,,19604,13,0,45 46 18,1,30,,19628,13,0,45 46 18,1,70,,19616,13,0,45 46 18,1,30,,19603,13,0,45 46 18,1,70,,19619,13,0,45 46 18,1,30,,19610,13,0,45 46 18,1,70,,19623,13,0,45 46 18,1,30,,19618,13,0,45 46 18,1,70,,19620,13,0,45 46 18,1,30,,19627,13,0,45 46 18,1,70,,19631,13,0,45 46 18,1,30,,19613,13,0,45 46 18,1,100,,19611,13,0,45 46 18,1,100,,19615,13,0,45 46 18,1,100,,19602,13,0,45 46 18,1,100,,19614,13,0,45 46 18,1,100,,19630,13,0,45 46 18,1,100,,19622,13,0,45 46 18,1
41800,'12',850,,8246,13,0,45 46 18,1,100,,19633,13,0,45 46 18,1,71,,19638,13,0,45 46 18,1,30,,19641,13,0,45 46 18,1,70,,19634,13,0,45 46 18,1,30,,19645,13,0,45 46 18,1,70,,19648,13,0,45 46 18,1,30,,6201,13,0,45 46 18,1,70,,19632,13,0,45 46 18,1,30,,19637,13,0,45 46 18,1,70,,19635,13,0,45 46 18,1,30,,19647,13,0,45 46 18,1,70,,19636,13,0,45 46 18,1,30,,19640,13,0,45 46 18,1,70,,19639,13,0,45 46 18,1,30,,19646,13,0,45 46 18,1,70,,19643,13,0,45 46 18,1,30,,19644,13,0,45 46 18,1,100,,19642,13,0,45 46 18,1,100,,19649,13,0,45 46 18,1
41800,'15',1851,,19652,13,0,45 46 18,1,100,,19654,13,0,45 46 18,1,100,,19651,13,0,45 46 18,1,100,,19653,13,0,45 46 18,1,100,,19650,13,0,45 46 18,1,100,,19655,13,0,45 46 18,1
41800,'16',1851,,19657,13,0,45 46 18,1,100,,19659,13,0,45 46 18,1,100,,3143,13,0,45 46 18,1,100,,19658,13,0,45 46 18,1,100,,19656,13,0,45 46 18,1,100,,19660,13,0,45 46 18,1
41800,'17',1851,,19662,13,0,45 46 18,1,100,,19664,13,0,45 46 18,1,100,,3194,13,0,45 46 18,1,100,,19663,13,0,45 46 18,1,100,,19661,13,0,45 46 18,1,100,,19665,13,0,45 46 18,1
41800,'19',1851,,19668,13,0,45 46 18,1,100,,19670,13,0,45 46 18,1,100,,19667,13,0,45 46 18,1,100,,19669,13,0,45 46 18,1,100,,19666,13,0,45 46 18,1,100,,19671,13,0,45 46 18,1
41800,'21',620,,19692,13,0,45 46 18,1,30,,19696,13,0,45 46 18,1,70,,19691,13,0,45 46 18,1,30,,19680,13,0,45 46 18,1,70,,4127,13,0,45 46 18,1,30,,19675,13,0,45 46 18,1,70,,19693,13,0,45 46 18,1,30,,19685,13,0,45 46 18,1,71,,19676,13,0,45 46 18,1,30,,19688,13,0,45 46 18,1,70,,19674,13,0,45 46 18,1,30,,19677,13,0,45 46 18,1,70,,19673,13,0,45 46 18,1,30,,19695,13,0,45 46 18,1,70,,19684,13,0,45 46 18,1,30,,8810,13,0,45 46 18,1,70,,19686,13,0,45 46 18,1,30,,19678,13,0,45 46 18,1,70,,19690,13,0,45 46 18,1,30,,8091,13,0,45 46 18,1,70,,19687,13,0,45 46 18,1,30,,19694,13,0,45 46 18,1,70,,19698,13,0,45 46 18,1,30,,19681,13,0,45 46 18,1,100,,19679,13,0,45 46 18,1,100,,19683,13,0,45 46 18,1,100,,19672,13,0,45 46 18,1,100,,19682,13,0,45 46 18,1,100,,19697,13,0,45 46 18,1,100,,19689,13,0,45 46 18,1
41800,'5',1851,,19700,13,0,45 46 18,1,100,,19702,13,0,45 46 18,1,100,,3266,13,0,45 46 18,1,100,,19701,13,0,45 46 18,1,100,,19699,13,0,45 46 18,1,100,,19703,13,0,45 46 18,1
41800,'6',1851,,19706,13,0,45 46 18,1,100,,19708,13,0,45 46 18,1,100,,19705,13,0,45 46 18,1,100,,19707,13,0,45 46 18,1,100,,19704,13,0,45 46 18,1,100,,19709,13,0,45 46 18,1
