30801,'15',641,,11059,17,0,64 38,1,70,,11055,17,0,64 38,1,30,,11066,17,0,64 38,1,70,,11068,17,0,64 38,1,30,,11056,17,0,64 38,1,70,,11062,17,0,64 38,1,30,,11069,17,0,64 38,1,70,,11054,17,0,64 38,1,30,,11053,17,0,64 38,1,70,,11070,17,0,64 38,1,30,,11074,17,0,64 38,1,70,,11058,17,0,64 38,1,30,,11057,17,0,64 38,1,70,,11064,17,0,64 38,1,30,,11061,17,0,64 38,1,70,,11075,17,0,64 38,1,40,,11065,17,0,64 38,1,70,,11063,17,0,64 38,1,30,,11067,17,0,64 38,1,70,,11071,17,0,64 38,1,30,,11072,17,0,64 38,1,70,,11060,17,0,64 38,1,30,,11073,17,0,64 38,1
30801,'16',641,,2044,17,0,64 38,1,70,,11078,17,0,64 38,1,30,,11086,17,0,64 38,1,70,,1679,17,0,64 38,1,30,,11079,17,0,64 38,1,70,,4305,17,0,64 38,1,30,,11088,17,0,64 38,1,70,,11077,17,0,64 38,1,30,,11076,17,0,64 38,1,70,,94,17,0,64 38,1,30,,11092,17,0,64 38,1,70,,3971,17,0,64 38,1,30,,11080,17,0,64 38,1,70,,11084,17,0,64 38,1,30,,11082,17,0,64 38,1,70,,11093,17,0,64 38,1,40,,11085,17,0,64 38,1,70,,11083,17,0,64 38,1,30,,11087,17,0,64 38,1,70,,11089,17,0,64 38,1,30,,11090,17,0,64 38,1,70,,11081,17,0,64 38,1,30,,11091,17,0,64 38,1
30801,'17',641,,2070,17,0,64 38,1,70,,11096,17,0,64 38,1,30,,11106,17,0,64 38,1,70,,1702,17,0,64 38,1,30,,11097,17,0,64 38,1,70,,11102,17,0,64 38,1,30,,11108,17,0,64 38,1,70,,11095,17,0,64 38,1,30,,11094,17,0,64 38,1,70,,141,17,0,64 38,1,30,,11112,17,0,64 38,1,70,,11099,17,0,64 38,1,30,,11098,17,0,64 38,1,70,,11104,17,0,64 38,1,30,,11101,17,0,64 38,1,70,,11113,17,0,64 38,1,40,,11105,17,0,64 38,1,70,,11103,17,0,64 38,1,30,,11107,17,0,64 38,1,70,,11109,17,0,64 38,1,30,,11110,17,0,64 38,1,70,,11100,17,0,64 38,1,30,,11111,17,0,64 38,1
30801,'19',641,,11120,17,0,64 38,1,70,,11116,17,0,64 38,1,30,,11127,17,0,64 38,1,70,,11129,17,0,64 38,1,30,,11117,17,0,64 38,1,70,,11123,17,0,64 38,1,30,,11130,17,0,64 38,1,70,,11115,17,0,64 38,1,30,,11114,17,0,64 38,1,70,,11131,17,0,64 38,1,30,,11134,17,0,64 38,1,70,,11119,17,0,64 38,1,30,,11118,17,0,64 38,1,70,,11125,17,0,64 38,1,30,,11122,17,0,64 38,1,70,,11135,17,0,64 38,1,40,,11126,17,0,64 38,1,70,,11124,17,0,64 38,1,30,,11128,17,0,64 38,1,70,,7557,17,0,64 38,1,30,,11132,17,0,64 38,1,70,,11121,17,0,64 38,1,30,,11133,17,0,64 38,1
30801,'5',641,,2096,17,0,64 38,1,70,,11138,17,0,64 38,1,30,,11148,17,0,64 38,1,70,,1725,17,0,64 38,1,30,,11139,17,0,64 38,1,70,,11144,17,0,64 38,1,30,,11150,17,0,64 38,1,70,,11137,17,0,64 38,1,30,,11136,17,0,64 38,1,70,,188,17,0,64 38,1,30,,11154,17,0,64 38,1,70,,11141,17,0,64 38,1,30,,11140,17,0,64 38,1,70,,11146,17,0,64 38,1,30,,11143,17,0,64 38,1,70,,11155,17,0,64 38,1,40,,11147,17,0,64 38,1,70,,11145,17,0,64 38,1,30,,11149,17,0,64 38,1,70,,11151,17,0,64 38,1,30,,11152,17,0,64 38,1,70,,11142,17,0,64 38,1,30,,11153,17,0,64 38,1
30801,'6',641,,11162,17,0,64 38,1,70,,11158,17,0,64 38,1,30,,11169,17,0,64 38,1,70,,11171,17,0,64 38,1,30,,11159,17,0,64 38,1,70,,11165,17,0,64 38,1,30,,11172,17,0,64 38,1,70,,11157,17,0,64 38,1,30,,11156,17,0,64 38,1,70,,11173,17,0,64 38,1,30,,11177,17,0,64 38,1,70,,11161,17,0,64 38,1,30,,11160,17,0,64 38,1,70,,11167,17,0,64 38,1,30,,11164,17,0,64 38,1,70,,11178,17,0,64 38,1,40,,11168,17,0,64 38,1,70,,11166,17,0,64 38,1,30,,11170,17,0,64 38,1,70,,11174,17,0,64 38,1,30,,11175,17,0,64 38,1,70,,11163,17,0,64 38,1,30,,11176,17,0,64 38,1
40801,'1',1126,,18013,17,0,64 38,1,100,,18019,17,0,64 38,1,100,,18017,17,0,64 38,1,100,,18014,17,0,64 38,1,100,,18015,17,0,64 38,1,100,,18018,17,0,64 38,1,100,,18016,17,0,64 38,1
40801,'10',656,,18037,17,0,64 38,1,70,,18048,17,0,64 38,1,30,,18026,17,0,64 38,1,70,,18028,17,0,64 38,1,30,,18044,17,0,64 38,1,70,,18025,17,0,64 38,1,30,,18035,17,0,64 38,1,70,,18045,17,0,64 38,1,30,,18038,17,0,64 38,1,70,,18042,17,0,64 38,1,30,,18039,17,0,64 38,1,70,,18030,17,0,64 38,1,30,,18033,17,0,64 38,1,70,,18032,17,0,64 38,1,30,,18029,17,0,64 38,1,70,,18036,17,0,64 38,1,30,,18046,17,0,64 38,1,70,,18023,17,0,64 38,1,30,,18022,17,0,64 38,1,70,,18034,17,0,64 38,1,30,,18027,17,0,64 38,1,70,,18043,17,0,64 38,1,30,,18021,17,0,64 38,1,70,,18047,17,0,64 38,1,100,,18040,17,0,64 38,1,100,,18031,17,0,64 38,1,100,,18041,17,0,64 38,1,100,,18024,17,0,64 38,1,100,,18020,17,0,64 38,1
40801,'12',926,,18065,17,0,64 38,1,100,,18060,17,0,64 38,1,30,,18063,17,0,64 38,1,70,,18049,17,0,64 38,1,30,,18062,17,0,64 38,1,70,,18064,17,0,64 38,1,30,,18058,17,0,64 38,1,70,,18051,17,0,64 38,1,30,,18057,17,0,64 38,1,70,,18052,17,0,64 38,1,30,,18054,17,0,64 38,1,70,,18056,17,0,64 38,1,30,,18061,17,0,64 38,1,70,,7501,17,0,64 38,1,30,,18050,17,0,64 38,1,70,,18053,17,0,64 38,1,30,,18059,17,0,64 38,1,70,,18055,17,0,64 38,1,100,,18066,17,0,64 38,1
40801,'15',1826,,18071,17,0,64 38,1,100,,18068,17,0,64 38,1,100,,18070,17,0,64 38,1,100,,18069,17,0,64 38,1,100,,18072,17,0,64 38,1,100,,18067,17,0,64 38,1
40801,'16',1826,,18076,17,0,64 38,1,100,,18074,17,0,64 38,1,100,,2784,17,0,64 38,1,100,,18075,17,0,64 38,1,100,,18077,17,0,64 38,1,100,,18073,17,0,64 38,1
40801,'17',1826,,18081,17,0,64 38,1,100,,18079,17,0,64 38,1,100,,2807,17,0,64 38,1,100,,18080,17,0,64 38,1,100,,18082,17,0,64 38,1,100,,18078,17,0,64 38,1
40801,'19',1826,,18087,17,0,64 38,1,100,,18084,17,0,64 38,1,100,,18086,17,0,64 38,1,100,,18085,17,0,64 38,1,100,,18088,17,0,64 38,1,100,,18083,17,0,64 38,1
40801,'21',656,,18105,17,0,64 38,1,70,,18116,17,0,64 38,1,30,,18095,17,0,64 38,1,70,,18097,17,0,64 38,1,30,,18112,17,0,64 38,1,70,,18094,17,0,64 38,1,30,,18103,17,0,64 38,1,70,,18113,17,0,64 38,1,30,,18106,17,0,64 38,1,70,,18110,17,0,64 38,1,30,,18107,17,0,64 38,1,70,,18099,17,0,64 38,1,30,,7071,17,0,64 38,1,70,,18101,17,0,64 38,1,30,,18098,17,0,64 38,1,70,,18104,17,0,64 38,1,30,,18114,17,0,64 38,1,70,,18092,17,0,64 38,1,30,,18091,17,0,64 38,1,70,,18102,17,0,64 38,1,30,,18096,17,0,64 38,1,70,,18111,17,0,64 38,1,30,,18090,17,0,64 38,1,70,,18115,17,0,64 38,1,100,,18108,17,0,64 38,1,100,,18100,17,0,64 38,1,100,,18109,17,0,64 38,1,100,,18093,17,0,64 38,1,100,,18089,17,0,64 38,1
40801,'5',1826,,18120,17,0,64 38,1,100,,18118,17,0,64 38,1,100,,2831,17,0,64 38,1,100,,18119,17,0,64 38,1,100,,18121,17,0,64 38,1,100,,18117,17,0,64 38,1
40801,'6',1826,,18126,17,0,64 38,1,100,,18123,17,0,64 38,1,100,,18125,17,0,64 38,1,100,,18124,17,0,64 38,1,100,,18127,17,0,64 38,1,100,,18122,17,0,64 38,1
