30101,'12',631,,32947,26,0,5 15,1,70,,32948,26,0,5 15,1,30,,32969,26,0,5 15,1,70,,32985,26,0,5 15,1,30,,32960,26,0,5 15,1,70,,32976,26,0,5 15,1,30,,32954,26,0,5 15,1,70,,32952,26,0,5 15,1,30,,32986,26,0,5 15,1,70,,32966,26,0,5 15,1,30,,32967,26,0,5 15,1,70,,32945,26,0,5 15,1,30,,32955,26,0,5 15,1,70,,32957,26,0,5 15,1,30,,32987,26,0,5 15,1,70,,32991,26,0,5 15,1,30,,32956,26,0,5 15,1,70,,32990,26,0,5 15,1,30,,32980,26,0,5 15,1,70,,32971,26,0,5 15,1,30,,32972,26,0,5 15,1,70,,32994,26,0,5 15,1,30,,32993,26,0,5 15,1,70,,32977,26,0,5 15,1
30101,'13',631,,32997,26,0,5 15,1,70,,32998,26,0,5 15,1,30,,33016,26,0,5 15,1,70,,28476,26,0,5 15,1,30,,33008,26,0,5 15,1,70,,33022,26,0,5 15,1,30,,33003,26,0,5 15,1,70,,33001,26,0,5 15,1,30,,33030,26,0,5 15,1,70,,33014,26,0,5 15,1,30,,33015,26,0,5 15,1,70,,32995,26,0,5 15,1,30,,33004,26,0,5 15,1,70,,33006,26,0,5 15,1,30,,31703,26,0,5 15,1,70,,33033,26,0,5 15,1,30,,33005,26,0,5 15,1,70,,28477,26,0,5 15,1,30,,33026,26,0,5 15,1,70,,33017,26,0,5 15,1,30,,33018,26,0,5 15,1,70,,33036,26,0,5 15,1,30,,33035,26,0,5 15,1,70,,33023,26,0,5 15,1
30101,'3',631,,33039,26,0,5 15,1,70,,33040,26,0,5 15,1,30,,33058,26,0,5 15,1,70,,28491,26,0,5 15,1,30,,33050,26,0,5 15,1,70,,33064,26,0,5 15,1,30,,33045,26,0,5 15,1,70,,33043,26,0,5 15,1,30,,33072,26,0,5 15,1,70,,33056,26,0,5 15,1,30,,33057,26,0,5 15,1,70,,33037,26,0,5 15,1,30,,33046,26,0,5 15,1,70,,33048,26,0,5 15,1,30,,31758,26,0,5 15,1,70,,33075,26,0,5 15,1,30,,33047,26,0,5 15,1,70,,28492,26,0,5 15,1,30,,33068,26,0,5 15,1,70,,33059,26,0,5 15,1,30,,33060,26,0,5 15,1,70,,33078,26,0,5 15,1,30,,33077,26,0,5 15,1,70,,33065,26,0,5 15,1
30101,'6',631,,33081,26,0,5 15,1,70,,33082,26,0,5 15,1,30,,33103,26,0,5 15,1,70,,33119,26,0,5 15,1,30,,33094,26,0,5 15,1,70,,33110,26,0,5 15,1,30,,33088,26,0,5 15,1,70,,33086,26,0,5 15,1,30,,33120,26,0,5 15,1,70,,33100,26,0,5 15,1,30,,33101,26,0,5 15,1,70,,33079,26,0,5 15,1,30,,33089,26,0,5 15,1,70,,33091,26,0,5 15,1,30,,33121,26,0,5 15,1,70,,33125,26,0,5 15,1,30,,33090,26,0,5 15,1,70,,33124,26,0,5 15,1,30,,33114,26,0,5 15,1,70,,33105,26,0,5 15,1,30,,33106,26,0,5 15,1,70,,33128,26,0,5 15,1,30,,33127,26,0,5 15,1,70,,33111,26,0,5 15,1
40101,'1',645,,38036,26,0,16,1,70,,38052,26,0,16,1,30,,38025,26,0,16,1,70,,38054,26,0,16,1,30,,38057,26,0,16,1,70,,38048,26,0,16,1,30,,32002,26,0,16,1,70,,38046,26,0,16,1,30,,38060,26,0,16,1,70,,38020,26,0,16,1,30,,38034,26,0,16,1,70,,38031,26,0,16,1,30,,30519,26,0,16,1,70,,38038,26,0,16,1,30,,38026,26,0,16,1,70,,38043,26,0,16,1,30,,38045,26,0,16,1,70,,38063,26,0,16,1,30,,38040,26,0,16,1,70,,38033,26,0,16,1,30,,38032,26,0,16,1,70,,38027,26,0,16,1,30,,38056,26,0,16,1,70,,38059,26,0,16,1,30,,38037,26,0,16,1,100,,38012,26,0,16,1,100,,38028,26,0,16,1,100,,38049,26,0,16,1,100,,38013,26,0,16,1,100,,38011,26,0,5,1
40101,'11',645,,38093,26,0,16,1,70,,38112,26,0,16,1,30,,38082,26,0,16,1,70,,38114,26,0,16,1,30,,38117,26,0,16,1,70,,38107,26,0,16,1,30,,38102,26,0,16,1,70,,38105,26,0,16,1,30,,38120,26,0,16,1,70,,38077,26,0,16,1,30,,38091,26,0,16,1,70,,38088,26,0,16,1,30,,38099,26,0,16,1,70,,38094,26,0,16,1,30,,38083,26,0,16,1,70,,38101,26,0,16,1,30,,38104,26,0,16,1,70,,38124,26,0,16,1,30,,38097,26,0,16,1,70,,38090,26,0,16,1,30,,38089,26,0,16,1,70,,38084,26,0,16,1,30,,38116,26,0,16,1,70,,38119,26,0,16,1,30,,38095,26,0,16,1,100,,38069,26,0,16,1,100,,38085,26,0,16,1,100,,38108,26,0,16,1,100,,38070,26,0,16,1,100,,38068,26,0,5,1
40101,'12',1845,,38134,26,0,16,1,100,,38133,26,0,16,1,100,,38132,26,0,16,1,100,,38128,26,0,16,1,100,,38137,26,0,16,1,100,,38130,26,0,5,1
40101,'13',1845,,38145,26,0,16,1,100,,38144,26,0,16,1,100,,38143,26,0,16,1,100,,38139,26,0,16,1,100,,38148,26,0,16,1,100,,38141,26,0,5,1
40101,'14',1045,,38157,26,0,16,1,100,,38159,26,0,16,1,100,,38158,26,0,16,1,100,,38153,26,0,16,1,100,,38156,26,0,16,1,100,,38151,26,0,16,1,100,,38162,26,0,16,1,100,,38149,26,0,5,1
40101,'16',645,,38191,26,0,16,1,70,,38207,26,0,16,1,30,,38180,26,0,16,1,70,,38209,26,0,16,1,30,,38212,26,0,16,1,70,,38203,26,0,16,1,30,,32040,26,0,16,1,70,,38201,26,0,16,1,30,,38215,26,0,16,1,70,,38175,26,0,16,1,30,,38189,26,0,16,1,70,,38186,26,0,16,1,30,,30556,26,0,16,1,70,,38193,26,0,16,1,30,,38181,26,0,16,1,70,,38198,26,0,16,1,30,,38200,26,0,16,1,70,,38218,26,0,16,1,30,,38195,26,0,16,1,70,,38188,26,0,16,1,30,,38187,26,0,16,1,70,,38182,26,0,16,1,30,,38211,26,0,16,1,70,,38214,26,0,16,1,30,,38192,26,0,16,1,100,,38167,26,0,16,1,100,,38183,26,0,16,1,100,,38204,26,0,16,1,100,,38168,26,0,16,1,100,,38166,26,0,5,1
40101,'3',1845,,38228,26,0,16,1,100,,38227,26,0,16,1,100,,38226,26,0,16,1,100,,38222,26,0,16,1,100,,38231,26,0,16,1,100,,38224,26,0,5,1
40101,'6',1845,,38239,26,0,16,1,100,,38238,26,0,16,1,100,,38237,26,0,16,1,100,,38233,26,0,16,1,100,,38242,26,0,16,1,100,,38235,26,0,5,1
40101,'8',845,,38272,26,0,16,1,100,,38276,26,0,16,1,100,,38252,26,0,16,1,70,,38262,26,0,16,1,30,,38268,26,0,16,1,70,,38258,26,0,16,1,30,,38281,26,0,16,1,70,,38247,26,0,16,1,30,,38243,26,0,16,1,70,,38260,26,0,16,1,30,,38253,26,0,16,1,70,,38274,26,0,16,1,30,,38254,26,0,16,1,70,,38267,26,0,16,1,30,,38251,26,0,16,1,70,,38244,26,0,16,1,30,,38269,26,0,16,1,70,,38248,26,0,16,1,30,,38273,26,0,16,1,100,,38279,26,0,16,1
