30601,'15',629,,14952,0,9 12,1,30,,14951,0,9 12,1,70,,14964,0,9 12,1,30,,14965,0,9 12,1,70,,14950,0,9 12,1,30,,14958,0,9 12,1,70,,14967,0,9 12,1,30,,14969,0,9 12,1,70,,14968,0,9 12,1,30,,14960,0,9 12,1,70,,14962,0,9 12,1,30,,14973,0,9 12,1,70,,14961,0,9 12,1,30,,14954,0,9 12,1,70,,14959,0,9 12,1,30,,14972,0,9 12,1,70,,14970,0,9 12,1,25,,14956,0,9 12,1,5,,14971,0,9 12,1,70,,14957,0,9 12,1,30,,14974,0,9 12,1,70,,14966,0,9 12,1,30,,14953,0,9 12,1,70,,14963,0,9 12,1,30,,14955,0,9 12,1
30601,'16',629,,14977,0,9 12,1,30,,14976,0,9 12,1,70,,8421,0,9 12,1,30,,14987,0,9 12,1,70,,14975,0,9 12,1,30,,14981,0,9 12,1,70,,14989,0,9 12,1,30,,7829,0,9 12,1,70,,14990,0,9 12,1,30,,14983,0,9 12,1,70,,14985,0,9 12,1,30,,14994,0,9 12,1,70,,14984,0,9 12,1,30,,6999,0,9 12,1,70,,14982,0,9 12,1,30,,14993,0,9 12,1,70,,14991,0,9 12,1,25,,8673,0,9 12,1,5,,14992,0,9 12,1,70,,14980,0,9 12,1,30,,14995,0,9 12,1,70,,14988,0,9 12,1,30,,14978,0,9 12,1,70,,14986,0,9 12,1,30,,14979,0,9 12,1
30601,'17',629,,14998,0,9 12,1,30,,14997,0,9 12,1,70,,8442,0,9 12,1,30,,15006,0,9 12,1,70,,14996,0,9 12,1,30,,15001,0,9 12,1,70,,15007,0,9 12,1,30,,7850,0,9 12,1,70,,15008,0,9 12,1,30,,15003,0,9 12,1,70,,15004,0,9 12,1,30,,15012,0,9 12,1,70,,2175,0,9 12,1,30,,7021,0,9 12,1,70,,15002,0,9 12,1,30,,15011,0,9 12,1,70,,15009,0,9 12,1,25,,8699,0,9 12,1,5,,15010,0,9 12,1,70,,8293,0,9 12,1,30,,15013,0,9 12,1,70,,8103,0,9 12,1,30,,14999,0,9 12,1,70,,15005,0,9 12,1,30,,15000,0,9 12,1
30601,'19',629,,15016,0,9 12,1,30,,15015,0,9 12,1,70,,15028,0,9 12,1,30,,15029,0,9 12,1,70,,15014,0,9 12,1,30,,15022,0,9 12,1,70,,15031,0,9 12,1,30,,15032,0,9 12,1,70,,10175,0,9 12,1,30,,15024,0,9 12,1,70,,15026,0,9 12,1,30,,15036,0,9 12,1,70,,15025,0,9 12,1,30,,15018,0,9 12,1,70,,15023,0,9 12,1,30,,15035,0,9 12,1,70,,15033,0,9 12,1,25,,15020,0,9 12,1,5,,15034,0,9 12,1,70,,15021,0,9 12,1,30,,15037,0,9 12,1,70,,15030,0,9 12,1,30,,15017,0,9 12,1,70,,15027,0,9 12,1,30,,15019,0,9 12,1
30601,'5',629,,15040,0,9 12,1,30,,15039,0,9 12,1,70,,1482,0,9 12,1,30,,15049,0,9 12,1,70,,15038,0,9 12,1,30,,15044,0,9 12,1,70,,15051,0,9 12,1,30,,7869,0,9 12,1,70,,15052,0,9 12,1,30,,12848,0,9 12,1,70,,15047,0,9 12,1,30,,15056,0,9 12,1,70,,15046,0,9 12,1,30,,7037,0,9 12,1,70,,15045,0,9 12,1,30,,15055,0,9 12,1,70,,15053,0,9 12,1,25,,8722,0,9 12,1,5,,15054,0,9 12,1,70,,15043,0,9 12,1,30,,15057,0,9 12,1,70,,15050,0,9 12,1,30,,15041,0,9 12,1,70,,15048,0,9 12,1,30,,15042,0,9 12,1
30601,'6',629,,15060,0,9 12,1,30,,15059,0,9 12,1,70,,15072,0,9 12,1,30,,15073,0,9 12,1,70,,15058,0,9 12,1,30,,15066,0,9 12,1,70,,15075,0,9 12,1,30,,15077,0,9 12,1,70,,15076,0,9 12,1,30,,15068,0,9 12,1,70,,15070,0,9 12,1,30,,15081,0,9 12,1,70,,15069,0,9 12,1,30,,15062,0,9 12,1,70,,15067,0,9 12,1,30,,15080,0,9 12,1,70,,15078,0,9 12,1,25,,15064,0,9 12,1,5,,15079,0,9 12,1,70,,15065,0,9 12,1,30,,15082,0,9 12,1,70,,15074,0,9 12,1,30,,15061,0,9 12,1,70,,15071,0,9 12,1,30,,15063,0,9 12,1
40601,'1',1127,,22208,0,9 12,1,100,,7333,0,9 12,1,100,,22211,0,9 12,1,100,,22207,0,9 12,1,100,,22209,0,9 12,1,100,,22212,0,9 12,1,100,,22210,0,9 12,1
40601,'10',657,,22224,0,9 12,1,70,,22241,0,9 12,1,30,,22233,0,9 12,1,70,,22240,0,9 12,1,30,,22220,0,9 12,1,70,,22214,0,9 12,1,30,,22221,0,9 12,1,70,,22229,0,9 12,1,30,,22213,0,9 12,1,70,,22223,0,9 12,1,30,,22226,0,9 12,1,70,,22237,0,9 12,1,30,,22239,0,9 12,1,70,,22219,0,9 12,1,30,,22234,0,9 12,1,70,,22215,0,9 12,1,30,,22225,0,9 12,1,70,,22238,0,9 12,1,30,,22227,0,9 12,1,70,,22235,0,9 12,1,30,,22231,0,9 12,1,70,,22217,0,9 12,1,30,,22222,0,9 12,1,70,,22218,0,9 12,1,100,,22236,0,9 12,1,100,,22228,0,9 12,1,100,,22232,0,9 12,1,100,,22216,0,9 12,1,100,,22230,0,9 12,1
40601,'12',927,,11492,0,9 12,1,100,,22252,0,9 12,1,30,,22253,0,9 12,1,70,,22245,0,9 12,1,30,,10852,0,9 12,1,70,,22251,0,9 12,1,30,,22250,0,9 12,1,70,,22249,0,9 12,1,30,,22254,0,9 12,1,70,,22258,0,9 12,1,30,,22255,0,9 12,1,70,,22248,0,9 12,1,30,,22256,0,9 12,1,70,,22247,0,9 12,1,30,,22244,0,9 12,1,70,,22257,0,9 12,1,30,,22243,0,9 12,1,70,,22242,0,9 12,1,100,,22246,0,9 12,1
40601,'15',1827,,22264,0,9 12,1,100,,22259,0,9 12,1,100,,22260,0,9 12,1,100,,22261,0,9 12,1,100,,22262,0,9 12,1,100,,22263,0,9 12,1
40601,'16',1827,,22270,0,9 12,1,100,,22265,0,9 12,1,100,,22266,0,9 12,1,100,,22267,0,9 12,1,100,,22268,0,9 12,1,100,,22269,0,9 12,1
40601,'17',1827,,22276,0,9 12,1,100,,22271,0,9 12,1,100,,22272,0,9 12,1,100,,22273,0,9 12,1,100,,22274,0,9 12,1,100,,22275,0,9 12,1
40601,'19',1827,,22282,0,9 12,1,100,,22277,0,9 12,1,100,,22278,0,9 12,1,100,,22279,0,9 12,1,100,,22280,0,9 12,1,100,,22281,0,9 12,1
40601,'21',657,,22292,0,9 12,1,70,,22307,0,9 12,1,30,,22299,0,9 12,1,70,,22306,0,9 12,1,30,,11956,0,9 12,1,70,,22284,0,9 12,1,30,,22289,0,9 12,1,70,,22297,0,9 12,1,30,,22283,0,9 12,1,70,,22291,0,9 12,1,30,,22294,0,9 12,1,70,,22303,0,9 12,1,30,,22305,0,9 12,1,70,,22288,0,9 12,1,30,,22300,0,9 12,1,70,,22285,0,9 12,1,30,,22293,0,9 12,1,70,,22304,0,9 12,1,30,,22295,0,9 12,1,70,,22301,0,9 12,1,30,,22298,0,9 12,1,70,,22287,0,9 12,1,30,,22290,0,9 12,1,70,,10205,0,9 12,1,100,,22302,0,9 12,1,100,,22296,0,9 12,1,100,,11039,0,9 12,1,100,,22286,0,9 12,1,100,,11541,0,9 12,1
40601,'5',1827,,22313,0,9 12,1,100,,22308,0,9 12,1,100,,22309,0,9 12,1,100,,22310,0,9 12,1,100,,22311,0,9 12,1,100,,22312,0,9 12,1
40601,'6',1827,,22319,0,9 12,1,100,,22314,0,9 12,1,100,,22315,0,9 12,1,100,,22316,0,9 12,1,100,,22317,0,9 12,1,100,,22318,0,9 12,1
