30501,'12',632,,33786,34,0,27,1,70,,33763,34,0,27,1,30,,33779,34,0,27,1,70,,33766,34,0,27,1,30,,33777,34,0,27,1,70,,33769,34,0,27,1,30,,33774,34,0,27,1,70,,33784,34,0,27,1,30,,33772,34,0,27,1,70,,33770,34,0,27,1,30,,33787,34,0,27,1,70,,33775,34,0,27,1,30,,33767,34,0,27,1,70,,33765,34,0,27,1,30,,33782,34,0,27,1,70,,33783,34,0,27,1,30,,33768,34,0,27,1,70,,33781,34,0,27,1,30,,33778,34,0,27,1,70,,33771,34,0,27,1,30,,33764,34,0,27,1,70,,33780,34,0,27,1,30,,33773,34,0,27,1,70,,33785,34,0,27,1
30501,'13',632,,33810,34,0,27,1,70,,33788,34,0,27,1,30,,33804,34,0,27,1,70,,33791,34,0,27,1,30,,33802,34,0,27,1,70,,33794,34,0,27,1,30,,33799,34,0,27,1,70,,33809,34,0,27,1,30,,33797,34,0,27,1,70,,33795,34,0,27,1,30,,33811,34,0,27,1,70,,33800,34,0,27,1,30,,33792,34,0,27,1,70,,33790,34,0,27,1,30,,33807,34,0,27,1,70,,33808,34,0,27,1,30,,33793,34,0,27,1,70,,33806,34,0,27,1,30,,33803,34,0,27,1,70,,33796,34,0,27,1,30,,33789,34,0,27,1,70,,33805,34,0,27,1,30,,33798,34,0,27,1,70,,28368,34,0,27,1
30501,'3',632,,33834,34,0,27,1,70,,33812,34,0,27,1,30,,33828,34,0,27,1,70,,33815,34,0,27,1,30,,33826,34,0,27,1,70,,33818,34,0,27,1,30,,33823,34,0,27,1,70,,33833,34,0,27,1,30,,33821,34,0,27,1,70,,33819,34,0,27,1,30,,33835,34,0,27,1,70,,33824,34,0,27,1,30,,33816,34,0,27,1,70,,33814,34,0,27,1,30,,33831,34,0,27,1,70,,33832,34,0,27,1,30,,33817,34,0,27,1,70,,33830,34,0,27,1,30,,33827,34,0,27,1,70,,33820,34,0,27,1,30,,33813,34,0,27,1,70,,33829,34,0,27,1,30,,33822,34,0,27,1,70,,28386,34,0,27,1
30501,'6',632,,33859,34,0,27,1,70,,33836,34,0,27,1,30,,33852,34,0,27,1,70,,33839,34,0,27,1,30,,33850,34,0,27,1,70,,33842,34,0,27,1,30,,33847,34,0,27,1,70,,33857,34,0,27,1,30,,33845,34,0,27,1,70,,33843,34,0,27,1,30,,33860,34,0,27,1,70,,33848,34,0,27,1,30,,33840,34,0,27,1,70,,33838,34,0,27,1,30,,33855,34,0,27,1,70,,33856,34,0,27,1,30,,33841,34,0,27,1,70,,33854,34,0,27,1,30,,33851,34,0,27,1,70,,33844,34,0,27,1,30,,33837,34,0,27,1,70,,33853,34,0,27,1,30,,33846,34,0,27,1,70,,33858,34,0,27,1
41201,'1',627,,39929,37,,,1,30,,39924,37,,,1,70,,39914,37,,,1,30,,39933,37,,,1,70,,39918,37,,,1,30,,31492,37,,,1,70,,39913,37,,,1,30,,39928,37,,,1,71,,39930,37,,,1,30,,39916,37,,,1,70,,39919,37,,,1,30,,39931,37,,,1,70,,39920,37,,,1,30,,39922,37,,,1,70,,39939,37,,,1,30,,39923,37,,,1,70,,39921,37,,,1,30,,39937,37,,,1,70,,39926,37,,,1,30,,39912,37,,,1,70,,39936,37,,,1,30,,39935,37,,,1,70,,39938,37,,,1,30,,39932,37,,,1,70,,39925,37,,,1,99,,39927,37,,,1,100,,31591,37,,,1,100,,39917,37,,,1,100,,39934,37,,,1,100,,39915,37,,,1
41201,'11',627,,39959,37,,,1,30,,39953,37,,,1,70,,39942,37,,,1,30,,39963,37,,,1,70,,39947,37,,,1,30,,39943,37,,,1,70,,39941,37,,,1,30,,39958,37,,,1,71,,39960,37,,,1,30,,39945,37,,,1,70,,39948,37,,,1,30,,39961,37,,,1,70,,39949,37,,,1,30,,39951,37,,,1,70,,39969,37,,,1,30,,39952,37,,,1,70,,39950,37,,,1,30,,39967,37,,,1,70,,39955,37,,,1,30,,39940,37,,,1,70,,39966,37,,,1,30,,39965,37,,,1,70,,39968,37,,,1,30,,39962,37,,,1,70,,39954,37,,,1,99,,39957,37,,,1,100,,39956,37,,,1,100,,39946,37,,,1,100,,39964,37,,,1,100,,39944,37,,,1
41201,'12',1828,,39971,37,,,1,99,,39972,37,,,1,100,,39975,37,,,1,100,,39973,37,,,1,100,,39970,37,,,1,100,,39974,37,,,1
41201,'13',1828,,24112,37,,,1,99,,27610,37,,,1,100,,39979,37,,,1,100,,39977,37,,,1,100,,39976,37,,,1,100,,39978,37,,,1
41201,'14',1128,,39986,37,,,1,100,,39987,37,,,1,100,,39984,37,,,1,100,,39982,37,,,1,100,,39981,37,,,1,100,,39985,37,,,1,100,,39980,37,,,1
41201,'16',627,,40005,37,,,1,30,,40000,37,,,1,70,,39990,37,,,1,30,,40009,37,,,1,70,,39994,37,,,1,30,,31532,37,,,1,70,,39989,37,,,1,30,,40004,37,,,1,71,,40006,37,,,1,30,,39992,37,,,1,70,,39995,37,,,1,30,,40007,37,,,1,70,,39996,37,,,1,30,,39998,37,,,1,70,,40015,37,,,1,30,,39999,37,,,1,70,,39997,37,,,1,30,,40013,37,,,1,70,,40002,37,,,1,30,,39988,37,,,1,70,,40012,37,,,1,30,,40011,37,,,1,70,,40014,37,,,1,30,,40008,37,,,1,70,,40001,37,,,1,99,,40003,37,,,1,100,,31627,37,,,1,100,,39993,37,,,1,100,,40010,37,,,1,100,,39991,37,,,1
41201,'3',1828,,24124,37,,,1,99,,27633,37,,,1,100,,40019,37,,,1,100,,40017,37,,,1,100,,40016,37,,,1,100,,40018,37,,,1
41201,'6',1828,,40021,37,,,1,99,,40022,37,,,1,100,,40025,37,,,1,100,,40023,37,,,1,100,,40020,37,,,1,100,,40024,37,,,1
41201,'8',927,,40044,37,,,1,101,,40026,37,,,1,30,,40034,37,,,1,70,,40029,37,,,1,30,,40038,37,,,1,70,,40031,37,,,1,30,,40039,37,,,1,70,,40028,37,,,1,30,,40037,37,,,1,70,,30497,37,,,1,30,,40036,37,,,1,70,,40027,37,,,1,30,,40035,37,,,1,70,,40030,37,,,1,30,,40041,37,,,1,70,,40033,37,,,1,30,,40032,37,,,1,70,,40040,37,,,1,99,,40042,37,,,1,100,,40043,37,,,1
