31600,'11',656,,28606,21,0,19,1,55,,28605,21,0,19,1,15,,28602,21,0,19,1,15,,28620,21,0,19,1,15,,28598,21,0,19,1,55,,24111,21,0,19,1,15,,28617,21,0,19,1,15,,13762,21,0,19,1,15,,28601,21,0,19,1,55,,28588,21,0,19,1,15,,28597,21,0,19,1,15,,28590,21,0,19,1,15,,28625,21,0,19,1,56,,28589,21,0,19,1,15,,28626,21,0,19,1,15,,28595,21,0,19,1,15,,28609,21,0,19,1,55,,28587,21,0,19,1,15,,28607,21,0,19,1,15,,28627,21,0,19,1,15,,28622,21,0,19,1,55,,28628,21,0,19,1,15,,22781,21,0,19,1,15,,28600,21,0,19,1,15,,28608,21,0,19,1,55,,28618,21,0,19,1,15,,28613,21,0,19,1,15,,28594,21,0,19,1,15,,28592,21,0,19,1,56,,23477,21,0,19,1,15,,28623,21,0,19,1,15,,28591,21,0,19,1,15,,28593,21,0,19,1,55,,28610,21,0,19,1,15,,28614,21,0,19,1,15,,28611,21,0,19,1,15,,28604,21,0,19,1,55,,28621,21,0,19,1,15,,28624,21,0,19,1,15,,28616,21,0,19,1,15,,28619,21,0,19,1,55,,28612,21,0,19,1,15,,28603,21,0,19,1,15,,28596,21,0,19,1,15,,28599,21,0,19,1,55,,22723,21,0,19,1,15,,28615,21,0,19,1
31600,'3',656,,28648,21,0,19,1,55,,28647,21,0,19,1,15,,28644,21,0,19,1,15,,28662,21,0,19,1,15,,28640,21,0,19,1,55,,24123,21,0,19,1,15,,28659,21,0,19,1,15,,13810,21,0,19,1,15,,28643,21,0,19,1,55,,28630,21,0,19,1,15,,28639,21,0,19,1,15,,28632,21,0,19,1,15,,28667,21,0,19,1,56,,28631,21,0,19,1,15,,28668,21,0,19,1,15,,28637,21,0,19,1,15,,28651,21,0,19,1,55,,28629,21,0,19,1,15,,28649,21,0,19,1,15,,28669,21,0,19,1,15,,28664,21,0,19,1,55,,28670,21,0,19,1,15,,22802,21,0,19,1,15,,28642,21,0,19,1,15,,28650,21,0,19,1,55,,28660,21,0,19,1,15,,28655,21,0,19,1,15,,28636,21,0,19,1,15,,28634,21,0,19,1,56,,23514,21,0,19,1,15,,28665,21,0,19,1,15,,28633,21,0,19,1,15,,28635,21,0,19,1,55,,28652,21,0,19,1,15,,28656,21,0,19,1,15,,28653,21,0,19,1,15,,28646,21,0,19,1,55,,28663,21,0,19,1,15,,28666,21,0,19,1,15,,28658,21,0,19,1,15,,28661,21,0,19,1,55,,28654,21,0,19,1,15,,28645,21,0,19,1,15,,28638,21,0,19,1,15,,28641,21,0,19,1,55,,22745,21,0,19,1,15,,28657,21,0,19,1
32100,'11',750,,29029,27,0,53,1,100,,29030,27,0,53,1,100,,29027,27,0,53,1,400,,29028,27,0,53,1,100,,29025,27,0,53,1,100,,29026,27,0,53,1,100,,29031,27,0,53,1
32100,'3',750,,29036,27,0,53,1,100,,29037,27,0,53,1,100,,29034,27,0,53,1,400,,29035,27,0,53,1,100,,29032,27,0,53,1,100,,29033,27,0,53,1,100,,29038,27,0,53,1
32401,'11',721,,29185,9,0,54,1,100,,29183,9,0,54,1,100,,29181,9,0,54,1,100,,29184,9,0,54,1,100,,29186,9,0,54,1,100,,29187,9,0,54,1,100,,29179,9,0,54,1,100,,29182,9,0,54,1,100,,2939,9,0,54,1,100,,29178,9,0,54,1,100,,29180,9,0,54,1,100,,29177,9,0,54,1
32401,'3',721,,29196,9,0,54,1,100,,29194,9,0,54,1,100,,29192,9,0,54,1,100,,29195,9,0,54,1,100,,29197,9,0,54,1,100,,29198,9,0,54,1,100,,29190,9,0,54,1,100,,29193,9,0,54,1,100,,3014,9,0,54,1,100,,29189,9,0,54,1,100,,29191,9,0,54,1,100,,29188,9,0,54,1
33101,'11',750,,29224,11,0,55,1,100,,29222,11,0,55,1,100,,29226,11,0,55,1,100,,29221,11,0,55,1,100,,29225,11,0,55,1,100,,29228,11,0,55,1,100,,23752,11,0,55,1,100,,26610,11,0,55,1,100,,24333,11,0,55,1,100,,29227,11,0,55,1,100,,29223,11,0,55,1
33101,'3',750,,29232,11,0,55,1,100,,29230,11,0,55,1,100,,29234,11,0,55,1,100,,29229,11,0,55,1,100,,29233,11,0,55,1,100,,29236,11,0,55,1,100,,23774,11,0,55,1,100,,26652,11,0,55,1,100,,24354,11,0,55,1,100,,29235,11,0,55,1,100,,29231,11,0,55,1
33501,'11',723,,29293,9,0,48 18,1,30,,29284,9,0,48 18,1,70,,22475,9,0,48 18,1,30,,22795,9,0,48 18,1,70,,29276,9,0,48 18,1,30,,29275,9,0,48 18,1,70,,29283,9,0,48 18,1,30,,29280,9,0,48 18,1,70,,29285,9,0,48 18,1,30,,29288,9,0,48 18,1,70,,29292,9,0,48 18,1,30,,29282,9,0,48 18,1,70,,29277,9,0,48 18,1,30,,29287,9,0,48 18,1,70,,29281,9,0,48 18,1,30,,29289,9,0,48 18,1,70,,29290,9,0,48 18,1,30,,29286,9,0,48 18,1,70,,9655,9,0,48 18,1,30,,29279,9,0,48 18,1,70,,29291,9,0,48 18,1,30,,22409,9,0,48 18,1,70,,29278,9,0,48 18,1
33501,'3',723,,29312,9,0,48 18,1,30,,29303,9,0,48 18,1,70,,22494,9,0,48 18,1,30,,22817,9,0,48 18,1,70,,29295,9,0,48 18,1,30,,29294,9,0,48 18,1,70,,29302,9,0,48 18,1,30,,29299,9,0,48 18,1,70,,29304,9,0,48 18,1,30,,29307,9,0,48 18,1,70,,29311,9,0,48 18,1,30,,29301,9,0,48 18,1,70,,29296,9,0,48 18,1,30,,29306,9,0,48 18,1,70,,29300,9,0,48 18,1,30,,29308,9,0,48 18,1,70,,29309,9,0,48 18,1,30,,29305,9,0,48 18,1,70,,9697,9,0,48 18,1,30,,29298,9,0,48 18,1,70,,29310,9,0,48 18,1,30,,22431,9,0,48 18,1,70,,29297,9,0,48 18,1
33600,'11',731,,29327,11,0,57 18,1,70,,29324,11,0,57 18,1,30,,29317,11,0,57 18,1,70,,29318,11,0,57 18,1,30,,29325,11,0,57 18,1,70,,29323,11,0,57 18,1,30,,29332,11,0,57 18,1,70,,29328,11,0,57 18,1,30,,29316,11,0,57 18,1,70,,29319,11,0,57 18,1,30,,29313,11,0,57 18,1,70,,29321,11,0,57 18,1,30,,29314,11,0,57 18,1,70,,29322,11,0,57 18,1,30,,29333,11,0,57 18,1,70,,29329,11,0,57 18,1,30,,29331,11,0,57 18,1,70,,29320,11,0,57 18,1,30,,23746,11,0,57 18,1,70,,29315,11,0,57 18,1,30,,29330,11,0,57 18,1,70,,29326,11,0,57 18,1
33600,'3',731,,29348,11,0,57 18,1,70,,29345,11,0,57 18,1,30,,29338,11,0,57 18,1,70,,29339,11,0,57 18,1,30,,29346,11,0,57 18,1,70,,29344,11,0,57 18,1,30,,29353,11,0,57 18,1,70,,29349,11,0,57 18,1,30,,29337,11,0,57 18,1,70,,29340,11,0,57 18,1,30,,29334,11,0,57 18,1,70,,29342,11,0,57 18,1,30,,29335,11,0,57 18,1,70,,29343,11,0,57 18,1,30,,29354,11,0,57 18,1,70,,29350,11,0,57 18,1,30,,29352,11,0,57 18,1,70,,29341,11,0,57 18,1,30,,23769,11,0,57 18,1,70,,29336,11,0,57 18,1,30,,29351,11,0,57 18,1,70,,29347,11,0,57 18,1
41600,'1',725,,31669,21,0,19,1,30,,31674,21,0,19,1,70,,31678,21,0,19,1,30,,31668,21,0,19,1,70,,31671,21,0,19,1,30,,31693,21,0,19,1,71,,31667,21,0,19,1,30,,31685,21,0,19,1,70,,31679,21,0,19,1,30,,31694,21,0,19,1,70,,31687,21,0,19,1,30,,22957,21,0,19,1,70,,31676,21,0,19,1,30,,31675,21,0,19,1,70,,31692,21,0,19,1,30,,31682,21,0,19,1,70,,31688,21,0,19,1,30,,31677,21,0,19,1,70,,23655,21,0,19,1,30,,31670,21,0,19,1,70,,31683,21,0,19,1,30,,31673,21,0,19,1,70,,31689,21,0,19,1,30,,31691,21,0,19,1,69,,31696,21,0,19,1,30,,31695,21,0,19,1,70,,31686,21,0,19,1,30,,31666,21,0,19,1,70,,31684,21,0,19,1,30,,31680,21,0,19,1,70,,31672,21,0,19,1,30,,31690,21,0,19,1,70,,31681,21,0,19,1
41600,'11',1856,,31701,21,0,19,1,69,,31703,21,0,19,1,30,,31700,21,0,19,1,70,,31699,21,0,19,1,30,,23203,21,0,19,1,70,,31698,21,0,19,1,30,,31705,21,0,19,1,70,,31697,21,0,19,1,30,,31704,21,0,19,1,70,,31702,21,0,19,1
41600,'12',1056,,31715,21,0,19,1,70,,31710,21,0,19,1,30,,31713,21,0,19,1,70,,31708,21,0,19,1,30,,31717,21,0,19,1,70,,31716,21,0,19,1,30,,31718,21,0,19,1,70,,31714,21,0,19,1,30,,31711,21,0,19,1,70,,31707,21,0,19,1,30,,31709,21,0,19,1,70,,31719,21,0,19,1,30,,31712,21,0,19,1,70,,31720,21,0,19,1,30,,31706,21,0,19,1
41600,'14',725,,31724,21,0,19,1,30,,31731,21,0,19,1,70,,31735,21,0,19,1,30,,31723,21,0,19,1,70,,31727,21,0,19,1,30,,31748,21,0,19,1,71,,31722,21,0,19,1,30,,31741,21,0,19,1,70,,31736,21,0,19,1,30,,31749,21,0,19,1,70,,31743,21,0,19,1,30,,31725,21,0,19,1,70,,31733,21,0,19,1,30,,31732,21,0,19,1,70,,31747,21,0,19,1,30,,31738,21,0,19,1,70,,31744,21,0,19,1,30,,31734,21,0,19,1,70,,31730,21,0,19,1,30,,31726,21,0,19,1,70,,31739,21,0,19,1,30,,31729,21,0,19,1,70,,31745,21,0,19,1,30,,31746,21,0,19,1,69,,31751,21,0,19,1,30,,31750,21,0,19,1,70,,31742,21,0,19,1,30,,31721,21,0,19,1,70,,31740,21,0,19,1,30,,31737,21,0,19,1,70,,31728,21,0,19,1,30,,5913,21,0,19,1,70,,7358,21,0,19,1
41600,'3',1856,,31756,21,0,19,1,69,,31758,21,0,19,1,30,,31755,21,0,19,1,70,,31754,21,0,19,1,30,,23218,21,0,19,1,70,,31753,21,0,19,1,30,,31760,21,0,19,1,70,,31752,21,0,19,1,30,,31759,21,0,19,1,70,,31757,21,0,19,1
41600,'8',855,,31779,21,0,19,1,70,,31772,21,0,19,1,30,,25999,21,0,19,1,71,,31778,21,0,19,1,30,,31782,21,0,19,1,70,,31767,21,0,19,1,30,,31768,21,0,19,1,70,,31780,21,0,19,1,30,,31777,21,0,19,1,70,,31781,21,0,19,1,30,,31762,21,0,19,1,70,,31773,21,0,19,1,30,,31770,21,0,19,1,70,,31771,21,0,19,1,30,,31765,21,0,19,1,70,,31769,21,0,19,1,30,,31776,21,0,19,1,70,,31764,21,0,19,1,30,,31763,21,0,19,1,70,,31774,21,0,19,1,30,,31775,21,0,19,1,69,,31766,21,0,19,1,30,,31761,21,0,19,1
42301,'1',741,,32457,23,0,20 30 31,1,100,,32445,23,0,20 30 31,1,100,,32455,23,0,20 30 31,1,102,,32448,23,0,20 30 31,1,100,,32454,23,0,20 30 31,1,100,,32451,23,0,20 30 31,1,100,,32456,23,0,20 30 31,1,102,,32443,23,0,20 30 31,1,100,,32450,23,0,20 30 31,1,100,,32444,23,0,20 30 31,1,100,,32447,23,0,20 30 31,1,100,,32452,23,0,20 30 31,1,97,,32449,23,0,20 30 31,1,100,,32446,23,0,20 30 31,1,100,,32453,23,0,20 30 31,1,100,,24263,23,0,20 30 31,1
42401,'1',719,,1358,9,0,54,1,100,,32482,9,0,54,1,100,,32487,9,0,54,1,101,,32483,9,0,54,1,100,,32490,9,0,54,1,100,,32488,9,0,54,1,100,,32494,9,0,54,1,101,,32491,9,0,54,1,100,,32492,9,0,54,1,100,,23308,9,0,54,1,100,,21445,9,0,54,1,100,,32485,9,0,54,1,97,,32489,9,0,54,1,100,,32493,9,0,54,1,100,,32484,9,0,54,1,100,,32486,9,0,54,1
42401,'11',1918,,32497,9,0,54,1,100,,32496,9,0,54,1,100,,32495,9,0,54,1,100,,22713,9,0,54,1,100,,32498,9,0,54,1
42401,'3',1918,,32501,9,0,54,1,100,,32500,9,0,54,1,100,,32499,9,0,54,1,100,,22735,9,0,54,1,100,,32502,9,0,54,1
43101,'1',749,,32526,11,0,55,1,100,,32531,11,0,55,1,100,,32525,11,0,55,1,101,,23133,11,0,55,1,100,,32536,11,0,55,1,100,,24470,11,0,55,1,100,,23435,11,0,55,1,101,,32530,11,0,55,1,100,,32532,11,0,55,1,100,,32529,11,0,55,1,100,,32527,11,0,55,1,100,,32534,11,0,55,1,99,,32533,11,0,55,1,100,,32537,11,0,55,1,100,,32535,11,0,55,1,100,,32528,11,0,55,1
43101,'11',1851,,32540,11,0,55,1,99,,32538,11,0,55,1,100,,32543,11,0,55,1,100,,32539,11,0,55,1,100,,32542,11,0,55,1,100,,32541,11,0,55,1
43101,'3',1851,,32546,11,0,55,1,99,,32544,11,0,55,1,100,,32549,11,0,55,1,100,,32545,11,0,55,1,100,,32548,11,0,55,1,100,,32547,11,0,55,1
43200,'1',815,,32553,14,0,52,1,100,,32563,14,0,52,1,100,,32558,14,0,52,1,100,,32564,14,0,52,1,100,,32551,14,0,52,1,100,,32556,14,0,52,1,100,,32554,14,0,52,1,100,,32557,14,0,52,1,100,,32552,14,0,52,1,100,,23790,14,0,52,1,100,,32561,14,0,52,1,100,,32562,14,0,52,1,100,,32550,14,0,52,1,100,,32559,14,0,52,1,100,,32555,14,0,52,1,100,,32560,14,0,52,1
43501,'1',808,,32617,9,0,48 18,1,30,,32627,9,0,48 18,1,70,,32612,9,0,48 18,1,30,,32628,9,0,48 18,1,70,,32615,9,0,48 18,1,30,,32624,9,0,48 18,1,70,,32622,9,0,48 18,1,30,,32626,9,0,48 18,1,70,,32616,9,0,48 18,1,30,,32625,9,0,48 18,1,70,,32619,9,0,48 18,1,30,,32629,9,0,48 18,1,71,,32614,9,0,48 18,1,30,,32621,9,0,48 18,1,70,,27137,9,0,48 18,1,30,,32620,9,0,48 18,1,70,,21545,9,0,48 18,1,30,,32623,9,0,48 18,1,70,,32613,9,0,48 18,1,30,,32618,9,0,48 18,1,70,,21932,9,0,48 18,1
43501,'11',1839,,32631,9,0,48 18,1,69,,32630,9,0,48 18,1,30,,11756,9,0,48 18,1,70,,23149,9,0,48 18,1,30,,32632,9,0,48 18,1,70,,32633,9,0,48 18,1,30,,32635,9,0,48 18,1,70,,32634,9,0,48 18,1
43501,'3',1839,,32637,9,0,48 18,1,69,,32636,9,0,48 18,1,30,,11795,9,0,48 18,1,70,,23162,9,0,48 18,1,30,,32638,9,0,48 18,1,70,,32639,9,0,48 18,1,30,,32641,9,0,48 18,1,70,,32640,9,0,48 18,1
