30301,'1',634,,21864,15,0,32 33,1,70,,21869,15,0,32 33,1,30,,21878,15,0,32 33,1,70,,21872,15,0,32 33,1,30,,21873,15,0,32 33,1,70,,21877,15,0,32 33,1,30,,21868,15,0,32 33,1,70,,21884,15,0,32 33,1,30,,18792,15,0,32 33,1,70,,21870,15,0,32 33,1,30,,17004,15,0,32 33,1,70,,21879,15,0,32 33,1,30,,21865,15,0,32 33,1,70,,21880,15,0,32 33,1,30,,21863,15,0,32 33,1,70,,21866,15,0,32 33,1,31,,21875,15,0,32 33,1,70,,21876,15,0,32 33,1,30,,21882,15,0,32 33,1,70,,21874,15,0,32 33,1,30,,21867,15,0,32 33,1,70,,21883,15,0,32 33,1,30,,21881,15,0,32 33,1,70,,21871,15,0,32 33,1
30301,'10',634,,21886,15,0,32 33,1,70,,21891,15,0,32 33,1,30,,21900,15,0,32 33,1,70,,21894,15,0,32 33,1,30,,21895,15,0,32 33,1,70,,21899,15,0,32 33,1,30,,21890,15,0,32 33,1,70,,21908,15,0,32 33,1,30,,21905,15,0,32 33,1,70,,21892,15,0,32 33,1,30,,21901,15,0,32 33,1,70,,21902,15,0,32 33,1,30,,21887,15,0,32 33,1,70,,21903,15,0,32 33,1,30,,21885,15,0,32 33,1,70,,21888,15,0,32 33,1,31,,21897,15,0,32 33,1,70,,21898,15,0,32 33,1,30,,21906,15,0,32 33,1,70,,21896,15,0,32 33,1,30,,21889,15,0,32 33,1,70,,21907,15,0,32 33,1,30,,21904,15,0,32 33,1,70,,21893,15,0,32 33,1
30301,'3',634,,21910,15,0,32 33,1,70,,21915,15,0,32 33,1,30,,21924,15,0,32 33,1,70,,21918,15,0,32 33,1,30,,21919,15,0,32 33,1,70,,21923,15,0,32 33,1,30,,21914,15,0,32 33,1,70,,21931,15,0,32 33,1,30,,21929,15,0,32 33,1,70,,21916,15,0,32 33,1,30,,21925,15,0,32 33,1,70,,21926,15,0,32 33,1,30,,21911,15,0,32 33,1,70,,21927,15,0,32 33,1,30,,21909,15,0,32 33,1,70,,21912,15,0,32 33,1,31,,21921,15,0,32 33,1,70,,21922,15,0,32 33,1,30,,21930,15,0,32 33,1,70,,21920,15,0,32 33,1,30,,21913,15,0,32 33,1,70,,9831,15,0,32 33,1,30,,21928,15,0,32 33,1,70,,21917,15,0,32 33,1
31501,'1',614,,23220,31,0,20 14 35 26,1,30,,23226,31,0,20 14 35 26,1,70,,23234,31,0,20 14 35 26,1,30,,23227,31,0,20 14 35 26,1,70,,23223,31,0,20 14 35 26,1,30,,23240,31,0,20 14 35 26,1,70,,23233,31,0,20 14 35 26,1,30,,23232,31,0,20 14 35 26,1,70,,23239,31,0,20 14 35 26,1,30,,23224,31,0,20 14 35 26,1,70,,23230,31,0,20 14 35 26,1,30,,23238,31,0,20 14 35 26,1,70,,17005,31,0,20 14 35 26,1,30,,23235,31,0,20 14 35 26,1,70,,23228,31,0,20 14 35 26,1,30,,23231,31,0,20 14 35 26,1,71,,23241,31,0,20 14 35 26,1,30,,23229,31,0,20 14 35 26,1,70,,17670,31,0,20 14 35 26,1,30,,23225,31,0,20 14 35 26,1,70,,23237,31,0,20 14 35 26,1,30,,23221,31,0,20 14 35 26,1,70,,23236,31,0,20 14 35 26,1,30,,23222,31,0,20 14 35 26,1
31501,'10',614,,23242,31,0,20 14 35 26,1,30,,23247,31,0,20 14 35 26,1,70,,23257,31,0,20 14 35 26,1,30,,23248,31,0,20 14 35 26,1,70,,23244,31,0,20 14 35 26,1,30,,23263,31,0,20 14 35 26,1,70,,23255,31,0,20 14 35 26,1,30,,23254,31,0,20 14 35 26,1,70,,23262,31,0,20 14 35 26,1,30,,23245,31,0,20 14 35 26,1,70,,23251,31,0,20 14 35 26,1,30,,23261,31,0,20 14 35 26,1,70,,23253,31,0,20 14 35 26,1,30,,23258,31,0,20 14 35 26,1,70,,23249,31,0,20 14 35 26,1,30,,23252,31,0,20 14 35 26,1,71,,23264,31,0,20 14 35 26,1,30,,23250,31,0,20 14 35 26,1,70,,23256,31,0,20 14 35 26,1,30,,23246,31,0,20 14 35 26,1,70,,23260,31,0,20 14 35 26,1,30,,23243,31,0,20 14 35 26,1,70,,23259,31,0,20 14 35 26,1,30,,11621,31,0,20 14 35 26,1
31501,'3',614,,23265,31,0,20 14 35 26,1,30,,23270,31,0,20 14 35 26,1,70,,23280,31,0,20 14 35 26,1,30,,23271,31,0,20 14 35 26,1,70,,23267,31,0,20 14 35 26,1,30,,23286,31,0,20 14 35 26,1,70,,23278,31,0,20 14 35 26,1,30,,23277,31,0,20 14 35 26,1,70,,23285,31,0,20 14 35 26,1,30,,23268,31,0,20 14 35 26,1,70,,23274,31,0,20 14 35 26,1,30,,23284,31,0,20 14 35 26,1,70,,23276,31,0,20 14 35 26,1,30,,23281,31,0,20 14 35 26,1,70,,23272,31,0,20 14 35 26,1,30,,23275,31,0,20 14 35 26,1,71,,23287,31,0,20 14 35 26,1,30,,23273,31,0,20 14 35 26,1,70,,23279,31,0,20 14 35 26,1,30,,23269,31,0,20 14 35 26,1,70,,23283,31,0,20 14 35 26,1,30,,23266,31,0,20 14 35 26,1,70,,23282,31,0,20 14 35 26,1,30,,11667,31,0,20 14 35 26,1
41501,'1',1823,,26335,40,0,20 14 34,1,30,,26334,40,0,20 14 34,1,80,,26331,40,0,20 14 34,1,100,,19824,40,0,20 14 34,1,100,,26330,40,0,20 14 34,1,100,,26333,40,0,20 14 34,1,100,,26332,40,0,20 14 34,1
41501,'10',1823,,26341,40,0,20 14 34,1,30,,26339,40,0,20 14 34,1,80,,26337,40,0,20 14 34,1,100,,26340,40,0,20 14 34,1,100,,26336,40,0,20 14 34,1,100,,11625,40,0,20 14 34,1,100,,26338,40,0,20 14 34,1
41501,'11',1035,,26351,40,0,20 14 34,1,70,,26342,40,0,20 14 34,1,30,,11251,40,0,20 14 34,1,70,,17296,40,0,20 14 34,1,30,,16181,40,0,20 14 34,1,100,,26347,40,0,20 14 34,1,70,,12175,40,0,20 14 34,1,31,,8482,40,0,20 14 34,1,100,,26349,40,0,20 14 34,1,70,,26346,40,0,20 14 34,1,30,,26350,40,0,20 14 34,1,70,,26352,40,0,20 14 34,1,30,,26345,40,0,20 14 34,1,70,,26348,40,0,20 14 34,1,30,,26343,40,0,20 14 34,1,97,,26344,40,0,20 14 34,1
41501,'13',703,,26379,40,0,20 14 34,1,31,,26369,40,0,20 14 34,1,70,,26367,40,0,20 14 34,1,30,,26374,40,0,20 14 34,1,70,,26364,40,0,20 14 34,1,30,,26375,40,0,20 14 34,1,70,,26359,40,0,20 14 34,1,31,,26372,40,0,20 14 34,1,70,,26363,40,0,20 14 34,1,30,,26360,40,0,20 14 34,1,70,,26368,40,0,20 14 34,1,30,,26373,40,0,20 14 34,1,70,,26353,40,0,20 14 34,1,30,,26366,40,0,20 14 34,1,70,,26362,40,0,20 14 34,1,31,,26361,40,0,20 14 34,1,70,,26358,40,0,20 14 34,1,30,,26357,40,0,20 14 34,1,70,,26370,40,0,20 14 34,1,30,,26371,40,0,20 14 34,1,70,,26356,40,0,20 14 34,1,30,,26365,40,0,20 14 34,1,70,,19917,40,0,20 14 34,1,30,,26355,40,0,20 14 34,1,97,,26376,40,0,20 14 34,1,100,,26378,40,0,20 14 34,1,100,,26354,40,0,20 14 34,1,100,,16641,40,0,20 14 34,1,100,,26377,40,0,20 14 34,1
41501,'3',1823,,26385,40,0,20 14 34,1,30,,26383,40,0,20 14 34,1,80,,26381,40,0,20 14 34,1,100,,26384,40,0,20 14 34,1,100,,26380,40,0,20 14 34,1,100,,11672,40,0,20 14 34,1,100,,26382,40,0,20 14 34,1
41501,'8',1035,,26397,40,0,20 14 34,1,70,,17376,40,0,20 14 34,1,30,,26396,40,0,20 14 34,1,70,,26393,40,0,20 14 34,1,30,,26392,40,0,20 14 34,1,100,,26390,40,0,20 14 34,1,70,,26386,40,0,20 14 34,1,31,,26391,40,0,20 14 34,1,100,,26394,40,0,20 14 34,1,70,,26389,40,0,20 14 34,1,30,,26395,40,0,20 14 34,1,70,,26398,40,0,20 14 34,1,30,,26388,40,0,20 14 34,1,70,,17087,40,0,20 14 34,1,30,,17264,40,0,20 14 34,1,97,,26387,40,0,20 14 34,1
