33200,'15',808,,15074,6,0,30,1,100,,15073,6,0,30,1,100,,15078,6,0,30,1,100,,15068,6,0,30,1,100,,15071,6,0,30,1,100,,15072,6,0,30,1,100,,15069,6,0,30,1,100,,15075,6,0,30,1,100,,15076,6,0,30,1,100,,15077,6,0,30,1,100,,15070,6,0,30,1
33200,'16',738,,15091,6,0,30,1,70,,15086,6,0,30,1,30,,15092,6,0,30,1,70,,15084,6,0,30,1,30,,2161,6,0,30,1,70,,15093,6,0,30,1,30,,15094,6,0,30,1,70,,3968,6,0,30,1,30,,15087,6,0,30,1,70,,4826,6,0,30,1,30,,15082,6,0,30,1,70,,15083,6,0,30,1,30,,2907,6,0,30,1,70,,15081,6,0,30,1,30,,15085,6,0,30,1,70,,15088,6,0,30,1,30,,5823,6,0,30,1,70,,15089,6,0,30,1,30,,708,6,0,30,1,70,,15090,6,0,30,1,30,,15080,6,0,30,1,70,,62,6,0,30,1,30,,15079,6,0,30,1
33200,'17',738,,15108,6,0,30,1,70,,15103,6,0,30,1,30,,15109,6,0,30,1,70,,15101,6,0,30,1,30,,2185,6,0,30,1,70,,15110,6,0,30,1,30,,15111,6,0,30,1,70,,3980,6,0,30,1,30,,15104,6,0,30,1,70,,15099,6,0,30,1,30,,15098,6,0,30,1,70,,15100,6,0,30,1,30,,2973,6,0,30,1,70,,15097,6,0,30,1,30,,15102,6,0,30,1,70,,15105,6,0,30,1,30,,5837,6,0,30,1,70,,15106,6,0,30,1,30,,731,6,0,30,1,70,,15107,6,0,30,1,30,,15096,6,0,30,1,70,,109,6,0,30,1,30,,15095,6,0,30,1
33200,'19',738,,15120,6,0,30,1,70,,15125,6,0,30,1,30,,15122,6,0,30,1,70,,15124,6,0,30,1,30,,15131,6,0,30,1,70,,15133,6,0,30,1,30,,15130,6,0,30,1,70,,15112,6,0,30,1,30,,15134,6,0,30,1,70,,15121,6,0,30,1,30,,15116,6,0,30,1,70,,15123,6,0,30,1,30,,15118,6,0,30,1,70,,15114,6,0,30,1,30,,15113,6,0,30,1,70,,15126,6,0,30,1,30,,15132,6,0,30,1,70,,15127,6,0,30,1,30,,15115,6,0,30,1,70,,15128,6,0,30,1,30,,15117,6,0,30,1,70,,15119,6,0,30,1,30,,15129,6,0,30,1
33200,'5',738,,15140,6,0,30,1,70,,15143,6,0,30,1,30,,4990,6,0,30,1,70,,15142,6,0,30,1,30,,15137,6,0,30,1,70,,15152,6,0,30,1,30,,15150,6,0,30,1,70,,3992,6,0,30,1,30,,15151,6,0,30,1,70,,15138,6,0,30,1,30,,15148,6,0,30,1,70,,15139,6,0,30,1,30,,3052,6,0,30,1,70,,15135,6,0,30,1,30,,15141,6,0,30,1,70,,15144,6,0,30,1,30,,15149,6,0,30,1,70,,15145,6,0,30,1,30,,15136,6,0,30,1,70,,15147,6,0,30,1,30,,15146,6,0,30,1,70,,156,6,0,30,1,30,,15153,6,0,30,1
33200,'6',808,,15160,6,0,30,1,100,,15159,6,0,30,1,100,,15164,6,0,30,1,100,,15154,6,0,30,1,100,,15157,6,0,30,1,100,,15158,6,0,30,1,100,,15155,6,0,30,1,100,,15161,6,0,30,1,100,,15162,6,0,30,1,100,,15163,6,0,30,1,100,,15156,6,0,30,1
33501,'15',719,,15413,5,0,48 18,1,30,,15405,5,0,48 18,1,70,,15407,5,0,48 18,1,30,,15391,5,0,48 18,1,70,,15401,5,0,48 18,1,30,,15402,5,0,48 18,1,70,,15403,5,0,48 18,1,30,,15411,5,0,48 18,1,70,,15412,5,0,48 18,1,30,,15392,5,0,48 18,1,70,,15395,5,0,48 18,1,30,,15397,5,0,48 18,1,70,,15410,5,0,48 18,1,30,,15398,5,0,48 18,1,70,,15393,5,0,48 18,1,30,,15396,5,0,48 18,1,70,,15394,5,0,48 18,1,30,,15409,5,0,48 18,1,70,,15408,5,0,48 18,1,30,,15399,5,0,48 18,1,70,,15400,5,0,48 18,1,30,,15406,5,0,48 18,1,70,,15404,5,0,48 18,1
33501,'16',719,,15433,5,0,48 18,1,30,,15426,5,0,48 18,1,70,,15429,5,0,48 18,1,30,,15414,5,0,48 18,1,70,,74,5,0,48 18,1,30,,2054,5,0,48 18,1,70,,15425,5,0,48 18,1,30,,15431,5,0,48 18,1,70,,15432,5,0,48 18,1,30,,3836,5,0,48 18,1,70,,15420,5,0,48 18,1,30,,15422,5,0,48 18,1,70,,15430,5,0,48 18,1,30,,15424,5,0,48 18,1,70,,15417,5,0,48 18,1,30,,15421,5,0,48 18,1,70,,15428,5,0,48 18,1,30,,15419,5,0,48 18,1,70,,15418,5,0,48 18,1,30,,15423,5,0,48 18,1,70,,15415,5,0,48 18,1,30,,15416,5,0,48 18,1,70,,15427,5,0,48 18,1
33501,'17',719,,15453,5,0,48 18,1,30,,15446,5,0,48 18,1,70,,15449,5,0,48 18,1,30,,15434,5,0,48 18,1,70,,121,5,0,48 18,1,30,,2080,5,0,48 18,1,70,,15445,5,0,48 18,1,30,,15451,5,0,48 18,1,70,,15452,5,0,48 18,1,30,,3861,5,0,48 18,1,70,,15440,5,0,48 18,1,30,,15442,5,0,48 18,1,70,,15450,5,0,48 18,1,30,,15444,5,0,48 18,1,70,,15437,5,0,48 18,1,30,,15441,5,0,48 18,1,70,,15448,5,0,48 18,1,30,,15439,5,0,48 18,1,70,,15438,5,0,48 18,1,30,,15443,5,0,48 18,1,70,,15435,5,0,48 18,1,30,,15436,5,0,48 18,1,70,,15447,5,0,48 18,1
33501,'19',719,,15475,5,0,48 18,1,30,,15470,5,0,48 18,1,70,,15471,5,0,48 18,1,30,,15456,5,0,48 18,1,70,,15466,5,0,48 18,1,30,,15467,5,0,48 18,1,70,,15468,5,0,48 18,1,30,,15473,5,0,48 18,1,70,,15474,5,0,48 18,1,30,,15457,5,0,48 18,1,70,,15459,5,0,48 18,1,30,,15462,5,0,48 18,1,70,,15472,5,0,48 18,1,30,,15465,5,0,48 18,1,70,,15458,5,0,48 18,1,30,,15461,5,0,48 18,1,70,,15469,5,0,48 18,1,30,,15463,5,0,48 18,1,70,,15476,5,0,48 18,1,30,,15455,5,0,48 18,1,70,,15460,5,0,48 18,1,30,,15464,5,0,48 18,1,70,,15454,5,0,48 18,1
33501,'5',719,,15493,5,0,48 18,1,30,,15489,5,0,48 18,1,70,,8357,5,0,48 18,1,30,,15479,5,0,48 18,1,70,,168,5,0,48 18,1,30,,2106,5,0,48 18,1,70,,15487,5,0,48 18,1,30,,15491,5,0,48 18,1,70,,15492,5,0,48 18,1,30,,3886,5,0,48 18,1,70,,15481,5,0,48 18,1,30,,15484,5,0,48 18,1,70,,15490,5,0,48 18,1,30,,15486,5,0,48 18,1,70,,15480,5,0,48 18,1,30,,15483,5,0,48 18,1,70,,15488,5,0,48 18,1,30,,3492,5,0,48 18,1,70,,15494,5,0,48 18,1,30,,15478,5,0,48 18,1,70,,15482,5,0,48 18,1,30,,15485,5,0,48 18,1,70,,15477,5,0,48 18,1
33501,'6',719,,15517,5,0,48 18,1,30,,15509,5,0,48 18,1,70,,15511,5,0,48 18,1,30,,15495,5,0,48 18,1,70,,15505,5,0,48 18,1,30,,15506,5,0,48 18,1,70,,15507,5,0,48 18,1,30,,15515,5,0,48 18,1,70,,15516,5,0,48 18,1,30,,15496,5,0,48 18,1,70,,15499,5,0,48 18,1,30,,15501,5,0,48 18,1,70,,15514,5,0,48 18,1,30,,15502,5,0,48 18,1,70,,15497,5,0,48 18,1,30,,15500,5,0,48 18,1,70,,15498,5,0,48 18,1,30,,15513,5,0,48 18,1,70,,15512,5,0,48 18,1,30,,15503,5,0,48 18,1,70,,15504,5,0,48 18,1,30,,15510,5,0,48 18,1,70,,15508,5,0,48 18,1
43200,'10',709,,20716,6,0,52,1,30,,20714,6,0,52,1,70,,20708,6,0,52,1,30,,20734,6,0,52,1,70,,20710,6,0,52,1,30,,20713,6,0,52,1,70,,20715,6,0,52,1,30,,20730,6,0,52,1,70,,20725,6,0,52,1,30,,20723,6,0,52,1,70,,20727,6,0,52,1,30,,20739,6,0,52,1,70,,20732,6,0,52,1,30,,20737,6,0,52,1,70,,20726,6,0,52,1,30,,20717,6,0,52,1,70,,20741,6,0,52,1,30,,20721,6,0,52,1,70,,20709,6,0,52,1,30,,20740,6,0,52,1,70,,20712,6,0,52,1,30,,20736,6,0,52,1,70,,20719,6,0,52,1,30,,20722,6,0,52,1,70,,20724,6,0,52,1,30,,20743,6,0,52,1,70,,20742,6,0,52,1,30,,20720,6,0,52,1,70,,20711,6,0,52,1,30,,20731,6,0,52,1,70,,20718,6,0,52,1,30,,20728,6,0,52,1,70,,20735,6,0,52,1,30,,20733,6,0,52,1,70,,20729,6,0,52,1,30,,20738,6,0,52,1
43200,'15',1909,,20744,6,0,52,1,100,,20748,6,0,52,1,100,,20746,6,0,52,1,100,,20745,6,0,52,1,100,,20747,6,0,52,1
43200,'16',1909,,20752,6,0,52,1,30,,20754,6,0,52,1,70,,20758,6,0,52,1,30,,20756,6,0,52,1,70,,7408,6,0,52,1,30,,20749,6,0,52,1,70,,20753,6,0,52,1,30,,20757,6,0,52,1,70,,20755,6,0,52,1,30,,20751,6,0,52,1,70,,20750,6,0,52,1
43200,'17',1909,,8662,6,0,52,1,30,,20763,6,0,52,1,70,,20767,6,0,52,1,30,,20765,6,0,52,1,70,,7418,6,0,52,1,30,,20759,6,0,52,1,70,,20762,6,0,52,1,30,,20766,6,0,52,1,70,,20764,6,0,52,1,30,,20761,6,0,52,1,70,,20760,6,0,52,1
43200,'19',1909,,20768,6,0,52,1,100,,20772,6,0,52,1,100,,20770,6,0,52,1,100,,20769,6,0,52,1,100,,20771,6,0,52,1
43200,'5',1909,,20774,6,0,52,1,30,,20779,6,0,52,1,70,,20778,6,0,52,1,30,,20773,6,0,52,1,70,,7476,6,0,52,1,30,,20776,6,0,52,1,70,,20775,6,0,52,1,30,,2410,6,0,52,1,70,,20777,6,0,52,1
43200,'6',1909,,20780,6,0,52,1,100,,20784,6,0,52,1,100,,20782,6,0,52,1,100,,20781,6,0,52,1,100,,20783,6,0,52,1
43501,'1',1119,,5181,5,0,48 18,1,30,,20996,5,0,48 18,1,70,,20994,5,0,48 18,1,30,,20998,5,0,48 18,1,70,,21004,5,0,48 18,1,30,,21003,5,0,48 18,1,71,,20997,5,0,48 18,1,30,,21002,5,0,48 18,1,70,,2420,5,0,48 18,1,30,,21001,5,0,48 18,1,70,,20995,5,0,48 18,1,30,,21000,5,0,48 18,1,70,,20999,5,0,48 18,1,30,,21005,5,0,48 18,1
43501,'10',719,,21008,5,0,48 18,1,30,,21035,5,0,48 18,1,70,,21007,5,0,48 18,1,30,,21027,5,0,48 18,1,70,,21029,5,0,48 18,1,30,,21034,5,0,48 18,1,70,,21032,5,0,48 18,1,30,,21016,5,0,48 18,1,70,,21010,5,0,48 18,1,30,,21012,5,0,48 18,1,70,,21013,5,0,48 18,1,30,,21019,5,0,48 18,1,70,,21031,5,0,48 18,1,30,,21024,5,0,48 18,1,71,,21033,5,0,48 18,1,30,,21022,5,0,48 18,1,70,,21017,5,0,48 18,1,30,,21036,5,0,48 18,1,70,,21030,5,0,48 18,1,30,,21037,5,0,48 18,1,70,,21009,5,0,48 18,1,30,,21018,5,0,48 18,1,70,,21021,5,0,48 18,1,30,,21015,5,0,48 18,1,69,,21011,5,0,48 18,1,30,,21026,5,0,48 18,1,70,,21020,5,0,48 18,1,30,,21006,5,0,48 18,1,70,,21014,5,0,48 18,1,30,,21028,5,0,48 18,1,70,,21025,5,0,48 18,1,30,,21023,5,0,48 18,1
43501,'12',1119,,21054,5,0,48 18,1,30,,8533,5,0,48 18,1,70,,21040,5,0,48 18,1,30,,21044,5,0,48 18,1,70,,21047,5,0,48 18,1,30,,21046,5,0,48 18,1,71,,21049,5,0,48 18,1,30,,21043,5,0,48 18,1,70,,21038,5,0,48 18,1,30,,21045,5,0,48 18,1,70,,21051,5,0,48 18,1,30,,6282,5,0,48 18,1,70,,21048,5,0,48 18,1,30,,21053,5,0,48 18,1,70,,21052,5,0,48 18,1,30,,21042,5,0,48 18,1,69,,21039,5,0,48 18,1,30,,21041,5,0,48 18,1,70,,21050,5,0,48 18,1
43501,'16',1835,,21060,5,0,48 18,1,69,,21061,5,0,48 18,1,30,,21057,5,0,48 18,1,70,,21062,5,0,48 18,1,30,,21058,5,0,48 18,1,70,,21066,5,0,48 18,1,30,,21056,5,0,48 18,1,70,,21065,5,0,48 18,1,30,,21063,5,0,48 18,1,70,,21059,5,0,48 18,1,30,,21064,5,0,48 18,1,70,,21055,5,0,48 18,1
43501,'17',1835,,21072,5,0,48 18,1,69,,3219,5,0,48 18,1,30,,21069,5,0,48 18,1,70,,21073,5,0,48 18,1,30,,21070,5,0,48 18,1,70,,21077,5,0,48 18,1,30,,21068,5,0,48 18,1,70,,21076,5,0,48 18,1,30,,21074,5,0,48 18,1,70,,21071,5,0,48 18,1,30,,21075,5,0,48 18,1,70,,21067,5,0,48 18,1
43501,'19',1835,,21079,5,0,48 18,1,69,,21078,5,0,48 18,1,30,,21082,5,0,48 18,1,70,,21087,5,0,48 18,1,30,,21084,5,0,48 18,1,70,,21085,5,0,48 18,1,30,,21086,5,0,48 18,1,70,,21083,5,0,48 18,1,30,,21081,5,0,48 18,1,70,,21080,5,0,48 18,1
43501,'21',819,,21089,5,0,48 18,1,30,,21104,5,0,48 18,1,70,,21105,5,0,48 18,1,30,,21109,5,0,48 18,1,70,,21107,5,0,48 18,1,30,,6946,5,0,48 18,1,70,,8706,5,0,48 18,1,30,,21092,5,0,48 18,1,70,,21093,5,0,48 18,1,30,,21098,5,0,48 18,1,70,,21106,5,0,48 18,1,30,,21102,5,0,48 18,1,71,,21108,5,0,48 18,1,30,,21101,5,0,48 18,1,70,,21096,5,0,48 18,1,30,,21110,5,0,48 18,1,70,,8017,5,0,48 18,1,30,,21111,5,0,48 18,1,70,,21090,5,0,48 18,1,30,,21097,5,0,48 18,1,70,,21100,5,0,48 18,1,30,,21095,5,0,48 18,1,69,,21091,5,0,48 18,1,30,,21103,5,0,48 18,1,70,,21099,5,0,48 18,1,30,,21088,5,0,48 18,1,70,,21094,5,0,48 18,1
43501,'5',1835,,21113,5,0,48 18,1,69,,21112,5,0,48 18,1,30,,21115,5,0,48 18,1,70,,21119,5,0,48 18,1,30,,5755,5,0,48 18,1,70,,21117,5,0,48 18,1,30,,21118,5,0,48 18,1,70,,21116,5,0,48 18,1,30,,21114,5,0,48 18,1,70,,8278,5,0,48 18,1
