30201,'12',632,,33215,26,0,24,1,70,,33224,26,0,24,1,30,,33225,26,0,24,1,70,,33230,26,0,24,1,30,,33218,26,0,24,1,70,,33235,26,0,24,1,30,,33219,26,0,24,1,70,,33229,26,0,24,1,33,,33231,26,0,24,1,70,,33237,26,0,24,1,30,,33216,26,0,24,1,70,,33217,26,0,24,1,30,,33232,26,0,24,1,70,,33226,26,0,24,1,30,,33223,26,0,24,1,70,,33227,26,0,24,1,33,,33228,26,0,24,1,78,,33221,26,0,24,1,30,,33220,26,0,24,1,70,,33234,26,0,24,1,30,,33233,26,0,24,1,70,,33238,26,0,24,1,30,,33222,26,0,24,1,70,,33236,26,0,24,1
30201,'13',632,,33239,26,0,24,1,70,,33248,26,0,24,1,30,,33249,26,0,24,1,70,,33254,26,0,24,1,30,,33242,26,0,24,1,70,,33258,26,0,24,1,30,,33243,26,0,24,1,70,,33253,26,0,24,1,33,,33255,26,0,24,1,70,,33260,26,0,24,1,30,,33240,26,0,24,1,70,,33241,26,0,24,1,30,,33256,26,0,24,1,70,,33250,26,0,24,1,30,,33247,26,0,24,1,70,,33251,26,0,24,1,33,,33252,26,0,24,1,78,,33245,26,0,24,1,30,,33244,26,0,24,1,70,,33257,26,0,24,1,30,,29290,26,0,24,1,70,,28820,26,0,24,1,30,,33246,26,0,24,1,70,,33259,26,0,24,1
30201,'3',632,,33261,26,0,24,1,70,,33270,26,0,24,1,30,,33271,26,0,24,1,70,,33276,26,0,24,1,30,,33264,26,0,24,1,70,,33280,26,0,24,1,30,,33265,26,0,24,1,70,,33275,26,0,24,1,33,,33277,26,0,24,1,70,,33282,26,0,24,1,30,,33262,26,0,24,1,70,,33263,26,0,24,1,30,,33278,26,0,24,1,70,,33272,26,0,24,1,30,,33269,26,0,24,1,70,,33273,26,0,24,1,33,,33274,26,0,24,1,78,,33267,26,0,24,1,30,,33266,26,0,24,1,70,,33279,26,0,24,1,30,,29309,26,0,24,1,70,,28843,26,0,24,1,30,,33268,26,0,24,1,70,,33281,26,0,24,1
30201,'6',632,,33283,26,0,24,1,70,,33292,26,0,24,1,30,,33293,26,0,24,1,70,,33298,26,0,24,1,30,,33286,26,0,24,1,70,,33303,26,0,24,1,30,,33287,26,0,24,1,70,,33297,26,0,24,1,33,,33299,26,0,24,1,70,,33305,26,0,24,1,30,,33284,26,0,24,1,70,,33285,26,0,24,1,30,,33300,26,0,24,1,70,,33294,26,0,24,1,30,,33291,26,0,24,1,70,,33295,26,0,24,1,33,,33296,26,0,24,1,78,,33289,26,0,24,1,30,,33288,26,0,24,1,70,,33302,26,0,24,1,30,,33301,26,0,24,1,70,,33306,26,0,24,1,30,,33290,26,0,24,1,70,,33304,26,0,24,1
40201,'1',659,,38428,26,0,24,1,70,,38425,26,0,24,1,30,,38426,26,0,24,1,70,,38427,26,0,24,1,30,,38437,26,0,24,1,70,,38432,26,0,24,1,30,,38441,26,0,24,1,70,,38423,26,0,24,1,30,,38430,26,0,24,1,70,,38436,26,0,24,1,30,,38419,26,0,24,1,70,,38433,26,0,24,1,30,,38438,26,0,24,1,70,,31028,26,0,24,1,30,,38418,26,0,24,1,70,,38415,26,0,24,1,30,,38424,26,0,24,1,70,,38431,26,0,24,1,30,,38435,26,0,24,1,70,,38421,26,0,24,1,30,,31249,26,0,24,1,70,,38417,26,0,24,1,30,,38422,26,0,24,1,70,,38442,26,0,24,1,30,,38434,26,0,24,1,99,,38429,26,0,24,1,100,,38440,26,0,24,1,100,,38420,26,0,24,1,100,,38439,26,0,24,1,100,,38416,26,0,24,1
40201,'11',659,,38459,26,0,24,1,70,,38456,26,0,24,1,30,,38457,26,0,24,1,70,,38458,26,0,24,1,30,,38454,26,0,24,1,70,,38463,26,0,24,1,30,,38471,26,0,24,1,70,,38453,26,0,24,1,30,,38461,26,0,24,1,70,,38467,26,0,24,1,30,,38449,26,0,24,1,70,,38464,26,0,24,1,30,,38468,26,0,24,1,70,,38443,26,0,24,1,30,,38448,26,0,24,1,70,,38444,26,0,24,1,30,,38455,26,0,24,1,70,,38462,26,0,24,1,30,,38466,26,0,24,1,70,,38451,26,0,24,1,30,,38446,26,0,24,1,70,,38447,26,0,24,1,30,,38452,26,0,24,1,70,,38472,26,0,24,1,30,,38465,26,0,24,1,99,,38460,26,0,24,1,100,,38470,26,0,24,1,100,,38450,26,0,24,1,100,,38469,26,0,24,1,100,,38445,26,0,24,1
40201,'12',1859,,38476,26,0,24,1,99,,38473,26,0,24,1,100,,38474,26,0,24,1,100,,38478,26,0,24,1,100,,38475,26,0,24,1,100,,38477,26,0,24,1
40201,'13',1859,,38482,26,0,24,1,99,,38479,26,0,24,1,100,,38480,26,0,24,1,100,,38484,26,0,24,1,100,,38481,26,0,24,1,100,,38483,26,0,24,1
40201,'14',1159,,38488,26,0,24,1,100,,29737,26,0,24,1,100,,38487,26,0,24,1,100,,38486,26,0,24,1,100,,38490,26,0,24,1,100,,38485,26,0,24,1,100,,38489,26,0,24,1
40201,'16',659,,38504,26,0,24,1,70,,38501,26,0,24,1,30,,38502,26,0,24,1,70,,38503,26,0,24,1,30,,38513,26,0,24,1,70,,38508,26,0,24,1,30,,38517,26,0,24,1,70,,38499,26,0,24,1,30,,38506,26,0,24,1,70,,38512,26,0,24,1,30,,38495,26,0,24,1,70,,38509,26,0,24,1,30,,38514,26,0,24,1,70,,31065,26,0,24,1,30,,38494,26,0,24,1,70,,38491,26,0,24,1,30,,38500,26,0,24,1,70,,38507,26,0,24,1,30,,38511,26,0,24,1,70,,38497,26,0,24,1,30,,31288,26,0,24,1,70,,38493,26,0,24,1,30,,38498,26,0,24,1,70,,38518,26,0,24,1,30,,38510,26,0,24,1,99,,38505,26,0,24,1,100,,38516,26,0,24,1,100,,38496,26,0,24,1,100,,38515,26,0,24,1,100,,38492,26,0,24,1
40201,'3',1859,,38522,26,0,24,1,99,,38519,26,0,24,1,100,,38520,26,0,24,1,100,,38524,26,0,24,1,100,,38521,26,0,24,1,100,,38523,26,0,24,1
40201,'6',1859,,38528,26,0,24,1,99,,38525,26,0,24,1,100,,38526,26,0,24,1,100,,38530,26,0,24,1,100,,38527,26,0,24,1,100,,38529,26,0,24,1
40201,'8',959,,38533,26,0,24,1,100,,38534,26,0,24,1,70,,38536,26,0,24,1,30,,25796,26,0,24,1,70,,38545,26,0,24,1,30,,38542,26,0,24,1,70,,38540,26,0,24,1,30,,38539,26,0,24,1,70,,38547,26,0,24,1,30,,38532,26,0,24,1,70,,38544,26,0,24,1,30,,38543,26,0,24,1,70,,38535,26,0,24,1,30,,38538,26,0,24,1,70,,38531,26,0,24,1,30,,38548,26,0,24,1,70,,38541,26,0,24,1,30,,38546,26,0,24,1,99,,38537,26,0,24,1
