31700,'12',625,,35780,20,0,63,1,30,,35778,20,0,63,1,70,,35793,20,0,63,1,30,,35787,20,0,63,1,70,,35789,20,0,63,1,30,,35781,20,0,63,1,70,,35785,20,0,63,1,30,,35798,20,0,63,1,70,,35796,20,0,63,1,30,,35800,20,0,63,1,70,,35791,20,0,63,1,30,,35784,20,0,63,1,70,,35792,20,0,63,1,30,,35786,20,0,63,1,70,,35783,20,0,63,1,30,,35788,20,0,63,1,70,,35779,20,0,63,1,30,,35799,20,0,63,1,70,,35795,20,0,63,1,30,,35790,20,0,63,1,70,,35782,20,0,63,1,30,,35794,20,0,63,1,70,,35777,20,0,63,1,30,,35797,20,0,63,1
31700,'13',625,,35804,20,0,63,1,30,,35802,20,0,63,1,70,,35817,20,0,63,1,30,,35811,20,0,63,1,70,,35813,20,0,63,1,30,,35805,20,0,63,1,70,,35809,20,0,63,1,30,,35822,20,0,63,1,70,,35820,20,0,63,1,30,,35824,20,0,63,1,70,,35815,20,0,63,1,30,,35808,20,0,63,1,70,,35816,20,0,63,1,30,,35810,20,0,63,1,70,,35807,20,0,63,1,30,,35812,20,0,63,1,70,,35803,20,0,63,1,30,,35823,20,0,63,1,70,,35819,20,0,63,1,30,,35814,20,0,63,1,70,,35806,20,0,63,1,30,,35818,20,0,63,1,70,,35801,20,0,63,1,30,,35821,20,0,63,1
31700,'3',625,,35828,20,0,63,1,30,,35826,20,0,63,1,70,,35841,20,0,63,1,30,,35835,20,0,63,1,70,,35837,20,0,63,1,30,,35829,20,0,63,1,70,,35833,20,0,63,1,30,,35846,20,0,63,1,70,,35844,20,0,63,1,30,,35848,20,0,63,1,70,,35839,20,0,63,1,30,,35832,20,0,63,1,70,,35840,20,0,63,1,30,,35834,20,0,63,1,70,,35831,20,0,63,1,30,,35836,20,0,63,1,70,,35827,20,0,63,1,30,,35847,20,0,63,1,70,,35843,20,0,63,1,30,,35838,20,0,63,1,70,,35830,20,0,63,1,30,,35842,20,0,63,1,70,,35825,20,0,63,1,30,,35845,20,0,63,1
31700,'6',625,,35852,20,0,63,1,30,,35850,20,0,63,1,70,,35865,20,0,63,1,30,,35859,20,0,63,1,70,,35861,20,0,63,1,30,,35853,20,0,63,1,70,,35857,20,0,63,1,30,,35870,20,0,63,1,70,,35868,20,0,63,1,30,,35872,20,0,63,1,70,,35863,20,0,63,1,30,,35856,20,0,63,1,70,,35864,20,0,63,1,30,,35858,20,0,63,1,70,,35855,20,0,63,1,30,,35860,20,0,63,1,70,,35851,20,0,63,1,30,,35871,20,0,63,1,70,,35867,20,0,63,1,30,,35862,20,0,63,1,70,,35854,20,0,63,1,30,,35866,20,0,63,1,70,,35849,20,0,63,1,30,,35869,20,0,63,1
41700,'1',624,,40762,20,0,67,1,30,,40769,20,0,67,1,70,,40763,20,0,67,1,30,,40774,20,0,67,1,70,,40775,20,0,67,1,30,,40782,20,0,67,1,70,,40768,20,0,67,1,30,,40767,20,0,67,1,70,,40783,20,0,67,1,30,,40765,20,0,67,1,70,,40778,20,0,67,1,30,,40771,20,0,67,1,70,,30428,20,0,67,1,30,,40764,20,0,67,1,70,,40781,20,0,67,1,30,,29674,20,0,67,1,70,,40772,20,0,67,1,30,,40773,20,0,67,1,70,,40761,20,0,67,1,30,,30086,20,0,67,1,70,,40766,20,0,67,1,30,,30078,20,0,67,1,70,,40776,20,0,67,1,30,,40777,20,0,67,1,70,,40779,20,0,67,1,100,,40760,20,0,67,1,100,,40770,20,0,67,1,100,,40759,20,0,67,1,100,,40780,20,0,67,1,100,,30781,20,0,67,1
41700,'11',624,,40787,20,0,67,1,30,,40795,20,0,67,1,70,,40788,20,0,67,1,30,,40801,20,0,67,1,70,,40802,20,0,67,1,30,,40811,20,0,67,1,70,,40793,20,0,67,1,30,,40792,20,0,67,1,70,,40813,20,0,67,1,30,,40790,20,0,67,1,70,,40806,20,0,67,1,30,,40797,20,0,67,1,70,,40794,20,0,67,1,30,,40789,20,0,67,1,70,,40810,20,0,67,1,30,,40812,20,0,67,1,70,,40799,20,0,67,1,30,,40800,20,0,67,1,70,,40786,20,0,67,1,30,,40804,20,0,67,1,70,,40791,20,0,67,1,30,,40798,20,0,67,1,70,,40803,20,0,67,1,30,,40805,20,0,67,1,70,,40808,20,0,67,1,100,,40785,20,0,67,1,100,,40796,20,0,67,1,100,,40784,20,0,67,1,100,,40809,20,0,67,1,100,,40807,20,0,67,1
41700,'12',1824,,40818,20,0,67,1,100,,40814,20,0,67,1,100,,40817,20,0,67,1,100,,40819,20,0,67,1,100,,40816,20,0,67,1,100,,40815,20,0,67,1
41700,'13',1824,,40824,20,0,67,1,100,,40820,20,0,67,1,100,,40823,20,0,67,1,100,,40825,20,0,67,1,100,,40822,20,0,67,1,100,,40821,20,0,67,1
41700,'14',1124,,40830,20,0,67,1,100,,29507,20,0,67,1,100,,40831,20,0,67,1,100,,40829,20,0,67,1,100,,40826,20,0,67,1,100,,40828,20,0,67,1,100,,40827,20,0,67,1
41700,'16',624,,40835,20,0,67,1,30,,40842,20,0,67,1,70,,40836,20,0,67,1,30,,40847,20,0,67,1,70,,40848,20,0,67,1,30,,40855,20,0,67,1,70,,40841,20,0,67,1,30,,40840,20,0,67,1,70,,40856,20,0,67,1,30,,40838,20,0,67,1,70,,40851,20,0,67,1,30,,40844,20,0,67,1,70,,30468,20,0,67,1,30,,40837,20,0,67,1,70,,40854,20,0,67,1,30,,29793,20,0,67,1,70,,40845,20,0,67,1,30,,40846,20,0,67,1,70,,40834,20,0,67,1,30,,30166,20,0,67,1,70,,40839,20,0,67,1,30,,30159,20,0,67,1,70,,40849,20,0,67,1,30,,40850,20,0,67,1,70,,40852,20,0,67,1,100,,40833,20,0,67,1,100,,40843,20,0,67,1,100,,40832,20,0,67,1,100,,40853,20,0,67,1,100,,30822,20,0,67,1
41700,'3',1824,,40861,20,0,67,1,100,,40857,20,0,67,1,100,,40860,20,0,67,1,100,,40862,20,0,67,1,100,,40859,20,0,67,1,100,,40858,20,0,67,1
41700,'6',1824,,40867,20,0,67,1,100,,40863,20,0,67,1,100,,40866,20,0,67,1,100,,40868,20,0,67,1,100,,40865,20,0,67,1,100,,40864,20,0,67,1
41700,'8',924,,40880,20,0,67,1,100,,32423,20,0,67,1,30,,40870,20,0,67,1,70,,40869,20,0,67,1,30,,40882,20,0,67,1,70,,40876,20,0,67,1,30,,40872,20,0,67,1,70,,40875,20,0,67,1,30,,40878,20,0,67,1,70,,40881,20,0,67,1,30,,40871,20,0,67,1,70,,40874,20,0,67,1,30,,30924,20,0,67,1,70,,40883,20,0,67,1,30,,40884,20,0,67,1,70,,40873,20,0,67,1,30,,40877,20,0,67,1,70,,40879,20,0,67,1,100,,31236,20,0,67,1
