31501,'12',606,,35338,13,0,20 14 35 26,1,30,,35351,13,0,20 14 35 26,1,70,,35346,13,0,20 14 35 26,1,30,,35345,13,0,20 14 35 26,1,70,,35343,13,0,20 14 35 26,1,30,,35344,13,0,20 14 35 26,1,70,,35347,13,0,20 14 35 26,1,30,,35350,13,0,20 14 35 26,1,70,,35339,13,0,20 14 35 26,1,30,,35348,13,0,20 14 35 26,1,70,,35354,13,0,20 14 35 26,1,30,,35358,13,0,20 14 35 26,1,70,,35353,13,0,20 14 35 26,1,30,,35360,13,0,20 14 35 26,1,70,,35352,13,0,20 14 35 26,1,30,,35341,13,0,20 14 35 26,1,71,,35349,13,0,20 14 35 26,1,30,,35356,13,0,20 14 35 26,1,70,,35342,13,0,20 14 35 26,1,30,,35340,13,0,20 14 35 26,1,70,,35357,13,0,20 14 35 26,1,30,,35355,13,0,20 14 35 26,1,70,,35359,13,0,20 14 35 26,1,30,,35337,13,0,20 14 35 26,1
31501,'13',606,,35362,13,0,20 14 35 26,1,30,,21901,13,0,20 14 35 26,1,70,,35368,13,0,20 14 35 26,1,30,,35367,13,0,20 14 35 26,1,70,,35365,13,0,20 14 35 26,1,30,,35366,13,0,20 14 35 26,1,70,,35369,13,0,20 14 35 26,1,30,,35372,13,0,20 14 35 26,1,70,,28189,13,0,20 14 35 26,1,30,,35370,13,0,20 14 35 26,1,70,,28508,13,0,20 14 35 26,1,30,,35377,13,0,20 14 35 26,1,70,,35373,13,0,20 14 35 26,1,30,,35379,13,0,20 14 35 26,1,70,,27564,13,0,20 14 35 26,1,30,,35364,13,0,20 14 35 26,1,71,,35371,13,0,20 14 35 26,1,30,,35375,13,0,20 14 35 26,1,70,,27339,13,0,20 14 35 26,1,30,,35363,13,0,20 14 35 26,1,70,,35376,13,0,20 14 35 26,1,30,,35374,13,0,20 14 35 26,1,70,,35378,13,0,20 14 35 26,1,30,,35361,13,0,20 14 35 26,1
31501,'3',606,,35381,13,0,20 14 35 26,1,30,,21925,13,0,20 14 35 26,1,70,,35387,13,0,20 14 35 26,1,30,,35386,13,0,20 14 35 26,1,70,,35384,13,0,20 14 35 26,1,30,,35385,13,0,20 14 35 26,1,70,,35388,13,0,20 14 35 26,1,30,,35391,13,0,20 14 35 26,1,70,,28210,13,0,20 14 35 26,1,30,,35389,13,0,20 14 35 26,1,70,,28532,13,0,20 14 35 26,1,30,,35396,13,0,20 14 35 26,1,70,,35392,13,0,20 14 35 26,1,30,,35398,13,0,20 14 35 26,1,70,,27586,13,0,20 14 35 26,1,30,,35383,13,0,20 14 35 26,1,71,,35390,13,0,20 14 35 26,1,30,,35394,13,0,20 14 35 26,1,70,,27377,13,0,20 14 35 26,1,30,,35382,13,0,20 14 35 26,1,70,,35395,13,0,20 14 35 26,1,30,,35393,13,0,20 14 35 26,1,70,,35397,13,0,20 14 35 26,1,30,,35380,13,0,20 14 35 26,1
31501,'6',606,,35400,13,0,20 14 35 26,1,30,,35413,13,0,20 14 35 26,1,70,,35408,13,0,20 14 35 26,1,30,,35407,13,0,20 14 35 26,1,70,,35405,13,0,20 14 35 26,1,30,,35406,13,0,20 14 35 26,1,70,,35409,13,0,20 14 35 26,1,30,,35412,13,0,20 14 35 26,1,70,,35401,13,0,20 14 35 26,1,30,,35410,13,0,20 14 35 26,1,70,,35416,13,0,20 14 35 26,1,30,,35420,13,0,20 14 35 26,1,70,,35415,13,0,20 14 35 26,1,30,,35422,13,0,20 14 35 26,1,70,,35414,13,0,20 14 35 26,1,30,,35403,13,0,20 14 35 26,1,71,,35411,13,0,20 14 35 26,1,30,,35418,13,0,20 14 35 26,1,70,,35404,13,0,20 14 35 26,1,30,,35402,13,0,20 14 35 26,1,70,,35419,13,0,20 14 35 26,1,30,,35417,13,0,20 14 35 26,1,70,,35421,13,0,20 14 35 26,1,30,,35399,13,0,20 14 35 26,1
41501,'1',651,,40301,13,0,20 14 34,1,70,,40294,13,0,20 14 34,1,30,,40288,13,0,20 14 34,1,70,,40304,13,0,20 14 34,1,30,,40293,13,0,20 14 34,1,70,,40286,13,0,20 14 34,1,30,,40289,13,0,20 14 34,1,70,,40302,13,0,20 14 34,1,30,,31128,13,0,20 14 34,1,70,,40284,13,0,20 14 34,1,30,,40297,13,0,20 14 34,1,70,,40281,13,0,20 14 34,1,30,,40300,13,0,20 14 34,1,70,,40280,13,0,20 14 34,1,30,,40303,13,0,20 14 34,1,71,,40278,13,0,20 14 34,1,30,,40287,13,0,20 14 34,1,70,,40290,13,0,20 14 34,1,30,,40296,13,0,20 14 34,1,70,,40292,13,0,20 14 34,1,30,,40282,13,0,20 14 34,1,70,,40298,13,0,20 14 34,1,30,,29652,13,0,20 14 34,1,70,,40283,13,0,20 14 34,1,99,,40291,13,0,20 14 34,1,100,,40285,13,0,20 14 34,1,100,,40295,13,0,20 14 34,1,100,,40299,13,0,20 14 34,1,100,,40279,13,0,20 14 34,1
41501,'11',651,,40329,13,0,20 14 34,1,70,,40322,13,0,20 14 34,1,30,,40316,13,0,20 14 34,1,70,,40333,13,0,20 14 34,1,30,,40321,13,0,20 14 34,1,70,,40314,13,0,20 14 34,1,30,,40317,13,0,20 14 34,1,70,,40330,13,0,20 14 34,1,30,,40331,13,0,20 14 34,1,70,,40312,13,0,20 14 34,1,30,,40325,13,0,20 14 34,1,70,,40308,13,0,20 14 34,1,30,,40328,13,0,20 14 34,1,70,,40307,13,0,20 14 34,1,30,,40332,13,0,20 14 34,1,71,,40305,13,0,20 14 34,1,30,,40315,13,0,20 14 34,1,70,,40318,13,0,20 14 34,1,30,,40324,13,0,20 14 34,1,70,,40320,13,0,20 14 34,1,30,,40310,13,0,20 14 34,1,70,,40326,13,0,20 14 34,1,30,,40309,13,0,20 14 34,1,70,,40311,13,0,20 14 34,1,99,,40319,13,0,20 14 34,1,100,,40313,13,0,20 14 34,1,100,,40323,13,0,20 14 34,1,100,,40327,13,0,20 14 34,1,100,,40306,13,0,20 14 34,1
41501,'12',1807,,40338,13,0,20 14 34,1,30,,40334,13,0,20 14 34,1,84,,40336,13,0,20 14 34,1,100,,40340,13,0,20 14 34,1,100,,40335,13,0,20 14 34,1,100,,40337,13,0,20 14 34,1,100,,40339,13,0,20 14 34,1
41501,'13',1807,,40345,13,0,20 14 34,1,30,,40341,13,0,20 14 34,1,84,,40343,13,0,20 14 34,1,100,,40347,13,0,20 14 34,1,100,,40342,13,0,20 14 34,1,100,,40344,13,0,20 14 34,1,100,,40346,13,0,20 14 34,1
41501,'14',1121,,40349,13,0,20 14 34,1,100,,40352,13,0,20 14 34,1,100,,40353,13,0,20 14 34,1,101,,40351,13,0,20 14 34,1,100,,40350,13,0,20 14 34,1,100,,40354,13,0,20 14 34,1,100,,40348,13,0,20 14 34,1
41501,'16',651,,40378,13,0,20 14 34,1,70,,40371,13,0,20 14 34,1,30,,40365,13,0,20 14 34,1,70,,40381,13,0,20 14 34,1,30,,40370,13,0,20 14 34,1,70,,40363,13,0,20 14 34,1,30,,40366,13,0,20 14 34,1,70,,40379,13,0,20 14 34,1,30,,31153,13,0,20 14 34,1,70,,40361,13,0,20 14 34,1,30,,40374,13,0,20 14 34,1,70,,40358,13,0,20 14 34,1,30,,40377,13,0,20 14 34,1,70,,40357,13,0,20 14 34,1,30,,40380,13,0,20 14 34,1,71,,40355,13,0,20 14 34,1,30,,40364,13,0,20 14 34,1,70,,40367,13,0,20 14 34,1,30,,40373,13,0,20 14 34,1,70,,40369,13,0,20 14 34,1,30,,40359,13,0,20 14 34,1,70,,40375,13,0,20 14 34,1,30,,26926,13,0,20 14 34,1,70,,40360,13,0,20 14 34,1,99,,40368,13,0,20 14 34,1,100,,40362,13,0,20 14 34,1,100,,40372,13,0,20 14 34,1,100,,40376,13,0,20 14 34,1,100,,40356,13,0,20 14 34,1
41501,'3',1807,,40386,13,0,20 14 34,1,30,,40382,13,0,20 14 34,1,84,,40384,13,0,20 14 34,1,100,,40388,13,0,20 14 34,1,100,,40383,13,0,20 14 34,1,100,,40385,13,0,20 14 34,1,100,,40387,13,0,20 14 34,1
41501,'6',1807,,40393,13,0,20 14 34,1,30,,40389,13,0,20 14 34,1,84,,40391,13,0,20 14 34,1,100,,40395,13,0,20 14 34,1,100,,40390,13,0,20 14 34,1,100,,40392,13,0,20 14 34,1,100,,40394,13,0,20 14 34,1
41501,'8',1021,,40400,13,0,20 14 34,1,30,,40408,13,0,20 14 34,1,70,,40403,13,0,20 14 34,1,30,,40401,13,0,20 14 34,1,70,,40410,13,0,20 14 34,1,100,,40407,13,0,20 14 34,1,30,,40398,13,0,20 14 34,1,71,,40404,13,0,20 14 34,1,100,,40402,13,0,20 14 34,1,30,,40406,13,0,20 14 34,1,70,,40409,13,0,20 14 34,1,30,,31323,13,0,20 14 34,1,70,,40396,13,0,20 14 34,1,30,,40397,13,0,20 14 34,1,70,,40405,13,0,20 14 34,1,99,,40399,13,0,20 14 34,1
