31800,'12',610,,35968,21,0,45 46 18,1,30,,35985,21,0,45 46 18,1,70,,35988,21,0,45 46 18,1,30,,35969,21,0,45 46 18,1,70,,35979,21,0,45 46 18,1,30,,35976,21,0,45 46 18,1,70,,35989,21,0,45 46 18,1,30,,35983,21,0,45 46 18,1,70,,35980,21,0,45 46 18,1,30,,35984,21,0,45 46 18,1,70,,35974,21,0,45 46 18,1,30,,35987,21,0,45 46 18,1,70,,35972,21,0,45 46 18,1,30,,35973,21,0,45 46 18,1,70,,35971,21,0,45 46 18,1,30,,35965,21,0,45 46 18,1,70,,35982,21,0,45 46 18,1,30,,35975,21,0,45 46 18,1,70,,35986,21,0,45 46 18,1,30,,35966,21,0,45 46 18,1,70,,35970,21,0,45 46 18,1,30,,35967,21,0,45 46 18,1,70,,35977,21,0,45 46 18,1,30,,35981,21,0,45 46 18,1,70,,35978,21,0,45 46 18,1
31800,'13',610,,35992,21,0,45 46 18,1,30,,36005,21,0,45 46 18,1,70,,36008,21,0,45 46 18,1,30,,35993,21,0,45 46 18,1,70,,36000,21,0,45 46 18,1,30,,35998,21,0,45 46 18,1,70,,27363,21,0,45 46 18,1,30,,36003,21,0,45 46 18,1,70,,29704,21,0,45 46 18,1,30,,36004,21,0,45 46 18,1,70,,35996,21,0,45 46 18,1,30,,36007,21,0,45 46 18,1,70,,35995,21,0,45 46 18,1,30,,28468,21,0,45 46 18,1,70,,35994,21,0,45 46 18,1,30,,28805,21,0,45 46 18,1,70,,36002,21,0,45 46 18,1,30,,35997,21,0,45 46 18,1,70,,36006,21,0,45 46 18,1,30,,35990,21,0,45 46 18,1,70,,29319,21,0,45 46 18,1,30,,35991,21,0,45 46 18,1,70,,27770,21,0,45 46 18,1,30,,36001,21,0,45 46 18,1,70,,35999,21,0,45 46 18,1
31800,'3',610,,36011,21,0,45 46 18,1,30,,36024,21,0,45 46 18,1,70,,36027,21,0,45 46 18,1,30,,36012,21,0,45 46 18,1,70,,36019,21,0,45 46 18,1,30,,36017,21,0,45 46 18,1,70,,27401,21,0,45 46 18,1,30,,36022,21,0,45 46 18,1,70,,29823,21,0,45 46 18,1,30,,36023,21,0,45 46 18,1,70,,36015,21,0,45 46 18,1,30,,36026,21,0,45 46 18,1,70,,36014,21,0,45 46 18,1,30,,28483,21,0,45 46 18,1,70,,36013,21,0,45 46 18,1,30,,28828,21,0,45 46 18,1,70,,36021,21,0,45 46 18,1,30,,36016,21,0,45 46 18,1,70,,36025,21,0,45 46 18,1,30,,36009,21,0,45 46 18,1,70,,29340,21,0,45 46 18,1,30,,36010,21,0,45 46 18,1,70,,27790,21,0,45 46 18,1,30,,36020,21,0,45 46 18,1,70,,36018,21,0,45 46 18,1
31800,'6',610,,36031,21,0,45 46 18,1,30,,36048,21,0,45 46 18,1,70,,36051,21,0,45 46 18,1,30,,36032,21,0,45 46 18,1,70,,36042,21,0,45 46 18,1,30,,36039,21,0,45 46 18,1,70,,36052,21,0,45 46 18,1,30,,36046,21,0,45 46 18,1,70,,36043,21,0,45 46 18,1,30,,36047,21,0,45 46 18,1,70,,36037,21,0,45 46 18,1,30,,36050,21,0,45 46 18,1,70,,36035,21,0,45 46 18,1,30,,36036,21,0,45 46 18,1,70,,36034,21,0,45 46 18,1,30,,36028,21,0,45 46 18,1,70,,36045,21,0,45 46 18,1,30,,36038,21,0,45 46 18,1,70,,36049,21,0,45 46 18,1,30,,36029,21,0,45 46 18,1,70,,36033,21,0,45 46 18,1,30,,36030,21,0,45 46 18,1,70,,36040,21,0,45 46 18,1,30,,36044,21,0,45 46 18,1,70,,36041,21,0,45 46 18,1
41800,'1',625,,41028,23,0,45 46 18,1,30,,31346,23,0,45 46 18,1,70,,41015,23,0,45 46 18,1,30,,41023,23,0,45 46 18,1,70,,41016,23,0,45 46 18,1,30,,41011,23,0,45 46 18,1,70,,41013,23,0,45 46 18,1,30,,41006,23,0,45 46 18,1,71,,41025,23,0,45 46 18,1,30,,41018,23,0,45 46 18,1,70,,41012,23,0,45 46 18,1,30,,41022,23,0,45 46 18,1,70,,41014,23,0,45 46 18,1,30,,41005,23,0,45 46 18,1,70,,41026,23,0,45 46 18,1,30,,41024,23,0,45 46 18,1,70,,41007,23,0,45 46 18,1,30,,41019,23,0,45 46 18,1,70,,24259,23,0,45 46 18,1,30,,41008,23,0,45 46 18,1,70,,41009,23,0,45 46 18,1,30,,41017,23,0,45 46 18,1,70,,29112,23,0,45 46 18,1,30,,23596,23,0,45 46 18,1,100,,30068,23,0,45 46 18,1,100,,41021,23,0,45 46 18,1,100,,32532,23,0,45 46 18,1,100,,41027,23,0,45 46 18,1,100,,41020,23,0,45 46 18,1,100,,41010,23,0,45 46 18,1
41800,'11',625,,41058,23,0,45 46 18,1,30,,41046,23,0,45 46 18,1,70,,41042,23,0,45 46 18,1,30,,41053,23,0,45 46 18,1,70,,41044,23,0,45 46 18,1,30,,41036,23,0,45 46 18,1,70,,41039,23,0,45 46 18,1,30,,41030,23,0,45 46 18,1,71,,41055,23,0,45 46 18,1,30,,41047,23,0,45 46 18,1,70,,41038,23,0,45 46 18,1,30,,41052,23,0,45 46 18,1,70,,41040,23,0,45 46 18,1,30,,41029,23,0,45 46 18,1,70,,41056,23,0,45 46 18,1,30,,41054,23,0,45 46 18,1,70,,41031,23,0,45 46 18,1,30,,41049,23,0,45 46 18,1,70,,41043,23,0,45 46 18,1,30,,41032,23,0,45 46 18,1,70,,41034,23,0,45 46 18,1,30,,41045,23,0,45 46 18,1,70,,41033,23,0,45 46 18,1,30,,41041,23,0,45 46 18,1,100,,41037,23,0,45 46 18,1,100,,41051,23,0,45 46 18,1,100,,41048,23,0,45 46 18,1,100,,41057,23,0,45 46 18,1,100,,41050,23,0,45 46 18,1,100,,41035,23,0,45 46 18,1
41800,'12',1856,,41062,23,0,45 46 18,1,100,,41059,23,0,45 46 18,1,100,,41063,23,0,45 46 18,1,100,,41060,23,0,45 46 18,1,100,,41064,23,0,45 46 18,1,100,,41061,23,0,45 46 18,1
41800,'13',1856,,41068,23,0,45 46 18,1,100,,41065,23,0,45 46 18,1,100,,41069,23,0,45 46 18,1,100,,41066,23,0,45 46 18,1,100,,41070,23,0,45 46 18,1,100,,41067,23,0,45 46 18,1
41800,'14',1056,,41072,23,0,45 46 18,1,100,,41074,23,0,45 46 18,1,100,,41077,23,0,45 46 18,1,100,,41076,23,0,45 46 18,1,100,,41073,23,0,45 46 18,1,100,,41071,23,0,45 46 18,1,100,,41078,23,0,45 46 18,1,100,,41075,23,0,45 46 18,1
41800,'16',625,,41103,23,0,45 46 18,1,30,,31387,23,0,45 46 18,1,70,,41089,23,0,45 46 18,1,30,,41098,23,0,45 46 18,1,70,,41090,23,0,45 46 18,1,30,,41085,23,0,45 46 18,1,70,,41087,23,0,45 46 18,1,30,,41080,23,0,45 46 18,1,71,,41100,23,0,45 46 18,1,30,,41092,23,0,45 46 18,1,70,,41086,23,0,45 46 18,1,30,,41097,23,0,45 46 18,1,70,,41088,23,0,45 46 18,1,30,,41079,23,0,45 46 18,1,70,,41101,23,0,45 46 18,1,30,,41099,23,0,45 46 18,1,70,,41081,23,0,45 46 18,1,30,,41094,23,0,45 46 18,1,70,,29533,23,0,45 46 18,1,30,,41082,23,0,45 46 18,1,70,,41083,23,0,45 46 18,1,30,,41091,23,0,45 46 18,1,70,,23985,23,0,45 46 18,1,30,,30899,23,0,45 46 18,1,100,,30148,23,0,45 46 18,1,100,,41096,23,0,45 46 18,1,100,,41093,23,0,45 46 18,1,100,,41102,23,0,45 46 18,1,100,,41095,23,0,45 46 18,1,100,,41084,23,0,45 46 18,1
41800,'3',1856,,41107,23,0,45 46 18,1,100,,41104,23,0,45 46 18,1,100,,41108,23,0,45 46 18,1,100,,41105,23,0,45 46 18,1,100,,41109,23,0,45 46 18,1,100,,41106,23,0,45 46 18,1
41800,'6',1856,,41113,23,0,45 46 18,1,100,,41110,23,0,45 46 18,1,100,,41114,23,0,45 46 18,1,100,,41111,23,0,45 46 18,1,100,,41115,23,0,45 46 18,1,100,,41112,23,0,45 46 18,1
41800,'8',955,,41130,23,0,45 46 18,1,71,,30580,23,0,45 46 18,1,30,,41126,23,0,45 46 18,1,70,,41129,23,0,45 46 18,1,30,,41116,23,0,45 46 18,1,100,,41120,23,0,45 46 18,1,70,,41123,23,0,45 46 18,1,30,,41121,23,0,45 46 18,1,100,,41125,23,0,45 46 18,1,70,,41119,23,0,45 46 18,1,30,,29849,23,0,45 46 18,1,70,,41117,23,0,45 46 18,1,30,,41122,23,0,45 46 18,1,70,,41118,23,0,45 46 18,1,30,,41128,23,0,45 46 18,1,100,,41127,23,0,45 46 18,1,100,,41124,23,0,45 46 18,1
