30101,'15',623,,9077,12,0,5 15,1,30,,9074,12,0,5 15,1,70,,9105,12,0,5 15,1,30,,9096,12,0,5 15,1,70,,9080,12,0,5 15,1,30,,9067,12,0,5 15,1,70,,9107,12,0,5 15,1,30,,9079,12,0,5 15,1,70,,9091,12,0,5 15,1,30,,9083,12,0,5 15,1,70,,9069,12,0,5 15,1,30,,9098,12,0,5 15,1,70,,9088,12,0,5 15,1,30,,9072,12,0,5 15,1,70,,9063,12,0,5 15,1,30,,9081,12,0,5 15,1,70,,9076,12,0,5 15,1,30,,9109,12,0,5 15,1,70,,9094,12,0,5 15,1,30,,9093,12,0,5 15,1,70,,9090,12,0,5 15,1,30,,9065,12,0,5 15,1,70,,9082,12,0,5 15,1,30,,9078,12,0,5 15,1
30101,'16',623,,9123,12,0,5 15,1,30,,4232,12,0,5 15,1,70,,9149,12,0,5 15,1,30,,9140,12,0,5 15,1,70,,9126,12,0,5 15,1,30,,2894,12,0,5 15,1,70,,9151,12,0,5 15,1,30,,9125,12,0,5 15,1,70,,9136,12,0,5 15,1,30,,9129,12,0,5 15,1,70,,9116,12,0,5 15,1,30,,9142,12,0,5 15,1,70,,9133,12,0,5 15,1,30,,9119,12,0,5 15,1,70,,1662,12,0,5 15,1,30,,9127,12,0,5 15,1,70,,9122,12,0,5 15,1,30,,9153,12,0,5 15,1,70,,9139,12,0,5 15,1,30,,9138,12,0,5 15,1,70,,9135,12,0,5 15,1,30,,9113,12,0,5 15,1,70,,9128,12,0,5 15,1,30,,9124,12,0,5 15,1
30101,'17',623,,9167,12,0,5 15,1,30,,4247,12,0,5 15,1,70,,9193,12,0,5 15,1,30,,9184,12,0,5 15,1,70,,9170,12,0,5 15,1,30,,2945,12,0,5 15,1,70,,9195,12,0,5 15,1,30,,9169,12,0,5 15,1,70,,9180,12,0,5 15,1,30,,9173,12,0,5 15,1,70,,9160,12,0,5 15,1,30,,9186,12,0,5 15,1,70,,9177,12,0,5 15,1,30,,9163,12,0,5 15,1,70,,1685,12,0,5 15,1,30,,9171,12,0,5 15,1,70,,9166,12,0,5 15,1,30,,9197,12,0,5 15,1,70,,9183,12,0,5 15,1,30,,9182,12,0,5 15,1,70,,9179,12,0,5 15,1,30,,9157,12,0,5 15,1,70,,9172,12,0,5 15,1,30,,9168,12,0,5 15,1
30101,'19',623,,9215,12,0,5 15,1,30,,9212,12,0,5 15,1,70,,9243,12,0,5 15,1,30,,9234,12,0,5 15,1,70,,9218,12,0,5 15,1,30,,9205,12,0,5 15,1,70,,9245,12,0,5 15,1,30,,9217,12,0,5 15,1,70,,9229,12,0,5 15,1,30,,9221,12,0,5 15,1,70,,9207,12,0,5 15,1,30,,9236,12,0,5 15,1,70,,9226,12,0,5 15,1,30,,9210,12,0,5 15,1,70,,9201,12,0,5 15,1,30,,9219,12,0,5 15,1,70,,9214,12,0,5 15,1,30,,9247,12,0,5 15,1,70,,9232,12,0,5 15,1,30,,9231,12,0,5 15,1,70,,9228,12,0,5 15,1,30,,9203,12,0,5 15,1,70,,9220,12,0,5 15,1,30,,9216,12,0,5 15,1
30101,'5',623,,9261,12,0,5 15,1,30,,4271,12,0,5 15,1,70,,9285,12,0,5 15,1,30,,9276,12,0,5 15,1,70,,9264,12,0,5 15,1,30,,3019,12,0,5 15,1,70,,9287,12,0,5 15,1,30,,9263,12,0,5 15,1,70,,9272,12,0,5 15,1,30,,9267,12,0,5 15,1,70,,9254,12,0,5 15,1,30,,9278,12,0,5 15,1,70,,3064,12,0,5 15,1,30,,9257,12,0,5 15,1,70,,1708,12,0,5 15,1,30,,9265,12,0,5 15,1,70,,9260,12,0,5 15,1,30,,9289,12,0,5 15,1,70,,9275,12,0,5 15,1,30,,9274,12,0,5 15,1,70,,9271,12,0,5 15,1,30,,9251,12,0,5 15,1,70,,9266,12,0,5 15,1,30,,9262,12,0,5 15,1
30101,'6',623,,9307,12,0,5 15,1,30,,9304,12,0,5 15,1,70,,9335,12,0,5 15,1,30,,9326,12,0,5 15,1,70,,9310,12,0,5 15,1,30,,9297,12,0,5 15,1,70,,9337,12,0,5 15,1,30,,9309,12,0,5 15,1,70,,9321,12,0,5 15,1,30,,9313,12,0,5 15,1,70,,9299,12,0,5 15,1,30,,9328,12,0,5 15,1,70,,9318,12,0,5 15,1,30,,9302,12,0,5 15,1,70,,9293,12,0,5 15,1,30,,9311,12,0,5 15,1,70,,9306,12,0,5 15,1,30,,9339,12,0,5 15,1,70,,9324,12,0,5 15,1,30,,9323,12,0,5 15,1,70,,9320,12,0,5 15,1,30,,9295,12,0,5 15,1,70,,9312,12,0,5 15,1,30,,9308,12,0,5 15,1
40101,'1',1037,,17006,12,0,16,1,100,,17000,12,0,16,1,100,,17011,12,0,16,1,100,,1550,12,0,16,1,100,,17005,12,0,16,1,100,,17008,12,0,16,1,100,,17010,12,0,16,1,100,,16998,12,0,5,1
40101,'10',637,,17028,12,0,16,1,70,,17012,12,0,16,1,30,,17048,12,0,16,1,70,,17027,12,0,16,1,30,,17016,12,0,16,1,70,,17065,12,0,16,1,30,,17019,12,0,16,1,70,,17072,12,0,16,1,30,,17020,12,0,16,1,70,,17024,12,0,16,1,30,,17056,12,0,16,1,70,,17064,12,0,16,1,30,,17058,12,0,16,1,70,,17023,12,0,16,1,30,,17038,12,0,16,1,70,,17014,12,0,16,1,30,,17039,12,0,16,1,70,,17043,12,0,16,1,30,,17050,12,0,16,1,70,,17030,12,0,16,1,30,,17022,12,0,16,1,70,,17049,12,0,16,1,30,,17018,12,0,16,1,70,,17035,12,0,16,1,30,,17062,12,0,16,1,100,,17013,12,0,16,1,100,,17052,12,0,16,1,100,,17044,12,0,16,1,100,,17036,12,0,16,1,100,,17060,12,0,5,1
40101,'12',837,,17094,12,0,16,1,100,,17085,12,0,16,1,100,,17100,12,0,16,1,70,,17103,12,0,16,1,30,,17098,12,0,16,1,70,,17084,12,0,16,1,30,,17104,12,0,16,1,70,,17089,12,0,16,1,30,,17108,12,0,16,1,70,,17083,12,0,16,1,30,,17073,12,0,16,1,70,,17090,12,0,16,1,30,,17081,12,0,16,1,70,,17095,12,0,16,1,30,,17106,12,0,16,1,70,,17093,12,0,16,1,30,,17082,12,0,16,1,70,,17109,12,0,16,1,30,,17076,12,0,16,1,100,,17078,12,0,16,1
40101,'15',1837,,17120,12,0,16,1,100,,17115,12,0,16,1,100,,17114,12,0,16,1,100,,17112,12,0,16,1,100,,17110,12,0,16,1,100,,17117,12,0,5,1
40101,'16',1837,,17129,12,0,16,1,100,,17124,12,0,16,1,100,,2256,12,0,16,1,100,,17122,12,0,16,1,100,,17121,12,0,16,1,100,,17126,12,0,5,1
40101,'17',1837,,17137,12,0,16,1,100,,17133,12,0,16,1,100,,2281,12,0,16,1,100,,17131,12,0,16,1,100,,17130,12,0,16,1,100,,17134,12,0,5,1
40101,'19',1837,,17148,12,0,16,1,100,,17143,12,0,16,1,100,,17142,12,0,16,1,100,,17140,12,0,16,1,100,,17138,12,0,16,1,100,,17145,12,0,5,1
40101,'21',637,,17162,12,0,16,1,70,,17149,12,0,16,1,30,,17180,12,0,16,1,70,,17161,12,0,16,1,30,,17151,12,0,16,1,70,,17196,12,0,16,1,30,,17154,12,0,16,1,70,,17203,12,0,16,1,30,,17155,12,0,16,1,70,,7905,12,0,16,1,30,,17188,12,0,16,1,70,,17195,12,0,16,1,30,,17190,12,0,16,1,70,,17158,12,0,16,1,30,,17170,12,0,16,1,70,,7989,12,0,16,1,30,,17171,12,0,16,1,70,,17175,12,0,16,1,30,,17182,12,0,16,1,70,,17164,12,0,16,1,30,,17157,12,0,16,1,70,,17181,12,0,16,1,30,,17153,12,0,16,1,70,,17169,12,0,16,1,30,,5902,12,0,16,1,100,,7058,12,0,16,1,100,,17184,12,0,16,1,100,,17176,12,0,16,1,100,,6998,12,0,16,1,100,,17192,12,0,5,1
40101,'5',1837,,4496,12,0,16,1,100,,17207,12,0,16,1,100,,2306,12,0,16,1,100,,17205,12,0,16,1,100,,17204,12,0,16,1,100,,17209,12,0,5,1
40101,'6',1837,,17222,12,0,16,1,100,,17217,12,0,16,1,100,,17216,12,0,16,1,100,,17214,12,0,16,1,100,,17212,12,0,16,1,100,,17219,12,0,5,1
