30200,'15',617,,9361,6,0,11,1,30,,9355,6,0,11,1,70,,9347,6,0,11,1,30,,9345,6,0,11,1,70,,9354,6,0,11,1,30,,9351,6,0,11,1,70,,9363,6,0,11,1,30,,9358,6,0,11,1,71,,9356,6,0,11,1,30,,9344,6,0,11,1,70,,9342,6,0,11,1,30,,9348,6,0,11,1,70,,9357,6,0,11,1,30,,9343,6,0,11,1,70,,9350,6,0,11,1,30,,9353,6,0,11,1,69,,9346,6,0,11,1,30,,9352,6,0,11,1,70,,9349,6,0,11,1,30,,9364,6,0,11,1,70,,9359,6,0,11,1,30,,9362,6,0,11,1,70,,9360,6,0,11,1
30200,'16',617,,9383,6,0,11,1,30,,5269,6,0,11,1,70,,9370,6,0,11,1,30,,9368,6,0,11,1,70,,9377,6,0,11,1,30,,9374,6,0,11,1,70,,9385,6,0,11,1,30,,9380,6,0,11,1,71,,9378,6,0,11,1,30,,9367,6,0,11,1,70,,9365,6,0,11,1,30,,9371,6,0,11,1,70,,9379,6,0,11,1,30,,9366,6,0,11,1,70,,9373,6,0,11,1,30,,9376,6,0,11,1,69,,9369,6,0,11,1,30,,9375,6,0,11,1,70,,9372,6,0,11,1,30,,9386,6,0,11,1,70,,9381,6,0,11,1,30,,9384,6,0,11,1,70,,9382,6,0,11,1
30200,'17',617,,9404,6,0,11,1,30,,5319,6,0,11,1,70,,4462,6,0,11,1,30,,9390,6,0,11,1,70,,9398,6,0,11,1,30,,9395,6,0,11,1,70,,9406,6,0,11,1,30,,9401,6,0,11,1,71,,9399,6,0,11,1,30,,9389,6,0,11,1,70,,9387,6,0,11,1,30,,9392,6,0,11,1,70,,9400,6,0,11,1,30,,9388,6,0,11,1,70,,9394,6,0,11,1,30,,9397,6,0,11,1,69,,9391,6,0,11,1,30,,9396,6,0,11,1,70,,9393,6,0,11,1,30,,9407,6,0,11,1,70,,9402,6,0,11,1,30,,9405,6,0,11,1,70,,9403,6,0,11,1
30200,'19',617,,9425,6,0,11,1,30,,9419,6,0,11,1,70,,9412,6,0,11,1,30,,9410,6,0,11,1,70,,8079,6,0,11,1,30,,9416,6,0,11,1,70,,9427,6,0,11,1,30,,9422,6,0,11,1,71,,9420,6,0,11,1,30,,9409,6,0,11,1,70,,6002,6,0,11,1,30,,9413,6,0,11,1,70,,9421,6,0,11,1,30,,9408,6,0,11,1,70,,9415,6,0,11,1,30,,9418,6,0,11,1,69,,9411,6,0,11,1,30,,9417,6,0,11,1,70,,9414,6,0,11,1,30,,9428,6,0,11,1,70,,9423,6,0,11,1,30,,9426,6,0,11,1,70,,9424,6,0,11,1
30200,'5',617,,9447,6,0,11,1,30,,5449,6,0,11,1,70,,9434,6,0,11,1,30,,9432,6,0,11,1,70,,9441,6,0,11,1,30,,9438,6,0,11,1,70,,9449,6,0,11,1,30,,9444,6,0,11,1,71,,9442,6,0,11,1,30,,9431,6,0,11,1,70,,9429,6,0,11,1,30,,9435,6,0,11,1,70,,9443,6,0,11,1,30,,9430,6,0,11,1,70,,9437,6,0,11,1,30,,9440,6,0,11,1,69,,9433,6,0,11,1,30,,9439,6,0,11,1,70,,9436,6,0,11,1,30,,9450,6,0,11,1,70,,9445,6,0,11,1,30,,9448,6,0,11,1,70,,9446,6,0,11,1
30200,'6',617,,9470,6,0,11,1,30,,9464,6,0,11,1,70,,9456,6,0,11,1,30,,9454,6,0,11,1,70,,9463,6,0,11,1,30,,9460,6,0,11,1,70,,9472,6,0,11,1,30,,9467,6,0,11,1,71,,9465,6,0,11,1,30,,9453,6,0,11,1,70,,9451,6,0,11,1,30,,9457,6,0,11,1,70,,9466,6,0,11,1,30,,9452,6,0,11,1,70,,9459,6,0,11,1,30,,9462,6,0,11,1,69,,9455,6,0,11,1,30,,9461,6,0,11,1,70,,9458,6,0,11,1,30,,9473,6,0,11,1,70,,9468,6,0,11,1,30,,9471,6,0,11,1,70,,9469,6,0,11,1
40200,'1',1047,,17225,6,0,13 14,1,100,,17223,6,0,13 14,1,100,,17229,6,0,13 14,1,100,,5203,6,0,13 14,1,100,,17224,6,0,13 14,1,100,,17226,6,0,13 14,1,100,,17227,6,0,13 14,1,100,,17228,6,0,13 14,1
40200,'10',617,,17238,6,0,13 14,1,30,,17249,6,0,13 14,1,70,,17254,6,0,13 14,1,30,,17244,6,0,13 14,1,70,,17231,6,0,13 14,1,30,,17241,6,0,13 14,1,70,,17236,6,0,13 14,1,30,,17255,6,0,13 14,1,70,,17256,6,0,13 14,1,30,,17242,6,0,13 14,1,70,,17246,6,0,13 14,1,30,,17234,6,0,13 14,1,70,,17232,6,0,13 14,1,30,,17247,6,0,13 14,1,70,,17230,6,0,13 14,1,30,,17252,6,0,13 14,1,70,,17257,6,0,13 14,1,30,,17233,6,0,13 14,1,70,,17239,6,0,13 14,1,30,,17243,6,0,13 14,1,70,,17248,6,0,13 14,1,30,,17245,6,0,13 14,1,70,,17251,6,0,13 14,1,30,,17237,6,0,13 14,1,100,,17258,6,0,13 14,1,100,,17250,6,0,13 14,1,100,,17235,6,0,13 14,1,100,,17253,6,0,13 14,1,100,,17240,6,0,13 14,1
40200,'12',847,,17264,6,0,13 14,1,100,,17277,6,0,13 14,1,70,,17278,6,0,13 14,1,30,,17263,6,0,13 14,1,70,,17271,6,0,13 14,1,30,,17272,6,0,13 14,1,70,,17274,6,0,13 14,1,30,,17267,6,0,13 14,1,70,,17260,6,0,13 14,1,30,,17275,6,0,13 14,1,70,,17259,6,0,13 14,1,30,,17265,6,0,13 14,1,70,,17270,6,0,13 14,1,30,,17273,6,0,13 14,1,70,,17262,6,0,13 14,1,30,,17261,6,0,13 14,1,70,,17268,6,0,13 14,1,30,,17266,6,0,13 14,1,100,,17276,6,0,13 14,1,100,,17269,6,0,13 14,1
40200,'15',1747,,17279,6,0,13 14,1,100,,17281,6,0,13 14,1,100,,17280,6,0,13 14,1,100,,17282,6,0,13 14,1,100,,17283,6,0,13 14,1,100,,17284,6,0,13 14,1
40200,'16',1747,,17285,6,0,13 14,1,100,,17286,6,0,13 14,1,100,,5255,6,0,13 14,1,100,,17287,6,0,13 14,1,100,,17288,6,0,13 14,1,100,,17289,6,0,13 14,1
40200,'17',1747,,17290,6,0,13 14,1,100,,17291,6,0,13 14,1,100,,5305,6,0,13 14,1,100,,17292,6,0,13 14,1,100,,17293,6,0,13 14,1,100,,17294,6,0,13 14,1
40200,'19',1747,,17295,6,0,13 14,1,100,,6469,6,0,13 14,1,100,,17296,6,0,13 14,1,100,,17297,6,0,13 14,1,100,,17298,6,0,13 14,1,100,,17299,6,0,13 14,1
40200,'21',617,,17308,6,0,13 14,1,30,,17319,6,0,13 14,1,70,,17324,6,0,13 14,1,30,,17314,6,0,13 14,1,70,,17301,6,0,13 14,1,30,,17311,6,0,13 14,1,70,,17306,6,0,13 14,1,30,,17325,6,0,13 14,1,70,,17326,6,0,13 14,1,30,,17312,6,0,13 14,1,70,,17316,6,0,13 14,1,30,,17304,6,0,13 14,1,70,,17302,6,0,13 14,1,30,,17317,6,0,13 14,1,70,,17300,6,0,13 14,1,30,,17322,6,0,13 14,1,70,,17327,6,0,13 14,1,30,,17303,6,0,13 14,1,70,,17309,6,0,13 14,1,30,,17313,6,0,13 14,1,70,,17318,6,0,13 14,1,30,,17315,6,0,13 14,1,70,,17321,6,0,13 14,1,30,,17307,6,0,13 14,1,100,,17328,6,0,13 14,1,100,,17320,6,0,13 14,1,100,,17305,6,0,13 14,1,100,,17323,6,0,13 14,1,100,,17310,6,0,13 14,1
40200,'5',1747,,17329,6,0,13 14,1,100,,17330,6,0,13 14,1,100,,5435,6,0,13 14,1,100,,17331,6,0,13 14,1,100,,17332,6,0,13 14,1,100,,17333,6,0,13 14,1
40200,'6',1747,,17334,6,0,13 14,1,100,,17336,6,0,13 14,1,100,,17335,6,0,13 14,1,100,,17337,6,0,13 14,1,100,,17338,6,0,13 14,1,100,,17339,6,0,13 14,1
