31500,'15',641,,12424,27,,,1,70,,12434,27,,,1,30,,12422,27,,,1,70,,12437,27,,,1,30,,12432,27,,,1,70,,12444,27,,,1,30,,12427,27,,,1,70,,12438,27,,,1,30,,12431,27,,,1,70,,12435,27,,,1,30,,12442,27,,,1,70,,12425,27,,,1,30,,12429,27,,,1,70,,12443,27,,,1,30,,12428,27,,,1,72,,12423,27,,,1,30,,12426,27,,,1,70,,12439,27,,,1,30,,12421,27,,,1,70,,12441,27,,,1,30,,12440,27,,,1,70,,12433,27,,,1,30,,12436,27,,,1,70,,12430,27,,,1
31500,'16',641,,12448,27,,,1,70,,12456,27,,,1,30,,12446,27,,,1,70,,12457,27,,,1,30,,12455,27,,,1,70,,12463,27,,,1,30,,7886,27,,,1,70,,12458,27,,,1,30,,4828,27,,,1,70,,3449,27,,,1,30,,12461,27,,,1,70,,12449,27,,,1,30,,12452,27,,,1,70,,12462,27,,,1,30,,12451,27,,,1,72,,12447,27,,,1,30,,12450,27,,,1,70,,12453,27,,,1,30,,12445,27,,,1,70,,12460,27,,,1,30,,12459,27,,,1,70,,12464,27,,,1,30,,270,27,,,1,70,,12454,27,,,1
31500,'17',641,,12468,27,,,1,70,,12476,27,,,1,30,,12466,27,,,1,70,,12477,27,,,1,30,,12475,27,,,1,70,,12483,27,,,1,30,,7891,27,,,1,70,,12478,27,,,1,30,,12474,27,,,1,70,,3473,27,,,1,30,,12481,27,,,1,70,,12469,27,,,1,30,,12471,27,,,1,70,,12482,27,,,1,30,,8409,27,,,1,72,,12467,27,,,1,30,,12470,27,,,1,70,,12472,27,,,1,30,,12465,27,,,1,70,,12480,27,,,1,30,,12479,27,,,1,70,,12484,27,,,1,30,,320,27,,,1,70,,12473,27,,,1
31500,'19',641,,12488,27,,,1,70,,12498,27,,,1,30,,12486,27,,,1,70,,5660,27,,,1,30,,12496,27,,,1,70,,12506,27,,,1,30,,12491,27,,,1,70,,12501,27,,,1,30,,12495,27,,,1,70,,12499,27,,,1,30,,12503,27,,,1,70,,12489,27,,,1,30,,12493,27,,,1,70,,12504,27,,,1,30,,12492,27,,,1,72,,12487,27,,,1,30,,12490,27,,,1,70,,12505,27,,,1,30,,12485,27,,,1,70,,12502,27,,,1,30,,7554,27,,,1,70,,12497,27,,,1,30,,12500,27,,,1,70,,12494,27,,,1
31500,'5',641,,12510,27,,,1,70,,12519,27,,,1,30,,12508,27,,,1,70,,12520,27,,,1,30,,12517,27,,,1,70,,12527,27,,,1,30,,7933,27,,,1,70,,12521,27,,,1,30,,12516,27,,,1,70,,3497,27,,,1,30,,12524,27,,,1,70,,12511,27,,,1,30,,12514,27,,,1,70,,12525,27,,,1,30,,12513,27,,,1,72,,12509,27,,,1,30,,12512,27,,,1,70,,12526,27,,,1,30,,12507,27,,,1,70,,12523,27,,,1,30,,12522,27,,,1,70,,12518,27,,,1,30,,370,27,,,1,70,,12515,27,,,1
31500,'6',641,,12531,27,,,1,70,,12541,27,,,1,30,,12529,27,,,1,70,,12544,27,,,1,30,,12539,27,,,1,70,,12551,27,,,1,30,,12534,27,,,1,70,,12545,27,,,1,30,,12538,27,,,1,70,,12542,27,,,1,30,,12549,27,,,1,70,,12532,27,,,1,30,,12536,27,,,1,70,,12550,27,,,1,30,,12535,27,,,1,72,,12530,27,,,1,30,,12533,27,,,1,70,,12546,27,,,1,30,,12528,27,,,1,70,,12548,27,,,1,30,,12547,27,,,1,70,,12540,27,,,1,30,,12543,27,,,1,70,,12537,27,,,1
32301,'15',702,,14563,9,0,20 30 31,1,31,,14560,9,0,20 30 31,1,100,,14562,9,0,20 30 31,1,100,,14557,9,0,20 30 31,1,100,,14558,9,0,20 30 31,1,100,,14556,9,0,20 30 31,1,100,,14559,9,0,20 30 31,1,100,,14564,9,0,20 30 31,1,100,,14566,9,0,20 30 31,1,100,,14565,9,0,20 30 31,1,100,,14555,9,0,20 30 31,1,100,,14561,9,0,20 30 31,1
32301,'16',702,,14578,9,0,20 30 31,1,31,,14575,9,0,20 30 31,1,70,,14584,9,0,20 30 31,1,30,,4924,9,0,20 30 31,1,70,,14570,9,0,20 30 31,1,30,,3741,9,0,20 30 31,1,69,,14572,9,0,20 30 31,1,31,,14573,9,0,20 30 31,1,70,,14571,9,0,20 30 31,1,30,,14568,9,0,20 30 31,1,70,,14569,9,0,20 30 31,1,30,,14574,9,0,20 30 31,1,70,,14582,9,0,20 30 31,1,30,,3171,9,0,20 30 31,1,70,,14579,9,0,20 30 31,1,30,,14585,9,0,20 30 31,1,70,,14576,9,0,20 30 31,1,30,,14581,9,0,20 30 31,1,70,,14580,9,0,20 30 31,1,30,,14567,9,0,20 30 31,1,70,,14583,9,0,20 30 31,1,30,,14577,9,0,20 30 31,1,70,,3753,9,0,20 30 31,1
32301,'17',702,,14593,9,0,20 30 31,1,31,,7536,9,0,20 30 31,1,70,,14599,9,0,20 30 31,1,30,,4970,9,0,20 30 31,1,70,,14588,9,0,20 30 31,1,30,,3765,9,0,20 30 31,1,69,,14589,9,0,20 30 31,1,31,,14590,9,0,20 30 31,1,70,,2951,9,0,20 30 31,1,30,,14587,9,0,20 30 31,1,70,,4175,9,0,20 30 31,1,30,,2966,9,0,20 30 31,1,70,,14597,9,0,20 30 31,1,30,,3238,9,0,20 30 31,1,70,,14594,9,0,20 30 31,1,30,,14600,9,0,20 30 31,1,70,,14591,9,0,20 30 31,1,30,,14596,9,0,20 30 31,1,70,,14595,9,0,20 30 31,1,30,,14586,9,0,20 30 31,1,70,,14598,9,0,20 30 31,1,30,,14592,9,0,20 30 31,1,70,,3777,9,0,20 30 31,1
32301,'19',702,,14615,9,0,20 30 31,1,31,,14610,9,0,20 30 31,1,70,,14616,9,0,20 30 31,1,30,,14614,9,0,20 30 31,1,70,,14611,9,0,20 30 31,1,30,,14603,9,0,20 30 31,1,69,,14612,9,0,20 30 31,1,31,,14605,9,0,20 30 31,1,70,,14608,9,0,20 30 31,1,30,,14602,9,0,20 30 31,1,70,,14604,9,0,20 30 31,1,30,,14607,9,0,20 30 31,1,70,,14617,9,0,20 30 31,1,30,,14618,9,0,20 30 31,1,70,,14606,9,0,20 30 31,1,30,,14623,9,0,20 30 31,1,70,,14609,9,0,20 30 31,1,30,,14619,9,0,20 30 31,1,70,,14620,9,0,20 30 31,1,30,,14601,9,0,20 30 31,1,70,,14622,9,0,20 30 31,1,30,,14613,9,0,20 30 31,1,70,,14621,9,0,20 30 31,1
32301,'5',702,,14634,9,0,20 30 31,1,31,,14632,9,0,20 30 31,1,70,,14628,9,0,20 30 31,1,30,,5022,9,0,20 30 31,1,70,,14637,9,0,20 30 31,1,30,,3789,9,0,20 30 31,1,69,,2098,9,0,20 30 31,1,31,,14629,9,0,20 30 31,1,70,,14625,9,0,20 30 31,1,30,,14626,9,0,20 30 31,1,70,,14636,9,0,20 30 31,1,30,,14631,9,0,20 30 31,1,70,,14640,9,0,20 30 31,1,30,,3304,9,0,20 30 31,1,70,,14630,9,0,20 30 31,1,30,,14642,9,0,20 30 31,1,70,,14639,9,0,20 30 31,1,30,,14638,9,0,20 30 31,1,70,,14635,9,0,20 30 31,1,30,,14624,9,0,20 30 31,1,70,,14627,9,0,20 30 31,1,30,,14633,9,0,20 30 31,1,70,,14641,9,0,20 30 31,1
32301,'6',702,,14651,9,0,20 30 31,1,31,,14648,9,0,20 30 31,1,100,,14650,9,0,20 30 31,1,100,,14645,9,0,20 30 31,1,100,,14646,9,0,20 30 31,1,100,,14644,9,0,20 30 31,1,100,,14647,9,0,20 30 31,1,100,,14652,9,0,20 30 31,1,100,,14654,9,0,20 30 31,1,100,,14653,9,0,20 30 31,1,100,,14643,9,0,20 30 31,1,100,,14649,9,0,20 30 31,1
41500,'1',1131,,18792,36,0,20 14 21 18,1,100,,18791,36,0,20 14 21 18,1,100,,18793,36,0,20 14 21 18,1,100,,18794,36,0,20 14 21 18,1,100,,2758,36,0,20 14 21 18,1,100,,18795,36,0,20 14 21 18,1,100,,18790,36,0,20 14 21 18,1
41500,'10',701,,18807,36,0,20 14 21 18,1,30,,18818,36,0,20 14 21 18,1,70,,18823,36,0,20 14 21 18,1,30,,18810,36,0,20 14 21 18,1,70,,18804,36,0,20 14 21 18,1,30,,18812,36,0,20 14 21 18,1,70,,18809,36,0,20 14 21 18,1,30,,18815,36,0,20 14 21 18,1,70,,18801,36,0,20 14 21 18,1,30,,18816,36,0,20 14 21 18,1,70,,18813,36,0,20 14 21 18,1,30,,18797,36,0,20 14 21 18,1,70,,18806,36,0,20 14 21 18,1,30,,18821,36,0,20 14 21 18,1,70,,18805,36,0,20 14 21 18,1,30,,18820,36,0,20 14 21 18,1,70,,18824,36,0,20 14 21 18,1,30,,18803,36,0,20 14 21 18,1,70,,18798,36,0,20 14 21 18,1,30,,18796,36,0,20 14 21 18,1,70,,18817,36,0,20 14 21 18,1,30,,18800,36,0,20 14 21 18,1,70,,18811,36,0,20 14 21 18,1,30,,18802,36,0,20 14 21 18,1,100,,18799,36,0,20 14 21 18,1,100,,18808,36,0,20 14 21 18,1,100,,18819,36,0,20 14 21 18,1,100,,18822,36,0,20 14 21 18,1,100,,18814,36,0,20 14 21 18,1
41500,'12',931,,18833,36,0,20 14 21 18,1,100,,18834,36,0,20 14 21 18,1,70,,18837,36,0,20 14 21 18,1,30,,18827,36,0,20 14 21 18,1,70,,18830,36,0,20 14 21 18,1,30,,18831,36,0,20 14 21 18,1,70,,18838,36,0,20 14 21 18,1,30,,18836,36,0,20 14 21 18,1,70,,7789,36,0,20 14 21 18,1,30,,18825,36,0,20 14 21 18,1,70,,18839,36,0,20 14 21 18,1,30,,18842,36,0,20 14 21 18,1,70,,18841,36,0,20 14 21 18,1,30,,18826,36,0,20 14 21 18,1,70,,18840,36,0,20 14 21 18,1,30,,18828,36,0,20 14 21 18,1,70,,18829,36,0,20 14 21 18,1,30,,18832,36,0,20 14 21 18,1,100,,18835,36,0,20 14 21 18,1
41500,'15',1831,,18846,36,0,20 14 21 18,1,100,,18844,36,0,20 14 21 18,1,100,,18843,36,0,20 14 21 18,1,100,,18848,36,0,20 14 21 18,1,100,,18847,36,0,20 14 21 18,1,100,,18845,36,0,20 14 21 18,1
41500,'16',1831,,18851,36,0,20 14 21 18,1,100,,18850,36,0,20 14 21 18,1,100,,18849,36,0,20 14 21 18,1,100,,18853,36,0,20 14 21 18,1,100,,18852,36,0,20 14 21 18,1,100,,8374,36,0,20 14 21 18,1
41500,'17',1831,,18857,36,0,20 14 21 18,1,100,,18855,36,0,20 14 21 18,1,100,,18854,36,0,20 14 21 18,1,100,,18859,36,0,20 14 21 18,1,100,,18858,36,0,20 14 21 18,1,100,,18856,36,0,20 14 21 18,1
41500,'19',1831,,18863,36,0,20 14 21 18,1,100,,18861,36,0,20 14 21 18,1,100,,18860,36,0,20 14 21 18,1,100,,18865,36,0,20 14 21 18,1,100,,18864,36,0,20 14 21 18,1,100,,18862,36,0,20 14 21 18,1
41500,'21',701,,18877,36,0,20 14 21 18,1,30,,18888,36,0,20 14 21 18,1,70,,18893,36,0,20 14 21 18,1,30,,18880,36,0,20 14 21 18,1,70,,18874,36,0,20 14 21 18,1,30,,18882,36,0,20 14 21 18,1,70,,18879,36,0,20 14 21 18,1,30,,18885,36,0,20 14 21 18,1,70,,18871,36,0,20 14 21 18,1,30,,18886,36,0,20 14 21 18,1,70,,18883,36,0,20 14 21 18,1,30,,18867,36,0,20 14 21 18,1,70,,18876,36,0,20 14 21 18,1,30,,18891,36,0,20 14 21 18,1,70,,18875,36,0,20 14 21 18,1,30,,18890,36,0,20 14 21 18,1,70,,18894,36,0,20 14 21 18,1,30,,18873,36,0,20 14 21 18,1,70,,18868,36,0,20 14 21 18,1,30,,18866,36,0,20 14 21 18,1,70,,18887,36,0,20 14 21 18,1,30,,18870,36,0,20 14 21 18,1,70,,18881,36,0,20 14 21 18,1,30,,18872,36,0,20 14 21 18,1,100,,18869,36,0,20 14 21 18,1,100,,18878,36,0,20 14 21 18,1,100,,18889,36,0,20 14 21 18,1,100,,18892,36,0,20 14 21 18,1,100,,18884,36,0,20 14 21 18,1
41500,'5',1831,,18898,36,0,20 14 21 18,1,100,,18896,36,0,20 14 21 18,1,100,,18895,36,0,20 14 21 18,1,100,,18900,36,0,20 14 21 18,1,100,,18899,36,0,20 14 21 18,1,100,,18897,36,0,20 14 21 18,1
41500,'6',1831,,18904,36,0,20 14 21 18,1,100,,18902,36,0,20 14 21 18,1,100,,18901,36,0,20 14 21 18,1,100,,18906,36,0,20 14 21 18,1,100,,18905,36,0,20 14 21 18,1,100,,18903,36,0,20 14 21 18,1
42301,'10',701,,20341,9,0,20 30 31,1,30,,20313,9,0,20 30 31,1,70,,20315,9,0,20 30 31,1,30,,20318,9,0,20 30 31,1,70,,20322,9,0,20 30 31,1,30,,20340,9,0,20 30 31,1,70,,20330,9,0,20 30 31,1,31,,20311,9,0,20 30 31,1,70,,20337,9,0,20 30 31,1,30,,20319,9,0,20 30 31,1,70,,20314,9,0,20 30 31,1,30,,20316,9,0,20 30 31,1,70,,20320,9,0,20 30 31,1,30,,20328,9,0,20 30 31,1,72,,20325,9,0,20 30 31,1,30,,20334,9,0,20 30 31,1,70,,20312,9,0,20 30 31,1,30,,20336,9,0,20 30 31,1,70,,20310,9,0,20 30 31,1,30,,20327,9,0,20 30 31,1,70,,20309,9,0,20 30 31,1,30,,20317,9,0,20 30 31,1,70,,20323,9,0,20 30 31,1,30,,20333,9,0,20 30 31,1,69,,20326,9,0,20 30 31,1,29,,20339,9,0,20 30 31,1,70,,20338,9,0,20 30 31,1,30,,20324,9,0,20 30 31,1,70,,20335,9,0,20 30 31,1,30,,20321,9,0,20 30 31,1,70,,20329,9,0,20 30 31,1,30,,20331,9,0,20 30 31,1,70,,20332,9,0,20 30 31,1
42301,'15',1834,,20342,9,0,20 30 31,1,98,,20347,9,0,20 30 31,1,100,,20345,9,0,20 30 31,1,100,,20346,9,0,20 30 31,1,100,,20343,9,0,20 30 31,1,100,,20344,9,0,20 30 31,1
42301,'16',1834,,20349,9,0,20 30 31,1,69,,20350,9,0,20 30 31,1,29,,20355,9,0,20 30 31,1,70,,4303,9,0,20 30 31,1,30,,7728,9,0,20 30 31,1,70,,20351,9,0,20 30 31,1,30,,20354,9,0,20 30 31,1,70,,20353,9,0,20 30 31,1,30,,3144,9,0,20 30 31,1,70,,20348,9,0,20 30 31,1,30,,6534,9,0,20 30 31,1,70,,20352,9,0,20 30 31,1
42301,'17',1834,,20357,9,0,20 30 31,1,69,,20358,9,0,20 30 31,1,29,,20363,9,0,20 30 31,1,70,,4316,9,0,20 30 31,1,30,,7734,9,0,20 30 31,1,70,,20359,9,0,20 30 31,1,30,,20362,9,0,20 30 31,1,70,,20361,9,0,20 30 31,1,30,,3196,9,0,20 30 31,1,70,,20356,9,0,20 30 31,1,30,,6540,9,0,20 30 31,1,70,,20360,9,0,20 30 31,1
42301,'19',1834,,20364,9,0,20 30 31,1,98,,20369,9,0,20 30 31,1,100,,20367,9,0,20 30 31,1,100,,20368,9,0,20 30 31,1,100,,20365,9,0,20 30 31,1,100,,20366,9,0,20 30 31,1
42301,'5',1834,,20370,9,0,20 30 31,1,69,,20371,9,0,20 30 31,1,29,,20375,9,0,20 30 31,1,70,,1339,9,0,20 30 31,1,30,,7777,9,0,20 30 31,1,70,,20373,9,0,20 30 31,1,30,,20374,9,0,20 30 31,1,70,,20376,9,0,20 30 31,1,30,,3267,9,0,20 30 31,1,70,,20372,9,0,20 30 31,1,30,,6582,9,0,20 30 31,1
42301,'6',1834,,20377,9,0,20 30 31,1,98,,20382,9,0,20 30 31,1,100,,20380,9,0,20 30 31,1,100,,20381,9,0,20 30 31,1,100,,20378,9,0,20 30 31,1,100,,20379,9,0,20 30 31,1
