30100,'12',604,,32810,8,0,5 6,1,30,,32795,8,0,5 6,1,70,,32770,8,0,5 6,1,30,,32777,8,0,5 6,1,70,,32812,8,0,5 6,1,30,,32785,8,0,5 6,1,70,,32790,8,0,5 6,1,30,,32786,8,0,5 6,1,70,,32789,8,0,5 6,1,30,,32804,8,0,5 6,1,70,,32771,8,0,5 6,1,30,,32778,8,0,5 6,1,70,,32776,8,0,5 6,1,30,,32774,8,0,5 6,1,70,,32768,8,0,5 6,1,30,,32794,8,0,5 6,1,70,,32773,8,0,5 6,1,30,,32806,8,0,5 6,1,70,,32802,8,0,5 6,1,30,,32803,8,0,5 6,1,70,,32780,8,0,5 6,1,30,,32807,8,0,5 6,1,70,,32796,8,0,5 6,1,30,,32787,8,0,5 6,1
30100,'13',604,,32852,8,0,5 6,1,30,,32839,8,0,5 6,1,70,,32816,8,0,5 6,1,30,,32823,8,0,5 6,1,70,,32854,8,0,5 6,1,30,,32831,8,0,5 6,1,70,,32836,8,0,5 6,1,30,,32832,8,0,5 6,1,70,,32835,8,0,5 6,1,30,,32847,8,0,5 6,1,70,,32817,8,0,5 6,1,30,,32824,8,0,5 6,1,70,,32822,8,0,5 6,1,30,,32820,8,0,5 6,1,70,,32814,8,0,5 6,1,30,,32838,8,0,5 6,1,70,,32819,8,0,5 6,1,30,,32848,8,0,5 6,1,70,,32845,8,0,5 6,1,30,,32846,8,0,5 6,1,70,,32826,8,0,5 6,1,30,,32849,8,0,5 6,1,70,,32840,8,0,5 6,1,30,,32833,8,0,5 6,1
30100,'3',604,,32894,8,0,5 6,1,30,,32881,8,0,5 6,1,70,,32858,8,0,5 6,1,30,,32865,8,0,5 6,1,70,,32896,8,0,5 6,1,30,,32873,8,0,5 6,1,70,,32878,8,0,5 6,1,30,,32874,8,0,5 6,1,70,,32877,8,0,5 6,1,30,,32889,8,0,5 6,1,70,,32859,8,0,5 6,1,30,,32866,8,0,5 6,1,70,,32864,8,0,5 6,1,30,,32862,8,0,5 6,1,70,,32856,8,0,5 6,1,30,,32880,8,0,5 6,1,70,,32861,8,0,5 6,1,30,,32890,8,0,5 6,1,70,,32887,8,0,5 6,1,30,,32888,8,0,5 6,1,70,,32868,8,0,5 6,1,30,,32891,8,0,5 6,1,70,,32882,8,0,5 6,1,30,,32875,8,0,5 6,1
30100,'6',604,,32941,8,0,5 6,1,30,,32926,8,0,5 6,1,70,,32901,8,0,5 6,1,30,,32908,8,0,5 6,1,70,,32943,8,0,5 6,1,30,,32916,8,0,5 6,1,70,,32921,8,0,5 6,1,30,,32917,8,0,5 6,1,70,,32920,8,0,5 6,1,30,,32935,8,0,5 6,1,70,,32902,8,0,5 6,1,30,,32909,8,0,5 6,1,70,,32907,8,0,5 6,1,30,,32905,8,0,5 6,1,70,,32899,8,0,5 6,1,30,,32925,8,0,5 6,1,70,,32904,8,0,5 6,1,30,,32937,8,0,5 6,1,70,,32933,8,0,5 6,1,30,,32934,8,0,5 6,1,70,,32911,8,0,5 6,1,30,,32938,8,0,5 6,1,70,,32927,8,0,5 6,1,30,,32918,8,0,5 6,1
40100,'1',629,,31498,8,0,8,1,30,,37760,8,0,8,1,70,,37775,8,0,8,1,30,,37763,8,0,8,1,70,,37783,8,0,8,1,30,,37779,8,0,8,1,70,,37772,8,0,8,1,30,,37793,8,0,8,1,70,,37752,8,0,8,1,30,,37792,8,0,8,1,70,,37789,8,0,8,1,30,,37771,8,0,8,1,70,,37745,8,0,8,1,30,,32649,8,0,8,1,70,,37750,8,0,8,1,30,,37754,8,0,8,1,70,,37770,8,0,8,1,30,,37768,8,0,8,1,70,,37747,8,0,8,1,30,,37774,8,0,8,1,70,,37787,8,0,8,1,30,,37781,8,0,8,1,70,,31183,8,0,8,1,30,,37756,8,0,8,1,100,,37778,8,0,8,1,100,,37765,8,0,8,1,100,,37777,8,0,8,1,100,,37759,8,0,8,1,100,,37757,8,0,8,1,100,,31193,8,0,8,1
40100,'11',629,,37826,8,0,8,1,30,,37811,8,0,8,1,70,,37832,8,0,8,1,30,,37816,8,0,8,1,70,,37842,8,0,8,1,30,,37837,8,0,8,1,70,,37827,8,0,8,1,30,,37852,8,0,8,1,70,,37803,8,0,8,1,30,,37851,8,0,8,1,70,,37848,8,0,8,1,30,,37825,8,0,8,1,70,,37796,8,0,8,1,30,,37831,8,0,8,1,70,,37801,8,0,8,1,30,,37805,8,0,8,1,70,,37824,8,0,8,1,30,,37822,8,0,8,1,70,,37798,8,0,8,1,30,,37830,8,0,8,1,70,,37846,8,0,8,1,30,,37839,8,0,8,1,70,,37815,8,0,8,1,30,,37807,8,0,8,1,100,,37836,8,0,8,1,100,,37819,8,0,8,1,100,,37834,8,0,8,1,100,,37810,8,0,8,1,100,,37808,8,0,8,1,100,,37853,8,0,8,1
40100,'12',1759,,37861,8,0,8,1,100,,37858,8,0,8,1,100,,37867,8,0,8,1,100,,37865,8,0,8,1,100,,37866,8,0,8,1,100,,37859,8,0,8,1,100,,37857,8,0,8,1
40100,'13',1759,,37873,8,0,8,1,100,,37870,8,0,8,1,100,,37879,8,0,8,1,100,,37877,8,0,8,1,100,,37878,8,0,8,1,100,,37871,8,0,8,1,100,,27848,8,0,8,1
40100,'14',1059,,37890,8,0,8,1,100,,37892,8,0,8,1,100,,37884,8,0,8,1,100,,37882,8,0,8,1,100,,37889,8,0,8,1,100,,37893,8,0,8,1,100,,37891,8,0,8,1,100,,37886,8,0,8,1
40100,'16',629,,31539,8,0,8,1,30,,37912,8,0,8,1,70,,37927,8,0,8,1,30,,37915,8,0,8,1,70,,37935,8,0,8,1,30,,37931,8,0,8,1,70,,37924,8,0,8,1,30,,37945,8,0,8,1,70,,37904,8,0,8,1,30,,37944,8,0,8,1,70,,37941,8,0,8,1,30,,37923,8,0,8,1,70,,37897,8,0,8,1,30,,32668,8,0,8,1,70,,37902,8,0,8,1,30,,37906,8,0,8,1,70,,37922,8,0,8,1,30,,37920,8,0,8,1,70,,37899,8,0,8,1,30,,37926,8,0,8,1,70,,37939,8,0,8,1,30,,37933,8,0,8,1,70,,26849,8,0,8,1,30,,37908,8,0,8,1,100,,37930,8,0,8,1,100,,37917,8,0,8,1,100,,37929,8,0,8,1,100,,37911,8,0,8,1,100,,37909,8,0,8,1,100,,31222,8,0,8,1
40100,'3',1759,,37951,8,0,8,1,100,,37948,8,0,8,1,100,,37957,8,0,8,1,100,,37955,8,0,8,1,100,,37956,8,0,8,1,100,,37949,8,0,8,1,100,,27869,8,0,8,1
40100,'6',1759,,37965,8,0,8,1,100,,37962,8,0,8,1,100,,37971,8,0,8,1,100,,37969,8,0,8,1,100,,37970,8,0,8,1,100,,37963,8,0,8,1,100,,37961,8,0,8,1
40100,'8',859,,37973,8,0,8,1,100,,37986,8,0,8,1,70,,38003,8,0,8,1,30,,37977,8,0,8,1,70,,37993,8,0,8,1,30,,32420,8,0,8,1,70,,37972,8,0,8,1,30,,37996,8,0,8,1,70,,38007,8,0,8,1,30,,38001,8,0,8,1,70,,38006,8,0,8,1,30,,37989,8,0,8,1,70,,38005,8,0,8,1,30,,37991,8,0,8,1,70,,37988,8,0,8,1,30,,37990,8,0,8,1,70,,37974,8,0,8,1,30,,38002,8,0,8,1,100,,37981,8,0,8,1,100,,37980,8,0,8,1
