32100,'12',656,,36334,24,0,53,1,91,,36342,24,0,53,1,100,,36338,24,0,53,1,100,,36337,24,0,53,1,100,,36333,24,0,53,1,100,,36340,24,0,53,1,100,,36339,24,0,53,1,100,,36331,24,0,53,1,100,,36332,24,0,53,1,100,,36341,24,0,53,1,100,,36336,24,0,53,1,100,,36335,24,0,53,1
32100,'13',747,,36349,24,0,53,1,100,,36347,24,0,53,1,100,,36346,24,0,53,1,400,,36343,24,0,53,1,100,,36344,24,0,53,1,100,,36348,24,0,53,1,100,,36345,24,0,53,1
32100,'3',747,,36356,24,0,53,1,100,,36354,24,0,53,1,100,,36353,24,0,53,1,400,,36350,24,0,53,1,100,,36351,24,0,53,1,100,,36355,24,0,53,1,100,,36352,24,0,53,1
32100,'6',656,,36360,24,0,53,1,91,,36368,24,0,53,1,100,,36364,24,0,53,1,100,,36363,24,0,53,1,100,,36359,24,0,53,1,100,,36366,24,0,53,1,100,,36365,24,0,53,1,100,,36357,24,0,53,1,100,,36358,24,0,53,1,100,,36367,24,0,53,1,100,,36362,24,0,53,1,100,,36361,24,0,53,1
32401,'12',718,,36615,6,0,54,1,100,,36622,6,0,54,1,100,,36620,6,0,54,1,100,,36611,6,0,54,1,100,,36616,6,0,54,1,100,,36621,6,0,54,1,100,,36614,6,0,54,1,100,,36618,6,0,54,1,100,,36612,6,0,54,1,100,,36613,6,0,54,1,100,,36619,6,0,54,1,100,,36617,6,0,54,1
33101,'12',748,,36641,8,0,55,1,100,,36640,8,0,55,1,100,,36637,8,0,55,1,100,,36643,8,0,55,1,100,,36636,8,0,55,1,100,,36639,8,0,55,1,100,,36644,8,0,55,1,100,,36642,8,0,55,1,100,,36635,8,0,55,1,100,,36638,8,0,55,1,100,,36634,8,0,55,1
42100,'11',656,,41549,24,0,53,1,91,,41539,24,0,53,1,100,,41553,24,0,53,1,100,,41552,24,0,53,1,100,,41543,24,0,53,1,100,,41554,24,0,53,1,100,,41542,24,0,53,1,100,,41548,24,0,53,1,100,,41551,24,0,53,1,100,,41540,24,0,53,1,100,,41541,24,0,53,1,100,,41550,24,0,53,1,100,,41538,24,0,53,1,100,,41546,24,0,53,1,100,,41544,24,0,53,1,100,,41545,24,0,53,1,100,,41547,24,0,53,1
42100,'12',1847,,41558,24,0,53,1,100,,41555,24,0,53,1,100,,41559,24,0,53,1,100,,41557,24,0,53,1,100,,41556,24,0,53,1
42100,'6',1847,,41563,24,0,53,1,100,,41560,24,0,53,1,100,,41564,24,0,53,1,100,,41562,24,0,53,1,100,,41561,24,0,53,1
42401,'1',717,,41648,6,0,54,1,100,,41646,6,0,54,1,100,,41652,6,0,54,1,100,,41647,6,0,54,1,100,,41650,6,0,54,1,100,,41653,6,0,54,1,100,,31041,6,0,54,1,101,,41655,6,0,54,1,100,,41651,6,0,54,1,100,,41656,6,0,54,1,100,,41645,6,0,54,1,100,,41644,6,0,54,1,98,,41643,6,0,54,1,100,,41654,6,0,54,1,100,,41642,6,0,54,1,100,,41649,6,0,54,1
42401,'12',1916,,41658,6,0,54,1,100,,41657,6,0,54,1,100,,41661,6,0,54,1,100,,41659,6,0,54,1,100,,41660,6,0,54,1
43101,'1',747,,41684,8,0,55,1,100,,22390,8,0,55,1,100,,41690,8,0,55,1,101,,41687,8,0,55,1,100,,41683,8,0,55,1,100,,41682,8,0,55,1,100,,41689,8,0,55,1,101,,41695,8,0,55,1,100,,41692,8,0,55,1,100,,41691,8,0,55,1,100,,41686,8,0,55,1,100,,41685,8,0,55,1,99,,29662,8,0,55,1,100,,41693,8,0,55,1,100,,41688,8,0,55,1,100,,41694,8,0,55,1
43101,'12',1849,,41699,8,0,55,1,99,,41698,8,0,55,1,100,,41700,8,0,55,1,100,,41697,8,0,55,1,100,,41696,8,0,55,1,100,,41701,8,0,55,1
