30101,'12',633,,32947,30,0,5 15,1,70,,32948,30,0,5 15,1,30,,32969,30,0,5 15,1,70,,32985,30,0,5 15,1,30,,32960,30,0,5 15,1,70,,32976,30,0,5 15,1,30,,32954,30,0,5 15,1,70,,32952,30,0,5 15,1,30,,32986,30,0,5 15,1,70,,32966,30,0,5 15,1,30,,32967,30,0,5 15,1,70,,32945,30,0,5 15,1,30,,32955,30,0,5 15,1,70,,32957,30,0,5 15,1,30,,32987,30,0,5 15,1,70,,32991,30,0,5 15,1,30,,32956,30,0,5 15,1,70,,32990,30,0,5 15,1,30,,32980,30,0,5 15,1,70,,32971,30,0,5 15,1,30,,32972,30,0,5 15,1,70,,32994,30,0,5 15,1,30,,32993,30,0,5 15,1,70,,32977,30,0,5 15,1
30101,'13',633,,32997,30,0,5 15,1,70,,32998,30,0,5 15,1,30,,33016,30,0,5 15,1,70,,28476,30,0,5 15,1,30,,33008,30,0,5 15,1,70,,33022,30,0,5 15,1,30,,33003,30,0,5 15,1,70,,33001,30,0,5 15,1,30,,33030,30,0,5 15,1,70,,33014,30,0,5 15,1,30,,33015,30,0,5 15,1,70,,32995,30,0,5 15,1,30,,33004,30,0,5 15,1,70,,33006,30,0,5 15,1,30,,31703,30,0,5 15,1,70,,33033,30,0,5 15,1,30,,33005,30,0,5 15,1,70,,28477,30,0,5 15,1,30,,33026,30,0,5 15,1,70,,33017,30,0,5 15,1,30,,33018,30,0,5 15,1,70,,33036,30,0,5 15,1,30,,33035,30,0,5 15,1,70,,33023,30,0,5 15,1
30101,'3',633,,33039,30,0,5 15,1,70,,33040,30,0,5 15,1,30,,33058,30,0,5 15,1,70,,28491,30,0,5 15,1,30,,33050,30,0,5 15,1,70,,33064,30,0,5 15,1,30,,33045,30,0,5 15,1,70,,33043,30,0,5 15,1,30,,33072,30,0,5 15,1,70,,33056,30,0,5 15,1,30,,33057,30,0,5 15,1,70,,33037,30,0,5 15,1,30,,33046,30,0,5 15,1,70,,33048,30,0,5 15,1,30,,31758,30,0,5 15,1,70,,33075,30,0,5 15,1,30,,33047,30,0,5 15,1,70,,28492,30,0,5 15,1,30,,33068,30,0,5 15,1,70,,33059,30,0,5 15,1,30,,33060,30,0,5 15,1,70,,33078,30,0,5 15,1,30,,33077,30,0,5 15,1,70,,33065,30,0,5 15,1
30101,'6',633,,33081,30,0,5 15,1,70,,33082,30,0,5 15,1,30,,33103,30,0,5 15,1,70,,33119,30,0,5 15,1,30,,33094,30,0,5 15,1,70,,33110,30,0,5 15,1,30,,33088,30,0,5 15,1,70,,33086,30,0,5 15,1,30,,33120,30,0,5 15,1,70,,33100,30,0,5 15,1,30,,33101,30,0,5 15,1,70,,33079,30,0,5 15,1,30,,33089,30,0,5 15,1,70,,33091,30,0,5 15,1,30,,33121,30,0,5 15,1,70,,33125,30,0,5 15,1,30,,33090,30,0,5 15,1,70,,33124,30,0,5 15,1,30,,33114,30,0,5 15,1,70,,33105,30,0,5 15,1,30,,33106,30,0,5 15,1,70,,33128,30,0,5 15,1,30,,33127,30,0,5 15,1,70,,33111,30,0,5 15,1
40101,'1',647,,38036,30,0,16,1,70,,38052,30,0,16,1,30,,38025,30,0,16,1,70,,38054,30,0,16,1,30,,38057,30,0,16,1,70,,38048,30,0,16,1,30,,32002,30,0,16,1,70,,38046,30,0,16,1,30,,38060,30,0,16,1,70,,38020,30,0,16,1,30,,38034,30,0,16,1,70,,38031,30,0,16,1,30,,30519,30,0,16,1,70,,38038,30,0,16,1,30,,38026,30,0,16,1,70,,38043,30,0,16,1,30,,38045,30,0,16,1,70,,38063,30,0,16,1,30,,38040,30,0,16,1,70,,38033,30,0,16,1,30,,38032,30,0,16,1,70,,38027,30,0,16,1,30,,38056,30,0,16,1,70,,38059,30,0,16,1,30,,38037,30,0,16,1,100,,38012,30,0,16,1,100,,38028,30,0,16,1,100,,38049,30,0,16,1,100,,38013,30,0,16,1,100,,38011,30,0,5,1
40101,'11',647,,38093,30,0,16,1,70,,38112,30,0,16,1,30,,38082,30,0,16,1,70,,38114,30,0,16,1,30,,38117,30,0,16,1,70,,38107,30,0,16,1,30,,38102,30,0,16,1,70,,38105,30,0,16,1,30,,38120,30,0,16,1,70,,38077,30,0,16,1,30,,38091,30,0,16,1,70,,38088,30,0,16,1,30,,38099,30,0,16,1,70,,38094,30,0,16,1,30,,38083,30,0,16,1,70,,38101,30,0,16,1,30,,38104,30,0,16,1,70,,38124,30,0,16,1,30,,38097,30,0,16,1,70,,38090,30,0,16,1,30,,38089,30,0,16,1,70,,38084,30,0,16,1,30,,38116,30,0,16,1,70,,38119,30,0,16,1,30,,38095,30,0,16,1,100,,38069,30,0,16,1,100,,38085,30,0,16,1,100,,38108,30,0,16,1,100,,38070,30,0,16,1,100,,38068,30,0,5,1
40101,'12',1847,,38134,30,0,16,1,100,,38133,30,0,16,1,100,,38132,30,0,16,1,100,,38128,30,0,16,1,100,,38137,30,0,16,1,100,,38130,30,0,5,1
40101,'13',1847,,38145,30,0,16,1,100,,38144,30,0,16,1,100,,38143,30,0,16,1,100,,38139,30,0,16,1,100,,38148,30,0,16,1,100,,38141,30,0,5,1
40101,'14',1047,,38157,30,0,16,1,100,,38159,30,0,16,1,100,,38158,30,0,16,1,100,,38153,30,0,16,1,100,,38156,30,0,16,1,100,,38151,30,0,16,1,100,,38162,30,0,16,1,100,,38149,30,0,5,1
40101,'16',647,,38191,30,0,16,1,70,,38207,30,0,16,1,30,,38180,30,0,16,1,70,,38209,30,0,16,1,30,,38212,30,0,16,1,70,,38203,30,0,16,1,30,,32040,30,0,16,1,70,,38201,30,0,16,1,30,,38215,30,0,16,1,70,,38175,30,0,16,1,30,,38189,30,0,16,1,70,,38186,30,0,16,1,30,,30556,30,0,16,1,70,,38193,30,0,16,1,30,,38181,30,0,16,1,70,,38198,30,0,16,1,30,,38200,30,0,16,1,70,,38218,30,0,16,1,30,,38195,30,0,16,1,70,,38188,30,0,16,1,30,,38187,30,0,16,1,70,,38182,30,0,16,1,30,,38211,30,0,16,1,70,,38214,30,0,16,1,30,,38192,30,0,16,1,100,,38167,30,0,16,1,100,,38183,30,0,16,1,100,,38204,30,0,16,1,100,,38168,30,0,16,1,100,,38166,30,0,5,1
40101,'3',1847,,38228,30,0,16,1,100,,38227,30,0,16,1,100,,38226,30,0,16,1,100,,38222,30,0,16,1,100,,38231,30,0,16,1,100,,38224,30,0,5,1
40101,'6',1847,,38239,30,0,16,1,100,,38238,30,0,16,1,100,,38237,30,0,16,1,100,,38233,30,0,16,1,100,,38242,30,0,16,1,100,,38235,30,0,5,1
40101,'8',847,,38272,30,0,16,1,100,,38276,30,0,16,1,100,,38252,30,0,16,1,70,,38262,30,0,16,1,30,,38268,30,0,16,1,70,,38258,30,0,16,1,30,,38281,30,0,16,1,70,,38247,30,0,16,1,30,,38243,30,0,16,1,70,,38260,30,0,16,1,30,,38253,30,0,16,1,70,,38274,30,0,16,1,30,,38254,30,0,16,1,70,,38267,30,0,16,1,30,,38251,30,0,16,1,70,,38244,30,0,16,1,30,,38269,30,0,16,1,70,,38248,30,0,16,1,30,,38273,30,0,16,1,100,,38279,30,0,16,1
