30101,'11',551,,27449,10,0,5 15,1,70,,27410,10,0,5 15,1,30,,27441,10,0,5 15,1,70,,27433,10,0,5 15,1,30,,27454,10,0,5 15,1,70,,27437,10,0,5 15,1,30,,27414,10,0,5 15,1,70,,27439,10,0,5 15,1,30,,27447,10,0,5 15,1,71,,27434,10,0,5 15,1,30,,27453,10,0,5 15,1,70,,27455,10,0,5 15,1,30,,27448,10,0,5 15,1,70,,27436,10,0,5 15,1,30,,27425,10,0,5 15,1,70,,27423,10,0,5 15,1,30,,27440,10,0,5 15,1,70,,27416,10,0,5 15,1,30,,27419,10,0,5 15,1,70,,27451,10,0,5 15,1,30,,27432,10,0,5 15,1,70,,27422,10,0,5 15,1,30,,27456,10,0,5 15,1,70,,27443,10,0,5 15,1,30,,27426,10,0,5 15,1,70,,27429,10,0,5 15,1
30101,'3',551,,27498,10,0,5 15,1,70,,27459,10,0,5 15,1,30,,27490,10,0,5 15,1,70,,27482,10,0,5 15,1,30,,27503,10,0,5 15,1,70,,27486,10,0,5 15,1,30,,27463,10,0,5 15,1,70,,27488,10,0,5 15,1,30,,27496,10,0,5 15,1,71,,27483,10,0,5 15,1,30,,27502,10,0,5 15,1,70,,27504,10,0,5 15,1,30,,27497,10,0,5 15,1,70,,27485,10,0,5 15,1,30,,27474,10,0,5 15,1,70,,27472,10,0,5 15,1,30,,27489,10,0,5 15,1,70,,27465,10,0,5 15,1,30,,27468,10,0,5 15,1,70,,27500,10,0,5 15,1,30,,27481,10,0,5 15,1,70,,27471,10,0,5 15,1,30,,27505,10,0,5 15,1,70,,27492,10,0,5 15,1,30,,27475,10,0,5 15,1,70,,27478,10,0,5 15,1
30601,'11',636,,27896,23,0,9 12,1,70,,16146,23,0,9 12,1,30,,27902,23,0,9 12,1,70,,27904,23,0,9 12,1,30,,27892,23,0,9 12,1,70,,27900,23,0,9 12,1,30,,27903,23,0,9 12,1,70,,27890,23,0,9 12,1,30,,27907,23,0,9 12,1,70,,27909,23,0,9 12,1,30,,27888,23,0,9 12,1,70,,27897,23,0,9 12,1,30,,27895,23,0,9 12,1,70,,27887,23,0,9 12,1,30,,27898,23,0,9 12,1,70,,27899,23,0,9 12,1,30,,27905,23,0,9 12,1,65,,23143,23,0,9 12,1,5,,27901,23,0,9 12,1,30,,27891,23,0,9 12,1,70,,27906,23,0,9 12,1,30,,27908,23,0,9 12,1,70,,27894,23,0,9 12,1,30,,27893,23,0,9 12,1,70,,27889,23,0,9 12,1
30601,'3',636,,27919,23,0,9 12,1,70,,16280,23,0,9 12,1,30,,27925,23,0,9 12,1,70,,27927,23,0,9 12,1,30,,27915,23,0,9 12,1,70,,27923,23,0,9 12,1,30,,27926,23,0,9 12,1,70,,27913,23,0,9 12,1,30,,27930,23,0,9 12,1,70,,27932,23,0,9 12,1,30,,27911,23,0,9 12,1,70,,27920,23,0,9 12,1,30,,27918,23,0,9 12,1,70,,27910,23,0,9 12,1,30,,27921,23,0,9 12,1,70,,27922,23,0,9 12,1,30,,27928,23,0,9 12,1,65,,23156,23,0,9 12,1,5,,27924,23,0,9 12,1,30,,27914,23,0,9 12,1,70,,27929,23,0,9 12,1,30,,27931,23,0,9 12,1,70,,27917,23,0,9 12,1,30,,27916,23,0,9 12,1,70,,27912,23,0,9 12,1
33701,'1',628,,29668,14,,,1,30,,24880,14,,,1,71,,29646,14,,,1,30,,16772,14,,,1,70,,29659,14,,,1,30,,29639,14,,,1,70,,29650,14,,,1,30,,29665,14,,,1,71,,29651,14,,,1,70,,24683,14,,,1,30,,29674,14,,,1,70,,29656,14,,,1,30,,29648,14,,,1,70,,29666,14,,,1,30,,29647,14,,,1,70,,29667,14,,,1,31,,29652,14,,,1,70,,29645,14,,,1,30,,29658,14,,,1,70,,29678,14,,,1,30,,29655,14,,,1,70,,29673,14,,,1,30,,29636,14,,,1,70,,29663,14,,,1,30,,23306,14,,,1
33701,'11',608,,29679,14,,,1,30,,29712,14,,,1,70,,29697,14,,,1,30,,24896,14,,,1,70,,29717,14,,,1,30,,24283,14,,,1,70,,29693,14,,,1,30,,29721,14,,,1,69,,29700,14,,,1,30,,29702,14,,,1,70,,29691,14,,,1,30,,29710,14,,,1,70,,29701,14,,,1,30,,29714,14,,,1,70,,29683,14,,,1,30,,29720,14,,,1,70,,29708,14,,,1,30,,29695,14,,,1,70,,29705,14,,,1,30,,29685,14,,,1,70,,29684,14,,,1,30,,29696,14,,,1,70,,29699,14,,,1,30,,29690,14,,,1,70,,29689,14,,,1
33701,'12',1030,,29723,14,,,1,70,,29730,14,,,1,30,,29749,14,,,1,70,,29735,14,,,1,30,,29729,14,,,1,70,,29724,14,,,1,30,,29751,14,,,1,70,,29725,14,,,1,31,,29748,14,,,1,70,,29736,14,,,1,30,,29738,14,,,1,70,,29737,14,,,1,30,,29740,14,,,1,70,,29750,14,,,1,30,,26030,14,,,1
33701,'14',628,,29787,14,,,1,30,,29762,14,,,1,71,,29763,14,,,1,30,,29780,14,,,1,70,,29777,14,,,1,30,,29755,14,,,1,70,,29767,14,,,1,30,,29784,14,,,1,71,,29768,14,,,1,70,,29775,14,,,1,30,,29793,14,,,1,70,,29772,14,,,1,30,,29765,14,,,1,70,,29785,14,,,1,30,,29764,14,,,1,70,,29786,14,,,1,31,,26926,14,,,1,70,,25975,14,,,1,30,,29776,14,,,1,70,,29797,14,,,1,30,,29771,14,,,1,70,,29792,14,,,1,30,,29752,14,,,1,70,,29782,14,,,1,30,,29773,14,,,1
33701,'3',608,,29798,14,,,1,30,,29831,14,,,1,70,,29816,14,,,1,30,,24994,14,,,1,70,,29836,14,,,1,30,,24303,14,,,1,70,,29812,14,,,1,30,,29840,14,,,1,69,,29819,14,,,1,30,,29821,14,,,1,70,,29810,14,,,1,30,,29829,14,,,1,70,,29820,14,,,1,30,,29833,14,,,1,70,,29802,14,,,1,30,,29839,14,,,1,70,,29827,14,,,1,30,,29814,14,,,1,70,,29824,14,,,1,30,,29804,14,,,1,70,,29803,14,,,1,30,,29815,14,,,1,70,,29818,14,,,1,30,,29809,14,,,1,70,,29808,14,,,1
33701,'8',1100,,29857,14,,,1,30,,29852,14,,,1,70,,29856,14,,,1,30,,29843,14,,,1,70,,29863,14,,,1,30,,29850,14,,,1,70,,29859,14,,,1,31,,29845,14,,,1,70,,29867,14,,,1,30,,29853,14,,,1,70,,29860,14,,,1,30,,29864,14,,,1,70,,29846,14,,,1,30,,26394,14,,,1,70,,29854,14,,,1
40101,'1',601,,30090,10,0,16,1,30,,30101,10,0,16,1,70,,30063,10,0,16,1,30,,30068,10,0,16,1,70,,30085,10,0,16,1,30,,30055,10,0,16,1,70,,30076,10,0,16,1,30,,30084,10,0,16,1,70,,30083,10,0,16,1,30,,30095,10,0,16,1,70,,30058,10,0,16,1,30,,24062,10,0,16,1,70,,30086,10,0,16,1,30,,30061,10,0,16,1,70,,30060,10,0,16,1,30,,30069,10,0,16,1,70,,30066,10,0,16,1,30,,30070,10,0,16,1,70,,30082,10,0,16,1,30,,30075,10,0,16,1,70,,23031,10,0,16,1,30,,30062,10,0,16,1,70,,30057,10,0,16,1,30,,30078,10,0,16,1,70,,22201,10,0,16,1,30,,30073,10,0,16,1,70,,30089,10,0,16,1,100,,30104,10,0,16,1,100,,30098,10,0,16,1,100,,30065,10,0,16,1,100,,30105,10,0,16,1
40101,'11',1901,,30107,10,0,16,1,100,,30110,10,0,16,1,100,,30116,10,0,16,1,100,,30115,10,0,16,1,100,,30108,10,0,16,1
40101,'12',1101,,30121,10,0,16,1,100,,30120,10,0,16,1,100,,30126,10,0,16,1,100,,30129,10,0,16,1,100,,30119,10,0,16,1,100,,30130,10,0,16,1,100,,30122,10,0,16,1
40101,'14',601,,30171,10,0,16,1,30,,30182,10,0,16,1,70,,30143,10,0,16,1,30,,30148,10,0,16,1,70,,25132,10,0,16,1,30,,30133,10,0,16,1,70,,30157,10,0,16,1,30,,25770,10,0,16,1,70,,30165,10,0,16,1,30,,30176,10,0,16,1,70,,30136,10,0,16,1,30,,30139,10,0,16,1,70,,30166,10,0,16,1,30,,30140,10,0,16,1,70,,30138,10,0,16,1,30,,30149,10,0,16,1,70,,27013,10,0,16,1,30,,26041,10,0,16,1,70,,30163,10,0,16,1,30,,30156,10,0,16,1,70,,30151,10,0,16,1,30,,30142,10,0,16,1,70,,30135,10,0,16,1,30,,30159,10,0,16,1,70,,30154,10,0,16,1,30,,30153,10,0,16,1,70,,30169,10,0,16,1,100,,30185,10,0,16,1,100,,30179,10,0,16,1,100,,30145,10,0,16,1,100,,30186,10,0,16,1
40101,'3',1901,,30188,10,0,16,1,100,,30191,10,0,16,1,100,,30197,10,0,16,1,100,,30196,10,0,16,1,100,,30189,10,0,16,1
40101,'8',901,,30201,10,0,16,1,100,,30226,10,0,16,1,100,,30229,10,0,16,1,30,,30230,10,0,16,1,70,,30213,10,0,16,1,30,,30219,10,0,16,1,70,,30220,10,0,16,1,30,,30233,10,0,16,1,70,,30202,10,0,16,1,30,,30217,10,0,16,1,70,,30208,10,0,16,1,30,,30204,10,0,16,1,70,,30211,10,0,16,1,30,,30215,10,0,16,1,70,,30200,10,0,16,1,30,,30227,10,0,16,1,70,,30228,10,0,16,1,30,,30209,10,0,16,1,70,,30207,10,0,16,1
40601,'1',703,,30687,23,0,9 12,1,30,,22066,23,0,9 12,1,70,,30692,23,0,9 12,1,30,,30680,23,0,9 12,1,70,,30681,23,0,9 12,1,30,,30682,23,0,9 12,1,70,,30697,23,0,9 12,1,30,,30694,23,0,9 12,1,70,,21568,23,0,9 12,1,30,,30683,23,0,9 12,1,70,,30678,23,0,9 12,1,30,,30677,23,0,9 12,1,70,,30684,23,0,9 12,1,30,,30689,23,0,9 12,1,70,,30686,23,0,9 12,1,30,,30690,23,0,9 12,1,70,,30695,23,0,9 12,1,30,,30693,23,0,9 12,1,70,,30674,23,0,9 12,1,30,,23082,23,0,9 12,1,70,,30679,23,0,9 12,1,30,,30688,23,0,9 12,1,70,,30676,23,0,9 12,1,30,,30685,23,0,9 12,1,100,,30691,23,0,9 12,1,100,,30675,23,0,9 12,1,100,,24656,23,0,9 12,1,100,,30696,23,0,9 12,1,100,,23137,23,0,9 12,1
40601,'11',1833,,30701,23,0,9 12,1,100,,30698,23,0,9 12,1,100,,30700,23,0,9 12,1,100,,30699,23,0,9 12,1,100,,30703,23,0,9 12,1,100,,30702,23,0,9 12,1
40601,'12',1133,,30708,23,0,9 12,1,100,,30709,23,0,9 12,1,100,,30704,23,0,9 12,1,100,,30710,23,0,9 12,1,100,,30707,23,0,9 12,1,100,,30706,23,0,9 12,1,100,,30705,23,0,9 12,1
40601,'14',703,,30726,23,0,9 12,1,30,,30724,23,0,9 12,1,70,,30730,23,0,9 12,1,30,,25115,23,0,9 12,1,70,,30718,23,0,9 12,1,30,,30719,23,0,9 12,1,70,,30736,23,0,9 12,1,30,,30732,23,0,9 12,1,70,,30729,23,0,9 12,1,30,,30720,23,0,9 12,1,70,,30716,23,0,9 12,1,30,,30715,23,0,9 12,1,70,,30721,23,0,9 12,1,30,,25922,23,0,9 12,1,70,,30725,23,0,9 12,1,30,,30728,23,0,9 12,1,70,,30734,23,0,9 12,1,30,,30731,23,0,9 12,1,70,,30711,23,0,9 12,1,30,,30723,23,0,9 12,1,70,,30717,23,0,9 12,1,30,,30727,23,0,9 12,1,70,,30714,23,0,9 12,1,30,,30722,23,0,9 12,1,100,,24587,23,0,9 12,1,100,,30712,23,0,9 12,1,100,,30713,23,0,9 12,1,100,,30735,23,0,9 12,1,100,,30733,23,0,9 12,1
40601,'3',1833,,30740,23,0,9 12,1,100,,30737,23,0,9 12,1,100,,30739,23,0,9 12,1,100,,30738,23,0,9 12,1,100,,30742,23,0,9 12,1,100,,30741,23,0,9 12,1
40601,'8',933,,30757,23,0,9 12,1,100,,30748,23,0,9 12,1,70,,30753,23,0,9 12,1,30,,30747,23,0,9 12,1,70,,30760,23,0,9 12,1,30,,30750,23,0,9 12,1,70,,30746,23,0,9 12,1,30,,30756,23,0,9 12,1,70,,30744,23,0,9 12,1,30,,30751,23,0,9 12,1,70,,30754,23,0,9 12,1,30,,30759,23,0,9 12,1,70,,30749,23,0,9 12,1,30,,30745,23,0,9 12,1,70,,26014,23,0,9 12,1,30,,30755,23,0,9 12,1,70,,30758,23,0,9 12,1,30,,30752,23,0,9 12,1,100,,30743,23,0,9 12,1
43701,'1',1908,,32688,14,,,1,100,,32681,14,,,1,100,,32686,14,,,1,100,,32685,14,,,1,100,,21801,14,,,1
43701,'11',1908,,32691,14,,,1,100,,32689,14,,,1,100,,32690,14,,,1,100,,32694,14,,,1,100,,32692,14,,,1
43701,'14',1908,,32707,14,,,1,100,,32700,14,,,1,100,,32705,14,,,1,100,,32704,14,,,1,100,,32703,14,,,1
43701,'3',1908,,32710,14,,,1,100,,32708,14,,,1,100,,32709,14,,,1,100,,32713,14,,,1,100,,32711,14,,,1
