33700,'1',739,,29436,14,,,1,70,,29427,14,,,1,30,,29401,14,,,1,70,,29407,14,,,1,30,,29442,14,,,1,70,,29412,14,,,1,30,,24259,14,,,1,70,,29438,14,,,1,30,,29425,14,,,1,70,,29416,14,,,1,30,,29406,14,,,1,70,,29419,14,,,1,30,,29423,14,,,1,70,,29417,14,,,1,30,,26406,14,,,1,70,,29415,14,,,1,30,,29404,14,,,1,70,,23725,14,,,1,30,,29403,14,,,1,70,,29437,14,,,1,30,,29409,14,,,1,70,,29434,14,,,1,30,,29424,14,,,1,70,,29418,14,,,1,30,,23651,14,,,1
33700,'11',709,,29460,14,,,1,30,,29483,14,,,1,70,,29474,14,,,1,30,,29465,14,,,1,70,,29462,14,,,1,30,,29445,14,,,1,70,,29481,14,,,1,30,,23332,14,,,1,70,,29450,14,,,1,30,,29482,14,,,1,70,,29484,14,,,1,30,,29454,14,,,1,70,,21466,14,,,1,30,,29467,14,,,1,70,,29449,14,,,1,30,,29463,14,,,1,70,,29448,14,,,1,30,,29480,14,,,1,70,,29461,14,,,1,30,,29458,14,,,1,70,,29464,14,,,1,30,,19106,14,,,1,70,,29486,14,,,1,30,,12268,14,,,1,70,,29472,14,,,1
33700,'12',1139,,29488,14,,,1,70,,29489,14,,,1,30,,29501,14,,,1,70,,29502,14,,,1,30,,29510,14,,,1,70,,29487,14,,,1,30,,29497,14,,,1,70,,29508,14,,,1,30,,29506,14,,,1,70,,29507,14,,,1,30,,29491,14,,,1,70,,29503,14,,,1,30,,29493,14,,,1,70,,29490,14,,,1,30,,29504,14,,,1
33700,'14',739,,29557,14,,,1,70,,29546,14,,,1,30,,29518,14,,,1,70,,29524,14,,,1,30,,29563,14,,,1,70,,29530,14,,,1,30,,29533,14,,,1,70,,29559,14,,,1,30,,26866,14,,,1,70,,29535,14,,,1,30,,29523,14,,,1,70,,29538,14,,,1,30,,29542,14,,,1,70,,29536,14,,,1,30,,29549,14,,,1,70,,29532,14,,,1,30,,29521,14,,,1,70,,29534,14,,,1,30,,29520,14,,,1,70,,29558,14,,,1,30,,29527,14,,,1,70,,29555,14,,,1,30,,29543,14,,,1,70,,29537,14,,,1,30,,29526,14,,,1
33700,'3',709,,29581,14,,,1,30,,29604,14,,,1,70,,29595,14,,,1,30,,29586,14,,,1,70,,29583,14,,,1,30,,29566,14,,,1,70,,29602,14,,,1,30,,23370,14,,,1,70,,29571,14,,,1,30,,29603,14,,,1,70,,29605,14,,,1,30,,29575,14,,,1,70,,21505,14,,,1,30,,29588,14,,,1,70,,29570,14,,,1,30,,29584,14,,,1,70,,29569,14,,,1,30,,29601,14,,,1,70,,29582,14,,,1,30,,29579,14,,,1,70,,29585,14,,,1,30,,19153,14,,,1,70,,29607,14,,,1,30,,12301,14,,,1,70,,29593,14,,,1
33700,'8',1209,,25555,14,,,1,30,,29618,14,,,1,70,,29624,14,,,1,30,,29626,14,,,1,70,,29617,14,,,1,30,,29629,14,,,1,70,,29634,14,,,1,30,,29630,14,,,1,70,,29613,14,,,1,30,,29611,14,,,1,70,,29635,14,,,1,30,,29622,14,,,1,70,,29620,14,,,1,30,,29625,14,,,1,70,,29623,14,,,1
33701,'1',623,,29668,5,,,1,30,,24880,5,,,1,70,,29646,5,,,1,30,,16772,5,,,1,70,,29659,5,,,1,30,,29639,5,,,1,70,,29650,5,,,1,30,,29665,5,,,1,71,,29651,5,,,1,30,,24683,5,,,1,70,,29674,5,,,1,30,,29656,5,,,1,70,,29648,5,,,1,30,,29666,5,,,1,70,,29647,5,,,1,30,,29667,5,,,1,70,,29652,5,,,1,30,,29645,5,,,1,70,,29658,5,,,1,30,,29678,5,,,1,70,,29655,5,,,1,30,,29673,5,,,1,70,,29636,5,,,1,30,,29663,5,,,1,70,,23306,5,,,1
33701,'11',603,,29679,5,,,1,30,,29712,5,,,1,69,,29697,5,,,1,30,,24896,5,,,1,70,,29717,5,,,1,30,,24283,5,,,1,70,,29693,5,,,1,30,,29721,5,,,1,69,,29700,5,,,1,30,,29702,5,,,1,70,,29691,5,,,1,30,,29710,5,,,1,70,,29701,5,,,1,30,,29714,5,,,1,70,,29683,5,,,1,30,,29720,5,,,1,69,,29708,5,,,1,30,,29695,5,,,1,70,,29705,5,,,1,30,,29685,5,,,1,70,,29684,5,,,1,30,,29696,5,,,1,70,,29699,5,,,1,30,,29690,5,,,1,70,,29689,5,,,1
33701,'12',1024,,29723,5,,,1,30,,29730,5,,,1,70,,29749,5,,,1,30,,29735,5,,,1,70,,29729,5,,,1,30,,29724,5,,,1,70,,29751,5,,,1,30,,29725,5,,,1,70,,29748,5,,,1,30,,29736,5,,,1,70,,29738,5,,,1,30,,29737,5,,,1,70,,29740,5,,,1,30,,29750,5,,,1,70,,26030,5,,,1
33701,'14',623,,29787,5,,,1,30,,29762,5,,,1,70,,29763,5,,,1,30,,29780,5,,,1,70,,29777,5,,,1,30,,29755,5,,,1,70,,29767,5,,,1,30,,29784,5,,,1,71,,29768,5,,,1,30,,29775,5,,,1,70,,29793,5,,,1,30,,29772,5,,,1,70,,29765,5,,,1,30,,29785,5,,,1,70,,29764,5,,,1,30,,29786,5,,,1,70,,26926,5,,,1,30,,25975,5,,,1,70,,29776,5,,,1,30,,29797,5,,,1,70,,29771,5,,,1,30,,29792,5,,,1,70,,29752,5,,,1,30,,29782,5,,,1,70,,29773,5,,,1
33701,'3',603,,29798,5,,,1,30,,29831,5,,,1,69,,29816,5,,,1,30,,24994,5,,,1,70,,29836,5,,,1,30,,24303,5,,,1,70,,29812,5,,,1,30,,29840,5,,,1,69,,29819,5,,,1,30,,29821,5,,,1,70,,29810,5,,,1,30,,29829,5,,,1,70,,29820,5,,,1,30,,29833,5,,,1,70,,29802,5,,,1,30,,29839,5,,,1,69,,29827,5,,,1,30,,29814,5,,,1,70,,29824,5,,,1,30,,29804,5,,,1,70,,29803,5,,,1,30,,29815,5,,,1,70,,29818,5,,,1,30,,29809,5,,,1,70,,29808,5,,,1
33701,'8',1054,,29857,5,,,1,70,,29852,5,,,1,30,,29856,5,,,1,70,,29843,5,,,1,30,,29863,5,,,1,70,,29850,5,,,1,30,,29859,5,,,1,70,,29845,5,,,1,30,,29867,5,,,1,70,,29853,5,,,1,30,,29860,5,,,1,70,,29864,5,,,1,30,,29846,5,,,1,70,,26394,5,,,1,30,,29854,5,,,1
43700,'1',1955,,32647,14,,,1,100,,32643,14,,,1,100,,32642,14,,,1,100,,32649,14,,,1,100,,32646,14,,,1
43700,'11',1955,,32655,14,,,1,100,,32653,14,,,1,100,,32660,14,,,1,100,,32654,14,,,1,100,,22911,14,,,1
43700,'14',1955,,32666,14,,,1,100,,32662,14,,,1,100,,32661,14,,,1,100,,32668,14,,,1,100,,32665,14,,,1
43700,'3',1955,,32674,14,,,1,100,,32672,14,,,1,100,,32679,14,,,1,100,,32673,14,,,1,100,,22935,14,,,1
43701,'1',1902,,32688,5,,,1,100,,32681,5,,,1,100,,32686,5,,,1,100,,32685,5,,,1,100,,21801,5,,,1
43701,'11',1902,,32691,5,,,1,100,,32689,5,,,1,100,,32690,5,,,1,100,,32694,5,,,1,100,,32692,5,,,1
43701,'14',1902,,32707,5,,,1,100,,32700,5,,,1,100,,32705,5,,,1,100,,32704,5,,,1,100,,32703,5,,,1
43701,'3',1902,,32710,5,,,1,100,,32708,5,,,1,100,,32709,5,,,1,100,,32713,5,,,1,100,,32711,5,,,1
