30100,'15',608,,8846,14,0,5 6,1,30,,8861,14,0,5 6,1,70,,8850,14,0,5 6,1,30,,8836,14,0,5 6,1,70,,8845,14,0,5 6,1,30,,8839,14,0,5 6,1,70,,8827,14,0,5 6,1,30,,8841,14,0,5 6,1,70,,8849,14,0,5 6,1,30,,8834,14,0,5 6,1,70,,8853,14,0,5 6,1,30,,8857,14,0,5 6,1,70,,8828,14,0,5 6,1,30,,8843,14,0,5 6,1,70,,8871,14,0,5 6,1,30,,8831,14,0,5 6,1,70,,8851,14,0,5 6,1,30,,8838,14,0,5 6,1,70,,8837,14,0,5 6,1,30,,8854,14,0,5 6,1,70,,8855,14,0,5 6,1,30,,8858,14,0,5 6,1,70,,8840,14,0,5 6,1,30,,8829,14,0,5 6,1
30100,'16',608,,2451,14,0,5 6,1,30,,8895,14,0,5 6,1,70,,8887,14,0,5 6,1,30,,8879,14,0,5 6,1,70,,8885,14,0,5 6,1,30,,8881,14,0,5 6,1,70,,8873,14,0,5 6,1,30,,8883,14,0,5 6,1,70,,1097,14,0,5 6,1,30,,6860,14,0,5 6,1,70,,8890,14,0,5 6,1,30,,8893,14,0,5 6,1,70,,5228,14,0,5 6,1,30,,2909,14,0,5 6,1,70,,8905,14,0,5 6,1,30,,8875,14,0,5 6,1,70,,8888,14,0,5 6,1,30,,2345,14,0,5 6,1,70,,8880,14,0,5 6,1,30,,8891,14,0,5 6,1,70,,8892,14,0,5 6,1,30,,1201,14,0,5 6,1,70,,8882,14,0,5 6,1,30,,4441,14,0,5 6,1
30100,'17',608,,2474,14,0,5 6,1,30,,8928,14,0,5 6,1,70,,8920,14,0,5 6,1,30,,8912,14,0,5 6,1,70,,8918,14,0,5 6,1,30,,8914,14,0,5 6,1,70,,8907,14,0,5 6,1,30,,8916,14,0,5 6,1,70,,1122,14,0,5 6,1,30,,6865,14,0,5 6,1,70,,8923,14,0,5 6,1,30,,8926,14,0,5 6,1,70,,5278,14,0,5 6,1,30,,2975,14,0,5 6,1,70,,8938,14,0,5 6,1,30,,8908,14,0,5 6,1,70,,8921,14,0,5 6,1,30,,2371,14,0,5 6,1,70,,8913,14,0,5 6,1,30,,8924,14,0,5 6,1,70,,8925,14,0,5 6,1,30,,1225,14,0,5 6,1,70,,8915,14,0,5 6,1,30,,4451,14,0,5 6,1
30100,'19',608,,8959,14,0,5 6,1,30,,8974,14,0,5 6,1,70,,8963,14,0,5 6,1,30,,8950,14,0,5 6,1,70,,5651,14,0,5 6,1,30,,8953,14,0,5 6,1,70,,8941,14,0,5 6,1,30,,8955,14,0,5 6,1,70,,8962,14,0,5 6,1,30,,8948,14,0,5 6,1,70,,8966,14,0,5 6,1,30,,8970,14,0,5 6,1,70,,8942,14,0,5 6,1,30,,8957,14,0,5 6,1,70,,8983,14,0,5 6,1,30,,8945,14,0,5 6,1,70,,8964,14,0,5 6,1,30,,8952,14,0,5 6,1,70,,8951,14,0,5 6,1,30,,8967,14,0,5 6,1,70,,8968,14,0,5 6,1,30,,8971,14,0,5 6,1,70,,8954,14,0,5 6,1,30,,8943,14,0,5 6,1
30100,'5',608,,2497,14,0,5 6,1,30,,9004,14,0,5 6,1,70,,8997,14,0,5 6,1,30,,4998,14,0,5 6,1,70,,8995,14,0,5 6,1,30,,8991,14,0,5 6,1,70,,8985,14,0,5 6,1,30,,8993,14,0,5 6,1,70,,1147,14,0,5 6,1,30,,6907,14,0,5 6,1,70,,9000,14,0,5 6,1,30,,9002,14,0,5 6,1,70,,5408,14,0,5 6,1,30,,3043,14,0,5 6,1,70,,9014,14,0,5 6,1,30,,8986,14,0,5 6,1,70,,8998,14,0,5 6,1,30,,2396,14,0,5 6,1,70,,8990,14,0,5 6,1,30,,4214,14,0,5 6,1,70,,9001,14,0,5 6,1,30,,1249,14,0,5 6,1,70,,8992,14,0,5 6,1,30,,4474,14,0,5 6,1
30100,'6',608,,9036,14,0,5 6,1,30,,9051,14,0,5 6,1,70,,9040,14,0,5 6,1,30,,9026,14,0,5 6,1,70,,9035,14,0,5 6,1,30,,9029,14,0,5 6,1,70,,9017,14,0,5 6,1,30,,9031,14,0,5 6,1,70,,9039,14,0,5 6,1,30,,9024,14,0,5 6,1,70,,9043,14,0,5 6,1,30,,9047,14,0,5 6,1,70,,9018,14,0,5 6,1,30,,9033,14,0,5 6,1,70,,9061,14,0,5 6,1,30,,9021,14,0,5 6,1,70,,9041,14,0,5 6,1,30,,9028,14,0,5 6,1,70,,9027,14,0,5 6,1,30,,9044,14,0,5 6,1,70,,9045,14,0,5 6,1,30,,9048,14,0,5 6,1,70,,9030,14,0,5 6,1,30,,9019,14,0,5 6,1
40100,'1',1102,,16776,14,0,8,1,100,,16774,14,0,8,1,100,,219,14,0,8,1,100,,16770,14,0,8,1,100,,16769,14,0,8,1,100,,16772,14,0,8,1,100,,16775,14,0,8,1,100,,16771,14,0,8,1
40100,'10',632,,16792,14,0,8,1,70,,16826,14,0,8,1,30,,16808,14,0,8,1,70,,16820,14,0,8,1,30,,16811,14,0,8,1,70,,16818,14,0,8,1,30,,16803,14,0,8,1,70,,16819,14,0,8,1,30,,16828,14,0,8,1,70,,16832,14,0,8,1,30,,16804,14,0,8,1,70,,16790,14,0,8,1,30,,16807,14,0,8,1,70,,16784,14,0,8,1,30,,16781,14,0,8,1,70,,16815,14,0,8,1,30,,16778,14,0,8,1,70,,16823,14,0,8,1,30,,16799,14,0,8,1,70,,16797,14,0,8,1,30,,16806,14,0,8,1,70,,16783,14,0,8,1,30,,16780,14,0,8,1,70,,16805,14,0,8,1,100,,16812,14,0,8,1,100,,16835,14,0,8,1,100,,16789,14,0,8,1,100,,16788,14,0,8,1,100,,16785,14,0,8,1,100,,16794,14,0,8,1
40100,'12',902,,16860,14,0,8,1,100,,16864,14,0,8,1,30,,16843,14,0,8,1,70,,16870,14,0,8,1,30,,16862,14,0,8,1,70,,16854,14,0,8,1,30,,16851,14,0,8,1,70,,16868,14,0,8,1,30,,16852,14,0,8,1,70,,6122,14,0,8,1,30,,16866,14,0,8,1,70,,7866,14,0,8,1,30,,16837,14,0,8,1,70,,16849,14,0,8,1,30,,16842,14,0,8,1,70,,16872,14,0,8,1,30,,16867,14,0,8,1,70,,16869,14,0,8,1,100,,16859,14,0,8,1,100,,16865,14,0,8,1
40100,'15',1802,,16877,14,0,8,1,100,,16883,14,0,8,1,100,,16885,14,0,8,1,100,,16886,14,0,8,1,100,,16881,14,0,8,1,100,,16879,14,0,8,1,100,,16882,14,0,8,1
40100,'16',1802,,615,14,0,8,1,100,,16894,14,0,8,1,100,,16896,14,0,8,1,100,,16897,14,0,8,1,100,,284,14,0,8,1,100,,16893,14,0,8,1,100,,16892,14,0,8,1
40100,'17',1802,,639,14,0,8,1,100,,16905,14,0,8,1,100,,16907,14,0,8,1,100,,16908,14,0,8,1,100,,334,14,0,8,1,100,,16903,14,0,8,1,100,,16904,14,0,8,1
40100,'19',1802,,16913,14,0,8,1,100,,16919,14,0,8,1,100,,16921,14,0,8,1,100,,16922,14,0,8,1,100,,16917,14,0,8,1,100,,16915,14,0,8,1,100,,16918,14,0,8,1
40100,'21',632,,16934,14,0,8,1,70,,16962,14,0,8,1,30,,16945,14,0,8,1,70,,16956,14,0,8,1,30,,16948,14,0,8,1,70,,16954,14,0,8,1,30,,16942,14,0,8,1,70,,16955,14,0,8,1,30,,16964,14,0,8,1,70,,16968,14,0,8,1,30,,16943,14,0,8,1,70,,16933,14,0,8,1,30,,7358,14,0,8,1,70,,16928,14,0,8,1,30,,6472,14,0,8,1,70,,16951,14,0,8,1,30,,7825,14,0,8,1,70,,16959,14,0,8,1,30,,16939,14,0,8,1,70,,7576,14,0,8,1,30,,7225,14,0,8,1,70,,16927,14,0,8,1,30,,16925,14,0,8,1,70,,16944,14,0,8,1,100,,16949,14,0,8,1,100,,16971,14,0,8,1,100,,16932,14,0,8,1,100,,16931,14,0,8,1,100,,16929,14,0,8,1,100,,16936,14,0,8,1
40100,'5',1802,,663,14,0,8,1,100,,16980,14,0,8,1,100,,16982,14,0,8,1,100,,16983,14,0,8,1,100,,384,14,0,8,1,100,,16978,14,0,8,1,100,,16979,14,0,8,1
40100,'6',1802,,16988,14,0,8,1,100,,16994,14,0,8,1,100,,16996,14,0,8,1,100,,16997,14,0,8,1,100,,16992,14,0,8,1,100,,16990,14,0,8,1,100,,16993,14,0,8,1
