31500,'12',644,,35245,34,,,1,70,,35250,34,,,1,30,,35249,34,,,1,70,,35263,34,,,1,30,,35266,34,,,1,70,,35246,34,,,1,30,,35261,34,,,1,70,,35254,34,,,1,30,,35253,34,,,1,70,,35248,34,,,1,30,,35267,34,,,1,70,,35264,34,,,1,30,,35258,34,,,1,70,,35247,34,,,1,30,,35256,34,,,1,72,,35255,34,,,1,30,,35262,34,,,1,70,,35259,34,,,1,30,,35265,34,,,1,70,,35252,34,,,1,30,,35251,34,,,1,70,,35257,34,,,1,30,,35260,34,,,1,70,,35268,34,,,1
31500,'13',644,,35269,34,,,1,70,,35274,34,,,1,30,,35273,34,,,1,70,,35286,34,,,1,30,,35289,34,,,1,70,,35270,34,,,1,30,,35285,34,,,1,70,,35278,34,,,1,30,,35277,34,,,1,70,,35272,34,,,1,30,,29184,34,,,1,70,,35287,34,,,1,30,,35282,34,,,1,70,,35271,34,,,1,30,,35280,34,,,1,72,,35279,34,,,1,30,,28817,34,,,1,70,,35283,34,,,1,30,,35288,34,,,1,70,,35276,34,,,1,30,,35275,34,,,1,70,,35281,34,,,1,30,,35284,34,,,1,70,,35290,34,,,1
31500,'3',644,,35291,34,,,1,70,,35296,34,,,1,30,,35295,34,,,1,70,,35308,34,,,1,30,,35311,34,,,1,70,,35292,34,,,1,30,,35307,34,,,1,70,,35300,34,,,1,30,,35299,34,,,1,70,,35294,34,,,1,30,,29195,34,,,1,70,,35309,34,,,1,30,,35304,34,,,1,70,,35293,34,,,1,30,,35302,34,,,1,72,,35301,34,,,1,30,,28840,34,,,1,70,,35305,34,,,1,30,,35310,34,,,1,70,,35298,34,,,1,30,,35297,34,,,1,70,,35303,34,,,1,30,,35306,34,,,1,70,,35312,34,,,1
31500,'6',644,,35313,34,,,1,70,,35318,34,,,1,30,,35317,34,,,1,70,,35331,34,,,1,30,,35334,34,,,1,70,,35314,34,,,1,30,,35329,34,,,1,70,,35322,34,,,1,30,,35321,34,,,1,70,,35316,34,,,1,30,,35335,34,,,1,70,,35332,34,,,1,30,,35326,34,,,1,70,,35315,34,,,1,30,,35324,34,,,1,72,,35323,34,,,1,30,,35330,34,,,1,70,,35327,34,,,1,30,,35333,34,,,1,70,,35320,34,,,1,30,,35319,34,,,1,70,,35325,34,,,1,30,,35328,34,,,1,70,,35336,34,,,1
41500,'1',703,,40162,43,0,20 14 21 18,1,30,,40152,43,0,20 14 21 18,1,70,,40169,43,0,20 14 21 18,1,30,,40153,43,0,20 14 21 18,1,70,,40164,43,0,20 14 21 18,1,30,,40148,43,0,20 14 21 18,1,70,,40151,43,0,20 14 21 18,1,31,,40147,43,0,20 14 21 18,1,70,,22327,43,0,20 14 21 18,1,30,,40167,43,0,20 14 21 18,1,70,,40159,43,0,20 14 21 18,1,30,,40171,43,0,20 14 21 18,1,70,,40170,43,0,20 14 21 18,1,30,,40163,43,0,20 14 21 18,1,70,,40156,43,0,20 14 21 18,1,30,,40149,43,0,20 14 21 18,1,70,,40165,43,0,20 14 21 18,1,30,,24701,43,0,20 14 21 18,1,70,,40168,43,0,20 14 21 18,1,30,,40154,43,0,20 14 21 18,1,70,,40172,43,0,20 14 21 18,1,30,,40166,43,0,20 14 21 18,1,70,,40155,43,0,20 14 21 18,1,30,,40150,43,0,20 14 21 18,1,99,,40160,43,0,20 14 21 18,1,100,,40158,43,0,20 14 21 18,1,100,,40161,43,0,20 14 21 18,1,100,,40173,43,0,20 14 21 18,1,100,,40157,43,0,20 14 21 18,1
41500,'11',703,,40190,43,0,20 14 21 18,1,30,,40179,43,0,20 14 21 18,1,70,,40197,43,0,20 14 21 18,1,30,,40180,43,0,20 14 21 18,1,70,,40192,43,0,20 14 21 18,1,30,,40175,43,0,20 14 21 18,1,70,,40178,43,0,20 14 21 18,1,31,,40174,43,0,20 14 21 18,1,70,,40185,43,0,20 14 21 18,1,30,,40195,43,0,20 14 21 18,1,70,,40187,43,0,20 14 21 18,1,30,,40200,43,0,20 14 21 18,1,70,,40198,43,0,20 14 21 18,1,30,,40191,43,0,20 14 21 18,1,70,,40183,43,0,20 14 21 18,1,30,,40176,43,0,20 14 21 18,1,70,,40193,43,0,20 14 21 18,1,30,,40199,43,0,20 14 21 18,1,70,,40196,43,0,20 14 21 18,1,30,,40181,43,0,20 14 21 18,1,70,,40201,43,0,20 14 21 18,1,30,,40194,43,0,20 14 21 18,1,70,,40182,43,0,20 14 21 18,1,30,,40177,43,0,20 14 21 18,1,99,,40188,43,0,20 14 21 18,1,100,,40186,43,0,20 14 21 18,1,100,,40189,43,0,20 14 21 18,1,100,,40202,43,0,20 14 21 18,1,100,,40184,43,0,20 14 21 18,1
41500,'12',1834,,40204,43,0,20 14 21 18,1,99,,40207,43,0,20 14 21 18,1,100,,40203,43,0,20 14 21 18,1,100,,40208,43,0,20 14 21 18,1,100,,40205,43,0,20 14 21 18,1,100,,40206,43,0,20 14 21 18,1
41500,'13',1834,,40210,43,0,20 14 21 18,1,99,,27351,43,0,20 14 21 18,1,100,,40209,43,0,20 14 21 18,1,100,,40213,43,0,20 14 21 18,1,100,,40211,43,0,20 14 21 18,1,100,,40212,43,0,20 14 21 18,1
41500,'14',1134,,40214,43,0,20 14 21 18,1,100,,40216,43,0,20 14 21 18,1,100,,40217,43,0,20 14 21 18,1,100,,40218,43,0,20 14 21 18,1,100,,40220,43,0,20 14 21 18,1,100,,40219,43,0,20 14 21 18,1,100,,40215,43,0,20 14 21 18,1
41500,'16',703,,40236,43,0,20 14 21 18,1,30,,40226,43,0,20 14 21 18,1,70,,40243,43,0,20 14 21 18,1,30,,40227,43,0,20 14 21 18,1,70,,40238,43,0,20 14 21 18,1,30,,40222,43,0,20 14 21 18,1,70,,40225,43,0,20 14 21 18,1,31,,40221,43,0,20 14 21 18,1,70,,30900,43,0,20 14 21 18,1,30,,40241,43,0,20 14 21 18,1,70,,40233,43,0,20 14 21 18,1,30,,40245,43,0,20 14 21 18,1,70,,40244,43,0,20 14 21 18,1,30,,40237,43,0,20 14 21 18,1,70,,40230,43,0,20 14 21 18,1,30,,40223,43,0,20 14 21 18,1,70,,40239,43,0,20 14 21 18,1,30,,31219,43,0,20 14 21 18,1,70,,40242,43,0,20 14 21 18,1,30,,40228,43,0,20 14 21 18,1,70,,40246,43,0,20 14 21 18,1,30,,40240,43,0,20 14 21 18,1,70,,40229,43,0,20 14 21 18,1,30,,40224,43,0,20 14 21 18,1,99,,40234,43,0,20 14 21 18,1,100,,40232,43,0,20 14 21 18,1,100,,40235,43,0,20 14 21 18,1,100,,40247,43,0,20 14 21 18,1,100,,40231,43,0,20 14 21 18,1
41500,'3',1834,,40249,43,0,20 14 21 18,1,99,,27389,43,0,20 14 21 18,1,100,,40248,43,0,20 14 21 18,1,100,,40252,43,0,20 14 21 18,1,100,,40250,43,0,20 14 21 18,1,100,,40251,43,0,20 14 21 18,1
41500,'6',1834,,40254,43,0,20 14 21 18,1,99,,40257,43,0,20 14 21 18,1,100,,40253,43,0,20 14 21 18,1,100,,40258,43,0,20 14 21 18,1,100,,40255,43,0,20 14 21 18,1,100,,40256,43,0,20 14 21 18,1
41500,'8',933,,40260,43,0,20 14 21 18,1,101,,40273,43,0,20 14 21 18,1,70,,40275,43,0,20 14 21 18,1,30,,40261,43,0,20 14 21 18,1,70,,40269,43,0,20 14 21 18,1,30,,40274,43,0,20 14 21 18,1,70,,40262,43,0,20 14 21 18,1,30,,40263,43,0,20 14 21 18,1,70,,40276,43,0,20 14 21 18,1,30,,40268,43,0,20 14 21 18,1,70,,40264,43,0,20 14 21 18,1,30,,40277,43,0,20 14 21 18,1,70,,40271,43,0,20 14 21 18,1,30,,40266,43,0,20 14 21 18,1,70,,40259,43,0,20 14 21 18,1,30,,40265,43,0,20 14 21 18,1,70,,40270,43,0,20 14 21 18,1,30,,40267,43,0,20 14 21 18,1,99,,40272,43,0,20 14 21 18,1
42301,'1',734,,41610,16,0,20 30 31,1,100,,41611,16,0,20 30 31,1,100,,41614,16,0,20 30 31,1,101,,41607,16,0,20 30 31,1,100,,41608,16,0,20 30 31,1,100,,41617,16,0,20 30 31,1,100,,41613,16,0,20 30 31,1,102,,41606,16,0,20 30 31,1,100,,41609,16,0,20 30 31,1,100,,41616,16,0,20 30 31,1,100,,32487,16,0,20 30 31,1,100,,41618,16,0,20 30 31,1,98,,41612,16,0,20 30 31,1,100,,41615,16,0,20 30 31,1,100,,41619,16,0,20 30 31,1,100,,41620,16,0,20 30 31,1
