31501,'15',614,,12552,30,0,20 14 35 26,1,30,,12556,30,0,20 14 35 26,1,70,,12557,30,0,20 14 35 26,1,30,,12575,30,0,20 14 35 26,1,70,,12553,30,0,20 14 35 26,1,30,,12560,30,0,20 14 35 26,1,70,,12569,30,0,20 14 35 26,1,30,,12570,30,0,20 14 35 26,1,70,,12564,30,0,20 14 35 26,1,30,,12572,30,0,20 14 35 26,1,70,,12574,30,0,20 14 35 26,1,30,,12563,30,0,20 14 35 26,1,70,,12555,30,0,20 14 35 26,1,30,,12554,30,0,20 14 35 26,1,70,,12565,30,0,20 14 35 26,1,30,,12571,30,0,20 14 35 26,1,71,,12573,30,0,20 14 35 26,1,30,,12562,30,0,20 14 35 26,1,70,,12568,30,0,20 14 35 26,1,30,,12567,30,0,20 14 35 26,1,70,,12566,30,0,20 14 35 26,1,30,,12559,30,0,20 14 35 26,1,70,,12561,30,0,20 14 35 26,1,30,,12558,30,0,20 14 35 26,1
31501,'16',614,,12576,30,0,20 14 35 26,1,30,,12579,30,0,20 14 35 26,1,70,,12580,30,0,20 14 35 26,1,30,,12592,30,0,20 14 35 26,1,70,,12577,30,0,20 14 35 26,1,30,,12582,30,0,20 14 35 26,1,70,,7968,30,0,20 14 35 26,1,30,,12588,30,0,20 14 35 26,1,70,,12585,30,0,20 14 35 26,1,30,,1395,30,0,20 14 35 26,1,70,,12591,30,0,20 14 35 26,1,30,,8740,30,0,20 14 35 26,1,70,,8736,30,0,20 14 35 26,1,30,,12578,30,0,20 14 35 26,1,70,,12586,30,0,20 14 35 26,1,30,,12589,30,0,20 14 35 26,1,71,,12590,30,0,20 14 35 26,1,30,,12584,30,0,20 14 35 26,1,70,,12587,30,0,20 14 35 26,1,30,,2259,30,0,20 14 35 26,1,70,,4028,30,0,20 14 35 26,1,30,,8291,30,0,20 14 35 26,1,70,,12583,30,0,20 14 35 26,1,30,,12581,30,0,20 14 35 26,1
31501,'17',614,,12593,30,0,20 14 35 26,1,30,,12596,30,0,20 14 35 26,1,70,,12597,30,0,20 14 35 26,1,30,,12609,30,0,20 14 35 26,1,70,,12594,30,0,20 14 35 26,1,30,,12599,30,0,20 14 35 26,1,70,,7974,30,0,20 14 35 26,1,30,,12605,30,0,20 14 35 26,1,70,,12602,30,0,20 14 35 26,1,30,,1418,30,0,20 14 35 26,1,70,,12608,30,0,20 14 35 26,1,30,,8750,30,0,20 14 35 26,1,70,,8746,30,0,20 14 35 26,1,30,,12595,30,0,20 14 35 26,1,70,,12603,30,0,20 14 35 26,1,30,,12606,30,0,20 14 35 26,1,71,,12607,30,0,20 14 35 26,1,30,,12601,30,0,20 14 35 26,1,70,,12604,30,0,20 14 35 26,1,30,,2284,30,0,20 14 35 26,1,70,,4043,30,0,20 14 35 26,1,30,,8297,30,0,20 14 35 26,1,70,,12600,30,0,20 14 35 26,1,30,,12598,30,0,20 14 35 26,1
31501,'19',614,,12610,30,0,20 14 35 26,1,30,,12614,30,0,20 14 35 26,1,70,,12615,30,0,20 14 35 26,1,30,,12633,30,0,20 14 35 26,1,70,,12611,30,0,20 14 35 26,1,30,,12617,30,0,20 14 35 26,1,70,,12626,30,0,20 14 35 26,1,30,,12628,30,0,20 14 35 26,1,70,,12621,30,0,20 14 35 26,1,30,,12630,30,0,20 14 35 26,1,70,,12632,30,0,20 14 35 26,1,30,,12620,30,0,20 14 35 26,1,70,,12613,30,0,20 14 35 26,1,30,,12612,30,0,20 14 35 26,1,70,,12622,30,0,20 14 35 26,1,30,,12629,30,0,20 14 35 26,1,71,,12631,30,0,20 14 35 26,1,30,,12619,30,0,20 14 35 26,1,70,,12625,30,0,20 14 35 26,1,30,,12624,30,0,20 14 35 26,1,70,,12623,30,0,20 14 35 26,1,30,,12627,30,0,20 14 35 26,1,70,,12618,30,0,20 14 35 26,1,30,,12616,30,0,20 14 35 26,1
31501,'5',614,,12634,30,0,20 14 35 26,1,30,,12637,30,0,20 14 35 26,1,70,,3273,30,0,20 14 35 26,1,30,,12650,30,0,20 14 35 26,1,70,,12635,30,0,20 14 35 26,1,30,,12639,30,0,20 14 35 26,1,70,,8024,30,0,20 14 35 26,1,30,,12646,30,0,20 14 35 26,1,70,,12642,30,0,20 14 35 26,1,30,,1441,30,0,20 14 35 26,1,70,,12649,30,0,20 14 35 26,1,30,,8770,30,0,20 14 35 26,1,70,,8766,30,0,20 14 35 26,1,30,,12636,30,0,20 14 35 26,1,70,,12643,30,0,20 14 35 26,1,30,,12647,30,0,20 14 35 26,1,71,,12648,30,0,20 14 35 26,1,30,,12641,30,0,20 14 35 26,1,70,,12644,30,0,20 14 35 26,1,30,,2309,30,0,20 14 35 26,1,70,,4073,30,0,20 14 35 26,1,30,,12645,30,0,20 14 35 26,1,70,,12640,30,0,20 14 35 26,1,30,,12638,30,0,20 14 35 26,1
31501,'6',614,,12651,30,0,20 14 35 26,1,30,,12655,30,0,20 14 35 26,1,70,,12656,30,0,20 14 35 26,1,30,,12674,30,0,20 14 35 26,1,70,,12652,30,0,20 14 35 26,1,30,,12659,30,0,20 14 35 26,1,70,,12668,30,0,20 14 35 26,1,30,,12669,30,0,20 14 35 26,1,70,,12663,30,0,20 14 35 26,1,30,,12671,30,0,20 14 35 26,1,70,,12673,30,0,20 14 35 26,1,30,,12662,30,0,20 14 35 26,1,70,,12654,30,0,20 14 35 26,1,30,,12653,30,0,20 14 35 26,1,70,,12664,30,0,20 14 35 26,1,30,,12670,30,0,20 14 35 26,1,71,,12672,30,0,20 14 35 26,1,30,,12661,30,0,20 14 35 26,1,70,,12667,30,0,20 14 35 26,1,30,,12666,30,0,20 14 35 26,1,70,,12665,30,0,20 14 35 26,1,30,,12658,30,0,20 14 35 26,1,70,,12660,30,0,20 14 35 26,1,30,,12657,30,0,20 14 35 26,1
41501,'1',1130,,18911,30,0,20 14 34,1,100,,18912,30,0,20 14 34,1,100,,18913,30,0,20 14 34,1,101,,18908,30,0,20 14 34,1,100,,18907,30,0,20 14 34,1,100,,18910,30,0,20 14 34,1,100,,18909,30,0,20 14 34,1
41501,'10',658,,18921,30,0,20 14 34,1,71,,18939,30,0,20 14 34,1,30,,18938,30,0,20 14 34,1,70,,18917,30,0,20 14 34,1,30,,18928,30,0,20 14 34,1,70,,18918,30,0,20 14 34,1,30,,18926,30,0,20 14 34,1,71,,18914,30,0,20 14 34,1,70,,18930,30,0,20 14 34,1,30,,18941,30,0,20 14 34,1,70,,18936,30,0,20 14 34,1,30,,18925,30,0,20 14 34,1,70,,18924,30,0,20 14 34,1,30,,18934,30,0,20 14 34,1,70,,18937,30,0,20 14 34,1,31,,18933,30,0,20 14 34,1,70,,18932,30,0,20 14 34,1,30,,18915,30,0,20 14 34,1,70,,18927,30,0,20 14 34,1,30,,18922,30,0,20 14 34,1,70,,18931,30,0,20 14 34,1,30,,18940,30,0,20 14 34,1,70,,18919,30,0,20 14 34,1,30,,18920,30,0,20 14 34,1,97,,18916,30,0,20 14 34,1,100,,18935,30,0,20 14 34,1,100,,18923,30,0,20 14 34,1,100,,18929,30,0,20 14 34,1,100,,18942,30,0,20 14 34,1
41501,'12',929,,18956,30,0,20 14 34,1,101,,18959,30,0,20 14 34,1,70,,18950,30,0,20 14 34,1,30,,18945,30,0,20 14 34,1,70,,6689,30,0,20 14 34,1,30,,18949,30,0,20 14 34,1,70,,18957,30,0,20 14 34,1,30,,18944,30,0,20 14 34,1,70,,18943,30,0,20 14 34,1,31,,6690,30,0,20 14 34,1,70,,18946,30,0,20 14 34,1,30,,18953,30,0,20 14 34,1,70,,18951,30,0,20 14 34,1,30,,18954,30,0,20 14 34,1,70,,18948,30,0,20 14 34,1,30,,18947,30,0,20 14 34,1,70,,18958,30,0,20 14 34,1,30,,18955,30,0,20 14 34,1,97,,18952,30,0,20 14 34,1
41501,'15',1816,,18960,30,0,20 14 34,1,30,,18965,30,0,20 14 34,1,82,,18961,30,0,20 14 34,1,100,,18964,30,0,20 14 34,1,100,,18963,30,0,20 14 34,1,100,,18966,30,0,20 14 34,1,100,,18962,30,0,20 14 34,1
41501,'16',1816,,18967,30,0,20 14 34,1,30,,610,30,0,20 14 34,1,82,,5545,30,0,20 14 34,1,100,,266,30,0,20 14 34,1,100,,18968,30,0,20 14 34,1,100,,18969,30,0,20 14 34,1,100,,1667,30,0,20 14 34,1
41501,'17',1816,,18970,30,0,20 14 34,1,30,,635,30,0,20 14 34,1,82,,5595,30,0,20 14 34,1,100,,316,30,0,20 14 34,1,100,,18971,30,0,20 14 34,1,100,,18972,30,0,20 14 34,1,100,,1690,30,0,20 14 34,1
41501,'19',1816,,18973,30,0,20 14 34,1,30,,18976,30,0,20 14 34,1,82,,18974,30,0,20 14 34,1,100,,18978,30,0,20 14 34,1,100,,18977,30,0,20 14 34,1,100,,18979,30,0,20 14 34,1,100,,18975,30,0,20 14 34,1
41501,'21',658,,18986,30,0,20 14 34,1,71,,19004,30,0,20 14 34,1,30,,19003,30,0,20 14 34,1,70,,18983,30,0,20 14 34,1,30,,18993,30,0,20 14 34,1,70,,5377,30,0,20 14 34,1,30,,18991,30,0,20 14 34,1,71,,18980,30,0,20 14 34,1,70,,18995,30,0,20 14 34,1,30,,19006,30,0,20 14 34,1,70,,19001,30,0,20 14 34,1,30,,18990,30,0,20 14 34,1,70,,18989,30,0,20 14 34,1,30,,18999,30,0,20 14 34,1,70,,19002,30,0,20 14 34,1,31,,18998,30,0,20 14 34,1,70,,18997,30,0,20 14 34,1,30,,18981,30,0,20 14 34,1,70,,18992,30,0,20 14 34,1,30,,18987,30,0,20 14 34,1,70,,18996,30,0,20 14 34,1,30,,19005,30,0,20 14 34,1,70,,18984,30,0,20 14 34,1,30,,18985,30,0,20 14 34,1,97,,18982,30,0,20 14 34,1,100,,19000,30,0,20 14 34,1,100,,18988,30,0,20 14 34,1,100,,18994,30,0,20 14 34,1,100,,19007,30,0,20 14 34,1
41501,'5',1816,,19008,30,0,20 14 34,1,30,,19009,30,0,20 14 34,1,82,,5725,30,0,20 14 34,1,100,,366,30,0,20 14 34,1,100,,19010,30,0,20 14 34,1,100,,19011,30,0,20 14 34,1,100,,1713,30,0,20 14 34,1
41501,'6',1816,,19012,30,0,20 14 34,1,30,,19017,30,0,20 14 34,1,82,,19013,30,0,20 14 34,1,100,,19016,30,0,20 14 34,1,100,,19015,30,0,20 14 34,1,100,,19018,30,0,20 14 34,1,100,,19014,30,0,20 14 34,1
