32101,'15',723,,14183,24,0,56,1,100,,14182,24,0,56,1,100,,14189,24,0,56,1,100,,14184,24,0,56,1,100,,14187,24,0,56,1,100,,14179,24,0,56,1,100,,14188,24,0,56,1,102,,14185,24,0,56,1,100,,14190,24,0,56,1,100,,14186,24,0,56,1,100,,14180,24,0,56,1,100,,14181,24,0,56,1
32101,'16',723,,14194,24,0,56,1,100,,14193,24,0,56,1,100,,14198,24,0,56,1,100,,427,24,0,56,1,100,,14196,24,0,56,1,100,,14191,24,0,56,1,100,,5271,24,0,56,1,102,,14197,24,0,56,1,100,,14195,24,0,56,1,100,,14192,24,0,56,1,100,,3553,24,0,56,1,100,,617,24,0,56,1
32101,'17',723,,14202,24,0,56,1,100,,14201,24,0,56,1,100,,14206,24,0,56,1,100,,450,24,0,56,1,100,,14204,24,0,56,1,100,,14199,24,0,56,1,100,,5321,24,0,56,1,102,,14205,24,0,56,1,100,,14203,24,0,56,1,100,,14200,24,0,56,1,100,,3578,24,0,56,1,100,,641,24,0,56,1
32101,'19',723,,14211,24,0,56,1,100,,14210,24,0,56,1,100,,14217,24,0,56,1,100,,14212,24,0,56,1,100,,14215,24,0,56,1,100,,14208,24,0,56,1,100,,14216,24,0,56,1,102,,14214,24,0,56,1,100,,14209,24,0,56,1,100,,14207,24,0,56,1,100,,14213,24,0,56,1,100,,14218,24,0,56,1
32101,'5',723,,14223,24,0,56,1,100,,14222,24,0,56,1,100,,14226,24,0,56,1,100,,473,24,0,56,1,100,,14225,24,0,56,1,100,,14220,24,0,56,1,100,,5451,24,0,56,1,102,,14224,24,0,56,1,100,,14221,24,0,56,1,100,,14219,24,0,56,1,100,,954,24,0,56,1,100,,14227,24,0,56,1
32101,'6',723,,14232,24,0,56,1,100,,14231,24,0,56,1,100,,14238,24,0,56,1,100,,14233,24,0,56,1,100,,14236,24,0,56,1,100,,14228,24,0,56,1,100,,14237,24,0,56,1,102,,14234,24,0,56,1,100,,14239,24,0,56,1,100,,14235,24,0,56,1,100,,14229,24,0,56,1,100,,14230,24,0,56,1
42101,'1',1123,,20150,24,0,56,1,100,,778,24,0,56,1,100,,20154,24,0,56,1,101,,20153,24,0,56,1,100,,20152,24,0,56,1,100,,20149,24,0,56,1,100,,20151,24,0,56,1
42101,'10',723,,20170,24,0,56,1,100,,20160,24,0,56,1,100,,20155,24,0,56,1,100,,20169,24,0,56,1,100,,20159,24,0,56,1,100,,20167,24,0,56,1,100,,20164,24,0,56,1,101,,20156,24,0,56,1,100,,20162,24,0,56,1,100,,20171,24,0,56,1,100,,20158,24,0,56,1,100,,20163,24,0,56,1,100,,20166,24,0,56,1,100,,20161,24,0,56,1,100,,20168,24,0,56,1,100,,20157,24,0,56,1,100,,20165,24,0,56,1
42101,'12',923,,5966,24,0,56,1,100,,20180,24,0,56,1,100,,20179,24,0,56,1,100,,20172,24,0,56,1,100,,20182,24,0,56,1,101,,20181,24,0,56,1,100,,20177,24,0,56,1,100,,20175,24,0,56,1,100,,20174,24,0,56,1,100,,20173,24,0,56,1,100,,20178,24,0,56,1,100,,20176,24,0,56,1
42101,'15',1924,,20187,24,0,56,1,100,,20183,24,0,56,1,100,,20186,24,0,56,1,100,,20185,24,0,56,1,100,,20184,24,0,56,1
42101,'16',1924,,20192,24,0,56,1,100,,20188,24,0,56,1,100,,20191,24,0,56,1,100,,20190,24,0,56,1,100,,20189,24,0,56,1
42101,'17',1924,,20197,24,0,56,1,100,,20193,24,0,56,1,100,,20196,24,0,56,1,100,,20195,24,0,56,1,100,,20194,24,0,56,1
42101,'19',1924,,20202,24,0,56,1,100,,20198,24,0,56,1,100,,20201,24,0,56,1,100,,20200,24,0,56,1,100,,20199,24,0,56,1
42101,'21',723,,20216,24,0,56,1,100,,20208,24,0,56,1,100,,20203,24,0,56,1,100,,20215,24,0,56,1,100,,20207,24,0,56,1,100,,20214,24,0,56,1,100,,20211,24,0,56,1,101,,20204,24,0,56,1,100,,7756,24,0,56,1,100,,20217,24,0,56,1,100,,20206,24,0,56,1,100,,20210,24,0,56,1,100,,20213,24,0,56,1,100,,20209,24,0,56,1,100,,5684,24,0,56,1,100,,20205,24,0,56,1,100,,20212,24,0,56,1
42101,'5',1924,,20222,24,0,56,1,100,,20218,24,0,56,1,100,,20221,24,0,56,1,100,,20220,24,0,56,1,100,,20219,24,0,56,1
42101,'6',1924,,20227,24,0,56,1,100,,20223,24,0,56,1,100,,20226,24,0,56,1,100,,20225,24,0,56,1,100,,20224,24,0,56,1
