31601,'1',714,,23416,7,,,1,15,,23447,7,,,1,15,,23433,7,,,1,15,,23413,7,,,1,55,,23430,7,,,1,15,,23446,7,,,1,15,,16358,7,,,1,15,,23435,7,,,1,55,,19024,7,,,1,15,,23414,7,,,1,15,,23436,7,,,1,15,,23437,7,,,1,55,,23434,7,,,1,15,,23418,7,,,1,15,,23438,7,,,1,15,,23449,7,,,1,55,,23424,7,,,1,15,,23419,7,,,1,15,,23443,7,,,1,15,,21341,7,,,1,55,,23423,7,,,1,15,,23429,7,,,1,15,,23417,7,,,1,15,,23432,7,,,1,55,,23425,7,,,1,15,,23439,7,,,1,15,,23448,7,,,1,15,,23415,7,,,1,55,,23412,7,,,1,15,,23442,7,,,1,15,,23426,7,,,1,15,,23409,7,,,1,55,,23445,7,,,1,15,,23441,7,,,1,15,,23431,7,,,1,15,,23408,7,,,1,55,,23427,7,,,1,15,,23444,7,,,1,15,,23450,7,,,1,15,,23422,7,,,1,55,,23428,7,,,1,15,,23421,7,,,1,15,,15944,7,,,1,15,,23420,7,,,1,55,,23440,7,,,1,15,,23411,7,,,1,15,,23410,7,,,1
31601,'10',714,,4316,7,,,1,15,,23483,7,,,1,15,,23471,7,,,1,15,,23453,7,,,1,55,,23468,7,,,1,15,,23481,7,,,1,15,,23465,7,,,1,15,,17965,7,,,1,55,,23467,7,,,1,15,,2945,7,,,1,15,,17735,7,,,1,15,,23472,7,,,1,55,,17132,7,,,1,15,,23456,7,,,1,15,,641,7,,,1,15,,17849,7,,,1,55,,23462,7,,,1,15,,23457,7,,,1,15,,23478,7,,,1,15,,23475,7,,,1,55,,23461,7,,,1,15,,12028,7,,,1,15,,23455,7,,,1,15,,23470,7,,,1,55,,23463,7,,,1,15,,23473,7,,,1,15,,23484,7,,,1,15,,23454,7,,,1,55,,23452,7,,,1,15,,23477,7,,,1,15,,23464,7,,,1,15,,14489,7,,,1,55,,23480,7,,,1,15,,23476,7,,,1,15,,23469,7,,,1,15,,23451,7,,,1,55,,23466,7,,,1,15,,23479,7,,,1,15,,23485,7,,,1,15,,23460,7,,,1,55,,1018,7,,,1,15,,23459,7,,,1,15,,23482,7,,,1,15,,23458,7,,,1,55,,23474,7,,,1,15,,12270,7,,,1,15,,99,7,,,1
31601,'3',714,,23491,7,,,1,15,,23520,7,,,1,15,,23507,7,,,1,15,,23489,7,,,1,55,,23504,7,,,1,15,,23518,7,,,1,15,,23501,7,,,1,15,,18003,7,,,1,55,,23503,7,,,1,15,,3019,7,,,1,15,,17774,7,,,1,15,,23508,7,,,1,55,,17206,7,,,1,15,,23493,7,,,1,15,,23509,7,,,1,15,,17886,7,,,1,55,,23498,7,,,1,15,,23494,7,,,1,15,,23515,7,,,1,15,,23512,7,,,1,55,,23497,7,,,1,15,,12072,7,,,1,15,,23492,7,,,1,15,,23506,7,,,1,55,,23499,7,,,1,15,,23510,7,,,1,15,,23521,7,,,1,15,,23490,7,,,1,55,,23488,7,,,1,15,,23514,7,,,1,15,,23500,7,,,1,15,,23487,7,,,1,55,,23517,7,,,1,15,,23513,7,,,1,15,,23505,7,,,1,15,,23486,7,,,1,55,,23502,7,,,1,15,,23516,7,,,1,15,,23522,7,,,1,15,,20140,7,,,1,55,,1042,7,,,1,15,,23496,7,,,1,15,,23519,7,,,1,15,,23495,7,,,1,55,,23511,7,,,1,15,,12303,7,,,1,15,,146,7,,,1
33601,'1',714,,24378,7,0,57 18,1,30,,24371,7,0,57 18,1,70,,24375,7,0,57 18,1,30,,24390,7,0,57 18,1,70,,24386,7,0,57 18,1,30,,19365,7,0,57 18,1,70,,24384,7,0,57 18,1,30,,24374,7,0,57 18,1,70,,24382,7,0,57 18,1,30,,24379,7,0,57 18,1,70,,24373,7,0,57 18,1,30,,24370,7,0,57 18,1,70,,24376,7,0,57 18,1,30,,24380,7,0,57 18,1,70,,24385,7,0,57 18,1,30,,24389,7,0,57 18,1,70,,24377,7,0,57 18,1,30,,24387,7,0,57 18,1,70,,21000,7,0,57 18,1,30,,24383,7,0,57 18,1,70,,24388,7,0,57 18,1,30,,24381,7,0,57 18,1,70,,24372,7,0,57 18,1
33601,'10',714,,24400,7,0,57 18,1,30,,24393,7,0,57 18,1,70,,24397,7,0,57 18,1,30,,24412,7,0,57 18,1,70,,24409,7,0,57 18,1,30,,24391,7,0,57 18,1,70,,24407,7,0,57 18,1,30,,24396,7,0,57 18,1,70,,24405,7,0,57 18,1,30,,24401,7,0,57 18,1,70,,24395,7,0,57 18,1,30,,24392,7,0,57 18,1,70,,24398,7,0,57 18,1,30,,24402,7,0,57 18,1,70,,24408,7,0,57 18,1,30,,24411,7,0,57 18,1,70,,24399,7,0,57 18,1,30,,24410,7,0,57 18,1,70,,24404,7,0,57 18,1,30,,24406,7,0,57 18,1,70,,4606,7,0,57 18,1,30,,24403,7,0,57 18,1,70,,24394,7,0,57 18,1
33601,'3',714,,24422,7,0,57 18,1,30,,24415,7,0,57 18,1,70,,24419,7,0,57 18,1,30,,24434,7,0,57 18,1,70,,24431,7,0,57 18,1,30,,24413,7,0,57 18,1,70,,24429,7,0,57 18,1,30,,24418,7,0,57 18,1,70,,24427,7,0,57 18,1,30,,24423,7,0,57 18,1,70,,24417,7,0,57 18,1,30,,24414,7,0,57 18,1,70,,24420,7,0,57 18,1,30,,24424,7,0,57 18,1,70,,24430,7,0,57 18,1,30,,24433,7,0,57 18,1,70,,24421,7,0,57 18,1,30,,24432,7,0,57 18,1,70,,24426,7,0,57 18,1,30,,24428,7,0,57 18,1,70,,12076,7,0,57 18,1,30,,24425,7,0,57 18,1,70,,24416,7,0,57 18,1
41601,'1',1904,,26505,7,,,1,30,,26504,7,,,1,70,,26503,7,,,1,30,,26499,7,,,1,70,,26500,7,,,1,30,,26501,7,,,1,70,,18017,7,,,1,30,,26502,7,,,1,70,,26498,7,,,1,30,,26506,7,,,1
41601,'10',1904,,26513,7,,,1,30,,26512,7,,,1,70,,26511,7,,,1,30,,7247,7,,,1,70,,5301,7,,,1,30,,26508,7,,,1,70,,26510,7,,,1,30,,26509,7,,,1,70,,26507,7,,,1,30,,26514,7,,,1
41601,'11',859,,26531,7,,,1,70,,26525,7,,,1,30,,26521,7,,,1,70,,26518,7,,,1,30,,26529,7,,,1,70,,26516,7,,,1,30,,26532,7,,,1,70,,26515,7,,,1,30,,26530,7,,,1,70,,26526,7,,,1,30,,26519,7,,,1,70,,12838,7,,,1,30,,15461,7,,,1,70,,26523,7,,,1,30,,26522,7,,,1,70,,26527,7,,,1,30,,26528,7,,,1,70,,11918,7,,,1,30,,26524,7,,,1,70,,26520,7,,,1,30,,11644,7,,,1,70,,12059,7,,,1,30,,14149,7,,,1,70,,26517,7,,,1
41601,'13',734,,26566,7,,,1,70,,26541,7,,,1,30,,26535,7,,,1,70,,26553,7,,,1,25,,26551,7,,,1,30,,26567,7,,,1,70,,26555,7,,,1,30,,26549,7,,,1,70,,26562,7,,,1,30,,26533,7,,,1,70,,26547,7,,,1,30,,26558,7,,,1,70,,26565,7,,,1,30,,26545,7,,,1,70,,26544,7,,,1,30,,26552,7,,,1,70,,26538,7,,,1,30,,26556,7,,,1,70,,26548,7,,,1,30,,26568,7,,,1,70,,26554,7,,,1,30,,26546,7,,,1,75,,26563,7,,,1,70,,26569,7,,,1,30,,26543,7,,,1,70,,26557,7,,,1,30,,26539,7,,,1,70,,26534,7,,,1,30,,26560,7,,,1,67,,26536,7,,,1,3,,26540,7,,,1,27,,26561,7,,,1,3,,26564,7,,,1,67,,26559,7,,,1,3,,26542,7,,,1,27,,26537,7,,,1,3,,26550,7,,,1
41601,'3',1904,,26578,7,,,1,30,,26577,7,,,1,70,,26576,7,,,1,30,,26571,7,,,1,70,,26572,7,,,1,30,,26573,7,,,1,70,,26575,7,,,1,30,,26574,7,,,1,70,,26570,7,,,1,30,,26579,7,,,1
41601,'8',859,,26601,7,,,1,70,,18465,7,,,1,30,,26587,7,,,1,70,,26583,7,,,1,30,,26598,7,,,1,70,,26581,7,,,1,30,,19762,7,,,1,70,,26580,7,,,1,30,,26599,7,,,1,70,,26594,7,,,1,30,,26584,7,,,1,70,,26585,7,,,1,30,,26589,7,,,1,70,,26591,7,,,1,30,,26590,7,,,1,70,,26596,7,,,1,30,,26597,7,,,1,70,,26595,7,,,1,30,,26592,7,,,1,70,,26586,7,,,1,30,,26588,7,,,1,70,,26600,7,,,1,30,,26593,7,,,1,70,,26582,7,,,1
