31801,'15',616,,18153,0,45 50,1,30,,18157,0,45 50,1,71,,18150,0,45 50,1,30,,18152,0,45 50,1,70,,18141,0,45 50,1,30,,18144,0,45 50,1,70,,18143,0,45 50,1,30,,18146,0,45 50,1,71,,18155,0,45 50,1,30,,18139,0,45 50,1,70,,18162,0,45 50,1,30,,18160,0,45 50,1,70,,18140,0,45 50,1,30,,18158,0,45 50,1,70,,18145,0,45 50,1,30,,18159,0,45 50,1,68,,18163,0,45 50,1,30,,18147,0,45 50,1,70,,18148,0,45 50,1,30,,18161,0,45 50,1,70,,18142,0,45 50,1,30,,18151,0,45 50,1,70,,18156,0,45 50,1,30,,18149,0,45 50,1,73,,18138,0,45 50,1,28,,18154,0,45 50,1
31801,'16',616,,18177,0,45 50,1,30,,18180,0,45 50,1,71,,18174,0,45 50,1,30,,18176,0,45 50,1,70,,18167,0,45 50,1,30,,8497,0,45 50,1,70,,18170,0,45 50,1,30,,6038,0,45 50,1,71,,8784,0,45 50,1,30,,18165,0,45 50,1,70,,18184,0,45 50,1,30,,18183,0,45 50,1,70,,18166,0,45 50,1,30,,18181,0,45 50,1,70,,18171,0,45 50,1,30,,18182,0,45 50,1,68,,18185,0,45 50,1,30,,18172,0,45 50,1,70,,18173,0,45 50,1,30,,18168,0,45 50,1,70,,18169,0,45 50,1,30,,18175,0,45 50,1,70,,18179,0,45 50,1,30,,18178,0,45 50,1,73,,18164,0,45 50,1,28,,7756,0,45 50,1
31801,'17',616,,18200,0,45 50,1,30,,18203,0,45 50,1,71,,18197,0,45 50,1,30,,18199,0,45 50,1,70,,18189,0,45 50,1,30,,2758,0,45 50,1,70,,18192,0,45 50,1,30,,18194,0,45 50,1,71,,2048,0,45 50,1,30,,18187,0,45 50,1,70,,18207,0,45 50,1,30,,18206,0,45 50,1,70,,18188,0,45 50,1,30,,18204,0,45 50,1,70,,18193,0,45 50,1,30,,18205,0,45 50,1,68,,18208,0,45 50,1,30,,18195,0,45 50,1,70,,18196,0,45 50,1,30,,18190,0,45 50,1,70,,18191,0,45 50,1,30,,18198,0,45 50,1,70,,18202,0,45 50,1,30,,18201,0,45 50,1,73,,18186,0,45 50,1,28,,7768,0,45 50,1
31801,'19',616,,18223,0,45 50,1,30,,18227,0,45 50,1,71,,18221,0,45 50,1,30,,18222,0,45 50,1,70,,18212,0,45 50,1,30,,18215,0,45 50,1,70,,18214,0,45 50,1,30,,18217,0,45 50,1,71,,18225,0,45 50,1,30,,18210,0,45 50,1,70,,18232,0,45 50,1,30,,18231,0,45 50,1,70,,18211,0,45 50,1,30,,18229,0,45 50,1,70,,18216,0,45 50,1,30,,18230,0,45 50,1,68,,18233,0,45 50,1,30,,18218,0,45 50,1,70,,18220,0,45 50,1,30,,18219,0,45 50,1,70,,18213,0,45 50,1,30,,11446,0,45 50,1,70,,18226,0,45 50,1,30,,18228,0,45 50,1,73,,18209,0,45 50,1,28,,18224,0,45 50,1
31801,'5',616,,18247,0,45 50,1,30,,18249,0,45 50,1,71,,18244,0,45 50,1,30,,18246,0,45 50,1,70,,18237,0,45 50,1,30,,8538,0,45 50,1,70,,18239,0,45 50,1,30,,18240,0,45 50,1,71,,2036,0,45 50,1,30,,18235,0,45 50,1,70,,18254,0,45 50,1,30,,18253,0,45 50,1,70,,18236,0,45 50,1,30,,18251,0,45 50,1,70,,9569,0,45 50,1,30,,18252,0,45 50,1,68,,18255,0,45 50,1,30,,18241,0,45 50,1,70,,18243,0,45 50,1,30,,18242,0,45 50,1,70,,18238,0,45 50,1,30,,18245,0,45 50,1,70,,18248,0,45 50,1,30,,18250,0,45 50,1,73,,18234,0,45 50,1,28,,7779,0,45 50,1
31801,'6',616,,18271,0,45 50,1,30,,18275,0,45 50,1,71,,18268,0,45 50,1,30,,18270,0,45 50,1,70,,18259,0,45 50,1,30,,18262,0,45 50,1,70,,18261,0,45 50,1,30,,18264,0,45 50,1,71,,18273,0,45 50,1,30,,18257,0,45 50,1,70,,18280,0,45 50,1,30,,18278,0,45 50,1,70,,18258,0,45 50,1,30,,18276,0,45 50,1,70,,18263,0,45 50,1,30,,18277,0,45 50,1,68,,18281,0,45 50,1,30,,18265,0,45 50,1,70,,18266,0,45 50,1,30,,18279,0,45 50,1,70,,18260,0,45 50,1,30,,18269,0,45 50,1,70,,18274,0,45 50,1,30,,18267,0,45 50,1,73,,18256,0,45 50,1,28,,18272,0,45 50,1
41801,'1',1203,,24136,0,45 50,1,100,,24140,0,45 50,1,100,,6630,0,45 50,1,100,,24138,0,45 50,1,100,,10301,0,45 50,1,100,,24137,0,45 50,1,100,,24139,0,45 50,1
41801,'10',632,,24164,0,45 50,1,70,,24161,0,45 50,1,30,,24166,0,45 50,1,70,,24151,0,45 50,1,30,,24143,0,45 50,1,70,,24170,0,45 50,1,30,,24154,0,45 50,1,70,,24147,0,45 50,1,31,,24157,0,45 50,1,70,,24148,0,45 50,1,30,,24169,0,45 50,1,70,,24144,0,45 50,1,30,,24149,0,45 50,1,70,,24146,0,45 50,1,30,,24162,0,45 50,1,70,,24153,0,45 50,1,30,,24145,0,45 50,1,70,,24156,0,45 50,1,30,,24163,0,45 50,1,70,,24158,0,45 50,1,30,,24160,0,45 50,1,70,,24167,0,45 50,1,30,,24142,0,45 50,1,70,,24168,0,45 50,1,30,,24141,0,45 50,1,70,,24155,0,45 50,1,99,,24152,0,45 50,1,100,,24150,0,45 50,1,100,,24165,0,45 50,1,100,,24159,0,45 50,1
41801,'12',902,,24174,0,45 50,1,100,,24182,0,45 50,1,101,,24172,0,45 50,1,30,,24176,0,45 50,1,70,,24175,0,45 50,1,30,,24186,0,45 50,1,70,,24177,0,45 50,1,30,,24173,0,45 50,1,70,,24188,0,45 50,1,30,,24183,0,45 50,1,70,,3099,0,45 50,1,30,,24171,0,45 50,1,70,,24187,0,45 50,1,30,,24178,0,45 50,1,70,,24179,0,45 50,1,30,,24185,0,45 50,1,70,,24181,0,45 50,1,30,,24184,0,45 50,1,70,,12199,0,45 50,1,99,,24180,0,45 50,1
41801,'15',1903,,24191,0,45 50,1,99,,24192,0,45 50,1,100,,24189,0,45 50,1,100,,24190,0,45 50,1,100,,24193,0,45 50,1
41801,'16',1903,,24196,0,45 50,1,99,,24197,0,45 50,1,100,,24194,0,45 50,1,100,,24195,0,45 50,1,100,,24198,0,45 50,1
41801,'17',1903,,24201,0,45 50,1,99,,24202,0,45 50,1,100,,24199,0,45 50,1,100,,24200,0,45 50,1,100,,24203,0,45 50,1
41801,'19',1903,,10447,0,45 50,1,99,,24206,0,45 50,1,100,,24204,0,45 50,1,100,,24205,0,45 50,1,100,,24207,0,45 50,1
41801,'21',632,,24227,0,45 50,1,70,,24224,0,45 50,1,30,,24229,0,45 50,1,70,,24215,0,45 50,1,30,,24210,0,45 50,1,70,,24233,0,45 50,1,30,,24217,0,45 50,1,70,,24213,0,45 50,1,31,,24220,0,45 50,1,70,,11240,0,45 50,1,30,,24232,0,45 50,1,70,,4229,0,45 50,1,30,,24214,0,45 50,1,70,,24212,0,45 50,1,30,,24225,0,45 50,1,70,,24216,0,45 50,1,30,,24211,0,45 50,1,70,,24219,0,45 50,1,30,,24226,0,45 50,1,70,,24221,0,45 50,1,30,,24223,0,45 50,1,70,,24230,0,45 50,1,30,,24209,0,45 50,1,70,,24231,0,45 50,1,30,,24208,0,45 50,1,70,,24218,0,45 50,1,99,,11244,0,45 50,1,100,,4945,0,45 50,1,100,,24228,0,45 50,1,100,,24222,0,45 50,1
41801,'5',1903,,24236,0,45 50,1,99,,24237,0,45 50,1,100,,24234,0,45 50,1,100,,24235,0,45 50,1,100,,24238,0,45 50,1
41801,'6',1903,,24241,0,45 50,1,99,,24242,0,45 50,1,100,,24239,0,45 50,1,100,,24240,0,45 50,1,100,,24243,0,45 50,1
