31101,'11',614,,28329,27,0,43 44,1,30,,28323,27,0,43 44,1,70,,28320,27,0,43 44,1,30,,28315,27,0,43 44,1,70,,28324,27,0,43 44,1,30,,28335,27,0,43 44,1,70,,28318,27,0,43 44,1,30,,28319,27,0,43 44,1,70,,28322,27,0,43 44,1,30,,28317,27,0,43 44,1,70,,28316,27,0,43 44,1,30,,28327,27,0,43 44,1,70,,28334,27,0,43 44,1,30,,23612,27,0,43 44,1,70,,28333,27,0,43 44,1,30,,28326,27,0,43 44,1,70,,22228,27,0,43 44,1,32,,28321,27,0,43 44,1,70,,28331,27,0,43 44,1,30,,28328,27,0,43 44,1,70,,24496,27,0,43 44,1,30,,28330,27,0,43 44,1,70,,23262,27,0,43 44,1,30,,28332,27,0,43 44,1,70,,28325,27,0,43 44,1
31101,'3',614,,28350,27,0,43 44,1,30,,28344,27,0,43 44,1,70,,28341,27,0,43 44,1,30,,28336,27,0,43 44,1,70,,28345,27,0,43 44,1,30,,28356,27,0,43 44,1,70,,28339,27,0,43 44,1,30,,28340,27,0,43 44,1,70,,28343,27,0,43 44,1,30,,28338,27,0,43 44,1,70,,28337,27,0,43 44,1,30,,28348,27,0,43 44,1,70,,28355,27,0,43 44,1,30,,23632,27,0,43 44,1,70,,28354,27,0,43 44,1,30,,28347,27,0,43 44,1,70,,22247,27,0,43 44,1,32,,28342,27,0,43 44,1,70,,28352,27,0,43 44,1,30,,28349,27,0,43 44,1,70,,24603,27,0,43 44,1,30,,28351,27,0,43 44,1,70,,23285,27,0,43 44,1,30,,28353,27,0,43 44,1,70,,28346,27,0,43 44,1
31701,'11',629,,28814,38,0,62,1,30,,28817,38,0,62,1,70,,28823,38,0,62,1,30,,28807,38,0,62,1,70,,28810,38,0,62,1,30,,28821,38,0,62,1,70,,28822,38,0,62,1,30,,28805,38,0,62,1,71,,28803,38,0,62,1,70,,28806,38,0,62,1,30,,28808,38,0,62,1,70,,28816,38,0,62,1,30,,28811,38,0,62,1,70,,28813,38,0,62,1,30,,28825,38,0,62,1,70,,28819,38,0,62,1,31,,28804,38,0,62,1,70,,28818,38,0,62,1,30,,28815,38,0,62,1,70,,28812,38,0,62,1,30,,24029,38,0,62,1,70,,28809,38,0,62,1,30,,28820,38,0,62,1,70,,28824,38,0,62,1
31701,'3',629,,28837,38,0,62,1,30,,28840,38,0,62,1,70,,28846,38,0,62,1,30,,28830,38,0,62,1,70,,28833,38,0,62,1,30,,28844,38,0,62,1,70,,28845,38,0,62,1,30,,28828,38,0,62,1,71,,28826,38,0,62,1,70,,28829,38,0,62,1,30,,28831,38,0,62,1,70,,28839,38,0,62,1,30,,28834,38,0,62,1,70,,28836,38,0,62,1,30,,28848,38,0,62,1,70,,28842,38,0,62,1,31,,28827,38,0,62,1,70,,28841,38,0,62,1,30,,28838,38,0,62,1,70,,28835,38,0,62,1,30,,24055,38,0,62,1,70,,28832,38,0,62,1,30,,28843,38,0,62,1,70,,28847,38,0,62,1
41701,'1',632,,31991,32,0,62,1,70,,32011,32,0,62,1,30,,31997,32,0,62,1,70,,23600,32,0,62,1,30,,22835,32,0,62,1,70,,32000,32,0,62,1,30,,31998,32,0,62,1,70,,31992,32,0,62,1,32,,26889,32,0,62,1,70,,32013,32,0,62,1,30,,32014,32,0,62,1,70,,31993,32,0,62,1,30,,32002,32,0,62,1,70,,32005,32,0,62,1,30,,32001,32,0,62,1,70,,31999,32,0,62,1,30,,32003,32,0,62,1,70,,32008,32,0,62,1,30,,31994,32,0,62,1,70,,32012,32,0,62,1,30,,31990,32,0,62,1,70,,32010,32,0,62,1,30,,32009,32,0,62,1,70,,32007,32,0,62,1,30,,32006,32,0,62,1,98,,32004,32,0,62,1,100,,31996,32,0,62,1,100,,22901,32,0,62,1,100,,22196,32,0,62,1,100,,31995,32,0,62,1
41701,'11',1834,,32015,32,0,62,1,98,,32016,32,0,62,1,100,,32017,32,0,62,1,100,,32018,32,0,62,1,100,,32019,32,0,62,1,100,,25274,32,0,62,1
41701,'12',1134,,32021,32,0,62,1,100,,32025,32,0,62,1,100,,32024,32,0,62,1,100,,32022,32,0,62,1,100,,32023,32,0,62,1,100,,32020,32,0,62,1,100,,32026,32,0,62,1
41701,'14',632,,32029,32,0,62,1,70,,32051,32,0,62,1,30,,32035,32,0,62,1,70,,32041,32,0,62,1,30,,32036,32,0,62,1,70,,32038,32,0,62,1,30,,25386,32,0,62,1,70,,32030,32,0,62,1,32,,32028,32,0,62,1,70,,32053,32,0,62,1,30,,32054,32,0,62,1,70,,32031,32,0,62,1,30,,32040,32,0,62,1,70,,32044,32,0,62,1,30,,32039,32,0,62,1,70,,32037,32,0,62,1,30,,32042,32,0,62,1,70,,32048,32,0,62,1,30,,24778,32,0,62,1,70,,32052,32,0,62,1,30,,32027,32,0,62,1,70,,32050,32,0,62,1,30,,32049,32,0,62,1,70,,32047,32,0,62,1,30,,32046,32,0,62,1,98,,32043,32,0,62,1,100,,32034,32,0,62,1,100,,32045,32,0,62,1,100,,32033,32,0,62,1,100,,32032,32,0,62,1
41701,'3',1834,,32055,32,0,62,1,98,,32056,32,0,62,1,100,,32057,32,0,62,1,100,,32058,32,0,62,1,100,,32059,32,0,62,1,100,,25323,32,0,62,1
41701,'8',932,,32075,32,0,62,1,172,,32063,32,0,62,1,30,,32071,32,0,62,1,70,,32068,32,0,62,1,30,,32069,32,0,62,1,70,,32074,32,0,62,1,30,,32060,32,0,62,1,100,,32072,32,0,62,1,70,,32061,32,0,62,1,30,,32070,32,0,62,1,70,,32064,32,0,62,1,30,,32065,32,0,62,1,70,,32067,32,0,62,1,30,,32066,32,0,62,1,70,,32062,32,0,62,1,30,,32073,32,0,62,1,98,,25341,32,0,62,1
