30700,'12',642,,34058,22,0,65 14,1,70,,34054,22,0,65 14,1,30,,34056,22,0,65 14,1,70,,34047,22,0,65 14,1,30,,34062,22,0,65 14,1,70,,34049,22,0,65 14,1,30,,34061,22,0,65 14,1,71,,34053,22,0,65 14,1,30,,34044,22,0,65 14,1,70,,34051,22,0,65 14,1,30,,34050,22,0,65 14,1,70,,34060,22,0,65 14,1,30,,34057,22,0,65 14,1,70,,34045,22,0,65 14,1,30,,34048,22,0,65 14,1,70,,34065,22,0,65 14,1,30,,34055,22,0,65 14,1,70,,34052,22,0,65 14,1,30,,34043,22,0,65 14,1,70,,34064,22,0,65 14,1,30,,34063,22,0,65 14,1,70,,34046,22,0,65 14,1,30,,34059,22,0,65 14,1
30700,'13',642,,34080,22,0,65 14,1,70,,34077,22,0,65 14,1,30,,28551,22,0,65 14,1,70,,34070,22,0,65 14,1,30,,34084,22,0,65 14,1,70,,34072,22,0,65 14,1,30,,34083,22,0,65 14,1,71,,34076,22,0,65 14,1,30,,34067,22,0,65 14,1,70,,34074,22,0,65 14,1,30,,34073,22,0,65 14,1,70,,34082,22,0,65 14,1,30,,34079,22,0,65 14,1,70,,34068,22,0,65 14,1,30,,34071,22,0,65 14,1,70,,34087,22,0,65 14,1,30,,34078,22,0,65 14,1,70,,34075,22,0,65 14,1,30,,34066,22,0,65 14,1,70,,34086,22,0,65 14,1,30,,34085,22,0,65 14,1,70,,34069,22,0,65 14,1,30,,34081,22,0,65 14,1
30700,'3',642,,34102,22,0,65 14,1,70,,34099,22,0,65 14,1,30,,28573,22,0,65 14,1,70,,34092,22,0,65 14,1,30,,34106,22,0,65 14,1,70,,34094,22,0,65 14,1,30,,34105,22,0,65 14,1,71,,34098,22,0,65 14,1,30,,34089,22,0,65 14,1,70,,34096,22,0,65 14,1,30,,34095,22,0,65 14,1,70,,34104,22,0,65 14,1,30,,34101,22,0,65 14,1,70,,34090,22,0,65 14,1,30,,34093,22,0,65 14,1,70,,34109,22,0,65 14,1,30,,34100,22,0,65 14,1,70,,34097,22,0,65 14,1,30,,34088,22,0,65 14,1,70,,34108,22,0,65 14,1,30,,34107,22,0,65 14,1,70,,34091,22,0,65 14,1,30,,34103,22,0,65 14,1
30700,'6',642,,34125,22,0,65 14,1,70,,34121,22,0,65 14,1,30,,34123,22,0,65 14,1,70,,34114,22,0,65 14,1,30,,34129,22,0,65 14,1,70,,34116,22,0,65 14,1,30,,34128,22,0,65 14,1,71,,34120,22,0,65 14,1,30,,34111,22,0,65 14,1,70,,34118,22,0,65 14,1,30,,34117,22,0,65 14,1,70,,34127,22,0,65 14,1,30,,34124,22,0,65 14,1,70,,34112,22,0,65 14,1,30,,34115,22,0,65 14,1,70,,34132,22,0,65 14,1,30,,34122,22,0,65 14,1,70,,34119,22,0,65 14,1,30,,34110,22,0,65 14,1,70,,34131,22,0,65 14,1,30,,34130,22,0,65 14,1,70,,34113,22,0,65 14,1,30,,34126,22,0,65 14,1
41700,'1',630,,40762,37,0,67,1,70,,40769,37,0,67,1,31,,40763,37,0,67,1,70,,40774,37,0,67,1,30,,40775,37,0,67,1,70,,40782,37,0,67,1,30,,40768,37,0,67,1,70,,40767,37,0,67,1,30,,40783,37,0,67,1,70,,40765,37,0,67,1,30,,40778,37,0,67,1,70,,40771,37,0,67,1,30,,30428,37,0,67,1,70,,40764,37,0,67,1,30,,40781,37,0,67,1,70,,29674,37,0,67,1,30,,40772,37,0,67,1,70,,40773,37,0,67,1,30,,40761,37,0,67,1,70,,30086,37,0,67,1,30,,40766,37,0,67,1,70,,30078,37,0,67,1,30,,40776,37,0,67,1,70,,40777,37,0,67,1,30,,40779,37,0,67,1,100,,40760,37,0,67,1,100,,40770,37,0,67,1,100,,40759,37,0,67,1,100,,40780,37,0,67,1,100,,30781,37,0,67,1
41700,'11',630,,40787,37,0,67,1,70,,40795,37,0,67,1,31,,40788,37,0,67,1,70,,40801,37,0,67,1,30,,40802,37,0,67,1,70,,40811,37,0,67,1,30,,40793,37,0,67,1,70,,40792,37,0,67,1,30,,40813,37,0,67,1,70,,40790,37,0,67,1,30,,40806,37,0,67,1,70,,40797,37,0,67,1,30,,40794,37,0,67,1,70,,40789,37,0,67,1,30,,40810,37,0,67,1,70,,40812,37,0,67,1,30,,40799,37,0,67,1,70,,40800,37,0,67,1,30,,40786,37,0,67,1,70,,40804,37,0,67,1,30,,40791,37,0,67,1,70,,40798,37,0,67,1,30,,40803,37,0,67,1,70,,40805,37,0,67,1,30,,40808,37,0,67,1,100,,40785,37,0,67,1,100,,40796,37,0,67,1,100,,40784,37,0,67,1,100,,40809,37,0,67,1,100,,40807,37,0,67,1
41700,'12',1831,,40818,37,0,67,1,100,,40814,37,0,67,1,100,,40817,37,0,67,1,100,,40819,37,0,67,1,100,,40816,37,0,67,1,100,,40815,37,0,67,1
41700,'13',1831,,40824,37,0,67,1,100,,40820,37,0,67,1,100,,40823,37,0,67,1,100,,40825,37,0,67,1,100,,40822,37,0,67,1,100,,40821,37,0,67,1
41700,'14',1131,,40830,37,0,67,1,100,,29507,37,0,67,1,100,,40831,37,0,67,1,100,,40829,37,0,67,1,100,,40826,37,0,67,1,100,,40828,37,0,67,1,100,,40827,37,0,67,1
41700,'16',630,,40835,37,0,67,1,70,,40842,37,0,67,1,31,,40836,37,0,67,1,70,,40847,37,0,67,1,30,,40848,37,0,67,1,70,,40855,37,0,67,1,30,,40841,37,0,67,1,70,,40840,37,0,67,1,30,,40856,37,0,67,1,70,,40838,37,0,67,1,30,,40851,37,0,67,1,70,,40844,37,0,67,1,30,,30468,37,0,67,1,70,,40837,37,0,67,1,30,,40854,37,0,67,1,70,,29793,37,0,67,1,30,,40845,37,0,67,1,70,,40846,37,0,67,1,30,,40834,37,0,67,1,70,,30166,37,0,67,1,30,,40839,37,0,67,1,70,,30159,37,0,67,1,30,,40849,37,0,67,1,70,,40850,37,0,67,1,30,,40852,37,0,67,1,100,,40833,37,0,67,1,100,,40843,37,0,67,1,100,,40832,37,0,67,1,100,,40853,37,0,67,1,100,,30822,37,0,67,1
41700,'3',1831,,40861,37,0,67,1,100,,40857,37,0,67,1,100,,40860,37,0,67,1,100,,40862,37,0,67,1,100,,40859,37,0,67,1,100,,40858,37,0,67,1
41700,'6',1831,,40867,37,0,67,1,100,,40863,37,0,67,1,100,,40866,37,0,67,1,100,,40868,37,0,67,1,100,,40865,37,0,67,1,100,,40864,37,0,67,1
41700,'8',931,,40880,37,0,67,1,100,,32423,37,0,67,1,70,,40870,37,0,67,1,30,,40869,37,0,67,1,70,,40882,37,0,67,1,30,,40876,37,0,67,1,70,,40872,37,0,67,1,30,,40875,37,0,67,1,70,,40878,37,0,67,1,30,,40881,37,0,67,1,70,,40871,37,0,67,1,30,,40874,37,0,67,1,70,,30924,37,0,67,1,30,,40883,37,0,67,1,70,,40884,37,0,67,1,30,,40873,37,0,67,1,70,,40877,37,0,67,1,30,,40879,37,0,67,1,100,,31236,37,0,67,1
