31701,'15',631,,13447,43,0,62,1,70,,13440,43,0,62,1,30,,13450,43,0,62,1,70,,13448,43,0,62,1,30,,13442,43,0,62,1,70,,13456,43,0,62,1,30,,13453,43,0,62,1,70,,13451,43,0,62,1,31,,13457,43,0,62,1,70,,13443,43,0,62,1,30,,13463,43,0,62,1,70,,13462,43,0,62,1,30,,13459,43,0,62,1,70,,13445,43,0,62,1,30,,13460,43,0,62,1,70,,13444,43,0,62,1,31,,13461,43,0,62,1,70,,13458,43,0,62,1,30,,13446,43,0,62,1,70,,13455,43,0,62,1,30,,13449,43,0,62,1,70,,13454,43,0,62,1,30,,13441,43,0,62,1,70,,13452,43,0,62,1
31701,'16',631,,13469,43,0,62,1,70,,13464,43,0,62,1,30,,13472,43,0,62,1,70,,13470,43,0,62,1,30,,1757,43,0,62,1,70,,2352,43,0,62,1,30,,13475,43,0,62,1,70,,13473,43,0,62,1,31,,13477,43,0,62,1,70,,13466,43,0,62,1,30,,13483,43,0,62,1,70,,13482,43,0,62,1,30,,13479,43,0,62,1,70,,251,43,0,62,1,30,,13480,43,0,62,1,70,,13467,43,0,62,1,31,,13481,43,0,62,1,70,,13478,43,0,62,1,30,,13468,43,0,62,1,70,,1584,43,0,62,1,30,,13471,43,0,62,1,70,,13476,43,0,62,1,30,,13465,43,0,62,1,70,,13474,43,0,62,1
31701,'17',631,,13489,43,0,62,1,70,,13484,43,0,62,1,30,,13492,43,0,62,1,70,,13490,43,0,62,1,30,,1780,43,0,62,1,70,,2377,43,0,62,1,30,,13495,43,0,62,1,70,,13493,43,0,62,1,31,,13497,43,0,62,1,70,,13486,43,0,62,1,30,,13503,43,0,62,1,70,,13502,43,0,62,1,30,,13499,43,0,62,1,70,,301,43,0,62,1,30,,13500,43,0,62,1,70,,13487,43,0,62,1,31,,13501,43,0,62,1,70,,13498,43,0,62,1,30,,13488,43,0,62,1,70,,1606,43,0,62,1,30,,13491,43,0,62,1,70,,13496,43,0,62,1,30,,13485,43,0,62,1,70,,13494,43,0,62,1
31701,'19',631,,13511,43,0,62,1,70,,13504,43,0,62,1,30,,13514,43,0,62,1,70,,13512,43,0,62,1,30,,13506,43,0,62,1,70,,13520,43,0,62,1,30,,13517,43,0,62,1,70,,13515,43,0,62,1,31,,13521,43,0,62,1,70,,13507,43,0,62,1,30,,13527,43,0,62,1,70,,13526,43,0,62,1,30,,13523,43,0,62,1,70,,13509,43,0,62,1,30,,13524,43,0,62,1,70,,13508,43,0,62,1,31,,13525,43,0,62,1,70,,13522,43,0,62,1,30,,13510,43,0,62,1,70,,13519,43,0,62,1,30,,13513,43,0,62,1,70,,13518,43,0,62,1,30,,13505,43,0,62,1,70,,13516,43,0,62,1
31701,'5',631,,13532,43,0,62,1,70,,13528,43,0,62,1,30,,13535,43,0,62,1,70,,13533,43,0,62,1,30,,1803,43,0,62,1,70,,2402,43,0,62,1,30,,13538,43,0,62,1,70,,13536,43,0,62,1,31,,13540,43,0,62,1,70,,13530,43,0,62,1,30,,13546,43,0,62,1,70,,13545,43,0,62,1,30,,13542,43,0,62,1,70,,351,43,0,62,1,30,,13543,43,0,62,1,70,,13531,43,0,62,1,31,,13544,43,0,62,1,70,,13541,43,0,62,1,30,,4482,43,0,62,1,70,,1630,43,0,62,1,30,,13534,43,0,62,1,70,,13539,43,0,62,1,30,,13529,43,0,62,1,70,,13537,43,0,62,1
31701,'6',631,,13554,43,0,62,1,70,,13547,43,0,62,1,30,,13557,43,0,62,1,70,,13555,43,0,62,1,30,,13549,43,0,62,1,70,,13563,43,0,62,1,30,,13560,43,0,62,1,70,,13558,43,0,62,1,31,,13564,43,0,62,1,70,,13550,43,0,62,1,30,,13570,43,0,62,1,70,,13569,43,0,62,1,30,,13566,43,0,62,1,70,,13552,43,0,62,1,30,,13567,43,0,62,1,70,,13551,43,0,62,1,31,,13568,43,0,62,1,70,,13565,43,0,62,1,30,,13553,43,0,62,1,70,,13562,43,0,62,1,30,,13556,43,0,62,1,70,,13561,43,0,62,1,30,,13548,43,0,62,1,70,,13559,43,0,62,1
41701,'1',1136,,19484,37,0,62,1,100,,19480,37,0,62,1,100,,19481,37,0,62,1,100,,19483,37,0,62,1,100,,19479,37,0,62,1,100,,3326,37,0,62,1,100,,19482,37,0,62,1
41701,'10',634,,19485,37,0,62,1,70,,19487,37,0,62,1,30,,19508,37,0,62,1,70,,19511,37,0,62,1,30,,19506,37,0,62,1,70,,19509,37,0,62,1,30,,19496,37,0,62,1,70,,19490,37,0,62,1,32,,19497,37,0,62,1,70,,19513,37,0,62,1,30,,19512,37,0,62,1,70,,19488,37,0,62,1,30,,19489,37,0,62,1,70,,19495,37,0,62,1,30,,19502,37,0,62,1,70,,19507,37,0,62,1,30,,19493,37,0,62,1,70,,19501,37,0,62,1,30,,19500,37,0,62,1,70,,19510,37,0,62,1,30,,19486,37,0,62,1,70,,19494,37,0,62,1,30,,19505,37,0,62,1,70,,19499,37,0,62,1,30,,19498,37,0,62,1,98,,19514,37,0,62,1,100,,19491,37,0,62,1,100,,19504,37,0,62,1,100,,19503,37,0,62,1,100,,19492,37,0,62,1
41701,'12',934,,19523,37,0,62,1,102,,19516,37,0,62,1,70,,19521,37,0,62,1,30,,19525,37,0,62,1,70,,19531,37,0,62,1,30,,6515,37,0,62,1,70,,19518,37,0,62,1,30,,19529,37,0,62,1,70,,19527,37,0,62,1,30,,19532,37,0,62,1,70,,19524,37,0,62,1,30,,19519,37,0,62,1,70,,19526,37,0,62,1,30,,19528,37,0,62,1,70,,19517,37,0,62,1,30,,19530,37,0,62,1,70,,19520,37,0,62,1,30,,19515,37,0,62,1,98,,19522,37,0,62,1
41701,'15',1836,,19537,37,0,62,1,98,,19536,37,0,62,1,100,,19533,37,0,62,1,100,,19535,37,0,62,1,100,,19534,37,0,62,1,100,,19538,37,0,62,1
41701,'16',1836,,19543,37,0,62,1,98,,19542,37,0,62,1,100,,19539,37,0,62,1,100,,19541,37,0,62,1,100,,19540,37,0,62,1,100,,19544,37,0,62,1
41701,'17',1836,,19548,37,0,62,1,98,,19547,37,0,62,1,100,,4842,37,0,62,1,100,,19546,37,0,62,1,100,,19545,37,0,62,1,100,,19549,37,0,62,1
41701,'19',1836,,19554,37,0,62,1,98,,19553,37,0,62,1,100,,19550,37,0,62,1,100,,19552,37,0,62,1,100,,19551,37,0,62,1,100,,19555,37,0,62,1
41701,'21',634,,19556,37,0,62,1,70,,19558,37,0,62,1,30,,19578,37,0,62,1,70,,19580,37,0,62,1,30,,19576,37,0,62,1,70,,5403,37,0,62,1,30,,19567,37,0,62,1,70,,19561,37,0,62,1,32,,19568,37,0,62,1,70,,19582,37,0,62,1,30,,19581,37,0,62,1,70,,19559,37,0,62,1,30,,19560,37,0,62,1,70,,19566,37,0,62,1,30,,5695,37,0,62,1,70,,19577,37,0,62,1,30,,19564,37,0,62,1,70,,19572,37,0,62,1,30,,19571,37,0,62,1,70,,19579,37,0,62,1,30,,19557,37,0,62,1,70,,19565,37,0,62,1,30,,19575,37,0,62,1,70,,19570,37,0,62,1,30,,19569,37,0,62,1,98,,19583,37,0,62,1,100,,19562,37,0,62,1,100,,19574,37,0,62,1,100,,19573,37,0,62,1,100,,19563,37,0,62,1
41701,'5',1836,,19587,37,0,62,1,98,,19586,37,0,62,1,100,,4865,37,0,62,1,100,,19585,37,0,62,1,100,,19584,37,0,62,1,100,,19588,37,0,62,1
41701,'6',1836,,19593,37,0,62,1,98,,19592,37,0,62,1,100,,19589,37,0,62,1,100,,19591,37,0,62,1,100,,19590,37,0,62,1,100,,19594,37,0,62,1
