31201,'11',640,,28410,14,,,1,71,,28402,14,,,1,30,,28400,14,,,1,70,,28397,14,,,1,30,,28406,14,,,1,70,,21477,14,,,1,30,,28401,14,,,1,70,,28395,14,,,1,30,,28396,14,,,1,70,,28404,14,,,1,30,,28407,14,,,1,70,,28405,14,,,1,30,,28399,14,,,1,70,,28409,14,,,1,30,,28411,14,,,1,69,,28413,14,,,1,41,,28403,14,,,1,70,,28408,14,,,1,30,,27095,14,,,1,70,,28393,14,,,1,30,,28394,14,,,1,70,,28412,14,,,1,30,,28398,14,,,1
31201,'3',640,,28431,14,,,1,71,,28423,14,,,1,30,,28421,14,,,1,70,,28418,14,,,1,30,,28427,14,,,1,70,,21516,14,,,1,30,,28422,14,,,1,70,,28416,14,,,1,30,,28417,14,,,1,70,,28425,14,,,1,30,,28428,14,,,1,70,,28426,14,,,1,30,,28420,14,,,1,70,,28430,14,,,1,30,,28432,14,,,1,69,,28434,14,,,1,41,,28424,14,,,1,70,,28429,14,,,1,30,,27099,14,,,1,70,,28414,14,,,1,30,,28415,14,,,1,70,,28433,14,,,1,30,,28419,14,,,1
31401,'11',652,,28474,23,0,66 14,1,80,,28466,23,0,66 14,1,80,,28476,23,0,66 14,1,40,,28465,23,0,66 14,1,80,,28472,23,0,66 14,1,80,,28479,23,0,66 14,1,41,,28469,23,0,66 14,1,80,,21136,23,0,66 14,1,80,,28478,23,0,66 14,1,40,,28477,23,0,66 14,1,80,,22404,23,0,66 14,1,80,,28468,23,0,66 14,1,41,,28473,23,0,66 14,1,80,,24491,23,0,66 14,1,80,,28471,23,0,66 14,1,40,,28470,23,0,66 14,1,80,,28475,23,0,66 14,1,80,,28467,23,0,66 14,1
31401,'3',652,,28489,23,0,66 14,1,80,,28481,23,0,66 14,1,80,,28491,23,0,66 14,1,40,,28480,23,0,66 14,1,80,,28487,23,0,66 14,1,80,,28494,23,0,66 14,1,41,,28484,23,0,66 14,1,80,,23714,23,0,66 14,1,80,,28493,23,0,66 14,1,40,,28492,23,0,66 14,1,80,,22426,23,0,66 14,1,80,,28483,23,0,66 14,1,41,,28488,23,0,66 14,1,80,,24599,23,0,66 14,1,80,,28486,23,0,66 14,1,40,,28485,23,0,66 14,1,80,,28490,23,0,66 14,1,80,,28482,23,0,66 14,1
41201,'1',616,,31351,14,0,68,1,30,,31357,14,0,68,1,70,,31344,14,0,68,1,30,,31353,14,0,68,1,70,,31339,14,0,68,1,30,,31345,14,0,68,1,70,,31354,14,0,68,1,30,,31358,14,0,68,1,70,,23959,14,0,68,1,30,,31349,14,0,68,1,70,,31337,14,0,68,1,30,,31350,14,0,68,1,70,,31359,14,0,68,1,30,,31347,14,0,68,1,70,,22524,14,0,68,1,30,,31338,14,0,68,1,70,,22755,14,0,68,1,30,,31342,14,0,68,1,70,,31343,14,0,68,1,30,,31348,14,0,68,1,70,,31356,14,0,68,1,30,,31355,14,0,68,1,70,,31340,14,0,68,1,30,,31352,14,0,68,1,70,,31341,14,0,68,1,100,,21870,14,0,68,1,100,,31346,14,0,68,1,100,,21537,14,0,68,1,100,,31336,14,0,68,1,100,,23294,14,0,68,1
41201,'11',1816,,31365,14,0,68,1,100,,31361,14,0,68,1,100,,31360,14,0,68,1,100,,31362,14,0,68,1,100,,31364,14,0,68,1,100,,31363,14,0,68,1
41201,'12',1116,,31372,14,0,68,1,100,,31371,14,0,68,1,100,,25666,14,0,68,1,100,,31370,14,0,68,1,100,,31366,14,0,68,1,100,,31367,14,0,68,1,100,,31368,14,0,68,1,100,,31369,14,0,69 29,1
41201,'14',616,,31392,14,0,68,1,30,,31398,14,0,68,1,70,,31384,14,0,68,1,30,,31394,14,0,68,1,70,,31379,14,0,68,1,30,,31386,14,0,68,1,70,,31395,14,0,68,1,30,,31399,14,0,68,1,70,,31385,14,0,68,1,30,,25696,14,0,68,1,70,,31374,14,0,68,1,30,,31391,14,0,68,1,70,,31400,14,0,68,1,30,,31388,14,0,68,1,70,,31390,14,0,68,1,30,,31377,14,0,68,1,70,,31375,14,0,68,1,30,,31383,14,0,68,1,70,,25530,14,0,68,1,30,,31389,14,0,68,1,70,,31397,14,0,68,1,30,,31396,14,0,68,1,70,,31380,14,0,68,1,30,,31393,14,0,68,1,70,,31382,14,0,68,1,100,,31381,14,0,68,1,100,,31387,14,0,68,1,100,,31376,14,0,68,1,100,,31373,14,0,68,1,100,,31378,14,0,68,1
41201,'3',1816,,31406,14,0,68,1,100,,31402,14,0,68,1,100,,31401,14,0,68,1,100,,31403,14,0,68,1,100,,31405,14,0,68,1,100,,31404,14,0,68,1
41201,'8',916,,31410,14,0,68,1,100,,31419,14,0,68,1,30,,31409,14,0,68,1,70,,26219,14,0,68,1,30,,31422,14,0,68,1,70,,31415,14,0,68,1,30,,31421,14,0,68,1,70,,31407,14,0,68,1,30,,31423,14,0,68,1,70,,31425,14,0,68,1,30,,31413,14,0,68,1,70,,31414,14,0,68,1,30,,31418,14,0,68,1,70,,31420,14,0,68,1,30,,31411,14,0,68,1,70,,31417,14,0,68,1,30,,31416,14,0,68,1,70,,31412,14,0,68,1,100,,31424,14,0,68,1,100,,31408,14,0,68,1
41401,'1',651,,31463,23,0,66 14,1,80,,31465,23,0,66 14,1,80,,31471,23,0,66 14,1,40,,27224,23,0,66 14,1,80,,31468,23,0,66 14,1,80,,31459,23,0,66 14,1,41,,31461,23,0,66 14,1,80,,31458,23,0,66 14,1,80,,31467,23,0,66 14,1,40,,31460,23,0,66 14,1,80,,22383,23,0,66 14,1,80,,31470,23,0,66 14,1,41,,31466,23,0,66 14,1,80,,31472,23,0,66 14,1,80,,31462,23,0,66 14,1,40,,31457,23,0,66 14,1,80,,31469,23,0,66 14,1,80,,31464,23,0,66 14,1
41401,'14',651,,31480,23,0,66 14,1,80,,31481,23,0,66 14,1,80,,31487,23,0,66 14,1,40,,31478,23,0,66 14,1,80,,31484,23,0,66 14,1,80,,31475,23,0,66 14,1,41,,26628,23,0,66 14,1,80,,31474,23,0,66 14,1,80,,31483,23,0,66 14,1,40,,31476,23,0,66 14,1,80,,31477,23,0,66 14,1,80,,31486,23,0,66 14,1,41,,31482,23,0,66 14,1,80,,31488,23,0,66 14,1,80,,31479,23,0,66 14,1,40,,31473,23,0,66 14,1,80,,31485,23,0,66 14,1,80,,25376,23,0,66 14,1
