30900,'12',618,,34408,8,,,1,30,,34397,8,,,1,70,,34402,8,,,1,30,,34399,8,,,1,70,,34391,8,,,1,30,,34409,8,,,1,70,,34395,8,,,1,30,,34404,8,,,1,71,,34401,8,,,1,30,,34400,8,,,1,70,,34393,8,,,1,30,,34411,8,,,1,70,,34390,8,,,1,30,,34398,8,,,1,70,,34410,8,,,1,30,,34394,8,,,1,71,,34406,8,,,1,30,,34392,8,,,1,70,,34407,8,,,1,30,,34405,8,,,1,70,,34396,8,,,1,30,,34403,8,,,1,70,,34389,8,,,1
30900,'13',618,,34426,8,,,1,30,,34418,8,,,1,70,,34421,8,,,1,30,,34419,8,,,1,70,,34414,8,,,1,30,,34427,8,,,1,70,,34416,8,,,1,30,,27440,8,,,1,71,,27095,8,,,1,30,,34420,8,,,1,70,,28989,8,,,1,30,,34428,8,,,1,70,,34413,8,,,1,30,,29327,8,,,1,70,,29478,8,,,1,30,,28899,8,,,1,71,,34424,8,,,1,30,,34415,8,,,1,70,,34425,8,,,1,30,,34423,8,,,1,70,,34417,8,,,1,30,,34422,8,,,1,70,,34412,8,,,1
30900,'3',618,,34443,8,,,1,30,,34435,8,,,1,70,,34438,8,,,1,30,,34436,8,,,1,70,,34431,8,,,1,30,,34444,8,,,1,70,,34433,8,,,1,30,,27489,8,,,1,71,,27099,8,,,1,30,,34437,8,,,1,70,,29011,8,,,1,30,,34445,8,,,1,70,,34430,8,,,1,30,,29348,8,,,1,70,,29599,8,,,1,30,,28923,8,,,1,71,,34441,8,,,1,30,,34432,8,,,1,70,,34442,8,,,1,30,,34440,8,,,1,70,,34434,8,,,1,30,,34439,8,,,1,70,,34429,8,,,1
30900,'6',618,,34465,8,,,1,30,,34454,8,,,1,70,,34459,8,,,1,30,,34456,8,,,1,70,,34448,8,,,1,30,,34466,8,,,1,70,,34452,8,,,1,30,,34461,8,,,1,71,,34458,8,,,1,30,,34457,8,,,1,70,,34450,8,,,1,30,,34468,8,,,1,70,,34447,8,,,1,30,,34455,8,,,1,70,,34467,8,,,1,30,,34451,8,,,1,71,,34463,8,,,1,30,,34449,8,,,1,70,,34464,8,,,1,30,,34462,8,,,1,70,,34453,8,,,1,30,,34460,8,,,1,70,,34446,8,,,1
31200,'12',603,,34950,8,0,23,1,30,,34941,8,0,23,1,70,,34938,8,0,23,1,30,,34940,8,0,23,1,70,,34952,8,0,23,1,30,,34934,8,0,23,1,70,,34948,8,0,23,1,30,,34937,8,0,23,1,70,,34951,8,0,23,1,30,,34947,8,0,23,1,70,,34955,8,0,23,1,30,,34945,8,0,23,1,70,,34931,8,0,23,1,30,,34932,8,0,23,1,70,,34954,8,0,23,1,30,,34942,8,0,23,1,72,,34953,8,0,23,1,30,,34935,8,0,23,1,70,,34936,8,0,23,1,30,,34939,8,0,23,1,70,,34944,8,0,23,1,30,,34946,8,0,23,1,70,,34933,8,0,23,1,30,,34943,8,0,23,1,70,,34949,8,0,23,1
31200,'13',603,,27356,8,0,23,1,30,,34965,8,0,23,1,70,,28317,8,0,23,1,30,,34964,8,0,23,1,70,,34974,8,0,23,1,30,,34959,8,0,23,1,70,,34971,8,0,23,1,30,,34962,8,0,23,1,70,,34973,8,0,23,1,30,,34970,8,0,23,1,70,,34976,8,0,23,1,30,,34968,8,0,23,1,70,,34956,8,0,23,1,30,,34957,8,0,23,1,70,,34975,8,0,23,1,30,,442,8,0,23,1,72,,29070,8,0,23,1,30,,34960,8,0,23,1,70,,34961,8,0,23,1,30,,34963,8,0,23,1,70,,34967,8,0,23,1,30,,34969,8,0,23,1,70,,34958,8,0,23,1,30,,34966,8,0,23,1,70,,34972,8,0,23,1
31200,'3',603,,27394,8,0,23,1,30,,34986,8,0,23,1,70,,28338,8,0,23,1,30,,34985,8,0,23,1,70,,34995,8,0,23,1,30,,34980,8,0,23,1,70,,34992,8,0,23,1,30,,34983,8,0,23,1,70,,34994,8,0,23,1,30,,34991,8,0,23,1,70,,34997,8,0,23,1,30,,34989,8,0,23,1,70,,34977,8,0,23,1,30,,34978,8,0,23,1,70,,34996,8,0,23,1,30,,465,8,0,23,1,72,,29098,8,0,23,1,30,,34981,8,0,23,1,70,,34982,8,0,23,1,30,,34984,8,0,23,1,70,,34988,8,0,23,1,30,,34990,8,0,23,1,70,,34979,8,0,23,1,30,,34987,8,0,23,1,70,,34993,8,0,23,1
31200,'6',603,,35017,8,0,23,1,30,,35008,8,0,23,1,70,,35005,8,0,23,1,30,,35007,8,0,23,1,70,,35019,8,0,23,1,30,,35001,8,0,23,1,70,,35015,8,0,23,1,30,,35004,8,0,23,1,70,,35018,8,0,23,1,30,,35014,8,0,23,1,70,,35022,8,0,23,1,30,,35012,8,0,23,1,70,,34998,8,0,23,1,30,,34999,8,0,23,1,70,,35021,8,0,23,1,30,,35009,8,0,23,1,72,,35020,8,0,23,1,30,,35002,8,0,23,1,70,,35003,8,0,23,1,30,,35006,8,0,23,1,70,,35011,8,0,23,1,30,,35013,8,0,23,1,70,,35000,8,0,23,1,30,,35010,8,0,23,1,70,,35016,8,0,23,1
40900,'1',648,,39350,8,0,23,1,70,,39359,8,0,23,1,30,,39351,8,0,23,1,70,,39367,8,0,23,1,30,,32246,8,0,23,1,70,,39349,8,0,23,1,30,,39348,8,0,23,1,70,,39345,8,0,23,1,30,,39363,8,0,23,1,70,,39362,8,0,23,1,30,,39355,8,0,23,1,70,,31045,8,0,23,1,30,,39365,8,0,23,1,70,,39346,8,0,23,1,30,,39343,8,0,23,1,70,,39353,8,0,23,1,30,,39360,8,0,23,1,70,,39358,8,0,23,1,30,,39354,8,0,23,1,70,,39344,8,0,23,1,30,,39356,8,0,23,1,70,,39357,8,0,23,1,30,,39347,8,0,23,1,100,,39364,8,0,23,1,100,,39342,8,0,23,1,100,,39366,8,0,23,1,100,,39361,8,0,23,1,100,,39368,8,0,23,1,100,,39352,8,0,23,1
40900,'11',648,,39378,8,0,23,1,70,,39387,8,0,23,1,30,,39379,8,0,23,1,70,,39395,8,0,23,1,30,,39370,8,0,23,1,70,,39377,8,0,23,1,30,,39376,8,0,23,1,70,,39373,8,0,23,1,30,,39391,8,0,23,1,70,,39390,8,0,23,1,30,,39383,8,0,23,1,70,,39396,8,0,23,1,30,,39393,8,0,23,1,70,,39374,8,0,23,1,30,,39371,8,0,23,1,70,,39381,8,0,23,1,30,,39388,8,0,23,1,70,,39386,8,0,23,1,30,,39382,8,0,23,1,70,,39372,8,0,23,1,30,,39384,8,0,23,1,70,,39385,8,0,23,1,30,,39375,8,0,23,1,100,,39392,8,0,23,1,100,,39369,8,0,23,1,100,,39394,8,0,23,1,100,,39389,8,0,23,1,100,,39397,8,0,23,1,100,,39380,8,0,23,1
40900,'12',1748,,39403,8,0,23,1,100,,39398,8,0,23,1,100,,39404,8,0,23,1,100,,39402,8,0,23,1,100,,39401,8,0,23,1,100,,39399,8,0,23,1,100,,39400,8,0,23,1
40900,'13',1748,,39408,8,0,23,1,100,,39405,8,0,23,1,100,,39409,8,0,23,1,100,,27727,8,0,23,1,100,,28548,8,0,23,1,100,,39406,8,0,23,1,100,,39407,8,0,23,1
40900,'14',1048,,39410,8,0,23,1,100,,39416,8,0,23,1,100,,39414,8,0,23,1,100,,39415,8,0,23,1,100,,39417,8,0,23,1,100,,39413,8,0,23,1,100,,39412,8,0,23,1,100,,39411,8,0,23,1
40900,'16',648,,39426,8,0,23,1,70,,39435,8,0,23,1,30,,39427,8,0,23,1,70,,39443,8,0,23,1,30,,32290,8,0,23,1,70,,39425,8,0,23,1,30,,39424,8,0,23,1,70,,39421,8,0,23,1,30,,39439,8,0,23,1,70,,39438,8,0,23,1,30,,39431,8,0,23,1,70,,31083,8,0,23,1,30,,39441,8,0,23,1,70,,39422,8,0,23,1,30,,39419,8,0,23,1,70,,39429,8,0,23,1,30,,39436,8,0,23,1,70,,39434,8,0,23,1,30,,39430,8,0,23,1,70,,39420,8,0,23,1,30,,39432,8,0,23,1,70,,39433,8,0,23,1,30,,39423,8,0,23,1,100,,39440,8,0,23,1,100,,39418,8,0,23,1,100,,39442,8,0,23,1,100,,39437,8,0,23,1,100,,39444,8,0,23,1,100,,39428,8,0,23,1
40900,'3',1748,,39448,8,0,23,1,100,,39445,8,0,23,1,100,,39449,8,0,23,1,100,,27748,8,0,23,1,100,,28570,8,0,23,1,100,,39446,8,0,23,1,100,,39447,8,0,23,1
40900,'6',1748,,39455,8,0,23,1,100,,39450,8,0,23,1,100,,39456,8,0,23,1,100,,39454,8,0,23,1,100,,39453,8,0,23,1,100,,39451,8,0,23,1,100,,39452,8,0,23,1
40900,'8',848,,39471,8,0,23,1,170,,39458,8,0,23,1,30,,39461,8,0,23,1,70,,39470,8,0,23,1,30,,39464,8,0,23,1,70,,39469,8,0,23,1,30,,39468,8,0,23,1,100,,39459,8,0,23,1,70,,26494,8,0,23,1,30,,39460,8,0,23,1,70,,39467,8,0,23,1,30,,39466,8,0,23,1,70,,39463,8,0,23,1,30,,39457,8,0,23,1,70,,39473,8,0,23,1,30,,39472,8,0,23,1,100,,39465,8,0,23,1,100,,39462,8,0,23,1
