30801,'12',639,,34328,12,0,64 38,1,70,,34314,12,0,64 38,1,30,,34325,12,0,64 38,1,70,,34324,12,0,64 38,1,30,,34307,12,0,64 38,1,70,,34326,12,0,64 38,1,30,,34312,12,0,64 38,1,70,,34316,12,0,64 38,1,30,,34329,12,0,64 38,1,70,,34322,12,0,64 38,1,30,,34319,12,0,64 38,1,70,,34309,12,0,64 38,1,30,,34310,12,0,64 38,1,70,,34318,12,0,64 38,1,30,,34313,12,0,64 38,1,70,,34315,12,0,64 38,1,40,,34317,12,0,64 38,1,70,,34308,12,0,64 38,1,30,,34311,12,0,64 38,1,70,,34320,12,0,64 38,1,30,,34323,12,0,64 38,1,70,,34327,12,0,64 38,1,30,,34321,12,0,64 38,1
30801,'13',639,,34346,12,0,64 38,1,70,,34334,12,0,64 38,1,30,,34344,12,0,64 38,1,70,,34343,12,0,64 38,1,30,,28358,12,0,64 38,1,70,,34345,12,0,64 38,1,30,,29463,12,0,64 38,1,70,,34336,12,0,64 38,1,30,,34347,12,0,64 38,1,70,,34342,12,0,64 38,1,30,,34339,12,0,64 38,1,70,,28145,12,0,64 38,1,30,,34331,12,0,64 38,1,70,,34338,12,0,64 38,1,30,,34333,12,0,64 38,1,70,,34335,12,0,64 38,1,40,,34337,12,0,64 38,1,70,,34330,12,0,64 38,1,30,,34332,12,0,64 38,1,70,,34340,12,0,64 38,1,30,,27448,12,0,64 38,1,70,,29291,12,0,64 38,1,30,,34341,12,0,64 38,1
30801,'3',639,,34364,12,0,64 38,1,70,,34352,12,0,64 38,1,30,,34362,12,0,64 38,1,70,,34361,12,0,64 38,1,30,,28376,12,0,64 38,1,70,,34363,12,0,64 38,1,30,,29584,12,0,64 38,1,70,,34354,12,0,64 38,1,30,,34365,12,0,64 38,1,70,,34360,12,0,64 38,1,30,,34357,12,0,64 38,1,70,,28167,12,0,64 38,1,30,,34349,12,0,64 38,1,70,,34356,12,0,64 38,1,30,,34351,12,0,64 38,1,70,,34353,12,0,64 38,1,40,,34355,12,0,64 38,1,70,,34348,12,0,64 38,1,30,,34350,12,0,64 38,1,70,,34358,12,0,64 38,1,30,,27497,12,0,64 38,1,70,,29310,12,0,64 38,1,30,,34359,12,0,64 38,1
30801,'6',639,,34387,12,0,64 38,1,70,,34373,12,0,64 38,1,30,,34384,12,0,64 38,1,70,,34383,12,0,64 38,1,30,,34366,12,0,64 38,1,70,,34385,12,0,64 38,1,30,,34371,12,0,64 38,1,70,,34375,12,0,64 38,1,30,,34388,12,0,64 38,1,70,,34381,12,0,64 38,1,30,,34378,12,0,64 38,1,70,,34368,12,0,64 38,1,30,,34369,12,0,64 38,1,70,,34377,12,0,64 38,1,30,,34372,12,0,64 38,1,70,,34374,12,0,64 38,1,40,,34376,12,0,64 38,1,70,,34367,12,0,64 38,1,30,,34370,12,0,64 38,1,70,,34379,12,0,64 38,1,30,,34382,12,0,64 38,1,70,,34386,12,0,64 38,1,30,,34380,12,0,64 38,1
40801,'1',654,,39214,12,0,64 38,1,70,,39212,12,0,64 38,1,30,,31913,12,0,64 38,1,70,,39216,12,0,64 38,1,30,,22901,12,0,64 38,1,70,,39218,12,0,64 38,1,30,,39232,12,0,64 38,1,70,,39229,12,0,64 38,1,30,,39223,12,0,64 38,1,70,,39222,12,0,64 38,1,30,,39220,12,0,64 38,1,70,,39226,12,0,64 38,1,30,,39235,12,0,64 38,1,70,,39230,12,0,64 38,1,30,,39221,12,0,64 38,1,70,,39211,12,0,64 38,1,30,,39227,12,0,64 38,1,70,,39215,12,0,64 38,1,30,,39225,12,0,64 38,1,70,,39219,12,0,64 38,1,30,,39213,12,0,64 38,1,70,,39236,12,0,64 38,1,30,,39233,12,0,64 38,1,70,,39234,12,0,64 38,1,100,,39231,12,0,64 38,1,100,,39217,12,0,64 38,1,100,,39237,12,0,64 38,1,100,,39228,12,0,64 38,1,100,,39224,12,0,64 38,1
40801,'11',654,,39242,12,0,64 38,1,70,,39240,12,0,64 38,1,30,,39238,12,0,64 38,1,70,,39244,12,0,64 38,1,30,,39258,12,0,64 38,1,70,,39246,12,0,64 38,1,30,,39261,12,0,64 38,1,70,,39257,12,0,64 38,1,30,,39251,12,0,64 38,1,70,,39250,12,0,64 38,1,30,,39248,12,0,64 38,1,70,,39254,12,0,64 38,1,30,,39264,12,0,64 38,1,70,,39259,12,0,64 38,1,30,,39249,12,0,64 38,1,70,,39239,12,0,64 38,1,30,,39255,12,0,64 38,1,70,,39243,12,0,64 38,1,30,,39253,12,0,64 38,1,70,,39247,12,0,64 38,1,30,,39241,12,0,64 38,1,70,,39265,12,0,64 38,1,30,,39262,12,0,64 38,1,70,,39263,12,0,64 38,1,100,,39260,12,0,64 38,1,100,,39245,12,0,64 38,1,100,,39266,12,0,64 38,1,100,,39256,12,0,64 38,1,100,,39252,12,0,64 38,1
40801,'12',1824,,39267,12,0,64 38,1,100,,39272,12,0,64 38,1,100,,39270,12,0,64 38,1,100,,39268,12,0,64 38,1,100,,39269,12,0,64 38,1,100,,39271,12,0,64 38,1
40801,'13',1824,,39273,12,0,64 38,1,100,,39278,12,0,64 38,1,100,,39276,12,0,64 38,1,100,,39274,12,0,64 38,1,100,,39275,12,0,64 38,1,100,,39277,12,0,64 38,1
40801,'14',1124,,39282,12,0,64 38,1,100,,39280,12,0,64 38,1,100,,39281,12,0,64 38,1,100,,39285,12,0,64 38,1,100,,39283,12,0,64 38,1,100,,39279,12,0,64 38,1,100,,39284,12,0,64 38,1
40801,'16',654,,39289,12,0,64 38,1,70,,39287,12,0,64 38,1,30,,31950,12,0,64 38,1,70,,39291,12,0,64 38,1,30,,32045,12,0,64 38,1,70,,39293,12,0,64 38,1,30,,39307,12,0,64 38,1,70,,39304,12,0,64 38,1,30,,39298,12,0,64 38,1,70,,39297,12,0,64 38,1,30,,39295,12,0,64 38,1,70,,39301,12,0,64 38,1,30,,39310,12,0,64 38,1,70,,39305,12,0,64 38,1,30,,39296,12,0,64 38,1,70,,39286,12,0,64 38,1,30,,39302,12,0,64 38,1,70,,39290,12,0,64 38,1,30,,39300,12,0,64 38,1,70,,39294,12,0,64 38,1,30,,39288,12,0,64 38,1,70,,39311,12,0,64 38,1,30,,39308,12,0,64 38,1,70,,39309,12,0,64 38,1,100,,39306,12,0,64 38,1,100,,39292,12,0,64 38,1,100,,39312,12,0,64 38,1,100,,39303,12,0,64 38,1,100,,39299,12,0,64 38,1
40801,'3',1824,,39313,12,0,64 38,1,100,,39318,12,0,64 38,1,100,,39316,12,0,64 38,1,100,,39314,12,0,64 38,1,100,,39315,12,0,64 38,1,100,,39317,12,0,64 38,1
40801,'6',1824,,39319,12,0,64 38,1,100,,39324,12,0,64 38,1,100,,39322,12,0,64 38,1,100,,39320,12,0,64 38,1,100,,39321,12,0,64 38,1,100,,39323,12,0,64 38,1
40801,'8',924,,39331,12,0,64 38,1,100,,39335,12,0,64 38,1,30,,32236,12,0,64 38,1,70,,39326,12,0,64 38,1,30,,39341,12,0,64 38,1,70,,39332,12,0,64 38,1,30,,39339,12,0,64 38,1,70,,39333,12,0,64 38,1,30,,30587,12,0,64 38,1,70,,39336,12,0,64 38,1,30,,39325,12,0,64 38,1,70,,39338,12,0,64 38,1,30,,39327,12,0,64 38,1,70,,39330,12,0,64 38,1,30,,39337,12,0,64 38,1,70,,39334,12,0,64 38,1,30,,39329,12,0,64 38,1,70,,39328,12,0,64 38,1,100,,39340,12,0,64 38,1
