32400,'15',705,,19091,0,54,1,100,,19092,0,54,1,100,,19090,0,54,1,100,,19081,0,54,1,100,,19089,0,54,1,100,,19085,0,54,1,100,,19083,0,54,1,100,,19086,0,54,1,100,,19088,0,54,1,100,,19084,0,54,1,100,,19087,0,54,1,100,,19082,0,54,1
32400,'16',705,,19111,0,54,1,30,,19098,0,54,1,70,,19113,0,54,1,30,,9251,0,54,1,70,,19109,0,54,1,30,,19110,0,54,1,70,,19093,0,54,1,30,,19097,0,54,1,70,,19106,0,54,1,30,,19107,0,54,1,70,,19100,0,54,1,30,,19108,0,54,1,70,,19096,0,54,1,30,,19112,0,54,1,70,,19101,0,54,1,30,,19094,0,54,1,70,,19105,0,54,1,30,,19102,0,54,1,70,,19099,0,54,1,30,,19095,0,54,1,70,,19103,0,54,1,30,,12586,0,54,1,70,,19104,0,54,1
32400,'17',705,,19131,0,54,1,30,,9809,0,54,1,70,,19133,0,54,1,30,,9263,0,54,1,70,,19129,0,54,1,30,,19130,0,54,1,70,,19114,0,54,1,30,,19118,0,54,1,70,,19126,0,54,1,30,,19127,0,54,1,70,,19120,0,54,1,30,,19128,0,54,1,70,,19117,0,54,1,30,,19132,0,54,1,70,,19121,0,54,1,30,,19115,0,54,1,70,,19125,0,54,1,30,,19122,0,54,1,70,,19119,0,54,1,30,,19116,0,54,1,70,,19123,0,54,1,30,,955,0,54,1,70,,19124,0,54,1
32400,'19',705,,19151,0,54,1,30,,19138,0,54,1,70,,19153,0,54,1,30,,19136,0,54,1,70,,19150,0,54,1,30,,19149,0,54,1,70,,19135,0,54,1,30,,19134,0,54,1,70,,19148,0,54,1,30,,19146,0,54,1,70,,19141,0,54,1,30,,19152,0,54,1,70,,19139,0,54,1,30,,19144,0,54,1,70,,19142,0,54,1,30,,19154,0,54,1,70,,19147,0,54,1,30,,19155,0,54,1,70,,19140,0,54,1,30,,19156,0,54,1,70,,19145,0,54,1,30,,19137,0,54,1,70,,19143,0,54,1
32400,'5',705,,19173,0,54,1,30,,19160,0,54,1,70,,19175,0,54,1,30,,19167,0,54,1,70,,19172,0,54,1,30,,12184,0,54,1,70,,19157,0,54,1,30,,19176,0,54,1,70,,19171,0,54,1,30,,19169,0,54,1,70,,19162,0,54,1,30,,19165,0,54,1,70,,19159,0,54,1,30,,19170,0,54,1,70,,19164,0,54,1,30,,19174,0,54,1,70,,19168,0,54,1,30,,19158,0,54,1,70,,19161,0,54,1,30,,19177,0,54,1,70,,19166,0,54,1,30,,19163,0,54,1,70,,19178,0,54,1
32400,'6',705,,19189,0,54,1,100,,19190,0,54,1,100,,19188,0,54,1,100,,19179,0,54,1,100,,19187,0,54,1,100,,19183,0,54,1,100,,19181,0,54,1,100,,19184,0,54,1,100,,19186,0,54,1,100,,19182,0,54,1,100,,19185,0,54,1,100,,19180,0,54,1
42400,'10',705,,24839,0,54,1,30,,24820,0,54,1,70,,24842,0,54,1,30,,24819,0,54,1,70,,24827,0,54,1,30,,24840,0,54,1,70,,24813,0,54,1,30,,24821,0,54,1,70,,24814,0,54,1,30,,24815,0,54,1,70,,24811,0,54,1,30,,24822,0,54,1,70,,24833,0,54,1,30,,24818,0,54,1,70,,24825,0,54,1,30,,24828,0,54,1,70,,24816,0,54,1,30,,24812,0,54,1,70,,24829,0,54,1,30,,24809,0,54,1,70,,24832,0,54,1,30,,24817,0,54,1,70,,24837,0,54,1,30,,24835,0,54,1,70,,24834,0,54,1,30,,24810,0,54,1,70,,24831,0,54,1,30,,24826,0,54,1,70,,24841,0,54,1,30,,24838,0,54,1,70,,24824,0,54,1,30,,24836,0,54,1,70,,24830,0,54,1,30,,24823,0,54,1
42400,'15',1905,,24847,0,54,1,100,,24845,0,54,1,100,,24843,0,54,1,100,,24846,0,54,1,100,,24844,0,54,1
42400,'16',1835,,24849,0,54,1,70,,24857,0,54,1,30,,24856,0,54,1,70,,24853,0,54,1,30,,24855,0,54,1,70,,24850,0,54,1,30,,8256,0,54,1,70,,24854,0,54,1,100,,24852,0,54,1,30,,24851,0,54,1,70,,24848,0,54,1
42400,'17',1835,,24859,0,54,1,70,,24866,0,54,1,30,,24865,0,54,1,70,,24862,0,54,1,30,,24864,0,54,1,70,,24860,0,54,1,30,,8307,0,54,1,70,,24863,0,54,1,100,,24861,0,54,1,30,,9152,0,54,1,70,,24858,0,54,1
42400,'19',1905,,24870,0,54,1,100,,24869,0,54,1,100,,24867,0,54,1,100,,24871,0,54,1,100,,24868,0,54,1
42400,'5',1835,,24874,0,54,1,70,,24877,0,54,1,30,,24879,0,54,1,70,,24878,0,54,1,30,,24875,0,54,1,70,,24873,0,54,1,30,,24872,0,54,1,70,,24880,0,54,1,100,,24876,0,54,1
42400,'6',1905,,24885,0,54,1,100,,24883,0,54,1,100,,24881,0,54,1,100,,24884,0,54,1,100,,24882,0,54,1
