31100,'11',620,,28272,10,0,43 44,1,30,,28285,10,0,43 44,1,70,,28281,10,0,43 44,1,30,,28287,10,0,43 44,1,70,,28280,10,0,43 44,1,30,,28275,10,0,43 44,1,70,,28284,10,0,43 44,1,30,,28283,10,0,43 44,1,70,,28291,10,0,43 44,1,30,,28288,10,0,43 44,1,70,,28278,10,0,43 44,1,30,,28279,10,0,43 44,1,70,,28289,10,0,43 44,1,30,,28290,10,0,43 44,1,70,,28276,10,0,43 44,1,30,,28277,10,0,43 44,1,70,,28286,10,0,43 44,1,30,,28271,10,0,43 44,1,70,,28292,10,0,43 44,1,30,,28273,10,0,43 44,1,70,,21774,10,0,43 44,1,30,,24734,10,0,43 44,1,70,,28282,10,0,43 44,1,30,,28274,10,0,43 44,1
31100,'3',620,,28294,10,0,43 44,1,30,,28307,10,0,43 44,1,70,,28303,10,0,43 44,1,30,,28309,10,0,43 44,1,70,,28302,10,0,43 44,1,30,,28297,10,0,43 44,1,70,,28306,10,0,43 44,1,30,,28305,10,0,43 44,1,70,,28313,10,0,43 44,1,30,,28310,10,0,43 44,1,70,,28300,10,0,43 44,1,30,,28301,10,0,43 44,1,70,,28311,10,0,43 44,1,30,,28312,10,0,43 44,1,70,,28298,10,0,43 44,1,30,,28299,10,0,43 44,1,70,,28308,10,0,43 44,1,30,,28293,10,0,43 44,1,70,,28314,10,0,43 44,1,30,,28295,10,0,43 44,1,70,,21795,10,0,43 44,1,30,,24835,10,0,43 44,1,70,,28304,10,0,43 44,1,30,,28296,10,0,43 44,1
31700,'11',619,,28762,8,0,63,1,30,,28775,8,0,63,1,70,,28779,8,0,63,1,30,,28763,8,0,63,1,70,,28772,8,0,63,1,30,,28760,8,0,63,1,70,,28774,8,0,63,1,30,,28773,8,0,63,1,70,,28769,8,0,63,1,30,,28776,8,0,63,1,70,,28780,8,0,63,1,30,,28777,8,0,63,1,70,,28765,8,0,63,1,30,,28778,8,0,63,1,70,,28771,8,0,63,1,30,,26751,8,0,63,1,70,,21757,8,0,63,1,30,,28761,8,0,63,1,70,,28770,8,0,63,1,30,,28768,8,0,63,1,70,,28764,8,0,63,1,30,,28759,8,0,63,1,70,,28766,8,0,63,1,30,,28767,8,0,63,1
31700,'3',619,,28784,8,0,63,1,30,,28797,8,0,63,1,70,,28801,8,0,63,1,30,,28785,8,0,63,1,70,,28794,8,0,63,1,30,,28782,8,0,63,1,70,,28796,8,0,63,1,30,,28795,8,0,63,1,70,,28791,8,0,63,1,30,,28798,8,0,63,1,70,,28802,8,0,63,1,30,,28799,8,0,63,1,70,,28787,8,0,63,1,30,,28800,8,0,63,1,70,,28793,8,0,63,1,30,,26797,8,0,63,1,70,,21780,8,0,63,1,30,,28783,8,0,63,1,70,,28792,8,0,63,1,30,,28790,8,0,63,1,70,,28786,8,0,63,1,30,,28781,8,0,63,1,70,,28788,8,0,63,1,30,,28789,8,0,63,1
41700,'1',619,,31909,8,0,67,1,30,,31921,8,0,67,1,70,,22634,8,0,67,1,30,,24443,8,0,67,1,70,,31929,8,0,67,1,30,,31906,8,0,67,1,70,,31917,8,0,67,1,30,,31911,8,0,67,1,70,,23940,8,0,67,1,30,,31926,8,0,67,1,70,,31924,8,0,67,1,30,,31912,8,0,67,1,70,,31919,8,0,67,1,30,,31907,8,0,67,1,70,,31928,8,0,67,1,30,,31910,8,0,67,1,70,,31930,8,0,67,1,30,,31923,8,0,67,1,70,,31918,8,0,67,1,30,,31927,8,0,67,1,70,,31922,8,0,67,1,30,,31916,8,0,67,1,70,,31931,8,0,67,1,30,,22834,8,0,67,1,70,,31913,8,0,67,1,100,,31915,8,0,67,1,100,,31920,8,0,67,1,100,,31925,8,0,67,1,100,,31914,8,0,67,1,100,,31908,8,0,67,1
41700,'11',1819,,24177,8,0,67,1,100,,31933,8,0,67,1,100,,1409,8,0,67,1,100,,31935,8,0,67,1,100,,31932,8,0,67,1,100,,31934,8,0,67,1
41700,'12',1119,,31936,8,0,67,1,100,,31942,8,0,67,1,100,,31940,8,0,67,1,100,,31937,8,0,67,1,100,,31941,8,0,67,1,100,,31939,8,0,67,1,100,,31938,8,0,67,1
41700,'14',619,,31946,8,0,67,1,30,,31960,8,0,67,1,70,,31956,8,0,67,1,30,,31953,8,0,67,1,70,,31966,8,0,67,1,30,,31943,8,0,67,1,70,,31955,8,0,67,1,30,,31948,8,0,67,1,70,,31958,8,0,67,1,30,,31964,8,0,67,1,70,,31963,8,0,67,1,30,,31949,8,0,67,1,70,,26461,8,0,67,1,30,,31944,8,0,67,1,70,,25241,8,0,67,1,30,,31947,8,0,67,1,70,,26649,8,0,67,1,30,,31962,8,0,67,1,70,,19135,8,0,67,1,30,,31965,8,0,67,1,70,,31961,8,0,67,1,30,,31954,8,0,67,1,70,,31967,8,0,67,1,30,,31957,8,0,67,1,70,,31950,8,0,67,1,100,,31952,8,0,67,1,100,,31959,8,0,67,1,100,,25543,8,0,67,1,100,,31951,8,0,67,1,100,,31945,8,0,67,1
41700,'3',1819,,24185,8,0,67,1,100,,31969,8,0,67,1,100,,1432,8,0,67,1,100,,31971,8,0,67,1,100,,31968,8,0,67,1,100,,31970,8,0,67,1
41700,'8',919,,31989,8,0,67,1,100,,31985,8,0,67,1,30,,31974,8,0,67,1,70,,31988,8,0,67,1,30,,31984,8,0,67,1,70,,26491,8,0,67,1,30,,31978,8,0,67,1,70,,31980,8,0,67,1,30,,31981,8,0,67,1,70,,31986,8,0,67,1,30,,31987,8,0,67,1,70,,31977,8,0,67,1,30,,31982,8,0,67,1,70,,31975,8,0,67,1,30,,31973,8,0,67,1,70,,31983,8,0,67,1,30,,31976,8,0,67,1,70,,31972,8,0,67,1,100,,31979,8,0,67,1
