31501,'15',613,,12552,28,0,20 14 35 26,1,30,,12556,28,0,20 14 35 26,1,70,,12557,28,0,20 14 35 26,1,30,,12575,28,0,20 14 35 26,1,70,,12553,28,0,20 14 35 26,1,30,,12560,28,0,20 14 35 26,1,70,,12569,28,0,20 14 35 26,1,30,,12570,28,0,20 14 35 26,1,70,,12564,28,0,20 14 35 26,1,30,,12572,28,0,20 14 35 26,1,70,,12574,28,0,20 14 35 26,1,30,,12563,28,0,20 14 35 26,1,70,,12555,28,0,20 14 35 26,1,30,,12554,28,0,20 14 35 26,1,70,,12565,28,0,20 14 35 26,1,30,,12571,28,0,20 14 35 26,1,71,,12573,28,0,20 14 35 26,1,30,,12562,28,0,20 14 35 26,1,70,,12568,28,0,20 14 35 26,1,30,,12567,28,0,20 14 35 26,1,70,,12566,28,0,20 14 35 26,1,30,,12559,28,0,20 14 35 26,1,70,,12561,28,0,20 14 35 26,1,30,,12558,28,0,20 14 35 26,1
31501,'16',613,,12576,28,0,20 14 35 26,1,30,,12579,28,0,20 14 35 26,1,70,,12580,28,0,20 14 35 26,1,30,,12592,28,0,20 14 35 26,1,70,,12577,28,0,20 14 35 26,1,30,,12582,28,0,20 14 35 26,1,70,,7968,28,0,20 14 35 26,1,30,,12588,28,0,20 14 35 26,1,70,,12585,28,0,20 14 35 26,1,30,,1395,28,0,20 14 35 26,1,70,,12591,28,0,20 14 35 26,1,30,,8740,28,0,20 14 35 26,1,70,,8736,28,0,20 14 35 26,1,30,,12578,28,0,20 14 35 26,1,70,,12586,28,0,20 14 35 26,1,30,,12589,28,0,20 14 35 26,1,71,,12590,28,0,20 14 35 26,1,30,,12584,28,0,20 14 35 26,1,70,,12587,28,0,20 14 35 26,1,30,,2259,28,0,20 14 35 26,1,70,,4028,28,0,20 14 35 26,1,30,,8291,28,0,20 14 35 26,1,70,,12583,28,0,20 14 35 26,1,30,,12581,28,0,20 14 35 26,1
31501,'17',613,,12593,28,0,20 14 35 26,1,30,,12596,28,0,20 14 35 26,1,70,,12597,28,0,20 14 35 26,1,30,,12609,28,0,20 14 35 26,1,70,,12594,28,0,20 14 35 26,1,30,,12599,28,0,20 14 35 26,1,70,,7974,28,0,20 14 35 26,1,30,,12605,28,0,20 14 35 26,1,70,,12602,28,0,20 14 35 26,1,30,,1418,28,0,20 14 35 26,1,70,,12608,28,0,20 14 35 26,1,30,,8750,28,0,20 14 35 26,1,70,,8746,28,0,20 14 35 26,1,30,,12595,28,0,20 14 35 26,1,70,,12603,28,0,20 14 35 26,1,30,,12606,28,0,20 14 35 26,1,71,,12607,28,0,20 14 35 26,1,30,,12601,28,0,20 14 35 26,1,70,,12604,28,0,20 14 35 26,1,30,,2284,28,0,20 14 35 26,1,70,,4043,28,0,20 14 35 26,1,30,,8297,28,0,20 14 35 26,1,70,,12600,28,0,20 14 35 26,1,30,,12598,28,0,20 14 35 26,1
31501,'19',613,,12610,28,0,20 14 35 26,1,30,,12614,28,0,20 14 35 26,1,70,,12615,28,0,20 14 35 26,1,30,,12633,28,0,20 14 35 26,1,70,,12611,28,0,20 14 35 26,1,30,,12617,28,0,20 14 35 26,1,70,,12626,28,0,20 14 35 26,1,30,,12628,28,0,20 14 35 26,1,70,,12621,28,0,20 14 35 26,1,30,,12630,28,0,20 14 35 26,1,70,,12632,28,0,20 14 35 26,1,30,,12620,28,0,20 14 35 26,1,70,,12613,28,0,20 14 35 26,1,30,,12612,28,0,20 14 35 26,1,70,,12622,28,0,20 14 35 26,1,30,,12629,28,0,20 14 35 26,1,71,,12631,28,0,20 14 35 26,1,30,,12619,28,0,20 14 35 26,1,70,,12625,28,0,20 14 35 26,1,30,,12624,28,0,20 14 35 26,1,70,,12623,28,0,20 14 35 26,1,30,,12627,28,0,20 14 35 26,1,70,,12618,28,0,20 14 35 26,1,30,,12616,28,0,20 14 35 26,1
31501,'5',613,,12634,28,0,20 14 35 26,1,30,,12637,28,0,20 14 35 26,1,70,,3273,28,0,20 14 35 26,1,30,,12650,28,0,20 14 35 26,1,70,,12635,28,0,20 14 35 26,1,30,,12639,28,0,20 14 35 26,1,70,,8024,28,0,20 14 35 26,1,30,,12646,28,0,20 14 35 26,1,70,,12642,28,0,20 14 35 26,1,30,,1441,28,0,20 14 35 26,1,70,,12649,28,0,20 14 35 26,1,30,,8770,28,0,20 14 35 26,1,70,,8766,28,0,20 14 35 26,1,30,,12636,28,0,20 14 35 26,1,70,,12643,28,0,20 14 35 26,1,30,,12647,28,0,20 14 35 26,1,71,,12648,28,0,20 14 35 26,1,30,,12641,28,0,20 14 35 26,1,70,,12644,28,0,20 14 35 26,1,30,,2309,28,0,20 14 35 26,1,70,,4073,28,0,20 14 35 26,1,30,,12645,28,0,20 14 35 26,1,70,,12640,28,0,20 14 35 26,1,30,,12638,28,0,20 14 35 26,1
31501,'6',613,,12651,28,0,20 14 35 26,1,30,,12655,28,0,20 14 35 26,1,70,,12656,28,0,20 14 35 26,1,30,,12674,28,0,20 14 35 26,1,70,,12652,28,0,20 14 35 26,1,30,,12659,28,0,20 14 35 26,1,70,,12668,28,0,20 14 35 26,1,30,,12669,28,0,20 14 35 26,1,70,,12663,28,0,20 14 35 26,1,30,,12671,28,0,20 14 35 26,1,70,,12673,28,0,20 14 35 26,1,30,,12662,28,0,20 14 35 26,1,70,,12654,28,0,20 14 35 26,1,30,,12653,28,0,20 14 35 26,1,70,,12664,28,0,20 14 35 26,1,30,,12670,28,0,20 14 35 26,1,71,,12672,28,0,20 14 35 26,1,30,,12661,28,0,20 14 35 26,1,70,,12667,28,0,20 14 35 26,1,30,,12666,28,0,20 14 35 26,1,70,,12665,28,0,20 14 35 26,1,30,,12658,28,0,20 14 35 26,1,70,,12660,28,0,20 14 35 26,1,30,,12657,28,0,20 14 35 26,1
41501,'1',1129,,18911,28,0,20 14 34,1,100,,18912,28,0,20 14 34,1,100,,18913,28,0,20 14 34,1,101,,18908,28,0,20 14 34,1,100,,18907,28,0,20 14 34,1,100,,18910,28,0,20 14 34,1,100,,18909,28,0,20 14 34,1
41501,'10',658,,18921,28,0,20 14 34,1,70,,18939,28,0,20 14 34,1,30,,18938,28,0,20 14 34,1,70,,18917,28,0,20 14 34,1,30,,18928,28,0,20 14 34,1,70,,18918,28,0,20 14 34,1,30,,18926,28,0,20 14 34,1,71,,18914,28,0,20 14 34,1,30,,18930,28,0,20 14 34,1,70,,18941,28,0,20 14 34,1,30,,18936,28,0,20 14 34,1,70,,18925,28,0,20 14 34,1,30,,18924,28,0,20 14 34,1,70,,18934,28,0,20 14 34,1,30,,18937,28,0,20 14 34,1,71,,18933,28,0,20 14 34,1,70,,18932,28,0,20 14 34,1,30,,18915,28,0,20 14 34,1,70,,18927,28,0,20 14 34,1,30,,18922,28,0,20 14 34,1,70,,18931,28,0,20 14 34,1,30,,18940,28,0,20 14 34,1,70,,18919,28,0,20 14 34,1,30,,18920,28,0,20 14 34,1,98,,18916,28,0,20 14 34,1,100,,18935,28,0,20 14 34,1,100,,18923,28,0,20 14 34,1,100,,18929,28,0,20 14 34,1,100,,18942,28,0,20 14 34,1
41501,'12',928,,18956,28,0,20 14 34,1,101,,18959,28,0,20 14 34,1,30,,18950,28,0,20 14 34,1,70,,18945,28,0,20 14 34,1,30,,6689,28,0,20 14 34,1,70,,18949,28,0,20 14 34,1,30,,18957,28,0,20 14 34,1,70,,18944,28,0,20 14 34,1,30,,18943,28,0,20 14 34,1,71,,6690,28,0,20 14 34,1,70,,18946,28,0,20 14 34,1,30,,18953,28,0,20 14 34,1,70,,18951,28,0,20 14 34,1,30,,18954,28,0,20 14 34,1,70,,18948,28,0,20 14 34,1,30,,18947,28,0,20 14 34,1,70,,18958,28,0,20 14 34,1,30,,18955,28,0,20 14 34,1,98,,18952,28,0,20 14 34,1
41501,'15',1815,,18960,28,0,20 14 34,1,30,,18965,28,0,20 14 34,1,83,,18961,28,0,20 14 34,1,100,,18964,28,0,20 14 34,1,100,,18963,28,0,20 14 34,1,100,,18966,28,0,20 14 34,1,100,,18962,28,0,20 14 34,1
41501,'16',1815,,18967,28,0,20 14 34,1,30,,610,28,0,20 14 34,1,83,,5545,28,0,20 14 34,1,100,,266,28,0,20 14 34,1,100,,18968,28,0,20 14 34,1,100,,18969,28,0,20 14 34,1,100,,1667,28,0,20 14 34,1
41501,'17',1815,,18970,28,0,20 14 34,1,30,,635,28,0,20 14 34,1,83,,5595,28,0,20 14 34,1,100,,316,28,0,20 14 34,1,100,,18971,28,0,20 14 34,1,100,,18972,28,0,20 14 34,1,100,,1690,28,0,20 14 34,1
41501,'19',1815,,18973,28,0,20 14 34,1,30,,18976,28,0,20 14 34,1,83,,18974,28,0,20 14 34,1,100,,18978,28,0,20 14 34,1,100,,18977,28,0,20 14 34,1,100,,18979,28,0,20 14 34,1,100,,18975,28,0,20 14 34,1
41501,'21',658,,18986,28,0,20 14 34,1,70,,19004,28,0,20 14 34,1,30,,19003,28,0,20 14 34,1,70,,18983,28,0,20 14 34,1,30,,18993,28,0,20 14 34,1,70,,5377,28,0,20 14 34,1,30,,18991,28,0,20 14 34,1,71,,18980,28,0,20 14 34,1,30,,18995,28,0,20 14 34,1,70,,19006,28,0,20 14 34,1,30,,19001,28,0,20 14 34,1,70,,18990,28,0,20 14 34,1,30,,18989,28,0,20 14 34,1,70,,18999,28,0,20 14 34,1,30,,19002,28,0,20 14 34,1,71,,18998,28,0,20 14 34,1,70,,18997,28,0,20 14 34,1,30,,18981,28,0,20 14 34,1,70,,18992,28,0,20 14 34,1,30,,18987,28,0,20 14 34,1,70,,18996,28,0,20 14 34,1,30,,19005,28,0,20 14 34,1,70,,18984,28,0,20 14 34,1,30,,18985,28,0,20 14 34,1,98,,18982,28,0,20 14 34,1,100,,19000,28,0,20 14 34,1,100,,18988,28,0,20 14 34,1,100,,18994,28,0,20 14 34,1,100,,19007,28,0,20 14 34,1
41501,'5',1815,,19008,28,0,20 14 34,1,30,,19009,28,0,20 14 34,1,83,,5725,28,0,20 14 34,1,100,,366,28,0,20 14 34,1,100,,19010,28,0,20 14 34,1,100,,19011,28,0,20 14 34,1,100,,1713,28,0,20 14 34,1
41501,'6',1815,,19012,28,0,20 14 34,1,30,,19017,28,0,20 14 34,1,83,,19013,28,0,20 14 34,1,100,,19016,28,0,20 14 34,1,100,,19015,28,0,20 14 34,1,100,,19018,28,0,20 14 34,1,100,,19014,28,0,20 14 34,1
