33200,'15',805,,19500,0,30,1,100,,19499,0,30,1,100,,19504,0,30,1,100,,19494,0,30,1,100,,19497,0,30,1,100,,19498,0,30,1,100,,19495,0,30,1,100,,19501,0,30,1,100,,19502,0,30,1,100,,19503,0,30,1,100,,19496,0,30,1
33200,'16',735,,19517,0,30,1,70,,19512,0,30,1,30,,19518,0,30,1,70,,19510,0,30,1,30,,7363,0,30,1,70,,19519,0,30,1,30,,19520,0,30,1,70,,8956,0,30,1,30,,19513,0,30,1,70,,9694,0,30,1,30,,19508,0,30,1,70,,19509,0,30,1,30,,8027,0,30,1,70,,19507,0,30,1,30,,19511,0,30,1,70,,19514,0,30,1,30,,10583,0,30,1,70,,19515,0,30,1,30,,6039,0,30,1,70,,19516,0,30,1,30,,19506,0,30,1,70,,5469,0,30,1,30,,19505,0,30,1
33200,'17',735,,19534,0,30,1,70,,19529,0,30,1,30,,19535,0,30,1,70,,19527,0,30,1,30,,7383,0,30,1,70,,19536,0,30,1,30,,19537,0,30,1,70,,8968,0,30,1,30,,19530,0,30,1,70,,19525,0,30,1,30,,19524,0,30,1,70,,19526,0,30,1,30,,8088,0,30,1,70,,19523,0,30,1,30,,19528,0,30,1,70,,19531,0,30,1,30,,10595,0,30,1,70,,19532,0,30,1,30,,6057,0,30,1,70,,19533,0,30,1,30,,19522,0,30,1,70,,5512,0,30,1,30,,19521,0,30,1
33200,'19',735,,19546,0,30,1,70,,19551,0,30,1,30,,19548,0,30,1,70,,19550,0,30,1,30,,19557,0,30,1,70,,19559,0,30,1,30,,19556,0,30,1,70,,19538,0,30,1,30,,19560,0,30,1,70,,19547,0,30,1,30,,19542,0,30,1,70,,19549,0,30,1,30,,19544,0,30,1,70,,19540,0,30,1,30,,19539,0,30,1,70,,19552,0,30,1,30,,19558,0,30,1,70,,19553,0,30,1,30,,19541,0,30,1,70,,19554,0,30,1,30,,19543,0,30,1,70,,19545,0,30,1,30,,19555,0,30,1
33200,'5',735,,19566,0,30,1,70,,19569,0,30,1,30,,9846,0,30,1,70,,19568,0,30,1,30,,19563,0,30,1,70,,19578,0,30,1,30,,19576,0,30,1,70,,8979,0,30,1,30,,19577,0,30,1,70,,19564,0,30,1,30,,19574,0,30,1,70,,19565,0,30,1,30,,8151,0,30,1,70,,19561,0,30,1,30,,19567,0,30,1,70,,19570,0,30,1,30,,19575,0,30,1,70,,19571,0,30,1,30,,19562,0,30,1,70,,19573,0,30,1,30,,19572,0,30,1,70,,5551,0,30,1,30,,19579,0,30,1
33200,'6',805,,19586,0,30,1,100,,19585,0,30,1,100,,19590,0,30,1,100,,19580,0,30,1,100,,19583,0,30,1,100,,19584,0,30,1,100,,19581,0,30,1,100,,19587,0,30,1,100,,19588,0,30,1,100,,19589,0,30,1,100,,19582,0,30,1
43200,'10',705,,25142,0,52,1,30,,25140,0,52,1,70,,25134,0,52,1,30,,25160,0,52,1,70,,25136,0,52,1,30,,25139,0,52,1,70,,25141,0,52,1,30,,25156,0,52,1,70,,25151,0,52,1,30,,25149,0,52,1,70,,25153,0,52,1,30,,25165,0,52,1,70,,25158,0,52,1,30,,25163,0,52,1,70,,25152,0,52,1,30,,25143,0,52,1,70,,25167,0,52,1,30,,25147,0,52,1,70,,25135,0,52,1,30,,25166,0,52,1,70,,25138,0,52,1,30,,25162,0,52,1,70,,25145,0,52,1,30,,25148,0,52,1,70,,25150,0,52,1,30,,25169,0,52,1,70,,25168,0,52,1,30,,25146,0,52,1,70,,25137,0,52,1,30,,25157,0,52,1,70,,25144,0,52,1,30,,25154,0,52,1,70,,25161,0,52,1,30,,25159,0,52,1,70,,25155,0,52,1,30,,25164,0,52,1
43200,'15',1905,,25170,0,52,1,100,,25174,0,52,1,100,,25172,0,52,1,100,,25171,0,52,1,100,,25173,0,52,1
43200,'16',1905,,25178,0,52,1,30,,25180,0,52,1,70,,25184,0,52,1,30,,25182,0,52,1,70,,12008,0,52,1,30,,25175,0,52,1,70,,25179,0,52,1,30,,25183,0,52,1,70,,25181,0,52,1,30,,25177,0,52,1,70,,25176,0,52,1
43200,'17',1905,,1099,0,52,1,30,,25189,0,52,1,70,,25193,0,52,1,30,,25191,0,52,1,70,,12017,0,52,1,30,,25185,0,52,1,70,,25188,0,52,1,30,,25192,0,52,1,70,,25190,0,52,1,30,,25187,0,52,1,70,,25186,0,52,1
43200,'19',1905,,25194,0,52,1,100,,25198,0,52,1,100,,25196,0,52,1,100,,25195,0,52,1,100,,25197,0,52,1
43200,'5',1905,,25200,0,52,1,30,,25205,0,52,1,70,,25204,0,52,1,30,,25199,0,52,1,70,,12069,0,52,1,30,,25202,0,52,1,70,,25201,0,52,1,30,,7578,0,52,1,70,,25203,0,52,1
43200,'6',1905,,25206,0,52,1,100,,25210,0,52,1,100,,25208,0,52,1,100,,25207,0,52,1,100,,25209,0,52,1
