30900,'15',623,,11181,15,0,23,1,30,,11199,15,0,23,1,71,,11201,15,0,23,1,30,,11185,15,0,23,1,70,,11188,15,0,23,1,30,,11179,15,0,23,1,70,,11194,15,0,23,1,30,,11182,15,0,23,1,71,,11187,15,0,23,1,30,,11190,15,0,23,1,70,,11186,15,0,23,1,30,,11195,15,0,23,1,70,,11183,15,0,23,1,30,,11197,15,0,23,1,70,,11191,15,0,23,1,30,,11198,15,0,23,1,73,,11180,15,0,23,1,30,,11196,15,0,23,1,70,,11200,15,0,23,1,30,,11193,15,0,23,1,70,,11189,15,0,23,1,30,,11192,15,0,23,1,70,,11184,15,0,23,1
30900,'16',623,,11204,15,0,23,1,30,,11220,15,0,23,1,71,,11222,15,0,23,1,30,,11208,15,0,23,1,70,,7321,15,0,23,1,30,,11202,15,0,23,1,70,,11215,15,0,23,1,30,,11205,15,0,23,1,71,,5250,15,0,23,1,30,,11211,15,0,23,1,70,,11209,15,0,23,1,30,,11216,15,0,23,1,70,,11206,15,0,23,1,30,,11218,15,0,23,1,70,,11212,15,0,23,1,30,,11219,15,0,23,1,73,,11203,15,0,23,1,30,,11217,15,0,23,1,70,,11221,15,0,23,1,30,,11214,15,0,23,1,70,,11210,15,0,23,1,30,,11213,15,0,23,1,70,,11207,15,0,23,1
30900,'17',623,,11224,15,0,23,1,30,,11240,15,0,23,1,71,,11242,15,0,23,1,30,,11228,15,0,23,1,70,,7329,15,0,23,1,30,,11223,15,0,23,1,70,,11235,15,0,23,1,30,,11225,15,0,23,1,71,,5300,15,0,23,1,30,,11231,15,0,23,1,70,,11229,15,0,23,1,30,,11236,15,0,23,1,70,,11226,15,0,23,1,30,,11238,15,0,23,1,70,,11232,15,0,23,1,30,,11239,15,0,23,1,73,,3190,15,0,23,1,30,,11237,15,0,23,1,70,,11241,15,0,23,1,30,,11234,15,0,23,1,70,,11230,15,0,23,1,30,,11233,15,0,23,1,70,,11227,15,0,23,1
30900,'19',623,,5331,15,0,23,1,30,,11262,15,0,23,1,71,,11264,15,0,23,1,30,,11248,15,0,23,1,70,,11251,15,0,23,1,30,,11243,15,0,23,1,70,,11257,15,0,23,1,30,,11245,15,0,23,1,71,,11250,15,0,23,1,30,,11253,15,0,23,1,70,,11249,15,0,23,1,30,,11258,15,0,23,1,70,,11246,15,0,23,1,30,,11260,15,0,23,1,70,,11254,15,0,23,1,30,,11261,15,0,23,1,73,,11244,15,0,23,1,30,,11259,15,0,23,1,70,,11263,15,0,23,1,30,,11256,15,0,23,1,70,,11252,15,0,23,1,30,,11255,15,0,23,1,70,,11247,15,0,23,1
30900,'5',623,,11267,15,0,23,1,30,,11282,15,0,23,1,71,,11284,15,0,23,1,30,,11271,15,0,23,1,70,,7372,15,0,23,1,30,,11265,15,0,23,1,70,,11277,15,0,23,1,30,,11268,15,0,23,1,71,,5430,15,0,23,1,30,,11274,15,0,23,1,70,,11272,15,0,23,1,30,,11278,15,0,23,1,70,,11269,15,0,23,1,30,,11280,15,0,23,1,70,,11275,15,0,23,1,30,,11281,15,0,23,1,73,,11266,15,0,23,1,30,,11279,15,0,23,1,70,,11283,15,0,23,1,30,,11276,15,0,23,1,70,,11273,15,0,23,1,30,,5021,15,0,23,1,70,,11270,15,0,23,1
30900,'6',623,,11287,15,0,23,1,30,,11305,15,0,23,1,71,,11307,15,0,23,1,30,,11291,15,0,23,1,70,,11294,15,0,23,1,30,,11285,15,0,23,1,70,,11300,15,0,23,1,30,,11288,15,0,23,1,71,,11293,15,0,23,1,30,,11296,15,0,23,1,70,,11292,15,0,23,1,30,,11301,15,0,23,1,70,,11289,15,0,23,1,30,,11303,15,0,23,1,70,,11297,15,0,23,1,30,,11304,15,0,23,1,73,,11286,15,0,23,1,30,,11302,15,0,23,1,70,,11306,15,0,23,1,30,,11299,15,0,23,1,70,,11295,15,0,23,1,30,,11298,15,0,23,1,70,,11290,15,0,23,1
40900,'1',1058,,18129,15,0,23,1,100,,18131,15,0,23,1,100,,18132,15,0,23,1,100,,18128,15,0,23,1,100,,18135,15,0,23,1,100,,18130,15,0,23,1,100,,18133,15,0,23,1,100,,18134,15,0,23,1
40900,'10',657,,18162,15,0,23,1,70,,18151,15,0,23,1,30,,18154,15,0,23,1,70,,18144,15,0,23,1,30,,18141,15,0,23,1,70,,18146,15,0,23,1,30,,18163,15,0,23,1,71,,18155,15,0,23,1,30,,18149,15,0,23,1,70,,18153,15,0,23,1,30,,18143,15,0,23,1,70,,18160,15,0,23,1,30,,18150,15,0,23,1,70,,18164,15,0,23,1,30,,18147,15,0,23,1,70,,18138,15,0,23,1,30,,18139,15,0,23,1,70,,18148,15,0,23,1,30,,18157,15,0,23,1,70,,18136,15,0,23,1,30,,18161,15,0,23,1,70,,18152,15,0,23,1,30,,18156,15,0,23,1,100,,18145,15,0,23,1,99,,18158,15,0,23,1,100,,18159,15,0,23,1,100,,18142,15,0,23,1,100,,18140,15,0,23,1,100,,18137,15,0,23,1
40900,'12',857,,18172,15,0,23,1,100,,18183,15,0,23,1,71,,18171,15,0,23,1,30,,18175,15,0,23,1,70,,18180,15,0,23,1,30,,18166,15,0,23,1,70,,8796,15,0,23,1,30,,18168,15,0,23,1,70,,18177,15,0,23,1,30,,18176,15,0,23,1,70,,18181,15,0,23,1,30,,18165,15,0,23,1,70,,18178,15,0,23,1,30,,18179,15,0,23,1,70,,18167,15,0,23,1,30,,18173,15,0,23,1,70,,18169,15,0,23,1,30,,18170,15,0,23,1,100,,18174,15,0,23,1,99,,18182,15,0,23,1
40900,'15',1758,,18190,15,0,23,1,100,,18189,15,0,23,1,99,,18184,15,0,23,1,100,,18186,15,0,23,1,100,,18185,15,0,23,1,100,,18188,15,0,23,1,100,,18187,15,0,23,1
40900,'16',1758,,18195,15,0,23,1,100,,18194,15,0,23,1,99,,18191,15,0,23,1,100,,18192,15,0,23,1,100,,1183,15,0,23,1,100,,18193,15,0,23,1,100,,419,15,0,23,1
40900,'17',1758,,18200,15,0,23,1,100,,18199,15,0,23,1,99,,18196,15,0,23,1,100,,18197,15,0,23,1,100,,1207,15,0,23,1,100,,18198,15,0,23,1,100,,442,15,0,23,1
40900,'19',1758,,18207,15,0,23,1,100,,18206,15,0,23,1,99,,18201,15,0,23,1,100,,18203,15,0,23,1,100,,18202,15,0,23,1,100,,18205,15,0,23,1,100,,18204,15,0,23,1
40900,'21',657,,18231,15,0,23,1,70,,7226,15,0,23,1,30,,18223,15,0,23,1,70,,18214,15,0,23,1,30,,18212,15,0,23,1,70,,18216,15,0,23,1,30,,18232,15,0,23,1,71,,18224,15,0,23,1,30,,18219,15,0,23,1,70,,18222,15,0,23,1,30,,7753,15,0,23,1,70,,18229,15,0,23,1,30,,18220,15,0,23,1,70,,18233,15,0,23,1,30,,18217,15,0,23,1,70,,18210,15,0,23,1,30,,18211,15,0,23,1,70,,18218,15,0,23,1,30,,18226,15,0,23,1,70,,18208,15,0,23,1,30,,18230,15,0,23,1,70,,18221,15,0,23,1,30,,18225,15,0,23,1,100,,18215,15,0,23,1,99,,18227,15,0,23,1,100,,18228,15,0,23,1,100,,18213,15,0,23,1,100,,7907,15,0,23,1,100,,18209,15,0,23,1
40900,'5',1758,,18238,15,0,23,1,100,,18237,15,0,23,1,99,,18234,15,0,23,1,100,,18235,15,0,23,1,100,,1231,15,0,23,1,100,,18236,15,0,23,1,100,,465,15,0,23,1
40900,'6',1758,,18245,15,0,23,1,100,,18244,15,0,23,1,99,,18239,15,0,23,1,100,,18241,15,0,23,1,100,,18240,15,0,23,1,100,,18243,15,0,23,1,100,,18242,15,0,23,1
