30100,'15',616,,8846,31,0,5 6,1,30,,8861,31,0,5 6,1,70,,8850,31,0,5 6,1,30,,8836,31,0,5 6,1,70,,8845,31,0,5 6,1,30,,8839,31,0,5 6,1,70,,8827,31,0,5 6,1,30,,8841,31,0,5 6,1,70,,8849,31,0,5 6,1,30,,8834,31,0,5 6,1,70,,8853,31,0,5 6,1,30,,8857,31,0,5 6,1,70,,8828,31,0,5 6,1,30,,8843,31,0,5 6,1,70,,8871,31,0,5 6,1,30,,8831,31,0,5 6,1,70,,8851,31,0,5 6,1,30,,8838,31,0,5 6,1,70,,8837,31,0,5 6,1,30,,8854,31,0,5 6,1,70,,8855,31,0,5 6,1,30,,8858,31,0,5 6,1,70,,8840,31,0,5 6,1,30,,8829,31,0,5 6,1
30100,'16',616,,2451,31,0,5 6,1,30,,8895,31,0,5 6,1,70,,8887,31,0,5 6,1,30,,8879,31,0,5 6,1,70,,8885,31,0,5 6,1,30,,8881,31,0,5 6,1,70,,8873,31,0,5 6,1,30,,8883,31,0,5 6,1,70,,1097,31,0,5 6,1,30,,6860,31,0,5 6,1,70,,8890,31,0,5 6,1,30,,8893,31,0,5 6,1,70,,5228,31,0,5 6,1,30,,2909,31,0,5 6,1,70,,8905,31,0,5 6,1,30,,8875,31,0,5 6,1,70,,8888,31,0,5 6,1,30,,2345,31,0,5 6,1,70,,8880,31,0,5 6,1,30,,8891,31,0,5 6,1,70,,8892,31,0,5 6,1,30,,1201,31,0,5 6,1,70,,8882,31,0,5 6,1,30,,4441,31,0,5 6,1
30100,'17',616,,2474,31,0,5 6,1,30,,8928,31,0,5 6,1,70,,8920,31,0,5 6,1,30,,8912,31,0,5 6,1,70,,8918,31,0,5 6,1,30,,8914,31,0,5 6,1,70,,8907,31,0,5 6,1,30,,8916,31,0,5 6,1,70,,1122,31,0,5 6,1,30,,6865,31,0,5 6,1,70,,8923,31,0,5 6,1,30,,8926,31,0,5 6,1,70,,5278,31,0,5 6,1,30,,2975,31,0,5 6,1,70,,8938,31,0,5 6,1,30,,8908,31,0,5 6,1,70,,8921,31,0,5 6,1,30,,2371,31,0,5 6,1,70,,8913,31,0,5 6,1,30,,8924,31,0,5 6,1,70,,8925,31,0,5 6,1,30,,1225,31,0,5 6,1,70,,8915,31,0,5 6,1,30,,4451,31,0,5 6,1
30100,'19',616,,8959,31,0,5 6,1,30,,8974,31,0,5 6,1,70,,8963,31,0,5 6,1,30,,8950,31,0,5 6,1,70,,5651,31,0,5 6,1,30,,8953,31,0,5 6,1,70,,8941,31,0,5 6,1,30,,8955,31,0,5 6,1,70,,8962,31,0,5 6,1,30,,8948,31,0,5 6,1,70,,8966,31,0,5 6,1,30,,8970,31,0,5 6,1,70,,8942,31,0,5 6,1,30,,8957,31,0,5 6,1,70,,8983,31,0,5 6,1,30,,8945,31,0,5 6,1,70,,8964,31,0,5 6,1,30,,8952,31,0,5 6,1,70,,8951,31,0,5 6,1,30,,8967,31,0,5 6,1,70,,8968,31,0,5 6,1,30,,8971,31,0,5 6,1,70,,8954,31,0,5 6,1,30,,8943,31,0,5 6,1
30100,'5',616,,2497,31,0,5 6,1,30,,9004,31,0,5 6,1,70,,8997,31,0,5 6,1,30,,4998,31,0,5 6,1,70,,8995,31,0,5 6,1,30,,8991,31,0,5 6,1,70,,8985,31,0,5 6,1,30,,8993,31,0,5 6,1,70,,1147,31,0,5 6,1,30,,6907,31,0,5 6,1,70,,9000,31,0,5 6,1,30,,9002,31,0,5 6,1,70,,5408,31,0,5 6,1,30,,3043,31,0,5 6,1,70,,9014,31,0,5 6,1,30,,8986,31,0,5 6,1,70,,8998,31,0,5 6,1,30,,2396,31,0,5 6,1,70,,8990,31,0,5 6,1,30,,4214,31,0,5 6,1,70,,9001,31,0,5 6,1,30,,1249,31,0,5 6,1,70,,8992,31,0,5 6,1,30,,4474,31,0,5 6,1
30100,'6',616,,9036,31,0,5 6,1,30,,9051,31,0,5 6,1,70,,9040,31,0,5 6,1,30,,9026,31,0,5 6,1,70,,9035,31,0,5 6,1,30,,9029,31,0,5 6,1,70,,9017,31,0,5 6,1,30,,9031,31,0,5 6,1,70,,9039,31,0,5 6,1,30,,9024,31,0,5 6,1,70,,9043,31,0,5 6,1,30,,9047,31,0,5 6,1,70,,9018,31,0,5 6,1,30,,9033,31,0,5 6,1,70,,9061,31,0,5 6,1,30,,9021,31,0,5 6,1,70,,9041,31,0,5 6,1,30,,9028,31,0,5 6,1,70,,9027,31,0,5 6,1,30,,9044,31,0,5 6,1,70,,9045,31,0,5 6,1,30,,9048,31,0,5 6,1,70,,9030,31,0,5 6,1,30,,9019,31,0,5 6,1
40100,'1',1110,,16776,31,0,8,1,100,,16774,31,0,8,1,100,,219,31,0,8,1,100,,16770,31,0,8,1,100,,16769,31,0,8,1,100,,16772,31,0,8,1,100,,16775,31,0,8,1,100,,16771,31,0,8,1
40100,'10',640,,16792,31,0,8,1,70,,16826,31,0,8,1,30,,16808,31,0,8,1,70,,16820,31,0,8,1,30,,16811,31,0,8,1,70,,16818,31,0,8,1,30,,16803,31,0,8,1,70,,16819,31,0,8,1,30,,16828,31,0,8,1,70,,16832,31,0,8,1,30,,16804,31,0,8,1,70,,16790,31,0,8,1,30,,16807,31,0,8,1,70,,16784,31,0,8,1,30,,16781,31,0,8,1,70,,16815,31,0,8,1,30,,16778,31,0,8,1,70,,16823,31,0,8,1,30,,16799,31,0,8,1,70,,16797,31,0,8,1,30,,16806,31,0,8,1,70,,16783,31,0,8,1,30,,16780,31,0,8,1,70,,16805,31,0,8,1,100,,16812,31,0,8,1,100,,16835,31,0,8,1,100,,16789,31,0,8,1,100,,16788,31,0,8,1,100,,16785,31,0,8,1,100,,16794,31,0,8,1
40100,'12',910,,16860,31,0,8,1,100,,16864,31,0,8,1,30,,16843,31,0,8,1,70,,16870,31,0,8,1,30,,16862,31,0,8,1,70,,16854,31,0,8,1,30,,16851,31,0,8,1,70,,16868,31,0,8,1,30,,16852,31,0,8,1,70,,6122,31,0,8,1,30,,16866,31,0,8,1,70,,7866,31,0,8,1,30,,16837,31,0,8,1,70,,16849,31,0,8,1,30,,16842,31,0,8,1,70,,16872,31,0,8,1,30,,16867,31,0,8,1,70,,16869,31,0,8,1,100,,16859,31,0,8,1,100,,16865,31,0,8,1
40100,'15',1810,,16877,31,0,8,1,100,,16883,31,0,8,1,100,,16885,31,0,8,1,100,,16886,31,0,8,1,100,,16881,31,0,8,1,100,,16879,31,0,8,1,100,,16882,31,0,8,1
40100,'16',1810,,615,31,0,8,1,100,,16894,31,0,8,1,100,,16896,31,0,8,1,100,,16897,31,0,8,1,100,,284,31,0,8,1,100,,16893,31,0,8,1,100,,16892,31,0,8,1
40100,'17',1810,,639,31,0,8,1,100,,16905,31,0,8,1,100,,16907,31,0,8,1,100,,16908,31,0,8,1,100,,334,31,0,8,1,100,,16903,31,0,8,1,100,,16904,31,0,8,1
40100,'19',1810,,16913,31,0,8,1,100,,16919,31,0,8,1,100,,16921,31,0,8,1,100,,16922,31,0,8,1,100,,16917,31,0,8,1,100,,16915,31,0,8,1,100,,16918,31,0,8,1
40100,'21',640,,16934,31,0,8,1,70,,16962,31,0,8,1,30,,16945,31,0,8,1,70,,16956,31,0,8,1,30,,16948,31,0,8,1,70,,16954,31,0,8,1,30,,16942,31,0,8,1,70,,16955,31,0,8,1,30,,16964,31,0,8,1,70,,16968,31,0,8,1,30,,16943,31,0,8,1,70,,16933,31,0,8,1,30,,7358,31,0,8,1,70,,16928,31,0,8,1,30,,6472,31,0,8,1,70,,16951,31,0,8,1,30,,7825,31,0,8,1,70,,16959,31,0,8,1,30,,16939,31,0,8,1,70,,7576,31,0,8,1,30,,7225,31,0,8,1,70,,16927,31,0,8,1,30,,16925,31,0,8,1,70,,16944,31,0,8,1,100,,16949,31,0,8,1,100,,16971,31,0,8,1,100,,16932,31,0,8,1,100,,16931,31,0,8,1,100,,16929,31,0,8,1,100,,16936,31,0,8,1
40100,'5',1810,,663,31,0,8,1,100,,16980,31,0,8,1,100,,16982,31,0,8,1,100,,16983,31,0,8,1,100,,384,31,0,8,1,100,,16978,31,0,8,1,100,,16979,31,0,8,1
40100,'6',1810,,16988,31,0,8,1,100,,16994,31,0,8,1,100,,16996,31,0,8,1,100,,16997,31,0,8,1,100,,16992,31,0,8,1,100,,16990,31,0,8,1,100,,16993,31,0,8,1
