31501,'12',608,,35338,16,0,20 14 35 26,1,30,,35351,16,0,20 14 35 26,1,70,,35346,16,0,20 14 35 26,1,30,,35345,16,0,20 14 35 26,1,70,,35343,16,0,20 14 35 26,1,30,,35344,16,0,20 14 35 26,1,70,,35347,16,0,20 14 35 26,1,30,,35350,16,0,20 14 35 26,1,70,,35339,16,0,20 14 35 26,1,30,,35348,16,0,20 14 35 26,1,70,,35354,16,0,20 14 35 26,1,30,,35358,16,0,20 14 35 26,1,70,,35353,16,0,20 14 35 26,1,30,,35360,16,0,20 14 35 26,1,70,,35352,16,0,20 14 35 26,1,30,,35341,16,0,20 14 35 26,1,70,,35349,16,0,20 14 35 26,1,30,,35356,16,0,20 14 35 26,1,70,,35342,16,0,20 14 35 26,1,30,,35340,16,0,20 14 35 26,1,70,,35357,16,0,20 14 35 26,1,30,,35355,16,0,20 14 35 26,1,70,,35359,16,0,20 14 35 26,1,30,,35337,16,0,20 14 35 26,1
31501,'13',608,,35362,16,0,20 14 35 26,1,30,,21901,16,0,20 14 35 26,1,70,,35368,16,0,20 14 35 26,1,30,,35367,16,0,20 14 35 26,1,70,,35365,16,0,20 14 35 26,1,30,,35366,16,0,20 14 35 26,1,70,,35369,16,0,20 14 35 26,1,30,,35372,16,0,20 14 35 26,1,70,,28189,16,0,20 14 35 26,1,30,,35370,16,0,20 14 35 26,1,70,,28508,16,0,20 14 35 26,1,30,,35377,16,0,20 14 35 26,1,70,,35373,16,0,20 14 35 26,1,30,,35379,16,0,20 14 35 26,1,70,,27564,16,0,20 14 35 26,1,30,,35364,16,0,20 14 35 26,1,70,,35371,16,0,20 14 35 26,1,30,,35375,16,0,20 14 35 26,1,70,,27339,16,0,20 14 35 26,1,30,,35363,16,0,20 14 35 26,1,70,,35376,16,0,20 14 35 26,1,30,,35374,16,0,20 14 35 26,1,70,,35378,16,0,20 14 35 26,1,30,,35361,16,0,20 14 35 26,1
31501,'3',608,,35381,16,0,20 14 35 26,1,30,,21925,16,0,20 14 35 26,1,70,,35387,16,0,20 14 35 26,1,30,,35386,16,0,20 14 35 26,1,70,,35384,16,0,20 14 35 26,1,30,,35385,16,0,20 14 35 26,1,70,,35388,16,0,20 14 35 26,1,30,,35391,16,0,20 14 35 26,1,70,,28210,16,0,20 14 35 26,1,30,,35389,16,0,20 14 35 26,1,70,,28532,16,0,20 14 35 26,1,30,,35396,16,0,20 14 35 26,1,70,,35392,16,0,20 14 35 26,1,30,,35398,16,0,20 14 35 26,1,70,,27586,16,0,20 14 35 26,1,30,,35383,16,0,20 14 35 26,1,70,,35390,16,0,20 14 35 26,1,30,,35394,16,0,20 14 35 26,1,70,,27377,16,0,20 14 35 26,1,30,,35382,16,0,20 14 35 26,1,70,,35395,16,0,20 14 35 26,1,30,,35393,16,0,20 14 35 26,1,70,,35397,16,0,20 14 35 26,1,30,,35380,16,0,20 14 35 26,1
31501,'6',608,,35400,16,0,20 14 35 26,1,30,,35413,16,0,20 14 35 26,1,70,,35408,16,0,20 14 35 26,1,30,,35407,16,0,20 14 35 26,1,70,,35405,16,0,20 14 35 26,1,30,,35406,16,0,20 14 35 26,1,70,,35409,16,0,20 14 35 26,1,30,,35412,16,0,20 14 35 26,1,70,,35401,16,0,20 14 35 26,1,30,,35410,16,0,20 14 35 26,1,70,,35416,16,0,20 14 35 26,1,30,,35420,16,0,20 14 35 26,1,70,,35415,16,0,20 14 35 26,1,30,,35422,16,0,20 14 35 26,1,70,,35414,16,0,20 14 35 26,1,30,,35403,16,0,20 14 35 26,1,70,,35411,16,0,20 14 35 26,1,30,,35418,16,0,20 14 35 26,1,70,,35404,16,0,20 14 35 26,1,30,,35402,16,0,20 14 35 26,1,70,,35419,16,0,20 14 35 26,1,30,,35417,16,0,20 14 35 26,1,70,,35421,16,0,20 14 35 26,1,30,,35399,16,0,20 14 35 26,1
41501,'1',653,,40301,16,0,20 14 34,1,70,,40294,16,0,20 14 34,1,30,,40288,16,0,20 14 34,1,70,,40304,16,0,20 14 34,1,30,,40293,16,0,20 14 34,1,70,,40286,16,0,20 14 34,1,30,,40289,16,0,20 14 34,1,70,,40302,16,0,20 14 34,1,30,,31128,16,0,20 14 34,1,70,,40284,16,0,20 14 34,1,30,,40297,16,0,20 14 34,1,70,,40281,16,0,20 14 34,1,30,,40300,16,0,20 14 34,1,70,,40280,16,0,20 14 34,1,30,,40303,16,0,20 14 34,1,70,,40278,16,0,20 14 34,1,30,,40287,16,0,20 14 34,1,70,,40290,16,0,20 14 34,1,30,,40296,16,0,20 14 34,1,70,,40292,16,0,20 14 34,1,30,,40282,16,0,20 14 34,1,70,,40298,16,0,20 14 34,1,30,,29652,16,0,20 14 34,1,70,,40283,16,0,20 14 34,1,100,,40291,16,0,20 14 34,1,100,,40285,16,0,20 14 34,1,100,,40295,16,0,20 14 34,1,100,,40299,16,0,20 14 34,1,100,,40279,16,0,20 14 34,1
41501,'11',653,,40329,16,0,20 14 34,1,70,,40322,16,0,20 14 34,1,30,,40316,16,0,20 14 34,1,70,,40333,16,0,20 14 34,1,30,,40321,16,0,20 14 34,1,70,,40314,16,0,20 14 34,1,30,,40317,16,0,20 14 34,1,70,,40330,16,0,20 14 34,1,30,,40331,16,0,20 14 34,1,70,,40312,16,0,20 14 34,1,30,,40325,16,0,20 14 34,1,70,,40308,16,0,20 14 34,1,30,,40328,16,0,20 14 34,1,70,,40307,16,0,20 14 34,1,30,,40332,16,0,20 14 34,1,70,,40305,16,0,20 14 34,1,30,,40315,16,0,20 14 34,1,70,,40318,16,0,20 14 34,1,30,,40324,16,0,20 14 34,1,70,,40320,16,0,20 14 34,1,30,,40310,16,0,20 14 34,1,70,,40326,16,0,20 14 34,1,30,,40309,16,0,20 14 34,1,70,,40311,16,0,20 14 34,1,100,,40319,16,0,20 14 34,1,100,,40313,16,0,20 14 34,1,100,,40323,16,0,20 14 34,1,100,,40327,16,0,20 14 34,1,100,,40306,16,0,20 14 34,1
41501,'12',1808,,40338,16,0,20 14 34,1,30,,40334,16,0,20 14 34,1,85,,40336,16,0,20 14 34,1,100,,40340,16,0,20 14 34,1,100,,40335,16,0,20 14 34,1,100,,40337,16,0,20 14 34,1,100,,40339,16,0,20 14 34,1
41501,'13',1808,,40345,16,0,20 14 34,1,30,,40341,16,0,20 14 34,1,85,,40343,16,0,20 14 34,1,100,,40347,16,0,20 14 34,1,100,,40342,16,0,20 14 34,1,100,,40344,16,0,20 14 34,1,100,,40346,16,0,20 14 34,1
41501,'14',1123,,40349,16,0,20 14 34,1,100,,40352,16,0,20 14 34,1,100,,40353,16,0,20 14 34,1,100,,40351,16,0,20 14 34,1,100,,40350,16,0,20 14 34,1,100,,40354,16,0,20 14 34,1,100,,40348,16,0,20 14 34,1
41501,'16',653,,40378,16,0,20 14 34,1,70,,40371,16,0,20 14 34,1,30,,40365,16,0,20 14 34,1,70,,40381,16,0,20 14 34,1,30,,40370,16,0,20 14 34,1,70,,40363,16,0,20 14 34,1,30,,40366,16,0,20 14 34,1,70,,40379,16,0,20 14 34,1,30,,31153,16,0,20 14 34,1,70,,40361,16,0,20 14 34,1,30,,40374,16,0,20 14 34,1,70,,40358,16,0,20 14 34,1,30,,40377,16,0,20 14 34,1,70,,40357,16,0,20 14 34,1,30,,40380,16,0,20 14 34,1,70,,40355,16,0,20 14 34,1,30,,40364,16,0,20 14 34,1,70,,40367,16,0,20 14 34,1,30,,40373,16,0,20 14 34,1,70,,40369,16,0,20 14 34,1,30,,40359,16,0,20 14 34,1,70,,40375,16,0,20 14 34,1,30,,26926,16,0,20 14 34,1,70,,40360,16,0,20 14 34,1,100,,40368,16,0,20 14 34,1,100,,40362,16,0,20 14 34,1,100,,40372,16,0,20 14 34,1,100,,40376,16,0,20 14 34,1,100,,40356,16,0,20 14 34,1
41501,'3',1808,,40386,16,0,20 14 34,1,30,,40382,16,0,20 14 34,1,85,,40384,16,0,20 14 34,1,100,,40388,16,0,20 14 34,1,100,,40383,16,0,20 14 34,1,100,,40385,16,0,20 14 34,1,100,,40387,16,0,20 14 34,1
41501,'6',1808,,40393,16,0,20 14 34,1,30,,40389,16,0,20 14 34,1,85,,40391,16,0,20 14 34,1,100,,40395,16,0,20 14 34,1,100,,40390,16,0,20 14 34,1,100,,40392,16,0,20 14 34,1,100,,40394,16,0,20 14 34,1
41501,'8',1023,,40400,16,0,20 14 34,1,30,,40408,16,0,20 14 34,1,70,,40403,16,0,20 14 34,1,30,,40401,16,0,20 14 34,1,70,,40410,16,0,20 14 34,1,100,,40407,16,0,20 14 34,1,30,,40398,16,0,20 14 34,1,70,,40404,16,0,20 14 34,1,100,,40402,16,0,20 14 34,1,30,,40406,16,0,20 14 34,1,70,,40409,16,0,20 14 34,1,30,,31323,16,0,20 14 34,1,70,,40396,16,0,20 14 34,1,30,,40397,16,0,20 14 34,1,70,,40405,16,0,20 14 34,1,100,,40399,16,0,20 14 34,1
