32001,'15',624,,18419,0,47 18,1,27,,18410,0,47 18,1,70,,18411,0,47 18,1,30,,18405,0,47 18,1,70,,18414,0,47 18,1,30,,18404,0,47 18,1,70,,18423,0,47 18,1,30,,18424,0,47 18,1,70,,18408,0,47 18,1,30,,18426,0,47 18,1,70,,18415,0,47 18,1,30,,18425,0,47 18,1,70,,18428,0,47 18,1,30,,18422,0,47 18,1,70,,18427,0,47 18,1,30,,18409,0,47 18,1,70,,18418,0,47 18,1,30,,18417,0,47 18,1,70,,18406,0,47 18,1,30,,18407,0,47 18,1,70,,18420,0,47 18,1,30,,18412,0,47 18,1,70,,18421,0,47 18,1,30,,18416,0,47 18,1,70,,18413,0,47 18,1
32001,'16',624,,18443,0,47 18,1,27,,18435,0,47 18,1,70,,18436,0,47 18,1,30,,18430,0,47 18,1,70,,5655,0,47 18,1,30,,18429,0,47 18,1,70,,18444,0,47 18,1,30,,18445,0,47 18,1,70,,18433,0,47 18,1,30,,18447,0,47 18,1,70,,18439,0,47 18,1,30,,18446,0,47 18,1,70,,18449,0,47 18,1,30,,7094,0,47 18,1,70,,18448,0,47 18,1,30,,18434,0,47 18,1,70,,18442,0,47 18,1,30,,18441,0,47 18,1,70,,18431,0,47 18,1,30,,18432,0,47 18,1,70,,8787,0,47 18,1,30,,18437,0,47 18,1,70,,9427,0,47 18,1,30,,18440,0,47 18,1,70,,18438,0,47 18,1
32001,'17',624,,18463,0,47 18,1,27,,18455,0,47 18,1,70,,18456,0,47 18,1,30,,18451,0,47 18,1,70,,5702,0,47 18,1,30,,18450,0,47 18,1,70,,18464,0,47 18,1,30,,18465,0,47 18,1,70,,18453,0,47 18,1,30,,18467,0,47 18,1,70,,18459,0,47 18,1,30,,18466,0,47 18,1,70,,18469,0,47 18,1,30,,7115,0,47 18,1,70,,18468,0,47 18,1,30,,18454,0,47 18,1,70,,18462,0,47 18,1,30,,18461,0,47 18,1,70,,2667,0,47 18,1,30,,18452,0,47 18,1,70,,2413,0,47 18,1,30,,18457,0,47 18,1,70,,9444,0,47 18,1,30,,18460,0,47 18,1,70,,18458,0,47 18,1
32001,'19',624,,18485,0,47 18,1,27,,18476,0,47 18,1,70,,18477,0,47 18,1,30,,18471,0,47 18,1,70,,18480,0,47 18,1,30,,18470,0,47 18,1,70,,18489,0,47 18,1,30,,18490,0,47 18,1,70,,18474,0,47 18,1,30,,18492,0,47 18,1,70,,18481,0,47 18,1,30,,18491,0,47 18,1,70,,18494,0,47 18,1,30,,18488,0,47 18,1,70,,18493,0,47 18,1,30,,18475,0,47 18,1,70,,18484,0,47 18,1,30,,18483,0,47 18,1,70,,18472,0,47 18,1,30,,18473,0,47 18,1,70,,18486,0,47 18,1,30,,18478,0,47 18,1,70,,18487,0,47 18,1,30,,18482,0,47 18,1,70,,18479,0,47 18,1
32001,'5',624,,18508,0,47 18,1,27,,18501,0,47 18,1,70,,18502,0,47 18,1,30,,18496,0,47 18,1,70,,5740,0,47 18,1,30,,18495,0,47 18,1,70,,18509,0,47 18,1,30,,18510,0,47 18,1,70,,18499,0,47 18,1,30,,18512,0,47 18,1,70,,9171,0,47 18,1,30,,18511,0,47 18,1,70,,18514,0,47 18,1,30,,7136,0,47 18,1,70,,18513,0,47 18,1,30,,18500,0,47 18,1,70,,18507,0,47 18,1,30,,18506,0,47 18,1,70,,18497,0,47 18,1,30,,18498,0,47 18,1,70,,2391,0,47 18,1,30,,18503,0,47 18,1,70,,9462,0,47 18,1,30,,18505,0,47 18,1,70,,18504,0,47 18,1
32001,'6',624,,18530,0,47 18,1,27,,18521,0,47 18,1,70,,18522,0,47 18,1,30,,18516,0,47 18,1,70,,18525,0,47 18,1,30,,18515,0,47 18,1,70,,18534,0,47 18,1,30,,18535,0,47 18,1,70,,18519,0,47 18,1,30,,18537,0,47 18,1,70,,18526,0,47 18,1,30,,18536,0,47 18,1,70,,18539,0,47 18,1,30,,18533,0,47 18,1,70,,18538,0,47 18,1,30,,18520,0,47 18,1,70,,18529,0,47 18,1,30,,18528,0,47 18,1,70,,18517,0,47 18,1,30,,18518,0,47 18,1,70,,18531,0,47 18,1,30,,18523,0,47 18,1,70,,18532,0,47 18,1,30,,18527,0,47 18,1,70,,18524,0,47 18,1
33500,'15',707,,19697,0,48 18,1,30,,19686,0,48 18,1,70,,19695,0,48 18,1,30,,19707,0,48 18,1,70,,19703,0,48 18,1,30,,19691,0,48 18,1,70,,19701,0,48 18,1,30,,19700,0,48 18,1,70,,19694,0,48 18,1,30,,19706,0,48 18,1,70,,19693,0,48 18,1,30,,19705,0,48 18,1,70,,19685,0,48 18,1,30,,19698,0,48 18,1,70,,19690,0,48 18,1,30,,19687,0,48 18,1,70,,19702,0,48 18,1,30,,19696,0,48 18,1,70,,19704,0,48 18,1,30,,19688,0,48 18,1,70,,19708,0,48 18,1,30,,19692,0,48 18,1,70,,19699,0,48 18,1,30,,19689,0,48 18,1
33500,'16',707,,19719,0,48 18,1,30,,19710,0,48 18,1,70,,19716,0,48 18,1,30,,19728,0,48 18,1,70,,19725,0,48 18,1,30,,19713,0,48 18,1,70,,19724,0,48 18,1,30,,19723,0,48 18,1,70,,8672,0,48 18,1,30,,19727,0,48 18,1,70,,19715,0,48 18,1,30,,19726,0,48 18,1,70,,19709,0,48 18,1,30,,19720,0,48 18,1,70,,19712,0,48 18,1,30,,9417,0,48 18,1,70,,7270,0,48 18,1,30,,19714,0,48 18,1,70,,5500,0,48 18,1,30,,19711,0,48 18,1,70,,19718,0,48 18,1,30,,19717,0,48 18,1,70,,19721,0,48 18,1,30,,19722,0,48 18,1
33500,'17',707,,19738,0,48 18,1,30,,19730,0,48 18,1,70,,19735,0,48 18,1,30,,19747,0,48 18,1,70,,19744,0,48 18,1,30,,19733,0,48 18,1,70,,19743,0,48 18,1,30,,19742,0,48 18,1,70,,8698,0,48 18,1,30,,19746,0,48 18,1,70,,13101,0,48 18,1,30,,19745,0,48 18,1,70,,19729,0,48 18,1,30,,19739,0,48 18,1,70,,19732,0,48 18,1,30,,9428,0,48 18,1,70,,7293,0,48 18,1,30,,19734,0,48 18,1,70,,5540,0,48 18,1,30,,19731,0,48 18,1,70,,19737,0,48 18,1,30,,19736,0,48 18,1,70,,19740,0,48 18,1,30,,19741,0,48 18,1
33500,'19',707,,19761,0,48 18,1,30,,19749,0,48 18,1,70,,19758,0,48 18,1,30,,19771,0,48 18,1,70,,19768,0,48 18,1,30,,19754,0,48 18,1,70,,19767,0,48 18,1,30,,19766,0,48 18,1,70,,19757,0,48 18,1,30,,19770,0,48 18,1,70,,19756,0,48 18,1,30,,19769,0,48 18,1,70,,19748,0,48 18,1,30,,19765,0,48 18,1,70,,19753,0,48 18,1,30,,19750,0,48 18,1,70,,19751,0,48 18,1,30,,19759,0,48 18,1,70,,19763,0,48 18,1,30,,19755,0,48 18,1,70,,19762,0,48 18,1,30,,19760,0,48 18,1,70,,19752,0,48 18,1,30,,19764,0,48 18,1
33500,'5',707,,19782,0,48 18,1,30,,19773,0,48 18,1,70,,19780,0,48 18,1,30,,19792,0,48 18,1,70,,19789,0,48 18,1,30,,19777,0,48 18,1,70,,19788,0,48 18,1,30,,19787,0,48 18,1,70,,8721,0,48 18,1,30,,19791,0,48 18,1,70,,19779,0,48 18,1,30,,19790,0,48 18,1,70,,19772,0,48 18,1,30,,19786,0,48 18,1,70,,19776,0,48 18,1,30,,9446,0,48 18,1,70,,19774,0,48 18,1,30,,2198,0,48 18,1,70,,19784,0,48 18,1,30,,19778,0,48 18,1,70,,19783,0,48 18,1,30,,19781,0,48 18,1,70,,19775,0,48 18,1,30,,19785,0,48 18,1
33500,'6',707,,19805,0,48 18,1,30,,19794,0,48 18,1,70,,19803,0,48 18,1,30,,19815,0,48 18,1,70,,19811,0,48 18,1,30,,19799,0,48 18,1,70,,19809,0,48 18,1,30,,19808,0,48 18,1,70,,19802,0,48 18,1,30,,19814,0,48 18,1,70,,19801,0,48 18,1,30,,19813,0,48 18,1,70,,19793,0,48 18,1,30,,19806,0,48 18,1,70,,19798,0,48 18,1,30,,19795,0,48 18,1,70,,19810,0,48 18,1,30,,19804,0,48 18,1,70,,19812,0,48 18,1,30,,19796,0,48 18,1,70,,19816,0,48 18,1,30,,19800,0,48 18,1,70,,19807,0,48 18,1,30,,19797,0,48 18,1
42001,'1',1051,,7871,0,47 18,1,70,,24370,0,47 18,1,30,,24373,0,47 18,1,70,,24371,0,47 18,1,30,,24375,0,47 18,1,70,,24378,0,47 18,1,30,,24369,0,47 18,1,70,,24380,0,47 18,1,30,,24376,0,47 18,1,70,,24377,0,47 18,1,30,,24368,0,47 18,1,70,,24381,0,47 18,1,30,,24372,0,47 18,1,70,,24379,0,47 18,1,30,,24374,0,47 18,1
42001,'10',651,,24397,0,47 18,1,70,,24391,0,47 18,1,30,,24405,0,47 18,1,70,,24403,0,47 18,1,30,,24411,0,47 18,1,70,,24390,0,47 18,1,30,,24406,0,47 18,1,70,,24402,0,47 18,1,30,,24408,0,47 18,1,70,,24384,0,47 18,1,30,,24409,0,47 18,1,70,,24401,0,47 18,1,30,,24382,0,47 18,1,70,,24395,0,47 18,1,30,,24407,0,47 18,1,70,,24394,0,47 18,1,30,,24398,0,47 18,1,70,,24389,0,47 18,1,30,,24387,0,47 18,1,70,,24392,0,47 18,1,30,,24400,0,47 18,1,70,,24399,0,47 18,1,30,,24386,0,47 18,1,70,,24383,0,47 18,1,30,,24396,0,47 18,1,100,,24388,0,47 18,1,100,,24404,0,47 18,1,100,,24385,0,47 18,1,100,,24410,0,47 18,1,100,,24393,0,47 18,1
42001,'12',851,,24417,0,47 18,1,70,,24420,0,47 18,1,30,,24416,0,47 18,1,70,,24429,0,47 18,1,30,,24418,0,47 18,1,70,,24415,0,47 18,1,30,,24413,0,47 18,1,70,,24422,0,47 18,1,30,,24421,0,47 18,1,70,,24426,0,47 18,1,30,,24412,0,47 18,1,70,,24430,0,47 18,1,30,,24432,0,47 18,1,70,,24423,0,47 18,1,30,,24424,0,47 18,1,70,,11910,0,47 18,1,30,,24427,0,47 18,1,70,,24428,0,47 18,1,30,,24431,0,47 18,1,70,,12421,0,47 18,1,30,,24414,0,47 18,1,70,,24419,0,47 18,1,30,,24425,0,47 18,1
42001,'15',1851,,24434,0,47 18,1,100,,24436,0,47 18,1,100,,24433,0,47 18,1,100,,24438,0,47 18,1,100,,24435,0,47 18,1,100,,24437,0,47 18,1
42001,'16',1851,,24440,0,47 18,1,100,,24442,0,47 18,1,100,,24439,0,47 18,1,100,,24444,0,47 18,1,100,,24441,0,47 18,1,100,,24443,0,47 18,1
42001,'17',1851,,24446,0,47 18,1,100,,24448,0,47 18,1,100,,24445,0,47 18,1,100,,24450,0,47 18,1,100,,24447,0,47 18,1,100,,24449,0,47 18,1
42001,'19',1851,,24452,0,47 18,1,100,,24454,0,47 18,1,100,,24451,0,47 18,1,100,,24456,0,47 18,1,100,,24453,0,47 18,1,100,,24455,0,47 18,1
42001,'21',651,,24470,0,47 18,1,70,,24465,0,47 18,1,30,,24478,0,47 18,1,70,,24476,0,47 18,1,30,,24482,0,47 18,1,70,,24464,0,47 18,1,30,,24479,0,47 18,1,70,,24475,0,47 18,1,30,,24481,0,47 18,1,70,,24459,0,47 18,1,30,,11399,0,47 18,1,70,,24474,0,47 18,1,30,,24457,0,47 18,1,70,,24468,0,47 18,1,30,,24480,0,47 18,1,70,,10776,0,47 18,1,30,,24471,0,47 18,1,70,,24463,0,47 18,1,30,,12964,0,47 18,1,70,,24466,0,47 18,1,30,,24473,0,47 18,1,70,,24472,0,47 18,1,30,,24461,0,47 18,1,70,,24458,0,47 18,1,30,,24469,0,47 18,1,100,,24462,0,47 18,1,100,,24477,0,47 18,1,100,,24460,0,47 18,1,100,,10664,0,47 18,1,100,,24467,0,47 18,1
42001,'5',1851,,24484,0,47 18,1,100,,24486,0,47 18,1,100,,24483,0,47 18,1,100,,24488,0,47 18,1,100,,24485,0,47 18,1,100,,24487,0,47 18,1
42001,'6',1851,,24490,0,47 18,1,100,,24492,0,47 18,1,100,,24489,0,47 18,1,100,,24494,0,47 18,1,100,,24491,0,47 18,1,100,,24493,0,47 18,1
43500,'1',1107,,25298,0,48 18,1,30,,25294,0,48 18,1,70,,25293,0,48 18,1,30,,25291,0,48 18,1,70,,25299,0,48 18,1,30,,25302,0,48 18,1,70,,25297,0,48 18,1,30,,25296,0,48 18,1,70,,25303,0,48 18,1,30,,25301,0,48 18,1,70,,10043,0,48 18,1,30,,25292,0,48 18,1,70,,25300,0,48 18,1,30,,25290,0,48 18,1,70,,25295,0,48 18,1
43500,'10',737,,25327,0,48 18,1,70,,25308,0,48 18,1,30,,25315,0,48 18,1,70,,25310,0,48 18,1,30,,25333,0,48 18,1,70,,25319,0,48 18,1,30,,25328,0,48 18,1,70,,25324,0,48 18,1,30,,25304,0,48 18,1,70,,25322,0,48 18,1,30,,25335,0,48 18,1,70,,25330,0,48 18,1,30,,25321,0,48 18,1,70,,25307,0,48 18,1,30,,25312,0,48 18,1,70,,25329,0,48 18,1,30,,25316,0,48 18,1,70,,25313,0,48 18,1,30,,25317,0,48 18,1,70,,25325,0,48 18,1,30,,25305,0,48 18,1,70,,25320,0,48 18,1,30,,25326,0,48 18,1,70,,25311,0,48 18,1,30,,25309,0,48 18,1,70,,25318,0,48 18,1,30,,25306,0,48 18,1,70,,25332,0,48 18,1,30,,25314,0,48 18,1,70,,25334,0,48 18,1,30,,25331,0,48 18,1,70,,25323,0,48 18,1
43500,'12',1107,,25347,0,48 18,1,30,,25339,0,48 18,1,70,,25351,0,48 18,1,30,,25352,0,48 18,1,70,,25343,0,48 18,1,30,,25342,0,48 18,1,70,,12197,0,48 18,1,30,,25350,0,48 18,1,70,,25341,0,48 18,1,30,,25337,0,48 18,1,70,,25348,0,48 18,1,30,,25349,0,48 18,1,70,,25354,0,48 18,1,30,,25345,0,48 18,1,70,,25344,0,48 18,1,30,,25338,0,48 18,1,70,,25336,0,48 18,1,30,,25346,0,48 18,1,70,,25353,0,48 18,1,30,,25340,0,48 18,1
43500,'16',1852,,25356,0,48 18,1,70,,25361,0,48 18,1,30,,25359,0,48 18,1,70,,25362,0,48 18,1,30,,25357,0,48 18,1,70,,9787,0,48 18,1,30,,25358,0,48 18,1,70,,25364,0,48 18,1,30,,9424,0,48 18,1,70,,25360,0,48 18,1,30,,25355,0,48 18,1,70,,25363,0,48 18,1
43500,'17',1852,,25366,0,48 18,1,70,,25370,0,48 18,1,30,,8712,0,48 18,1,70,,25371,0,48 18,1,30,,25367,0,48 18,1,70,,9822,0,48 18,1,30,,25368,0,48 18,1,70,,25373,0,48 18,1,30,,9438,0,48 18,1,70,,25369,0,48 18,1,30,,25365,0,48 18,1,70,,25372,0,48 18,1
43500,'19',1852,,25377,0,48 18,1,70,,25382,0,48 18,1,30,,25383,0,48 18,1,70,,25379,0,48 18,1,30,,25374,0,48 18,1,70,,25381,0,48 18,1,30,,25375,0,48 18,1,70,,25376,0,48 18,1,30,,25380,0,48 18,1,70,,25378,0,48 18,1
43500,'21',837,,25393,0,48 18,1,70,,25389,0,48 18,1,30,,25409,0,48 18,1,70,,25397,0,48 18,1,30,,25404,0,48 18,1,70,,25401,0,48 18,1,30,,25406,0,48 18,1,70,,25400,0,48 18,1,30,,25410,0,48 18,1,70,,25407,0,48 18,1,30,,25399,0,48 18,1,70,,25387,0,48 18,1,30,,25384,0,48 18,1,70,,25405,0,48 18,1,30,,25394,0,48 18,1,70,,25391,0,48 18,1,30,,25395,0,48 18,1,70,,25402,0,48 18,1,30,,25385,0,48 18,1,70,,25398,0,48 18,1,30,,25403,0,48 18,1,70,,25390,0,48 18,1,30,,25388,0,48 18,1,70,,25396,0,48 18,1,30,,25386,0,48 18,1,70,,25408,0,48 18,1,30,,25392,0,48 18,1
43500,'5',1852,,25413,0,48 18,1,70,,25418,0,48 18,1,30,,25419,0,48 18,1,70,,25415,0,48 18,1,30,,25411,0,48 18,1,70,,25417,0,48 18,1,30,,25412,0,48 18,1,70,,5826,0,48 18,1,30,,25416,0,48 18,1,70,,25414,0,48 18,1
