30601,'15',627,,10526,5,0,9 12,1,30,,10525,5,0,9 12,1,70,,10538,5,0,9 12,1,30,,10539,5,0,9 12,1,70,,10524,5,0,9 12,1,30,,10532,5,0,9 12,1,70,,10541,5,0,9 12,1,30,,10543,5,0,9 12,1,70,,10542,5,0,9 12,1,30,,10534,5,0,9 12,1,70,,10536,5,0,9 12,1,30,,10547,5,0,9 12,1,70,,10535,5,0,9 12,1,30,,10528,5,0,9 12,1,70,,10533,5,0,9 12,1,30,,10546,5,0,9 12,1,70,,10544,5,0,9 12,1,25,,10530,5,0,9 12,1,5,,10545,5,0,9 12,1,70,,10531,5,0,9 12,1,30,,10548,5,0,9 12,1,70,,10540,5,0,9 12,1,30,,10527,5,0,9 12,1,70,,10537,5,0,9 12,1,30,,10529,5,0,9 12,1
30601,'16',627,,10551,5,0,9 12,1,30,,10550,5,0,9 12,1,70,,3355,5,0,9 12,1,30,,10561,5,0,9 12,1,70,,10549,5,0,9 12,1,30,,10555,5,0,9 12,1,70,,10563,5,0,9 12,1,30,,2695,5,0,9 12,1,70,,10564,5,0,9 12,1,30,,10557,5,0,9 12,1,70,,10559,5,0,9 12,1,30,,10568,5,0,9 12,1,70,,10558,5,0,9 12,1,30,,1760,5,0,9 12,1,70,,10556,5,0,9 12,1,30,,10567,5,0,9 12,1,70,,10565,5,0,9 12,1,25,,3638,5,0,9 12,1,5,,10566,5,0,9 12,1,70,,10554,5,0,9 12,1,30,,10569,5,0,9 12,1,70,,10562,5,0,9 12,1,30,,10552,5,0,9 12,1,70,,10560,5,0,9 12,1,30,,10553,5,0,9 12,1
30601,'17',627,,10572,5,0,9 12,1,30,,10571,5,0,9 12,1,70,,3379,5,0,9 12,1,30,,10580,5,0,9 12,1,70,,10570,5,0,9 12,1,30,,10575,5,0,9 12,1,70,,10581,5,0,9 12,1,30,,2720,5,0,9 12,1,70,,10582,5,0,9 12,1,30,,10577,5,0,9 12,1,70,,10578,5,0,9 12,1,30,,10586,5,0,9 12,1,70,,4535,5,0,9 12,1,30,,1783,5,0,9 12,1,70,,10576,5,0,9 12,1,30,,10585,5,0,9 12,1,70,,10583,5,0,9 12,1,25,,3664,5,0,9 12,1,5,,10584,5,0,9 12,1,70,,3202,5,0,9 12,1,30,,10587,5,0,9 12,1,70,,2993,5,0,9 12,1,30,,10573,5,0,9 12,1,70,,10579,5,0,9 12,1,30,,10574,5,0,9 12,1
30601,'19',627,,10590,5,0,9 12,1,30,,10589,5,0,9 12,1,70,,10602,5,0,9 12,1,30,,10603,5,0,9 12,1,70,,10588,5,0,9 12,1,30,,10596,5,0,9 12,1,70,,10605,5,0,9 12,1,30,,10606,5,0,9 12,1,70,,5351,5,0,9 12,1,30,,10598,5,0,9 12,1,70,,10600,5,0,9 12,1,30,,10610,5,0,9 12,1,70,,10599,5,0,9 12,1,30,,10592,5,0,9 12,1,70,,10597,5,0,9 12,1,30,,10609,5,0,9 12,1,70,,10607,5,0,9 12,1,25,,10594,5,0,9 12,1,5,,10608,5,0,9 12,1,70,,10595,5,0,9 12,1,30,,10611,5,0,9 12,1,70,,10604,5,0,9 12,1,30,,10591,5,0,9 12,1,70,,10601,5,0,9 12,1,30,,10593,5,0,9 12,1
30601,'5',627,,10614,5,0,9 12,1,30,,10613,5,0,9 12,1,70,,3403,5,0,9 12,1,30,,10623,5,0,9 12,1,70,,10612,5,0,9 12,1,30,,10618,5,0,9 12,1,70,,10625,5,0,9 12,1,30,,2744,5,0,9 12,1,70,,10626,5,0,9 12,1,30,,8362,5,0,9 12,1,70,,10621,5,0,9 12,1,30,,10630,5,0,9 12,1,70,,10620,5,0,9 12,1,30,,1806,5,0,9 12,1,70,,10619,5,0,9 12,1,30,,10629,5,0,9 12,1,70,,10627,5,0,9 12,1,25,,3690,5,0,9 12,1,5,,10628,5,0,9 12,1,70,,10617,5,0,9 12,1,30,,10631,5,0,9 12,1,70,,10624,5,0,9 12,1,30,,10615,5,0,9 12,1,70,,10622,5,0,9 12,1,30,,10616,5,0,9 12,1
30601,'6',627,,10634,5,0,9 12,1,30,,10633,5,0,9 12,1,70,,10646,5,0,9 12,1,30,,10647,5,0,9 12,1,70,,10632,5,0,9 12,1,30,,10640,5,0,9 12,1,70,,10649,5,0,9 12,1,30,,10651,5,0,9 12,1,70,,10650,5,0,9 12,1,30,,10642,5,0,9 12,1,70,,10644,5,0,9 12,1,30,,10655,5,0,9 12,1,70,,10643,5,0,9 12,1,30,,10636,5,0,9 12,1,70,,10641,5,0,9 12,1,30,,10654,5,0,9 12,1,70,,10652,5,0,9 12,1,25,,10638,5,0,9 12,1,5,,10653,5,0,9 12,1,70,,10639,5,0,9 12,1,30,,10656,5,0,9 12,1,70,,10648,5,0,9 12,1,30,,10635,5,0,9 12,1,70,,10645,5,0,9 12,1,30,,10637,5,0,9 12,1
40601,'1',1125,,17782,5,0,9 12,1,100,,2131,5,0,9 12,1,100,,17785,5,0,9 12,1,100,,17781,5,0,9 12,1,100,,17783,5,0,9 12,1,100,,17786,5,0,9 12,1,100,,17784,5,0,9 12,1
40601,'10',655,,17798,5,0,9 12,1,70,,17815,5,0,9 12,1,30,,17807,5,0,9 12,1,70,,17814,5,0,9 12,1,30,,17794,5,0,9 12,1,70,,17788,5,0,9 12,1,30,,17795,5,0,9 12,1,70,,17803,5,0,9 12,1,30,,17787,5,0,9 12,1,70,,17797,5,0,9 12,1,30,,17800,5,0,9 12,1,70,,17811,5,0,9 12,1,30,,17813,5,0,9 12,1,70,,17793,5,0,9 12,1,30,,17808,5,0,9 12,1,70,,17789,5,0,9 12,1,30,,17799,5,0,9 12,1,70,,17812,5,0,9 12,1,30,,17801,5,0,9 12,1,70,,17809,5,0,9 12,1,30,,17805,5,0,9 12,1,70,,17791,5,0,9 12,1,30,,17796,5,0,9 12,1,70,,17792,5,0,9 12,1,100,,17810,5,0,9 12,1,100,,17802,5,0,9 12,1,100,,17806,5,0,9 12,1,100,,17790,5,0,9 12,1,100,,17804,5,0,9 12,1
40601,'12',925,,6844,5,0,9 12,1,100,,17826,5,0,9 12,1,30,,17827,5,0,9 12,1,70,,17819,5,0,9 12,1,30,,6118,5,0,9 12,1,70,,17825,5,0,9 12,1,30,,17824,5,0,9 12,1,70,,17823,5,0,9 12,1,30,,17828,5,0,9 12,1,70,,17832,5,0,9 12,1,30,,17829,5,0,9 12,1,70,,17822,5,0,9 12,1,30,,17830,5,0,9 12,1,70,,17821,5,0,9 12,1,30,,17818,5,0,9 12,1,70,,17831,5,0,9 12,1,30,,17817,5,0,9 12,1,70,,17816,5,0,9 12,1,100,,17820,5,0,9 12,1
40601,'15',1825,,17838,5,0,9 12,1,100,,17833,5,0,9 12,1,100,,17834,5,0,9 12,1,100,,17835,5,0,9 12,1,100,,17836,5,0,9 12,1,100,,17837,5,0,9 12,1
40601,'16',1825,,17844,5,0,9 12,1,100,,17839,5,0,9 12,1,100,,17840,5,0,9 12,1,100,,17841,5,0,9 12,1,100,,17842,5,0,9 12,1,100,,17843,5,0,9 12,1
40601,'17',1825,,17850,5,0,9 12,1,100,,17845,5,0,9 12,1,100,,17846,5,0,9 12,1,100,,17847,5,0,9 12,1,100,,17848,5,0,9 12,1,100,,17849,5,0,9 12,1
40601,'19',1825,,17856,5,0,9 12,1,100,,17851,5,0,9 12,1,100,,17852,5,0,9 12,1,100,,17853,5,0,9 12,1,100,,17854,5,0,9 12,1,100,,17855,5,0,9 12,1
40601,'21',655,,17866,5,0,9 12,1,70,,17881,5,0,9 12,1,30,,17873,5,0,9 12,1,70,,17880,5,0,9 12,1,30,,7356,5,0,9 12,1,70,,17858,5,0,9 12,1,30,,17863,5,0,9 12,1,70,,17871,5,0,9 12,1,30,,17857,5,0,9 12,1,70,,17865,5,0,9 12,1,30,,17868,5,0,9 12,1,70,,17877,5,0,9 12,1,30,,17879,5,0,9 12,1,70,,17862,5,0,9 12,1,30,,17874,5,0,9 12,1,70,,17859,5,0,9 12,1,30,,17867,5,0,9 12,1,70,,17878,5,0,9 12,1,30,,17869,5,0,9 12,1,70,,17875,5,0,9 12,1,30,,17872,5,0,9 12,1,70,,17861,5,0,9 12,1,30,,17864,5,0,9 12,1,70,,5387,5,0,9 12,1,100,,17876,5,0,9 12,1,100,,17870,5,0,9 12,1,100,,6340,5,0,9 12,1,100,,17860,5,0,9 12,1,100,,6898,5,0,9 12,1
40601,'5',1825,,17887,5,0,9 12,1,100,,17882,5,0,9 12,1,100,,17883,5,0,9 12,1,100,,17884,5,0,9 12,1,100,,17885,5,0,9 12,1,100,,17886,5,0,9 12,1
40601,'6',1825,,17893,5,0,9 12,1,100,,17888,5,0,9 12,1,100,,17889,5,0,9 12,1,100,,17890,5,0,9 12,1,100,,17891,5,0,9 12,1,100,,17892,5,0,9 12,1
