32000,'12',635,,36165,9,0,47 18,1,71,,36172,9,0,47 18,1,30,,36168,9,0,47 18,1,70,,36153,9,0,47 18,1,30,,36169,9,0,47 18,1,70,,36161,9,0,47 18,1,30,,36173,9,0,47 18,1,70,,36151,9,0,47 18,1,30,,36155,9,0,47 18,1,70,,36152,9,0,47 18,1,30,,36163,9,0,47 18,1,70,,36171,9,0,47 18,1,30,,36167,9,0,47 18,1,70,,36162,9,0,47 18,1,30,,36158,9,0,47 18,1,71,,36156,9,0,47 18,1,30,,36160,9,0,47 18,1,70,,36170,9,0,47 18,1,30,,36174,9,0,47 18,1,70,,36157,9,0,47 18,1,30,,36166,9,0,47 18,1,70,,36154,9,0,47 18,1,30,,36164,9,0,47 18,1,70,,36159,9,0,47 18,1
32000,'13',635,,36186,9,0,47 18,1,71,,36192,9,0,47 18,1,30,,36188,9,0,47 18,1,70,,36176,9,0,47 18,1,30,,36189,9,0,47 18,1,70,,36182,9,0,47 18,1,30,,36193,9,0,47 18,1,70,,28765,9,0,47 18,1,30,,27762,9,0,47 18,1,70,,36175,9,0,47 18,1,30,,36184,9,0,47 18,1,70,,36191,9,0,47 18,1,30,,28507,9,0,47 18,1,70,,36183,9,0,47 18,1,30,,36179,9,0,47 18,1,71,,36177,9,0,47 18,1,30,,36181,9,0,47 18,1,70,,36190,9,0,47 18,1,30,,36194,9,0,47 18,1,70,,36178,9,0,47 18,1,30,,36187,9,0,47 18,1,70,,29458,9,0,47 18,1,30,,36185,9,0,47 18,1,70,,36180,9,0,47 18,1
32000,'3',635,,36206,9,0,47 18,1,71,,36212,9,0,47 18,1,30,,36208,9,0,47 18,1,70,,36196,9,0,47 18,1,30,,36209,9,0,47 18,1,70,,36202,9,0,47 18,1,30,,36213,9,0,47 18,1,70,,28787,9,0,47 18,1,30,,27782,9,0,47 18,1,70,,36195,9,0,47 18,1,30,,36204,9,0,47 18,1,70,,36211,9,0,47 18,1,30,,28531,9,0,47 18,1,70,,36203,9,0,47 18,1,30,,36199,9,0,47 18,1,71,,36197,9,0,47 18,1,30,,36201,9,0,47 18,1,70,,36210,9,0,47 18,1,30,,36214,9,0,47 18,1,70,,36198,9,0,47 18,1,30,,36207,9,0,47 18,1,70,,29579,9,0,47 18,1,30,,36205,9,0,47 18,1,70,,36200,9,0,47 18,1
32000,'6',635,,36229,9,0,47 18,1,71,,36236,9,0,47 18,1,30,,36232,9,0,47 18,1,70,,36217,9,0,47 18,1,30,,36233,9,0,47 18,1,70,,36225,9,0,47 18,1,30,,36237,9,0,47 18,1,70,,36215,9,0,47 18,1,30,,36219,9,0,47 18,1,70,,36216,9,0,47 18,1,30,,36227,9,0,47 18,1,70,,36235,9,0,47 18,1,30,,36231,9,0,47 18,1,70,,36226,9,0,47 18,1,30,,36222,9,0,47 18,1,71,,36220,9,0,47 18,1,30,,36224,9,0,47 18,1,70,,36234,9,0,47 18,1,30,,36238,9,0,47 18,1,70,,36221,9,0,47 18,1,30,,36230,9,0,47 18,1,70,,36218,9,0,47 18,1,30,,36228,9,0,47 18,1,70,,36223,9,0,47 18,1
42000,'1',635,,41282,9,0,47 18,1,71,,41266,9,0,47 18,1,30,,31185,9,0,47 18,1,70,,41272,9,0,47 18,1,30,,41262,9,0,47 18,1,70,,41259,9,0,47 18,1,30,,41265,9,0,47 18,1,70,,41276,9,0,47 18,1,30,,41267,9,0,47 18,1,70,,41261,9,0,47 18,1,30,,32493,9,0,47 18,1,70,,41283,9,0,47 18,1,30,,32582,9,0,47 18,1,70,,41281,9,0,47 18,1,30,,30863,9,0,47 18,1,71,,41271,9,0,47 18,1,30,,41278,9,0,47 18,1,70,,41260,9,0,47 18,1,30,,41273,9,0,47 18,1,70,,41263,9,0,47 18,1,30,,41269,9,0,47 18,1,70,,41284,9,0,47 18,1,30,,41277,9,0,47 18,1,70,,41270,9,0,47 18,1,30,,41274,9,0,47 18,1,99,,41280,9,0,47 18,1,100,,41268,9,0,47 18,1,100,,41264,9,0,47 18,1,100,,41279,9,0,47 18,1,100,,41275,9,0,47 18,1
42000,'11',635,,41311,9,0,47 18,1,71,,41292,9,0,47 18,1,30,,41296,9,0,47 18,1,70,,41301,9,0,47 18,1,30,,41288,9,0,47 18,1,70,,41285,9,0,47 18,1,30,,41291,9,0,47 18,1,70,,41305,9,0,47 18,1,30,,41294,9,0,47 18,1,70,,41287,9,0,47 18,1,30,,41314,9,0,47 18,1,70,,41312,9,0,47 18,1,30,,41293,9,0,47 18,1,70,,41310,9,0,47 18,1,30,,41299,9,0,47 18,1,71,,41300,9,0,47 18,1,30,,41307,9,0,47 18,1,70,,41286,9,0,47 18,1,30,,41302,9,0,47 18,1,70,,41289,9,0,47 18,1,30,,41297,9,0,47 18,1,70,,41313,9,0,47 18,1,30,,41306,9,0,47 18,1,70,,41298,9,0,47 18,1,30,,41303,9,0,47 18,1,99,,41309,9,0,47 18,1,100,,41295,9,0,47 18,1,100,,41290,9,0,47 18,1,100,,41308,9,0,47 18,1,100,,41304,9,0,47 18,1
42000,'12',1837,,41318,9,0,47 18,1,99,,41315,9,0,47 18,1,100,,41319,9,0,47 18,1,100,,41317,9,0,47 18,1,100,,41316,9,0,47 18,1,100,,41320,9,0,47 18,1
42000,'13',1837,,28025,9,0,47 18,1,99,,41321,9,0,47 18,1,100,,28605,9,0,47 18,1,100,,41323,9,0,47 18,1,100,,41322,9,0,47 18,1,100,,41324,9,0,47 18,1
42000,'14',1106,,41334,9,0,47 18,1,30,,41337,9,0,47 18,1,70,,41330,9,0,47 18,1,30,,41335,9,0,47 18,1,70,,41333,9,0,47 18,1,30,,41329,9,0,47 18,1,71,,41327,9,0,47 18,1,30,,41336,9,0,47 18,1,70,,41338,9,0,47 18,1,30,,41331,9,0,47 18,1,70,,41326,9,0,47 18,1,30,,41328,9,0,47 18,1,70,,41325,9,0,47 18,1,30,,41332,9,0,47 18,1
42000,'16',635,,41363,9,0,47 18,1,71,,41346,9,0,47 18,1,30,,31210,9,0,47 18,1,70,,41353,9,0,47 18,1,30,,41342,9,0,47 18,1,70,,41339,9,0,47 18,1,30,,41345,9,0,47 18,1,70,,41357,9,0,47 18,1,30,,41348,9,0,47 18,1,70,,41341,9,0,47 18,1,30,,41366,9,0,47 18,1,70,,41364,9,0,47 18,1,30,,41347,9,0,47 18,1,70,,41362,9,0,47 18,1,30,,30903,9,0,47 18,1,71,,41352,9,0,47 18,1,30,,41359,9,0,47 18,1,70,,41340,9,0,47 18,1,30,,41354,9,0,47 18,1,70,,41343,9,0,47 18,1,30,,41350,9,0,47 18,1,70,,41365,9,0,47 18,1,30,,41358,9,0,47 18,1,70,,41351,9,0,47 18,1,30,,41355,9,0,47 18,1,99,,41361,9,0,47 18,1,100,,41349,9,0,47 18,1,100,,41344,9,0,47 18,1,100,,41360,9,0,47 18,1,100,,41356,9,0,47 18,1
42000,'3',1837,,28048,9,0,47 18,1,99,,41367,9,0,47 18,1,100,,28647,9,0,47 18,1,100,,41369,9,0,47 18,1,100,,41368,9,0,47 18,1,100,,41370,9,0,47 18,1
42000,'6',1837,,41374,9,0,47 18,1,99,,41371,9,0,47 18,1,100,,41375,9,0,47 18,1,100,,41373,9,0,47 18,1,100,,41372,9,0,47 18,1,100,,41376,9,0,47 18,1
42000,'8',906,,41390,9,0,47 18,1,30,,41397,9,0,47 18,1,70,,41396,9,0,47 18,1,30,,41398,9,0,47 18,1,70,,30493,9,0,47 18,1,30,,41377,9,0,47 18,1,70,,41380,9,0,47 18,1,30,,41379,9,0,47 18,1,70,,41392,9,0,47 18,1,30,,41393,9,0,47 18,1,71,,41394,9,0,47 18,1,30,,41389,9,0,47 18,1,70,,41381,9,0,47 18,1,30,,41387,9,0,47 18,1,70,,41384,9,0,47 18,1,30,,41378,9,0,47 18,1,70,,41385,9,0,47 18,1,30,,41391,9,0,47 18,1,70,,41395,9,0,47 18,1,30,,41388,9,0,47 18,1,69,,41386,9,0,47 18,1,30,,41382,9,0,47 18,1,70,,41383,9,0,47 18,1
43201,'1',757,,41724,11,0,52,1,100,,41725,11,0,52,1,100,,41716,11,0,52,1,100,,41721,11,0,52,1,100,,41715,11,0,52,1,100,,41719,11,0,52,1,100,,41727,11,0,52,1,102,,41729,11,0,52,1,100,,41718,11,0,52,1,100,,41728,11,0,52,1,100,,41720,11,0,52,1,100,,41722,11,0,52,1,98,,41726,11,0,52,1,100,,30869,11,0,52,1,100,,41723,11,0,52,1,100,,41717,11,0,52,1
