31500,'15',634,,12424,11,,,1,70,,12434,11,,,1,30,,12422,11,,,1,70,,12437,11,,,1,30,,12432,11,,,1,70,,12444,11,,,1,30,,12427,11,,,1,70,,12438,11,,,1,30,,12431,11,,,1,70,,12435,11,,,1,30,,12442,11,,,1,70,,12425,11,,,1,30,,12429,11,,,1,70,,12443,11,,,1,30,,12428,11,,,1,71,,12423,11,,,1,30,,12426,11,,,1,70,,12439,11,,,1,30,,12421,11,,,1,70,,12441,11,,,1,30,,12440,11,,,1,70,,12433,11,,,1,30,,12436,11,,,1,70,,12430,11,,,1
31500,'16',634,,12448,11,,,1,70,,12456,11,,,1,30,,12446,11,,,1,70,,12457,11,,,1,30,,12455,11,,,1,70,,12463,11,,,1,30,,7886,11,,,1,70,,12458,11,,,1,30,,4828,11,,,1,70,,3449,11,,,1,30,,12461,11,,,1,70,,12449,11,,,1,30,,12452,11,,,1,70,,12462,11,,,1,30,,12451,11,,,1,71,,12447,11,,,1,30,,12450,11,,,1,70,,12453,11,,,1,30,,12445,11,,,1,70,,12460,11,,,1,30,,12459,11,,,1,70,,12464,11,,,1,30,,270,11,,,1,70,,12454,11,,,1
31500,'17',634,,12468,11,,,1,70,,12476,11,,,1,30,,12466,11,,,1,70,,12477,11,,,1,30,,12475,11,,,1,70,,12483,11,,,1,30,,7891,11,,,1,70,,12478,11,,,1,30,,12474,11,,,1,70,,3473,11,,,1,30,,12481,11,,,1,70,,12469,11,,,1,30,,12471,11,,,1,70,,12482,11,,,1,30,,8409,11,,,1,71,,12467,11,,,1,30,,12470,11,,,1,70,,12472,11,,,1,30,,12465,11,,,1,70,,12480,11,,,1,30,,12479,11,,,1,70,,12484,11,,,1,30,,320,11,,,1,70,,12473,11,,,1
31500,'19',634,,12488,11,,,1,70,,12498,11,,,1,30,,12486,11,,,1,70,,5660,11,,,1,30,,12496,11,,,1,70,,12506,11,,,1,30,,12491,11,,,1,70,,12501,11,,,1,30,,12495,11,,,1,70,,12499,11,,,1,30,,12503,11,,,1,70,,12489,11,,,1,30,,12493,11,,,1,70,,12504,11,,,1,30,,12492,11,,,1,71,,12487,11,,,1,30,,12490,11,,,1,70,,12505,11,,,1,30,,12485,11,,,1,70,,12502,11,,,1,30,,7554,11,,,1,70,,12497,11,,,1,30,,12500,11,,,1,70,,12494,11,,,1
31500,'5',634,,12510,11,,,1,70,,12519,11,,,1,30,,12508,11,,,1,70,,12520,11,,,1,30,,12517,11,,,1,70,,12527,11,,,1,30,,7933,11,,,1,70,,12521,11,,,1,30,,12516,11,,,1,70,,3497,11,,,1,30,,12524,11,,,1,70,,12511,11,,,1,30,,12514,11,,,1,70,,12525,11,,,1,30,,12513,11,,,1,71,,12509,11,,,1,30,,12512,11,,,1,70,,12526,11,,,1,30,,12507,11,,,1,70,,12523,11,,,1,30,,12522,11,,,1,70,,12518,11,,,1,30,,370,11,,,1,70,,12515,11,,,1
31500,'6',634,,12531,11,,,1,70,,12541,11,,,1,30,,12529,11,,,1,70,,12544,11,,,1,30,,12539,11,,,1,70,,12551,11,,,1,30,,12534,11,,,1,70,,12545,11,,,1,30,,12538,11,,,1,70,,12542,11,,,1,30,,12549,11,,,1,70,,12532,11,,,1,30,,12536,11,,,1,70,,12550,11,,,1,30,,12535,11,,,1,71,,12530,11,,,1,30,,12533,11,,,1,70,,12546,11,,,1,30,,12528,11,,,1,70,,12548,11,,,1,30,,12547,11,,,1,70,,12540,11,,,1,30,,12543,11,,,1,70,,12537,11,,,1
41500,'1',1119,,18792,11,0,20 14 21 18,1,100,,18791,11,0,20 14 21 18,1,100,,18793,11,0,20 14 21 18,1,100,,18794,11,0,20 14 21 18,1,100,,2758,11,0,20 14 21 18,1,100,,18795,11,0,20 14 21 18,1,100,,18790,11,0,20 14 21 18,1
41500,'10',649,,18807,11,0,20 14 21 18,1,70,,18818,11,0,20 14 21 18,1,30,,18823,11,0,20 14 21 18,1,70,,18810,11,0,20 14 21 18,1,30,,18804,11,0,20 14 21 18,1,70,,18812,11,0,20 14 21 18,1,30,,18809,11,0,20 14 21 18,1,70,,18815,11,0,20 14 21 18,1,30,,18801,11,0,20 14 21 18,1,70,,18816,11,0,20 14 21 18,1,30,,18813,11,0,20 14 21 18,1,70,,18797,11,0,20 14 21 18,1,30,,18806,11,0,20 14 21 18,1,70,,18821,11,0,20 14 21 18,1,30,,18805,11,0,20 14 21 18,1,70,,18820,11,0,20 14 21 18,1,30,,18824,11,0,20 14 21 18,1,70,,18803,11,0,20 14 21 18,1,30,,18798,11,0,20 14 21 18,1,70,,18796,11,0,20 14 21 18,1,30,,18817,11,0,20 14 21 18,1,70,,18800,11,0,20 14 21 18,1,30,,18811,11,0,20 14 21 18,1,70,,18802,11,0,20 14 21 18,1,100,,18799,11,0,20 14 21 18,1,100,,18808,11,0,20 14 21 18,1,100,,18819,11,0,20 14 21 18,1,100,,18822,11,0,20 14 21 18,1,100,,18814,11,0,20 14 21 18,1
41500,'12',919,,18833,11,0,20 14 21 18,1,100,,18834,11,0,20 14 21 18,1,30,,18837,11,0,20 14 21 18,1,70,,18827,11,0,20 14 21 18,1,30,,18830,11,0,20 14 21 18,1,70,,18831,11,0,20 14 21 18,1,30,,18838,11,0,20 14 21 18,1,70,,18836,11,0,20 14 21 18,1,30,,7789,11,0,20 14 21 18,1,70,,18825,11,0,20 14 21 18,1,30,,18839,11,0,20 14 21 18,1,70,,18842,11,0,20 14 21 18,1,30,,18841,11,0,20 14 21 18,1,70,,18826,11,0,20 14 21 18,1,30,,18840,11,0,20 14 21 18,1,70,,18828,11,0,20 14 21 18,1,30,,18829,11,0,20 14 21 18,1,70,,18832,11,0,20 14 21 18,1,100,,18835,11,0,20 14 21 18,1
41500,'15',1819,,18846,11,0,20 14 21 18,1,100,,18844,11,0,20 14 21 18,1,100,,18843,11,0,20 14 21 18,1,100,,18848,11,0,20 14 21 18,1,100,,18847,11,0,20 14 21 18,1,100,,18845,11,0,20 14 21 18,1
41500,'16',1819,,18851,11,0,20 14 21 18,1,100,,18850,11,0,20 14 21 18,1,100,,18849,11,0,20 14 21 18,1,100,,18853,11,0,20 14 21 18,1,100,,18852,11,0,20 14 21 18,1,100,,8374,11,0,20 14 21 18,1
41500,'17',1819,,18857,11,0,20 14 21 18,1,100,,18855,11,0,20 14 21 18,1,100,,18854,11,0,20 14 21 18,1,100,,18859,11,0,20 14 21 18,1,100,,18858,11,0,20 14 21 18,1,100,,18856,11,0,20 14 21 18,1
41500,'19',1819,,18863,11,0,20 14 21 18,1,100,,18861,11,0,20 14 21 18,1,100,,18860,11,0,20 14 21 18,1,100,,18865,11,0,20 14 21 18,1,100,,18864,11,0,20 14 21 18,1,100,,18862,11,0,20 14 21 18,1
41500,'21',649,,18877,11,0,20 14 21 18,1,70,,18888,11,0,20 14 21 18,1,30,,18893,11,0,20 14 21 18,1,70,,18880,11,0,20 14 21 18,1,30,,18874,11,0,20 14 21 18,1,70,,18882,11,0,20 14 21 18,1,30,,18879,11,0,20 14 21 18,1,70,,18885,11,0,20 14 21 18,1,30,,18871,11,0,20 14 21 18,1,70,,18886,11,0,20 14 21 18,1,30,,18883,11,0,20 14 21 18,1,70,,18867,11,0,20 14 21 18,1,30,,18876,11,0,20 14 21 18,1,70,,18891,11,0,20 14 21 18,1,30,,18875,11,0,20 14 21 18,1,70,,18890,11,0,20 14 21 18,1,30,,18894,11,0,20 14 21 18,1,70,,18873,11,0,20 14 21 18,1,30,,18868,11,0,20 14 21 18,1,70,,18866,11,0,20 14 21 18,1,30,,18887,11,0,20 14 21 18,1,70,,18870,11,0,20 14 21 18,1,30,,18881,11,0,20 14 21 18,1,70,,18872,11,0,20 14 21 18,1,100,,18869,11,0,20 14 21 18,1,100,,18878,11,0,20 14 21 18,1,100,,18889,11,0,20 14 21 18,1,100,,18892,11,0,20 14 21 18,1,100,,18884,11,0,20 14 21 18,1
41500,'5',1819,,18898,11,0,20 14 21 18,1,100,,18896,11,0,20 14 21 18,1,100,,18895,11,0,20 14 21 18,1,100,,18900,11,0,20 14 21 18,1,100,,18899,11,0,20 14 21 18,1,100,,18897,11,0,20 14 21 18,1
41500,'6',1819,,18904,11,0,20 14 21 18,1,100,,18902,11,0,20 14 21 18,1,100,,18901,11,0,20 14 21 18,1,100,,18906,11,0,20 14 21 18,1,100,,18905,11,0,20 14 21 18,1,100,,18903,11,0,20 14 21 18,1
