30101,'12',623,,32947,17,0,5 15,1,30,,32948,17,0,5 15,1,70,,32969,17,0,5 15,1,30,,32985,17,0,5 15,1,70,,32960,17,0,5 15,1,30,,32976,17,0,5 15,1,70,,32954,17,0,5 15,1,30,,32952,17,0,5 15,1,70,,32986,17,0,5 15,1,30,,32966,17,0,5 15,1,70,,32967,17,0,5 15,1,30,,32945,17,0,5 15,1,70,,32955,17,0,5 15,1,30,,32957,17,0,5 15,1,70,,32987,17,0,5 15,1,30,,32991,17,0,5 15,1,70,,32956,17,0,5 15,1,30,,32990,17,0,5 15,1,70,,32980,17,0,5 15,1,30,,32971,17,0,5 15,1,70,,32972,17,0,5 15,1,30,,32994,17,0,5 15,1,70,,32993,17,0,5 15,1,30,,32977,17,0,5 15,1
30101,'13',623,,32997,17,0,5 15,1,30,,32998,17,0,5 15,1,70,,33016,17,0,5 15,1,30,,28476,17,0,5 15,1,70,,33008,17,0,5 15,1,30,,33022,17,0,5 15,1,70,,33003,17,0,5 15,1,30,,33001,17,0,5 15,1,70,,33030,17,0,5 15,1,30,,33014,17,0,5 15,1,70,,33015,17,0,5 15,1,30,,32995,17,0,5 15,1,70,,33004,17,0,5 15,1,30,,33006,17,0,5 15,1,70,,31703,17,0,5 15,1,30,,33033,17,0,5 15,1,70,,33005,17,0,5 15,1,30,,28477,17,0,5 15,1,70,,33026,17,0,5 15,1,30,,33017,17,0,5 15,1,70,,33018,17,0,5 15,1,30,,33036,17,0,5 15,1,70,,33035,17,0,5 15,1,30,,33023,17,0,5 15,1
30101,'3',623,,33039,17,0,5 15,1,30,,33040,17,0,5 15,1,70,,33058,17,0,5 15,1,30,,28491,17,0,5 15,1,70,,33050,17,0,5 15,1,30,,33064,17,0,5 15,1,70,,33045,17,0,5 15,1,30,,33043,17,0,5 15,1,70,,33072,17,0,5 15,1,30,,33056,17,0,5 15,1,70,,33057,17,0,5 15,1,30,,33037,17,0,5 15,1,70,,33046,17,0,5 15,1,30,,33048,17,0,5 15,1,70,,31758,17,0,5 15,1,30,,33075,17,0,5 15,1,70,,33047,17,0,5 15,1,30,,28492,17,0,5 15,1,70,,33068,17,0,5 15,1,30,,33059,17,0,5 15,1,70,,33060,17,0,5 15,1,30,,33078,17,0,5 15,1,70,,33077,17,0,5 15,1,30,,33065,17,0,5 15,1
30101,'6',623,,33081,17,0,5 15,1,30,,33082,17,0,5 15,1,70,,33103,17,0,5 15,1,30,,33119,17,0,5 15,1,70,,33094,17,0,5 15,1,30,,33110,17,0,5 15,1,70,,33088,17,0,5 15,1,30,,33086,17,0,5 15,1,70,,33120,17,0,5 15,1,30,,33100,17,0,5 15,1,70,,33101,17,0,5 15,1,30,,33079,17,0,5 15,1,70,,33089,17,0,5 15,1,30,,33091,17,0,5 15,1,70,,33121,17,0,5 15,1,30,,33125,17,0,5 15,1,70,,33090,17,0,5 15,1,30,,33124,17,0,5 15,1,70,,33114,17,0,5 15,1,30,,33105,17,0,5 15,1,70,,33106,17,0,5 15,1,30,,33128,17,0,5 15,1,70,,33127,17,0,5 15,1,30,,33111,17,0,5 15,1
40101,'1',637,,38036,17,0,16,1,70,,38052,17,0,16,1,30,,38025,17,0,16,1,70,,38054,17,0,16,1,30,,38057,17,0,16,1,70,,38048,17,0,16,1,30,,32002,17,0,16,1,70,,38046,17,0,16,1,30,,38060,17,0,16,1,70,,38020,17,0,16,1,30,,38034,17,0,16,1,70,,38031,17,0,16,1,30,,30519,17,0,16,1,70,,38038,17,0,16,1,30,,38026,17,0,16,1,70,,38043,17,0,16,1,30,,38045,17,0,16,1,70,,38063,17,0,16,1,30,,38040,17,0,16,1,70,,38033,17,0,16,1,30,,38032,17,0,16,1,70,,38027,17,0,16,1,30,,38056,17,0,16,1,70,,38059,17,0,16,1,30,,38037,17,0,16,1,100,,38012,17,0,16,1,100,,38028,17,0,16,1,100,,38049,17,0,16,1,100,,38013,17,0,16,1,100,,38011,17,0,5,1
40101,'11',637,,38093,17,0,16,1,70,,38112,17,0,16,1,30,,38082,17,0,16,1,70,,38114,17,0,16,1,30,,38117,17,0,16,1,70,,38107,17,0,16,1,30,,38102,17,0,16,1,70,,38105,17,0,16,1,30,,38120,17,0,16,1,70,,38077,17,0,16,1,30,,38091,17,0,16,1,70,,38088,17,0,16,1,30,,38099,17,0,16,1,70,,38094,17,0,16,1,30,,38083,17,0,16,1,70,,38101,17,0,16,1,30,,38104,17,0,16,1,70,,38124,17,0,16,1,30,,38097,17,0,16,1,70,,38090,17,0,16,1,30,,38089,17,0,16,1,70,,38084,17,0,16,1,30,,38116,17,0,16,1,70,,38119,17,0,16,1,30,,38095,17,0,16,1,100,,38069,17,0,16,1,100,,38085,17,0,16,1,100,,38108,17,0,16,1,100,,38070,17,0,16,1,100,,38068,17,0,5,1
40101,'12',1837,,38134,17,0,16,1,100,,38133,17,0,16,1,100,,38132,17,0,16,1,100,,38128,17,0,16,1,100,,38137,17,0,16,1,100,,38130,17,0,5,1
40101,'13',1837,,38145,17,0,16,1,100,,38144,17,0,16,1,100,,38143,17,0,16,1,100,,38139,17,0,16,1,100,,38148,17,0,16,1,100,,38141,17,0,5,1
40101,'14',1037,,38157,17,0,16,1,100,,38159,17,0,16,1,100,,38158,17,0,16,1,100,,38153,17,0,16,1,100,,38156,17,0,16,1,100,,38151,17,0,16,1,100,,38162,17,0,16,1,100,,38149,17,0,5,1
40101,'16',637,,38191,17,0,16,1,70,,38207,17,0,16,1,30,,38180,17,0,16,1,70,,38209,17,0,16,1,30,,38212,17,0,16,1,70,,38203,17,0,16,1,30,,32040,17,0,16,1,70,,38201,17,0,16,1,30,,38215,17,0,16,1,70,,38175,17,0,16,1,30,,38189,17,0,16,1,70,,38186,17,0,16,1,30,,30556,17,0,16,1,70,,38193,17,0,16,1,30,,38181,17,0,16,1,70,,38198,17,0,16,1,30,,38200,17,0,16,1,70,,38218,17,0,16,1,30,,38195,17,0,16,1,70,,38188,17,0,16,1,30,,38187,17,0,16,1,70,,38182,17,0,16,1,30,,38211,17,0,16,1,70,,38214,17,0,16,1,30,,38192,17,0,16,1,100,,38167,17,0,16,1,100,,38183,17,0,16,1,100,,38204,17,0,16,1,100,,38168,17,0,16,1,100,,38166,17,0,5,1
40101,'3',1837,,38228,17,0,16,1,100,,38227,17,0,16,1,100,,38226,17,0,16,1,100,,38222,17,0,16,1,100,,38231,17,0,16,1,100,,38224,17,0,5,1
40101,'6',1837,,38239,17,0,16,1,100,,38238,17,0,16,1,100,,38237,17,0,16,1,100,,38233,17,0,16,1,100,,38242,17,0,16,1,100,,38235,17,0,5,1
40101,'8',837,,38272,17,0,16,1,100,,38276,17,0,16,1,100,,38252,17,0,16,1,70,,38262,17,0,16,1,30,,38268,17,0,16,1,70,,38258,17,0,16,1,30,,38281,17,0,16,1,70,,38247,17,0,16,1,30,,38243,17,0,16,1,70,,38260,17,0,16,1,30,,38253,17,0,16,1,70,,38274,17,0,16,1,30,,38254,17,0,16,1,70,,38267,17,0,16,1,30,,38251,17,0,16,1,70,,38244,17,0,16,1,30,,38269,17,0,16,1,70,,38248,17,0,16,1,30,,38273,17,0,16,1,100,,38279,17,0,16,1
