30500,'12',550,,33676,2,0,58,1,70,,33679,13,0,58,1,30,,33670,13,0,58,1,70,,33691,13,0,58,1,30,,33683,13,0,58,1,70,,33675,13,0,58,1,30,,33684,13,0,58,1,70,,33685,13,0,58,1,30,,33687,13,0,58,1,70,,33688,13,0,58,1,30,,33680,13,0,58,1,70,,33689,13,0,58,1,30,,33671,13,0,58,1,70,,33681,13,0,58,1,30,,33673,13,0,58,1,70,,33669,13,0,58,1,30,,33692,13,0,58,1,70,,33682,13,0,58,1,30,,33690,13,0,58,1,70,,33672,13,0,58,1,30,,33686,13,0,58,1,70,,33674,13,0,58,1,30,,33677,13,0,58,1,70,,33678,13,0,58,1
30500,'13',550,,33700,2,0,58,1,70,,33703,13,0,58,1,30,,33694,13,0,58,1,70,,33714,13,0,58,1,30,,33707,13,0,58,1,70,,33699,13,0,58,1,30,,33708,13,0,58,1,70,,33709,13,0,58,1,30,,33711,13,0,58,1,70,,33712,13,0,58,1,30,,33704,13,0,58,1,70,,28111,13,0,58,1,30,,33695,13,0,58,1,70,,33705,13,0,58,1,30,,33697,13,0,58,1,70,,33693,13,0,58,1,30,,33715,13,0,58,1,70,,33706,13,0,58,1,30,,33713,13,0,58,1,70,,33696,13,0,58,1,30,,33710,13,0,58,1,70,,33698,13,0,58,1,30,,33701,13,0,58,1,70,,33702,13,0,58,1
30500,'3',550,,33723,2,0,58,1,70,,33726,13,0,58,1,30,,33717,13,0,58,1,70,,33737,13,0,58,1,30,,33730,13,0,58,1,70,,33722,13,0,58,1,30,,33731,13,0,58,1,70,,33732,13,0,58,1,30,,33734,13,0,58,1,70,,33735,13,0,58,1,30,,33727,13,0,58,1,70,,28133,13,0,58,1,30,,33718,13,0,58,1,70,,33728,13,0,58,1,30,,33720,13,0,58,1,70,,33716,13,0,58,1,30,,33738,13,0,58,1,70,,33729,13,0,58,1,30,,33736,13,0,58,1,70,,33719,13,0,58,1,30,,33733,13,0,58,1,70,,33721,13,0,58,1,30,,33724,13,0,58,1,70,,33725,13,0,58,1
30500,'6',550,,33746,2,0,58,1,70,,33749,13,0,58,1,30,,33740,13,0,58,1,70,,33761,13,0,58,1,30,,33753,13,0,58,1,70,,33745,13,0,58,1,30,,33754,13,0,58,1,70,,33755,13,0,58,1,30,,33757,13,0,58,1,70,,33758,13,0,58,1,30,,33750,13,0,58,1,70,,33759,13,0,58,1,30,,33741,13,0,58,1,70,,33751,13,0,58,1,30,,33743,13,0,58,1,70,,33739,13,0,58,1,30,,33762,13,0,58,1,70,,33752,13,0,58,1,30,,33760,13,0,58,1,70,,33742,13,0,58,1,30,,33756,13,0,58,1,70,,33744,13,0,58,1,30,,33747,13,0,58,1,70,,33748,13,0,58,1
41200,'1',619,,39797,13,0,23,1,30,,39789,13,0,23,1,70,,39787,13,0,23,1,30,,39793,13,0,23,1,70,,39796,13,0,23,1,30,,39784,13,0,23,1,70,,39788,13,0,23,1,30,,32721,13,0,23,1,71,,39786,13,0,23,1,30,,39803,13,0,23,1,70,,39806,13,0,23,1,30,,39804,13,0,23,1,70,,39795,13,0,23,1,30,,39780,13,0,23,1,70,,39802,13,0,23,1,30,,39791,13,0,23,1,69,,39792,13,0,23,1,30,,39783,13,0,23,1,70,,39801,13,0,23,1,30,,39798,13,0,23,1,70,,39794,13,0,23,1,30,,39799,13,0,23,1,70,,39782,13,0,23,1,30,,39790,13,0,23,1,70,,39781,13,0,23,1,100,,39805,13,0,23,1,100,,31127,13,0,23,1,100,,39800,13,0,23,1,100,,39785,13,0,23,1,100,,32572,13,0,23,1
41200,'11',619,,39825,13,0,23,1,30,,39817,13,0,23,1,70,,39815,13,0,23,1,30,,39821,13,0,23,1,70,,39809,13,0,23,1,30,,39812,13,0,23,1,70,,39816,13,0,23,1,30,,39834,13,0,23,1,71,,39814,13,0,23,1,30,,39831,13,0,23,1,70,,39836,13,0,23,1,30,,39832,13,0,23,1,70,,39823,13,0,23,1,30,,39807,13,0,23,1,70,,39830,13,0,23,1,30,,39819,13,0,23,1,69,,39820,13,0,23,1,30,,39811,13,0,23,1,70,,39829,13,0,23,1,30,,39826,13,0,23,1,70,,39822,13,0,23,1,30,,39827,13,0,23,1,70,,39810,13,0,23,1,30,,39818,13,0,23,1,70,,39808,13,0,23,1,100,,39835,13,0,23,1,100,,39833,13,0,23,1,100,,39828,13,0,23,1,100,,39813,13,0,23,1,100,,39824,13,0,23,1
41200,'12',1819,,39841,13,0,23,1,100,,39842,13,0,23,1,100,,39837,13,0,23,1,100,,39840,13,0,23,1,100,,39839,13,0,23,1,100,,39838,13,0,23,1
41200,'13',1819,,31821,13,0,23,1,100,,39847,13,0,23,1,100,,39843,13,0,23,1,100,,39846,13,0,23,1,100,,39845,13,0,23,1,100,,39844,13,0,23,1
41200,'14',1120,,39853,13,0,23,1,100,,39849,13,0,23,1,100,,39848,13,0,23,1,99,,31369,13,0,23,1,100,,39852,13,0,23,1,100,,39850,13,0,23,1,100,,39851,13,0,23,1
41200,'16',619,,39872,13,0,23,1,30,,39863,13,0,23,1,70,,39861,13,0,23,1,30,,39867,13,0,23,1,70,,39870,13,0,23,1,30,,39858,13,0,23,1,70,,39862,13,0,23,1,30,,39880,13,0,23,1,71,,39860,13,0,23,1,30,,39878,13,0,23,1,70,,39882,13,0,23,1,30,,39879,13,0,23,1,70,,39869,13,0,23,1,30,,39854,13,0,23,1,70,,39877,13,0,23,1,30,,39865,13,0,23,1,69,,39866,13,0,23,1,30,,39857,13,0,23,1,70,,39876,13,0,23,1,30,,39873,13,0,23,1,70,,39868,13,0,23,1,30,,39874,13,0,23,1,70,,39856,13,0,23,1,30,,39864,13,0,23,1,70,,39855,13,0,23,1,100,,39881,13,0,23,1,100,,31152,13,0,23,1,100,,39875,13,0,23,1,100,,39859,13,0,23,1,100,,39871,13,0,23,1
41200,'3',1819,,31880,13,0,23,1,100,,39887,13,0,23,1,100,,39883,13,0,23,1,100,,39886,13,0,23,1,100,,39885,13,0,23,1,100,,39884,13,0,23,1
41200,'6',1819,,39892,13,0,23,1,100,,39893,13,0,23,1,100,,39888,13,0,23,1,100,,39891,13,0,23,1,100,,39890,13,0,23,1,100,,39889,13,0,23,1
41200,'8',919,,39901,13,0,23,1,101,,39904,13,0,23,1,30,,39903,13,0,23,1,70,,39909,13,0,23,1,30,,39906,13,0,23,1,70,,39911,13,0,23,1,30,,39895,13,0,23,1,70,,39896,13,0,23,1,30,,39908,13,0,23,1,69,,32740,13,0,23,1,30,,39910,13,0,23,1,70,,39894,13,0,23,1,30,,39898,13,0,23,1,70,,39902,13,0,23,1,30,,39899,13,0,23,1,70,,39900,13,0,23,1,30,,39905,13,0,23,1,70,,39897,13,0,23,1,100,,39907,13,0,23,1
