31500,'12',648,,35245,39,,,1,70,,35250,39,,,1,30,,35249,39,,,1,70,,35263,39,,,1,30,,35266,39,,,1,70,,35246,39,,,1,30,,35261,39,,,1,70,,35254,39,,,1,30,,35253,39,,,1,70,,35248,39,,,1,30,,35267,39,,,1,70,,35264,39,,,1,30,,35258,39,,,1,70,,35247,39,,,1,30,,35256,39,,,1,72,,35255,39,,,1,30,,35262,39,,,1,70,,35259,39,,,1,30,,35265,39,,,1,70,,35252,39,,,1,30,,35251,39,,,1,70,,35257,39,,,1,30,,35260,39,,,1,70,,35268,39,,,1
31500,'13',648,,35269,39,,,1,70,,35274,39,,,1,30,,35273,39,,,1,70,,35286,39,,,1,30,,35289,39,,,1,70,,35270,39,,,1,30,,35285,39,,,1,70,,35278,39,,,1,30,,35277,39,,,1,70,,35272,39,,,1,30,,29184,39,,,1,70,,35287,39,,,1,30,,35282,39,,,1,70,,35271,39,,,1,30,,35280,39,,,1,72,,35279,39,,,1,30,,28817,39,,,1,70,,35283,39,,,1,30,,35288,39,,,1,70,,35276,39,,,1,30,,35275,39,,,1,70,,35281,39,,,1,30,,35284,39,,,1,70,,35290,39,,,1
31500,'3',648,,35291,39,,,1,70,,35296,39,,,1,30,,35295,39,,,1,70,,35308,39,,,1,30,,35311,39,,,1,70,,35292,39,,,1,30,,35307,39,,,1,70,,35300,39,,,1,30,,35299,39,,,1,70,,35294,39,,,1,30,,29195,39,,,1,70,,35309,39,,,1,30,,35304,39,,,1,70,,35293,39,,,1,30,,35302,39,,,1,72,,35301,39,,,1,30,,28840,39,,,1,70,,35305,39,,,1,30,,35310,39,,,1,70,,35298,39,,,1,30,,35297,39,,,1,70,,35303,39,,,1,30,,35306,39,,,1,70,,35312,39,,,1
31500,'6',648,,35313,39,,,1,70,,35318,39,,,1,30,,35317,39,,,1,70,,35331,39,,,1,30,,35334,39,,,1,70,,35314,39,,,1,30,,35329,39,,,1,70,,35322,39,,,1,30,,35321,39,,,1,70,,35316,39,,,1,30,,35335,39,,,1,70,,35332,39,,,1,30,,35326,39,,,1,70,,35315,39,,,1,30,,35324,39,,,1,72,,35323,39,,,1,30,,35330,39,,,1,70,,35327,39,,,1,30,,35333,39,,,1,70,,35320,39,,,1,30,,35319,39,,,1,70,,35325,39,,,1,30,,35328,39,,,1,70,,35336,39,,,1
33601,'12',715,,36912,12,0,57 18,1,30,,36902,12,0,57 18,1,70,,36914,12,0,57 18,1,30,,36917,12,0,57 18,1,70,,36899,12,0,57 18,1,30,,36911,12,0,57 18,1,70,,36897,12,0,57 18,1,30,,36901,12,0,57 18,1,70,,36900,12,0,57 18,1,30,,36910,12,0,57 18,1,70,,36898,12,0,57 18,1,30,,36907,12,0,57 18,1,70,,36904,12,0,57 18,1,30,,36916,12,0,57 18,1,70,,36905,12,0,57 18,1,30,,36903,12,0,57 18,1,70,,36919,12,0,57 18,1,30,,36915,12,0,57 18,1,70,,36909,12,0,57 18,1,30,,36908,12,0,57 18,1,70,,36906,12,0,57 18,1,30,,36918,12,0,57 18,1,70,,36913,12,0,57 18,1
33601,'13',715,,36932,12,0,57 18,1,30,,36925,12,0,57 18,1,70,,36934,12,0,57 18,1,30,,36936,12,0,57 18,1,70,,36922,12,0,57 18,1,30,,36931,12,0,57 18,1,70,,36920,12,0,57 18,1,30,,36924,12,0,57 18,1,70,,36923,12,0,57 18,1,30,,36930,12,0,57 18,1,70,,36921,12,0,57 18,1,30,,36928,12,0,57 18,1,70,,36926,12,0,57 18,1,30,,36935,12,0,57 18,1,70,,36927,12,0,57 18,1,30,,24400,12,0,57 18,1,70,,36938,12,0,57 18,1,30,,28073,12,0,57 18,1,70,,30110,12,0,57 18,1,30,,36929,12,0,57 18,1,70,,27901,12,0,57 18,1,30,,36937,12,0,57 18,1,70,,36933,12,0,57 18,1
33601,'3',715,,36951,12,0,57 18,1,30,,36944,12,0,57 18,1,70,,36953,12,0,57 18,1,30,,36955,12,0,57 18,1,70,,36941,12,0,57 18,1,30,,36950,12,0,57 18,1,70,,36939,12,0,57 18,1,30,,36943,12,0,57 18,1,70,,36942,12,0,57 18,1,30,,36949,12,0,57 18,1,70,,36940,12,0,57 18,1,30,,36947,12,0,57 18,1,70,,36945,12,0,57 18,1,30,,36954,12,0,57 18,1,70,,36946,12,0,57 18,1,30,,24422,12,0,57 18,1,70,,36957,12,0,57 18,1,30,,28092,12,0,57 18,1,70,,30191,12,0,57 18,1,30,,36948,12,0,57 18,1,70,,27924,12,0,57 18,1,30,,36956,12,0,57 18,1,70,,36952,12,0,57 18,1
33601,'6',715,,36973,12,0,57 18,1,30,,36963,12,0,57 18,1,70,,36975,12,0,57 18,1,30,,36978,12,0,57 18,1,70,,36960,12,0,57 18,1,30,,36972,12,0,57 18,1,70,,36958,12,0,57 18,1,30,,36962,12,0,57 18,1,70,,36961,12,0,57 18,1,30,,36971,12,0,57 18,1,70,,36959,12,0,57 18,1,30,,36968,12,0,57 18,1,70,,36965,12,0,57 18,1,30,,36977,12,0,57 18,1,70,,36966,12,0,57 18,1,30,,36964,12,0,57 18,1,70,,36980,12,0,57 18,1,30,,36976,12,0,57 18,1,70,,36970,12,0,57 18,1,30,,36969,12,0,57 18,1,70,,36967,12,0,57 18,1,30,,36979,12,0,57 18,1,70,,36974,12,0,57 18,1
41500,'1',706,,40162,48,0,20 14 21 18,1,30,,40152,48,0,20 14 21 18,1,70,,40169,48,0,20 14 21 18,1,30,,40153,48,0,20 14 21 18,1,70,,40164,48,0,20 14 21 18,1,30,,40148,48,0,20 14 21 18,1,70,,40151,48,0,20 14 21 18,1,31,,40147,48,0,20 14 21 18,1,70,,22327,48,0,20 14 21 18,1,30,,40167,48,0,20 14 21 18,1,70,,40159,48,0,20 14 21 18,1,30,,40171,48,0,20 14 21 18,1,70,,40170,48,0,20 14 21 18,1,30,,40163,48,0,20 14 21 18,1,70,,40156,48,0,20 14 21 18,1,30,,40149,48,0,20 14 21 18,1,70,,40165,48,0,20 14 21 18,1,30,,24701,48,0,20 14 21 18,1,70,,40168,48,0,20 14 21 18,1,30,,40154,48,0,20 14 21 18,1,70,,40172,48,0,20 14 21 18,1,30,,40166,48,0,20 14 21 18,1,70,,40155,48,0,20 14 21 18,1,30,,40150,48,0,20 14 21 18,1,99,,40160,48,0,20 14 21 18,1,100,,40158,48,0,20 14 21 18,1,100,,40161,48,0,20 14 21 18,1,100,,40173,48,0,20 14 21 18,1,100,,40157,48,0,20 14 21 18,1
41500,'11',706,,40190,48,0,20 14 21 18,1,30,,40179,48,0,20 14 21 18,1,70,,40197,48,0,20 14 21 18,1,30,,40180,48,0,20 14 21 18,1,70,,40192,48,0,20 14 21 18,1,30,,40175,48,0,20 14 21 18,1,70,,40178,48,0,20 14 21 18,1,31,,40174,48,0,20 14 21 18,1,70,,40185,48,0,20 14 21 18,1,30,,40195,48,0,20 14 21 18,1,70,,40187,48,0,20 14 21 18,1,30,,40200,48,0,20 14 21 18,1,70,,40198,48,0,20 14 21 18,1,30,,40191,48,0,20 14 21 18,1,70,,40183,48,0,20 14 21 18,1,30,,40176,48,0,20 14 21 18,1,70,,40193,48,0,20 14 21 18,1,30,,40199,48,0,20 14 21 18,1,70,,40196,48,0,20 14 21 18,1,30,,40181,48,0,20 14 21 18,1,70,,40201,48,0,20 14 21 18,1,30,,40194,48,0,20 14 21 18,1,70,,40182,48,0,20 14 21 18,1,30,,40177,48,0,20 14 21 18,1,99,,40188,48,0,20 14 21 18,1,100,,40186,48,0,20 14 21 18,1,100,,40189,48,0,20 14 21 18,1,100,,40202,48,0,20 14 21 18,1,100,,40184,48,0,20 14 21 18,1
41500,'12',1837,,40204,48,0,20 14 21 18,1,99,,40207,48,0,20 14 21 18,1,100,,40203,48,0,20 14 21 18,1,100,,40208,48,0,20 14 21 18,1,100,,40205,48,0,20 14 21 18,1,100,,40206,48,0,20 14 21 18,1
41500,'13',1837,,40210,48,0,20 14 21 18,1,99,,27351,48,0,20 14 21 18,1,100,,40209,48,0,20 14 21 18,1,100,,40213,48,0,20 14 21 18,1,100,,40211,48,0,20 14 21 18,1,100,,40212,48,0,20 14 21 18,1
41500,'14',1137,,40214,48,0,20 14 21 18,1,100,,40216,48,0,20 14 21 18,1,100,,40217,48,0,20 14 21 18,1,100,,40218,48,0,20 14 21 18,1,100,,40220,48,0,20 14 21 18,1,100,,40219,48,0,20 14 21 18,1,100,,40215,48,0,20 14 21 18,1
41500,'16',706,,40236,48,0,20 14 21 18,1,30,,40226,48,0,20 14 21 18,1,70,,40243,48,0,20 14 21 18,1,30,,40227,48,0,20 14 21 18,1,70,,40238,48,0,20 14 21 18,1,30,,40222,48,0,20 14 21 18,1,70,,40225,48,0,20 14 21 18,1,31,,40221,48,0,20 14 21 18,1,70,,30900,48,0,20 14 21 18,1,30,,40241,48,0,20 14 21 18,1,70,,40233,48,0,20 14 21 18,1,30,,40245,48,0,20 14 21 18,1,70,,40244,48,0,20 14 21 18,1,30,,40237,48,0,20 14 21 18,1,70,,40230,48,0,20 14 21 18,1,30,,40223,48,0,20 14 21 18,1,70,,40239,48,0,20 14 21 18,1,30,,31219,48,0,20 14 21 18,1,70,,40242,48,0,20 14 21 18,1,30,,40228,48,0,20 14 21 18,1,70,,40246,48,0,20 14 21 18,1,30,,40240,48,0,20 14 21 18,1,70,,40229,48,0,20 14 21 18,1,30,,40224,48,0,20 14 21 18,1,99,,40234,48,0,20 14 21 18,1,100,,40232,48,0,20 14 21 18,1,100,,40235,48,0,20 14 21 18,1,100,,40247,48,0,20 14 21 18,1,100,,40231,48,0,20 14 21 18,1
41500,'3',1837,,40249,48,0,20 14 21 18,1,99,,27389,48,0,20 14 21 18,1,100,,40248,48,0,20 14 21 18,1,100,,40252,48,0,20 14 21 18,1,100,,40250,48,0,20 14 21 18,1,100,,40251,48,0,20 14 21 18,1
41500,'6',1837,,40254,48,0,20 14 21 18,1,99,,40257,48,0,20 14 21 18,1,100,,40253,48,0,20 14 21 18,1,100,,40258,48,0,20 14 21 18,1,100,,40255,48,0,20 14 21 18,1,100,,40256,48,0,20 14 21 18,1
41500,'8',936,,40260,48,0,20 14 21 18,1,101,,40273,48,0,20 14 21 18,1,70,,40275,48,0,20 14 21 18,1,30,,40261,48,0,20 14 21 18,1,70,,40269,48,0,20 14 21 18,1,30,,40274,48,0,20 14 21 18,1,70,,40262,48,0,20 14 21 18,1,30,,40263,48,0,20 14 21 18,1,70,,40276,48,0,20 14 21 18,1,30,,40268,48,0,20 14 21 18,1,70,,40264,48,0,20 14 21 18,1,30,,40277,48,0,20 14 21 18,1,70,,40271,48,0,20 14 21 18,1,30,,40266,48,0,20 14 21 18,1,70,,40259,48,0,20 14 21 18,1,30,,40265,48,0,20 14 21 18,1,70,,40270,48,0,20 14 21 18,1,30,,40267,48,0,20 14 21 18,1,99,,40272,48,0,20 14 21 18,1
