30100,'12',605,,32810,9,0,5 6,1,30,,32795,9,0,5 6,1,70,,32770,9,0,5 6,1,30,,32777,9,0,5 6,1,70,,32812,9,0,5 6,1,30,,32785,9,0,5 6,1,70,,32790,9,0,5 6,1,30,,32786,9,0,5 6,1,70,,32789,9,0,5 6,1,30,,32804,9,0,5 6,1,70,,32771,9,0,5 6,1,30,,32778,9,0,5 6,1,70,,32776,9,0,5 6,1,30,,32774,9,0,5 6,1,70,,32768,9,0,5 6,1,30,,32794,9,0,5 6,1,70,,32773,9,0,5 6,1,30,,32806,9,0,5 6,1,70,,32802,9,0,5 6,1,30,,32803,9,0,5 6,1,70,,32780,9,0,5 6,1,30,,32807,9,0,5 6,1,70,,32796,9,0,5 6,1,30,,32787,9,0,5 6,1
30100,'13',605,,32852,9,0,5 6,1,30,,32839,9,0,5 6,1,70,,32816,9,0,5 6,1,30,,32823,9,0,5 6,1,70,,32854,9,0,5 6,1,30,,32831,9,0,5 6,1,70,,32836,9,0,5 6,1,30,,32832,9,0,5 6,1,70,,32835,9,0,5 6,1,30,,32847,9,0,5 6,1,70,,32817,9,0,5 6,1,30,,32824,9,0,5 6,1,70,,32822,9,0,5 6,1,30,,32820,9,0,5 6,1,70,,32814,9,0,5 6,1,30,,32838,9,0,5 6,1,70,,32819,9,0,5 6,1,30,,32848,9,0,5 6,1,70,,32845,9,0,5 6,1,30,,32846,9,0,5 6,1,70,,32826,9,0,5 6,1,30,,32849,9,0,5 6,1,70,,32840,9,0,5 6,1,30,,32833,9,0,5 6,1
30100,'3',605,,32894,9,0,5 6,1,30,,32881,9,0,5 6,1,70,,32858,9,0,5 6,1,30,,32865,9,0,5 6,1,70,,32896,9,0,5 6,1,30,,32873,9,0,5 6,1,70,,32878,9,0,5 6,1,30,,32874,9,0,5 6,1,70,,32877,9,0,5 6,1,30,,32889,9,0,5 6,1,70,,32859,9,0,5 6,1,30,,32866,9,0,5 6,1,70,,32864,9,0,5 6,1,30,,32862,9,0,5 6,1,70,,32856,9,0,5 6,1,30,,32880,9,0,5 6,1,70,,32861,9,0,5 6,1,30,,32890,9,0,5 6,1,70,,32887,9,0,5 6,1,30,,32888,9,0,5 6,1,70,,32868,9,0,5 6,1,30,,32891,9,0,5 6,1,70,,32882,9,0,5 6,1,30,,32875,9,0,5 6,1
30100,'6',605,,32941,9,0,5 6,1,30,,32926,9,0,5 6,1,70,,32901,9,0,5 6,1,30,,32908,9,0,5 6,1,70,,32943,9,0,5 6,1,30,,32916,9,0,5 6,1,70,,32921,9,0,5 6,1,30,,32917,9,0,5 6,1,70,,32920,9,0,5 6,1,30,,32935,9,0,5 6,1,70,,32902,9,0,5 6,1,30,,32909,9,0,5 6,1,70,,32907,9,0,5 6,1,30,,32905,9,0,5 6,1,70,,32899,9,0,5 6,1,30,,32925,9,0,5 6,1,70,,32904,9,0,5 6,1,30,,32937,9,0,5 6,1,70,,32933,9,0,5 6,1,30,,32934,9,0,5 6,1,70,,32911,9,0,5 6,1,30,,32938,9,0,5 6,1,70,,32927,9,0,5 6,1,30,,32918,9,0,5 6,1
40100,'1',630,,31498,9,0,8,1,70,,37760,9,0,8,1,30,,37775,9,0,8,1,70,,37763,9,0,8,1,30,,37783,9,0,8,1,70,,37779,9,0,8,1,30,,37772,9,0,8,1,70,,37793,9,0,8,1,30,,37752,9,0,8,1,70,,37792,9,0,8,1,30,,37789,9,0,8,1,70,,37771,9,0,8,1,30,,37745,9,0,8,1,70,,32649,9,0,8,1,30,,37750,9,0,8,1,70,,37754,9,0,8,1,30,,37770,9,0,8,1,70,,37768,9,0,8,1,30,,37747,9,0,8,1,70,,37774,9,0,8,1,30,,37787,9,0,8,1,70,,37781,9,0,8,1,30,,31183,9,0,8,1,70,,37756,9,0,8,1,100,,37778,9,0,8,1,100,,37765,9,0,8,1,100,,37777,9,0,8,1,100,,37759,9,0,8,1,100,,37757,9,0,8,1,100,,31193,9,0,8,1
40100,'11',630,,37826,9,0,8,1,70,,37811,9,0,8,1,30,,37832,9,0,8,1,70,,37816,9,0,8,1,30,,37842,9,0,8,1,70,,37837,9,0,8,1,30,,37827,9,0,8,1,70,,37852,9,0,8,1,30,,37803,9,0,8,1,70,,37851,9,0,8,1,30,,37848,9,0,8,1,70,,37825,9,0,8,1,30,,37796,9,0,8,1,70,,37831,9,0,8,1,30,,37801,9,0,8,1,70,,37805,9,0,8,1,30,,37824,9,0,8,1,70,,37822,9,0,8,1,30,,37798,9,0,8,1,70,,37830,9,0,8,1,30,,37846,9,0,8,1,70,,37839,9,0,8,1,30,,37815,9,0,8,1,70,,37807,9,0,8,1,100,,37836,9,0,8,1,100,,37819,9,0,8,1,100,,37834,9,0,8,1,100,,37810,9,0,8,1,100,,37808,9,0,8,1,100,,37853,9,0,8,1
40100,'12',1800,,37861,9,0,8,1,100,,37858,9,0,8,1,100,,37867,9,0,8,1,100,,37865,9,0,8,1,100,,37866,9,0,8,1,100,,37859,9,0,8,1,100,,37857,9,0,8,1
40100,'13',1800,,37873,9,0,8,1,100,,37870,9,0,8,1,100,,37879,9,0,8,1,100,,37877,9,0,8,1,100,,37878,9,0,8,1,100,,37871,9,0,8,1,100,,27848,9,0,8,1
40100,'14',1100,,37890,9,0,8,1,100,,37892,9,0,8,1,100,,37884,9,0,8,1,100,,37882,9,0,8,1,100,,37889,9,0,8,1,100,,37893,9,0,8,1,100,,37891,9,0,8,1,100,,37886,9,0,8,1
40100,'16',630,,31539,9,0,8,1,70,,37912,9,0,8,1,30,,37927,9,0,8,1,70,,37915,9,0,8,1,30,,37935,9,0,8,1,70,,37931,9,0,8,1,30,,37924,9,0,8,1,70,,37945,9,0,8,1,30,,37904,9,0,8,1,70,,37944,9,0,8,1,30,,37941,9,0,8,1,70,,37923,9,0,8,1,30,,37897,9,0,8,1,70,,32668,9,0,8,1,30,,37902,9,0,8,1,70,,37906,9,0,8,1,30,,37922,9,0,8,1,70,,37920,9,0,8,1,30,,37899,9,0,8,1,70,,37926,9,0,8,1,30,,37939,9,0,8,1,70,,37933,9,0,8,1,30,,26849,9,0,8,1,70,,37908,9,0,8,1,100,,37930,9,0,8,1,100,,37917,9,0,8,1,100,,37929,9,0,8,1,100,,37911,9,0,8,1,100,,37909,9,0,8,1,100,,31222,9,0,8,1
40100,'3',1800,,37951,9,0,8,1,100,,37948,9,0,8,1,100,,37957,9,0,8,1,100,,37955,9,0,8,1,100,,37956,9,0,8,1,100,,37949,9,0,8,1,100,,27869,9,0,8,1
40100,'6',1800,,37965,9,0,8,1,100,,37962,9,0,8,1,100,,37971,9,0,8,1,100,,37969,9,0,8,1,100,,37970,9,0,8,1,100,,37963,9,0,8,1,100,,37961,9,0,8,1
40100,'8',900,,37973,9,0,8,1,100,,37986,9,0,8,1,30,,38003,9,0,8,1,70,,37977,9,0,8,1,30,,37993,9,0,8,1,70,,32420,9,0,8,1,30,,37972,9,0,8,1,70,,37996,9,0,8,1,30,,38007,9,0,8,1,70,,38001,9,0,8,1,30,,38006,9,0,8,1,70,,37989,9,0,8,1,30,,38005,9,0,8,1,70,,37991,9,0,8,1,30,,37988,9,0,8,1,70,,37990,9,0,8,1,30,,37974,9,0,8,1,70,,38002,9,0,8,1,100,,37981,9,0,8,1,100,,37980,9,0,8,1
