30201,'12',620,,33215,4,0,24,1,30,,33224,4,0,24,1,70,,33225,4,0,24,1,30,,33230,4,0,24,1,70,,33218,4,0,24,1,30,,33235,4,0,24,1,70,,33219,4,0,24,1,30,,33229,4,0,24,1,70,,33231,4,0,24,1,30,,33237,4,0,24,1,70,,33216,4,0,24,1,30,,33217,4,0,24,1,70,,33232,4,0,24,1,30,,33226,4,0,24,1,70,,33223,4,0,24,1,30,,33227,4,0,24,1,73,,33228,4,0,24,1,78,,33221,4,0,24,1,30,,33220,4,0,24,1,70,,33234,4,0,24,1,30,,33233,4,0,24,1,70,,33238,4,0,24,1,30,,33222,4,0,24,1,70,,33236,4,0,24,1
30201,'13',620,,33239,4,0,24,1,30,,33248,4,0,24,1,70,,33249,4,0,24,1,30,,33254,4,0,24,1,70,,33242,4,0,24,1,30,,33258,4,0,24,1,70,,33243,4,0,24,1,30,,33253,4,0,24,1,70,,33255,4,0,24,1,30,,33260,4,0,24,1,70,,33240,4,0,24,1,30,,33241,4,0,24,1,70,,33256,4,0,24,1,30,,33250,4,0,24,1,70,,33247,4,0,24,1,30,,33251,4,0,24,1,73,,33252,4,0,24,1,78,,33245,4,0,24,1,30,,33244,4,0,24,1,70,,33257,4,0,24,1,30,,29290,4,0,24,1,70,,28820,4,0,24,1,30,,33246,4,0,24,1,70,,33259,4,0,24,1
30201,'3',620,,33261,4,0,24,1,30,,33270,4,0,24,1,70,,33271,4,0,24,1,30,,33276,4,0,24,1,70,,33264,4,0,24,1,30,,33280,4,0,24,1,70,,33265,4,0,24,1,30,,33275,4,0,24,1,70,,33277,4,0,24,1,30,,33282,4,0,24,1,70,,33262,4,0,24,1,30,,33263,4,0,24,1,70,,33278,4,0,24,1,30,,33272,4,0,24,1,70,,33269,4,0,24,1,30,,33273,4,0,24,1,73,,33274,4,0,24,1,78,,33267,4,0,24,1,30,,33266,4,0,24,1,70,,33279,4,0,24,1,30,,29309,4,0,24,1,70,,28843,4,0,24,1,30,,33268,4,0,24,1,70,,33281,4,0,24,1
30201,'6',620,,33283,4,0,24,1,30,,33292,4,0,24,1,70,,33293,4,0,24,1,30,,33298,4,0,24,1,70,,33286,4,0,24,1,30,,33303,4,0,24,1,70,,33287,4,0,24,1,30,,33297,4,0,24,1,70,,33299,4,0,24,1,30,,33305,4,0,24,1,70,,33284,4,0,24,1,30,,33285,4,0,24,1,70,,33300,4,0,24,1,30,,33294,4,0,24,1,70,,33291,4,0,24,1,30,,33295,4,0,24,1,73,,33296,4,0,24,1,78,,33289,4,0,24,1,30,,33288,4,0,24,1,70,,33302,4,0,24,1,30,,33301,4,0,24,1,70,,33306,4,0,24,1,30,,33290,4,0,24,1,70,,33304,4,0,24,1
30901,'12',620,,34469,8,0,25 14 26,1,30,,34473,8,0,25 14 26,1,70,,34486,8,0,25 14 26,1,30,,34470,8,0,25 14 26,1,70,,34476,8,0,25 14 26,1,30,,34481,8,0,25 14 26,1,70,,34492,8,0,25 14 26,1,30,,34487,8,0,25 14 26,1,70,,34491,8,0,25 14 26,1,30,,34479,8,0,25 14 26,1,70,,34489,8,0,25 14 26,1,30,,34475,8,0,25 14 26,1,70,,34488,8,0,25 14 26,1,30,,34483,8,0,25 14 26,1,70,,34472,8,0,25 14 26,1,30,,34471,8,0,25 14 26,1,70,,34474,8,0,25 14 26,1,38,,34490,8,0,25 14 26,1,70,,34477,8,0,25 14 26,1,30,,34485,8,0,25 14 26,1,70,,34478,8,0,25 14 26,1,30,,34482,8,0,25 14 26,1,70,,34480,8,0,25 14 26,1,30,,34493,8,0,25 14 26,1,66,,34484,4,0,25 14 26,1
30901,'13',620,,34494,8,0,25 14 26,1,30,,34498,8,0,25 14 26,1,70,,34511,8,0,25 14 26,1,30,,34495,8,0,25 14 26,1,70,,34501,8,0,25 14 26,1,30,,34506,8,0,25 14 26,1,70,,27614,8,0,25 14 26,1,30,,23691,8,0,25 14 26,1,70,,34515,8,0,25 14 26,1,30,,34504,8,0,25 14 26,1,70,,34513,8,0,25 14 26,1,30,,34500,8,0,25 14 26,1,70,,34512,8,0,25 14 26,1,30,,34508,8,0,25 14 26,1,70,,34497,8,0,25 14 26,1,30,,34496,8,0,25 14 26,1,70,,34499,8,0,25 14 26,1,38,,34514,8,0,25 14 26,1,70,,34502,8,0,25 14 26,1,30,,34510,8,0,25 14 26,1,70,,34503,8,0,25 14 26,1,30,,34507,8,0,25 14 26,1,70,,34505,8,0,25 14 26,1,30,,34516,8,0,25 14 26,1,66,,34509,4,0,25 14 26,1
30901,'3',620,,34517,8,0,25 14 26,1,30,,34521,8,0,25 14 26,1,70,,34534,8,0,25 14 26,1,30,,34518,8,0,25 14 26,1,70,,34524,8,0,25 14 26,1,30,,34529,8,0,25 14 26,1,70,,27637,8,0,25 14 26,1,30,,23711,8,0,25 14 26,1,70,,34538,8,0,25 14 26,1,30,,34527,8,0,25 14 26,1,70,,34536,8,0,25 14 26,1,30,,34523,8,0,25 14 26,1,70,,34535,8,0,25 14 26,1,30,,34531,8,0,25 14 26,1,70,,34520,8,0,25 14 26,1,30,,34519,8,0,25 14 26,1,70,,34522,8,0,25 14 26,1,38,,34537,8,0,25 14 26,1,70,,34525,8,0,25 14 26,1,30,,34533,8,0,25 14 26,1,70,,34526,8,0,25 14 26,1,30,,34530,8,0,25 14 26,1,70,,34528,8,0,25 14 26,1,30,,34539,8,0,25 14 26,1,66,,34532,4,0,25 14 26,1
30901,'6',620,,34540,8,0,25 14 26,1,30,,34544,8,0,25 14 26,1,70,,34557,8,0,25 14 26,1,30,,34541,8,0,25 14 26,1,70,,34547,8,0,25 14 26,1,30,,34552,8,0,25 14 26,1,70,,34563,8,0,25 14 26,1,30,,34558,8,0,25 14 26,1,70,,34562,8,0,25 14 26,1,30,,34550,8,0,25 14 26,1,70,,34560,8,0,25 14 26,1,30,,34546,8,0,25 14 26,1,70,,34559,8,0,25 14 26,1,30,,34554,8,0,25 14 26,1,70,,34543,8,0,25 14 26,1,30,,34542,8,0,25 14 26,1,70,,34545,8,0,25 14 26,1,38,,34561,8,0,25 14 26,1,70,,34548,8,0,25 14 26,1,30,,34556,8,0,25 14 26,1,70,,34549,8,0,25 14 26,1,30,,34553,8,0,25 14 26,1,70,,34551,8,0,25 14 26,1,30,,34564,8,0,25 14 26,1,66,,34555,4,0,25 14 26,1
40201,'1',648,,38428,4,0,24,1,70,,38425,4,0,24,1,30,,38426,4,0,24,1,70,,38427,4,0,24,1,30,,38437,4,0,24,1,70,,38432,4,0,24,1,30,,38441,4,0,24,1,70,,38423,4,0,24,1,30,,38430,4,0,24,1,70,,38436,4,0,24,1,30,,38419,4,0,24,1,70,,38433,4,0,24,1,30,,38438,4,0,24,1,70,,31028,4,0,24,1,30,,38418,4,0,24,1,70,,38415,4,0,24,1,30,,38424,4,0,24,1,70,,38431,4,0,24,1,30,,38435,4,0,24,1,70,,38421,4,0,24,1,30,,31249,4,0,24,1,70,,38417,4,0,24,1,30,,38422,4,0,24,1,70,,38442,4,0,24,1,30,,38434,4,0,24,1,100,,38429,4,0,24,1,100,,38440,4,0,24,1,100,,38420,4,0,24,1,100,,38439,4,0,24,1,100,,38416,4,0,24,1
40201,'11',648,,38459,4,0,24,1,70,,38456,4,0,24,1,30,,38457,4,0,24,1,70,,38458,4,0,24,1,30,,38454,4,0,24,1,70,,38463,4,0,24,1,30,,38471,4,0,24,1,70,,38453,4,0,24,1,30,,38461,4,0,24,1,70,,38467,4,0,24,1,30,,38449,4,0,24,1,70,,38464,4,0,24,1,30,,38468,4,0,24,1,70,,38443,4,0,24,1,30,,38448,4,0,24,1,70,,38444,4,0,24,1,30,,38455,4,0,24,1,70,,38462,4,0,24,1,30,,38466,4,0,24,1,70,,38451,4,0,24,1,30,,38446,4,0,24,1,70,,38447,4,0,24,1,30,,38452,4,0,24,1,70,,38472,4,0,24,1,30,,38465,4,0,24,1,100,,38460,4,0,24,1,100,,38470,4,0,24,1,100,,38450,4,0,24,1,100,,38469,4,0,24,1,100,,38445,4,0,24,1
40201,'12',1848,,38476,4,0,24,1,100,,38473,4,0,24,1,100,,38474,4,0,24,1,100,,38478,4,0,24,1,100,,38475,4,0,24,1,100,,38477,4,0,24,1
40201,'13',1848,,38482,4,0,24,1,100,,38479,4,0,24,1,100,,38480,4,0,24,1,100,,38484,4,0,24,1,100,,38481,4,0,24,1,100,,38483,4,0,24,1
40201,'14',1148,,38488,4,0,24,1,100,,29737,4,0,24,1,100,,38487,4,0,24,1,100,,38486,4,0,24,1,100,,38490,4,0,24,1,100,,38485,4,0,24,1,100,,38489,4,0,24,1
40201,'16',648,,38504,4,0,24,1,70,,38501,4,0,24,1,30,,38502,4,0,24,1,70,,38503,4,0,24,1,30,,38513,4,0,24,1,70,,38508,4,0,24,1,30,,38517,4,0,24,1,70,,38499,4,0,24,1,30,,38506,4,0,24,1,70,,38512,4,0,24,1,30,,38495,4,0,24,1,70,,38509,4,0,24,1,30,,38514,4,0,24,1,70,,31065,4,0,24,1,30,,38494,4,0,24,1,70,,38491,4,0,24,1,30,,38500,4,0,24,1,70,,38507,4,0,24,1,30,,38511,4,0,24,1,70,,38497,4,0,24,1,30,,31288,4,0,24,1,70,,38493,4,0,24,1,30,,38498,4,0,24,1,70,,38518,4,0,24,1,30,,38510,4,0,24,1,100,,38505,4,0,24,1,100,,38516,4,0,24,1,100,,38496,4,0,24,1,100,,38515,4,0,24,1,100,,38492,4,0,24,1
40201,'3',1848,,38522,4,0,24,1,100,,38519,4,0,24,1,100,,38520,4,0,24,1,100,,38524,4,0,24,1,100,,38521,4,0,24,1,100,,38523,4,0,24,1
40201,'6',1848,,38528,4,0,24,1,100,,38525,4,0,24,1,100,,38526,4,0,24,1,100,,38530,4,0,24,1,100,,38527,4,0,24,1,100,,38529,4,0,24,1
40201,'8',948,,38533,4,0,24,1,100,,38534,4,0,24,1,70,,38536,4,0,24,1,30,,25796,4,0,24,1,70,,38545,4,0,24,1,30,,38542,4,0,24,1,70,,38540,4,0,24,1,30,,38539,4,0,24,1,70,,38547,4,0,24,1,30,,38532,4,0,24,1,70,,38544,4,0,24,1,30,,38543,4,0,24,1,70,,38535,4,0,24,1,30,,38538,4,0,24,1,70,,38531,4,0,24,1,30,,38548,4,0,24,1,70,,38541,4,0,24,1,30,,38546,4,0,24,1,100,,38537,4,0,24,1
40901,'1',648,,39494,8,0,25 12,1,70,,39496,8,0,25 12,1,30,,39491,8,0,25 12,1,70,,39475,8,0,25 12,1,30,,39477,8,0,25 12,1,70,,39485,8,0,25 12,1,30,,39479,8,0,25 12,1,70,,30685,8,0,25 12,1,30,,39482,8,0,25 12,1,70,,39488,8,0,25 12,1,30,,39478,8,0,25 12,1,70,,39497,8,0,25 12,1,30,,39498,8,0,25 12,1,70,,39490,8,0,25 12,1,30,,24694,8,0,25 12,1,70,,31595,8,0,25 12,1,30,,39474,8,0,25 12,1,70,,39481,8,0,25 12,1,30,,39486,8,0,25 12,1,70,,39476,8,0,25 12,1,30,,39484,8,0,25 12,1,70,,39489,8,0,25 12,1,30,,39495,8,0,25 12,1,70,,23651,8,0,25 12,1,30,,39487,8,0,25 12,1,100,,39492,8,0,25 12,1,100,,39483,8,0,25 12,1,100,,39480,8,0,25 12,1,100,,39493,8,0,25 12,1
40901,'11',648,,39523,8,0,25 12,1,70,,39525,8,0,25 12,1,30,,39519,8,0,25 12,1,70,,39501,8,0,25 12,1,30,,39503,8,0,25 12,1,70,,39512,8,0,25 12,1,30,,39505,8,0,25 12,1,70,,39511,8,0,25 12,1,30,,39508,8,0,25 12,1,70,,39516,8,0,25 12,1,30,,39504,8,0,25 12,1,70,,39526,8,0,25 12,1,30,,39527,8,0,25 12,1,70,,39518,8,0,25 12,1,30,,39521,8,0,25 12,1,70,,39515,8,0,25 12,1,30,,39499,8,0,25 12,1,70,,39507,8,0,25 12,1,30,,39513,8,0,25 12,1,70,,39502,8,0,25 12,1,30,,39510,8,0,25 12,1,70,,39517,8,0,25 12,1,30,,39524,8,0,25 12,1,70,,39500,8,0,25 12,1,30,,39514,8,0,25 12,1,100,,39520,8,0,25 12,1,100,,39509,8,0,25 12,1,100,,39506,8,0,25 12,1,100,,39522,8,0,25 12,1
40901,'12',1848,,39532,8,0,25 12,1,100,,39531,8,0,25 12,1,100,,39528,8,0,25 12,1,100,,39530,8,0,25 12,1,100,,39529,8,0,25 12,1
40901,'13',1848,,39536,8,0,25 12,1,100,,39535,8,0,25 12,1,100,,39533,8,0,25 12,1,100,,39534,8,0,25 12,1,100,,23553,8,0,25 12,1
40901,'14',1048,,39538,8,0,25 12,1,100,,39541,8,0,25 12,1,100,,39539,8,0,25 12,1,100,,39542,8,0,25 12,1,100,,30452,8,0,25 12,1,100,,39540,8,0,25 12,1,100,,39543,8,0,25 12,1,100,,39537,8,0,25 12,1
40901,'16',648,,39564,8,0,25 12,1,70,,39566,8,0,25 12,1,30,,39561,8,0,25 12,1,70,,39545,8,0,25 12,1,30,,39547,8,0,25 12,1,70,,39555,8,0,25 12,1,30,,39549,8,0,25 12,1,70,,30722,8,0,25 12,1,30,,39552,8,0,25 12,1,70,,39558,8,0,25 12,1,30,,39548,8,0,25 12,1,70,,39567,8,0,25 12,1,30,,39568,8,0,25 12,1,70,,39560,8,0,25 12,1,30,,29544,8,0,25 12,1,70,,31633,8,0,25 12,1,30,,39544,8,0,25 12,1,70,,39551,8,0,25 12,1,30,,39556,8,0,25 12,1,70,,39546,8,0,25 12,1,30,,39554,8,0,25 12,1,70,,39559,8,0,25 12,1,30,,39565,8,0,25 12,1,70,,29526,8,0,25 12,1,30,,39557,8,0,25 12,1,100,,39562,8,0,25 12,1,100,,39553,8,0,25 12,1,100,,39550,8,0,25 12,1,100,,39563,8,0,25 12,1
40901,'3',1848,,39572,8,0,25 12,1,100,,39571,8,0,25 12,1,100,,39569,8,0,25 12,1,100,,39570,8,0,25 12,1,100,,23574,8,0,25 12,1
40901,'6',1848,,39577,8,0,25 12,1,100,,39576,8,0,25 12,1,100,,39573,8,0,25 12,1,100,,39575,8,0,25 12,1,100,,39574,8,0,25 12,1
40901,'8',848,,39590,8,0,25 12,1,100,,39589,8,0,25 12,1,100,,39595,8,0,25 12,1,70,,39580,8,0,25 12,1,30,,39581,8,0,25 12,1,70,,39587,8,0,25 12,1,30,,39583,8,0,25 12,1,70,,39582,8,0,25 12,1,30,,39594,8,0,25 12,1,70,,39591,8,0,25 12,1,30,,39584,8,0,25 12,1,70,,39592,8,0,25 12,1,30,,39588,8,0,25 12,1,70,,39593,8,0,25 12,1,30,,32416,8,0,25 12,1,70,,39579,8,0,25 12,1,30,,39596,8,0,25 12,1,70,,39578,8,0,25 12,1,30,,39586,8,0,25 12,1,100,,39585,8,0,25 12,1
