31701,'12',632,,35896,45,0,62,1,70,,35885,45,0,62,1,30,,35883,45,0,62,1,70,,35876,45,0,62,1,30,,35880,45,0,62,1,70,,35886,45,0,62,1,30,,35888,45,0,62,1,70,,35873,45,0,62,1,31,,35894,45,0,62,1,70,,35877,45,0,62,1,30,,35878,45,0,62,1,70,,35892,45,0,62,1,30,,35895,45,0,62,1,70,,35889,45,0,62,1,30,,35891,45,0,62,1,70,,35884,45,0,62,1,31,,35882,45,0,62,1,70,,35879,45,0,62,1,30,,35893,45,0,62,1,70,,35890,45,0,62,1,30,,35875,45,0,62,1,70,,35887,45,0,62,1,30,,35874,45,0,62,1,70,,35881,45,0,62,1
31701,'13',632,,35918,45,0,62,1,70,,22658,45,0,62,1,30,,35906,45,0,62,1,70,,35899,45,0,62,1,30,,35903,45,0,62,1,70,,35908,45,0,62,1,30,,35910,45,0,62,1,70,,35897,45,0,62,1,31,,35916,45,0,62,1,70,,35900,45,0,62,1,30,,35901,45,0,62,1,70,,35914,45,0,62,1,30,,35917,45,0,62,1,70,,35911,45,0,62,1,30,,35913,45,0,62,1,70,,35907,45,0,62,1,31,,35905,45,0,62,1,70,,35902,45,0,62,1,30,,35915,45,0,62,1,70,,35912,45,0,62,1,30,,27975,45,0,62,1,70,,35909,45,0,62,1,30,,35898,45,0,62,1,70,,35904,45,0,62,1
31701,'3',632,,35940,45,0,62,1,70,,22678,45,0,62,1,30,,35928,45,0,62,1,70,,35921,45,0,62,1,30,,35925,45,0,62,1,70,,35930,45,0,62,1,30,,35932,45,0,62,1,70,,35919,45,0,62,1,31,,35938,45,0,62,1,70,,35922,45,0,62,1,30,,35923,45,0,62,1,70,,35936,45,0,62,1,30,,35939,45,0,62,1,70,,35933,45,0,62,1,30,,35935,45,0,62,1,70,,35929,45,0,62,1,31,,35927,45,0,62,1,70,,35924,45,0,62,1,30,,35937,45,0,62,1,70,,35934,45,0,62,1,30,,27998,45,0,62,1,70,,35931,45,0,62,1,30,,35920,45,0,62,1,70,,35926,45,0,62,1
31701,'6',632,,35964,45,0,62,1,70,,35953,45,0,62,1,30,,35951,45,0,62,1,70,,35944,45,0,62,1,30,,35948,45,0,62,1,70,,35954,45,0,62,1,30,,35956,45,0,62,1,70,,35941,45,0,62,1,31,,35962,45,0,62,1,70,,35945,45,0,62,1,30,,35946,45,0,62,1,70,,35960,45,0,62,1,30,,35963,45,0,62,1,70,,35957,45,0,62,1,30,,35959,45,0,62,1,70,,35952,45,0,62,1,31,,35950,45,0,62,1,70,,35947,45,0,62,1,30,,35961,45,0,62,1,70,,35958,45,0,62,1,30,,35943,45,0,62,1,70,,35955,45,0,62,1,30,,35942,45,0,62,1,70,,35949,45,0,62,1
41701,'1',635,,40905,39,0,62,1,70,,40894,39,0,62,1,30,,30080,39,0,62,1,70,,32586,39,0,62,1,30,,40904,39,0,62,1,70,,30610,39,0,62,1,30,,40885,39,0,62,1,70,,40902,39,0,62,1,33,,31345,39,0,62,1,70,,40901,39,0,62,1,30,,29900,39,0,62,1,70,,31670,39,0,62,1,30,,40895,39,0,62,1,70,,40889,39,0,62,1,30,,40899,39,0,62,1,70,,40891,39,0,62,1,30,,40900,39,0,62,1,70,,40893,39,0,62,1,30,,29109,39,0,62,1,70,,32248,39,0,62,1,30,,40897,39,0,62,1,70,,40898,39,0,62,1,30,,40887,39,0,62,1,70,,40903,39,0,62,1,30,,21426,39,0,62,1,97,,40892,39,0,62,1,100,,40888,39,0,62,1,100,,40886,39,0,62,1,100,,40896,39,0,62,1,100,,40890,39,0,62,1
41701,'11',635,,40935,39,0,62,1,70,,40918,39,0,62,1,30,,40927,39,0,62,1,70,,40923,39,0,62,1,30,,40934,39,0,62,1,70,,40933,39,0,62,1,30,,40908,39,0,62,1,70,,40931,39,0,62,1,33,,40924,39,0,62,1,70,,40930,39,0,62,1,30,,40929,39,0,62,1,70,,40910,39,0,62,1,30,,40919,39,0,62,1,70,,40913,39,0,62,1,30,,40926,39,0,62,1,70,,40915,39,0,62,1,30,,40928,39,0,62,1,70,,40917,39,0,62,1,30,,40907,39,0,62,1,70,,40906,39,0,62,1,30,,40922,39,0,62,1,70,,40925,39,0,62,1,30,,40911,39,0,62,1,70,,40932,39,0,62,1,30,,40921,39,0,62,1,97,,40916,39,0,62,1,100,,40912,39,0,62,1,100,,40909,39,0,62,1,100,,40920,39,0,62,1,100,,40914,39,0,62,1
41701,'12',1838,,40936,39,0,62,1,97,,40941,39,0,62,1,100,,40940,39,0,62,1,100,,40937,39,0,62,1,100,,40939,39,0,62,1,100,,40938,39,0,62,1
41701,'13',1838,,40942,39,0,62,1,97,,40947,39,0,62,1,100,,40946,39,0,62,1,100,,40943,39,0,62,1,100,,40945,39,0,62,1,100,,40944,39,0,62,1
41701,'14',1138,,40951,39,0,62,1,100,,40953,39,0,62,1,100,,40950,39,0,62,1,100,,40952,39,0,62,1,100,,40954,39,0,62,1,100,,40949,39,0,62,1,100,,40948,39,0,62,1
41701,'16',635,,40976,39,0,62,1,70,,40964,39,0,62,1,30,,30161,39,0,62,1,70,,40968,39,0,62,1,30,,40975,39,0,62,1,70,,30647,39,0,62,1,30,,40955,39,0,62,1,70,,40973,39,0,62,1,33,,31386,39,0,62,1,70,,40972,39,0,62,1,30,,29981,39,0,62,1,70,,31726,39,0,62,1,30,,40965,39,0,62,1,70,,40959,39,0,62,1,30,,40970,39,0,62,1,70,,40961,39,0,62,1,30,,40971,39,0,62,1,70,,40963,39,0,62,1,30,,17746,39,0,62,1,70,,32291,39,0,62,1,30,,40967,39,0,62,1,70,,40969,39,0,62,1,30,,40957,39,0,62,1,70,,40974,39,0,62,1,30,,31209,39,0,62,1,97,,40962,39,0,62,1,100,,40958,39,0,62,1,100,,40956,39,0,62,1,100,,40966,39,0,62,1,100,,40960,39,0,62,1
41701,'3',1838,,40977,39,0,62,1,97,,40982,39,0,62,1,100,,40981,39,0,62,1,100,,40978,39,0,62,1,100,,40980,39,0,62,1,100,,40979,39,0,62,1
41701,'6',1838,,40983,39,0,62,1,97,,40988,39,0,62,1,100,,40987,39,0,62,1,100,,40984,39,0,62,1,100,,40986,39,0,62,1,100,,40985,39,0,62,1
41701,'8',935,,40990,39,0,62,1,173,,41004,39,0,62,1,30,,40991,39,0,62,1,70,,40998,39,0,62,1,30,,40994,39,0,62,1,70,,40992,39,0,62,1,30,,40999,39,0,62,1,100,,41000,39,0,62,1,70,,40989,39,0,62,1,30,,40995,39,0,62,1,70,,40997,39,0,62,1,30,,41001,39,0,62,1,70,,41003,39,0,62,1,30,,40996,39,0,62,1,70,,40993,39,0,62,1,30,,41002,39,0,62,1,97,,30209,39,0,62,1
