30801,'11',647,,28068,32,0,64 38,1,70,,28067,32,0,64 38,1,30,,28064,32,0,64 38,1,70,,28059,32,0,64 38,1,30,,28060,32,0,64 38,1,70,,28069,32,0,64 38,1,30,,28073,32,0,64 38,1,70,,28076,32,0,64 38,1,30,,28063,32,0,64 38,1,70,,28065,32,0,64 38,1,30,,28077,32,0,64 38,1,70,,28074,32,0,64 38,1,30,,28062,32,0,64 38,1,70,,4764,32,0,64 38,1,30,,23742,32,0,64 38,1,70,,28061,32,0,64 38,1,40,,28075,32,0,64 38,1,70,,23354,32,0,64 38,1,30,,28066,32,0,64 38,1,70,,19547,32,0,64 38,1,30,,28072,32,0,64 38,1,70,,28071,32,0,64 38,1,30,,28070,32,0,64 38,1
30801,'3',647,,28087,32,0,64 38,1,70,,28086,32,0,64 38,1,30,,28083,32,0,64 38,1,70,,28078,32,0,64 38,1,30,,28079,32,0,64 38,1,70,,28088,32,0,64 38,1,30,,28092,32,0,64 38,1,70,,28095,32,0,64 38,1,30,,28082,32,0,64 38,1,70,,28084,32,0,64 38,1,30,,28096,32,0,64 38,1,70,,28093,32,0,64 38,1,30,,28081,32,0,64 38,1,70,,4788,32,0,64 38,1,30,,23765,32,0,64 38,1,70,,28080,32,0,64 38,1,40,,28094,32,0,64 38,1,70,,23392,32,0,64 38,1,30,,28085,32,0,64 38,1,70,,19586,32,0,64 38,1,30,,28091,32,0,64 38,1,70,,28090,32,0,64 38,1,30,,28089,32,0,64 38,1
33700,'1',717,,29420,26,,,1,30,,29421,26,,,1,70,,29422,26,,,1,30,,29433,26,,,1,70,,29426,26,,,1,30,,29405,26,,,1,70,,24694,26,,,1,30,,29414,26,,,1,70,,29432,26,,,1,30,,27193,26,,,1,70,,29400,26,,,1,30,,29431,26,,,1,70,,29410,26,,,1,30,,29440,26,,,1,70,,29428,26,,,1,30,,29408,26,,,1,70,,29402,26,,,1,30,,29399,26,,,1,70,,29413,26,,,1,30,,29429,26,,,1,70,,29430,26,,,1,30,,29439,26,,,1,70,,29411,26,,,1,30,,29441,26,,,1,70,,29435,26,,,1
33700,'11',647,,29459,26,,,1,70,,29485,26,,,1,30,,29471,26,,,1,70,,29456,26,,,1,30,,29444,26,,,1,70,,29466,26,,,1,30,,29476,26,,,1,70,,24144,26,,,1,30,,29470,26,,,1,70,,29457,26,,,1,30,,29455,26,,,1,70,,29447,26,,,1,30,,29443,26,,,1,70,,29452,26,,,1,30,,29469,26,,,1,70,,29446,26,,,1,30,,29477,26,,,1,70,,29453,26,,,1,30,,29475,26,,,1,70,,29451,26,,,1,30,,29479,26,,,1,70,,29478,26,,,1,30,,29473,26,,,1,70,,29468,26,,,1,30,,22778,26,,,1
33700,'12',1117,,29513,26,,,1,30,,29492,26,,,1,70,,29498,26,,,1,30,,29499,26,,,1,70,,29511,26,,,1,30,,29515,26,,,1,70,,25357,26,,,1,30,,29495,26,,,1,70,,29496,26,,,1,30,,29509,26,,,1,70,,29500,26,,,1,30,,29512,26,,,1,70,,29505,26,,,1,30,,29494,26,,,1,70,,29514,26,,,1
33700,'14',717,,29539,26,,,1,30,,29540,26,,,1,70,,29541,26,,,1,30,,29553,26,,,1,70,,29545,26,,,1,30,,29522,26,,,1,70,,29544,26,,,1,30,,29531,26,,,1,70,,29552,26,,,1,30,,29554,26,,,1,70,,29517,26,,,1,30,,29551,26,,,1,70,,29528,26,,,1,30,,29561,26,,,1,70,,29547,26,,,1,30,,29525,26,,,1,70,,29519,26,,,1,30,,29516,26,,,1,70,,20961,26,,,1,30,,29548,26,,,1,70,,29550,26,,,1,30,,29560,26,,,1,70,,29529,26,,,1,30,,29562,26,,,1,70,,29556,26,,,1
33700,'3',647,,29580,26,,,1,70,,29606,26,,,1,30,,29592,26,,,1,70,,29577,26,,,1,30,,29565,26,,,1,70,,29587,26,,,1,30,,29597,26,,,1,70,,24154,26,,,1,30,,29591,26,,,1,70,,29578,26,,,1,30,,29576,26,,,1,70,,29568,26,,,1,30,,29564,26,,,1,70,,29573,26,,,1,30,,29590,26,,,1,70,,29567,26,,,1,30,,29598,26,,,1,70,,29574,26,,,1,30,,29596,26,,,1,70,,29572,26,,,1,30,,29600,26,,,1,70,,29599,26,,,1,30,,29594,26,,,1,70,,29589,26,,,1,30,,22799,26,,,1
33700,'8',1147,,29612,26,,,1,70,,29609,26,,,1,30,,29616,26,,,1,70,,29632,26,,,1,30,,29614,26,,,1,70,,29608,26,,,1,30,,29610,26,,,1,70,,29633,26,,,1,30,,29631,26,,,1,70,,29619,26,,,1,30,,29621,26,,,1,70,,29627,26,,,1,30,,29628,26,,,1,70,,25161,26,,,1,30,,29615,26,,,1
40801,'1',701,,30863,32,0,64 38,1,31,,30861,32,0,64 38,1,70,,30873,32,0,64 38,1,30,,30854,32,0,64 38,1,70,,30853,32,0,64 38,1,30,,30855,32,0,64 38,1,70,,22382,32,0,64 38,1,30,,30859,32,0,64 38,1,70,,30864,32,0,64 38,1,30,,30851,32,0,64 38,1,70,,22390,32,0,64 38,1,30,,30865,32,0,64 38,1,70,,23596,32,0,64 38,1,30,,24133,32,0,64 38,1,70,,30871,32,0,64 38,1,30,,30869,32,0,64 38,1,70,,22327,32,0,64 38,1,30,,30872,32,0,64 38,1,70,,30870,32,0,64 38,1,30,,30862,32,0,64 38,1,70,,30852,32,0,64 38,1,30,,30860,32,0,64 38,1,70,,30858,32,0,64 38,1,30,,30867,32,0,64 38,1,99,,30866,32,0,64 38,1,100,,21675,32,0,64 38,1,100,,30857,32,0,64 38,1,100,,30868,32,0,64 38,1,100,,30856,32,0,64 38,1
40801,'11',1832,,30875,32,0,64 38,1,99,,30879,32,0,64 38,1,100,,30877,32,0,64 38,1,100,,30878,32,0,64 38,1,100,,30876,32,0,64 38,1,100,,30874,32,0,64 38,1
40801,'12',1132,,30881,32,0,64 38,1,100,,30883,32,0,64 38,1,100,,30884,32,0,64 38,1,100,,30885,32,0,64 38,1,100,,30886,32,0,64 38,1,100,,30880,32,0,64 38,1,100,,30882,32,0,64 38,1
40801,'14',701,,30903,32,0,64 38,1,31,,30901,32,0,64 38,1,70,,30913,32,0,64 38,1,30,,30889,32,0,64 38,1,70,,30888,32,0,64 38,1,30,,30890,32,0,64 38,1,70,,30891,32,0,64 38,1,30,,25113,32,0,64 38,1,70,,30904,32,0,64 38,1,30,,18980,32,0,64 38,1,70,,30898,32,0,64 38,1,30,,30905,32,0,64 38,1,70,,30899,32,0,64 38,1,30,,30893,32,0,64 38,1,70,,30911,32,0,64 38,1,30,,30909,32,0,64 38,1,70,,30900,32,0,64 38,1,30,,30912,32,0,64 38,1,70,,30910,32,0,64 38,1,30,,30902,32,0,64 38,1,70,,30887,32,0,64 38,1,30,,30896,32,0,64 38,1,70,,30895,32,0,64 38,1,30,,30907,32,0,64 38,1,99,,30906,32,0,64 38,1,100,,30897,32,0,64 38,1,100,,30894,32,0,64 38,1,100,,30908,32,0,64 38,1,100,,30892,32,0,64 38,1
40801,'3',1832,,30915,32,0,64 38,1,99,,30919,32,0,64 38,1,100,,30917,32,0,64 38,1,100,,30918,32,0,64 38,1,100,,30916,32,0,64 38,1,100,,30914,32,0,64 38,1
40801,'8',932,,30922,32,0,64 38,1,100,,30920,32,0,64 38,1,70,,30929,32,0,64 38,1,30,,30937,32,0,64 38,1,70,,30928,32,0,64 38,1,30,,30923,32,0,64 38,1,70,,30930,32,0,64 38,1,30,,30934,32,0,64 38,1,70,,30932,32,0,64 38,1,30,,30926,32,0,64 38,1,70,,30936,32,0,64 38,1,30,,30924,32,0,64 38,1,70,,30925,32,0,64 38,1,30,,30927,32,0,64 38,1,70,,30921,32,0,64 38,1,30,,30931,32,0,64 38,1,70,,30935,32,0,64 38,1,30,,30938,32,0,64 38,1,99,,30933,32,0,64 38,1
43700,'1',1934,,32644,18,,,1,100,,32648,18,,,1,100,,32651,18,,,1,100,,32645,18,,,1,100,,32650,18,,,1
43700,'11',1934,,32659,18,,,1,100,,32656,18,,,1,100,,32658,18,,,1,100,,32652,18,,,1,100,,32657,18,,,1
43700,'14',1934,,32663,18,,,1,100,,32667,18,,,1,100,,32670,18,,,1,100,,32664,18,,,1,100,,32669,18,,,1
43700,'3',1934,,32678,18,,,1,100,,32675,18,,,1,100,,32677,18,,,1,100,,32671,18,,,1,100,,32676,18,,,1
