30800,'15',609,,10931,17,0,59,1,30,,10929,17,0,59,1,70,,10933,17,0,59,1,30,,10936,17,0,59,1,70,,10945,17,0,59,1,30,,10928,17,0,59,1,70,,10938,17,0,59,1,30,,10940,17,0,59,1,70,,10939,17,0,59,1,30,,10944,17,0,59,1,70,,10947,17,0,59,1,30,,10926,17,0,59,1,70,,10934,17,0,59,1,30,,10948,17,0,59,1,70,,10942,17,0,59,1,30,,10930,17,0,59,1,69,,10932,17,0,59,1,33,,10943,17,0,59,1,70,,10927,17,0,59,1,30,,10935,17,0,59,1,70,,10946,17,0,59,1,30,,10941,17,0,59,1,70,,10937,17,0,59,1,30,,10925,17,0,59,1
30800,'16',609,,10955,17,0,59,1,30,,10953,17,0,59,1,70,,10956,17,0,59,1,30,,10960,17,0,59,1,70,,10966,17,0,59,1,30,,10952,17,0,59,1,70,,10962,17,0,59,1,30,,10963,17,0,59,1,70,,1392,17,0,59,1,30,,10965,17,0,59,1,70,,10967,17,0,59,1,30,,10950,17,0,59,1,70,,10958,17,0,59,1,30,,10968,17,0,59,1,70,,8453,17,0,59,1,30,,10954,17,0,59,1,69,,1573,17,0,59,1,33,,3657,17,0,59,1,70,,10957,17,0,59,1,30,,10959,17,0,59,1,70,,10961,17,0,59,1,30,,10964,17,0,59,1,70,,10951,17,0,59,1,30,,10949,17,0,59,1
30800,'17',609,,10974,17,0,59,1,30,,10972,17,0,59,1,70,,10975,17,0,59,1,30,,10979,17,0,59,1,70,,10985,17,0,59,1,30,,10971,17,0,59,1,70,,10981,17,0,59,1,30,,10982,17,0,59,1,70,,1415,17,0,59,1,30,,10984,17,0,59,1,70,,10986,17,0,59,1,30,,10970,17,0,59,1,70,,10977,17,0,59,1,30,,10987,17,0,59,1,70,,8458,17,0,59,1,30,,10973,17,0,59,1,69,,1597,17,0,59,1,33,,3684,17,0,59,1,70,,10976,17,0,59,1,30,,10978,17,0,59,1,70,,10980,17,0,59,1,30,,10983,17,0,59,1,70,,8632,17,0,59,1,30,,10969,17,0,59,1
30800,'19',609,,10993,17,0,59,1,30,,10991,17,0,59,1,70,,10995,17,0,59,1,30,,10999,17,0,59,1,70,,11008,17,0,59,1,30,,10990,17,0,59,1,70,,11000,17,0,59,1,30,,11002,17,0,59,1,70,,11001,17,0,59,1,30,,11007,17,0,59,1,70,,11009,17,0,59,1,30,,10989,17,0,59,1,70,,10997,17,0,59,1,30,,11010,17,0,59,1,70,,11004,17,0,59,1,30,,10992,17,0,59,1,69,,10994,17,0,59,1,33,,11005,17,0,59,1,70,,10998,17,0,59,1,30,,8482,17,0,59,1,70,,10996,17,0,59,1,30,,11003,17,0,59,1,70,,11006,17,0,59,1,30,,10988,17,0,59,1
30800,'5',609,,11016,17,0,59,1,30,,11014,17,0,59,1,70,,11017,17,0,59,1,30,,11020,17,0,59,1,70,,11026,17,0,59,1,30,,11013,17,0,59,1,70,,11021,17,0,59,1,30,,11022,17,0,59,1,70,,1438,17,0,59,1,30,,11025,17,0,59,1,70,,11027,17,0,59,1,30,,11012,17,0,59,1,70,,11018,17,0,59,1,30,,11028,17,0,59,1,70,,8467,17,0,59,1,30,,11015,17,0,59,1,69,,1621,17,0,59,1,33,,3710,17,0,59,1,70,,3995,17,0,59,1,30,,11019,17,0,59,1,70,,4995,17,0,59,1,30,,11023,17,0,59,1,70,,11024,17,0,59,1,30,,11011,17,0,59,1
30800,'6',609,,11035,17,0,59,1,30,,11033,17,0,59,1,70,,11037,17,0,59,1,30,,11040,17,0,59,1,70,,11049,17,0,59,1,30,,11032,17,0,59,1,70,,11042,17,0,59,1,30,,11044,17,0,59,1,70,,11043,17,0,59,1,30,,11048,17,0,59,1,70,,11051,17,0,59,1,30,,11030,17,0,59,1,70,,11038,17,0,59,1,30,,11052,17,0,59,1,70,,11046,17,0,59,1,30,,11034,17,0,59,1,69,,11036,17,0,59,1,33,,11047,17,0,59,1,70,,11031,17,0,59,1,30,,11039,17,0,59,1,70,,11050,17,0,59,1,30,,11045,17,0,59,1,70,,11041,17,0,59,1,30,,11029,17,0,59,1
40800,'1',1053,,17900,17,0,60 61,1,100,,17894,17,0,60 61,1,100,,17898,17,0,60 61,1,100,,17895,17,0,60 61,1,100,,17897,17,0,60 61,1,100,,17896,17,0,60 61,1,100,,17899,17,0,60 61,1,100,,1842,17,0,60 61,1
40800,'10',623,,17919,17,0,60 61,1,30,,17902,17,0,60 61,1,70,,17929,17,0,60 61,1,30,,17913,17,0,60 61,1,70,,17911,17,0,60 61,1,30,,17905,17,0,60 61,1,70,,17927,17,0,60 61,1,30,,17903,17,0,60 61,1,70,,17914,17,0,60 61,1,30,,17910,17,0,60 61,1,70,,17923,17,0,60 61,1,30,,17912,17,0,60 61,1,70,,17920,17,0,60 61,1,30,,17930,17,0,60 61,1,70,,17908,17,0,60 61,1,30,,17921,17,0,60 61,1,70,,17925,17,0,60 61,1,30,,17907,17,0,60 61,1,70,,17906,17,0,60 61,1,30,,17918,17,0,60 61,1,70,,17909,17,0,60 61,1,30,,17922,17,0,60 61,1,70,,17915,17,0,60 61,1,30,,17901,17,0,60 61,1,100,,17904,17,0,60 61,1,100,,17917,17,0,60 61,1,100,,17926,17,0,60 61,1,100,,17916,17,0,60 61,1,100,,17924,17,0,60 61,1,100,,17928,17,0,60 61,1
40800,'12',853,,17947,17,0,60 61,1,100,,17932,17,0,60 61,1,70,,17934,17,0,60 61,1,30,,17933,17,0,60 61,1,70,,17942,17,0,60 61,1,30,,7014,17,0,60 61,1,70,,17937,17,0,60 61,1,30,,17941,17,0,60 61,1,70,,17943,17,0,60 61,1,30,,17936,17,0,60 61,1,70,,17938,17,0,60 61,1,30,,17939,17,0,60 61,1,70,,17945,17,0,60 61,1,30,,8043,17,0,60 61,1,70,,17940,17,0,60 61,1,30,,17935,17,0,60 61,1,70,,17946,17,0,60 61,1,30,,17944,17,0,60 61,1,100,,17931,17,0,60 61,1,100,,17948,17,0,60 61,1
40800,'15',1753,,17952,17,0,60 61,1,100,,17950,17,0,60 61,1,100,,17949,17,0,60 61,1,100,,17951,17,0,60 61,1,100,,17955,17,0,60 61,1,100,,17953,17,0,60 61,1,100,,17954,17,0,60 61,1
40800,'16',1753,,5254,17,0,60 61,1,100,,17957,17,0,60 61,1,100,,17956,17,0,60 61,1,100,,17958,17,0,60 61,1,100,,17961,17,0,60 61,1,100,,17959,17,0,60 61,1,100,,17960,17,0,60 61,1
40800,'17',1753,,5304,17,0,60 61,1,100,,17963,17,0,60 61,1,100,,17962,17,0,60 61,1,100,,17964,17,0,60 61,1,100,,17967,17,0,60 61,1,100,,17965,17,0,60 61,1,100,,17966,17,0,60 61,1
40800,'19',1753,,17971,17,0,60 61,1,100,,17969,17,0,60 61,1,100,,17968,17,0,60 61,1,100,,17970,17,0,60 61,1,100,,17974,17,0,60 61,1,100,,17972,17,0,60 61,1,100,,17973,17,0,60 61,1
40800,'21',623,,17989,17,0,60 61,1,30,,17976,17,0,60 61,1,70,,6827,17,0,60 61,1,30,,17985,17,0,60 61,1,70,,17983,17,0,60 61,1,30,,7340,17,0,60 61,1,70,,17997,17,0,60 61,1,30,,17977,17,0,60 61,1,70,,17986,17,0,60 61,1,30,,17982,17,0,60 61,1,70,,17993,17,0,60 61,1,30,,17984,17,0,60 61,1,70,,17990,17,0,60 61,1,30,,17999,17,0,60 61,1,70,,17980,17,0,60 61,1,30,,17991,17,0,60 61,1,70,,17995,17,0,60 61,1,30,,8497,17,0,60 61,1,70,,17979,17,0,60 61,1,30,,8003,17,0,60 61,1,70,,17981,17,0,60 61,1,30,,17992,17,0,60 61,1,70,,17987,17,0,60 61,1,30,,17975,17,0,60 61,1,100,,17978,17,0,60 61,1,100,,8589,17,0,60 61,1,100,,17996,17,0,60 61,1,100,,17988,17,0,60 61,1,100,,17994,17,0,60 61,1,100,,17998,17,0,60 61,1
40800,'5',1753,,5434,17,0,60 61,1,100,,18001,17,0,60 61,1,100,,18000,17,0,60 61,1,100,,18002,17,0,60 61,1,100,,18005,17,0,60 61,1,100,,18003,17,0,60 61,1,100,,18004,17,0,60 61,1
40800,'6',1753,,18009,17,0,60 61,1,100,,18007,17,0,60 61,1,100,,18006,17,0,60 61,1,100,,18008,17,0,60 61,1,100,,18012,17,0,60 61,1,100,,18010,17,0,60 61,1,100,,18011,17,0,60 61,1
