32101,'15',716,,14183,14,0,56,1,100,,14182,14,0,56,1,100,,14189,14,0,56,1,100,,14184,14,0,56,1,100,,14187,14,0,56,1,100,,14179,14,0,56,1,100,,14188,14,0,56,1,101,,14185,14,0,56,1,100,,14190,14,0,56,1,100,,14186,14,0,56,1,100,,14180,14,0,56,1,100,,14181,14,0,56,1
32101,'16',716,,14194,14,0,56,1,100,,14193,14,0,56,1,100,,14198,14,0,56,1,100,,427,14,0,56,1,100,,14196,14,0,56,1,100,,14191,14,0,56,1,100,,5271,14,0,56,1,101,,14197,14,0,56,1,100,,14195,14,0,56,1,100,,14192,14,0,56,1,100,,3553,14,0,56,1,100,,617,14,0,56,1
32101,'17',716,,14202,14,0,56,1,100,,14201,14,0,56,1,100,,14206,14,0,56,1,100,,450,14,0,56,1,100,,14204,14,0,56,1,100,,14199,14,0,56,1,100,,5321,14,0,56,1,101,,14205,14,0,56,1,100,,14203,14,0,56,1,100,,14200,14,0,56,1,100,,3578,14,0,56,1,100,,641,14,0,56,1
32101,'19',716,,14211,14,0,56,1,100,,14210,14,0,56,1,100,,14217,14,0,56,1,100,,14212,14,0,56,1,100,,14215,14,0,56,1,100,,14208,14,0,56,1,100,,14216,14,0,56,1,101,,14214,14,0,56,1,100,,14209,14,0,56,1,100,,14207,14,0,56,1,100,,14213,14,0,56,1,100,,14218,14,0,56,1
32101,'5',716,,14223,14,0,56,1,100,,14222,14,0,56,1,100,,14226,14,0,56,1,100,,473,14,0,56,1,100,,14225,14,0,56,1,100,,14220,14,0,56,1,100,,5451,14,0,56,1,101,,14224,14,0,56,1,100,,14221,14,0,56,1,100,,14219,14,0,56,1,100,,954,14,0,56,1,100,,14227,14,0,56,1
32101,'6',716,,14232,14,0,56,1,100,,14231,14,0,56,1,100,,14238,14,0,56,1,100,,14233,14,0,56,1,100,,14236,14,0,56,1,100,,14228,14,0,56,1,100,,14237,14,0,56,1,101,,14234,14,0,56,1,100,,14239,14,0,56,1,100,,14235,14,0,56,1,100,,14229,14,0,56,1,100,,14230,14,0,56,1
42101,'1',1116,,20150,14,0,56,1,100,,778,14,0,56,1,100,,20154,14,0,56,1,100,,20153,14,0,56,1,100,,20152,14,0,56,1,100,,20149,14,0,56,1,100,,20151,14,0,56,1
42101,'10',716,,20170,14,0,56,1,100,,20160,14,0,56,1,100,,20155,14,0,56,1,100,,20169,14,0,56,1,100,,20159,14,0,56,1,100,,20167,14,0,56,1,100,,20164,14,0,56,1,100,,20156,14,0,56,1,100,,20162,14,0,56,1,100,,20171,14,0,56,1,100,,20158,14,0,56,1,100,,20163,14,0,56,1,100,,20166,14,0,56,1,100,,20161,14,0,56,1,100,,20168,14,0,56,1,100,,20157,14,0,56,1,100,,20165,14,0,56,1
42101,'12',916,,5966,14,0,56,1,100,,20180,14,0,56,1,100,,20179,14,0,56,1,100,,20172,14,0,56,1,100,,20182,14,0,56,1,100,,20181,14,0,56,1,100,,20177,14,0,56,1,100,,20175,14,0,56,1,100,,20174,14,0,56,1,100,,20173,14,0,56,1,100,,20178,14,0,56,1,100,,20176,14,0,56,1
42101,'15',1916,,20187,14,0,56,1,100,,20183,14,0,56,1,100,,20186,14,0,56,1,100,,20185,14,0,56,1,100,,20184,14,0,56,1
42101,'16',1916,,20192,14,0,56,1,100,,20188,14,0,56,1,100,,20191,14,0,56,1,100,,20190,14,0,56,1,100,,20189,14,0,56,1
42101,'17',1916,,20197,14,0,56,1,100,,20193,14,0,56,1,100,,20196,14,0,56,1,100,,20195,14,0,56,1,100,,20194,14,0,56,1
42101,'19',1916,,20202,14,0,56,1,100,,20198,14,0,56,1,100,,20201,14,0,56,1,100,,20200,14,0,56,1,100,,20199,14,0,56,1
42101,'21',716,,20216,14,0,56,1,100,,20208,14,0,56,1,100,,20203,14,0,56,1,100,,20215,14,0,56,1,100,,20207,14,0,56,1,100,,20214,14,0,56,1,100,,20211,14,0,56,1,100,,20204,14,0,56,1,100,,7756,14,0,56,1,100,,20217,14,0,56,1,100,,20206,14,0,56,1,100,,20210,14,0,56,1,100,,20213,14,0,56,1,100,,20209,14,0,56,1,100,,5684,14,0,56,1,100,,20205,14,0,56,1,100,,20212,14,0,56,1
42101,'5',1916,,20222,14,0,56,1,100,,20218,14,0,56,1,100,,20221,14,0,56,1,100,,20220,14,0,56,1,100,,20219,14,0,56,1
42101,'6',1916,,20227,14,0,56,1,100,,20223,14,0,56,1,100,,20226,14,0,56,1,100,,20225,14,0,56,1,100,,20224,14,0,56,1
