30400,'11',710,,27693,24,0,39 40 41,1,30,,27680,24,0,39 40 41,1,70,,27676,24,0,39 40 41,1,30,,27692,24,0,39 40 41,1,70,,27675,24,0,39 40 41,1,30,,27687,24,0,39 40 41,1,72,,27691,24,0,39 40 41,1,30,,27677,24,0,39 40 41,1,70,,27694,24,0,39 40 41,1,30,,27688,24,0,39 40 41,1,70,,27682,24,0,39 40 41,1,30,,24488,24,0,39 40 41,1,70,,27681,24,0,39 40 41,1,30,,27690,24,0,39 40 41,1,71,,27684,24,0,39 40 41,1,30,,27689,24,0,39 40 41,1,70,,21826,24,0,39 40 41,1,30,,27678,24,0,39 40 41,1,70,,27685,24,0,39 40 41,1,30,,27686,24,0,39 40 41,1,70,,27695,24,0,39 40 41,1,30,,27683,24,0,39 40 41,1,70,,27679,24,0,39 40 41,1
30400,'3',710,,27714,24,0,39 40 41,1,30,,27701,24,0,39 40 41,1,70,,27697,24,0,39 40 41,1,30,,27713,24,0,39 40 41,1,70,,27696,24,0,39 40 41,1,30,,27708,24,0,39 40 41,1,72,,27712,24,0,39 40 41,1,30,,27698,24,0,39 40 41,1,70,,27715,24,0,39 40 41,1,30,,27709,24,0,39 40 41,1,70,,27703,24,0,39 40 41,1,30,,24597,24,0,39 40 41,1,70,,27702,24,0,39 40 41,1,30,,27711,24,0,39 40 41,1,71,,27705,24,0,39 40 41,1,30,,27710,24,0,39 40 41,1,70,,21849,24,0,39 40 41,1,30,,27699,24,0,39 40 41,1,70,,27706,24,0,39 40 41,1,30,,27707,24,0,39 40 41,1,70,,27716,24,0,39 40 41,1,30,,27704,24,0,39 40 41,1,70,,27700,24,0,39 40 41,1
31800,'11',620,,28858,40,0,45 46 18,1,30,,20436,40,0,45 46 18,1,70,,28855,40,0,45 46 18,1,30,,28851,40,0,45 46 18,1,70,,28849,40,0,45 46 18,1,30,,28859,40,0,45 46 18,1,70,,28861,40,0,45 46 18,1,30,,28860,40,0,45 46 18,1,70,,28863,40,0,45 46 18,1,30,,28852,40,0,45 46 18,1,70,,28867,40,0,45 46 18,1,30,,28868,40,0,45 46 18,1,70,,28857,40,0,45 46 18,1,30,,21708,40,0,45 46 18,1,70,,28865,40,0,45 46 18,1,30,,28856,40,0,45 46 18,1,70,,27315,40,0,45 46 18,1,30,,27157,40,0,45 46 18,1,70,,28854,40,0,45 46 18,1,30,,28853,40,0,45 46 18,1,70,,25580,40,0,45 46 18,1,30,,28866,40,0,45 46 18,1,70,,28850,40,0,45 46 18,1,30,,28864,40,0,45 46 18,1,70,,28862,40,0,45 46 18,1
31800,'3',620,,28878,40,0,45 46 18,1,30,,20452,40,0,45 46 18,1,70,,28875,40,0,45 46 18,1,30,,28871,40,0,45 46 18,1,70,,28869,40,0,45 46 18,1,30,,28879,40,0,45 46 18,1,70,,28881,40,0,45 46 18,1,30,,28880,40,0,45 46 18,1,70,,28883,40,0,45 46 18,1,30,,28872,40,0,45 46 18,1,70,,28887,40,0,45 46 18,1,30,,28888,40,0,45 46 18,1,70,,28877,40,0,45 46 18,1,30,,21727,40,0,45 46 18,1,70,,28885,40,0,45 46 18,1,30,,28876,40,0,45 46 18,1,70,,27329,40,0,45 46 18,1,30,,27180,40,0,45 46 18,1,70,,28874,40,0,45 46 18,1,30,,28873,40,0,45 46 18,1,70,,25629,40,0,45 46 18,1,30,,28886,40,0,45 46 18,1,70,,28870,40,0,45 46 18,1,30,,28884,40,0,45 46 18,1,70,,28882,40,0,45 46 18,1
40400,'1',625,,30444,24,0,39 40 42 18,1,30,,30430,24,0,39 40 42 18,1,70,,30443,24,0,39 40 42 18,1,30,,30425,24,0,39 40 42 18,1,70,,30429,24,0,39 40 42 18,1,30,,30440,24,0,39 40 42 18,1,70,,30431,24,0,39 40 42 18,1,30,,30427,24,0,39 40 42 18,1,71,,30426,24,0,39 40 42 18,1,30,,30437,24,0,39 40 42 18,1,70,,30439,24,0,39 40 42 18,1,30,,30428,24,0,39 40 42 18,1,70,,30423,24,0,39 40 42 18,1,30,,30418,24,0,39 40 42 18,1,70,,30432,24,0,39 40 42 18,1,30,,30422,24,0,39 40 42 18,1,69,,30424,24,0,39 40 42 18,1,30,,30445,24,0,39 40 42 18,1,70,,30441,24,0,39 40 42 18,1,30,,30416,24,0,39 40 42 18,1,70,,30436,24,0,39 40 42 18,1,30,,30438,24,0,39 40 42 18,1,70,,30421,24,0,39 40 42 18,1,30,,30442,24,0,39 40 42 18,1,70,,30417,24,0,39 40 42 18,1,100,,30420,24,0,39 40 42 18,1,100,,30434,24,0,39 40 42 18,1,100,,30419,24,0,39 40 42 18,1,100,,30433,24,0,39 40 42 18,1,100,,30435,24,0,39 40 42 18,1
40400,'11',1825,,30447,24,0,39 40 42 18,1,100,,30446,24,0,39 40 42 18,1,100,,30449,24,0,39 40 42 18,1,100,,9166,24,0,39 40 42 18,1,100,,30448,24,0,39 40 42 18,1,100,,23103,24,0,39 40 42 18,1
40400,'12',1126,,30456,24,0,39 40 42 18,1,100,,30452,24,0,39 40 42 18,1,100,,30453,24,0,39 40 42 18,1,99,,30454,24,0,39 40 42 18,1,100,,30455,24,0,39 40 42 18,1,100,,30450,24,0,39 40 42 18,1,100,,30451,24,0,39 40 42 18,1
40400,'14',625,,30482,24,0,39 40 42 18,1,30,,26545,24,0,39 40 42 18,1,70,,30481,24,0,39 40 42 18,1,30,,30465,24,0,39 40 42 18,1,70,,30469,24,0,39 40 42 18,1,30,,30478,24,0,39 40 42 18,1,70,,30470,24,0,39 40 42 18,1,30,,30467,24,0,39 40 42 18,1,71,,30466,24,0,39 40 42 18,1,30,,30475,24,0,39 40 42 18,1,70,,30477,24,0,39 40 42 18,1,30,,30468,24,0,39 40 42 18,1,70,,30463,24,0,39 40 42 18,1,30,,30458,24,0,39 40 42 18,1,70,,30471,24,0,39 40 42 18,1,30,,30462,24,0,39 40 42 18,1,69,,30464,24,0,39 40 42 18,1,30,,30483,24,0,39 40 42 18,1,70,,30479,24,0,39 40 42 18,1,30,,30457,24,0,39 40 42 18,1,70,,30474,24,0,39 40 42 18,1,30,,30476,24,0,39 40 42 18,1,70,,30461,24,0,39 40 42 18,1,30,,30480,24,0,39 40 42 18,1,70,,25907,24,0,39 40 42 18,1,100,,30460,24,0,39 40 42 18,1,100,,30473,24,0,39 40 42 18,1,100,,30459,24,0,39 40 42 18,1,100,,30472,24,0,39 40 42 18,1,100,,25776,24,0,39 40 42 18,1
40400,'3',1825,,30485,24,0,39 40 42 18,1,100,,30484,24,0,39 40 42 18,1,100,,30487,24,0,39 40 42 18,1,100,,9260,24,0,39 40 42 18,1,100,,30486,24,0,39 40 42 18,1,100,,23116,24,0,39 40 42 18,1
40400,'8',925,,30496,24,0,39 40 42 18,1,101,,30501,24,0,39 40 42 18,1,30,,30494,24,0,39 40 42 18,1,70,,30489,24,0,39 40 42 18,1,30,,30505,24,0,39 40 42 18,1,70,,30500,24,0,39 40 42 18,1,30,,30497,24,0,39 40 42 18,1,70,,30490,24,0,39 40 42 18,1,30,,30492,24,0,39 40 42 18,1,69,,30498,24,0,39 40 42 18,1,30,,30502,24,0,39 40 42 18,1,70,,30503,24,0,39 40 42 18,1,30,,30488,24,0,39 40 42 18,1,70,,30499,24,0,39 40 42 18,1,30,,30504,24,0,39 40 42 18,1,70,,30495,24,0,39 40 42 18,1,30,,30491,24,0,39 40 42 18,1,70,,25168,24,0,39 40 42 18,1,100,,30493,24,0,39 40 42 18,1
41800,'1',634,,32076,42,0,45 46 18,1,70,,32081,42,0,45 46 18,1,31,,32089,42,0,45 46 18,1,70,,23803,42,0,45 46 18,1,30,,32086,42,0,45 46 18,1,70,,32100,42,0,45 46 18,1,30,,25654,42,0,45 46 18,1,70,,32099,42,0,45 46 18,1,31,,32092,42,0,45 46 18,1,70,,32091,42,0,45 46 18,1,30,,27188,42,0,45 46 18,1,70,,32082,42,0,45 46 18,1,30,,32083,42,0,45 46 18,1,70,,32094,42,0,45 46 18,1,30,,32084,42,0,45 46 18,1,70,,32087,42,0,45 46 18,1,30,,32095,42,0,45 46 18,1,70,,32077,42,0,45 46 18,1,30,,32085,42,0,45 46 18,1,70,,32088,42,0,45 46 18,1,30,,32079,42,0,45 46 18,1,70,,32098,42,0,45 46 18,1,30,,32080,42,0,45 46 18,1,70,,32090,42,0,45 46 18,1,100,,32097,42,0,45 46 18,1,100,,32093,42,0,45 46 18,1,100,,32078,42,0,45 46 18,1,100,,32101,42,0,45 46 18,1,100,,24439,42,0,45 46 18,1,100,,32096,42,0,45 46 18,1
41800,'11',1906,,32102,42,0,45 46 18,1,100,,32106,42,0,45 46 18,1,100,,32105,42,0,45 46 18,1,100,,32103,42,0,45 46 18,1,100,,32107,42,0,45 46 18,1,100,,32104,42,0,45 46 18,1
41800,'12',1106,,25355,42,0,45 46 18,1,100,,32110,42,0,45 46 18,1,100,,32109,42,0,45 46 18,1,100,,32111,42,0,45 46 18,1,100,,32114,42,0,45 46 18,1,100,,32108,42,0,45 46 18,1,100,,32113,42,0,45 46 18,1,100,,32112,42,0,45 46 18,1
41800,'14',634,,32115,42,0,45 46 18,1,70,,32121,42,0,45 46 18,1,31,,32130,42,0,45 46 18,1,70,,32135,42,0,45 46 18,1,30,,32127,42,0,45 46 18,1,70,,32141,42,0,45 46 18,1,30,,32136,42,0,45 46 18,1,70,,32140,42,0,45 46 18,1,31,,32133,42,0,45 46 18,1,70,,32132,42,0,45 46 18,1,30,,32124,42,0,45 46 18,1,70,,32122,42,0,45 46 18,1,30,,32123,42,0,45 46 18,1,70,,32134,42,0,45 46 18,1,30,,32125,42,0,45 46 18,1,70,,32128,42,0,45 46 18,1,30,,26713,42,0,45 46 18,1,70,,32116,42,0,45 46 18,1,30,,32126,42,0,45 46 18,1,70,,32129,42,0,45 46 18,1,30,,32118,42,0,45 46 18,1,70,,32139,42,0,45 46 18,1,30,,32119,42,0,45 46 18,1,70,,32131,42,0,45 46 18,1,100,,32138,42,0,45 46 18,1,100,,25392,42,0,45 46 18,1,100,,32117,42,0,45 46 18,1,100,,32142,42,0,45 46 18,1,100,,32120,42,0,45 46 18,1,100,,32137,42,0,45 46 18,1
41800,'3',1906,,32143,42,0,45 46 18,1,100,,32147,42,0,45 46 18,1,100,,32146,42,0,45 46 18,1,100,,32144,42,0,45 46 18,1,100,,32148,42,0,45 46 18,1,100,,32145,42,0,45 46 18,1
41800,'8',1005,,32155,42,0,45 46 18,1,31,,32152,42,0,45 46 18,1,70,,32156,42,0,45 46 18,1,30,,32162,42,0,45 46 18,1,70,,32149,42,0,45 46 18,1,100,,32154,42,0,45 46 18,1,30,,32150,42,0,45 46 18,1,70,,32164,42,0,45 46 18,1,100,,32151,42,0,45 46 18,1,30,,32159,42,0,45 46 18,1,70,,32160,42,0,45 46 18,1,30,,32158,42,0,45 46 18,1,70,,32157,42,0,45 46 18,1,30,,32161,42,0,45 46 18,1,70,,32163,42,0,45 46 18,1,100,,32153,42,0,45 46 18,1,100,,32165,42,0,45 46 18,1
