30300,'12',616,,33330,5,,,1,30,,33318,5,,,1,70,,33328,5,,,1,30,,33308,5,,,1,70,,33307,5,,,1,30,,33315,5,,,1,70,,33314,5,,,1,30,,33312,5,,,1,70,,33325,5,,,1,30,,33323,5,,,1,70,,33310,5,,,1,30,,33313,5,,,1,70,,33316,5,,,1,30,,33327,5,,,1,70,,33326,5,,,1,30,,33319,5,,,1,70,,33309,5,,,1,30,,33320,5,,,1,70,,33317,5,,,1,30,,33321,5,,,1,70,,33322,5,,,1,30,,33324,5,,,1,70,,33311,5,,,1,30,,33329,5,,,1
30300,'13',616,,33352,5,,,1,30,,33341,5,,,1,70,,33350,5,,,1,30,,33332,5,,,1,70,,33331,5,,,1,30,,33338,5,,,1,70,,28898,5,,,1,30,,33336,5,,,1,70,,33347,5,,,1,30,,33345,5,,,1,70,,33334,5,,,1,30,,33337,5,,,1,70,,33339,5,,,1,30,,33349,5,,,1,70,,33348,5,,,1,30,,33342,5,,,1,70,,33333,5,,,1,30,,27436,5,,,1,70,,33340,5,,,1,30,,33343,5,,,1,70,,33344,5,,,1,30,,33346,5,,,1,70,,33335,5,,,1,30,,33351,5,,,1
30300,'3',616,,33374,5,,,1,30,,33363,5,,,1,70,,33372,5,,,1,30,,33354,5,,,1,70,,33353,5,,,1,30,,33360,5,,,1,70,,28922,5,,,1,30,,33358,5,,,1,70,,33369,5,,,1,30,,33367,5,,,1,70,,33356,5,,,1,30,,33359,5,,,1,70,,33361,5,,,1,30,,33371,5,,,1,70,,33370,5,,,1,30,,33364,5,,,1,70,,33355,5,,,1,30,,27485,5,,,1,70,,33362,5,,,1,30,,33365,5,,,1,70,,33366,5,,,1,30,,33368,5,,,1,70,,33357,5,,,1,30,,33373,5,,,1
30300,'6',616,,33398,5,,,1,30,,33386,5,,,1,70,,33396,5,,,1,30,,33376,5,,,1,70,,33375,5,,,1,30,,33383,5,,,1,70,,33382,5,,,1,30,,33380,5,,,1,70,,33393,5,,,1,30,,33391,5,,,1,70,,33378,5,,,1,30,,33381,5,,,1,70,,33384,5,,,1,30,,33395,5,,,1,70,,33394,5,,,1,30,,33387,5,,,1,70,,33377,5,,,1,30,,33388,5,,,1,70,,33385,5,,,1,30,,33389,5,,,1,70,,33390,5,,,1,30,,33392,5,,,1,70,,33379,5,,,1,30,,33397,5,,,1
31500,'12',631,,35245,5,,,1,70,,35250,5,,,1,30,,35249,5,,,1,70,,35263,5,,,1,30,,35266,5,,,1,70,,35246,5,,,1,30,,35261,5,,,1,70,,35254,5,,,1,30,,35253,5,,,1,70,,35248,5,,,1,30,,35267,5,,,1,70,,35264,5,,,1,30,,35258,5,,,1,70,,35247,5,,,1,30,,35256,5,,,1,70,,35255,5,,,1,30,,35262,5,,,1,70,,35259,5,,,1,30,,35265,5,,,1,70,,35252,5,,,1,30,,35251,5,,,1,70,,35257,5,,,1,30,,35260,5,,,1,70,,35268,5,,,1
31500,'13',631,,35269,5,,,1,70,,35274,5,,,1,30,,35273,5,,,1,70,,35286,5,,,1,30,,35289,5,,,1,70,,35270,5,,,1,30,,35285,5,,,1,70,,35278,5,,,1,30,,35277,5,,,1,70,,35272,5,,,1,30,,29184,5,,,1,70,,35287,5,,,1,30,,35282,5,,,1,70,,35271,5,,,1,30,,35280,5,,,1,70,,35279,5,,,1,30,,28817,5,,,1,70,,35283,5,,,1,30,,35288,5,,,1,70,,35276,5,,,1,30,,35275,5,,,1,70,,35281,5,,,1,30,,35284,5,,,1,70,,35290,5,,,1
31500,'3',631,,35291,5,,,1,70,,35296,5,,,1,30,,35295,5,,,1,70,,35308,5,,,1,30,,35311,5,,,1,70,,35292,5,,,1,30,,35307,5,,,1,70,,35300,5,,,1,30,,35299,5,,,1,70,,35294,5,,,1,30,,29195,5,,,1,70,,35309,5,,,1,30,,35304,5,,,1,70,,35293,5,,,1,30,,35302,5,,,1,70,,35301,5,,,1,30,,28840,5,,,1,70,,35305,5,,,1,30,,35310,5,,,1,70,,35298,5,,,1,30,,35297,5,,,1,70,,35303,5,,,1,30,,35306,5,,,1,70,,35312,5,,,1
31500,'6',631,,35313,5,,,1,70,,35318,5,,,1,30,,35317,5,,,1,70,,35331,5,,,1,30,,35334,5,,,1,70,,35314,5,,,1,30,,35329,5,,,1,70,,35322,5,,,1,30,,35321,5,,,1,70,,35316,5,,,1,30,,35335,5,,,1,70,,35332,5,,,1,30,,35326,5,,,1,70,,35315,5,,,1,30,,35324,5,,,1,70,,35323,5,,,1,30,,35330,5,,,1,70,,35327,5,,,1,30,,35333,5,,,1,70,,35320,5,,,1,30,,35319,5,,,1,70,,35325,5,,,1,30,,35328,5,,,1,70,,35336,5,,,1
41500,'1',646,,40162,5,0,20 14 21 18,1,70,,40152,5,0,20 14 21 18,1,30,,40169,5,0,20 14 21 18,1,70,,40153,5,0,20 14 21 18,1,30,,40164,5,0,20 14 21 18,1,70,,40148,5,0,20 14 21 18,1,30,,40151,5,0,20 14 21 18,1,70,,40147,5,0,20 14 21 18,1,30,,22327,5,0,20 14 21 18,1,70,,40167,5,0,20 14 21 18,1,30,,40159,5,0,20 14 21 18,1,70,,40171,5,0,20 14 21 18,1,30,,40170,5,0,20 14 21 18,1,70,,40163,5,0,20 14 21 18,1,30,,40156,5,0,20 14 21 18,1,70,,40149,5,0,20 14 21 18,1,30,,40165,5,0,20 14 21 18,1,70,,24701,5,0,20 14 21 18,1,30,,40168,5,0,20 14 21 18,1,70,,40154,5,0,20 14 21 18,1,30,,40172,5,0,20 14 21 18,1,70,,40166,5,0,20 14 21 18,1,30,,40155,5,0,20 14 21 18,1,70,,40150,5,0,20 14 21 18,1,100,,40160,5,0,20 14 21 18,1,100,,40158,5,0,20 14 21 18,1,100,,40161,5,0,20 14 21 18,1,100,,40173,5,0,20 14 21 18,1,100,,40157,5,0,20 14 21 18,1
41500,'11',646,,40190,5,0,20 14 21 18,1,70,,40179,5,0,20 14 21 18,1,30,,40197,5,0,20 14 21 18,1,70,,40180,5,0,20 14 21 18,1,30,,40192,5,0,20 14 21 18,1,70,,40175,5,0,20 14 21 18,1,30,,40178,5,0,20 14 21 18,1,70,,40174,5,0,20 14 21 18,1,30,,40185,5,0,20 14 21 18,1,70,,40195,5,0,20 14 21 18,1,30,,40187,5,0,20 14 21 18,1,70,,40200,5,0,20 14 21 18,1,30,,40198,5,0,20 14 21 18,1,70,,40191,5,0,20 14 21 18,1,30,,40183,5,0,20 14 21 18,1,70,,40176,5,0,20 14 21 18,1,30,,40193,5,0,20 14 21 18,1,70,,40199,5,0,20 14 21 18,1,30,,40196,5,0,20 14 21 18,1,70,,40181,5,0,20 14 21 18,1,30,,40201,5,0,20 14 21 18,1,70,,40194,5,0,20 14 21 18,1,30,,40182,5,0,20 14 21 18,1,70,,40177,5,0,20 14 21 18,1,100,,40188,5,0,20 14 21 18,1,100,,40186,5,0,20 14 21 18,1,100,,40189,5,0,20 14 21 18,1,100,,40202,5,0,20 14 21 18,1,100,,40184,5,0,20 14 21 18,1
41500,'12',1816,,40204,5,0,20 14 21 18,1,100,,40207,5,0,20 14 21 18,1,100,,40203,5,0,20 14 21 18,1,100,,40208,5,0,20 14 21 18,1,100,,40205,5,0,20 14 21 18,1,100,,40206,5,0,20 14 21 18,1
41500,'13',1816,,40210,5,0,20 14 21 18,1,100,,27351,5,0,20 14 21 18,1,100,,40209,5,0,20 14 21 18,1,100,,40213,5,0,20 14 21 18,1,100,,40211,5,0,20 14 21 18,1,100,,40212,5,0,20 14 21 18,1
41500,'14',1116,,40214,5,0,20 14 21 18,1,100,,40216,5,0,20 14 21 18,1,100,,40217,5,0,20 14 21 18,1,100,,40218,5,0,20 14 21 18,1,100,,40220,5,0,20 14 21 18,1,100,,40219,5,0,20 14 21 18,1,100,,40215,5,0,20 14 21 18,1
41500,'16',646,,40236,5,0,20 14 21 18,1,70,,40226,5,0,20 14 21 18,1,30,,40243,5,0,20 14 21 18,1,70,,40227,5,0,20 14 21 18,1,30,,40238,5,0,20 14 21 18,1,70,,40222,5,0,20 14 21 18,1,30,,40225,5,0,20 14 21 18,1,70,,40221,5,0,20 14 21 18,1,30,,30900,5,0,20 14 21 18,1,70,,40241,5,0,20 14 21 18,1,30,,40233,5,0,20 14 21 18,1,70,,40245,5,0,20 14 21 18,1,30,,40244,5,0,20 14 21 18,1,70,,40237,5,0,20 14 21 18,1,30,,40230,5,0,20 14 21 18,1,70,,40223,5,0,20 14 21 18,1,30,,40239,5,0,20 14 21 18,1,70,,31219,5,0,20 14 21 18,1,30,,40242,5,0,20 14 21 18,1,70,,40228,5,0,20 14 21 18,1,30,,40246,5,0,20 14 21 18,1,70,,40240,5,0,20 14 21 18,1,30,,40229,5,0,20 14 21 18,1,70,,40224,5,0,20 14 21 18,1,100,,40234,5,0,20 14 21 18,1,100,,40232,5,0,20 14 21 18,1,100,,40235,5,0,20 14 21 18,1,100,,40247,5,0,20 14 21 18,1,100,,40231,5,0,20 14 21 18,1
41500,'3',1816,,40249,5,0,20 14 21 18,1,100,,27389,5,0,20 14 21 18,1,100,,40248,5,0,20 14 21 18,1,100,,40252,5,0,20 14 21 18,1,100,,40250,5,0,20 14 21 18,1,100,,40251,5,0,20 14 21 18,1
41500,'6',1816,,40254,5,0,20 14 21 18,1,100,,40257,5,0,20 14 21 18,1,100,,40253,5,0,20 14 21 18,1,100,,40258,5,0,20 14 21 18,1,100,,40255,5,0,20 14 21 18,1,100,,40256,5,0,20 14 21 18,1
41500,'8',916,,40260,5,0,20 14 21 18,1,100,,40273,5,0,20 14 21 18,1,30,,40275,5,0,20 14 21 18,1,70,,40261,5,0,20 14 21 18,1,30,,40269,5,0,20 14 21 18,1,70,,40274,5,0,20 14 21 18,1,30,,40262,5,0,20 14 21 18,1,70,,40263,5,0,20 14 21 18,1,30,,40276,5,0,20 14 21 18,1,70,,40268,5,0,20 14 21 18,1,30,,40264,5,0,20 14 21 18,1,70,,40277,5,0,20 14 21 18,1,30,,40271,5,0,20 14 21 18,1,70,,40266,5,0,20 14 21 18,1,30,,40259,5,0,20 14 21 18,1,70,,40265,5,0,20 14 21 18,1,30,,40270,5,0,20 14 21 18,1,70,,40267,5,0,20 14 21 18,1,100,,40272,5,0,20 14 21 18,1
