30700,'15',638,,15087,0,65 14,1,70,,15088,0,65 14,1,30,,15098,0,65 14,1,70,,15089,0,65 14,1,30,,15094,0,65 14,1,70,,15102,0,65 14,1,30,,15083,0,65 14,1,70,,15097,0,65 14,1,30,,15101,0,65 14,1,70,,15104,0,65 14,1,30,,15090,0,65 14,1,70,,15105,0,65 14,1,30,,15086,0,65 14,1,70,,15093,0,65 14,1,30,,15099,0,65 14,1,70,,15100,0,65 14,1,30,,15103,0,65 14,1,70,,15084,0,65 14,1,30,,15091,0,65 14,1,70,,15095,0,65 14,1,30,,15092,0,65 14,1,70,,15085,0,65 14,1,30,,15096,0,65 14,1
30700,'16',638,,7251,0,65 14,1,70,,15110,0,65 14,1,30,,15119,0,65 14,1,70,,15111,0,65 14,1,30,,15116,0,65 14,1,70,,15123,0,65 14,1,30,,15106,0,65 14,1,70,,10366,0,65 14,1,30,,15122,0,65 14,1,70,,15125,0,65 14,1,30,,15112,0,65 14,1,70,,15126,0,65 14,1,30,,15109,0,65 14,1,70,,15115,0,65 14,1,30,,15120,0,65 14,1,70,,15121,0,65 14,1,30,,15124,0,65 14,1,70,,15107,0,65 14,1,30,,15113,0,65 14,1,70,,15117,0,65 14,1,30,,15114,0,65 14,1,70,,15108,0,65 14,1,30,,15118,0,65 14,1
30700,'17',638,,7277,0,65 14,1,70,,15131,0,65 14,1,30,,9384,0,65 14,1,70,,15132,0,65 14,1,30,,15136,0,65 14,1,70,,15142,0,65 14,1,30,,15127,0,65 14,1,70,,1052,0,65 14,1,30,,15141,0,65 14,1,70,,15144,0,65 14,1,30,,15133,0,65 14,1,70,,15145,0,65 14,1,30,,15130,0,65 14,1,70,,15135,0,65 14,1,30,,15139,0,65 14,1,70,,15140,0,65 14,1,30,,15143,0,65 14,1,70,,15128,0,65 14,1,30,,1665,0,65 14,1,70,,15137,0,65 14,1,30,,15134,0,65 14,1,70,,15129,0,65 14,1,30,,15138,0,65 14,1
30700,'19',638,,15150,0,65 14,1,70,,15151,0,65 14,1,30,,15161,0,65 14,1,70,,15152,0,65 14,1,30,,15157,0,65 14,1,70,,15165,0,65 14,1,30,,15146,0,65 14,1,70,,15160,0,65 14,1,30,,15164,0,65 14,1,70,,15167,0,65 14,1,30,,15153,0,65 14,1,70,,15168,0,65 14,1,30,,15149,0,65 14,1,70,,15156,0,65 14,1,30,,15162,0,65 14,1,70,,15163,0,65 14,1,30,,15166,0,65 14,1,70,,15147,0,65 14,1,30,,15154,0,65 14,1,70,,15158,0,65 14,1,30,,15155,0,65 14,1,70,,15148,0,65 14,1,30,,15159,0,65 14,1
30700,'5',638,,7300,0,65 14,1,70,,15173,0,65 14,1,30,,15182,0,65 14,1,70,,15174,0,65 14,1,30,,15179,0,65 14,1,70,,15186,0,65 14,1,30,,15169,0,65 14,1,70,,1026,0,65 14,1,30,,15185,0,65 14,1,70,,15188,0,65 14,1,30,,15175,0,65 14,1,70,,15189,0,65 14,1,30,,15172,0,65 14,1,70,,15178,0,65 14,1,30,,15183,0,65 14,1,70,,15184,0,65 14,1,30,,15187,0,65 14,1,70,,15170,0,65 14,1,30,,15176,0,65 14,1,70,,15180,0,65 14,1,30,,15177,0,65 14,1,70,,15171,0,65 14,1,30,,15181,0,65 14,1
30700,'6',638,,15194,0,65 14,1,70,,15195,0,65 14,1,30,,15205,0,65 14,1,70,,15196,0,65 14,1,30,,15201,0,65 14,1,70,,15209,0,65 14,1,30,,15190,0,65 14,1,70,,15204,0,65 14,1,30,,15208,0,65 14,1,70,,15211,0,65 14,1,30,,15197,0,65 14,1,70,,15212,0,65 14,1,30,,15193,0,65 14,1,70,,15200,0,65 14,1,30,,15206,0,65 14,1,70,,15207,0,65 14,1,30,,15210,0,65 14,1,70,,15191,0,65 14,1,30,,15198,0,65 14,1,70,,15202,0,65 14,1,30,,15199,0,65 14,1,70,,15192,0,65 14,1,30,,15203,0,65 14,1
31401,'15',651,,16766,0,66 14,1,80,,16764,0,66 14,1,80,,16776,0,66 14,1,40,,16762,0,66 14,1,80,,16760,0,66 14,1,80,,16769,0,66 14,1,41,,16763,0,66 14,1,80,,16775,0,66 14,1,80,,16773,0,66 14,1,40,,16770,0,66 14,1,80,,16774,0,66 14,1,80,,16767,0,66 14,1,41,,16771,0,66 14,1,80,,16765,0,66 14,1,80,,16768,0,66 14,1,40,,16761,0,66 14,1,80,,16777,0,66 14,1,80,,16772,0,66 14,1
31401,'16',651,,16781,0,66 14,1,80,,6291,0,66 14,1,80,,16788,0,66 14,1,40,,7605,0,66 14,1,80,,16778,0,66 14,1,80,,10365,0,66 14,1,41,,16779,0,66 14,1,80,,16787,0,66 14,1,80,,16786,0,66 14,1,40,,16783,0,66 14,1,80,,6398,0,66 14,1,80,,16782,0,66 14,1,41,,16784,0,66 14,1,80,,16780,0,66 14,1,80,,5799,0,66 14,1,40,,5459,0,66 14,1,80,,16789,0,66 14,1,80,,16785,0,66 14,1
31401,'17',651,,16793,0,66 14,1,80,,846,0,66 14,1,80,,16798,0,66 14,1,40,,7628,0,66 14,1,80,,16790,0,66 14,1,80,,10409,0,66 14,1,41,,16791,0,66 14,1,80,,16797,0,66 14,1,80,,16796,0,66 14,1,40,,9834,0,66 14,1,80,,6420,0,66 14,1,80,,16794,0,66 14,1,41,,189,0,66 14,1,80,,16792,0,66 14,1,80,,5817,0,66 14,1,40,,51,0,66 14,1,80,,16799,0,66 14,1,80,,16795,0,66 14,1
31401,'19',651,,16806,0,66 14,1,80,,16804,0,66 14,1,80,,16816,0,66 14,1,40,,16802,0,66 14,1,80,,16800,0,66 14,1,80,,16809,0,66 14,1,41,,16803,0,66 14,1,80,,16815,0,66 14,1,80,,16813,0,66 14,1,40,,16810,0,66 14,1,80,,16814,0,66 14,1,80,,16807,0,66 14,1,41,,16811,0,66 14,1,80,,16805,0,66 14,1,80,,16808,0,66 14,1,40,,16801,0,66 14,1,80,,16817,0,66 14,1,80,,16812,0,66 14,1
31401,'5',651,,16820,0,66 14,1,80,,823,0,66 14,1,80,,16827,0,66 14,1,40,,7646,0,66 14,1,80,,16818,0,66 14,1,80,,10516,0,66 14,1,41,,16819,0,66 14,1,80,,16826,0,66 14,1,80,,16825,0,66 14,1,40,,16822,0,66 14,1,80,,6440,0,66 14,1,80,,16821,0,66 14,1,41,,16823,0,66 14,1,80,,9338,0,66 14,1,80,,5832,0,66 14,1,40,,4,0,66 14,1,80,,16828,0,66 14,1,80,,16824,0,66 14,1
31401,'6',651,,16835,0,66 14,1,80,,16833,0,66 14,1,80,,16845,0,66 14,1,40,,16831,0,66 14,1,80,,16829,0,66 14,1,80,,16838,0,66 14,1,41,,16832,0,66 14,1,80,,16844,0,66 14,1,80,,16842,0,66 14,1,40,,16839,0,66 14,1,80,,16843,0,66 14,1,80,,16836,0,66 14,1,41,,16840,0,66 14,1,80,,16834,0,66 14,1,80,,16837,0,66 14,1,40,,16830,0,66 14,1,80,,16846,0,66 14,1,80,,16841,0,66 14,1
41401,'10',650,,23196,0,66 14,1,80,,23194,0,66 14,1,80,,23182,0,66 14,1,40,,23199,0,66 14,1,80,,23198,0,66 14,1,80,,23193,0,66 14,1,41,,23183,0,66 14,1,80,,23195,0,66 14,1,80,,23189,0,66 14,1,40,,23192,0,66 14,1,80,,23188,0,66 14,1,80,,23187,0,66 14,1,41,,23184,0,66 14,1,80,,23190,0,66 14,1,80,,23185,0,66 14,1,40,,23197,0,66 14,1,80,,23191,0,66 14,1,80,,23186,0,66 14,1
41401,'21',650,,23212,0,66 14,1,80,,23210,0,66 14,1,80,,23200,0,66 14,1,40,,23215,0,66 14,1,80,,23214,0,66 14,1,80,,23209,0,66 14,1,41,,23201,0,66 14,1,80,,23211,0,66 14,1,80,,23207,0,66 14,1,40,,10789,0,66 14,1,80,,23206,0,66 14,1,80,,23205,0,66 14,1,41,,23202,0,66 14,1,80,,23208,0,66 14,1,80,,23203,0,66 14,1,40,,23213,0,66 14,1,80,,10206,0,66 14,1,80,,23204,0,66 14,1
