31000,'11',650,,28203,10,0,17 18,1,70,,28194,10,0,17 18,1,30,,28191,10,0,17 18,1,70,,28196,10,0,17 18,1,30,,28189,10,0,17 18,1,70,,28201,10,0,17 18,1,30,,28188,10,0,17 18,1,70,,28204,10,0,17 18,1,30,,28186,10,0,17 18,1,70,,28199,10,0,17 18,1,30,,28193,10,0,17 18,1,70,,28192,10,0,17 18,1,30,,28198,10,0,17 18,1,70,,28200,10,0,17 18,1,30,,22412,10,0,17 18,1,70,,28187,10,0,17 18,1,30,,28202,10,0,17 18,1,70,,28197,10,0,17 18,1,30,,28185,10,0,17 18,1,70,,28190,10,0,17 18,1,30,,28195,10,0,17 18,1,70,,23551,10,0,17 18,1,30,,28205,10,0,17 18,1
31000,'3',650,,28224,10,0,17 18,1,70,,28215,10,0,17 18,1,30,,28212,10,0,17 18,1,70,,28217,10,0,17 18,1,30,,28210,10,0,17 18,1,70,,28222,10,0,17 18,1,30,,28209,10,0,17 18,1,70,,28225,10,0,17 18,1,30,,28207,10,0,17 18,1,70,,28220,10,0,17 18,1,30,,28214,10,0,17 18,1,70,,28213,10,0,17 18,1,30,,28219,10,0,17 18,1,70,,28221,10,0,17 18,1,30,,22434,10,0,17 18,1,70,,28208,10,0,17 18,1,30,,28223,10,0,17 18,1,70,,28218,10,0,17 18,1,30,,28206,10,0,17 18,1,70,,28211,10,0,17 18,1,30,,28216,10,0,17 18,1,70,,23572,10,0,17 18,1,30,,28226,10,0,17 18,1
31600,'11',649,,28606,10,0,19,1,55,,28605,10,0,19,1,15,,28602,10,0,19,1,15,,28620,10,0,19,1,15,,28598,10,0,19,1,55,,24111,10,0,19,1,15,,28617,10,0,19,1,15,,13762,10,0,19,1,15,,28601,10,0,19,1,55,,28588,10,0,19,1,15,,28597,10,0,19,1,15,,28590,10,0,19,1,15,,28625,10,0,19,1,55,,28589,10,0,19,1,15,,28626,10,0,19,1,15,,28595,10,0,19,1,15,,28609,10,0,19,1,55,,28587,10,0,19,1,15,,28607,10,0,19,1,15,,28627,10,0,19,1,15,,28622,10,0,19,1,55,,28628,10,0,19,1,15,,22781,10,0,19,1,15,,28600,10,0,19,1,15,,28608,10,0,19,1,55,,28618,10,0,19,1,15,,28613,10,0,19,1,15,,28594,10,0,19,1,15,,28592,10,0,19,1,56,,23477,10,0,19,1,15,,28623,10,0,19,1,15,,28591,10,0,19,1,15,,28593,10,0,19,1,55,,28610,10,0,19,1,15,,28614,10,0,19,1,15,,28611,10,0,19,1,15,,28604,10,0,19,1,55,,28621,10,0,19,1,15,,28624,10,0,19,1,15,,28616,10,0,19,1,15,,28619,10,0,19,1,55,,28612,10,0,19,1,15,,28603,10,0,19,1,15,,28596,10,0,19,1,15,,28599,10,0,19,1,55,,22723,10,0,19,1,15,,28615,10,0,19,1
31600,'3',649,,28648,10,0,19,1,55,,28647,10,0,19,1,15,,28644,10,0,19,1,15,,28662,10,0,19,1,15,,28640,10,0,19,1,55,,24123,10,0,19,1,15,,28659,10,0,19,1,15,,13810,10,0,19,1,15,,28643,10,0,19,1,55,,28630,10,0,19,1,15,,28639,10,0,19,1,15,,28632,10,0,19,1,15,,28667,10,0,19,1,55,,28631,10,0,19,1,15,,28668,10,0,19,1,15,,28637,10,0,19,1,15,,28651,10,0,19,1,55,,28629,10,0,19,1,15,,28649,10,0,19,1,15,,28669,10,0,19,1,15,,28664,10,0,19,1,55,,28670,10,0,19,1,15,,22802,10,0,19,1,15,,28642,10,0,19,1,15,,28650,10,0,19,1,55,,28660,10,0,19,1,15,,28655,10,0,19,1,15,,28636,10,0,19,1,15,,28634,10,0,19,1,56,,23514,10,0,19,1,15,,28665,10,0,19,1,15,,28633,10,0,19,1,15,,28635,10,0,19,1,55,,28652,10,0,19,1,15,,28656,10,0,19,1,15,,28653,10,0,19,1,15,,28646,10,0,19,1,55,,28663,10,0,19,1,15,,28666,10,0,19,1,15,,28658,10,0,19,1,15,,28661,10,0,19,1,55,,28654,10,0,19,1,15,,28645,10,0,19,1,15,,28638,10,0,19,1,15,,28641,10,0,19,1,55,,22745,10,0,19,1,15,,28657,10,0,19,1
41000,'1',649,,31130,10,,,1,70,,31119,10,,,1,30,,31131,10,,,1,70,,31132,10,,,1,30,,31115,10,,,1,70,,31120,10,,,1,30,,24198,10,,,1,71,,31116,10,,,1,30,,31126,10,,,1,70,,31122,10,,,1,30,,31129,10,,,1,70,,31127,10,,,1,30,,31128,10,,,1,70,,31123,10,,,1,30,,31118,10,,,1,70,,31117,10,,,1,30,,31114,10,,,1,70,,24879,10,,,1,30,,31121,10,,,1,70,,31113,10,,,1,30,,31124,10,,,1,70,,31125,10,,,1,30,,23526,10,,,1
41000,'12',1050,,31135,10,,,1,100,,31138,10,,,1,100,,31133,10,,,1,100,,31136,10,,,1,100,,31137,10,,,1,100,,25514,10,,,1,100,,31134,10,,,1,100,,31139,10,,,1
41000,'14',649,,31155,10,,,1,70,,31146,10,,,1,30,,31156,10,,,1,70,,31157,10,,,1,30,,25098,10,,,1,70,,31147,10,,,1,30,,31142,10,,,1,71,,26631,10,,,1,30,,31151,10,,,1,70,,31148,10,,,1,30,,31154,10,,,1,70,,31152,10,,,1,30,,31153,10,,,1,70,,31149,10,,,1,30,,31145,10,,,1,70,,31144,10,,,1,30,,26840,10,,,1,70,,31140,10,,,1,30,,20047,10,,,1,70,,31141,10,,,1,30,,31150,10,,,1,70,,25240,10,,,1,30,,31143,10,,,1
41000,'8',849,,31176,10,,,1,100,,31160,10,,,1,71,,31174,10,,,1,30,,31170,10,,,1,70,,31163,10,,,1,30,,31164,10,,,1,70,,31171,10,,,1,30,,31173,10,,,1,70,,31159,10,,,1,30,,31162,10,,,1,70,,31172,10,,,1,30,,31166,10,,,1,70,,31177,10,,,1,30,,31175,10,,,1,70,,31168,10,,,1,30,,31158,10,,,1,70,,31165,10,,,1,30,,31167,10,,,1,100,,31169,10,,,1,99,,31161,10,,,1
41600,'1',719,,31669,10,0,19,1,30,,31674,10,0,19,1,70,,31678,10,0,19,1,30,,31668,10,0,19,1,70,,31671,10,0,19,1,30,,31693,10,0,19,1,70,,31667,10,0,19,1,30,,31685,10,0,19,1,70,,31679,10,0,19,1,30,,31694,10,0,19,1,70,,31687,10,0,19,1,30,,22957,10,0,19,1,70,,31676,10,0,19,1,30,,31675,10,0,19,1,70,,31692,10,0,19,1,30,,31682,10,0,19,1,70,,31688,10,0,19,1,30,,31677,10,0,19,1,70,,23655,10,0,19,1,30,,31670,10,0,19,1,70,,31683,10,0,19,1,30,,31673,10,0,19,1,70,,31689,10,0,19,1,30,,31691,10,0,19,1,70,,31696,10,0,19,1,30,,31695,10,0,19,1,70,,31686,10,0,19,1,30,,31666,10,0,19,1,70,,31684,10,0,19,1,30,,31680,10,0,19,1,70,,31672,10,0,19,1,30,,31690,10,0,19,1,70,,31681,10,0,19,1
41600,'11',1849,,31701,10,0,19,1,70,,31703,10,0,19,1,30,,31700,10,0,19,1,70,,31699,10,0,19,1,30,,23203,10,0,19,1,70,,31698,10,0,19,1,30,,31705,10,0,19,1,70,,31697,10,0,19,1,30,,31704,10,0,19,1,70,,31702,10,0,19,1
41600,'12',1049,,31715,10,0,19,1,70,,31710,10,0,19,1,30,,31713,10,0,19,1,70,,31708,10,0,19,1,30,,31717,10,0,19,1,70,,31716,10,0,19,1,30,,31718,10,0,19,1,70,,31714,10,0,19,1,30,,31711,10,0,19,1,70,,31707,10,0,19,1,30,,31709,10,0,19,1,70,,31719,10,0,19,1,30,,31712,10,0,19,1,70,,31720,10,0,19,1,30,,31706,10,0,19,1
41600,'14',719,,31724,10,0,19,1,30,,31731,10,0,19,1,70,,31735,10,0,19,1,30,,31723,10,0,19,1,70,,31727,10,0,19,1,30,,31748,10,0,19,1,70,,31722,10,0,19,1,30,,31741,10,0,19,1,70,,31736,10,0,19,1,30,,31749,10,0,19,1,70,,31743,10,0,19,1,30,,31725,10,0,19,1,70,,31733,10,0,19,1,30,,31732,10,0,19,1,70,,31747,10,0,19,1,30,,31738,10,0,19,1,70,,31744,10,0,19,1,30,,31734,10,0,19,1,70,,31730,10,0,19,1,30,,31726,10,0,19,1,70,,31739,10,0,19,1,30,,31729,10,0,19,1,70,,31745,10,0,19,1,30,,31746,10,0,19,1,70,,31751,10,0,19,1,30,,31750,10,0,19,1,70,,31742,10,0,19,1,30,,31721,10,0,19,1,70,,31740,10,0,19,1,30,,31737,10,0,19,1,70,,31728,10,0,19,1,30,,5913,10,0,19,1,70,,7358,10,0,19,1
41600,'3',1849,,31756,10,0,19,1,70,,31758,10,0,19,1,30,,31755,10,0,19,1,70,,31754,10,0,19,1,30,,23218,10,0,19,1,70,,31753,10,0,19,1,30,,31760,10,0,19,1,70,,31752,10,0,19,1,30,,31759,10,0,19,1,70,,31757,10,0,19,1
41600,'8',849,,31779,10,0,19,1,70,,31772,10,0,19,1,30,,25999,10,0,19,1,70,,31778,10,0,19,1,30,,31782,10,0,19,1,70,,31767,10,0,19,1,30,,31768,10,0,19,1,70,,31780,10,0,19,1,30,,31777,10,0,19,1,70,,31781,10,0,19,1,30,,31762,10,0,19,1,70,,31773,10,0,19,1,30,,31770,10,0,19,1,70,,31771,10,0,19,1,30,,31765,10,0,19,1,70,,31769,10,0,19,1,30,,31776,10,0,19,1,70,,31764,10,0,19,1,30,,31763,10,0,19,1,70,,31774,10,0,19,1,30,,31775,10,0,19,1,70,,31766,10,0,19,1,30,,31761,10,0,19,1
