30100,'15',617,,8846,34,0,5 6,1,30,,8861,34,0,5 6,1,70,,8850,34,0,5 6,1,30,,8836,34,0,5 6,1,70,,8845,34,0,5 6,1,30,,8839,34,0,5 6,1,70,,8827,34,0,5 6,1,30,,8841,34,0,5 6,1,70,,8849,34,0,5 6,1,30,,8834,34,0,5 6,1,70,,8853,34,0,5 6,1,30,,8857,34,0,5 6,1,70,,8828,34,0,5 6,1,30,,8843,34,0,5 6,1,70,,8871,34,0,5 6,1,30,,8831,34,0,5 6,1,70,,8851,34,0,5 6,1,30,,8838,34,0,5 6,1,70,,8837,34,0,5 6,1,30,,8854,34,0,5 6,1,70,,8855,34,0,5 6,1,30,,8858,34,0,5 6,1,70,,8840,34,0,5 6,1,30,,8829,34,0,5 6,1
30100,'16',617,,2451,34,0,5 6,1,30,,8895,34,0,5 6,1,70,,8887,34,0,5 6,1,30,,8879,34,0,5 6,1,70,,8885,34,0,5 6,1,30,,8881,34,0,5 6,1,70,,8873,34,0,5 6,1,30,,8883,34,0,5 6,1,70,,1097,34,0,5 6,1,30,,6860,34,0,5 6,1,70,,8890,34,0,5 6,1,30,,8893,34,0,5 6,1,70,,5228,34,0,5 6,1,30,,2909,34,0,5 6,1,70,,8905,34,0,5 6,1,30,,8875,34,0,5 6,1,70,,8888,34,0,5 6,1,30,,2345,34,0,5 6,1,70,,8880,34,0,5 6,1,30,,8891,34,0,5 6,1,70,,8892,34,0,5 6,1,30,,1201,34,0,5 6,1,70,,8882,34,0,5 6,1,30,,4441,34,0,5 6,1
30100,'17',617,,2474,34,0,5 6,1,30,,8928,34,0,5 6,1,70,,8920,34,0,5 6,1,30,,8912,34,0,5 6,1,70,,8918,34,0,5 6,1,30,,8914,34,0,5 6,1,70,,8907,34,0,5 6,1,30,,8916,34,0,5 6,1,70,,1122,34,0,5 6,1,30,,6865,34,0,5 6,1,70,,8923,34,0,5 6,1,30,,8926,34,0,5 6,1,70,,5278,34,0,5 6,1,30,,2975,34,0,5 6,1,70,,8938,34,0,5 6,1,30,,8908,34,0,5 6,1,70,,8921,34,0,5 6,1,30,,2371,34,0,5 6,1,70,,8913,34,0,5 6,1,30,,8924,34,0,5 6,1,70,,8925,34,0,5 6,1,30,,1225,34,0,5 6,1,70,,8915,34,0,5 6,1,30,,4451,34,0,5 6,1
30100,'19',617,,8959,34,0,5 6,1,30,,8974,34,0,5 6,1,70,,8963,34,0,5 6,1,30,,8950,34,0,5 6,1,70,,5651,34,0,5 6,1,30,,8953,34,0,5 6,1,70,,8941,34,0,5 6,1,30,,8955,34,0,5 6,1,70,,8962,34,0,5 6,1,30,,8948,34,0,5 6,1,70,,8966,34,0,5 6,1,30,,8970,34,0,5 6,1,70,,8942,34,0,5 6,1,30,,8957,34,0,5 6,1,70,,8983,34,0,5 6,1,30,,8945,34,0,5 6,1,70,,8964,34,0,5 6,1,30,,8952,34,0,5 6,1,70,,8951,34,0,5 6,1,30,,8967,34,0,5 6,1,70,,8968,34,0,5 6,1,30,,8971,34,0,5 6,1,70,,8954,34,0,5 6,1,30,,8943,34,0,5 6,1
30100,'5',617,,2497,34,0,5 6,1,30,,9004,34,0,5 6,1,70,,8997,34,0,5 6,1,30,,4998,34,0,5 6,1,70,,8995,34,0,5 6,1,30,,8991,34,0,5 6,1,70,,8985,34,0,5 6,1,30,,8993,34,0,5 6,1,70,,1147,34,0,5 6,1,30,,6907,34,0,5 6,1,70,,9000,34,0,5 6,1,30,,9002,34,0,5 6,1,70,,5408,34,0,5 6,1,30,,3043,34,0,5 6,1,70,,9014,34,0,5 6,1,30,,8986,34,0,5 6,1,70,,8998,34,0,5 6,1,30,,2396,34,0,5 6,1,70,,8990,34,0,5 6,1,30,,4214,34,0,5 6,1,70,,9001,34,0,5 6,1,30,,1249,34,0,5 6,1,70,,8992,34,0,5 6,1,30,,4474,34,0,5 6,1
30100,'6',617,,9036,34,0,5 6,1,30,,9051,34,0,5 6,1,70,,9040,34,0,5 6,1,30,,9026,34,0,5 6,1,70,,9035,34,0,5 6,1,30,,9029,34,0,5 6,1,70,,9017,34,0,5 6,1,30,,9031,34,0,5 6,1,70,,9039,34,0,5 6,1,30,,9024,34,0,5 6,1,70,,9043,34,0,5 6,1,30,,9047,34,0,5 6,1,70,,9018,34,0,5 6,1,30,,9033,34,0,5 6,1,70,,9061,34,0,5 6,1,30,,9021,34,0,5 6,1,70,,9041,34,0,5 6,1,30,,9028,34,0,5 6,1,70,,9027,34,0,5 6,1,30,,9044,34,0,5 6,1,70,,9045,34,0,5 6,1,30,,9048,34,0,5 6,1,70,,9030,34,0,5 6,1,30,,9019,34,0,5 6,1
40100,'1',1111,,16776,34,0,8,1,100,,16774,34,0,8,1,100,,219,34,0,8,1,100,,16770,34,0,8,1,100,,16769,34,0,8,1,100,,16772,34,0,8,1,100,,16775,34,0,8,1,100,,16771,34,0,8,1
40100,'10',641,,16792,34,0,8,1,70,,16826,34,0,8,1,30,,16808,34,0,8,1,70,,16820,34,0,8,1,30,,16811,34,0,8,1,70,,16818,34,0,8,1,30,,16803,34,0,8,1,70,,16819,34,0,8,1,30,,16828,34,0,8,1,70,,16832,34,0,8,1,30,,16804,34,0,8,1,70,,16790,34,0,8,1,30,,16807,34,0,8,1,70,,16784,34,0,8,1,30,,16781,34,0,8,1,70,,16815,34,0,8,1,30,,16778,34,0,8,1,70,,16823,34,0,8,1,30,,16799,34,0,8,1,70,,16797,34,0,8,1,30,,16806,34,0,8,1,70,,16783,34,0,8,1,30,,16780,34,0,8,1,70,,16805,34,0,8,1,100,,16812,34,0,8,1,100,,16835,34,0,8,1,100,,16789,34,0,8,1,100,,16788,34,0,8,1,100,,16785,34,0,8,1,100,,16794,34,0,8,1
40100,'12',911,,16860,34,0,8,1,100,,16864,34,0,8,1,30,,16843,34,0,8,1,70,,16870,34,0,8,1,30,,16862,34,0,8,1,70,,16854,34,0,8,1,30,,16851,34,0,8,1,70,,16868,34,0,8,1,30,,16852,34,0,8,1,70,,6122,34,0,8,1,30,,16866,34,0,8,1,70,,7866,34,0,8,1,30,,16837,34,0,8,1,70,,16849,34,0,8,1,30,,16842,34,0,8,1,70,,16872,34,0,8,1,30,,16867,34,0,8,1,70,,16869,34,0,8,1,100,,16859,34,0,8,1,100,,16865,34,0,8,1
40100,'15',1811,,16877,34,0,8,1,100,,16883,34,0,8,1,100,,16885,34,0,8,1,100,,16886,34,0,8,1,100,,16881,34,0,8,1,100,,16879,34,0,8,1,100,,16882,34,0,8,1
40100,'16',1811,,615,34,0,8,1,100,,16894,34,0,8,1,100,,16896,34,0,8,1,100,,16897,34,0,8,1,100,,284,34,0,8,1,100,,16893,34,0,8,1,100,,16892,34,0,8,1
40100,'17',1811,,639,34,0,8,1,100,,16905,34,0,8,1,100,,16907,34,0,8,1,100,,16908,34,0,8,1,100,,334,34,0,8,1,100,,16903,34,0,8,1,100,,16904,34,0,8,1
40100,'19',1811,,16913,34,0,8,1,100,,16919,34,0,8,1,100,,16921,34,0,8,1,100,,16922,34,0,8,1,100,,16917,34,0,8,1,100,,16915,34,0,8,1,100,,16918,34,0,8,1
40100,'21',641,,16934,34,0,8,1,70,,16962,34,0,8,1,30,,16945,34,0,8,1,70,,16956,34,0,8,1,30,,16948,34,0,8,1,70,,16954,34,0,8,1,30,,16942,34,0,8,1,70,,16955,34,0,8,1,30,,16964,34,0,8,1,70,,16968,34,0,8,1,30,,16943,34,0,8,1,70,,16933,34,0,8,1,30,,7358,34,0,8,1,70,,16928,34,0,8,1,30,,6472,34,0,8,1,70,,16951,34,0,8,1,30,,7825,34,0,8,1,70,,16959,34,0,8,1,30,,16939,34,0,8,1,70,,7576,34,0,8,1,30,,7225,34,0,8,1,70,,16927,34,0,8,1,30,,16925,34,0,8,1,70,,16944,34,0,8,1,100,,16949,34,0,8,1,100,,16971,34,0,8,1,100,,16932,34,0,8,1,100,,16931,34,0,8,1,100,,16929,34,0,8,1,100,,16936,34,0,8,1
40100,'5',1811,,663,34,0,8,1,100,,16980,34,0,8,1,100,,16982,34,0,8,1,100,,16983,34,0,8,1,100,,384,34,0,8,1,100,,16978,34,0,8,1,100,,16979,34,0,8,1
40100,'6',1811,,16988,34,0,8,1,100,,16994,34,0,8,1,100,,16996,34,0,8,1,100,,16997,34,0,8,1,100,,16992,34,0,8,1,100,,16990,34,0,8,1,100,,16993,34,0,8,1
