30501,'15',626,,10291,20,0,27,1,30,,10279,20,0,27,1,70,,10287,20,0,27,1,30,,10290,20,0,27,1,70,,10273,20,0,27,1,30,,10286,20,0,27,1,70,,10268,20,0,27,1,30,,10274,20,0,27,1,70,,10276,20,0,27,1,30,,10278,20,0,27,1,70,,10282,20,0,27,1,30,,10280,20,0,27,1,70,,10270,20,0,27,1,30,,10284,20,0,27,1,70,,10283,20,0,27,1,30,,10271,20,0,27,1,70,,10275,20,0,27,1,30,,10288,20,0,27,1,70,,10292,20,0,27,1,30,,10289,20,0,27,1,70,,10277,20,0,27,1,30,,10272,20,0,27,1,70,,10281,20,0,27,1,30,,10285,20,0,27,1
30501,'16',626,,10309,20,0,27,1,30,,1671,20,0,27,1,70,,10305,20,0,27,1,30,,10308,20,0,27,1,70,,10296,20,0,27,1,30,,10304,20,0,27,1,70,,10293,20,0,27,1,30,,1185,20,0,27,1,70,,8145,20,0,27,1,30,,3972,20,0,27,1,70,,10301,20,0,27,1,30,,10299,20,0,27,1,70,,4910,20,0,27,1,30,,10303,20,0,27,1,70,,10302,20,0,27,1,30,,10294,20,0,27,1,70,,10297,20,0,27,1,30,,10306,20,0,27,1,70,,10310,20,0,27,1,30,,10307,20,0,27,1,70,,10298,20,0,27,1,30,,10295,20,0,27,1,70,,10300,20,0,27,1,30,,2457,20,0,27,1
30501,'17',626,,10326,20,0,27,1,30,,1694,20,0,27,1,70,,10322,20,0,27,1,30,,10325,20,0,27,1,70,,10314,20,0,27,1,30,,10321,20,0,27,1,70,,10311,20,0,27,1,30,,1209,20,0,27,1,70,,8150,20,0,27,1,30,,3984,20,0,27,1,70,,10318,20,0,27,1,30,,10316,20,0,27,1,70,,4933,20,0,27,1,30,,10320,20,0,27,1,70,,10319,20,0,27,1,30,,10312,20,0,27,1,70,,8655,20,0,27,1,30,,10323,20,0,27,1,70,,10327,20,0,27,1,30,,10324,20,0,27,1,70,,10315,20,0,27,1,30,,10313,20,0,27,1,70,,10317,20,0,27,1,30,,2480,20,0,27,1
30501,'19',626,,10350,20,0,27,1,30,,10339,20,0,27,1,70,,10346,20,0,27,1,30,,10349,20,0,27,1,70,,10333,20,0,27,1,30,,10345,20,0,27,1,70,,10328,20,0,27,1,30,,10334,20,0,27,1,70,,10336,20,0,27,1,30,,10338,20,0,27,1,70,,10341,20,0,27,1,30,,10340,20,0,27,1,70,,10330,20,0,27,1,30,,10343,20,0,27,1,70,,10342,20,0,27,1,30,,10331,20,0,27,1,70,,10335,20,0,27,1,30,,10347,20,0,27,1,70,,10351,20,0,27,1,30,,10348,20,0,27,1,70,,10337,20,0,27,1,30,,10332,20,0,27,1,70,,7336,20,0,27,1,30,,10344,20,0,27,1
30501,'5',626,,10368,20,0,27,1,30,,1717,20,0,27,1,70,,10364,20,0,27,1,30,,10367,20,0,27,1,70,,10355,20,0,27,1,30,,10363,20,0,27,1,70,,10352,20,0,27,1,30,,1233,20,0,27,1,70,,8179,20,0,27,1,30,,3996,20,0,27,1,70,,10360,20,0,27,1,30,,10358,20,0,27,1,70,,4987,20,0,27,1,30,,10362,20,0,27,1,70,,10361,20,0,27,1,30,,10353,20,0,27,1,70,,10356,20,0,27,1,30,,10365,20,0,27,1,70,,10369,20,0,27,1,30,,10366,20,0,27,1,70,,10357,20,0,27,1,30,,10354,20,0,27,1,70,,10359,20,0,27,1,30,,2503,20,0,27,1
30501,'6',626,,10393,20,0,27,1,30,,10381,20,0,27,1,70,,10389,20,0,27,1,30,,10392,20,0,27,1,70,,10375,20,0,27,1,30,,10388,20,0,27,1,70,,10370,20,0,27,1,30,,10376,20,0,27,1,70,,10378,20,0,27,1,30,,10380,20,0,27,1,70,,10384,20,0,27,1,30,,10382,20,0,27,1,70,,10372,20,0,27,1,30,,10386,20,0,27,1,70,,10385,20,0,27,1,30,,10373,20,0,27,1,70,,10377,20,0,27,1,30,,10390,20,0,27,1,70,,10394,20,0,27,1,30,,10391,20,0,27,1,70,,10379,20,0,27,1,30,,10374,20,0,27,1,70,,10383,20,0,27,1,30,,10387,20,0,27,1
41201,'1',1122,,5807,23,,,1,100,,18607,23,,,1,100,,18610,23,,,1,100,,18611,23,,,1,100,,2015,23,,,1,100,,18608,23,,,1,100,,18609,23,,,1
41201,'10',622,,18637,23,,,1,30,,18617,23,,,1,70,,18636,23,,,1,30,,18639,23,,,1,70,,18629,23,,,1,30,,18641,23,,,1,70,,18618,23,,,1,30,,18634,23,,,1,70,,18631,23,,,1,30,,18614,23,,,1,70,,18624,23,,,1,30,,18635,23,,,1,70,,18612,23,,,1,30,,18621,23,,,1,70,,18633,23,,,1,30,,18623,23,,,1,70,,18619,23,,,1,30,,18613,23,,,1,70,,18620,23,,,1,30,,18615,23,,,1,70,,18625,23,,,1,30,,18622,23,,,1,70,,18630,23,,,1,30,,18638,23,,,1,70,,18627,23,,,1,100,,18626,23,,,1,100,,18616,23,,,1,100,,18632,23,,,1,100,,18640,23,,,1,100,,18628,23,,,1
41201,'12',922,,18642,23,,,1,100,,18654,23,,,1,30,,18651,23,,,1,70,,18655,23,,,1,30,,18660,23,,,1,70,,18650,23,,,1,30,,18647,23,,,1,70,,18648,23,,,1,30,,18646,23,,,1,70,,18652,23,,,1,30,,18645,23,,,1,70,,18658,23,,,1,30,,18659,23,,,1,70,,18644,23,,,1,30,,18661,23,,,1,70,,18643,23,,,1,30,,18653,23,,,1,70,,18649,23,,,1,100,,18657,23,,,1,100,,18656,23,,,1
41201,'15',1822,,18665,23,,,1,100,,18662,23,,,1,100,,18663,23,,,1,100,,18666,23,,,1,100,,18667,23,,,1,100,,18664,23,,,1
41201,'16',1822,,18670,23,,,1,100,,18668,23,,,1,100,,2679,23,,,1,100,,18671,23,,,1,100,,18672,23,,,1,100,,18669,23,,,1
41201,'17',1822,,18675,23,,,1,100,,18673,23,,,1,100,,2704,23,,,1,100,,18676,23,,,1,100,,18677,23,,,1,100,,18674,23,,,1
41201,'19',1822,,18681,23,,,1,100,,18678,23,,,1,100,,18679,23,,,1,100,,18682,23,,,1,100,,18683,23,,,1,100,,18680,23,,,1
41201,'21',622,,18704,23,,,1,30,,18689,23,,,1,70,,18703,23,,,1,30,,18706,23,,,1,70,,6905,23,,,1,30,,18708,23,,,1,70,,18690,23,,,1,30,,7281,23,,,1,70,,18699,23,,,1,30,,18686,23,,,1,70,,18695,23,,,1,30,,18702,23,,,1,70,,18684,23,,,1,30,,18692,23,,,1,70,,18701,23,,,1,30,,18694,23,,,1,70,,7564,23,,,1,30,,18685,23,,,1,70,,18691,23,,,1,30,,18687,23,,,1,70,,6486,23,,,1,30,,18693,23,,,1,70,,6337,23,,,1,30,,18705,23,,,1,70,,18697,23,,,1,100,,18696,23,,,1,100,,18688,23,,,1,100,,18700,23,,,1,100,,18707,23,,,1,100,,18698,23,,,1
41201,'5',1822,,18711,23,,,1,100,,18709,23,,,1,100,,2728,23,,,1,100,,18712,23,,,1,100,,18713,23,,,1,100,,18710,23,,,1
41201,'6',1822,,18717,23,,,1,100,,18714,23,,,1,100,,18715,23,,,1,100,,18718,23,,,1,100,,18719,23,,,1,100,,18716,23,,,1
