31600,'11',655,,28606,20,0,19,1,55,,28605,20,0,19,1,15,,28602,20,0,19,1,15,,28620,20,0,19,1,15,,28598,20,0,19,1,55,,24111,20,0,19,1,15,,28617,20,0,19,1,15,,13762,20,0,19,1,15,,28601,20,0,19,1,55,,28588,20,0,19,1,15,,28597,20,0,19,1,15,,28590,20,0,19,1,15,,28625,20,0,19,1,56,,28589,20,0,19,1,15,,28626,20,0,19,1,15,,28595,20,0,19,1,15,,28609,20,0,19,1,55,,28587,20,0,19,1,15,,28607,20,0,19,1,15,,28627,20,0,19,1,15,,28622,20,0,19,1,55,,28628,20,0,19,1,15,,22781,20,0,19,1,15,,28600,20,0,19,1,15,,28608,20,0,19,1,55,,28618,20,0,19,1,15,,28613,20,0,19,1,15,,28594,20,0,19,1,15,,28592,20,0,19,1,56,,23477,20,0,19,1,15,,28623,20,0,19,1,15,,28591,20,0,19,1,15,,28593,20,0,19,1,55,,28610,20,0,19,1,15,,28614,20,0,19,1,15,,28611,20,0,19,1,15,,28604,20,0,19,1,55,,28621,20,0,19,1,15,,28624,20,0,19,1,15,,28616,20,0,19,1,15,,28619,20,0,19,1,55,,28612,20,0,19,1,15,,28603,20,0,19,1,15,,28596,20,0,19,1,15,,28599,20,0,19,1,55,,22723,20,0,19,1,15,,28615,20,0,19,1
31600,'3',655,,28648,20,0,19,1,55,,28647,20,0,19,1,15,,28644,20,0,19,1,15,,28662,20,0,19,1,15,,28640,20,0,19,1,55,,24123,20,0,19,1,15,,28659,20,0,19,1,15,,13810,20,0,19,1,15,,28643,20,0,19,1,55,,28630,20,0,19,1,15,,28639,20,0,19,1,15,,28632,20,0,19,1,15,,28667,20,0,19,1,56,,28631,20,0,19,1,15,,28668,20,0,19,1,15,,28637,20,0,19,1,15,,28651,20,0,19,1,55,,28629,20,0,19,1,15,,28649,20,0,19,1,15,,28669,20,0,19,1,15,,28664,20,0,19,1,55,,28670,20,0,19,1,15,,22802,20,0,19,1,15,,28642,20,0,19,1,15,,28650,20,0,19,1,55,,28660,20,0,19,1,15,,28655,20,0,19,1,15,,28636,20,0,19,1,15,,28634,20,0,19,1,56,,23514,20,0,19,1,15,,28665,20,0,19,1,15,,28633,20,0,19,1,15,,28635,20,0,19,1,55,,28652,20,0,19,1,15,,28656,20,0,19,1,15,,28653,20,0,19,1,15,,28646,20,0,19,1,55,,28663,20,0,19,1,15,,28666,20,0,19,1,15,,28658,20,0,19,1,15,,28661,20,0,19,1,55,,28654,20,0,19,1,15,,28645,20,0,19,1,15,,28638,20,0,19,1,15,,28641,20,0,19,1,55,,22745,20,0,19,1,15,,28657,20,0,19,1
33600,'11',730,,29327,10,0,57 18,1,70,,29324,10,0,57 18,1,30,,29317,10,0,57 18,1,70,,29318,10,0,57 18,1,30,,29325,10,0,57 18,1,70,,29323,10,0,57 18,1,30,,29332,10,0,57 18,1,70,,29328,10,0,57 18,1,30,,29316,10,0,57 18,1,70,,29319,10,0,57 18,1,30,,29313,10,0,57 18,1,70,,29321,10,0,57 18,1,30,,29314,10,0,57 18,1,70,,29322,10,0,57 18,1,30,,29333,10,0,57 18,1,70,,29329,10,0,57 18,1,30,,29331,10,0,57 18,1,70,,29320,10,0,57 18,1,30,,23746,10,0,57 18,1,70,,29315,10,0,57 18,1,30,,29330,10,0,57 18,1,70,,29326,10,0,57 18,1
33600,'3',730,,29348,10,0,57 18,1,70,,29345,10,0,57 18,1,30,,29338,10,0,57 18,1,70,,29339,10,0,57 18,1,30,,29346,10,0,57 18,1,70,,29344,10,0,57 18,1,30,,29353,10,0,57 18,1,70,,29349,10,0,57 18,1,30,,29337,10,0,57 18,1,70,,29340,10,0,57 18,1,30,,29334,10,0,57 18,1,70,,29342,10,0,57 18,1,30,,29335,10,0,57 18,1,70,,29343,10,0,57 18,1,30,,29354,10,0,57 18,1,70,,29350,10,0,57 18,1,30,,29352,10,0,57 18,1,70,,29341,10,0,57 18,1,30,,23769,10,0,57 18,1,70,,29336,10,0,57 18,1,30,,29351,10,0,57 18,1,70,,29347,10,0,57 18,1
41600,'1',724,,31669,20,0,19,1,30,,31674,20,0,19,1,70,,31678,20,0,19,1,30,,31668,20,0,19,1,70,,31671,20,0,19,1,30,,31693,20,0,19,1,71,,31667,20,0,19,1,30,,31685,20,0,19,1,70,,31679,20,0,19,1,30,,31694,20,0,19,1,70,,31687,20,0,19,1,30,,22957,20,0,19,1,70,,31676,20,0,19,1,30,,31675,20,0,19,1,70,,31692,20,0,19,1,30,,31682,20,0,19,1,70,,31688,20,0,19,1,30,,31677,20,0,19,1,70,,23655,20,0,19,1,30,,31670,20,0,19,1,70,,31683,20,0,19,1,30,,31673,20,0,19,1,70,,31689,20,0,19,1,30,,31691,20,0,19,1,69,,31696,20,0,19,1,30,,31695,20,0,19,1,70,,31686,20,0,19,1,30,,31666,20,0,19,1,70,,31684,20,0,19,1,30,,31680,20,0,19,1,70,,31672,20,0,19,1,30,,31690,20,0,19,1,70,,31681,20,0,19,1
41600,'11',1855,,31701,20,0,19,1,69,,31703,20,0,19,1,30,,31700,20,0,19,1,70,,31699,20,0,19,1,30,,23203,20,0,19,1,70,,31698,20,0,19,1,30,,31705,20,0,19,1,70,,31697,20,0,19,1,30,,31704,20,0,19,1,70,,31702,20,0,19,1
41600,'12',1055,,31715,20,0,19,1,70,,31710,20,0,19,1,30,,31713,20,0,19,1,70,,31708,20,0,19,1,30,,31717,20,0,19,1,70,,31716,20,0,19,1,30,,31718,20,0,19,1,70,,31714,20,0,19,1,30,,31711,20,0,19,1,70,,31707,20,0,19,1,30,,31709,20,0,19,1,70,,31719,20,0,19,1,30,,31712,20,0,19,1,70,,31720,20,0,19,1,30,,31706,20,0,19,1
41600,'14',724,,31724,20,0,19,1,30,,31731,20,0,19,1,70,,31735,20,0,19,1,30,,31723,20,0,19,1,70,,31727,20,0,19,1,30,,31748,20,0,19,1,71,,31722,20,0,19,1,30,,31741,20,0,19,1,70,,31736,20,0,19,1,30,,31749,20,0,19,1,70,,31743,20,0,19,1,30,,31725,20,0,19,1,70,,31733,20,0,19,1,30,,31732,20,0,19,1,70,,31747,20,0,19,1,30,,31738,20,0,19,1,70,,31744,20,0,19,1,30,,31734,20,0,19,1,70,,31730,20,0,19,1,30,,31726,20,0,19,1,70,,31739,20,0,19,1,30,,31729,20,0,19,1,70,,31745,20,0,19,1,30,,31746,20,0,19,1,69,,31751,20,0,19,1,30,,31750,20,0,19,1,70,,31742,20,0,19,1,30,,31721,20,0,19,1,70,,31740,20,0,19,1,30,,31737,20,0,19,1,70,,31728,20,0,19,1,30,,5913,20,0,19,1,70,,7358,20,0,19,1
41600,'3',1855,,31756,20,0,19,1,69,,31758,20,0,19,1,30,,31755,20,0,19,1,70,,31754,20,0,19,1,30,,23218,20,0,19,1,70,,31753,20,0,19,1,30,,31760,20,0,19,1,70,,31752,20,0,19,1,30,,31759,20,0,19,1,70,,31757,20,0,19,1
41600,'8',854,,31779,20,0,19,1,70,,31772,20,0,19,1,30,,25999,20,0,19,1,71,,31778,20,0,19,1,30,,31782,20,0,19,1,70,,31767,20,0,19,1,30,,31768,20,0,19,1,70,,31780,20,0,19,1,30,,31777,20,0,19,1,70,,31781,20,0,19,1,30,,31762,20,0,19,1,70,,31773,20,0,19,1,30,,31770,20,0,19,1,70,,31771,20,0,19,1,30,,31765,20,0,19,1,70,,31769,20,0,19,1,30,,31776,20,0,19,1,70,,31764,20,0,19,1,30,,31763,20,0,19,1,70,,31774,20,0,19,1,30,,31775,20,0,19,1,69,,31766,20,0,19,1,30,,31761,20,0,19,1
42301,'1',740,,32457,22,0,20 30 31,1,100,,32445,22,0,20 30 31,1,100,,32455,22,0,20 30 31,1,102,,32448,22,0,20 30 31,1,100,,32454,22,0,20 30 31,1,100,,32451,22,0,20 30 31,1,100,,32456,22,0,20 30 31,1,102,,32443,22,0,20 30 31,1,100,,32450,22,0,20 30 31,1,100,,32444,22,0,20 30 31,1,100,,32447,22,0,20 30 31,1,100,,32452,22,0,20 30 31,1,97,,32449,22,0,20 30 31,1,100,,32446,22,0,20 30 31,1,100,,32453,22,0,20 30 31,1,100,,24263,22,0,20 30 31,1
