30501,'1',626,,22127,18,0,27,1,30,,22131,18,0,27,1,70,,22140,18,0,27,1,30,,22135,18,0,27,1,70,,22142,18,0,27,1,30,,22137,18,0,27,1,70,,22130,18,0,27,1,30,,22126,18,0,27,1,70,,22123,18,0,27,1,30,,22125,18,0,27,1,70,,22143,18,0,27,1,30,,22138,18,0,27,1,70,,22139,18,0,27,1,30,,22136,18,0,27,1,70,,22122,18,0,27,1,30,,22134,18,0,27,1,70,,22120,18,0,27,1,30,,22132,18,0,27,1,70,,22128,18,0,27,1,30,,22133,18,0,27,1,70,,22119,18,0,27,1,30,,22124,18,0,27,1,70,,22141,18,0,27,1,30,,22121,18,0,27,1
30501,'10',626,,22152,18,0,27,1,30,,22156,18,0,27,1,70,,19274,18,0,27,1,30,,22160,18,0,27,1,70,,22166,18,0,27,1,30,,22162,18,0,27,1,70,,22155,18,0,27,1,30,,22151,18,0,27,1,70,,22148,18,0,27,1,30,,22150,18,0,27,1,70,,8704,18,0,27,1,30,,22163,18,0,27,1,70,,22164,18,0,27,1,30,,22161,18,0,27,1,70,,22147,18,0,27,1,30,,22159,18,0,27,1,70,,22145,18,0,27,1,30,,22157,18,0,27,1,70,,22153,18,0,27,1,30,,22158,18,0,27,1,70,,22144,18,0,27,1,30,,22149,18,0,27,1,70,,22165,18,0,27,1,30,,22146,18,0,27,1
30501,'3',626,,22174,18,0,27,1,30,,22178,18,0,27,1,70,,19345,18,0,27,1,30,,22182,18,0,27,1,70,,22188,18,0,27,1,30,,22184,18,0,27,1,70,,22177,18,0,27,1,30,,22173,18,0,27,1,70,,14529,18,0,27,1,30,,22172,18,0,27,1,70,,8724,18,0,27,1,30,,22185,18,0,27,1,70,,22186,18,0,27,1,30,,22183,18,0,27,1,70,,22170,18,0,27,1,30,,22181,18,0,27,1,70,,22168,18,0,27,1,30,,22179,18,0,27,1,70,,22175,18,0,27,1,30,,22180,18,0,27,1,70,,22167,18,0,27,1,30,,22171,18,0,27,1,70,,22187,18,0,27,1,30,,22169,18,0,27,1
30601,'1',632,,22271,13,0,9 12,1,70,,22253,13,0,9 12,1,30,,22250,13,0,9 12,1,70,,22266,13,0,9 12,1,30,,22254,13,0,9 12,1,70,,22260,13,0,9 12,1,30,,22262,13,0,9 12,1,70,,22267,13,0,9 12,1,30,,22272,13,0,9 12,1,70,,22265,13,0,9 12,1,30,,22249,13,0,9 12,1,70,,22268,13,0,9 12,1,30,,22269,13,0,9 12,1,70,,22261,13,0,9 12,1,30,,22264,13,0,9 12,1,70,,22255,13,0,9 12,1,30,,22256,13,0,9 12,1,25,,22263,13,0,9 12,1,45,,22258,13,0,9 12,1,30,,22251,13,0,9 12,1,70,,22270,13,0,9 12,1,30,,22259,13,0,9 12,1,70,,22257,13,0,9 12,1,30,,22252,13,0,9 12,1,70,,22273,13,0,9 12,1
30601,'10',632,,4977,13,0,9 12,1,70,,22278,13,0,9 12,1,30,,22275,13,0,9 12,1,70,,22290,13,0,9 12,1,30,,14025,13,0,9 12,1,70,,22284,13,0,9 12,1,30,,22286,13,0,9 12,1,70,,10057,13,0,9 12,1,30,,22292,13,0,9 12,1,70,,22289,13,0,9 12,1,30,,22274,13,0,9 12,1,70,,15104,13,0,9 12,1,30,,22291,13,0,9 12,1,70,,22285,13,0,9 12,1,30,,22288,13,0,9 12,1,70,,22279,13,0,9 12,1,30,,22280,13,0,9 12,1,25,,22287,13,0,9 12,1,45,,22282,13,0,9 12,1,30,,22276,13,0,9 12,1,70,,14399,13,0,9 12,1,30,,22283,13,0,9 12,1,70,,22281,13,0,9 12,1,30,,22277,13,0,9 12,1,70,,22293,13,0,9 12,1
30601,'3',632,,12396,13,0,9 12,1,70,,22298,13,0,9 12,1,30,,22295,13,0,9 12,1,70,,22310,13,0,9 12,1,30,,14070,13,0,9 12,1,70,,22304,13,0,9 12,1,30,,22306,13,0,9 12,1,70,,10104,13,0,9 12,1,30,,15889,13,0,9 12,1,70,,22309,13,0,9 12,1,30,,22294,13,0,9 12,1,70,,22311,13,0,9 12,1,30,,22312,13,0,9 12,1,70,,22305,13,0,9 12,1,30,,22308,13,0,9 12,1,70,,22299,13,0,9 12,1,30,,22300,13,0,9 12,1,25,,22307,13,0,9 12,1,45,,22302,13,0,9 12,1,30,,22296,13,0,9 12,1,70,,14438,13,0,9 12,1,30,,22303,13,0,9 12,1,70,,22301,13,0,9 12,1,30,,22297,13,0,9 12,1,70,,22313,13,0,9 12,1
40601,'1',1830,,25573,13,0,9 12,1,100,,25574,13,0,9 12,1,100,,25571,13,0,9 12,1,100,,25575,13,0,9 12,1,100,,25572,13,0,9 12,1,100,,19948,13,0,9 12,1
40601,'10',1830,,25579,13,0,9 12,1,100,,25580,13,0,9 12,1,100,,25576,13,0,9 12,1,100,,25581,13,0,9 12,1,100,,25577,13,0,9 12,1,100,,25578,13,0,9 12,1
40601,'11',930,,25597,13,0,9 12,1,100,,15619,13,0,9 12,1,70,,25587,13,0,9 12,1,30,,25592,13,0,9 12,1,70,,25594,13,0,9 12,1,30,,25596,13,0,9 12,1,70,,25598,13,0,9 12,1,30,,25584,13,0,9 12,1,70,,25589,13,0,9 12,1,30,,25595,13,0,9 12,1,70,,25585,13,0,9 12,1,30,,21306,13,0,9 12,1,70,,25591,13,0,9 12,1,30,,25583,13,0,9 12,1,70,,25588,13,0,9 12,1,30,,25586,13,0,9 12,1,70,,25593,13,0,9 12,1,30,,25582,13,0,9 12,1,100,,25590,13,0,9 12,1
40601,'13',700,,25613,13,0,9 12,1,30,,25606,13,0,9 12,1,70,,25612,13,0,9 12,1,30,,25603,13,0,9 12,1,70,,25616,13,0,9 12,1,30,,25599,13,0,9 12,1,70,,25600,13,0,9 12,1,30,,25621,13,0,9 12,1,70,,25604,13,0,9 12,1,30,,25614,13,0,9 12,1,70,,25620,13,0,9 12,1,30,,25611,13,0,9 12,1,70,,25608,13,0,9 12,1,30,,25602,13,0,9 12,1,70,,17420,13,0,9 12,1,30,,25623,13,0,9 12,1,70,,25609,13,0,9 12,1,30,,25610,13,0,9 12,1,70,,18695,13,0,9 12,1,30,,25615,13,0,9 12,1,70,,20047,13,0,9 12,1,30,,25601,13,0,9 12,1,70,,25607,13,0,9 12,1,30,,25624,13,0,9 12,1,100,,25618,13,0,9 12,1,100,,25622,13,0,9 12,1,100,,25605,13,0,9 12,1,100,,25617,13,0,9 12,1,100,,25619,13,0,9 12,1
40601,'3',1830,,25628,13,0,9 12,1,100,,25629,13,0,9 12,1,100,,25625,13,0,9 12,1,100,,25630,13,0,9 12,1,100,,25626,13,0,9 12,1,100,,25627,13,0,9 12,1
40601,'8',930,,25647,13,0,9 12,1,100,,25637,13,0,9 12,1,70,,25635,13,0,9 12,1,30,,25642,13,0,9 12,1,70,,25644,13,0,9 12,1,30,,25646,13,0,9 12,1,70,,25648,13,0,9 12,1,30,,25633,13,0,9 12,1,70,,25638,13,0,9 12,1,30,,25645,13,0,9 12,1,70,,25634,13,0,9 12,1,30,,25641,13,0,9 12,1,70,,25640,13,0,9 12,1,30,,25632,13,0,9 12,1,70,,25636,13,0,9 12,1,30,,20912,13,0,9 12,1,70,,25643,13,0,9 12,1,30,,25631,13,0,9 12,1,100,,25639,13,0,9 12,1
41201,'1',1822,,26153,21,,,1,100,,26150,21,,,1,100,,26152,21,,,1,100,,26149,21,,,1,100,,26148,21,,,1,100,,26151,21,,,1
41201,'10',1822,,6707,21,,,1,100,,26155,21,,,1,100,,26157,21,,,1,100,,11224,21,,,1,100,,26154,21,,,1,100,,26156,21,,,1
41201,'11',921,,26169,21,,,1,101,,26160,21,,,1,30,,10071,21,,,1,70,,26163,21,,,1,30,,26158,21,,,1,70,,26164,21,,,1,30,,26159,21,,,1,70,,9547,21,,,1,30,,26167,21,,,1,70,,14514,21,,,1,30,,26162,21,,,1,70,,8073,21,,,1,30,,8486,21,,,1,70,,26165,21,,,1,30,,26161,21,,,1,70,,26170,21,,,1,30,,26168,21,,,1,70,,26171,21,,,1,100,,26166,21,,,1,100,,9809,21,,,1
41201,'13',621,,26182,21,,,1,30,,26175,21,,,1,70,,26173,21,,,1,30,,26184,21,,,1,70,,26174,21,,,1,30,,26190,21,,,1,70,,26181,21,,,1,30,,26191,21,,,1,71,,26188,21,,,1,30,,26176,21,,,1,70,,26185,21,,,1,30,,26186,21,,,1,70,,26187,21,,,1,30,,6486,21,,,1,70,,26172,21,,,1,30,,26180,21,,,1,70,,26196,21,,,1,30,,26197,21,,,1,70,,26183,21,,,1,30,,20043,21,,,1,70,,17155,21,,,1,30,,26194,21,,,1,70,,26192,21,,,1,30,,26193,21,,,1,70,,26178,21,,,1,100,,14310,21,,,1,100,,26179,21,,,1,100,,26195,21,,,1,100,,26189,21,,,1,100,,26177,21,,,1
41201,'3',1822,,6749,21,,,1,100,,26199,21,,,1,100,,26201,21,,,1,100,,11267,21,,,1,100,,26198,21,,,1,100,,26200,21,,,1
41201,'8',921,,26218,21,,,1,101,,26205,21,,,1,30,,26204,21,,,1,70,,26208,21,,,1,30,,26202,21,,,1,70,,26209,21,,,1,30,,26203,21,,,1,70,,26211,21,,,1,30,,26216,21,,,1,70,,26212,21,,,1,30,,26207,21,,,1,70,,26213,21,,,1,30,,26214,21,,,1,70,,26210,21,,,1,30,,26206,21,,,1,70,,26219,21,,,1,30,,26217,21,,,1,70,,26220,21,,,1,100,,18647,21,,,1,100,,26215,21,,,1
