31501,'12',607,,35338,15,0,20 14 35 26,1,30,,35351,15,0,20 14 35 26,1,70,,35346,15,0,20 14 35 26,1,30,,35345,15,0,20 14 35 26,1,70,,35343,15,0,20 14 35 26,1,30,,35344,15,0,20 14 35 26,1,70,,35347,15,0,20 14 35 26,1,30,,35350,15,0,20 14 35 26,1,70,,35339,15,0,20 14 35 26,1,30,,35348,15,0,20 14 35 26,1,70,,35354,15,0,20 14 35 26,1,30,,35358,15,0,20 14 35 26,1,70,,35353,15,0,20 14 35 26,1,30,,35360,15,0,20 14 35 26,1,70,,35352,15,0,20 14 35 26,1,30,,35341,15,0,20 14 35 26,1,71,,35349,15,0,20 14 35 26,1,30,,35356,15,0,20 14 35 26,1,70,,35342,15,0,20 14 35 26,1,30,,35340,15,0,20 14 35 26,1,70,,35357,15,0,20 14 35 26,1,30,,35355,15,0,20 14 35 26,1,70,,35359,15,0,20 14 35 26,1,30,,35337,15,0,20 14 35 26,1
31501,'13',607,,35362,15,0,20 14 35 26,1,30,,21901,15,0,20 14 35 26,1,70,,35368,15,0,20 14 35 26,1,30,,35367,15,0,20 14 35 26,1,70,,35365,15,0,20 14 35 26,1,30,,35366,15,0,20 14 35 26,1,70,,35369,15,0,20 14 35 26,1,30,,35372,15,0,20 14 35 26,1,70,,28189,15,0,20 14 35 26,1,30,,35370,15,0,20 14 35 26,1,70,,28508,15,0,20 14 35 26,1,30,,35377,15,0,20 14 35 26,1,70,,35373,15,0,20 14 35 26,1,30,,35379,15,0,20 14 35 26,1,70,,27564,15,0,20 14 35 26,1,30,,35364,15,0,20 14 35 26,1,71,,35371,15,0,20 14 35 26,1,30,,35375,15,0,20 14 35 26,1,70,,27339,15,0,20 14 35 26,1,30,,35363,15,0,20 14 35 26,1,70,,35376,15,0,20 14 35 26,1,30,,35374,15,0,20 14 35 26,1,70,,35378,15,0,20 14 35 26,1,30,,35361,15,0,20 14 35 26,1
31501,'3',607,,35381,15,0,20 14 35 26,1,30,,21925,15,0,20 14 35 26,1,70,,35387,15,0,20 14 35 26,1,30,,35386,15,0,20 14 35 26,1,70,,35384,15,0,20 14 35 26,1,30,,35385,15,0,20 14 35 26,1,70,,35388,15,0,20 14 35 26,1,30,,35391,15,0,20 14 35 26,1,70,,28210,15,0,20 14 35 26,1,30,,35389,15,0,20 14 35 26,1,70,,28532,15,0,20 14 35 26,1,30,,35396,15,0,20 14 35 26,1,70,,35392,15,0,20 14 35 26,1,30,,35398,15,0,20 14 35 26,1,70,,27586,15,0,20 14 35 26,1,30,,35383,15,0,20 14 35 26,1,71,,35390,15,0,20 14 35 26,1,30,,35394,15,0,20 14 35 26,1,70,,27377,15,0,20 14 35 26,1,30,,35382,15,0,20 14 35 26,1,70,,35395,15,0,20 14 35 26,1,30,,35393,15,0,20 14 35 26,1,70,,35397,15,0,20 14 35 26,1,30,,35380,15,0,20 14 35 26,1
31501,'6',607,,35400,15,0,20 14 35 26,1,30,,35413,15,0,20 14 35 26,1,70,,35408,15,0,20 14 35 26,1,30,,35407,15,0,20 14 35 26,1,70,,35405,15,0,20 14 35 26,1,30,,35406,15,0,20 14 35 26,1,70,,35409,15,0,20 14 35 26,1,30,,35412,15,0,20 14 35 26,1,70,,35401,15,0,20 14 35 26,1,30,,35410,15,0,20 14 35 26,1,70,,35416,15,0,20 14 35 26,1,30,,35420,15,0,20 14 35 26,1,70,,35415,15,0,20 14 35 26,1,30,,35422,15,0,20 14 35 26,1,70,,35414,15,0,20 14 35 26,1,30,,35403,15,0,20 14 35 26,1,71,,35411,15,0,20 14 35 26,1,30,,35418,15,0,20 14 35 26,1,70,,35404,15,0,20 14 35 26,1,30,,35402,15,0,20 14 35 26,1,70,,35419,15,0,20 14 35 26,1,30,,35417,15,0,20 14 35 26,1,70,,35421,15,0,20 14 35 26,1,30,,35399,15,0,20 14 35 26,1
41501,'1',652,,40301,15,0,20 14 34,1,70,,40294,15,0,20 14 34,1,30,,40288,15,0,20 14 34,1,70,,40304,15,0,20 14 34,1,30,,40293,15,0,20 14 34,1,70,,40286,15,0,20 14 34,1,30,,40289,15,0,20 14 34,1,70,,40302,15,0,20 14 34,1,30,,31128,15,0,20 14 34,1,70,,40284,15,0,20 14 34,1,30,,40297,15,0,20 14 34,1,70,,40281,15,0,20 14 34,1,30,,40300,15,0,20 14 34,1,70,,40280,15,0,20 14 34,1,30,,40303,15,0,20 14 34,1,71,,40278,15,0,20 14 34,1,30,,40287,15,0,20 14 34,1,70,,40290,15,0,20 14 34,1,30,,40296,15,0,20 14 34,1,70,,40292,15,0,20 14 34,1,30,,40282,15,0,20 14 34,1,70,,40298,15,0,20 14 34,1,30,,29652,15,0,20 14 34,1,70,,40283,15,0,20 14 34,1,99,,40291,15,0,20 14 34,1,100,,40285,15,0,20 14 34,1,100,,40295,15,0,20 14 34,1,100,,40299,15,0,20 14 34,1,100,,40279,15,0,20 14 34,1
41501,'11',652,,40329,15,0,20 14 34,1,70,,40322,15,0,20 14 34,1,30,,40316,15,0,20 14 34,1,70,,40333,15,0,20 14 34,1,30,,40321,15,0,20 14 34,1,70,,40314,15,0,20 14 34,1,30,,40317,15,0,20 14 34,1,70,,40330,15,0,20 14 34,1,30,,40331,15,0,20 14 34,1,70,,40312,15,0,20 14 34,1,30,,40325,15,0,20 14 34,1,70,,40308,15,0,20 14 34,1,30,,40328,15,0,20 14 34,1,70,,40307,15,0,20 14 34,1,30,,40332,15,0,20 14 34,1,71,,40305,15,0,20 14 34,1,30,,40315,15,0,20 14 34,1,70,,40318,15,0,20 14 34,1,30,,40324,15,0,20 14 34,1,70,,40320,15,0,20 14 34,1,30,,40310,15,0,20 14 34,1,70,,40326,15,0,20 14 34,1,30,,40309,15,0,20 14 34,1,70,,40311,15,0,20 14 34,1,99,,40319,15,0,20 14 34,1,100,,40313,15,0,20 14 34,1,100,,40323,15,0,20 14 34,1,100,,40327,15,0,20 14 34,1,100,,40306,15,0,20 14 34,1
41501,'12',1808,,40338,15,0,20 14 34,1,30,,40334,15,0,20 14 34,1,84,,40336,15,0,20 14 34,1,100,,40340,15,0,20 14 34,1,100,,40335,15,0,20 14 34,1,100,,40337,15,0,20 14 34,1,100,,40339,15,0,20 14 34,1
41501,'13',1808,,40345,15,0,20 14 34,1,30,,40341,15,0,20 14 34,1,84,,40343,15,0,20 14 34,1,100,,40347,15,0,20 14 34,1,100,,40342,15,0,20 14 34,1,100,,40344,15,0,20 14 34,1,100,,40346,15,0,20 14 34,1
41501,'14',1122,,40349,15,0,20 14 34,1,100,,40352,15,0,20 14 34,1,100,,40353,15,0,20 14 34,1,101,,40351,15,0,20 14 34,1,100,,40350,15,0,20 14 34,1,100,,40354,15,0,20 14 34,1,100,,40348,15,0,20 14 34,1
41501,'16',652,,40378,15,0,20 14 34,1,70,,40371,15,0,20 14 34,1,30,,40365,15,0,20 14 34,1,70,,40381,15,0,20 14 34,1,30,,40370,15,0,20 14 34,1,70,,40363,15,0,20 14 34,1,30,,40366,15,0,20 14 34,1,70,,40379,15,0,20 14 34,1,30,,31153,15,0,20 14 34,1,70,,40361,15,0,20 14 34,1,30,,40374,15,0,20 14 34,1,70,,40358,15,0,20 14 34,1,30,,40377,15,0,20 14 34,1,70,,40357,15,0,20 14 34,1,30,,40380,15,0,20 14 34,1,71,,40355,15,0,20 14 34,1,30,,40364,15,0,20 14 34,1,70,,40367,15,0,20 14 34,1,30,,40373,15,0,20 14 34,1,70,,40369,15,0,20 14 34,1,30,,40359,15,0,20 14 34,1,70,,40375,15,0,20 14 34,1,30,,26926,15,0,20 14 34,1,70,,40360,15,0,20 14 34,1,99,,40368,15,0,20 14 34,1,100,,40362,15,0,20 14 34,1,100,,40372,15,0,20 14 34,1,100,,40376,15,0,20 14 34,1,100,,40356,15,0,20 14 34,1
41501,'3',1808,,40386,15,0,20 14 34,1,30,,40382,15,0,20 14 34,1,84,,40384,15,0,20 14 34,1,100,,40388,15,0,20 14 34,1,100,,40383,15,0,20 14 34,1,100,,40385,15,0,20 14 34,1,100,,40387,15,0,20 14 34,1
41501,'6',1808,,40393,15,0,20 14 34,1,30,,40389,15,0,20 14 34,1,84,,40391,15,0,20 14 34,1,100,,40395,15,0,20 14 34,1,100,,40390,15,0,20 14 34,1,100,,40392,15,0,20 14 34,1,100,,40394,15,0,20 14 34,1
41501,'8',1022,,40400,15,0,20 14 34,1,30,,40408,15,0,20 14 34,1,70,,40403,15,0,20 14 34,1,30,,40401,15,0,20 14 34,1,70,,40410,15,0,20 14 34,1,100,,40407,15,0,20 14 34,1,30,,40398,15,0,20 14 34,1,71,,40404,15,0,20 14 34,1,100,,40402,15,0,20 14 34,1,30,,40406,15,0,20 14 34,1,70,,40409,15,0,20 14 34,1,30,,31323,15,0,20 14 34,1,70,,40396,15,0,20 14 34,1,30,,40397,15,0,20 14 34,1,70,,40405,15,0,20 14 34,1,99,,40399,15,0,20 14 34,1
