30801,'15',636,,11059,4,0,64 38,1,70,,11055,4,0,64 38,1,30,,11066,4,0,64 38,1,70,,11068,4,0,64 38,1,30,,11056,4,0,64 38,1,70,,11062,4,0,64 38,1,30,,11069,4,0,64 38,1,70,,11054,4,0,64 38,1,30,,11053,4,0,64 38,1,70,,11070,4,0,64 38,1,30,,11074,4,0,64 38,1,70,,11058,4,0,64 38,1,30,,11057,4,0,64 38,1,70,,11064,4,0,64 38,1,30,,11061,4,0,64 38,1,70,,11075,4,0,64 38,1,40,,11065,4,0,64 38,1,70,,11063,4,0,64 38,1,30,,11067,4,0,64 38,1,70,,11071,4,0,64 38,1,30,,11072,4,0,64 38,1,70,,11060,4,0,64 38,1,30,,11073,4,0,64 38,1
30801,'16',636,,2044,4,0,64 38,1,70,,11078,4,0,64 38,1,30,,11086,4,0,64 38,1,70,,1679,4,0,64 38,1,30,,11079,4,0,64 38,1,70,,4305,4,0,64 38,1,30,,11088,4,0,64 38,1,70,,11077,4,0,64 38,1,30,,11076,4,0,64 38,1,70,,94,4,0,64 38,1,30,,11092,4,0,64 38,1,70,,3971,4,0,64 38,1,30,,11080,4,0,64 38,1,70,,11084,4,0,64 38,1,30,,11082,4,0,64 38,1,70,,11093,4,0,64 38,1,40,,11085,4,0,64 38,1,70,,11083,4,0,64 38,1,30,,11087,4,0,64 38,1,70,,11089,4,0,64 38,1,30,,11090,4,0,64 38,1,70,,11081,4,0,64 38,1,30,,11091,4,0,64 38,1
30801,'17',636,,2070,4,0,64 38,1,70,,11096,4,0,64 38,1,30,,11106,4,0,64 38,1,70,,1702,4,0,64 38,1,30,,11097,4,0,64 38,1,70,,11102,4,0,64 38,1,30,,11108,4,0,64 38,1,70,,11095,4,0,64 38,1,30,,11094,4,0,64 38,1,70,,141,4,0,64 38,1,30,,11112,4,0,64 38,1,70,,11099,4,0,64 38,1,30,,11098,4,0,64 38,1,70,,11104,4,0,64 38,1,30,,11101,4,0,64 38,1,70,,11113,4,0,64 38,1,40,,11105,4,0,64 38,1,70,,11103,4,0,64 38,1,30,,11107,4,0,64 38,1,70,,11109,4,0,64 38,1,30,,11110,4,0,64 38,1,70,,11100,4,0,64 38,1,30,,11111,4,0,64 38,1
30801,'19',636,,11120,4,0,64 38,1,70,,11116,4,0,64 38,1,30,,11127,4,0,64 38,1,70,,11129,4,0,64 38,1,30,,11117,4,0,64 38,1,70,,11123,4,0,64 38,1,30,,11130,4,0,64 38,1,70,,11115,4,0,64 38,1,30,,11114,4,0,64 38,1,70,,11131,4,0,64 38,1,30,,11134,4,0,64 38,1,70,,11119,4,0,64 38,1,30,,11118,4,0,64 38,1,70,,11125,4,0,64 38,1,30,,11122,4,0,64 38,1,70,,11135,4,0,64 38,1,40,,11126,4,0,64 38,1,70,,11124,4,0,64 38,1,30,,11128,4,0,64 38,1,70,,7557,4,0,64 38,1,30,,11132,4,0,64 38,1,70,,11121,4,0,64 38,1,30,,11133,4,0,64 38,1
30801,'5',636,,2096,4,0,64 38,1,70,,11138,4,0,64 38,1,30,,11148,4,0,64 38,1,70,,1725,4,0,64 38,1,30,,11139,4,0,64 38,1,70,,11144,4,0,64 38,1,30,,11150,4,0,64 38,1,70,,11137,4,0,64 38,1,30,,11136,4,0,64 38,1,70,,188,4,0,64 38,1,30,,11154,4,0,64 38,1,70,,11141,4,0,64 38,1,30,,11140,4,0,64 38,1,70,,11146,4,0,64 38,1,30,,11143,4,0,64 38,1,70,,11155,4,0,64 38,1,40,,11147,4,0,64 38,1,70,,11145,4,0,64 38,1,30,,11149,4,0,64 38,1,70,,11151,4,0,64 38,1,30,,11152,4,0,64 38,1,70,,11142,4,0,64 38,1,30,,11153,4,0,64 38,1
30801,'6',636,,11162,4,0,64 38,1,70,,11158,4,0,64 38,1,30,,11169,4,0,64 38,1,70,,11171,4,0,64 38,1,30,,11159,4,0,64 38,1,70,,11165,4,0,64 38,1,30,,11172,4,0,64 38,1,70,,11157,4,0,64 38,1,30,,11156,4,0,64 38,1,70,,11173,4,0,64 38,1,30,,11177,4,0,64 38,1,70,,11161,4,0,64 38,1,30,,11160,4,0,64 38,1,70,,11167,4,0,64 38,1,30,,11164,4,0,64 38,1,70,,11178,4,0,64 38,1,40,,11168,4,0,64 38,1,70,,11166,4,0,64 38,1,30,,11170,4,0,64 38,1,70,,11174,4,0,64 38,1,30,,11175,4,0,64 38,1,70,,11163,4,0,64 38,1,30,,11176,4,0,64 38,1
40801,'1',1121,,18013,4,0,64 38,1,100,,18019,4,0,64 38,1,100,,18017,4,0,64 38,1,100,,18014,4,0,64 38,1,100,,18015,4,0,64 38,1,100,,18018,4,0,64 38,1,100,,18016,4,0,64 38,1
40801,'10',651,,18037,4,0,64 38,1,70,,18048,4,0,64 38,1,30,,18026,4,0,64 38,1,70,,18028,4,0,64 38,1,30,,18044,4,0,64 38,1,70,,18025,4,0,64 38,1,30,,18035,4,0,64 38,1,70,,18045,4,0,64 38,1,30,,18038,4,0,64 38,1,70,,18042,4,0,64 38,1,30,,18039,4,0,64 38,1,70,,18030,4,0,64 38,1,30,,18033,4,0,64 38,1,70,,18032,4,0,64 38,1,30,,18029,4,0,64 38,1,70,,18036,4,0,64 38,1,30,,18046,4,0,64 38,1,70,,18023,4,0,64 38,1,30,,18022,4,0,64 38,1,70,,18034,4,0,64 38,1,30,,18027,4,0,64 38,1,70,,18043,4,0,64 38,1,30,,18021,4,0,64 38,1,70,,18047,4,0,64 38,1,100,,18040,4,0,64 38,1,100,,18031,4,0,64 38,1,100,,18041,4,0,64 38,1,100,,18024,4,0,64 38,1,100,,18020,4,0,64 38,1
40801,'12',921,,18065,4,0,64 38,1,100,,18060,4,0,64 38,1,30,,18063,4,0,64 38,1,70,,18049,4,0,64 38,1,30,,18062,4,0,64 38,1,70,,18064,4,0,64 38,1,30,,18058,4,0,64 38,1,70,,18051,4,0,64 38,1,30,,18057,4,0,64 38,1,70,,18052,4,0,64 38,1,30,,18054,4,0,64 38,1,70,,18056,4,0,64 38,1,30,,18061,4,0,64 38,1,70,,7501,4,0,64 38,1,30,,18050,4,0,64 38,1,70,,18053,4,0,64 38,1,30,,18059,4,0,64 38,1,70,,18055,4,0,64 38,1,100,,18066,4,0,64 38,1
40801,'15',1821,,18071,4,0,64 38,1,100,,18068,4,0,64 38,1,100,,18070,4,0,64 38,1,100,,18069,4,0,64 38,1,100,,18072,4,0,64 38,1,100,,18067,4,0,64 38,1
40801,'16',1821,,18076,4,0,64 38,1,100,,18074,4,0,64 38,1,100,,2784,4,0,64 38,1,100,,18075,4,0,64 38,1,100,,18077,4,0,64 38,1,100,,18073,4,0,64 38,1
40801,'17',1821,,18081,4,0,64 38,1,100,,18079,4,0,64 38,1,100,,2807,4,0,64 38,1,100,,18080,4,0,64 38,1,100,,18082,4,0,64 38,1,100,,18078,4,0,64 38,1
40801,'19',1821,,18087,4,0,64 38,1,100,,18084,4,0,64 38,1,100,,18086,4,0,64 38,1,100,,18085,4,0,64 38,1,100,,18088,4,0,64 38,1,100,,18083,4,0,64 38,1
40801,'21',651,,18105,4,0,64 38,1,70,,18116,4,0,64 38,1,30,,18095,4,0,64 38,1,70,,18097,4,0,64 38,1,30,,18112,4,0,64 38,1,70,,18094,4,0,64 38,1,30,,18103,4,0,64 38,1,70,,18113,4,0,64 38,1,30,,18106,4,0,64 38,1,70,,18110,4,0,64 38,1,30,,18107,4,0,64 38,1,70,,18099,4,0,64 38,1,30,,7071,4,0,64 38,1,70,,18101,4,0,64 38,1,30,,18098,4,0,64 38,1,70,,18104,4,0,64 38,1,30,,18114,4,0,64 38,1,70,,18092,4,0,64 38,1,30,,18091,4,0,64 38,1,70,,18102,4,0,64 38,1,30,,18096,4,0,64 38,1,70,,18111,4,0,64 38,1,30,,18090,4,0,64 38,1,70,,18115,4,0,64 38,1,100,,18108,4,0,64 38,1,100,,18100,4,0,64 38,1,100,,18109,4,0,64 38,1,100,,18093,4,0,64 38,1,100,,18089,4,0,64 38,1
40801,'5',1821,,18120,4,0,64 38,1,100,,18118,4,0,64 38,1,100,,2831,4,0,64 38,1,100,,18119,4,0,64 38,1,100,,18121,4,0,64 38,1,100,,18117,4,0,64 38,1
40801,'6',1821,,18126,4,0,64 38,1,100,,18123,4,0,64 38,1,100,,18125,4,0,64 38,1,100,,18124,4,0,64 38,1,100,,18127,4,0,64 38,1,100,,18122,4,0,64 38,1
