30801,'12',649,,34328,35,0,64 38,1,70,,34314,35,0,64 38,1,30,,34325,35,0,64 38,1,70,,34324,35,0,64 38,1,30,,34307,35,0,64 38,1,70,,34326,35,0,64 38,1,30,,34312,35,0,64 38,1,70,,34316,35,0,64 38,1,30,,34329,35,0,64 38,1,70,,34322,35,0,64 38,1,30,,34319,35,0,64 38,1,70,,34309,35,0,64 38,1,30,,34310,35,0,64 38,1,70,,34318,35,0,64 38,1,30,,34313,35,0,64 38,1,70,,34315,35,0,64 38,1,40,,34317,35,0,64 38,1,70,,34308,35,0,64 38,1,30,,34311,35,0,64 38,1,70,,34320,35,0,64 38,1,30,,34323,35,0,64 38,1,70,,34327,35,0,64 38,1,30,,34321,35,0,64 38,1
30801,'13',649,,34346,35,0,64 38,1,70,,34334,35,0,64 38,1,30,,34344,35,0,64 38,1,70,,34343,35,0,64 38,1,30,,28358,35,0,64 38,1,70,,34345,35,0,64 38,1,30,,29463,35,0,64 38,1,70,,34336,35,0,64 38,1,30,,34347,35,0,64 38,1,70,,34342,35,0,64 38,1,30,,34339,35,0,64 38,1,70,,28145,35,0,64 38,1,30,,34331,35,0,64 38,1,70,,34338,35,0,64 38,1,30,,34333,35,0,64 38,1,70,,34335,35,0,64 38,1,40,,34337,35,0,64 38,1,70,,34330,35,0,64 38,1,30,,34332,35,0,64 38,1,70,,34340,35,0,64 38,1,30,,27448,35,0,64 38,1,70,,29291,35,0,64 38,1,30,,34341,35,0,64 38,1
30801,'3',649,,34364,35,0,64 38,1,70,,34352,35,0,64 38,1,30,,34362,35,0,64 38,1,70,,34361,35,0,64 38,1,30,,28376,35,0,64 38,1,70,,34363,35,0,64 38,1,30,,29584,35,0,64 38,1,70,,34354,35,0,64 38,1,30,,34365,35,0,64 38,1,70,,34360,35,0,64 38,1,30,,34357,35,0,64 38,1,70,,28167,35,0,64 38,1,30,,34349,35,0,64 38,1,70,,34356,35,0,64 38,1,30,,34351,35,0,64 38,1,70,,34353,35,0,64 38,1,40,,34355,35,0,64 38,1,70,,34348,35,0,64 38,1,30,,34350,35,0,64 38,1,70,,34358,35,0,64 38,1,30,,27497,35,0,64 38,1,70,,29310,35,0,64 38,1,30,,34359,35,0,64 38,1
30801,'6',649,,34387,35,0,64 38,1,70,,34373,35,0,64 38,1,30,,34384,35,0,64 38,1,70,,34383,35,0,64 38,1,30,,34366,35,0,64 38,1,70,,34385,35,0,64 38,1,30,,34371,35,0,64 38,1,70,,34375,35,0,64 38,1,30,,34388,35,0,64 38,1,70,,34381,35,0,64 38,1,30,,34378,35,0,64 38,1,70,,34368,35,0,64 38,1,30,,34369,35,0,64 38,1,70,,34377,35,0,64 38,1,30,,34372,35,0,64 38,1,70,,34374,35,0,64 38,1,40,,34376,35,0,64 38,1,70,,34367,35,0,64 38,1,30,,34370,35,0,64 38,1,70,,34379,35,0,64 38,1,30,,34382,35,0,64 38,1,70,,34386,35,0,64 38,1,30,,34380,35,0,64 38,1
33700,'1',719,,36993,29,,,1,30,,37006,29,,,1,70,,37000,29,,,1,30,,37011,29,,,1,70,,36982,29,,,1,30,,37002,29,,,1,70,,37025,29,,,1,30,,36994,29,,,1,70,,37007,29,,,1,30,,36997,29,,,1,70,,36992,29,,,1,30,,37009,29,,,1,70,,37016,29,,,1,30,,36988,29,,,1,70,,37024,29,,,1,30,,37027,29,,,1,70,,37014,29,,,1,30,,36995,29,,,1,70,,36983,29,,,1,30,,37004,29,,,1,70,,36991,29,,,1,30,,36996,29,,,1,70,,36986,29,,,1,30,,37022,29,,,1,70,,31991,29,,,1
33700,'11',719,,37041,29,,,1,30,,37056,29,,,1,70,,37049,29,,,1,30,,37061,29,,,1,70,,37029,29,,,1,30,,37051,29,,,1,70,,37075,29,,,1,30,,37042,29,,,1,70,,37057,29,,,1,30,,37046,29,,,1,70,,37040,29,,,1,30,,37059,29,,,1,70,,37066,29,,,1,30,,37036,29,,,1,70,,37074,29,,,1,30,,37077,29,,,1,70,,37064,29,,,1,30,,37043,29,,,1,70,,37030,29,,,1,30,,37053,29,,,1,70,,37039,29,,,1,30,,37044,29,,,1,70,,37034,29,,,1,30,,37072,29,,,1,70,,37033,29,,,1
33700,'12',649,,37100,29,,,1,70,,37111,29,,,1,30,,37082,29,,,1,70,,37089,29,,,1,30,,37103,29,,,1,70,,37090,29,,,1,30,,37116,29,,,1,70,,37087,29,,,1,30,,37104,29,,,1,70,,37097,29,,,1,30,,37079,29,,,1,70,,37088,29,,,1,30,,37109,29,,,1,70,,37124,29,,,1,30,,37094,29,,,1,70,,37095,29,,,1,30,,37122,29,,,1,70,,37102,29,,,1,30,,37119,29,,,1,70,,37113,29,,,1,30,,37099,29,,,1,70,,37101,29,,,1,30,,37117,29,,,1,70,,37114,29,,,1,30,,37080,29,,,1
33700,'13',649,,37145,29,,,1,70,,37154,29,,,1,30,,37132,29,,,1,70,,37136,29,,,1,30,,29323,29,,,1,70,,37137,29,,,1,30,,37156,29,,,1,70,,29041,29,,,1,30,,37147,29,,,1,70,,37142,29,,,1,30,,37129,29,,,1,70,,28682,29,,,1,30,,37152,29,,,1,70,,37163,29,,,1,30,,37140,29,,,1,70,,37141,29,,,1,30,,37161,29,,,1,70,,27428,29,,,1,30,,37159,29,,,1,70,,29162,29,,,1,30,,37144,29,,,1,70,,37146,29,,,1,30,,37157,29,,,1,70,,32600,29,,,1,30,,37130,29,,,1
33700,'14',1119,,37187,29,,,1,30,,37176,29,,,1,70,,37191,29,,,1,30,,37178,29,,,1,70,,37184,29,,,1,30,,37189,29,,,1,70,,37171,29,,,1,30,,37186,29,,,1,70,,37167,29,,,1,30,,37179,29,,,1,70,,37185,29,,,1,30,,37180,29,,,1,70,,37173,29,,,1,30,,37172,29,,,1,70,,37182,29,,,1
33700,'16',719,,37208,29,,,1,30,,37221,29,,,1,70,,37215,29,,,1,30,,37226,29,,,1,70,,37197,29,,,1,30,,37217,29,,,1,70,,37240,29,,,1,30,,37209,29,,,1,70,,37222,29,,,1,30,,37212,29,,,1,70,,37207,29,,,1,30,,37224,29,,,1,70,,37231,29,,,1,30,,37203,29,,,1,70,,37239,29,,,1,30,,37242,29,,,1,70,,37229,29,,,1,30,,37210,29,,,1,70,,37198,29,,,1,30,,37219,29,,,1,70,,37206,29,,,1,30,,37211,29,,,1,70,,37201,29,,,1,30,,37237,29,,,1,70,,32029,29,,,1
33700,'3',649,,37260,29,,,1,70,,37269,29,,,1,30,,37247,29,,,1,70,,37251,29,,,1,30,,29344,29,,,1,70,,37252,29,,,1,30,,37271,29,,,1,70,,29047,29,,,1,30,,37262,29,,,1,70,,37257,29,,,1,30,,37244,29,,,1,70,,28726,29,,,1,30,,37267,29,,,1,70,,37278,29,,,1,30,,37255,29,,,1,70,,37256,29,,,1,30,,37276,29,,,1,70,,27477,29,,,1,30,,37274,29,,,1,70,,29172,29,,,1,30,,37259,29,,,1,70,,37261,29,,,1,30,,37272,29,,,1,70,,32607,29,,,1,30,,37245,29,,,1
33700,'6',649,,37304,29,,,1,70,,37315,29,,,1,30,,37286,29,,,1,70,,37293,29,,,1,30,,37307,29,,,1,70,,37294,29,,,1,30,,37320,29,,,1,70,,37291,29,,,1,30,,37308,29,,,1,70,,37301,29,,,1,30,,37283,29,,,1,70,,37292,29,,,1,30,,37313,29,,,1,70,,37328,29,,,1,30,,37298,29,,,1,70,,37299,29,,,1,30,,37326,29,,,1,70,,37306,29,,,1,30,,37323,29,,,1,70,,37317,29,,,1,30,,37303,29,,,1,70,,37305,29,,,1,30,,37321,29,,,1,70,,37318,29,,,1,30,,37284,29,,,1
33700,'8',1149,,37337,29,,,1,70,,37340,29,,,1,30,,37352,29,,,1,70,,37343,29,,,1,30,,37344,29,,,1,70,,29852,29,,,1,30,,37359,29,,,1,70,,37333,29,,,1,30,,37346,29,,,1,70,,37348,29,,,1,30,,37358,29,,,1,70,,37354,29,,,1,30,,37355,29,,,1,70,,37334,29,,,1,30,,37335,29,,,1
40801,'1',703,,39214,35,0,64 38,1,31,,39212,35,0,64 38,1,70,,31913,35,0,64 38,1,30,,39216,35,0,64 38,1,70,,22901,35,0,64 38,1,30,,39218,35,0,64 38,1,70,,39232,35,0,64 38,1,30,,39229,35,0,64 38,1,70,,39223,35,0,64 38,1,30,,39222,35,0,64 38,1,70,,39220,35,0,64 38,1,30,,39226,35,0,64 38,1,70,,39235,35,0,64 38,1,30,,39230,35,0,64 38,1,70,,39221,35,0,64 38,1,30,,39211,35,0,64 38,1,70,,39227,35,0,64 38,1,30,,39215,35,0,64 38,1,70,,39225,35,0,64 38,1,30,,39219,35,0,64 38,1,70,,39213,35,0,64 38,1,30,,39236,35,0,64 38,1,70,,39233,35,0,64 38,1,30,,39234,35,0,64 38,1,99,,39231,35,0,64 38,1,100,,39217,35,0,64 38,1,100,,39237,35,0,64 38,1,100,,39228,35,0,64 38,1,100,,39224,35,0,64 38,1
40801,'11',703,,39242,35,0,64 38,1,31,,39240,35,0,64 38,1,70,,39238,35,0,64 38,1,30,,39244,35,0,64 38,1,70,,39258,35,0,64 38,1,30,,39246,35,0,64 38,1,70,,39261,35,0,64 38,1,30,,39257,35,0,64 38,1,70,,39251,35,0,64 38,1,30,,39250,35,0,64 38,1,70,,39248,35,0,64 38,1,30,,39254,35,0,64 38,1,70,,39264,35,0,64 38,1,30,,39259,35,0,64 38,1,70,,39249,35,0,64 38,1,30,,39239,35,0,64 38,1,70,,39255,35,0,64 38,1,30,,39243,35,0,64 38,1,70,,39253,35,0,64 38,1,30,,39247,35,0,64 38,1,70,,39241,35,0,64 38,1,30,,39265,35,0,64 38,1,70,,39262,35,0,64 38,1,30,,39263,35,0,64 38,1,99,,39260,35,0,64 38,1,100,,39245,35,0,64 38,1,100,,39266,35,0,64 38,1,100,,39256,35,0,64 38,1,100,,39252,35,0,64 38,1
40801,'12',1834,,39267,35,0,64 38,1,99,,39272,35,0,64 38,1,100,,39270,35,0,64 38,1,100,,39268,35,0,64 38,1,100,,39269,35,0,64 38,1,100,,39271,35,0,64 38,1
40801,'13',1834,,39273,35,0,64 38,1,99,,39278,35,0,64 38,1,100,,39276,35,0,64 38,1,100,,39274,35,0,64 38,1,100,,39275,35,0,64 38,1,100,,39277,35,0,64 38,1
40801,'14',1134,,39282,35,0,64 38,1,100,,39280,35,0,64 38,1,100,,39281,35,0,64 38,1,100,,39285,35,0,64 38,1,100,,39283,35,0,64 38,1,100,,39279,35,0,64 38,1,100,,39284,35,0,64 38,1
40801,'16',703,,39289,35,0,64 38,1,31,,39287,35,0,64 38,1,70,,31950,35,0,64 38,1,30,,39291,35,0,64 38,1,70,,32045,35,0,64 38,1,30,,39293,35,0,64 38,1,70,,39307,35,0,64 38,1,30,,39304,35,0,64 38,1,70,,39298,35,0,64 38,1,30,,39297,35,0,64 38,1,70,,39295,35,0,64 38,1,30,,39301,35,0,64 38,1,70,,39310,35,0,64 38,1,30,,39305,35,0,64 38,1,70,,39296,35,0,64 38,1,30,,39286,35,0,64 38,1,70,,39302,35,0,64 38,1,30,,39290,35,0,64 38,1,70,,39300,35,0,64 38,1,30,,39294,35,0,64 38,1,70,,39288,35,0,64 38,1,30,,39311,35,0,64 38,1,70,,39308,35,0,64 38,1,30,,39309,35,0,64 38,1,99,,39306,35,0,64 38,1,100,,39292,35,0,64 38,1,100,,39312,35,0,64 38,1,100,,39303,35,0,64 38,1,100,,39299,35,0,64 38,1
40801,'3',1834,,39313,35,0,64 38,1,99,,39318,35,0,64 38,1,100,,39316,35,0,64 38,1,100,,39314,35,0,64 38,1,100,,39315,35,0,64 38,1,100,,39317,35,0,64 38,1
40801,'6',1834,,39319,35,0,64 38,1,99,,39324,35,0,64 38,1,100,,39322,35,0,64 38,1,100,,39320,35,0,64 38,1,100,,39321,35,0,64 38,1,100,,39323,35,0,64 38,1
40801,'8',934,,39331,35,0,64 38,1,100,,39335,35,0,64 38,1,70,,32236,35,0,64 38,1,30,,39326,35,0,64 38,1,70,,39341,35,0,64 38,1,30,,39332,35,0,64 38,1,70,,39339,35,0,64 38,1,30,,39333,35,0,64 38,1,70,,30587,35,0,64 38,1,30,,39336,35,0,64 38,1,70,,39325,35,0,64 38,1,30,,39338,35,0,64 38,1,70,,39327,35,0,64 38,1,30,,39330,35,0,64 38,1,70,,39337,35,0,64 38,1,30,,39334,35,0,64 38,1,70,,39329,35,0,64 38,1,30,,39328,35,0,64 38,1,99,,39340,35,0,64 38,1
43700,'1',1935,,41864,21,,,1,100,,41858,21,,,1,100,,41865,21,,,1,100,,41859,21,,,1,100,,41860,21,,,1
43700,'11',1935,,41874,21,,,1,100,,41867,21,,,1,100,,41875,21,,,1,100,,41868,21,,,1,100,,41869,21,,,1
43700,'12',1935,,41877,21,,,1,100,,41885,21,,,1,100,,41879,21,,,1,100,,41883,21,,,1,100,,41882,21,,,1
43700,'13',1935,,41887,21,,,1,100,,41894,21,,,1,100,,41889,21,,,1,100,,27816,21,,,1,100,,41892,21,,,1
43700,'16',1935,,41902,21,,,1,100,,41896,21,,,1,100,,41903,21,,,1,100,,41897,21,,,1,100,,41898,21,,,1
43700,'3',1935,,41905,21,,,1,100,,41912,21,,,1,100,,41907,21,,,1,100,,27839,21,,,1,100,,41910,21,,,1
43700,'6',1935,,41914,21,,,1,100,,41922,21,,,1,100,,41916,21,,,1,100,,41920,21,,,1,100,,41919,21,,,1
