31201,'15',640,,16552,,,1,71,,16550,,,1,30,,16537,,,1,70,,16535,,,1,30,,16541,,,1,70,,16549,,,1,30,,16548,,,1,70,,16536,,,1,30,,16539,,,1,70,,16555,,,1,30,,16542,,,1,70,,16554,,,1,30,,16556,,,1,70,,16543,,,1,30,,16534,,,1,69,,16544,,,1,41,,16538,,,1,70,,16551,,,1,30,,16546,,,1,70,,16553,,,1,30,,16540,,,1,70,,16545,,,1,30,,16547,,,1
31201,'16',640,,16572,,,1,71,,16570,,,1,30,,16559,,,1,70,,16558,,,1,30,,16562,,,1,70,,16569,,,1,30,,16568,,,1,70,,8848,,,1,30,,7899,,,1,70,,16575,,,1,30,,16563,,,1,70,,16574,,,1,30,,16576,,,1,70,,16564,,,1,30,,16557,,,1,69,,16565,,,1,41,,16560,,,1,70,,16571,,,1,30,,16567,,,1,70,,16573,,,1,30,,16561,,,1,70,,16566,,,1,30,,12796,,,1
31201,'17',640,,16592,,,1,71,,16590,,,1,30,,16579,,,1,70,,16578,,,1,30,,16582,,,1,70,,16589,,,1,30,,16588,,,1,70,,8873,,,1,30,,7923,,,1,70,,16595,,,1,30,,16583,,,1,70,,16594,,,1,30,,16596,,,1,70,,16584,,,1,30,,16577,,,1,69,,16585,,,1,41,,16580,,,1,70,,16591,,,1,30,,16587,,,1,70,,16593,,,1,30,,16581,,,1,70,,16586,,,1,30,,12798,,,1
31201,'19',640,,16614,,,1,71,,16612,,,1,30,,16600,,,1,70,,16598,,,1,30,,16604,,,1,70,,16611,,,1,30,,16610,,,1,70,,16599,,,1,30,,16602,,,1,70,,16617,,,1,30,,11684,,,1,70,,16616,,,1,30,,16618,,,1,70,,16605,,,1,30,,16597,,,1,69,,16606,,,1,41,,16601,,,1,70,,16613,,,1,30,,16608,,,1,70,,16615,,,1,30,,16603,,,1,70,,16607,,,1,30,,16609,,,1
31201,'5',640,,16633,,,1,71,,16631,,,1,30,,16621,,,1,70,,16620,,,1,30,,16624,,,1,70,,16630,,,1,30,,16629,,,1,70,,8891,,,1,30,,7944,,,1,70,,16636,,,1,30,,16625,,,1,70,,16635,,,1,30,,16637,,,1,70,,16626,,,1,30,,16619,,,1,69,,16627,,,1,41,,16622,,,1,70,,16632,,,1,30,,16628,,,1,70,,16634,,,1,30,,16623,,,1,70,,8367,,,1,30,,12804,,,1
31201,'6',640,,16656,,,1,71,,16654,,,1,30,,16641,,,1,70,,16639,,,1,30,,16645,,,1,70,,16653,,,1,30,,16652,,,1,70,,16640,,,1,30,,16643,,,1,70,,16659,,,1,30,,16646,,,1,70,,16658,,,1,30,,16660,,,1,70,,16647,,,1,30,,16638,,,1,69,,16648,,,1,41,,16642,,,1,70,,16655,,,1,30,,16650,,,1,70,,16657,,,1,30,,16644,,,1,70,,16649,,,1,30,,16651,,,1
41201,'1',1115,,10567,0,68,1,100,,23033,0,68,1,100,,23036,0,68,1,100,,23037,0,68,1,100,,7224,0,68,1,100,,23034,0,68,1,100,,23035,0,68,1,100,,23032,0,74 29,1
41201,'10',615,,23063,0,68,1,30,,23043,0,68,1,70,,23062,0,68,1,30,,23065,0,68,1,70,,23055,0,68,1,30,,23067,0,68,1,70,,23044,0,68,1,30,,23060,0,68,1,70,,23057,0,68,1,30,,23040,0,68,1,70,,23050,0,68,1,30,,23061,0,68,1,70,,23038,0,68,1,30,,23047,0,68,1,70,,23059,0,68,1,30,,23049,0,68,1,70,,23045,0,68,1,30,,23039,0,68,1,70,,23046,0,68,1,30,,23041,0,68,1,70,,23051,0,68,1,30,,23048,0,68,1,70,,23056,0,68,1,30,,23064,0,68,1,70,,23053,0,68,1,100,,23052,0,68,1,100,,23042,0,68,1,100,,23058,0,68,1,100,,23066,0,68,1,100,,23054,0,68,1
41201,'12',915,,23068,0,68,1,100,,23080,0,68,1,30,,23077,0,68,1,70,,23081,0,68,1,30,,23086,0,68,1,70,,23076,0,68,1,30,,23073,0,68,1,70,,23074,0,68,1,30,,23072,0,68,1,70,,23078,0,68,1,30,,23071,0,68,1,70,,23084,0,68,1,30,,23085,0,68,1,70,,23070,0,68,1,30,,23087,0,68,1,70,,23069,0,68,1,30,,23079,0,68,1,70,,23075,0,68,1,100,,23083,0,68,1,100,,23082,0,68,1
41201,'15',1815,,23091,0,68,1,100,,23088,0,68,1,100,,23089,0,68,1,100,,23092,0,68,1,100,,23093,0,68,1,100,,23090,0,68,1
41201,'16',1815,,23096,0,68,1,100,,23094,0,68,1,100,,7813,0,68,1,100,,23097,0,68,1,100,,23098,0,68,1,100,,23095,0,68,1
41201,'17',1815,,23101,0,68,1,100,,23099,0,68,1,100,,855,0,68,1,100,,23102,0,68,1,100,,23103,0,68,1,100,,23100,0,68,1
41201,'19',1815,,23107,0,68,1,100,,23104,0,68,1,100,,23105,0,68,1,100,,23108,0,68,1,100,,23109,0,68,1,100,,23106,0,68,1
41201,'21',615,,23130,0,68,1,30,,23115,0,68,1,70,,23129,0,68,1,30,,23132,0,68,1,70,,11548,0,68,1,30,,23134,0,68,1,70,,23116,0,68,1,30,,11888,0,68,1,70,,23125,0,68,1,30,,23112,0,68,1,70,,23121,0,68,1,30,,23128,0,68,1,70,,23110,0,68,1,30,,23118,0,68,1,70,,23127,0,68,1,30,,23120,0,68,1,70,,12147,0,68,1,30,,23111,0,68,1,70,,23117,0,68,1,30,,23113,0,68,1,70,,11167,0,68,1,30,,23119,0,68,1,70,,11036,0,68,1,30,,23131,0,68,1,70,,23123,0,68,1,100,,23122,0,68,1,100,,23114,0,68,1,100,,23126,0,68,1,100,,23133,0,68,1,100,,23124,0,68,1
41201,'5',1815,,23137,0,68,1,100,,23135,0,68,1,100,,832,0,68,1,100,,23138,0,68,1,100,,23139,0,68,1,100,,23136,0,68,1
41201,'6',1815,,23143,0,68,1,100,,23140,0,68,1,100,,23141,0,68,1,100,,23144,0,68,1,100,,23145,0,68,1,100,,23142,0,68,1
