31001,'11',636,,18673,13,0,36,1,70,,28246,13,0,36,1,30,,28232,13,0,36,1,70,,28242,13,0,36,1,30,,28238,13,0,36,1,70,,28247,13,0,36,1,30,,28228,13,0,36,1,70,,28241,13,0,36,1,30,,28236,13,0,36,1,70,,28235,13,0,36,1,30,,28248,13,0,36,1,70,,28237,13,0,36,1,30,,26820,13,0,36,1,70,,28243,13,0,36,1,30,,28234,13,0,36,1,70,,23335,13,0,36,1,30,,28245,13,0,36,1,70,,28233,13,0,36,1,26,,26986,10,0,37 38,1,4,,28227,13,0,36,1,70,,28240,13,0,36,1,30,,28239,13,0,36,1,70,,28231,13,0,36,1,30,,28244,13,0,36,1,70,,28230,13,0,36,1,30,,28229,13,0,36,1
31001,'3',636,,18709,13,0,36,1,70,,28268,13,0,36,1,30,,28254,13,0,36,1,70,,28264,13,0,36,1,30,,28260,13,0,36,1,70,,28269,13,0,36,1,30,,28250,13,0,36,1,70,,28263,13,0,36,1,30,,28258,13,0,36,1,70,,28257,13,0,36,1,30,,28270,13,0,36,1,70,,28259,13,0,36,1,30,,26869,13,0,36,1,70,,28265,13,0,36,1,30,,28256,13,0,36,1,70,,23373,13,0,36,1,30,,28267,13,0,36,1,70,,28255,13,0,36,1,26,,27034,10,0,37 38,1,4,,28249,13,0,36,1,70,,28262,13,0,36,1,30,,28261,13,0,36,1,70,,28253,13,0,36,1,30,,28266,13,0,36,1,70,,28252,13,0,36,1,30,,28251,13,0,36,1
31601,'11',720,,28707,19,,,1,15,,28687,19,,,1,15,,28686,19,,,1,55,,28679,19,,,1,15,,28703,19,,,1,15,,28714,19,,,1,15,,28712,19,,,1,55,,28696,19,,,1,15,,28695,19,,,1,15,,28709,19,,,1,15,,28705,19,,,1,55,,28708,19,,,1,15,,28672,19,,,1,15,,28702,19,,,1,15,,28692,19,,,1,55,,28711,19,,,1,15,,28699,19,,,1,15,,28671,19,,,1,15,,28676,19,,,1,55,,28678,19,,,1,15,,28673,19,,,1,15,,28697,19,,,1,15,,28710,19,,,1,55,,28698,19,,,1,15,,22598,19,,,1,15,,28682,19,,,1,15,,28688,19,,,1,55,,28683,19,,,1,15,,28704,19,,,1,15,,28690,19,,,1,15,,28684,19,,,1,55,,28701,19,,,1,15,,28689,19,,,1,15,,22794,19,,,1,15,,28674,19,,,1,55,,28691,19,,,1,15,,28700,19,,,1,15,,28693,19,,,1,15,,28685,19,,,1,55,,28694,19,,,1,15,,28680,19,,,1,15,,28681,19,,,1,15,,23141,19,,,1,55,,28675,19,,,1,15,,28677,19,,,1,15,,28706,19,,,1,15,,28713,19,,,1
31601,'3',720,,28751,19,,,1,15,,28731,19,,,1,15,,28730,19,,,1,55,,28723,19,,,1,15,,28747,19,,,1,15,,28758,19,,,1,15,,28756,19,,,1,55,,28740,19,,,1,15,,28739,19,,,1,15,,28753,19,,,1,15,,28749,19,,,1,55,,28752,19,,,1,15,,28716,19,,,1,15,,28746,19,,,1,15,,28736,19,,,1,55,,28755,19,,,1,15,,28743,19,,,1,15,,28715,19,,,1,15,,28720,19,,,1,55,,28722,19,,,1,15,,28717,19,,,1,15,,28741,19,,,1,15,,28754,19,,,1,55,,28742,19,,,1,15,,22614,19,,,1,15,,28726,19,,,1,15,,28732,19,,,1,55,,28727,19,,,1,15,,28748,19,,,1,15,,28734,19,,,1,15,,28728,19,,,1,55,,28745,19,,,1,15,,28733,19,,,1,15,,22816,19,,,1,15,,28718,19,,,1,55,,28735,19,,,1,15,,28744,19,,,1,15,,28737,19,,,1,15,,28729,19,,,1,55,,28738,19,,,1,15,,28724,19,,,1,15,,28725,19,,,1,15,,23154,19,,,1,55,,28719,19,,,1,15,,28721,19,,,1,15,,28750,19,,,1,15,,28757,19,,,1
41001,'1',639,,23182,13,0,37 38,1,70,,24886,13,0,37 38,1,30,,31193,13,0,37 38,1,70,,31188,13,0,37 38,1,30,,31187,13,0,37 38,1,70,,21426,13,0,37 38,1,30,,31194,13,0,37 38,1,70,,31189,13,0,37 38,1,30,,31192,13,0,37 38,1,70,,31181,13,0,37 38,1,30,,31180,13,0,37 38,1,70,,31182,13,0,37 38,1,30,,31191,13,0,37 38,1,70,,31196,13,0,37 38,1,30,,31178,13,0,37 38,1,70,,31186,13,0,37 38,1,30,,31179,13,0,37 38,1,70,,31190,13,0,37 38,1,30,,31183,13,0,37 38,1,70,,24701,13,0,37 38,1,30,,21576,13,0,37 38,1,70,,31184,13,0,37 38,1,30,,31185,13,0,37 38,1,70,,31195,13,0,37 38,1
41001,'12',1139,,31202,13,0,37 38,1,100,,31200,13,0,37 38,1,100,,31199,13,0,37 38,1,100,,31201,13,0,37 38,1,100,,31198,13,0,37 38,1,100,,31203,13,0,37 38,1,100,,31197,13,0,37 38,1
41001,'14',639,,31215,13,0,37 38,1,70,,31216,13,0,37 38,1,30,,31222,13,0,37 38,1,70,,31213,13,0,37 38,1,30,,31212,13,0,37 38,1,70,,31209,13,0,37 38,1,30,,31223,13,0,37 38,1,70,,31214,13,0,37 38,1,30,,31221,13,0,37 38,1,70,,31206,13,0,37 38,1,30,,26845,13,0,37 38,1,70,,31207,13,0,37 38,1,30,,31220,13,0,37 38,1,70,,31225,13,0,37 38,1,30,,31204,13,0,37 38,1,70,,31211,13,0,37 38,1,30,,31205,13,0,37 38,1,70,,31217,13,0,37 38,1,30,,26849,13,0,37 38,1,70,,31219,13,0,37 38,1,30,,31218,13,0,37 38,1,70,,31208,13,0,37 38,1,30,,31210,13,0,37 38,1,70,,31224,13,0,37 38,1
41001,'8',939,,31238,13,0,37 38,1,100,,31240,13,0,37 38,1,70,,31232,13,0,37 38,1,30,,31234,13,0,37 38,1,70,,31227,13,0,37 38,1,30,,31226,13,0,37 38,1,70,,31242,13,0,37 38,1,30,,31233,13,0,37 38,1,70,,31235,13,0,37 38,1,30,,31228,13,0,37 38,1,70,,31236,13,0,37 38,1,30,,31230,13,0,37 38,1,70,,31239,13,0,37 38,1,30,,31241,13,0,37 38,1,70,,31244,13,0,37 38,1,30,,31229,13,0,37 38,1,70,,31231,13,0,37 38,1,30,,31243,13,0,37 38,1,100,,31237,13,0,37 38,1
41601,'1',740,,31783,19,,,1,70,,31807,19,,,1,30,,31785,19,,,1,70,,31798,19,,,1,25,,31799,19,,,1,70,,31788,19,,,1,31,,22955,19,,,1,70,,31805,19,,,1,30,,31797,19,,,1,70,,31789,19,,,1,30,,31792,19,,,1,70,,31803,19,,,1,30,,31795,19,,,1,70,,24008,19,,,1,30,,31784,19,,,1,70,,31808,19,,,1,30,,31814,19,,,1,70,,22208,19,,,1,30,,31801,19,,,1,70,,31812,19,,,1,30,,31786,19,,,1,70,,31810,19,,,1,35,,31804,19,,,1,69,,31796,19,,,1,30,,31793,19,,,1,70,,24686,19,,,1,30,,31791,19,,,1,70,,31794,19,,,1,30,,31790,19,,,1,67,,23235,19,,,1,3,,31800,19,,,1,27,,31802,19,,,1,3,,31813,19,,,1,67,,31787,19,,,1,3,,31806,19,,,1,27,,31811,19,,,1,3,,31809,19,,,1
41601,'11',1910,,31815,19,,,1,30,,31824,19,,,1,70,,31820,19,,,1,30,,31818,19,,,1,70,,31816,19,,,1,30,,31821,19,,,1,70,,31823,19,,,1,30,,31817,19,,,1,70,,31822,19,,,1,30,,31819,19,,,1
41601,'12',1111,,31826,19,,,1,30,,31835,19,,,1,70,,31834,19,,,1,30,,31831,19,,,1,70,,31833,19,,,1,30,,31832,19,,,1,70,,31828,19,,,1,30,,31827,19,,,1,70,,31830,19,,,1,30,,31836,19,,,1,70,,31837,19,,,1,30,,24535,19,,,1,70,,31838,19,,,1,30,,31825,19,,,1,70,,31829,19,,,1
41601,'14',740,,31839,19,,,1,70,,31866,19,,,1,30,,31841,19,,,1,70,,31857,19,,,1,25,,16948,19,,,1,70,,31846,19,,,1,31,,31842,19,,,1,70,,31864,19,,,1,30,,31854,19,,,1,70,,31847,19,,,1,30,,31850,19,,,1,70,,31862,19,,,1,30,,31852,19,,,1,70,,31845,19,,,1,30,,31840,19,,,1,70,,31867,19,,,1,30,,31873,19,,,1,70,,31860,19,,,1,30,,31859,19,,,1,70,,31871,19,,,1,30,,31843,19,,,1,70,,31869,19,,,1,35,,31863,19,,,1,69,,31853,19,,,1,30,,26451,19,,,1,70,,31855,19,,,1,30,,31849,19,,,1,70,,31851,19,,,1,30,,31848,19,,,1,67,,31856,19,,,1,3,,31858,19,,,1,27,,31861,19,,,1,3,,31872,19,,,1,67,,31844,19,,,1,3,,31865,19,,,1,27,,31870,19,,,1,3,,31868,19,,,1
41601,'3',1910,,31874,19,,,1,30,,31883,19,,,1,70,,31879,19,,,1,30,,31877,19,,,1,70,,31875,19,,,1,30,,31880,19,,,1,70,,31882,19,,,1,30,,31876,19,,,1,70,,31881,19,,,1,30,,31878,19,,,1
41601,'8',905,,31886,19,,,1,30,,31888,19,,,1,70,,31898,19,,,1,31,,31899,19,,,1,70,,26496,19,,,1,30,,31890,19,,,1,70,,25712,19,,,1,30,,31902,19,,,1,70,,31897,19,,,1,30,,31891,19,,,1,70,,31900,19,,,1,30,,31896,19,,,1,70,,31887,19,,,1,30,,31903,19,,,1,70,,31905,19,,,1,30,,31885,19,,,1,70,,31895,19,,,1,30,,31904,19,,,1,70,,31901,19,,,1,30,,31884,19,,,1,70,,31893,19,,,1,29,,31894,19,,,1,70,,31892,19,,,1,30,,31889,19,,,1
