30501,'15',633,,10291,36,0,27,1,70,,10279,36,0,27,1,30,,10287,36,0,27,1,70,,10290,36,0,27,1,30,,10273,36,0,27,1,70,,10286,36,0,27,1,30,,10268,36,0,27,1,70,,10274,36,0,27,1,30,,10276,36,0,27,1,70,,10278,36,0,27,1,30,,10282,36,0,27,1,70,,10280,36,0,27,1,30,,10270,36,0,27,1,70,,10284,36,0,27,1,30,,10283,36,0,27,1,70,,10271,36,0,27,1,30,,10275,36,0,27,1,70,,10288,36,0,27,1,30,,10292,36,0,27,1,70,,10289,36,0,27,1,30,,10277,36,0,27,1,70,,10272,36,0,27,1,30,,10281,36,0,27,1,70,,10285,36,0,27,1
30501,'16',633,,10309,36,0,27,1,70,,1671,36,0,27,1,30,,10305,36,0,27,1,70,,10308,36,0,27,1,30,,10296,36,0,27,1,70,,10304,36,0,27,1,30,,10293,36,0,27,1,70,,1185,36,0,27,1,30,,8145,36,0,27,1,70,,3972,36,0,27,1,30,,10301,36,0,27,1,70,,10299,36,0,27,1,30,,4910,36,0,27,1,70,,10303,36,0,27,1,30,,10302,36,0,27,1,70,,10294,36,0,27,1,30,,10297,36,0,27,1,70,,10306,36,0,27,1,30,,10310,36,0,27,1,70,,10307,36,0,27,1,30,,10298,36,0,27,1,70,,10295,36,0,27,1,30,,10300,36,0,27,1,70,,2457,36,0,27,1
30501,'17',633,,10326,36,0,27,1,70,,1694,36,0,27,1,30,,10322,36,0,27,1,70,,10325,36,0,27,1,30,,10314,36,0,27,1,70,,10321,36,0,27,1,30,,10311,36,0,27,1,70,,1209,36,0,27,1,30,,8150,36,0,27,1,70,,3984,36,0,27,1,30,,10318,36,0,27,1,70,,10316,36,0,27,1,30,,4933,36,0,27,1,70,,10320,36,0,27,1,30,,10319,36,0,27,1,70,,10312,36,0,27,1,30,,8655,36,0,27,1,70,,10323,36,0,27,1,30,,10327,36,0,27,1,70,,10324,36,0,27,1,30,,10315,36,0,27,1,70,,10313,36,0,27,1,30,,10317,36,0,27,1,70,,2480,36,0,27,1
30501,'19',633,,10350,36,0,27,1,70,,10339,36,0,27,1,30,,10346,36,0,27,1,70,,10349,36,0,27,1,30,,10333,36,0,27,1,70,,10345,36,0,27,1,30,,10328,36,0,27,1,70,,10334,36,0,27,1,30,,10336,36,0,27,1,70,,10338,36,0,27,1,30,,10341,36,0,27,1,70,,10340,36,0,27,1,30,,10330,36,0,27,1,70,,10343,36,0,27,1,30,,10342,36,0,27,1,70,,10331,36,0,27,1,30,,10335,36,0,27,1,70,,10347,36,0,27,1,30,,10351,36,0,27,1,70,,10348,36,0,27,1,30,,10337,36,0,27,1,70,,10332,36,0,27,1,30,,7336,36,0,27,1,70,,10344,36,0,27,1
30501,'5',633,,10368,36,0,27,1,70,,1717,36,0,27,1,30,,10364,36,0,27,1,70,,10367,36,0,27,1,30,,10355,36,0,27,1,70,,10363,36,0,27,1,30,,10352,36,0,27,1,70,,1233,36,0,27,1,30,,8179,36,0,27,1,70,,3996,36,0,27,1,30,,10360,36,0,27,1,70,,10358,36,0,27,1,30,,4987,36,0,27,1,70,,10362,36,0,27,1,30,,10361,36,0,27,1,70,,10353,36,0,27,1,30,,10356,36,0,27,1,70,,10365,36,0,27,1,30,,10369,36,0,27,1,70,,10366,36,0,27,1,30,,10357,36,0,27,1,70,,10354,36,0,27,1,30,,10359,36,0,27,1,70,,2503,36,0,27,1
30501,'6',633,,10393,36,0,27,1,70,,10381,36,0,27,1,30,,10389,36,0,27,1,70,,10392,36,0,27,1,30,,10375,36,0,27,1,70,,10388,36,0,27,1,30,,10370,36,0,27,1,70,,10376,36,0,27,1,30,,10378,36,0,27,1,70,,10380,36,0,27,1,30,,10384,36,0,27,1,70,,10382,36,0,27,1,30,,10372,36,0,27,1,70,,10386,36,0,27,1,30,,10385,36,0,27,1,70,,10373,36,0,27,1,30,,10377,36,0,27,1,70,,10390,36,0,27,1,30,,10394,36,0,27,1,70,,10391,36,0,27,1,30,,10379,36,0,27,1,70,,10374,36,0,27,1,30,,10383,36,0,27,1,70,,10387,36,0,27,1
41201,'1',1128,,5807,39,,,1,100,,18607,39,,,1,100,,18610,39,,,1,100,,18611,39,,,1,100,,2015,39,,,1,100,,18608,39,,,1,100,,18609,39,,,1
41201,'10',627,,18637,39,,,1,30,,18617,39,,,1,70,,18636,39,,,1,30,,18639,39,,,1,70,,18629,39,,,1,30,,18641,39,,,1,70,,18618,39,,,1,30,,18634,39,,,1,71,,18631,39,,,1,30,,18614,39,,,1,70,,18624,39,,,1,30,,18635,39,,,1,70,,18612,39,,,1,30,,18621,39,,,1,70,,18633,39,,,1,30,,18623,39,,,1,70,,18619,39,,,1,30,,18613,39,,,1,70,,18620,39,,,1,30,,18615,39,,,1,70,,18625,39,,,1,30,,18622,39,,,1,70,,18630,39,,,1,30,,18638,39,,,1,70,,18627,39,,,1,100,,18626,39,,,1,100,,18616,39,,,1,100,,18632,39,,,1,100,,18640,39,,,1,100,,18628,39,,,1
41201,'12',927,,18642,39,,,1,101,,18654,39,,,1,30,,18651,39,,,1,70,,18655,39,,,1,30,,18660,39,,,1,70,,18650,39,,,1,30,,18647,39,,,1,70,,18648,39,,,1,30,,18646,39,,,1,70,,18652,39,,,1,30,,18645,39,,,1,70,,18658,39,,,1,30,,18659,39,,,1,70,,18644,39,,,1,30,,18661,39,,,1,70,,18643,39,,,1,30,,18653,39,,,1,70,,18649,39,,,1,100,,18657,39,,,1,100,,18656,39,,,1
41201,'15',1828,,18665,39,,,1,100,,18662,39,,,1,100,,18663,39,,,1,100,,18666,39,,,1,100,,18667,39,,,1,100,,18664,39,,,1
41201,'16',1828,,18670,39,,,1,100,,18668,39,,,1,100,,2679,39,,,1,100,,18671,39,,,1,100,,18672,39,,,1,100,,18669,39,,,1
41201,'17',1828,,18675,39,,,1,100,,18673,39,,,1,100,,2704,39,,,1,100,,18676,39,,,1,100,,18677,39,,,1,100,,18674,39,,,1
41201,'19',1828,,18681,39,,,1,100,,18678,39,,,1,100,,18679,39,,,1,100,,18682,39,,,1,100,,18683,39,,,1,100,,18680,39,,,1
41201,'21',627,,18704,39,,,1,30,,18689,39,,,1,70,,18703,39,,,1,30,,18706,39,,,1,70,,6905,39,,,1,30,,18708,39,,,1,70,,18690,39,,,1,30,,7281,39,,,1,71,,18699,39,,,1,30,,18686,39,,,1,70,,18695,39,,,1,30,,18702,39,,,1,70,,18684,39,,,1,30,,18692,39,,,1,70,,18701,39,,,1,30,,18694,39,,,1,70,,7564,39,,,1,30,,18685,39,,,1,70,,18691,39,,,1,30,,18687,39,,,1,70,,6486,39,,,1,30,,18693,39,,,1,70,,6337,39,,,1,30,,18705,39,,,1,70,,18697,39,,,1,100,,18696,39,,,1,100,,18688,39,,,1,100,,18700,39,,,1,100,,18707,39,,,1,100,,18698,39,,,1
41201,'5',1828,,18711,39,,,1,100,,18709,39,,,1,100,,2728,39,,,1,100,,18712,39,,,1,100,,18713,39,,,1,100,,18710,39,,,1
41201,'6',1828,,18717,39,,,1,100,,18714,39,,,1,100,,18715,39,,,1,100,,18718,39,,,1,100,,18719,39,,,1,100,,18716,39,,,1
