30101,'12',628,,32947,19,0,5 15,1,30,,32948,19,0,5 15,1,70,,32969,19,0,5 15,1,30,,32985,19,0,5 15,1,70,,32960,19,0,5 15,1,30,,32976,19,0,5 15,1,70,,32954,19,0,5 15,1,30,,32952,19,0,5 15,1,70,,32986,19,0,5 15,1,30,,32966,19,0,5 15,1,70,,32967,19,0,5 15,1,30,,32945,19,0,5 15,1,70,,32955,19,0,5 15,1,30,,32957,19,0,5 15,1,70,,32987,19,0,5 15,1,30,,32991,19,0,5 15,1,70,,32956,19,0,5 15,1,30,,32990,19,0,5 15,1,70,,32980,19,0,5 15,1,30,,32971,19,0,5 15,1,70,,32972,19,0,5 15,1,30,,32994,19,0,5 15,1,70,,32993,19,0,5 15,1,30,,32977,19,0,5 15,1
30101,'13',628,,32997,19,0,5 15,1,30,,32998,19,0,5 15,1,70,,33016,19,0,5 15,1,30,,28476,19,0,5 15,1,70,,33008,19,0,5 15,1,30,,33022,19,0,5 15,1,70,,33003,19,0,5 15,1,30,,33001,19,0,5 15,1,70,,33030,19,0,5 15,1,30,,33014,19,0,5 15,1,70,,33015,19,0,5 15,1,30,,32995,19,0,5 15,1,70,,33004,19,0,5 15,1,30,,33006,19,0,5 15,1,70,,31703,19,0,5 15,1,30,,33033,19,0,5 15,1,70,,33005,19,0,5 15,1,30,,28477,19,0,5 15,1,70,,33026,19,0,5 15,1,30,,33017,19,0,5 15,1,70,,33018,19,0,5 15,1,30,,33036,19,0,5 15,1,70,,33035,19,0,5 15,1,30,,33023,19,0,5 15,1
30101,'3',628,,33039,19,0,5 15,1,30,,33040,19,0,5 15,1,70,,33058,19,0,5 15,1,30,,28491,19,0,5 15,1,70,,33050,19,0,5 15,1,30,,33064,19,0,5 15,1,70,,33045,19,0,5 15,1,30,,33043,19,0,5 15,1,70,,33072,19,0,5 15,1,30,,33056,19,0,5 15,1,70,,33057,19,0,5 15,1,30,,33037,19,0,5 15,1,70,,33046,19,0,5 15,1,30,,33048,19,0,5 15,1,70,,31758,19,0,5 15,1,30,,33075,19,0,5 15,1,70,,33047,19,0,5 15,1,30,,28492,19,0,5 15,1,70,,33068,19,0,5 15,1,30,,33059,19,0,5 15,1,70,,33060,19,0,5 15,1,30,,33078,19,0,5 15,1,70,,33077,19,0,5 15,1,30,,33065,19,0,5 15,1
30101,'6',628,,33081,19,0,5 15,1,30,,33082,19,0,5 15,1,70,,33103,19,0,5 15,1,30,,33119,19,0,5 15,1,70,,33094,19,0,5 15,1,30,,33110,19,0,5 15,1,70,,33088,19,0,5 15,1,30,,33086,19,0,5 15,1,70,,33120,19,0,5 15,1,30,,33100,19,0,5 15,1,70,,33101,19,0,5 15,1,30,,33079,19,0,5 15,1,70,,33089,19,0,5 15,1,30,,33091,19,0,5 15,1,70,,33121,19,0,5 15,1,30,,33125,19,0,5 15,1,70,,33090,19,0,5 15,1,30,,33124,19,0,5 15,1,70,,33114,19,0,5 15,1,30,,33105,19,0,5 15,1,70,,33106,19,0,5 15,1,30,,33128,19,0,5 15,1,70,,33127,19,0,5 15,1,30,,33111,19,0,5 15,1
40101,'1',642,,38036,19,0,16,1,70,,38052,19,0,16,1,30,,38025,19,0,16,1,70,,38054,19,0,16,1,30,,38057,19,0,16,1,70,,38048,19,0,16,1,30,,32002,19,0,16,1,70,,38046,19,0,16,1,30,,38060,19,0,16,1,70,,38020,19,0,16,1,30,,38034,19,0,16,1,70,,38031,19,0,16,1,30,,30519,19,0,16,1,70,,38038,19,0,16,1,30,,38026,19,0,16,1,70,,38043,19,0,16,1,30,,38045,19,0,16,1,70,,38063,19,0,16,1,30,,38040,19,0,16,1,70,,38033,19,0,16,1,30,,38032,19,0,16,1,70,,38027,19,0,16,1,30,,38056,19,0,16,1,70,,38059,19,0,16,1,30,,38037,19,0,16,1,100,,38012,19,0,16,1,100,,38028,19,0,16,1,100,,38049,19,0,16,1,100,,38013,19,0,16,1,100,,38011,19,0,5,1
40101,'11',642,,38093,19,0,16,1,70,,38112,19,0,16,1,30,,38082,19,0,16,1,70,,38114,19,0,16,1,30,,38117,19,0,16,1,70,,38107,19,0,16,1,30,,38102,19,0,16,1,70,,38105,19,0,16,1,30,,38120,19,0,16,1,70,,38077,19,0,16,1,30,,38091,19,0,16,1,70,,38088,19,0,16,1,30,,38099,19,0,16,1,70,,38094,19,0,16,1,30,,38083,19,0,16,1,70,,38101,19,0,16,1,30,,38104,19,0,16,1,70,,38124,19,0,16,1,30,,38097,19,0,16,1,70,,38090,19,0,16,1,30,,38089,19,0,16,1,70,,38084,19,0,16,1,30,,38116,19,0,16,1,70,,38119,19,0,16,1,30,,38095,19,0,16,1,100,,38069,19,0,16,1,100,,38085,19,0,16,1,100,,38108,19,0,16,1,100,,38070,19,0,16,1,100,,38068,19,0,5,1
40101,'12',1842,,38134,19,0,16,1,100,,38133,19,0,16,1,100,,38132,19,0,16,1,100,,38128,19,0,16,1,100,,38137,19,0,16,1,100,,38130,19,0,5,1
40101,'13',1842,,38145,19,0,16,1,100,,38144,19,0,16,1,100,,38143,19,0,16,1,100,,38139,19,0,16,1,100,,38148,19,0,16,1,100,,38141,19,0,5,1
40101,'14',1042,,38157,19,0,16,1,100,,38159,19,0,16,1,100,,38158,19,0,16,1,100,,38153,19,0,16,1,100,,38156,19,0,16,1,100,,38151,19,0,16,1,100,,38162,19,0,16,1,100,,38149,19,0,5,1
40101,'16',642,,38191,19,0,16,1,70,,38207,19,0,16,1,30,,38180,19,0,16,1,70,,38209,19,0,16,1,30,,38212,19,0,16,1,70,,38203,19,0,16,1,30,,32040,19,0,16,1,70,,38201,19,0,16,1,30,,38215,19,0,16,1,70,,38175,19,0,16,1,30,,38189,19,0,16,1,70,,38186,19,0,16,1,30,,30556,19,0,16,1,70,,38193,19,0,16,1,30,,38181,19,0,16,1,70,,38198,19,0,16,1,30,,38200,19,0,16,1,70,,38218,19,0,16,1,30,,38195,19,0,16,1,70,,38188,19,0,16,1,30,,38187,19,0,16,1,70,,38182,19,0,16,1,30,,38211,19,0,16,1,70,,38214,19,0,16,1,30,,38192,19,0,16,1,100,,38167,19,0,16,1,100,,38183,19,0,16,1,100,,38204,19,0,16,1,100,,38168,19,0,16,1,100,,38166,19,0,5,1
40101,'3',1842,,38228,19,0,16,1,100,,38227,19,0,16,1,100,,38226,19,0,16,1,100,,38222,19,0,16,1,100,,38231,19,0,16,1,100,,38224,19,0,5,1
40101,'6',1842,,38239,19,0,16,1,100,,38238,19,0,16,1,100,,38237,19,0,16,1,100,,38233,19,0,16,1,100,,38242,19,0,16,1,100,,38235,19,0,5,1
40101,'8',842,,38272,19,0,16,1,100,,38276,19,0,16,1,100,,38252,19,0,16,1,70,,38262,19,0,16,1,30,,38268,19,0,16,1,70,,38258,19,0,16,1,30,,38281,19,0,16,1,70,,38247,19,0,16,1,30,,38243,19,0,16,1,70,,38260,19,0,16,1,30,,38253,19,0,16,1,70,,38274,19,0,16,1,30,,38254,19,0,16,1,70,,38267,19,0,16,1,30,,38251,19,0,16,1,70,,38244,19,0,16,1,30,,38269,19,0,16,1,70,,38248,19,0,16,1,30,,38273,19,0,16,1,100,,38279,19,0,16,1
