31201,'12',637,,35035,6,,,1,70,,35034,6,,,1,30,,35040,6,,,1,70,,35024,6,,,1,30,,35044,6,,,1,70,,35039,6,,,1,30,,35042,6,,,1,70,,35038,6,,,1,30,,35032,6,,,1,70,,35041,6,,,1,30,,35037,6,,,1,70,,35043,6,,,1,30,,35025,6,,,1,70,,35036,6,,,1,30,,35028,6,,,1,70,,35045,6,,,1,41,,35027,6,,,1,70,,35030,6,,,1,30,,35031,6,,,1,70,,35026,6,,,1,30,,35023,6,,,1,70,,35029,6,,,1,30,,35033,6,,,1
31201,'13',637,,29247,6,,,1,70,,35056,6,,,1,30,,29475,6,,,1,70,,35047,6,,,1,30,,35064,6,,,1,70,,35060,6,,,1,30,,35062,6,,,1,70,,35059,6,,,1,30,,35054,6,,,1,70,,35061,6,,,1,30,,35058,6,,,1,70,,35063,6,,,1,30,,35048,6,,,1,70,,35057,6,,,1,30,,35051,6,,,1,70,,35065,6,,,1,41,,35050,6,,,1,70,,35052,6,,,1,30,,35053,6,,,1,70,,35049,6,,,1,30,,35046,6,,,1,70,,24711,6,,,1,30,,35055,6,,,1
31201,'3',637,,29266,6,,,1,70,,35076,6,,,1,30,,29596,6,,,1,70,,35067,6,,,1,30,,35084,6,,,1,70,,35080,6,,,1,30,,35082,6,,,1,70,,35079,6,,,1,30,,35074,6,,,1,70,,35081,6,,,1,30,,35078,6,,,1,70,,35083,6,,,1,30,,35068,6,,,1,70,,35077,6,,,1,30,,35071,6,,,1,70,,35085,6,,,1,41,,35070,6,,,1,70,,35072,6,,,1,30,,35073,6,,,1,70,,35069,6,,,1,30,,35066,6,,,1,70,,24815,6,,,1,30,,35075,6,,,1
31201,'6',637,,35098,6,,,1,70,,35097,6,,,1,30,,35103,6,,,1,70,,35087,6,,,1,30,,35107,6,,,1,70,,35102,6,,,1,30,,35105,6,,,1,70,,35101,6,,,1,30,,35095,6,,,1,70,,35104,6,,,1,30,,35100,6,,,1,70,,35106,6,,,1,30,,35088,6,,,1,70,,35099,6,,,1,30,,35091,6,,,1,70,,35108,6,,,1,41,,35090,6,,,1,70,,35093,6,,,1,30,,35094,6,,,1,70,,35089,6,,,1,30,,35086,6,,,1,70,,35092,6,,,1,30,,35096,6,,,1
41201,'1',612,,39929,6,0,68,1,30,,39924,6,0,68,1,70,,39914,6,0,68,1,30,,39933,6,0,68,1,70,,39918,6,0,68,1,30,,31492,6,0,68,1,70,,39913,6,0,68,1,30,,39928,6,0,68,1,70,,39930,6,0,68,1,30,,39916,6,0,68,1,70,,39919,6,0,68,1,30,,39931,6,0,68,1,70,,39920,6,0,68,1,30,,39922,6,0,68,1,70,,39939,6,0,68,1,30,,39923,6,0,68,1,70,,39921,6,0,68,1,30,,39937,6,0,68,1,70,,39926,6,0,68,1,30,,39912,6,0,68,1,70,,39936,6,0,68,1,30,,39935,6,0,68,1,70,,39938,6,0,68,1,30,,39932,6,0,68,1,70,,39925,6,0,68,1,100,,39927,6,0,68,1,100,,31591,6,0,68,1,100,,39917,6,0,68,1,100,,39934,6,0,68,1,100,,39915,6,0,68,1
41201,'11',612,,39959,6,0,68,1,30,,39953,6,0,68,1,70,,39942,6,0,68,1,30,,39963,6,0,68,1,70,,39947,6,0,68,1,30,,39943,6,0,68,1,70,,39941,6,0,68,1,30,,39958,6,0,68,1,70,,39960,6,0,68,1,30,,39945,6,0,68,1,70,,39948,6,0,68,1,30,,39961,6,0,68,1,70,,39949,6,0,68,1,30,,39951,6,0,68,1,70,,39969,6,0,68,1,30,,39952,6,0,68,1,70,,39950,6,0,68,1,30,,39967,6,0,68,1,70,,39955,6,0,68,1,30,,39940,6,0,68,1,70,,39966,6,0,68,1,30,,39965,6,0,68,1,70,,39968,6,0,68,1,30,,39962,6,0,68,1,70,,39954,6,0,68,1,100,,39957,6,0,68,1,100,,39956,6,0,68,1,100,,39946,6,0,68,1,100,,39964,6,0,68,1,100,,39944,6,0,68,1
41201,'12',1812,,39971,6,0,68,1,100,,39972,6,0,68,1,100,,39975,6,0,68,1,100,,39973,6,0,68,1,100,,39970,6,0,68,1,100,,39974,6,0,68,1
41201,'13',1812,,24112,6,0,68,1,100,,27610,6,0,68,1,100,,39979,6,0,68,1,100,,39977,6,0,68,1,100,,39976,6,0,68,1,100,,39978,6,0,68,1
41201,'14',1112,,39986,6,0,68,1,100,,39987,6,0,68,1,100,,39984,6,0,68,1,100,,39982,6,0,68,1,100,,39981,6,0,68,1,100,,39985,6,0,68,1,100,,39980,6,0,68,1,100,,39983,6,0,69 29,1
41201,'16',612,,40005,6,0,68,1,30,,40000,6,0,68,1,70,,39990,6,0,68,1,30,,40009,6,0,68,1,70,,39994,6,0,68,1,30,,31532,6,0,68,1,70,,39989,6,0,68,1,30,,40004,6,0,68,1,70,,40006,6,0,68,1,30,,39992,6,0,68,1,70,,39995,6,0,68,1,30,,40007,6,0,68,1,70,,39996,6,0,68,1,30,,39998,6,0,68,1,70,,40015,6,0,68,1,30,,39999,6,0,68,1,70,,39997,6,0,68,1,30,,40013,6,0,68,1,70,,40002,6,0,68,1,30,,39988,6,0,68,1,70,,40012,6,0,68,1,30,,40011,6,0,68,1,70,,40014,6,0,68,1,30,,40008,6,0,68,1,70,,40001,6,0,68,1,100,,40003,6,0,68,1,100,,31627,6,0,68,1,100,,39993,6,0,68,1,100,,40010,6,0,68,1,100,,39991,6,0,68,1
41201,'3',1812,,24124,6,0,68,1,100,,27633,6,0,68,1,100,,40019,6,0,68,1,100,,40017,6,0,68,1,100,,40016,6,0,68,1,100,,40018,6,0,68,1
41201,'6',1812,,40021,6,0,68,1,100,,40022,6,0,68,1,100,,40025,6,0,68,1,100,,40023,6,0,68,1,100,,40020,6,0,68,1,100,,40024,6,0,68,1
41201,'8',912,,40044,6,0,68,1,100,,40026,6,0,68,1,30,,40034,6,0,68,1,70,,40029,6,0,68,1,30,,40038,6,0,68,1,70,,40031,6,0,68,1,30,,40039,6,0,68,1,70,,40028,6,0,68,1,30,,40037,6,0,68,1,70,,30497,6,0,68,1,30,,40036,6,0,68,1,70,,40027,6,0,68,1,30,,40035,6,0,68,1,70,,40030,6,0,68,1,30,,40041,6,0,68,1,70,,40033,6,0,68,1,30,,40032,6,0,68,1,70,,40040,6,0,68,1,100,,40042,6,0,68,1,100,,40043,6,0,68,1
