30201,'12',628,,33215,19,0,24,1,30,,33224,19,0,24,1,70,,33225,19,0,24,1,30,,33230,19,0,24,1,70,,33218,19,0,24,1,30,,33235,19,0,24,1,70,,33219,19,0,24,1,30,,33229,19,0,24,1,71,,33231,19,0,24,1,30,,33237,19,0,24,1,70,,33216,19,0,24,1,30,,33217,19,0,24,1,70,,33232,19,0,24,1,30,,33226,19,0,24,1,70,,33223,19,0,24,1,30,,33227,19,0,24,1,73,,33228,19,0,24,1,78,,33221,19,0,24,1,30,,33220,19,0,24,1,70,,33234,19,0,24,1,30,,33233,19,0,24,1,70,,33238,19,0,24,1,30,,33222,19,0,24,1,70,,33236,19,0,24,1
30201,'13',628,,33239,19,0,24,1,30,,33248,19,0,24,1,70,,33249,19,0,24,1,30,,33254,19,0,24,1,70,,33242,19,0,24,1,30,,33258,19,0,24,1,70,,33243,19,0,24,1,30,,33253,19,0,24,1,71,,33255,19,0,24,1,30,,33260,19,0,24,1,70,,33240,19,0,24,1,30,,33241,19,0,24,1,70,,33256,19,0,24,1,30,,33250,19,0,24,1,70,,33247,19,0,24,1,30,,33251,19,0,24,1,73,,33252,19,0,24,1,78,,33245,19,0,24,1,30,,33244,19,0,24,1,70,,33257,19,0,24,1,30,,29290,19,0,24,1,70,,28820,19,0,24,1,30,,33246,19,0,24,1,70,,33259,19,0,24,1
30201,'3',628,,33261,19,0,24,1,30,,33270,19,0,24,1,70,,33271,19,0,24,1,30,,33276,19,0,24,1,70,,33264,19,0,24,1,30,,33280,19,0,24,1,70,,33265,19,0,24,1,30,,33275,19,0,24,1,71,,33277,19,0,24,1,30,,33282,19,0,24,1,70,,33262,19,0,24,1,30,,33263,19,0,24,1,70,,33278,19,0,24,1,30,,33272,19,0,24,1,70,,33269,19,0,24,1,30,,33273,19,0,24,1,73,,33274,19,0,24,1,78,,33267,19,0,24,1,30,,33266,19,0,24,1,70,,33279,19,0,24,1,30,,29309,19,0,24,1,70,,28843,19,0,24,1,30,,33268,19,0,24,1,70,,33281,19,0,24,1
30201,'6',628,,33283,19,0,24,1,30,,33292,19,0,24,1,70,,33293,19,0,24,1,30,,33298,19,0,24,1,70,,33286,19,0,24,1,30,,33303,19,0,24,1,70,,33287,19,0,24,1,30,,33297,19,0,24,1,71,,33299,19,0,24,1,30,,33305,19,0,24,1,70,,33284,19,0,24,1,30,,33285,19,0,24,1,70,,33300,19,0,24,1,30,,33294,19,0,24,1,70,,33291,19,0,24,1,30,,33295,19,0,24,1,73,,33296,19,0,24,1,78,,33289,19,0,24,1,30,,33288,19,0,24,1,70,,33302,19,0,24,1,30,,33301,19,0,24,1,70,,33306,19,0,24,1,30,,33290,19,0,24,1,70,,33304,19,0,24,1
40201,'1',655,,38428,19,0,24,1,70,,38425,19,0,24,1,30,,38426,19,0,24,1,70,,38427,19,0,24,1,30,,38437,19,0,24,1,70,,38432,19,0,24,1,30,,38441,19,0,24,1,70,,38423,19,0,24,1,30,,38430,19,0,24,1,70,,38436,19,0,24,1,30,,38419,19,0,24,1,70,,38433,19,0,24,1,30,,38438,19,0,24,1,70,,31028,19,0,24,1,30,,38418,19,0,24,1,70,,38415,19,0,24,1,30,,38424,19,0,24,1,70,,38431,19,0,24,1,30,,38435,19,0,24,1,70,,38421,19,0,24,1,30,,31249,19,0,24,1,70,,38417,19,0,24,1,30,,38422,19,0,24,1,70,,38442,19,0,24,1,30,,38434,19,0,24,1,99,,38429,19,0,24,1,100,,38440,19,0,24,1,100,,38420,19,0,24,1,100,,38439,19,0,24,1,100,,38416,19,0,24,1
40201,'11',655,,38459,19,0,24,1,70,,38456,19,0,24,1,30,,38457,19,0,24,1,70,,38458,19,0,24,1,30,,38454,19,0,24,1,70,,38463,19,0,24,1,30,,38471,19,0,24,1,70,,38453,19,0,24,1,30,,38461,19,0,24,1,70,,38467,19,0,24,1,30,,38449,19,0,24,1,70,,38464,19,0,24,1,30,,38468,19,0,24,1,70,,38443,19,0,24,1,30,,38448,19,0,24,1,70,,38444,19,0,24,1,30,,38455,19,0,24,1,70,,38462,19,0,24,1,30,,38466,19,0,24,1,70,,38451,19,0,24,1,30,,38446,19,0,24,1,70,,38447,19,0,24,1,30,,38452,19,0,24,1,70,,38472,19,0,24,1,30,,38465,19,0,24,1,99,,38460,19,0,24,1,100,,38470,19,0,24,1,100,,38450,19,0,24,1,100,,38469,19,0,24,1,100,,38445,19,0,24,1
40201,'12',1855,,38476,19,0,24,1,99,,38473,19,0,24,1,100,,38474,19,0,24,1,100,,38478,19,0,24,1,100,,38475,19,0,24,1,100,,38477,19,0,24,1
40201,'13',1855,,38482,19,0,24,1,99,,38479,19,0,24,1,100,,38480,19,0,24,1,100,,38484,19,0,24,1,100,,38481,19,0,24,1,100,,38483,19,0,24,1
40201,'14',1155,,38488,19,0,24,1,100,,29737,19,0,24,1,100,,38487,19,0,24,1,100,,38486,19,0,24,1,100,,38490,19,0,24,1,100,,38485,19,0,24,1,100,,38489,19,0,24,1
40201,'16',655,,38504,19,0,24,1,70,,38501,19,0,24,1,30,,38502,19,0,24,1,70,,38503,19,0,24,1,30,,38513,19,0,24,1,70,,38508,19,0,24,1,30,,38517,19,0,24,1,70,,38499,19,0,24,1,30,,38506,19,0,24,1,70,,38512,19,0,24,1,30,,38495,19,0,24,1,70,,38509,19,0,24,1,30,,38514,19,0,24,1,70,,31065,19,0,24,1,30,,38494,19,0,24,1,70,,38491,19,0,24,1,30,,38500,19,0,24,1,70,,38507,19,0,24,1,30,,38511,19,0,24,1,70,,38497,19,0,24,1,30,,31288,19,0,24,1,70,,38493,19,0,24,1,30,,38498,19,0,24,1,70,,38518,19,0,24,1,30,,38510,19,0,24,1,99,,38505,19,0,24,1,100,,38516,19,0,24,1,100,,38496,19,0,24,1,100,,38515,19,0,24,1,100,,38492,19,0,24,1
40201,'3',1855,,38522,19,0,24,1,99,,38519,19,0,24,1,100,,38520,19,0,24,1,100,,38524,19,0,24,1,100,,38521,19,0,24,1,100,,38523,19,0,24,1
40201,'6',1855,,38528,19,0,24,1,99,,38525,19,0,24,1,100,,38526,19,0,24,1,100,,38530,19,0,24,1,100,,38527,19,0,24,1,100,,38529,19,0,24,1
40201,'8',955,,38533,19,0,24,1,100,,38534,19,0,24,1,70,,38536,19,0,24,1,30,,25796,19,0,24,1,70,,38545,19,0,24,1,30,,38542,19,0,24,1,70,,38540,19,0,24,1,30,,38539,19,0,24,1,70,,38547,19,0,24,1,30,,38532,19,0,24,1,70,,38544,19,0,24,1,30,,38543,19,0,24,1,70,,38535,19,0,24,1,30,,38538,19,0,24,1,70,,38531,19,0,24,1,30,,38548,19,0,24,1,70,,38541,19,0,24,1,30,,38546,19,0,24,1,99,,38537,19,0,24,1
