30201,'15',627,,9496,16,0,24,1,30,,9491,16,0,24,1,70,,9493,16,0,24,1,30,,9489,16,0,24,1,70,,9488,16,0,24,1,30,,9497,16,0,24,1,70,,9474,16,0,24,1,30,,9490,16,0,24,1,71,,9477,16,0,24,1,30,,9476,16,0,24,1,70,,9487,16,0,24,1,30,,9482,16,0,24,1,70,,9486,16,0,24,1,30,,9492,16,0,24,1,70,,9484,16,0,24,1,30,,9494,16,0,24,1,73,,9479,16,0,24,1,78,,9475,16,0,24,1,30,,9481,16,0,24,1,70,,9495,16,0,24,1,30,,9480,16,0,24,1,70,,9478,16,0,24,1,30,,9485,16,0,24,1,70,,9483,16,0,24,1
30201,'16',627,,9516,16,0,24,1,30,,9512,16,0,24,1,70,,9514,16,0,24,1,30,,9510,16,0,24,1,70,,9509,16,0,24,1,30,,9517,16,0,24,1,70,,9498,16,0,24,1,30,,9511,16,0,24,1,71,,7241,16,0,24,1,30,,9500,16,0,24,1,70,,9508,16,0,24,1,30,,9503,16,0,24,1,70,,9507,16,0,24,1,30,,9513,16,0,24,1,70,,9505,16,0,24,1,30,,6300,16,0,24,1,73,,9502,16,0,24,1,78,,9499,16,0,24,1,30,,2900,16,0,24,1,70,,9515,16,0,24,1,30,,3137,16,0,24,1,70,,9501,16,0,24,1,30,,9506,16,0,24,1,70,,9504,16,0,24,1
30201,'17',627,,9536,16,0,24,1,30,,9532,16,0,24,1,70,,9534,16,0,24,1,30,,9530,16,0,24,1,70,,9529,16,0,24,1,30,,9537,16,0,24,1,70,,9518,16,0,24,1,30,,9531,16,0,24,1,71,,7247,16,0,24,1,30,,9520,16,0,24,1,70,,9528,16,0,24,1,30,,9523,16,0,24,1,70,,9527,16,0,24,1,30,,9533,16,0,24,1,70,,9525,16,0,24,1,30,,6306,16,0,24,1,73,,9522,16,0,24,1,78,,9519,16,0,24,1,30,,2957,16,0,24,1,70,,9535,16,0,24,1,30,,3184,16,0,24,1,70,,9521,16,0,24,1,30,,9526,16,0,24,1,70,,9524,16,0,24,1
30201,'19',627,,9558,16,0,24,1,30,,9553,16,0,24,1,70,,9555,16,0,24,1,30,,9551,16,0,24,1,70,,9550,16,0,24,1,30,,9559,16,0,24,1,70,,9538,16,0,24,1,30,,9552,16,0,24,1,71,,9545,16,0,24,1,30,,6544,16,0,24,1,70,,9549,16,0,24,1,30,,9544,16,0,24,1,70,,9548,16,0,24,1,30,,9554,16,0,24,1,70,,9547,16,0,24,1,30,,9556,16,0,24,1,73,,9541,16,0,24,1,78,,9539,16,0,24,1,30,,9543,16,0,24,1,70,,9557,16,0,24,1,30,,9542,16,0,24,1,70,,9540,16,0,24,1,30,,7252,16,0,24,1,70,,9546,16,0,24,1
30201,'5',627,,9579,16,0,24,1,30,,9575,16,0,24,1,70,,9577,16,0,24,1,30,,9573,16,0,24,1,70,,9572,16,0,24,1,30,,9580,16,0,24,1,70,,9560,16,0,24,1,30,,9574,16,0,24,1,71,,9566,16,0,24,1,30,,9562,16,0,24,1,70,,9571,16,0,24,1,30,,9565,16,0,24,1,70,,9570,16,0,24,1,30,,9576,16,0,24,1,70,,9568,16,0,24,1,30,,6349,16,0,24,1,73,,9564,16,0,24,1,78,,9561,16,0,24,1,30,,3027,16,0,24,1,70,,9578,16,0,24,1,30,,3255,16,0,24,1,70,,9563,16,0,24,1,30,,9569,16,0,24,1,70,,9567,16,0,24,1
30201,'6',627,,9603,16,0,24,1,30,,9598,16,0,24,1,70,,9600,16,0,24,1,30,,9596,16,0,24,1,70,,9595,16,0,24,1,30,,9604,16,0,24,1,70,,9581,16,0,24,1,30,,9597,16,0,24,1,71,,9584,16,0,24,1,30,,9583,16,0,24,1,70,,9594,16,0,24,1,30,,9589,16,0,24,1,70,,9593,16,0,24,1,30,,9599,16,0,24,1,70,,9591,16,0,24,1,30,,9601,16,0,24,1,73,,9586,16,0,24,1,78,,9582,16,0,24,1,30,,9588,16,0,24,1,70,,9602,16,0,24,1,30,,9587,16,0,24,1,70,,9585,16,0,24,1,30,,9592,16,0,24,1,70,,9590,16,0,24,1
40201,'1',1154,,17340,16,0,24,1,100,,17341,16,0,24,1,100,,17342,16,0,24,1,100,,5048,16,0,24,1,100,,17343,16,0,24,1,100,,202,16,0,24,1,100,,5970,16,0,24,1
40201,'10',654,,17367,16,0,24,1,70,,17350,16,0,24,1,30,,17353,16,0,24,1,70,,17355,16,0,24,1,30,,17371,16,0,24,1,70,,17357,16,0,24,1,30,,17344,16,0,24,1,70,,17369,16,0,24,1,30,,17361,16,0,24,1,70,,17364,16,0,24,1,30,,17347,16,0,24,1,70,,17365,16,0,24,1,30,,17360,16,0,24,1,70,,17358,16,0,24,1,30,,17366,16,0,24,1,70,,17368,16,0,24,1,30,,17345,16,0,24,1,70,,17359,16,0,24,1,30,,17354,16,0,24,1,70,,17373,16,0,24,1,30,,17362,16,0,24,1,70,,17351,16,0,24,1,30,,17370,16,0,24,1,70,,17349,16,0,24,1,30,,17348,16,0,24,1,100,,17356,16,0,24,1,100,,17346,16,0,24,1,100,,17372,16,0,24,1,100,,17352,16,0,24,1,100,,17363,16,0,24,1
40201,'12',954,,17383,16,0,24,1,100,,17374,16,0,24,1,70,,8242,16,0,24,1,30,,17382,16,0,24,1,70,,17384,16,0,24,1,30,,17386,16,0,24,1,70,,17385,16,0,24,1,30,,17380,16,0,24,1,70,,5466,16,0,24,1,30,,17388,16,0,24,1,70,,17377,16,0,24,1,30,,17389,16,0,24,1,70,,17387,16,0,24,1,30,,7628,16,0,24,1,70,,17379,16,0,24,1,30,,17376,16,0,24,1,70,,17378,16,0,24,1,30,,17375,16,0,24,1,100,,17381,16,0,24,1
40201,'15',1854,,17392,16,0,24,1,100,,17394,16,0,24,1,100,,17393,16,0,24,1,100,,17391,16,0,24,1,100,,17395,16,0,24,1,100,,17390,16,0,24,1
40201,'16',1854,,17397,16,0,24,1,100,,17399,16,0,24,1,100,,17398,16,0,24,1,100,,17396,16,0,24,1,100,,17400,16,0,24,1,100,,3843,16,0,24,1
40201,'17',1854,,17402,16,0,24,1,100,,17404,16,0,24,1,100,,17403,16,0,24,1,100,,17401,16,0,24,1,100,,17405,16,0,24,1,100,,3868,16,0,24,1
40201,'19',1854,,17408,16,0,24,1,100,,8077,16,0,24,1,100,,17409,16,0,24,1,100,,17407,16,0,24,1,100,,17410,16,0,24,1,100,,17406,16,0,24,1
40201,'21',654,,17429,16,0,24,1,70,,17416,16,0,24,1,30,,17419,16,0,24,1,70,,17421,16,0,24,1,30,,17433,16,0,24,1,70,,17423,16,0,24,1,30,,17411,16,0,24,1,70,,17431,16,0,24,1,30,,17425,16,0,24,1,70,,17427,16,0,24,1,30,,17414,16,0,24,1,70,,17428,16,0,24,1,30,,7851,16,0,24,1,70,,5703,16,0,24,1,30,,7930,16,0,24,1,70,,17430,16,0,24,1,30,,17412,16,0,24,1,70,,17424,16,0,24,1,30,,17420,16,0,24,1,70,,17435,16,0,24,1,30,,7084,16,0,24,1,70,,17417,16,0,24,1,30,,17432,16,0,24,1,70,,8220,16,0,24,1,30,,17415,16,0,24,1,100,,17422,16,0,24,1,100,,17413,16,0,24,1,100,,17434,16,0,24,1,100,,17418,16,0,24,1,100,,17426,16,0,24,1
40201,'5',1854,,17437,16,0,24,1,100,,17439,16,0,24,1,100,,17438,16,0,24,1,100,,17436,16,0,24,1,100,,17440,16,0,24,1,100,,3893,16,0,24,1
40201,'6',1854,,17443,16,0,24,1,100,,17445,16,0,24,1,100,,17444,16,0,24,1,100,,17442,16,0,24,1,100,,17446,16,0,24,1,100,,17441,16,0,24,1
