31700,'12',624,,35780,18,0,63,1,30,,35778,18,0,63,1,70,,35793,18,0,63,1,30,,35787,18,0,63,1,70,,35789,18,0,63,1,30,,35781,18,0,63,1,70,,35785,18,0,63,1,30,,35798,18,0,63,1,70,,35796,18,0,63,1,30,,35800,18,0,63,1,70,,35791,18,0,63,1,30,,35784,18,0,63,1,70,,35792,18,0,63,1,30,,35786,18,0,63,1,70,,35783,18,0,63,1,30,,35788,18,0,63,1,70,,35779,18,0,63,1,30,,35799,18,0,63,1,70,,35795,18,0,63,1,30,,35790,18,0,63,1,70,,35782,18,0,63,1,30,,35794,18,0,63,1,70,,35777,18,0,63,1,30,,35797,18,0,63,1
31700,'13',624,,35804,18,0,63,1,30,,35802,18,0,63,1,70,,35817,18,0,63,1,30,,35811,18,0,63,1,70,,35813,18,0,63,1,30,,35805,18,0,63,1,70,,35809,18,0,63,1,30,,35822,18,0,63,1,70,,35820,18,0,63,1,30,,35824,18,0,63,1,70,,35815,18,0,63,1,30,,35808,18,0,63,1,70,,35816,18,0,63,1,30,,35810,18,0,63,1,70,,35807,18,0,63,1,30,,35812,18,0,63,1,70,,35803,18,0,63,1,30,,35823,18,0,63,1,70,,35819,18,0,63,1,30,,35814,18,0,63,1,70,,35806,18,0,63,1,30,,35818,18,0,63,1,70,,35801,18,0,63,1,30,,35821,18,0,63,1
31700,'3',624,,35828,18,0,63,1,30,,35826,18,0,63,1,70,,35841,18,0,63,1,30,,35835,18,0,63,1,70,,35837,18,0,63,1,30,,35829,18,0,63,1,70,,35833,18,0,63,1,30,,35846,18,0,63,1,70,,35844,18,0,63,1,30,,35848,18,0,63,1,70,,35839,18,0,63,1,30,,35832,18,0,63,1,70,,35840,18,0,63,1,30,,35834,18,0,63,1,70,,35831,18,0,63,1,30,,35836,18,0,63,1,70,,35827,18,0,63,1,30,,35847,18,0,63,1,70,,35843,18,0,63,1,30,,35838,18,0,63,1,70,,35830,18,0,63,1,30,,35842,18,0,63,1,70,,35825,18,0,63,1,30,,35845,18,0,63,1
31700,'6',624,,35852,18,0,63,1,30,,35850,18,0,63,1,70,,35865,18,0,63,1,30,,35859,18,0,63,1,70,,35861,18,0,63,1,30,,35853,18,0,63,1,70,,35857,18,0,63,1,30,,35870,18,0,63,1,70,,35868,18,0,63,1,30,,35872,18,0,63,1,70,,35863,18,0,63,1,30,,35856,18,0,63,1,70,,35864,18,0,63,1,30,,35858,18,0,63,1,70,,35855,18,0,63,1,30,,35860,18,0,63,1,70,,35851,18,0,63,1,30,,35871,18,0,63,1,70,,35867,18,0,63,1,30,,35862,18,0,63,1,70,,35854,18,0,63,1,30,,35866,18,0,63,1,70,,35849,18,0,63,1,30,,35869,18,0,63,1
41700,'1',623,,40762,18,0,67,1,30,,40769,18,0,67,1,70,,40763,18,0,67,1,30,,40774,18,0,67,1,70,,40775,18,0,67,1,30,,40782,18,0,67,1,70,,40768,18,0,67,1,30,,40767,18,0,67,1,70,,40783,18,0,67,1,30,,40765,18,0,67,1,70,,40778,18,0,67,1,30,,40771,18,0,67,1,70,,30428,18,0,67,1,30,,40764,18,0,67,1,70,,40781,18,0,67,1,30,,29674,18,0,67,1,70,,40772,18,0,67,1,30,,40773,18,0,67,1,70,,40761,18,0,67,1,30,,30086,18,0,67,1,70,,40766,18,0,67,1,30,,30078,18,0,67,1,70,,40776,18,0,67,1,30,,40777,18,0,67,1,70,,40779,18,0,67,1,100,,40760,18,0,67,1,100,,40770,18,0,67,1,100,,40759,18,0,67,1,100,,40780,18,0,67,1,100,,30781,18,0,67,1
41700,'11',623,,40787,18,0,67,1,30,,40795,18,0,67,1,70,,40788,18,0,67,1,30,,40801,18,0,67,1,70,,40802,18,0,67,1,30,,40811,18,0,67,1,70,,40793,18,0,67,1,30,,40792,18,0,67,1,70,,40813,18,0,67,1,30,,40790,18,0,67,1,70,,40806,18,0,67,1,30,,40797,18,0,67,1,70,,40794,18,0,67,1,30,,40789,18,0,67,1,70,,40810,18,0,67,1,30,,40812,18,0,67,1,70,,40799,18,0,67,1,30,,40800,18,0,67,1,70,,40786,18,0,67,1,30,,40804,18,0,67,1,70,,40791,18,0,67,1,30,,40798,18,0,67,1,70,,40803,18,0,67,1,30,,40805,18,0,67,1,70,,40808,18,0,67,1,100,,40785,18,0,67,1,100,,40796,18,0,67,1,100,,40784,18,0,67,1,100,,40809,18,0,67,1,100,,40807,18,0,67,1
41700,'12',1823,,40818,18,0,67,1,100,,40814,18,0,67,1,100,,40817,18,0,67,1,100,,40819,18,0,67,1,100,,40816,18,0,67,1,100,,40815,18,0,67,1
41700,'13',1823,,40824,18,0,67,1,100,,40820,18,0,67,1,100,,40823,18,0,67,1,100,,40825,18,0,67,1,100,,40822,18,0,67,1,100,,40821,18,0,67,1
41700,'14',1123,,40830,18,0,67,1,100,,29507,18,0,67,1,100,,40831,18,0,67,1,100,,40829,18,0,67,1,100,,40826,18,0,67,1,100,,40828,18,0,67,1,100,,40827,18,0,67,1
41700,'16',623,,40835,18,0,67,1,30,,40842,18,0,67,1,70,,40836,18,0,67,1,30,,40847,18,0,67,1,70,,40848,18,0,67,1,30,,40855,18,0,67,1,70,,40841,18,0,67,1,30,,40840,18,0,67,1,70,,40856,18,0,67,1,30,,40838,18,0,67,1,70,,40851,18,0,67,1,30,,40844,18,0,67,1,70,,30468,18,0,67,1,30,,40837,18,0,67,1,70,,40854,18,0,67,1,30,,29793,18,0,67,1,70,,40845,18,0,67,1,30,,40846,18,0,67,1,70,,40834,18,0,67,1,30,,30166,18,0,67,1,70,,40839,18,0,67,1,30,,30159,18,0,67,1,70,,40849,18,0,67,1,30,,40850,18,0,67,1,70,,40852,18,0,67,1,100,,40833,18,0,67,1,100,,40843,18,0,67,1,100,,40832,18,0,67,1,100,,40853,18,0,67,1,100,,30822,18,0,67,1
41700,'3',1823,,40861,18,0,67,1,100,,40857,18,0,67,1,100,,40860,18,0,67,1,100,,40862,18,0,67,1,100,,40859,18,0,67,1,100,,40858,18,0,67,1
41700,'6',1823,,40867,18,0,67,1,100,,40863,18,0,67,1,100,,40866,18,0,67,1,100,,40868,18,0,67,1,100,,40865,18,0,67,1,100,,40864,18,0,67,1
41700,'8',923,,40880,18,0,67,1,100,,32423,18,0,67,1,30,,40870,18,0,67,1,70,,40869,18,0,67,1,30,,40882,18,0,67,1,70,,40876,18,0,67,1,30,,40872,18,0,67,1,70,,40875,18,0,67,1,30,,40878,18,0,67,1,70,,40881,18,0,67,1,30,,40871,18,0,67,1,70,,40874,18,0,67,1,30,,30924,18,0,67,1,70,,40883,18,0,67,1,30,,40884,18,0,67,1,70,,40873,18,0,67,1,30,,40877,18,0,67,1,70,,40879,18,0,67,1,100,,31236,18,0,67,1
