31401,'12',646,,35188,12,0,66 14,1,80,,35182,12,0,66 14,1,80,,35193,12,0,66 14,1,40,,35192,12,0,66 14,1,80,,35189,12,0,66 14,1,80,,35187,12,0,66 14,1,41,,35178,12,0,66 14,1,80,,35191,12,0,66 14,1,80,,35190,12,0,66 14,1,40,,35180,12,0,66 14,1,80,,35183,12,0,66 14,1,80,,35186,12,0,66 14,1,41,,35177,12,0,66 14,1,80,,35184,12,0,66 14,1,80,,35194,12,0,66 14,1,40,,35181,12,0,66 14,1,80,,35185,12,0,66 14,1,80,,35179,12,0,66 14,1
31401,'13',646,,35205,12,0,66 14,1,80,,35200,12,0,66 14,1,80,,35209,12,0,66 14,1,40,,35208,12,0,66 14,1,80,,35206,12,0,66 14,1,80,,35204,12,0,66 14,1,41,,35196,12,0,66 14,1,80,,35207,12,0,66 14,1,80,,27689,12,0,66 14,1,40,,35198,12,0,66 14,1,80,,35201,12,0,66 14,1,80,,35203,12,0,66 14,1,41,,35195,12,0,66 14,1,80,,35202,12,0,66 14,1,80,,35210,12,0,66 14,1,40,,35199,12,0,66 14,1,80,,30699,12,0,66 14,1,80,,35197,12,0,66 14,1
31401,'3',646,,35221,12,0,66 14,1,80,,35216,12,0,66 14,1,80,,35225,12,0,66 14,1,40,,35224,12,0,66 14,1,80,,35222,12,0,66 14,1,80,,35220,12,0,66 14,1,41,,35212,12,0,66 14,1,80,,35223,12,0,66 14,1,80,,27710,12,0,66 14,1,40,,35214,12,0,66 14,1,80,,35217,12,0,66 14,1,80,,35219,12,0,66 14,1,41,,35211,12,0,66 14,1,80,,35218,12,0,66 14,1,80,,35226,12,0,66 14,1,40,,35215,12,0,66 14,1,80,,30738,12,0,66 14,1,80,,35213,12,0,66 14,1
31401,'6',646,,35238,12,0,66 14,1,80,,35232,12,0,66 14,1,80,,35243,12,0,66 14,1,40,,35242,12,0,66 14,1,80,,35239,12,0,66 14,1,80,,35237,12,0,66 14,1,41,,35228,12,0,66 14,1,80,,35241,12,0,66 14,1,80,,35240,12,0,66 14,1,40,,35230,12,0,66 14,1,80,,35233,12,0,66 14,1,80,,35236,12,0,66 14,1,41,,35227,12,0,66 14,1,80,,35234,12,0,66 14,1,80,,35244,12,0,66 14,1,40,,35231,12,0,66 14,1,80,,35235,12,0,66 14,1,80,,35229,12,0,66 14,1
31700,'12',626,,35780,21,0,63,1,30,,35778,21,0,63,1,70,,35793,21,0,63,1,30,,35787,21,0,63,1,70,,35789,21,0,63,1,30,,35781,21,0,63,1,70,,35785,21,0,63,1,30,,35798,21,0,63,1,70,,35796,21,0,63,1,30,,35800,21,0,63,1,70,,35791,21,0,63,1,30,,35784,21,0,63,1,70,,35792,21,0,63,1,30,,35786,21,0,63,1,70,,35783,21,0,63,1,30,,35788,21,0,63,1,70,,35779,21,0,63,1,30,,35799,21,0,63,1,70,,35795,21,0,63,1,30,,35790,21,0,63,1,70,,35782,21,0,63,1,30,,35794,21,0,63,1,70,,35777,21,0,63,1,30,,35797,21,0,63,1
31700,'13',626,,35804,21,0,63,1,30,,35802,21,0,63,1,70,,35817,21,0,63,1,30,,35811,21,0,63,1,70,,35813,21,0,63,1,30,,35805,21,0,63,1,70,,35809,21,0,63,1,30,,35822,21,0,63,1,70,,35820,21,0,63,1,30,,35824,21,0,63,1,70,,35815,21,0,63,1,30,,35808,21,0,63,1,70,,35816,21,0,63,1,30,,35810,21,0,63,1,70,,35807,21,0,63,1,30,,35812,21,0,63,1,70,,35803,21,0,63,1,30,,35823,21,0,63,1,70,,35819,21,0,63,1,30,,35814,21,0,63,1,70,,35806,21,0,63,1,30,,35818,21,0,63,1,70,,35801,21,0,63,1,30,,35821,21,0,63,1
31700,'3',626,,35828,21,0,63,1,30,,35826,21,0,63,1,70,,35841,21,0,63,1,30,,35835,21,0,63,1,70,,35837,21,0,63,1,30,,35829,21,0,63,1,70,,35833,21,0,63,1,30,,35846,21,0,63,1,70,,35844,21,0,63,1,30,,35848,21,0,63,1,70,,35839,21,0,63,1,30,,35832,21,0,63,1,70,,35840,21,0,63,1,30,,35834,21,0,63,1,70,,35831,21,0,63,1,30,,35836,21,0,63,1,70,,35827,21,0,63,1,30,,35847,21,0,63,1,70,,35843,21,0,63,1,30,,35838,21,0,63,1,70,,35830,21,0,63,1,30,,35842,21,0,63,1,70,,35825,21,0,63,1,30,,35845,21,0,63,1
31700,'6',626,,35852,21,0,63,1,30,,35850,21,0,63,1,70,,35865,21,0,63,1,30,,35859,21,0,63,1,70,,35861,21,0,63,1,30,,35853,21,0,63,1,70,,35857,21,0,63,1,30,,35870,21,0,63,1,70,,35868,21,0,63,1,30,,35872,21,0,63,1,70,,35863,21,0,63,1,30,,35856,21,0,63,1,70,,35864,21,0,63,1,30,,35858,21,0,63,1,70,,35855,21,0,63,1,30,,35860,21,0,63,1,70,,35851,21,0,63,1,30,,35871,21,0,63,1,70,,35867,21,0,63,1,30,,35862,21,0,63,1,70,,35854,21,0,63,1,30,,35866,21,0,63,1,70,,35849,21,0,63,1,30,,35869,21,0,63,1
41401,'1',646,,40108,12,0,66 14,1,80,,40105,12,0,66 14,1,80,,29421,12,0,66 14,1,40,,40111,12,0,66 14,1,80,,40100,12,0,66 14,1,80,,40104,12,0,66 14,1,41,,40103,12,0,66 14,1,80,,23959,12,0,66 14,1,80,,40110,12,0,66 14,1,40,,40112,12,0,66 14,1,80,,40106,12,0,66 14,1,80,,40107,12,0,66 14,1,41,,40101,12,0,66 14,1,80,,40102,12,0,66 14,1,80,,40113,12,0,66 14,1,40,,40109,12,0,66 14,1,80,,30432,12,0,66 14,1,80,,40099,12,0,66 14,1
41401,'11',646,,40125,12,0,66 14,1,80,,40121,12,0,66 14,1,80,,40126,12,0,66 14,1,40,,40129,12,0,66 14,1,80,,40115,12,0,66 14,1,80,,40120,12,0,66 14,1,41,,40118,12,0,66 14,1,80,,40119,12,0,66 14,1,80,,40128,12,0,66 14,1,40,,40130,12,0,66 14,1,80,,40122,12,0,66 14,1,80,,40124,12,0,66 14,1,41,,40116,12,0,66 14,1,80,,40117,12,0,66 14,1,80,,40131,12,0,66 14,1,40,,40127,12,0,66 14,1,80,,40123,12,0,66 14,1,80,,40114,12,0,66 14,1
41401,'16',646,,40141,12,0,66 14,1,80,,40138,12,0,66 14,1,80,,29540,12,0,66 14,1,40,,40144,12,0,66 14,1,80,,40133,12,0,66 14,1,80,,40137,12,0,66 14,1,41,,40136,12,0,66 14,1,80,,31385,12,0,66 14,1,80,,40143,12,0,66 14,1,40,,40145,12,0,66 14,1,80,,40139,12,0,66 14,1,80,,40140,12,0,66 14,1,41,,40134,12,0,66 14,1,80,,40135,12,0,66 14,1,80,,40146,12,0,66 14,1,40,,40142,12,0,66 14,1,80,,30471,12,0,66 14,1,80,,40132,12,0,66 14,1
41700,'1',625,,40762,21,0,67,1,30,,40769,21,0,67,1,70,,40763,21,0,67,1,30,,40774,21,0,67,1,70,,40775,21,0,67,1,30,,40782,21,0,67,1,70,,40768,21,0,67,1,30,,40767,21,0,67,1,70,,40783,21,0,67,1,30,,40765,21,0,67,1,70,,40778,21,0,67,1,30,,40771,21,0,67,1,70,,30428,21,0,67,1,30,,40764,21,0,67,1,70,,40781,21,0,67,1,30,,29674,21,0,67,1,70,,40772,21,0,67,1,30,,40773,21,0,67,1,70,,40761,21,0,67,1,30,,30086,21,0,67,1,70,,40766,21,0,67,1,30,,30078,21,0,67,1,70,,40776,21,0,67,1,30,,40777,21,0,67,1,70,,40779,21,0,67,1,100,,40760,21,0,67,1,100,,40770,21,0,67,1,100,,40759,21,0,67,1,100,,40780,21,0,67,1,100,,30781,21,0,67,1
41700,'11',625,,40787,21,0,67,1,30,,40795,21,0,67,1,70,,40788,21,0,67,1,30,,40801,21,0,67,1,70,,40802,21,0,67,1,30,,40811,21,0,67,1,70,,40793,21,0,67,1,30,,40792,21,0,67,1,70,,40813,21,0,67,1,30,,40790,21,0,67,1,70,,40806,21,0,67,1,30,,40797,21,0,67,1,70,,40794,21,0,67,1,30,,40789,21,0,67,1,70,,40810,21,0,67,1,30,,40812,21,0,67,1,70,,40799,21,0,67,1,30,,40800,21,0,67,1,70,,40786,21,0,67,1,30,,40804,21,0,67,1,70,,40791,21,0,67,1,30,,40798,21,0,67,1,70,,40803,21,0,67,1,30,,40805,21,0,67,1,70,,40808,21,0,67,1,100,,40785,21,0,67,1,100,,40796,21,0,67,1,100,,40784,21,0,67,1,100,,40809,21,0,67,1,100,,40807,21,0,67,1
41700,'12',1825,,40818,21,0,67,1,100,,40814,21,0,67,1,100,,40817,21,0,67,1,100,,40819,21,0,67,1,100,,40816,21,0,67,1,100,,40815,21,0,67,1
41700,'13',1825,,40824,21,0,67,1,100,,40820,21,0,67,1,100,,40823,21,0,67,1,100,,40825,21,0,67,1,100,,40822,21,0,67,1,100,,40821,21,0,67,1
41700,'14',1125,,40830,21,0,67,1,100,,29507,21,0,67,1,100,,40831,21,0,67,1,100,,40829,21,0,67,1,100,,40826,21,0,67,1,100,,40828,21,0,67,1,100,,40827,21,0,67,1
41700,'16',625,,40835,21,0,67,1,30,,40842,21,0,67,1,70,,40836,21,0,67,1,30,,40847,21,0,67,1,70,,40848,21,0,67,1,30,,40855,21,0,67,1,70,,40841,21,0,67,1,30,,40840,21,0,67,1,70,,40856,21,0,67,1,30,,40838,21,0,67,1,70,,40851,21,0,67,1,30,,40844,21,0,67,1,70,,30468,21,0,67,1,30,,40837,21,0,67,1,70,,40854,21,0,67,1,30,,29793,21,0,67,1,70,,40845,21,0,67,1,30,,40846,21,0,67,1,70,,40834,21,0,67,1,30,,30166,21,0,67,1,70,,40839,21,0,67,1,30,,30159,21,0,67,1,70,,40849,21,0,67,1,30,,40850,21,0,67,1,70,,40852,21,0,67,1,100,,40833,21,0,67,1,100,,40843,21,0,67,1,100,,40832,21,0,67,1,100,,40853,21,0,67,1,100,,30822,21,0,67,1
41700,'3',1825,,40861,21,0,67,1,100,,40857,21,0,67,1,100,,40860,21,0,67,1,100,,40862,21,0,67,1,100,,40859,21,0,67,1,100,,40858,21,0,67,1
41700,'6',1825,,40867,21,0,67,1,100,,40863,21,0,67,1,100,,40866,21,0,67,1,100,,40868,21,0,67,1,100,,40865,21,0,67,1,100,,40864,21,0,67,1
41700,'8',925,,40880,21,0,67,1,100,,32423,21,0,67,1,30,,40870,21,0,67,1,70,,40869,21,0,67,1,30,,40882,21,0,67,1,70,,40876,21,0,67,1,30,,40872,21,0,67,1,70,,40875,21,0,67,1,30,,40878,21,0,67,1,70,,40881,21,0,67,1,30,,40871,21,0,67,1,70,,40874,21,0,67,1,30,,30924,21,0,67,1,70,,40883,21,0,67,1,30,,40884,21,0,67,1,70,,40873,21,0,67,1,30,,40877,21,0,67,1,70,,40879,21,0,67,1,100,,31236,21,0,67,1
