33701,'1',645,,29638,16,,,1,70,,29649,16,,,1,30,,29641,16,,,1,70,,29642,16,,,1,30,,29670,16,,,1,70,,29661,16,,,1,30,,29671,16,,,1,71,,29662,16,,,1,30,,29669,16,,,1,70,,29677,16,,,1,30,,29643,16,,,1,70,,29664,16,,,1,30,,29654,16,,,1,70,,29672,16,,,1,30,,29676,16,,,1,70,,29657,16,,,1,30,,29644,16,,,1,70,,29653,16,,,1,30,,29660,16,,,1,70,,29675,16,,,1,30,,22119,16,,,1,70,,23663,16,,,1,30,,29640,16,,,1,70,,22831,16,,,1,30,,29637,16,,,1
33701,'11',625,,29722,16,,,1,30,,29681,16,,,1,70,,29719,16,,,1,30,,29704,16,,,1,70,,29694,16,,,1,30,,29711,16,,,1,70,,29703,16,,,1,30,,29680,16,,,1,71,,29718,16,,,1,30,,29682,16,,,1,70,,29687,16,,,1,30,,29713,16,,,1,70,,29715,16,,,1,30,,12807,16,,,1,70,,29692,16,,,1,30,,23341,16,,,1,70,,29716,16,,,1,30,,29686,16,,,1,70,,29698,16,,,1,30,,22155,16,,,1,70,,9524,16,,,1,30,,29709,16,,,1,70,,29706,16,,,1,30,,29688,16,,,1,70,,29707,16,,,1
33701,'12',1046,,29732,16,,,1,70,,29742,16,,,1,30,,29726,16,,,1,70,,29743,16,,,1,30,,29741,16,,,1,70,,29739,16,,,1,30,,29745,16,,,1,70,,29733,16,,,1,30,,29727,16,,,1,70,,29747,16,,,1,30,,29746,16,,,1,70,,29744,16,,,1,30,,29734,16,,,1,70,,29728,16,,,1,30,,29731,16,,,1
33701,'14',645,,29754,16,,,1,70,,29766,16,,,1,30,,29758,16,,,1,70,,29759,16,,,1,30,,29789,16,,,1,70,,29779,16,,,1,30,,29790,16,,,1,71,,29781,16,,,1,30,,29788,16,,,1,70,,29796,16,,,1,30,,29760,16,,,1,70,,29783,16,,,1,30,,29769,16,,,1,70,,29791,16,,,1,30,,29795,16,,,1,70,,25225,16,,,1,30,,29761,16,,,1,70,,25220,16,,,1,30,,29778,16,,,1,70,,29794,16,,,1,30,,29757,16,,,1,70,,29774,16,,,1,30,,29756,16,,,1,70,,29770,16,,,1,30,,29753,16,,,1
33701,'3',625,,29841,16,,,1,30,,29800,16,,,1,70,,29838,16,,,1,30,,29823,16,,,1,70,,29813,16,,,1,30,,29830,16,,,1,70,,29822,16,,,1,30,,29799,16,,,1,71,,29837,16,,,1,30,,29801,16,,,1,70,,29806,16,,,1,30,,29832,16,,,1,70,,29834,16,,,1,30,,12938,16,,,1,70,,29811,16,,,1,30,,23379,16,,,1,70,,29835,16,,,1,30,,29805,16,,,1,70,,29817,16,,,1,30,,22177,16,,,1,70,,9567,16,,,1,30,,29828,16,,,1,70,,29825,16,,,1,30,,29807,16,,,1,70,,29826,16,,,1
33701,'8',1116,,29847,16,,,1,30,,29842,16,,,1,70,,29866,16,,,1,30,,29868,16,,,1,70,,25791,16,,,1,30,,29849,16,,,1,70,,29844,16,,,1,30,,29861,16,,,1,70,,29851,16,,,1,30,,29865,16,,,1,70,,29858,16,,,1,30,,29869,16,,,1,70,,29848,16,,,1,30,,29855,16,,,1,70,,29862,16,,,1
43701,'1',1924,,32680,16,,,1,100,,32687,16,,,1,100,,32684,16,,,1,100,,32683,16,,,1,100,,32682,16,,,1
43701,'11',1924,,32695,16,,,1,100,,32693,16,,,1,100,,32697,16,,,1,100,,32698,16,,,1,100,,32696,16,,,1
43701,'14',1924,,32699,16,,,1,100,,32706,16,,,1,100,,32702,16,,,1,100,,26221,16,,,1,100,,32701,16,,,1
43701,'3',1924,,32714,16,,,1,100,,32712,16,,,1,100,,32716,16,,,1,100,,32717,16,,,1,100,,32715,16,,,1
