30500,'12',551,,33676,4,0,58,1,70,,33679,15,0,58,1,30,,33670,15,0,58,1,70,,33691,15,0,58,1,30,,33683,15,0,58,1,70,,33675,15,0,58,1,30,,33684,15,0,58,1,70,,33685,15,0,58,1,30,,33687,15,0,58,1,70,,33688,15,0,58,1,30,,33680,15,0,58,1,70,,33689,15,0,58,1,30,,33671,15,0,58,1,70,,33681,15,0,58,1,30,,33673,15,0,58,1,70,,33669,15,0,58,1,30,,33692,15,0,58,1,70,,33682,15,0,58,1,30,,33690,15,0,58,1,70,,33672,15,0,58,1,30,,33686,15,0,58,1,70,,33674,15,0,58,1,30,,33677,15,0,58,1,70,,33678,15,0,58,1
30500,'13',551,,33700,4,0,58,1,70,,33703,15,0,58,1,30,,33694,15,0,58,1,70,,33714,15,0,58,1,30,,33707,15,0,58,1,70,,33699,15,0,58,1,30,,33708,15,0,58,1,70,,33709,15,0,58,1,30,,33711,15,0,58,1,70,,33712,15,0,58,1,30,,33704,15,0,58,1,70,,28111,15,0,58,1,30,,33695,15,0,58,1,70,,33705,15,0,58,1,30,,33697,15,0,58,1,70,,33693,15,0,58,1,30,,33715,15,0,58,1,70,,33706,15,0,58,1,30,,33713,15,0,58,1,70,,33696,15,0,58,1,30,,33710,15,0,58,1,70,,33698,15,0,58,1,30,,33701,15,0,58,1,70,,33702,15,0,58,1
30500,'3',551,,33723,4,0,58,1,70,,33726,15,0,58,1,30,,33717,15,0,58,1,70,,33737,15,0,58,1,30,,33730,15,0,58,1,70,,33722,15,0,58,1,30,,33731,15,0,58,1,70,,33732,15,0,58,1,30,,33734,15,0,58,1,70,,33735,15,0,58,1,30,,33727,15,0,58,1,70,,28133,15,0,58,1,30,,33718,15,0,58,1,70,,33728,15,0,58,1,30,,33720,15,0,58,1,70,,33716,15,0,58,1,30,,33738,15,0,58,1,70,,33729,15,0,58,1,30,,33736,15,0,58,1,70,,33719,15,0,58,1,30,,33733,15,0,58,1,70,,33721,15,0,58,1,30,,33724,15,0,58,1,70,,33725,15,0,58,1
30500,'6',551,,33746,4,0,58,1,70,,33749,15,0,58,1,30,,33740,15,0,58,1,70,,33761,15,0,58,1,30,,33753,15,0,58,1,70,,33745,15,0,58,1,30,,33754,15,0,58,1,70,,33755,15,0,58,1,30,,33757,15,0,58,1,70,,33758,15,0,58,1,30,,33750,15,0,58,1,70,,33759,15,0,58,1,30,,33741,15,0,58,1,70,,33751,15,0,58,1,30,,33743,15,0,58,1,70,,33739,15,0,58,1,30,,33762,15,0,58,1,70,,33752,15,0,58,1,30,,33760,15,0,58,1,70,,33742,15,0,58,1,30,,33756,15,0,58,1,70,,33744,15,0,58,1,30,,33747,15,0,58,1,70,,33748,15,0,58,1
41200,'1',620,,39797,15,0,23,1,30,,39789,15,0,23,1,70,,39787,15,0,23,1,30,,39793,15,0,23,1,70,,39796,15,0,23,1,30,,39784,15,0,23,1,70,,39788,15,0,23,1,30,,32721,15,0,23,1,71,,39786,15,0,23,1,30,,39803,15,0,23,1,70,,39806,15,0,23,1,30,,39804,15,0,23,1,70,,39795,15,0,23,1,30,,39780,15,0,23,1,70,,39802,15,0,23,1,30,,39791,15,0,23,1,69,,39792,15,0,23,1,30,,39783,15,0,23,1,70,,39801,15,0,23,1,30,,39798,15,0,23,1,70,,39794,15,0,23,1,30,,39799,15,0,23,1,70,,39782,15,0,23,1,30,,39790,15,0,23,1,70,,39781,15,0,23,1,100,,39805,15,0,23,1,100,,31127,15,0,23,1,100,,39800,15,0,23,1,100,,39785,15,0,23,1,100,,32572,15,0,23,1
41200,'11',620,,39825,15,0,23,1,30,,39817,15,0,23,1,70,,39815,15,0,23,1,30,,39821,15,0,23,1,70,,39809,15,0,23,1,30,,39812,15,0,23,1,70,,39816,15,0,23,1,30,,39834,15,0,23,1,71,,39814,15,0,23,1,30,,39831,15,0,23,1,70,,39836,15,0,23,1,30,,39832,15,0,23,1,70,,39823,15,0,23,1,30,,39807,15,0,23,1,70,,39830,15,0,23,1,30,,39819,15,0,23,1,69,,39820,15,0,23,1,30,,39811,15,0,23,1,70,,39829,15,0,23,1,30,,39826,15,0,23,1,70,,39822,15,0,23,1,30,,39827,15,0,23,1,70,,39810,15,0,23,1,30,,39818,15,0,23,1,70,,39808,15,0,23,1,100,,39835,15,0,23,1,100,,39833,15,0,23,1,100,,39828,15,0,23,1,100,,39813,15,0,23,1,100,,39824,15,0,23,1
41200,'12',1820,,39841,15,0,23,1,100,,39842,15,0,23,1,100,,39837,15,0,23,1,100,,39840,15,0,23,1,100,,39839,15,0,23,1,100,,39838,15,0,23,1
41200,'13',1820,,31821,15,0,23,1,100,,39847,15,0,23,1,100,,39843,15,0,23,1,100,,39846,15,0,23,1,100,,39845,15,0,23,1,100,,39844,15,0,23,1
41200,'14',1121,,39853,15,0,23,1,100,,39849,15,0,23,1,100,,39848,15,0,23,1,99,,31369,15,0,23,1,100,,39852,15,0,23,1,100,,39850,15,0,23,1,100,,39851,15,0,23,1
41200,'16',620,,39872,15,0,23,1,30,,39863,15,0,23,1,70,,39861,15,0,23,1,30,,39867,15,0,23,1,70,,39870,15,0,23,1,30,,39858,15,0,23,1,70,,39862,15,0,23,1,30,,39880,15,0,23,1,71,,39860,15,0,23,1,30,,39878,15,0,23,1,70,,39882,15,0,23,1,30,,39879,15,0,23,1,70,,39869,15,0,23,1,30,,39854,15,0,23,1,70,,39877,15,0,23,1,30,,39865,15,0,23,1,69,,39866,15,0,23,1,30,,39857,15,0,23,1,70,,39876,15,0,23,1,30,,39873,15,0,23,1,70,,39868,15,0,23,1,30,,39874,15,0,23,1,70,,39856,15,0,23,1,30,,39864,15,0,23,1,70,,39855,15,0,23,1,100,,39881,15,0,23,1,100,,31152,15,0,23,1,100,,39875,15,0,23,1,100,,39859,15,0,23,1,100,,39871,15,0,23,1
41200,'3',1820,,31880,15,0,23,1,100,,39887,15,0,23,1,100,,39883,15,0,23,1,100,,39886,15,0,23,1,100,,39885,15,0,23,1,100,,39884,15,0,23,1
41200,'6',1820,,39892,15,0,23,1,100,,39893,15,0,23,1,100,,39888,15,0,23,1,100,,39891,15,0,23,1,100,,39890,15,0,23,1,100,,39889,15,0,23,1
41200,'8',920,,39901,15,0,23,1,101,,39904,15,0,23,1,30,,39903,15,0,23,1,70,,39909,15,0,23,1,30,,39906,15,0,23,1,70,,39911,15,0,23,1,30,,39895,15,0,23,1,70,,39896,15,0,23,1,30,,39908,15,0,23,1,69,,32740,15,0,23,1,30,,39910,15,0,23,1,70,,39894,15,0,23,1,30,,39898,15,0,23,1,70,,39902,15,0,23,1,30,,39899,15,0,23,1,70,,39900,15,0,23,1,30,,39905,15,0,23,1,70,,39897,15,0,23,1,100,,39907,15,0,23,1
