30900,'12',618,,34408,7,,,1,30,,34397,7,,,1,70,,34402,7,,,1,30,,34399,7,,,1,70,,34391,7,,,1,30,,34409,7,,,1,70,,34395,7,,,1,30,,34404,7,,,1,71,,34401,7,,,1,30,,34400,7,,,1,70,,34393,7,,,1,30,,34411,7,,,1,70,,34390,7,,,1,30,,34398,7,,,1,70,,34410,7,,,1,30,,34394,7,,,1,71,,34406,7,,,1,30,,34392,7,,,1,70,,34407,7,,,1,30,,34405,7,,,1,70,,34396,7,,,1,30,,34403,7,,,1,70,,34389,7,,,1
30900,'13',618,,34426,7,,,1,30,,34418,7,,,1,70,,34421,7,,,1,30,,34419,7,,,1,70,,34414,7,,,1,30,,34427,7,,,1,70,,34416,7,,,1,30,,27440,7,,,1,71,,27095,7,,,1,30,,34420,7,,,1,70,,28989,7,,,1,30,,34428,7,,,1,70,,34413,7,,,1,30,,29327,7,,,1,70,,29478,7,,,1,30,,28899,7,,,1,71,,34424,7,,,1,30,,34415,7,,,1,70,,34425,7,,,1,30,,34423,7,,,1,70,,34417,7,,,1,30,,34422,7,,,1,70,,34412,7,,,1
30900,'3',618,,34443,7,,,1,30,,34435,7,,,1,70,,34438,7,,,1,30,,34436,7,,,1,70,,34431,7,,,1,30,,34444,7,,,1,70,,34433,7,,,1,30,,27489,7,,,1,71,,27099,7,,,1,30,,34437,7,,,1,70,,29011,7,,,1,30,,34445,7,,,1,70,,34430,7,,,1,30,,29348,7,,,1,70,,29599,7,,,1,30,,28923,7,,,1,71,,34441,7,,,1,30,,34432,7,,,1,70,,34442,7,,,1,30,,34440,7,,,1,70,,34434,7,,,1,30,,34439,7,,,1,70,,34429,7,,,1
30900,'6',618,,34465,7,,,1,30,,34454,7,,,1,70,,34459,7,,,1,30,,34456,7,,,1,70,,34448,7,,,1,30,,34466,7,,,1,70,,34452,7,,,1,30,,34461,7,,,1,71,,34458,7,,,1,30,,34457,7,,,1,70,,34450,7,,,1,30,,34468,7,,,1,70,,34447,7,,,1,30,,34455,7,,,1,70,,34467,7,,,1,30,,34451,7,,,1,71,,34463,7,,,1,30,,34449,7,,,1,70,,34464,7,,,1,30,,34462,7,,,1,70,,34453,7,,,1,30,,34460,7,,,1,70,,34446,7,,,1
31200,'12',603,,34950,7,0,23,1,30,,34941,7,0,23,1,70,,34938,7,0,23,1,30,,34940,7,0,23,1,70,,34952,7,0,23,1,30,,34934,7,0,23,1,70,,34948,7,0,23,1,30,,34937,7,0,23,1,70,,34951,7,0,23,1,30,,34947,7,0,23,1,70,,34955,7,0,23,1,30,,34945,7,0,23,1,70,,34931,7,0,23,1,30,,34932,7,0,23,1,70,,34954,7,0,23,1,30,,34942,7,0,23,1,72,,34953,7,0,23,1,30,,34935,7,0,23,1,70,,34936,7,0,23,1,30,,34939,7,0,23,1,70,,34944,7,0,23,1,30,,34946,7,0,23,1,70,,34933,7,0,23,1,30,,34943,7,0,23,1,70,,34949,7,0,23,1
31200,'13',603,,27356,7,0,23,1,30,,34965,7,0,23,1,70,,28317,7,0,23,1,30,,34964,7,0,23,1,70,,34974,7,0,23,1,30,,34959,7,0,23,1,70,,34971,7,0,23,1,30,,34962,7,0,23,1,70,,34973,7,0,23,1,30,,34970,7,0,23,1,70,,34976,7,0,23,1,30,,34968,7,0,23,1,70,,34956,7,0,23,1,30,,34957,7,0,23,1,70,,34975,7,0,23,1,30,,442,7,0,23,1,72,,29070,7,0,23,1,30,,34960,7,0,23,1,70,,34961,7,0,23,1,30,,34963,7,0,23,1,70,,34967,7,0,23,1,30,,34969,7,0,23,1,70,,34958,7,0,23,1,30,,34966,7,0,23,1,70,,34972,7,0,23,1
31200,'3',603,,27394,7,0,23,1,30,,34986,7,0,23,1,70,,28338,7,0,23,1,30,,34985,7,0,23,1,70,,34995,7,0,23,1,30,,34980,7,0,23,1,70,,34992,7,0,23,1,30,,34983,7,0,23,1,70,,34994,7,0,23,1,30,,34991,7,0,23,1,70,,34997,7,0,23,1,30,,34989,7,0,23,1,70,,34977,7,0,23,1,30,,34978,7,0,23,1,70,,34996,7,0,23,1,30,,465,7,0,23,1,72,,29098,7,0,23,1,30,,34981,7,0,23,1,70,,34982,7,0,23,1,30,,34984,7,0,23,1,70,,34988,7,0,23,1,30,,34990,7,0,23,1,70,,34979,7,0,23,1,30,,34987,7,0,23,1,70,,34993,7,0,23,1
31200,'6',603,,35017,7,0,23,1,30,,35008,7,0,23,1,70,,35005,7,0,23,1,30,,35007,7,0,23,1,70,,35019,7,0,23,1,30,,35001,7,0,23,1,70,,35015,7,0,23,1,30,,35004,7,0,23,1,70,,35018,7,0,23,1,30,,35014,7,0,23,1,70,,35022,7,0,23,1,30,,35012,7,0,23,1,70,,34998,7,0,23,1,30,,34999,7,0,23,1,70,,35021,7,0,23,1,30,,35009,7,0,23,1,72,,35020,7,0,23,1,30,,35002,7,0,23,1,70,,35003,7,0,23,1,30,,35006,7,0,23,1,70,,35011,7,0,23,1,30,,35013,7,0,23,1,70,,35000,7,0,23,1,30,,35010,7,0,23,1,70,,35016,7,0,23,1
40900,'1',648,,39350,7,0,23,1,70,,39359,7,0,23,1,30,,39351,7,0,23,1,70,,39367,7,0,23,1,30,,32246,7,0,23,1,70,,39349,7,0,23,1,30,,39348,7,0,23,1,70,,39345,7,0,23,1,30,,39363,7,0,23,1,70,,39362,7,0,23,1,30,,39355,7,0,23,1,70,,31045,7,0,23,1,30,,39365,7,0,23,1,70,,39346,7,0,23,1,30,,39343,7,0,23,1,70,,39353,7,0,23,1,30,,39360,7,0,23,1,70,,39358,7,0,23,1,30,,39354,7,0,23,1,70,,39344,7,0,23,1,30,,39356,7,0,23,1,70,,39357,7,0,23,1,30,,39347,7,0,23,1,100,,39364,7,0,23,1,100,,39342,7,0,23,1,100,,39366,7,0,23,1,100,,39361,7,0,23,1,100,,39368,7,0,23,1,100,,39352,7,0,23,1
40900,'11',648,,39378,7,0,23,1,70,,39387,7,0,23,1,30,,39379,7,0,23,1,70,,39395,7,0,23,1,30,,39370,7,0,23,1,70,,39377,7,0,23,1,30,,39376,7,0,23,1,70,,39373,7,0,23,1,30,,39391,7,0,23,1,70,,39390,7,0,23,1,30,,39383,7,0,23,1,70,,39396,7,0,23,1,30,,39393,7,0,23,1,70,,39374,7,0,23,1,30,,39371,7,0,23,1,70,,39381,7,0,23,1,30,,39388,7,0,23,1,70,,39386,7,0,23,1,30,,39382,7,0,23,1,70,,39372,7,0,23,1,30,,39384,7,0,23,1,70,,39385,7,0,23,1,30,,39375,7,0,23,1,100,,39392,7,0,23,1,100,,39369,7,0,23,1,100,,39394,7,0,23,1,100,,39389,7,0,23,1,100,,39397,7,0,23,1,100,,39380,7,0,23,1
40900,'12',1748,,39403,7,0,23,1,100,,39398,7,0,23,1,100,,39404,7,0,23,1,100,,39402,7,0,23,1,100,,39401,7,0,23,1,100,,39399,7,0,23,1,100,,39400,7,0,23,1
40900,'13',1748,,39408,7,0,23,1,100,,39405,7,0,23,1,100,,39409,7,0,23,1,100,,27727,7,0,23,1,100,,28548,7,0,23,1,100,,39406,7,0,23,1,100,,39407,7,0,23,1
40900,'14',1048,,39410,7,0,23,1,100,,39416,7,0,23,1,100,,39414,7,0,23,1,100,,39415,7,0,23,1,100,,39417,7,0,23,1,100,,39413,7,0,23,1,100,,39412,7,0,23,1,100,,39411,7,0,23,1
40900,'16',648,,39426,7,0,23,1,70,,39435,7,0,23,1,30,,39427,7,0,23,1,70,,39443,7,0,23,1,30,,32290,7,0,23,1,70,,39425,7,0,23,1,30,,39424,7,0,23,1,70,,39421,7,0,23,1,30,,39439,7,0,23,1,70,,39438,7,0,23,1,30,,39431,7,0,23,1,70,,31083,7,0,23,1,30,,39441,7,0,23,1,70,,39422,7,0,23,1,30,,39419,7,0,23,1,70,,39429,7,0,23,1,30,,39436,7,0,23,1,70,,39434,7,0,23,1,30,,39430,7,0,23,1,70,,39420,7,0,23,1,30,,39432,7,0,23,1,70,,39433,7,0,23,1,30,,39423,7,0,23,1,100,,39440,7,0,23,1,100,,39418,7,0,23,1,100,,39442,7,0,23,1,100,,39437,7,0,23,1,100,,39444,7,0,23,1,100,,39428,7,0,23,1
40900,'3',1748,,39448,7,0,23,1,100,,39445,7,0,23,1,100,,39449,7,0,23,1,100,,27748,7,0,23,1,100,,28570,7,0,23,1,100,,39446,7,0,23,1,100,,39447,7,0,23,1
40900,'6',1748,,39455,7,0,23,1,100,,39450,7,0,23,1,100,,39456,7,0,23,1,100,,39454,7,0,23,1,100,,39453,7,0,23,1,100,,39451,7,0,23,1,100,,39452,7,0,23,1
40900,'8',848,,39471,7,0,23,1,170,,39458,7,0,23,1,30,,39461,7,0,23,1,70,,39470,7,0,23,1,30,,39464,7,0,23,1,70,,39469,7,0,23,1,30,,39468,7,0,23,1,100,,39459,7,0,23,1,70,,26494,7,0,23,1,30,,39460,7,0,23,1,70,,39467,7,0,23,1,30,,39466,7,0,23,1,70,,39463,7,0,23,1,30,,39457,7,0,23,1,70,,39473,7,0,23,1,30,,39472,7,0,23,1,100,,39465,7,0,23,1,100,,39462,7,0,23,1
