31601,'12',715,,35606,10,,,1,15,,35634,10,,,1,15,,35616,10,,,1,55,,35612,10,,,1,15,,35628,10,,,1,15,,35620,10,,,1,15,,35644,10,,,1,55,,35607,10,,,1,15,,35610,10,,,1,15,,35600,10,,,1,15,,35633,10,,,1,55,,35635,10,,,1,15,,35621,10,,,1,15,,35604,10,,,1,15,,35631,10,,,1,55,,35599,10,,,1,15,,35615,10,,,1,15,,35643,10,,,1,15,,35642,10,,,1,55,,35608,10,,,1,15,,35625,10,,,1,15,,35640,10,,,1,15,,35638,10,,,1,55,,35605,10,,,1,15,,35626,10,,,1,15,,35639,10,,,1,15,,35618,10,,,1,55,,35645,10,,,1,15,,35619,10,,,1,15,,35623,10,,,1,15,,35627,10,,,1,55,,35622,10,,,1,15,,35641,10,,,1,15,,35613,10,,,1,15,,35614,10,,,1,55,,35601,10,,,1,15,,35617,10,,,1,15,,35630,10,,,1,15,,35602,10,,,1,55,,35636,10,,,1,15,,35603,10,,,1,15,,35629,10,,,1,15,,35611,10,,,1,55,,35609,10,,,1,15,,35632,10,,,1,15,,35624,10,,,1,15,,35637,10,,,1
31601,'13',715,,35653,10,,,1,15,,35676,10,,,1,15,,35661,10,,,1,55,,35658,10,,,1,15,,25274,10,,,1,15,,35664,10,,,1,15,,35686,10,,,1,55,,35654,10,,,1,15,,35656,10,,,1,15,,35647,10,,,1,15,,35675,10,,,1,55,,35677,10,,,1,15,,35665,10,,,1,15,,35651,10,,,1,15,,35673,10,,,1,55,,35646,10,,,1,15,,35660,10,,,1,15,,35685,10,,,1,15,,35684,10,,,1,55,,35655,10,,,1,15,,35669,10,,,1,15,,35682,10,,,1,15,,35680,10,,,1,55,,35652,10,,,1,15,,35670,10,,,1,15,,35681,10,,,1,15,,35662,10,,,1,55,,35687,10,,,1,15,,35663,10,,,1,15,,35667,10,,,1,15,,32695,10,,,1,55,,35666,10,,,1,15,,35683,10,,,1,15,,27342,10,,,1,15,,35659,10,,,1,55,,35648,10,,,1,15,,28693,10,,,1,15,,35672,10,,,1,15,,35649,10,,,1,55,,35678,10,,,1,15,,35650,10,,,1,15,,35671,10,,,1,15,,35657,10,,,1,55,,21757,10,,,1,15,,35674,10,,,1,15,,35668,10,,,1,15,,35679,10,,,1
31601,'3',715,,35695,10,,,1,15,,35718,10,,,1,15,,35703,10,,,1,55,,35700,10,,,1,15,,25323,10,,,1,15,,35706,10,,,1,15,,35728,10,,,1,55,,35696,10,,,1,15,,35698,10,,,1,15,,35689,10,,,1,15,,35717,10,,,1,55,,35719,10,,,1,15,,35707,10,,,1,15,,35693,10,,,1,15,,35715,10,,,1,55,,35688,10,,,1,15,,35702,10,,,1,15,,35727,10,,,1,15,,35726,10,,,1,55,,35697,10,,,1,15,,35711,10,,,1,15,,35724,10,,,1,15,,35722,10,,,1,55,,35694,10,,,1,15,,35712,10,,,1,15,,35723,10,,,1,15,,35704,10,,,1,55,,35729,10,,,1,15,,35705,10,,,1,15,,35709,10,,,1,15,,32714,10,,,1,55,,35708,10,,,1,15,,35725,10,,,1,15,,27380,10,,,1,15,,35701,10,,,1,55,,35690,10,,,1,15,,28737,10,,,1,15,,35714,10,,,1,15,,35691,10,,,1,55,,35720,10,,,1,15,,35692,10,,,1,15,,35713,10,,,1,15,,35699,10,,,1,55,,21780,10,,,1,15,,35716,10,,,1,15,,35710,10,,,1,15,,35721,10,,,1
31601,'6',715,,35737,10,,,1,15,,35765,10,,,1,15,,35747,10,,,1,55,,35743,10,,,1,15,,35759,10,,,1,15,,35751,10,,,1,15,,35775,10,,,1,55,,35738,10,,,1,15,,35741,10,,,1,15,,35731,10,,,1,15,,35764,10,,,1,55,,35766,10,,,1,15,,35752,10,,,1,15,,35735,10,,,1,15,,35762,10,,,1,55,,35730,10,,,1,15,,35746,10,,,1,15,,35774,10,,,1,15,,35773,10,,,1,55,,35739,10,,,1,15,,35756,10,,,1,15,,35771,10,,,1,15,,35769,10,,,1,55,,35736,10,,,1,15,,35757,10,,,1,15,,35770,10,,,1,15,,35749,10,,,1,55,,35776,10,,,1,15,,35750,10,,,1,15,,35754,10,,,1,15,,35758,10,,,1,55,,35753,10,,,1,15,,35772,10,,,1,15,,35744,10,,,1,15,,35745,10,,,1,55,,35732,10,,,1,15,,35748,10,,,1,15,,35761,10,,,1,15,,35733,10,,,1,55,,35767,10,,,1,15,,35734,10,,,1,15,,35760,10,,,1,15,,35742,10,,,1,55,,35740,10,,,1,15,,35763,10,,,1,15,,35755,10,,,1,15,,35768,10,,,1
41601,'1',735,,40592,10,,,1,70,,40591,10,,,1,30,,40607,10,,,1,70,,40590,10,,,1,25,,30604,10,,,1,70,,40597,10,,,1,31,,29651,10,,,1,70,,40580,10,,,1,30,,40584,10,,,1,70,,32561,10,,,1,30,,40596,10,,,1,70,,40581,10,,,1,30,,40579,10,,,1,70,,40599,10,,,1,30,,40586,10,,,1,70,,40587,10,,,1,30,,40605,10,,,1,70,,40608,10,,,1,30,,40606,10,,,1,70,,40593,10,,,1,30,,40610,10,,,1,70,,40609,10,,,1,35,,40589,10,,,1,69,,40594,10,,,1,30,,40604,10,,,1,70,,40578,10,,,1,30,,40603,10,,,1,70,,40602,10,,,1,30,,40601,10,,,1,67,,40600,10,,,1,3,,40595,10,,,1,27,,40588,10,,,1,3,,40598,10,,,1,67,,40583,10,,,1,3,,40611,10,,,1,27,,40582,10,,,1,3,,40585,10,,,1
41601,'11',735,,40628,10,,,1,70,,40627,10,,,1,30,,40643,10,,,1,70,,40625,10,,,1,25,,40626,10,,,1,70,,40633,10,,,1,31,,40618,10,,,1,70,,40614,10,,,1,30,,40619,10,,,1,70,,40647,10,,,1,30,,40632,10,,,1,70,,40615,10,,,1,30,,40613,10,,,1,70,,40635,10,,,1,30,,40621,10,,,1,70,,40622,10,,,1,30,,40641,10,,,1,70,,40644,10,,,1,30,,40642,10,,,1,70,,40629,10,,,1,30,,40646,10,,,1,70,,40645,10,,,1,35,,40624,10,,,1,69,,40630,10,,,1,30,,40640,10,,,1,70,,40612,10,,,1,30,,40639,10,,,1,70,,40638,10,,,1,30,,40637,10,,,1,67,,40636,10,,,1,3,,40631,10,,,1,27,,40623,10,,,1,3,,40634,10,,,1,67,,40617,10,,,1,3,,40648,10,,,1,27,,40616,10,,,1,3,,40620,10,,,1
41601,'12',1905,,40655,10,,,1,30,,40649,10,,,1,70,,40650,10,,,1,30,,40657,10,,,1,70,,40653,10,,,1,30,,40658,10,,,1,70,,40651,10,,,1,30,,40654,10,,,1,70,,40656,10,,,1,30,,40652,10,,,1
41601,'13',1905,,40664,10,,,1,30,,40659,10,,,1,70,,40660,10,,,1,30,,40666,10,,,1,70,,40662,10,,,1,30,,32634,10,,,1,70,,40661,10,,,1,30,,40663,10,,,1,70,,40665,10,,,1,30,,27340,10,,,1
41601,'14',1106,,40669,10,,,1,30,,40668,10,,,1,70,,40672,10,,,1,30,,40679,10,,,1,70,,40673,10,,,1,30,,40667,10,,,1,70,,40674,10,,,1,30,,40676,10,,,1,70,,40670,10,,,1,30,,40680,10,,,1,70,,40677,10,,,1,30,,40678,10,,,1,70,,40671,10,,,1,30,,40675,10,,,1,70,,40681,10,,,1
41601,'16',735,,40696,10,,,1,70,,40695,10,,,1,30,,40711,10,,,1,70,,40694,10,,,1,25,,30640,10,,,1,70,,40701,10,,,1,31,,29768,10,,,1,70,,40684,10,,,1,30,,40688,10,,,1,70,,40715,10,,,1,30,,40700,10,,,1,70,,40685,10,,,1,30,,40683,10,,,1,70,,40703,10,,,1,30,,40690,10,,,1,70,,40691,10,,,1,30,,40709,10,,,1,70,,40712,10,,,1,30,,40710,10,,,1,70,,40697,10,,,1,30,,40714,10,,,1,70,,40713,10,,,1,35,,40693,10,,,1,69,,40698,10,,,1,30,,40708,10,,,1,70,,40682,10,,,1,30,,40707,10,,,1,70,,40706,10,,,1,30,,40705,10,,,1,67,,40704,10,,,1,3,,40699,10,,,1,27,,40692,10,,,1,3,,40702,10,,,1,67,,40687,10,,,1,3,,40716,10,,,1,27,,40686,10,,,1,3,,40689,10,,,1
41601,'3',1905,,40722,10,,,1,30,,40717,10,,,1,70,,40718,10,,,1,30,,40724,10,,,1,70,,40720,10,,,1,30,,32640,10,,,1,70,,40719,10,,,1,30,,40721,10,,,1,70,,40723,10,,,1,30,,27378,10,,,1
41601,'6',1905,,40731,10,,,1,30,,40725,10,,,1,70,,40726,10,,,1,30,,40733,10,,,1,70,,40729,10,,,1,30,,40734,10,,,1,70,,40727,10,,,1,30,,40730,10,,,1,70,,40732,10,,,1,30,,40728,10,,,1
41601,'8',900,,40753,10,,,1,30,,40743,10,,,1,70,,40757,10,,,1,31,,40754,10,,,1,70,,40735,10,,,1,30,,40742,10,,,1,70,,40746,10,,,1,30,,40750,10,,,1,70,,40740,10,,,1,30,,40749,10,,,1,70,,40752,10,,,1,30,,40747,10,,,1,70,,40737,10,,,1,30,,40744,10,,,1,70,,40748,10,,,1,30,,40736,10,,,1,70,,40745,10,,,1,30,,40758,10,,,1,70,,40739,10,,,1,30,,40755,10,,,1,70,,40738,10,,,1,29,,40751,10,,,1,70,,40741,10,,,1,30,,40756,10,,,1
