31501,'12',612,,35338,27,0,20 14 35 26,1,30,,35351,27,0,20 14 35 26,1,70,,35346,27,0,20 14 35 26,1,30,,35345,27,0,20 14 35 26,1,70,,35343,27,0,20 14 35 26,1,30,,35344,27,0,20 14 35 26,1,70,,35347,27,0,20 14 35 26,1,30,,35350,27,0,20 14 35 26,1,70,,35339,27,0,20 14 35 26,1,30,,35348,27,0,20 14 35 26,1,70,,35354,27,0,20 14 35 26,1,30,,35358,27,0,20 14 35 26,1,70,,35353,27,0,20 14 35 26,1,30,,35360,27,0,20 14 35 26,1,70,,35352,27,0,20 14 35 26,1,30,,35341,27,0,20 14 35 26,1,71,,35349,27,0,20 14 35 26,1,30,,35356,27,0,20 14 35 26,1,70,,35342,27,0,20 14 35 26,1,30,,35340,27,0,20 14 35 26,1,70,,35357,27,0,20 14 35 26,1,30,,35355,27,0,20 14 35 26,1,70,,35359,27,0,20 14 35 26,1,30,,35337,27,0,20 14 35 26,1
31501,'13',612,,35362,27,0,20 14 35 26,1,30,,21901,27,0,20 14 35 26,1,70,,35368,27,0,20 14 35 26,1,30,,35367,27,0,20 14 35 26,1,70,,35365,27,0,20 14 35 26,1,30,,35366,27,0,20 14 35 26,1,70,,35369,27,0,20 14 35 26,1,30,,35372,27,0,20 14 35 26,1,70,,28189,27,0,20 14 35 26,1,30,,35370,27,0,20 14 35 26,1,70,,28508,27,0,20 14 35 26,1,30,,35377,27,0,20 14 35 26,1,70,,35373,27,0,20 14 35 26,1,30,,35379,27,0,20 14 35 26,1,70,,27564,27,0,20 14 35 26,1,30,,35364,27,0,20 14 35 26,1,71,,35371,27,0,20 14 35 26,1,30,,35375,27,0,20 14 35 26,1,70,,27339,27,0,20 14 35 26,1,30,,35363,27,0,20 14 35 26,1,70,,35376,27,0,20 14 35 26,1,30,,35374,27,0,20 14 35 26,1,70,,35378,27,0,20 14 35 26,1,30,,35361,27,0,20 14 35 26,1
31501,'3',612,,35381,27,0,20 14 35 26,1,30,,21925,27,0,20 14 35 26,1,70,,35387,27,0,20 14 35 26,1,30,,35386,27,0,20 14 35 26,1,70,,35384,27,0,20 14 35 26,1,30,,35385,27,0,20 14 35 26,1,70,,35388,27,0,20 14 35 26,1,30,,35391,27,0,20 14 35 26,1,70,,28210,27,0,20 14 35 26,1,30,,35389,27,0,20 14 35 26,1,70,,28532,27,0,20 14 35 26,1,30,,35396,27,0,20 14 35 26,1,70,,35392,27,0,20 14 35 26,1,30,,35398,27,0,20 14 35 26,1,70,,27586,27,0,20 14 35 26,1,30,,35383,27,0,20 14 35 26,1,71,,35390,27,0,20 14 35 26,1,30,,35394,27,0,20 14 35 26,1,70,,27377,27,0,20 14 35 26,1,30,,35382,27,0,20 14 35 26,1,70,,35395,27,0,20 14 35 26,1,30,,35393,27,0,20 14 35 26,1,70,,35397,27,0,20 14 35 26,1,30,,35380,27,0,20 14 35 26,1
31501,'6',612,,35400,27,0,20 14 35 26,1,30,,35413,27,0,20 14 35 26,1,70,,35408,27,0,20 14 35 26,1,30,,35407,27,0,20 14 35 26,1,70,,35405,27,0,20 14 35 26,1,30,,35406,27,0,20 14 35 26,1,70,,35409,27,0,20 14 35 26,1,30,,35412,27,0,20 14 35 26,1,70,,35401,27,0,20 14 35 26,1,30,,35410,27,0,20 14 35 26,1,70,,35416,27,0,20 14 35 26,1,30,,35420,27,0,20 14 35 26,1,70,,35415,27,0,20 14 35 26,1,30,,35422,27,0,20 14 35 26,1,70,,35414,27,0,20 14 35 26,1,30,,35403,27,0,20 14 35 26,1,71,,35411,27,0,20 14 35 26,1,30,,35418,27,0,20 14 35 26,1,70,,35404,27,0,20 14 35 26,1,30,,35402,27,0,20 14 35 26,1,70,,35419,27,0,20 14 35 26,1,30,,35417,27,0,20 14 35 26,1,70,,35421,27,0,20 14 35 26,1,30,,35399,27,0,20 14 35 26,1
41501,'1',657,,40301,27,0,20 14 34,1,70,,40294,27,0,20 14 34,1,30,,40288,27,0,20 14 34,1,70,,40304,27,0,20 14 34,1,30,,40293,27,0,20 14 34,1,70,,40286,27,0,20 14 34,1,30,,40289,27,0,20 14 34,1,71,,40302,27,0,20 14 34,1,30,,31128,27,0,20 14 34,1,70,,40284,27,0,20 14 34,1,30,,40297,27,0,20 14 34,1,70,,40281,27,0,20 14 34,1,30,,40300,27,0,20 14 34,1,70,,40280,27,0,20 14 34,1,30,,40303,27,0,20 14 34,1,71,,40278,27,0,20 14 34,1,30,,40287,27,0,20 14 34,1,70,,40290,27,0,20 14 34,1,30,,40296,27,0,20 14 34,1,70,,40292,27,0,20 14 34,1,30,,40282,27,0,20 14 34,1,70,,40298,27,0,20 14 34,1,30,,29652,27,0,20 14 34,1,70,,40283,27,0,20 14 34,1,98,,40291,27,0,20 14 34,1,100,,40285,27,0,20 14 34,1,100,,40295,27,0,20 14 34,1,100,,40299,27,0,20 14 34,1,100,,40279,27,0,20 14 34,1
41501,'11',657,,40329,27,0,20 14 34,1,70,,40322,27,0,20 14 34,1,30,,40316,27,0,20 14 34,1,70,,40333,27,0,20 14 34,1,30,,40321,27,0,20 14 34,1,70,,40314,27,0,20 14 34,1,30,,40317,27,0,20 14 34,1,71,,40330,27,0,20 14 34,1,30,,40331,27,0,20 14 34,1,70,,40312,27,0,20 14 34,1,30,,40325,27,0,20 14 34,1,70,,40308,27,0,20 14 34,1,30,,40328,27,0,20 14 34,1,70,,40307,27,0,20 14 34,1,30,,40332,27,0,20 14 34,1,71,,40305,27,0,20 14 34,1,30,,40315,27,0,20 14 34,1,70,,40318,27,0,20 14 34,1,30,,40324,27,0,20 14 34,1,70,,40320,27,0,20 14 34,1,30,,40310,27,0,20 14 34,1,70,,40326,27,0,20 14 34,1,30,,40309,27,0,20 14 34,1,70,,40311,27,0,20 14 34,1,98,,40319,27,0,20 14 34,1,100,,40313,27,0,20 14 34,1,100,,40323,27,0,20 14 34,1,100,,40327,27,0,20 14 34,1,100,,40306,27,0,20 14 34,1
41501,'12',1814,,40338,27,0,20 14 34,1,30,,40334,27,0,20 14 34,1,83,,40336,27,0,20 14 34,1,100,,40340,27,0,20 14 34,1,100,,40335,27,0,20 14 34,1,100,,40337,27,0,20 14 34,1,100,,40339,27,0,20 14 34,1
41501,'13',1814,,40345,27,0,20 14 34,1,30,,40341,27,0,20 14 34,1,83,,40343,27,0,20 14 34,1,100,,40347,27,0,20 14 34,1,100,,40342,27,0,20 14 34,1,100,,40344,27,0,20 14 34,1,100,,40346,27,0,20 14 34,1
41501,'14',1128,,40349,27,0,20 14 34,1,100,,40352,27,0,20 14 34,1,100,,40353,27,0,20 14 34,1,101,,40351,27,0,20 14 34,1,100,,40350,27,0,20 14 34,1,100,,40354,27,0,20 14 34,1,100,,40348,27,0,20 14 34,1
41501,'16',657,,40378,27,0,20 14 34,1,70,,40371,27,0,20 14 34,1,30,,40365,27,0,20 14 34,1,70,,40381,27,0,20 14 34,1,30,,40370,27,0,20 14 34,1,70,,40363,27,0,20 14 34,1,30,,40366,27,0,20 14 34,1,71,,40379,27,0,20 14 34,1,30,,31153,27,0,20 14 34,1,70,,40361,27,0,20 14 34,1,30,,40374,27,0,20 14 34,1,70,,40358,27,0,20 14 34,1,30,,40377,27,0,20 14 34,1,70,,40357,27,0,20 14 34,1,30,,40380,27,0,20 14 34,1,71,,40355,27,0,20 14 34,1,30,,40364,27,0,20 14 34,1,70,,40367,27,0,20 14 34,1,30,,40373,27,0,20 14 34,1,70,,40369,27,0,20 14 34,1,30,,40359,27,0,20 14 34,1,70,,40375,27,0,20 14 34,1,30,,26926,27,0,20 14 34,1,70,,40360,27,0,20 14 34,1,98,,40368,27,0,20 14 34,1,100,,40362,27,0,20 14 34,1,100,,40372,27,0,20 14 34,1,100,,40376,27,0,20 14 34,1,100,,40356,27,0,20 14 34,1
41501,'3',1814,,40386,27,0,20 14 34,1,30,,40382,27,0,20 14 34,1,83,,40384,27,0,20 14 34,1,100,,40388,27,0,20 14 34,1,100,,40383,27,0,20 14 34,1,100,,40385,27,0,20 14 34,1,100,,40387,27,0,20 14 34,1
41501,'6',1814,,40393,27,0,20 14 34,1,30,,40389,27,0,20 14 34,1,83,,40391,27,0,20 14 34,1,100,,40395,27,0,20 14 34,1,100,,40390,27,0,20 14 34,1,100,,40392,27,0,20 14 34,1,100,,40394,27,0,20 14 34,1
41501,'8',1028,,40400,27,0,20 14 34,1,30,,40408,27,0,20 14 34,1,70,,40403,27,0,20 14 34,1,30,,40401,27,0,20 14 34,1,70,,40410,27,0,20 14 34,1,100,,40407,27,0,20 14 34,1,30,,40398,27,0,20 14 34,1,71,,40404,27,0,20 14 34,1,100,,40402,27,0,20 14 34,1,30,,40406,27,0,20 14 34,1,70,,40409,27,0,20 14 34,1,30,,31323,27,0,20 14 34,1,70,,40396,27,0,20 14 34,1,30,,40397,27,0,20 14 34,1,70,,40405,27,0,20 14 34,1,98,,40399,27,0,20 14 34,1
