31701,'12',623,,35896,26,0,62,1,30,,35885,26,0,62,1,70,,35883,26,0,62,1,30,,35876,26,0,62,1,70,,35880,26,0,62,1,30,,35886,26,0,62,1,70,,35888,26,0,62,1,30,,35873,26,0,62,1,71,,35894,26,0,62,1,30,,35877,26,0,62,1,70,,35878,26,0,62,1,30,,35892,26,0,62,1,70,,35895,26,0,62,1,30,,35889,26,0,62,1,70,,35891,26,0,62,1,30,,35884,26,0,62,1,71,,35882,26,0,62,1,30,,35879,26,0,62,1,70,,35893,26,0,62,1,30,,35890,26,0,62,1,70,,35875,26,0,62,1,30,,35887,26,0,62,1,70,,35874,26,0,62,1,30,,35881,26,0,62,1
31701,'13',623,,35918,26,0,62,1,30,,22658,26,0,62,1,70,,35906,26,0,62,1,30,,35899,26,0,62,1,70,,35903,26,0,62,1,30,,35908,26,0,62,1,70,,35910,26,0,62,1,30,,35897,26,0,62,1,71,,35916,26,0,62,1,30,,35900,26,0,62,1,70,,35901,26,0,62,1,30,,35914,26,0,62,1,70,,35917,26,0,62,1,30,,35911,26,0,62,1,70,,35913,26,0,62,1,30,,35907,26,0,62,1,71,,35905,26,0,62,1,30,,35902,26,0,62,1,70,,35915,26,0,62,1,30,,35912,26,0,62,1,70,,27975,26,0,62,1,30,,35909,26,0,62,1,70,,35898,26,0,62,1,30,,35904,26,0,62,1
31701,'3',623,,35940,26,0,62,1,30,,22678,26,0,62,1,70,,35928,26,0,62,1,30,,35921,26,0,62,1,70,,35925,26,0,62,1,30,,35930,26,0,62,1,70,,35932,26,0,62,1,30,,35919,26,0,62,1,71,,35938,26,0,62,1,30,,35922,26,0,62,1,70,,35923,26,0,62,1,30,,35936,26,0,62,1,70,,35939,26,0,62,1,30,,35933,26,0,62,1,70,,35935,26,0,62,1,30,,35929,26,0,62,1,71,,35927,26,0,62,1,30,,35924,26,0,62,1,70,,35937,26,0,62,1,30,,35934,26,0,62,1,70,,27998,26,0,62,1,30,,35931,26,0,62,1,70,,35920,26,0,62,1,30,,35926,26,0,62,1
31701,'6',623,,35964,26,0,62,1,30,,35953,26,0,62,1,70,,35951,26,0,62,1,30,,35944,26,0,62,1,70,,35948,26,0,62,1,30,,35954,26,0,62,1,70,,35956,26,0,62,1,30,,35941,26,0,62,1,71,,35962,26,0,62,1,30,,35945,26,0,62,1,70,,35946,26,0,62,1,30,,35960,26,0,62,1,70,,35963,26,0,62,1,30,,35957,26,0,62,1,70,,35959,26,0,62,1,30,,35952,26,0,62,1,71,,35950,26,0,62,1,30,,35947,26,0,62,1,70,,35961,26,0,62,1,30,,35958,26,0,62,1,70,,35943,26,0,62,1,30,,35955,26,0,62,1,70,,35942,26,0,62,1,30,,35949,26,0,62,1
41701,'1',627,,40905,20,0,62,1,30,,40894,20,0,62,1,70,,30080,20,0,62,1,30,,32586,20,0,62,1,70,,40904,20,0,62,1,30,,30610,20,0,62,1,70,,40885,20,0,62,1,30,,40902,20,0,62,1,71,,31345,20,0,62,1,30,,40901,20,0,62,1,70,,29900,20,0,62,1,30,,31670,20,0,62,1,70,,40895,20,0,62,1,30,,40889,20,0,62,1,70,,40899,20,0,62,1,30,,40891,20,0,62,1,70,,40900,20,0,62,1,30,,40893,20,0,62,1,70,,29109,20,0,62,1,30,,32248,20,0,62,1,70,,40897,20,0,62,1,30,,40898,20,0,62,1,70,,40887,20,0,62,1,30,,40903,20,0,62,1,70,,21426,20,0,62,1,99,,40892,20,0,62,1,100,,40888,20,0,62,1,100,,40886,20,0,62,1,100,,40896,20,0,62,1,100,,40890,20,0,62,1
41701,'11',627,,40935,20,0,62,1,30,,40918,20,0,62,1,70,,40927,20,0,62,1,30,,40923,20,0,62,1,70,,40934,20,0,62,1,30,,40933,20,0,62,1,70,,40908,20,0,62,1,30,,40931,20,0,62,1,71,,40924,20,0,62,1,30,,40930,20,0,62,1,70,,40929,20,0,62,1,30,,40910,20,0,62,1,70,,40919,20,0,62,1,30,,40913,20,0,62,1,70,,40926,20,0,62,1,30,,40915,20,0,62,1,70,,40928,20,0,62,1,30,,40917,20,0,62,1,70,,40907,20,0,62,1,30,,40906,20,0,62,1,70,,40922,20,0,62,1,30,,40925,20,0,62,1,70,,40911,20,0,62,1,30,,40932,20,0,62,1,70,,40921,20,0,62,1,99,,40916,20,0,62,1,100,,40912,20,0,62,1,100,,40909,20,0,62,1,100,,40920,20,0,62,1,100,,40914,20,0,62,1
41701,'12',1828,,40936,20,0,62,1,99,,40941,20,0,62,1,100,,40940,20,0,62,1,100,,40937,20,0,62,1,100,,40939,20,0,62,1,100,,40938,20,0,62,1
41701,'13',1828,,40942,20,0,62,1,99,,40947,20,0,62,1,100,,40946,20,0,62,1,100,,40943,20,0,62,1,100,,40945,20,0,62,1,100,,40944,20,0,62,1
41701,'14',1128,,40951,20,0,62,1,100,,40953,20,0,62,1,100,,40950,20,0,62,1,100,,40952,20,0,62,1,100,,40954,20,0,62,1,100,,40949,20,0,62,1,100,,40948,20,0,62,1
41701,'16',627,,40976,20,0,62,1,30,,40964,20,0,62,1,70,,30161,20,0,62,1,30,,40968,20,0,62,1,70,,40975,20,0,62,1,30,,30647,20,0,62,1,70,,40955,20,0,62,1,30,,40973,20,0,62,1,71,,31386,20,0,62,1,30,,40972,20,0,62,1,70,,29981,20,0,62,1,30,,31726,20,0,62,1,70,,40965,20,0,62,1,30,,40959,20,0,62,1,70,,40970,20,0,62,1,30,,40961,20,0,62,1,70,,40971,20,0,62,1,30,,40963,20,0,62,1,70,,17746,20,0,62,1,30,,32291,20,0,62,1,70,,40967,20,0,62,1,30,,40969,20,0,62,1,70,,40957,20,0,62,1,30,,40974,20,0,62,1,70,,31209,20,0,62,1,99,,40962,20,0,62,1,100,,40958,20,0,62,1,100,,40956,20,0,62,1,100,,40966,20,0,62,1,100,,40960,20,0,62,1
41701,'3',1828,,40977,20,0,62,1,99,,40982,20,0,62,1,100,,40981,20,0,62,1,100,,40978,20,0,62,1,100,,40980,20,0,62,1,100,,40979,20,0,62,1
41701,'6',1828,,40983,20,0,62,1,99,,40988,20,0,62,1,100,,40987,20,0,62,1,100,,40984,20,0,62,1,100,,40986,20,0,62,1,100,,40985,20,0,62,1
41701,'8',927,,40990,20,0,62,1,131,,41004,20,0,62,1,70,,40991,20,0,62,1,30,,40998,20,0,62,1,70,,40994,20,0,62,1,30,,40992,20,0,62,1,70,,40999,20,0,62,1,100,,41000,20,0,62,1,30,,40989,20,0,62,1,70,,40995,20,0,62,1,30,,40997,20,0,62,1,70,,41001,20,0,62,1,30,,41003,20,0,62,1,70,,40996,20,0,62,1,30,,40993,20,0,62,1,70,,41002,20,0,62,1,99,,30209,20,0,62,1
