31100,'1',619,,22836,8,0,43 44,1,30,,22841,8,0,43 44,1,70,,22832,8,0,43 44,1,30,,22830,8,0,43 44,1,70,,22829,8,0,43 44,1,30,,22823,8,0,43 44,1,70,,22821,8,0,43 44,1,30,,22838,8,0,43 44,1,70,,22833,8,0,43 44,1,30,,22837,8,0,43 44,1,70,,22839,8,0,43 44,1,30,,22822,8,0,43 44,1,70,,22840,8,0,43 44,1,30,,22827,8,0,43 44,1,70,,22843,8,0,43 44,1,30,,22826,8,0,43 44,1,70,,22820,8,0,43 44,1,30,,22831,8,0,43 44,1,70,,22824,8,0,43 44,1,30,,22842,8,0,43 44,1,70,,22825,8,0,43 44,1,30,,22834,8,0,43 44,1,70,,22828,8,0,43 44,1,30,,22835,8,0,43 44,1
31100,'10',619,,16557,8,0,43 44,1,30,,8925,8,0,43 44,1,70,,22855,8,0,43 44,1,30,,22853,8,0,43 44,1,70,,22852,8,0,43 44,1,30,,22847,8,0,43 44,1,70,,22845,8,0,43 44,1,30,,22859,8,0,43 44,1,70,,20540,8,0,43 44,1,30,,22858,8,0,43 44,1,70,,21298,8,0,43 44,1,30,,22846,8,0,43 44,1,70,,22860,8,0,43 44,1,30,,22850,8,0,43 44,1,70,,22862,8,0,43 44,1,30,,16131,8,0,43 44,1,70,,22844,8,0,43 44,1,30,,22854,8,0,43 44,1,70,,22848,8,0,43 44,1,30,,22861,8,0,43 44,1,70,,22849,8,0,43 44,1,30,,22856,8,0,43 44,1,70,,22851,8,0,43 44,1,30,,22857,8,0,43 44,1
31100,'3',619,,16687,8,0,43 44,1,30,,9001,8,0,43 44,1,70,,22874,8,0,43 44,1,30,,22872,8,0,43 44,1,70,,22871,8,0,43 44,1,30,,22866,8,0,43 44,1,70,,22864,8,0,43 44,1,30,,22879,8,0,43 44,1,70,,22875,8,0,43 44,1,30,,22878,8,0,43 44,1,70,,21325,8,0,43 44,1,30,,22865,8,0,43 44,1,70,,22880,8,0,43 44,1,30,,22869,8,0,43 44,1,70,,22882,8,0,43 44,1,30,,16266,8,0,43 44,1,70,,22863,8,0,43 44,1,30,,22873,8,0,43 44,1,70,,22867,8,0,43 44,1,30,,22881,8,0,43 44,1,70,,22868,8,0,43 44,1,30,,22876,8,0,43 44,1,70,,22870,8,0,43 44,1,30,,22877,8,0,43 44,1
31800,'1',603,,23668,6,0,45 46 18,1,30,,23673,6,0,45 46 18,1,70,,1358,6,0,45 46 18,1,30,,23657,6,0,45 46 18,1,70,,23658,6,0,45 46 18,1,30,,23662,6,0,45 46 18,1,70,,23660,6,0,45 46 18,1,30,,23674,6,0,45 46 18,1,70,,23667,6,0,45 46 18,1,30,,23669,6,0,45 46 18,1,70,,23664,6,0,45 46 18,1,30,,23661,6,0,45 46 18,1,70,,23663,6,0,45 46 18,1,30,,23671,6,0,45 46 18,1,70,,23659,6,0,45 46 18,1,30,,23672,6,0,45 46 18,1,70,,23670,6,0,45 46 18,1,30,,23651,6,0,45 46 18,1,70,,23653,6,0,45 46 18,1,30,,23652,6,0,45 46 18,1,70,,23654,6,0,45 46 18,1,30,,23656,6,0,45 46 18,1,70,,23655,6,0,45 46 18,1,30,,23665,6,0,45 46 18,1,70,,23666,6,0,45 46 18,1
31800,'10',603,,23691,6,0,45 46 18,1,30,,21136,6,0,45 46 18,1,70,,23677,6,0,45 46 18,1,30,,23681,6,0,45 46 18,1,70,,23682,6,0,45 46 18,1,30,,23686,6,0,45 46 18,1,70,,23684,6,0,45 46 18,1,30,,12369,6,0,45 46 18,1,70,,23690,6,0,45 46 18,1,30,,9174,6,0,45 46 18,1,70,,23688,6,0,45 46 18,1,30,,23685,6,0,45 46 18,1,70,,23687,6,0,45 46 18,1,30,,23693,6,0,45 46 18,1,70,,23683,6,0,45 46 18,1,30,,23694,6,0,45 46 18,1,70,,23692,6,0,45 46 18,1,30,,23675,6,0,45 46 18,1,70,,23678,6,0,45 46 18,1,30,,23676,6,0,45 46 18,1,70,,23679,6,0,45 46 18,1,30,,21167,6,0,45 46 18,1,70,,23680,6,0,45 46 18,1,30,,23689,6,0,45 46 18,1,70,,12800,6,0,45 46 18,1
31800,'3',603,,23711,6,0,45 46 18,1,30,,23714,6,0,45 46 18,1,70,,23697,6,0,45 46 18,1,30,,23701,6,0,45 46 18,1,70,,23702,6,0,45 46 18,1,30,,23706,6,0,45 46 18,1,70,,23704,6,0,45 46 18,1,30,,12398,6,0,45 46 18,1,70,,23710,6,0,45 46 18,1,30,,8673,6,0,45 46 18,1,70,,23708,6,0,45 46 18,1,30,,23705,6,0,45 46 18,1,70,,23707,6,0,45 46 18,1,30,,23712,6,0,45 46 18,1,70,,23703,6,0,45 46 18,1,30,,23713,6,0,45 46 18,1,70,,20987,6,0,45 46 18,1,30,,23695,6,0,45 46 18,1,70,,23698,6,0,45 46 18,1,30,,23696,6,0,45 46 18,1,70,,23699,6,0,45 46 18,1,30,,23700,6,0,45 46 18,1,70,,15667,6,0,45 46 18,1,30,,23709,6,0,45 46 18,1,70,,12929,6,0,45 46 18,1
41800,'1',1849,,26745,8,0,45 46 18,1,100,,26743,8,0,45 46 18,1,100,,26744,8,0,45 46 18,1,100,,26742,8,0,45 46 18,1,100,,19369,8,0,45 46 18,1,100,,26746,8,0,45 46 18,1
41800,'10',1849,,26750,8,0,45 46 18,1,100,,26748,8,0,45 46 18,1,100,,26749,8,0,45 46 18,1,100,,26747,8,0,45 46 18,1,100,,26752,8,0,45 46 18,1,100,,26751,8,0,45 46 18,1
41800,'11',948,,26768,8,0,45 46 18,1,71,,26754,8,0,45 46 18,1,30,,26753,8,0,45 46 18,1,70,,26769,8,0,45 46 18,1,30,,26766,8,0,45 46 18,1,100,,26756,8,0,45 46 18,1,70,,26757,8,0,45 46 18,1,30,,26758,8,0,45 46 18,1,100,,26759,8,0,45 46 18,1,70,,26760,8,0,45 46 18,1,30,,26763,8,0,45 46 18,1,70,,26762,8,0,45 46 18,1,30,,26761,8,0,45 46 18,1,70,,26755,8,0,45 46 18,1,30,,26765,8,0,45 46 18,1,100,,26767,8,0,45 46 18,1,100,,26764,8,0,45 46 18,1
41800,'13',618,,26772,8,0,45 46 18,1,30,,26776,8,0,45 46 18,1,70,,26788,8,0,45 46 18,1,30,,26785,8,0,45 46 18,1,70,,26773,8,0,45 46 18,1,30,,26775,8,0,45 46 18,1,70,,19915,8,0,45 46 18,1,30,,26786,8,0,45 46 18,1,71,,26781,8,0,45 46 18,1,30,,20968,8,0,45 46 18,1,70,,16949,8,0,45 46 18,1,30,,26783,8,0,45 46 18,1,70,,26792,8,0,45 46 18,1,30,,26778,8,0,45 46 18,1,70,,26789,8,0,45 46 18,1,30,,26779,8,0,45 46 18,1,70,,26791,8,0,45 46 18,1,30,,26780,8,0,45 46 18,1,70,,17637,8,0,45 46 18,1,30,,26777,8,0,45 46 18,1,70,,26790,8,0,45 46 18,1,30,,8094,8,0,45 46 18,1,70,,17304,8,0,45 46 18,1,30,,26770,8,0,45 46 18,1,100,,26784,8,0,45 46 18,1,100,,26774,8,0,45 46 18,1,100,,26771,8,0,45 46 18,1,100,,26782,8,0,45 46 18,1,100,,20038,8,0,45 46 18,1,100,,26787,8,0,45 46 18,1
41800,'3',1849,,26796,8,0,45 46 18,1,100,,26794,8,0,45 46 18,1,100,,26795,8,0,45 46 18,1,100,,26793,8,0,45 46 18,1,100,,26798,8,0,45 46 18,1,100,,26797,8,0,45 46 18,1
41800,'8',948,,26813,8,0,45 46 18,1,71,,17076,8,0,45 46 18,1,30,,26799,8,0,45 46 18,1,70,,26814,8,0,45 46 18,1,30,,26811,8,0,45 46 18,1,100,,26801,8,0,45 46 18,1,70,,26802,8,0,45 46 18,1,30,,26803,8,0,45 46 18,1,100,,26804,8,0,45 46 18,1,70,,26805,8,0,45 46 18,1,30,,26808,8,0,45 46 18,1,70,,26807,8,0,45 46 18,1,30,,26806,8,0,45 46 18,1,70,,26800,8,0,45 46 18,1,30,,26810,8,0,45 46 18,1,100,,26812,8,0,45 46 18,1,100,,26809,8,0,45 46 18,1
