30101,'12',635,,32947,32,0,5 15,1,70,,32948,32,0,5 15,1,30,,32969,32,0,5 15,1,70,,32985,32,0,5 15,1,30,,32960,32,0,5 15,1,70,,32976,32,0,5 15,1,30,,32954,32,0,5 15,1,70,,32952,32,0,5 15,1,30,,32986,32,0,5 15,1,70,,32966,32,0,5 15,1,30,,32967,32,0,5 15,1,70,,32945,32,0,5 15,1,30,,32955,32,0,5 15,1,70,,32957,32,0,5 15,1,30,,32987,32,0,5 15,1,70,,32991,32,0,5 15,1,30,,32956,32,0,5 15,1,70,,32990,32,0,5 15,1,30,,32980,32,0,5 15,1,70,,32971,32,0,5 15,1,30,,32972,32,0,5 15,1,70,,32994,32,0,5 15,1,30,,32993,32,0,5 15,1,70,,32977,32,0,5 15,1
30101,'13',635,,32997,32,0,5 15,1,70,,32998,32,0,5 15,1,30,,33016,32,0,5 15,1,70,,28476,32,0,5 15,1,30,,33008,32,0,5 15,1,70,,33022,32,0,5 15,1,30,,33003,32,0,5 15,1,70,,33001,32,0,5 15,1,30,,33030,32,0,5 15,1,70,,33014,32,0,5 15,1,30,,33015,32,0,5 15,1,70,,32995,32,0,5 15,1,30,,33004,32,0,5 15,1,70,,33006,32,0,5 15,1,30,,31703,32,0,5 15,1,70,,33033,32,0,5 15,1,30,,33005,32,0,5 15,1,70,,28477,32,0,5 15,1,30,,33026,32,0,5 15,1,70,,33017,32,0,5 15,1,30,,33018,32,0,5 15,1,70,,33036,32,0,5 15,1,30,,33035,32,0,5 15,1,70,,33023,32,0,5 15,1
30101,'3',635,,33039,32,0,5 15,1,70,,33040,32,0,5 15,1,30,,33058,32,0,5 15,1,70,,28491,32,0,5 15,1,30,,33050,32,0,5 15,1,70,,33064,32,0,5 15,1,30,,33045,32,0,5 15,1,70,,33043,32,0,5 15,1,30,,33072,32,0,5 15,1,70,,33056,32,0,5 15,1,30,,33057,32,0,5 15,1,70,,33037,32,0,5 15,1,30,,33046,32,0,5 15,1,70,,33048,32,0,5 15,1,30,,31758,32,0,5 15,1,70,,33075,32,0,5 15,1,30,,33047,32,0,5 15,1,70,,28492,32,0,5 15,1,30,,33068,32,0,5 15,1,70,,33059,32,0,5 15,1,30,,33060,32,0,5 15,1,70,,33078,32,0,5 15,1,30,,33077,32,0,5 15,1,70,,33065,32,0,5 15,1
30101,'6',635,,33081,32,0,5 15,1,70,,33082,32,0,5 15,1,30,,33103,32,0,5 15,1,70,,33119,32,0,5 15,1,30,,33094,32,0,5 15,1,70,,33110,32,0,5 15,1,30,,33088,32,0,5 15,1,70,,33086,32,0,5 15,1,30,,33120,32,0,5 15,1,70,,33100,32,0,5 15,1,30,,33101,32,0,5 15,1,70,,33079,32,0,5 15,1,30,,33089,32,0,5 15,1,70,,33091,32,0,5 15,1,30,,33121,32,0,5 15,1,70,,33125,32,0,5 15,1,30,,33090,32,0,5 15,1,70,,33124,32,0,5 15,1,30,,33114,32,0,5 15,1,70,,33105,32,0,5 15,1,30,,33106,32,0,5 15,1,70,,33128,32,0,5 15,1,30,,33127,32,0,5 15,1,70,,33111,32,0,5 15,1
40101,'1',648,,38036,32,0,16,1,70,,38052,32,0,16,1,30,,38025,32,0,16,1,70,,38054,32,0,16,1,30,,38057,32,0,16,1,70,,38048,32,0,16,1,30,,32002,32,0,16,1,70,,38046,32,0,16,1,30,,38060,32,0,16,1,70,,38020,32,0,16,1,30,,38034,32,0,16,1,70,,38031,32,0,16,1,30,,30519,32,0,16,1,70,,38038,32,0,16,1,30,,38026,32,0,16,1,70,,38043,32,0,16,1,30,,38045,32,0,16,1,70,,38063,32,0,16,1,30,,38040,32,0,16,1,70,,38033,32,0,16,1,30,,38032,32,0,16,1,70,,38027,32,0,16,1,30,,38056,32,0,16,1,70,,38059,32,0,16,1,30,,38037,32,0,16,1,100,,38012,32,0,16,1,100,,38028,32,0,16,1,100,,38049,32,0,16,1,100,,38013,32,0,16,1,100,,38011,32,0,5,1
40101,'11',648,,38093,32,0,16,1,70,,38112,32,0,16,1,30,,38082,32,0,16,1,70,,38114,32,0,16,1,30,,38117,32,0,16,1,70,,38107,32,0,16,1,30,,38102,32,0,16,1,70,,38105,32,0,16,1,30,,38120,32,0,16,1,70,,38077,32,0,16,1,30,,38091,32,0,16,1,70,,38088,32,0,16,1,30,,38099,32,0,16,1,70,,38094,32,0,16,1,30,,38083,32,0,16,1,70,,38101,32,0,16,1,30,,38104,32,0,16,1,70,,38124,32,0,16,1,30,,38097,32,0,16,1,70,,38090,32,0,16,1,30,,38089,32,0,16,1,70,,38084,32,0,16,1,30,,38116,32,0,16,1,70,,38119,32,0,16,1,30,,38095,32,0,16,1,100,,38069,32,0,16,1,100,,38085,32,0,16,1,100,,38108,32,0,16,1,100,,38070,32,0,16,1,100,,38068,32,0,5,1
40101,'12',1848,,38134,32,0,16,1,100,,38133,32,0,16,1,100,,38132,32,0,16,1,100,,38128,32,0,16,1,100,,38137,32,0,16,1,100,,38130,32,0,5,1
40101,'13',1848,,38145,32,0,16,1,100,,38144,32,0,16,1,100,,38143,32,0,16,1,100,,38139,32,0,16,1,100,,38148,32,0,16,1,100,,38141,32,0,5,1
40101,'14',1048,,38157,32,0,16,1,100,,38159,32,0,16,1,100,,38158,32,0,16,1,100,,38153,32,0,16,1,100,,38156,32,0,16,1,100,,38151,32,0,16,1,100,,38162,32,0,16,1,100,,38149,32,0,5,1
40101,'16',648,,38191,32,0,16,1,70,,38207,32,0,16,1,30,,38180,32,0,16,1,70,,38209,32,0,16,1,30,,38212,32,0,16,1,70,,38203,32,0,16,1,30,,32040,32,0,16,1,70,,38201,32,0,16,1,30,,38215,32,0,16,1,70,,38175,32,0,16,1,30,,38189,32,0,16,1,70,,38186,32,0,16,1,30,,30556,32,0,16,1,70,,38193,32,0,16,1,30,,38181,32,0,16,1,70,,38198,32,0,16,1,30,,38200,32,0,16,1,70,,38218,32,0,16,1,30,,38195,32,0,16,1,70,,38188,32,0,16,1,30,,38187,32,0,16,1,70,,38182,32,0,16,1,30,,38211,32,0,16,1,70,,38214,32,0,16,1,30,,38192,32,0,16,1,100,,38167,32,0,16,1,100,,38183,32,0,16,1,100,,38204,32,0,16,1,100,,38168,32,0,16,1,100,,38166,32,0,5,1
40101,'3',1848,,38228,32,0,16,1,100,,38227,32,0,16,1,100,,38226,32,0,16,1,100,,38222,32,0,16,1,100,,38231,32,0,16,1,100,,38224,32,0,5,1
40101,'6',1848,,38239,32,0,16,1,100,,38238,32,0,16,1,100,,38237,32,0,16,1,100,,38233,32,0,16,1,100,,38242,32,0,16,1,100,,38235,32,0,5,1
40101,'8',848,,38272,32,0,16,1,100,,38276,32,0,16,1,100,,38252,32,0,16,1,70,,38262,32,0,16,1,30,,38268,32,0,16,1,70,,38258,32,0,16,1,30,,38281,32,0,16,1,70,,38247,32,0,16,1,30,,38243,32,0,16,1,70,,38260,32,0,16,1,30,,38253,32,0,16,1,70,,38274,32,0,16,1,30,,38254,32,0,16,1,70,,38267,32,0,16,1,30,,38251,32,0,16,1,70,,38244,32,0,16,1,30,,38269,32,0,16,1,70,,38248,32,0,16,1,30,,38273,32,0,16,1,100,,38279,32,0,16,1
