30900,'12',622,,34408,11,0,23,1,30,,34397,11,0,23,1,70,,34402,11,0,23,1,30,,34399,11,0,23,1,70,,34391,11,0,23,1,30,,34409,11,0,23,1,70,,34395,11,0,23,1,30,,34404,11,0,23,1,71,,34401,11,0,23,1,30,,34400,11,0,23,1,70,,34393,11,0,23,1,30,,34411,11,0,23,1,70,,34390,11,0,23,1,30,,34398,11,0,23,1,70,,34410,11,0,23,1,30,,34394,11,0,23,1,73,,34406,11,0,23,1,30,,34392,11,0,23,1,70,,34407,11,0,23,1,30,,34405,11,0,23,1,70,,34396,11,0,23,1,30,,34403,11,0,23,1,70,,34389,11,0,23,1
30900,'13',622,,34426,11,0,23,1,30,,34418,11,0,23,1,70,,34421,11,0,23,1,30,,34419,11,0,23,1,70,,34414,11,0,23,1,30,,34427,11,0,23,1,70,,34416,11,0,23,1,30,,27440,11,0,23,1,71,,27095,11,0,23,1,30,,34420,11,0,23,1,70,,28989,11,0,23,1,30,,34428,11,0,23,1,70,,34413,11,0,23,1,30,,29327,11,0,23,1,70,,29478,11,0,23,1,30,,28899,11,0,23,1,73,,34424,11,0,23,1,30,,34415,11,0,23,1,70,,34425,11,0,23,1,30,,34423,11,0,23,1,70,,34417,11,0,23,1,30,,34422,11,0,23,1,70,,34412,11,0,23,1
30900,'3',622,,34443,11,0,23,1,30,,34435,11,0,23,1,70,,34438,11,0,23,1,30,,34436,11,0,23,1,70,,34431,11,0,23,1,30,,34444,11,0,23,1,70,,34433,11,0,23,1,30,,27489,11,0,23,1,71,,27099,11,0,23,1,30,,34437,11,0,23,1,70,,29011,11,0,23,1,30,,34445,11,0,23,1,70,,34430,11,0,23,1,30,,29348,11,0,23,1,70,,29599,11,0,23,1,30,,28923,11,0,23,1,73,,34441,11,0,23,1,30,,34432,11,0,23,1,70,,34442,11,0,23,1,30,,34440,11,0,23,1,70,,34434,11,0,23,1,30,,34439,11,0,23,1,70,,34429,11,0,23,1
30900,'6',622,,34465,11,0,23,1,30,,34454,11,0,23,1,70,,34459,11,0,23,1,30,,34456,11,0,23,1,70,,34448,11,0,23,1,30,,34466,11,0,23,1,70,,34452,11,0,23,1,30,,34461,11,0,23,1,71,,34458,11,0,23,1,30,,34457,11,0,23,1,70,,34450,11,0,23,1,30,,34468,11,0,23,1,70,,34447,11,0,23,1,30,,34455,11,0,23,1,70,,34467,11,0,23,1,30,,34451,11,0,23,1,73,,34463,11,0,23,1,30,,34449,11,0,23,1,70,,34464,11,0,23,1,30,,34462,11,0,23,1,70,,34453,11,0,23,1,30,,34460,11,0,23,1,70,,34446,11,0,23,1
40900,'1',656,,39350,11,0,23,1,70,,39359,11,0,23,1,30,,39351,11,0,23,1,70,,39367,11,0,23,1,30,,32246,11,0,23,1,70,,39349,11,0,23,1,30,,39348,11,0,23,1,70,,39345,11,0,23,1,30,,39363,11,0,23,1,70,,39362,11,0,23,1,30,,39355,11,0,23,1,70,,31045,11,0,23,1,30,,39365,11,0,23,1,70,,39346,11,0,23,1,30,,39343,11,0,23,1,70,,39353,11,0,23,1,30,,39360,11,0,23,1,70,,39358,11,0,23,1,30,,39354,11,0,23,1,70,,39344,11,0,23,1,30,,39356,11,0,23,1,70,,39357,11,0,23,1,30,,39347,11,0,23,1,100,,39364,11,0,23,1,100,,39342,11,0,23,1,100,,39366,11,0,23,1,100,,39361,11,0,23,1,100,,39368,11,0,23,1,100,,39352,11,0,23,1
40900,'11',656,,39378,11,0,23,1,70,,39387,11,0,23,1,30,,39379,11,0,23,1,70,,39395,11,0,23,1,30,,39370,11,0,23,1,70,,39377,11,0,23,1,30,,39376,11,0,23,1,70,,39373,11,0,23,1,30,,39391,11,0,23,1,70,,39390,11,0,23,1,30,,39383,11,0,23,1,70,,39396,11,0,23,1,30,,39393,11,0,23,1,70,,39374,11,0,23,1,30,,39371,11,0,23,1,70,,39381,11,0,23,1,30,,39388,11,0,23,1,70,,39386,11,0,23,1,30,,39382,11,0,23,1,70,,39372,11,0,23,1,30,,39384,11,0,23,1,70,,39385,11,0,23,1,30,,39375,11,0,23,1,100,,39392,11,0,23,1,100,,39369,11,0,23,1,100,,39394,11,0,23,1,100,,39389,11,0,23,1,100,,39397,11,0,23,1,100,,39380,11,0,23,1
40900,'12',1756,,39403,11,0,23,1,100,,39398,11,0,23,1,100,,39404,11,0,23,1,100,,39402,11,0,23,1,100,,39401,11,0,23,1,100,,39399,11,0,23,1,100,,39400,11,0,23,1
40900,'13',1756,,39408,11,0,23,1,100,,39405,11,0,23,1,100,,39409,11,0,23,1,100,,27727,11,0,23,1,100,,28548,11,0,23,1,100,,39406,11,0,23,1,100,,39407,11,0,23,1
40900,'14',1056,,39410,11,0,23,1,100,,39416,11,0,23,1,100,,39414,11,0,23,1,100,,39415,11,0,23,1,100,,39417,11,0,23,1,100,,39413,11,0,23,1,100,,39412,11,0,23,1,100,,39411,11,0,23,1
40900,'16',656,,39426,11,0,23,1,70,,39435,11,0,23,1,30,,39427,11,0,23,1,70,,39443,11,0,23,1,30,,32290,11,0,23,1,70,,39425,11,0,23,1,30,,39424,11,0,23,1,70,,39421,11,0,23,1,30,,39439,11,0,23,1,70,,39438,11,0,23,1,30,,39431,11,0,23,1,70,,31083,11,0,23,1,30,,39441,11,0,23,1,70,,39422,11,0,23,1,30,,39419,11,0,23,1,70,,39429,11,0,23,1,30,,39436,11,0,23,1,70,,39434,11,0,23,1,30,,39430,11,0,23,1,70,,39420,11,0,23,1,30,,39432,11,0,23,1,70,,39433,11,0,23,1,30,,39423,11,0,23,1,100,,39440,11,0,23,1,100,,39418,11,0,23,1,100,,39442,11,0,23,1,100,,39437,11,0,23,1,100,,39444,11,0,23,1,100,,39428,11,0,23,1
40900,'3',1756,,39448,11,0,23,1,100,,39445,11,0,23,1,100,,39449,11,0,23,1,100,,27748,11,0,23,1,100,,28570,11,0,23,1,100,,39446,11,0,23,1,100,,39447,11,0,23,1
40900,'6',1756,,39455,11,0,23,1,100,,39450,11,0,23,1,100,,39456,11,0,23,1,100,,39454,11,0,23,1,100,,39453,11,0,23,1,100,,39451,11,0,23,1,100,,39452,11,0,23,1
40900,'8',856,,39471,11,0,23,1,170,,39458,11,0,23,1,30,,39461,11,0,23,1,70,,39470,11,0,23,1,30,,39464,11,0,23,1,70,,39469,11,0,23,1,30,,39468,11,0,23,1,100,,39459,11,0,23,1,70,,26494,11,0,23,1,30,,39460,11,0,23,1,70,,39467,11,0,23,1,30,,39466,11,0,23,1,70,,39463,11,0,23,1,30,,39457,11,0,23,1,70,,39473,11,0,23,1,30,,39472,11,0,23,1,100,,39465,11,0,23,1,100,,39462,11,0,23,1
