31200,'12',607,,34950,12,,,1,30,,34941,12,,,1,70,,34938,12,,,1,30,,34940,12,,,1,70,,34952,12,,,1,30,,34934,12,,,1,70,,34948,12,,,1,30,,34937,12,,,1,71,,34951,12,,,1,30,,34947,12,,,1,70,,34955,12,,,1,30,,34945,12,,,1,70,,34931,12,,,1,30,,34932,12,,,1,70,,34954,12,,,1,30,,34942,12,,,1,74,,34953,12,,,1,30,,34935,12,,,1,70,,34936,12,,,1,30,,34939,12,,,1,70,,34944,12,,,1,30,,34946,12,,,1,70,,34933,12,,,1,30,,34943,12,,,1,70,,34949,12,,,1
31200,'13',607,,27356,12,,,1,30,,34965,12,,,1,70,,28317,12,,,1,30,,34964,12,,,1,70,,34974,12,,,1,30,,34959,12,,,1,70,,34971,12,,,1,30,,34962,12,,,1,71,,34973,12,,,1,30,,34970,12,,,1,70,,34976,12,,,1,30,,34968,12,,,1,70,,34956,12,,,1,30,,34957,12,,,1,70,,34975,12,,,1,30,,442,12,,,1,74,,29070,12,,,1,30,,34960,12,,,1,70,,34961,12,,,1,30,,34963,12,,,1,70,,34967,12,,,1,30,,34969,12,,,1,70,,34958,12,,,1,30,,34966,12,,,1,70,,34972,12,,,1
31200,'3',607,,27394,12,,,1,30,,34986,12,,,1,70,,28338,12,,,1,30,,34985,12,,,1,70,,34995,12,,,1,30,,34980,12,,,1,70,,34992,12,,,1,30,,34983,12,,,1,71,,34994,12,,,1,30,,34991,12,,,1,70,,34997,12,,,1,30,,34989,12,,,1,70,,34977,12,,,1,30,,34978,12,,,1,70,,34996,12,,,1,30,,465,12,,,1,74,,29098,12,,,1,30,,34981,12,,,1,70,,34982,12,,,1,30,,34984,12,,,1,70,,34988,12,,,1,30,,34990,12,,,1,70,,34979,12,,,1,30,,34987,12,,,1,70,,34993,12,,,1
31200,'6',607,,35017,12,,,1,30,,35008,12,,,1,70,,35005,12,,,1,30,,35007,12,,,1,70,,35019,12,,,1,30,,35001,12,,,1,70,,35015,12,,,1,30,,35004,12,,,1,71,,35018,12,,,1,30,,35014,12,,,1,70,,35022,12,,,1,30,,35012,12,,,1,70,,34998,12,,,1,30,,34999,12,,,1,70,,35021,12,,,1,30,,35009,12,,,1,74,,35020,12,,,1,30,,35002,12,,,1,70,,35003,12,,,1,30,,35006,12,,,1,70,,35011,12,,,1,30,,35013,12,,,1,70,,35000,12,,,1,30,,35010,12,,,1,70,,35016,12,,,1
41200,'1',632,,39797,30,0,23,1,70,,39789,30,0,23,1,30,,39787,30,0,23,1,70,,39793,30,0,23,1,30,,39796,30,0,23,1,70,,39784,30,0,23,1,30,,39788,30,0,23,1,70,,32721,30,0,23,1,31,,39786,30,0,23,1,70,,39803,30,0,23,1,30,,39806,30,0,23,1,70,,39804,30,0,23,1,30,,39795,30,0,23,1,70,,39780,30,0,23,1,30,,39802,30,0,23,1,70,,39791,30,0,23,1,29,,39792,30,0,23,1,70,,39783,30,0,23,1,30,,39801,30,0,23,1,70,,39798,30,0,23,1,30,,39794,30,0,23,1,70,,39799,30,0,23,1,30,,39782,30,0,23,1,70,,39790,30,0,23,1,30,,39781,30,0,23,1,100,,39805,30,0,23,1,100,,31127,30,0,23,1,100,,39800,30,0,23,1,100,,39785,30,0,23,1,100,,32572,30,0,23,1
41200,'11',632,,39825,30,0,23,1,70,,39817,30,0,23,1,30,,39815,30,0,23,1,70,,39821,30,0,23,1,30,,39809,30,0,23,1,70,,39812,30,0,23,1,30,,39816,30,0,23,1,70,,39834,30,0,23,1,31,,39814,30,0,23,1,70,,39831,30,0,23,1,30,,39836,30,0,23,1,70,,39832,30,0,23,1,30,,39823,30,0,23,1,70,,39807,30,0,23,1,30,,39830,30,0,23,1,70,,39819,30,0,23,1,29,,39820,30,0,23,1,70,,39811,30,0,23,1,30,,39829,30,0,23,1,70,,39826,30,0,23,1,30,,39822,30,0,23,1,70,,39827,30,0,23,1,30,,39810,30,0,23,1,70,,39818,30,0,23,1,30,,39808,30,0,23,1,100,,39835,30,0,23,1,100,,39833,30,0,23,1,100,,39828,30,0,23,1,100,,39813,30,0,23,1,100,,39824,30,0,23,1
41200,'12',1832,,39841,30,0,23,1,100,,39842,30,0,23,1,100,,39837,30,0,23,1,100,,39840,30,0,23,1,100,,39839,30,0,23,1,100,,39838,30,0,23,1
41200,'13',1832,,31821,30,0,23,1,100,,39847,30,0,23,1,100,,39843,30,0,23,1,100,,39846,30,0,23,1,100,,39845,30,0,23,1,100,,39844,30,0,23,1
41200,'14',1133,,39853,30,0,23,1,100,,39849,30,0,23,1,100,,39848,30,0,23,1,99,,31369,30,0,23,1,100,,39852,30,0,23,1,100,,39850,30,0,23,1,100,,39851,30,0,23,1
41200,'16',632,,39872,30,0,23,1,70,,39863,30,0,23,1,30,,39861,30,0,23,1,70,,39867,30,0,23,1,30,,39870,30,0,23,1,70,,39858,30,0,23,1,30,,39862,30,0,23,1,70,,39880,30,0,23,1,31,,39860,30,0,23,1,70,,39878,30,0,23,1,30,,39882,30,0,23,1,70,,39879,30,0,23,1,30,,39869,30,0,23,1,70,,39854,30,0,23,1,30,,39877,30,0,23,1,70,,39865,30,0,23,1,29,,39866,30,0,23,1,70,,39857,30,0,23,1,30,,39876,30,0,23,1,70,,39873,30,0,23,1,30,,39868,30,0,23,1,70,,39874,30,0,23,1,30,,39856,30,0,23,1,70,,39864,30,0,23,1,30,,39855,30,0,23,1,100,,39881,30,0,23,1,100,,31152,30,0,23,1,100,,39875,30,0,23,1,100,,39859,30,0,23,1,100,,39871,30,0,23,1
41200,'3',1832,,31880,30,0,23,1,100,,39887,30,0,23,1,100,,39883,30,0,23,1,100,,39886,30,0,23,1,100,,39885,30,0,23,1,100,,39884,30,0,23,1
41200,'6',1832,,39892,30,0,23,1,100,,39893,30,0,23,1,100,,39888,30,0,23,1,100,,39891,30,0,23,1,100,,39890,30,0,23,1,100,,39889,30,0,23,1
41200,'8',932,,39901,30,0,23,1,101,,39904,30,0,23,1,70,,39903,30,0,23,1,30,,39909,30,0,23,1,70,,39906,30,0,23,1,30,,39911,30,0,23,1,70,,39895,30,0,23,1,30,,39896,30,0,23,1,70,,39908,30,0,23,1,29,,32740,30,0,23,1,70,,39910,30,0,23,1,30,,39894,30,0,23,1,70,,39898,30,0,23,1,30,,39902,30,0,23,1,70,,39899,30,0,23,1,30,,39900,30,0,23,1,70,,39905,30,0,23,1,30,,39897,30,0,23,1,100,,39907,30,0,23,1
