31001,'11',637,,18673,15,4,,1,70,,28246,15,4,,1,30,,28232,15,4,,1,70,,28242,15,4,,1,30,,28238,15,4,,1,70,,28247,15,4,,1,30,,28228,15,4,,1,70,,28241,15,4,,1,30,,28236,15,4,,1,70,,28235,15,4,,1,30,,28248,15,4,,1,70,,28237,15,4,,1,30,,26820,15,4,,1,70,,28243,15,4,,1,30,,28234,15,4,,1,70,,23335,15,4,,1,30,,28245,15,4,,1,70,,28233,15,4,,1,27,,26986,12,4,,1,3,,28227,15,4,,1,70,,28240,15,4,,1,30,,28239,15,4,,1,70,,28231,15,4,,1,30,,28244,15,4,,1,70,,28230,15,4,,1,30,,28229,15,4,,1
31001,'3',637,,18709,15,4,,1,70,,28268,15,4,,1,30,,28254,15,4,,1,70,,28264,15,4,,1,30,,28260,15,4,,1,70,,28269,15,4,,1,30,,28250,15,4,,1,70,,28263,15,4,,1,30,,28258,15,4,,1,70,,28257,15,4,,1,30,,28270,15,4,,1,70,,28259,15,4,,1,30,,26869,15,4,,1,70,,28265,15,4,,1,30,,28256,15,4,,1,70,,23373,15,4,,1,30,,28267,15,4,,1,70,,28255,15,4,,1,27,,27034,12,4,,1,3,,28249,15,4,,1,70,,28262,15,4,,1,30,,28261,15,4,,1,70,,28253,15,4,,1,30,,28266,15,4,,1,70,,28252,15,4,,1,30,,28251,15,4,,1
31601,'11',721,,28707,21,4,,1,15,,28687,21,4,,1,15,,28686,21,4,,1,55,,28679,21,4,,1,15,,28703,21,4,,1,15,,28714,21,4,,1,15,,28712,21,4,,1,55,,28696,21,4,,1,15,,28695,21,4,,1,15,,28709,21,4,,1,15,,28705,21,4,,1,55,,28708,21,4,,1,15,,28672,21,4,,1,15,,28702,21,4,,1,15,,28692,21,4,,1,55,,28711,21,4,,1,15,,28699,21,4,,1,15,,28671,21,4,,1,15,,28676,21,4,,1,55,,28678,21,4,,1,15,,28673,21,4,,1,15,,28697,21,4,,1,15,,28710,21,4,,1,55,,28698,21,4,,1,15,,22598,21,4,,1,15,,28682,21,4,,1,15,,28688,21,4,,1,55,,28683,21,4,,1,15,,28704,21,4,,1,15,,28690,21,4,,1,15,,28684,21,4,,1,55,,28701,21,4,,1,15,,28689,21,4,,1,15,,22794,21,4,,1,15,,28674,21,4,,1,55,,28691,21,4,,1,15,,28700,21,4,,1,15,,28693,21,4,,1,15,,28685,21,4,,1,55,,28694,21,4,,1,15,,28680,21,4,,1,15,,28681,21,4,,1,15,,23141,21,4,,1,55,,28675,21,4,,1,15,,28677,21,4,,1,15,,28706,21,4,,1,15,,28713,21,4,,1
31601,'3',721,,28751,21,4,,1,15,,28731,21,4,,1,15,,28730,21,4,,1,55,,28723,21,4,,1,15,,28747,21,4,,1,15,,28758,21,4,,1,15,,28756,21,4,,1,55,,28740,21,4,,1,15,,28739,21,4,,1,15,,28753,21,4,,1,15,,28749,21,4,,1,55,,28752,21,4,,1,15,,28716,21,4,,1,15,,28746,21,4,,1,15,,28736,21,4,,1,55,,28755,21,4,,1,15,,28743,21,4,,1,15,,28715,21,4,,1,15,,28720,21,4,,1,55,,28722,21,4,,1,15,,28717,21,4,,1,15,,28741,21,4,,1,15,,28754,21,4,,1,55,,28742,21,4,,1,15,,22614,21,4,,1,15,,28726,21,4,,1,15,,28732,21,4,,1,55,,28727,21,4,,1,15,,28748,21,4,,1,15,,28734,21,4,,1,15,,28728,21,4,,1,55,,28745,21,4,,1,15,,28733,21,4,,1,15,,22816,21,4,,1,15,,28718,21,4,,1,55,,28735,21,4,,1,15,,28744,21,4,,1,15,,28737,21,4,,1,15,,28729,21,4,,1,55,,28738,21,4,,1,15,,28724,21,4,,1,15,,28725,21,4,,1,15,,23154,21,4,,1,55,,28719,21,4,,1,15,,28721,21,4,,1,15,,28750,21,4,,1,15,,28757,21,4,,1
41001,'1',640,,23182,15,4,,1,70,,24886,15,4,,1,30,,31193,15,4,,1,70,,31188,15,4,,1,30,,31187,15,4,,1,70,,21426,15,4,,1,30,,31194,15,4,,1,70,,31189,15,4,,1,30,,31192,15,4,,1,70,,31181,15,4,,1,30,,31180,15,4,,1,70,,31182,15,4,,1,30,,31191,15,4,,1,70,,31196,15,4,,1,30,,31178,15,4,,1,70,,31186,15,4,,1,30,,31179,15,4,,1,70,,31190,15,4,,1,30,,31183,15,4,,1,70,,24701,15,4,,1,30,,21576,15,4,,1,70,,31184,15,4,,1,30,,31185,15,4,,1,70,,31195,15,4,,1
41001,'12',1140,,31202,15,4,,1,100,,31200,15,4,,1,100,,31199,15,4,,1,100,,31201,15,4,,1,100,,31198,15,4,,1,100,,31203,15,4,,1,100,,31197,15,4,,1
41001,'14',640,,31215,15,4,,1,70,,31216,15,4,,1,30,,31222,15,4,,1,70,,31213,15,4,,1,30,,31212,15,4,,1,70,,31209,15,4,,1,30,,31223,15,4,,1,70,,31214,15,4,,1,30,,31221,15,4,,1,70,,31206,15,4,,1,30,,26845,15,4,,1,70,,31207,15,4,,1,30,,31220,15,4,,1,70,,31225,15,4,,1,30,,31204,15,4,,1,70,,31211,15,4,,1,30,,31205,15,4,,1,70,,31217,15,4,,1,30,,26849,15,4,,1,70,,31219,15,4,,1,30,,31218,15,4,,1,70,,31208,15,4,,1,30,,31210,15,4,,1,70,,31224,15,4,,1
41001,'8',940,,31238,15,4,,1,100,,31240,15,4,,1,70,,31232,15,4,,1,30,,31234,15,4,,1,70,,31227,15,4,,1,30,,31226,15,4,,1,70,,31242,15,4,,1,30,,31233,15,4,,1,70,,31235,15,4,,1,30,,31228,15,4,,1,70,,31236,15,4,,1,30,,31230,15,4,,1,70,,31239,15,4,,1,30,,31241,15,4,,1,70,,31244,15,4,,1,30,,31229,15,4,,1,70,,31231,15,4,,1,30,,31243,15,4,,1,100,,31237,15,4,,1
41601,'1',741,,31783,21,4,,1,70,,31807,21,4,,1,30,,31785,21,4,,1,70,,31798,21,4,,1,25,,31799,21,4,,1,70,,31788,21,4,,1,31,,22955,21,4,,1,70,,31805,21,4,,1,30,,31797,21,4,,1,70,,31789,21,4,,1,30,,31792,21,4,,1,70,,31803,21,4,,1,30,,31795,21,4,,1,70,,24008,21,4,,1,30,,31784,21,4,,1,70,,31808,21,4,,1,30,,31814,21,4,,1,70,,22208,21,4,,1,30,,31801,21,4,,1,70,,31812,21,4,,1,30,,31786,21,4,,1,70,,31810,21,4,,1,35,,31804,21,4,,1,69,,31796,21,4,,1,30,,31793,21,4,,1,70,,24686,21,4,,1,30,,31791,21,4,,1,70,,31794,21,4,,1,30,,31790,21,4,,1,67,,23235,21,4,,1,3,,31800,21,4,,1,27,,31802,21,4,,1,3,,31813,21,4,,1,67,,31787,21,4,,1,3,,31806,21,4,,1,27,,31811,21,4,,1,3,,31809,21,4,,1
41601,'11',1911,,31815,21,4,,1,30,,31824,21,4,,1,70,,31820,21,4,,1,30,,31818,21,4,,1,70,,31816,21,4,,1,30,,31821,21,4,,1,70,,31823,21,4,,1,30,,31817,21,4,,1,70,,31822,21,4,,1,30,,31819,21,4,,1
41601,'12',1112,,31826,21,4,,1,30,,31835,21,4,,1,70,,31834,21,4,,1,30,,31831,21,4,,1,70,,31833,21,4,,1,30,,31832,21,4,,1,70,,31828,21,4,,1,30,,31827,21,4,,1,70,,31830,21,4,,1,30,,31836,21,4,,1,70,,31837,21,4,,1,30,,24535,21,4,,1,70,,31838,21,4,,1,30,,31825,21,4,,1,70,,31829,21,4,,1
41601,'14',741,,31839,21,4,,1,70,,31866,21,4,,1,30,,31841,21,4,,1,70,,31857,21,4,,1,25,,16948,21,4,,1,70,,31846,21,4,,1,31,,31842,21,4,,1,70,,31864,21,4,,1,30,,31854,21,4,,1,70,,31847,21,4,,1,30,,31850,21,4,,1,70,,31862,21,4,,1,30,,31852,21,4,,1,70,,31845,21,4,,1,30,,31840,21,4,,1,70,,31867,21,4,,1,30,,31873,21,4,,1,70,,31860,21,4,,1,30,,31859,21,4,,1,70,,31871,21,4,,1,30,,31843,21,4,,1,70,,31869,21,4,,1,35,,31863,21,4,,1,69,,31853,21,4,,1,30,,26451,21,4,,1,70,,31855,21,4,,1,30,,31849,21,4,,1,70,,31851,21,4,,1,30,,31848,21,4,,1,67,,31856,21,4,,1,3,,31858,21,4,,1,27,,31861,21,4,,1,3,,31872,21,4,,1,67,,31844,21,4,,1,3,,31865,21,4,,1,27,,31870,21,4,,1,3,,31868,21,4,,1
41601,'3',1911,,31874,21,4,,1,30,,31883,21,4,,1,70,,31879,21,4,,1,30,,31877,21,4,,1,70,,31875,21,4,,1,30,,31880,21,4,,1,70,,31882,21,4,,1,30,,31876,21,4,,1,70,,31881,21,4,,1,30,,31878,21,4,,1
41601,'8',906,,31886,21,4,,1,30,,31888,21,4,,1,70,,31898,21,4,,1,31,,31899,21,4,,1,70,,26496,21,4,,1,30,,31890,21,4,,1,70,,25712,21,4,,1,30,,31902,21,4,,1,70,,31897,21,4,,1,30,,31891,21,4,,1,70,,31900,21,4,,1,30,,31896,21,4,,1,70,,31887,21,4,,1,30,,31903,21,4,,1,70,,31905,21,4,,1,30,,31885,21,4,,1,70,,31895,21,4,,1,30,,31904,21,4,,1,70,,31901,21,4,,1,30,,31884,21,4,,1,70,,31893,21,4,,1,29,,31894,21,4,,1,70,,31892,21,4,,1,30,,31889,21,4,,1
