31500,'12',647,,35245,36,,,1,70,,35250,36,,,1,30,,35249,36,,,1,70,,35263,36,,,1,30,,35266,36,,,1,70,,35246,36,,,1,30,,35261,36,,,1,70,,35254,36,,,1,30,,35253,36,,,1,70,,35248,36,,,1,30,,35267,36,,,1,70,,35264,36,,,1,30,,35258,36,,,1,70,,35247,36,,,1,30,,35256,36,,,1,72,,35255,36,,,1,30,,35262,36,,,1,70,,35259,36,,,1,30,,35265,36,,,1,70,,35252,36,,,1,30,,35251,36,,,1,70,,35257,36,,,1,30,,35260,36,,,1,70,,35268,36,,,1
31500,'13',647,,35269,36,,,1,70,,35274,36,,,1,30,,35273,36,,,1,70,,35286,36,,,1,30,,35289,36,,,1,70,,35270,36,,,1,30,,35285,36,,,1,70,,35278,36,,,1,30,,35277,36,,,1,70,,35272,36,,,1,30,,29184,36,,,1,70,,35287,36,,,1,30,,35282,36,,,1,70,,35271,36,,,1,30,,35280,36,,,1,72,,35279,36,,,1,30,,28817,36,,,1,70,,35283,36,,,1,30,,35288,36,,,1,70,,35276,36,,,1,30,,35275,36,,,1,70,,35281,36,,,1,30,,35284,36,,,1,70,,35290,36,,,1
31500,'3',647,,35291,36,,,1,70,,35296,36,,,1,30,,35295,36,,,1,70,,35308,36,,,1,30,,35311,36,,,1,70,,35292,36,,,1,30,,35307,36,,,1,70,,35300,36,,,1,30,,35299,36,,,1,70,,35294,36,,,1,30,,29195,36,,,1,70,,35309,36,,,1,30,,35304,36,,,1,70,,35293,36,,,1,30,,35302,36,,,1,72,,35301,36,,,1,30,,28840,36,,,1,70,,35305,36,,,1,30,,35310,36,,,1,70,,35298,36,,,1,30,,35297,36,,,1,70,,35303,36,,,1,30,,35306,36,,,1,70,,35312,36,,,1
31500,'6',647,,35313,36,,,1,70,,35318,36,,,1,30,,35317,36,,,1,70,,35331,36,,,1,30,,35334,36,,,1,70,,35314,36,,,1,30,,35329,36,,,1,70,,35322,36,,,1,30,,35321,36,,,1,70,,35316,36,,,1,30,,35335,36,,,1,70,,35332,36,,,1,30,,35326,36,,,1,70,,35315,36,,,1,30,,35324,36,,,1,72,,35323,36,,,1,30,,35330,36,,,1,70,,35327,36,,,1,30,,35333,36,,,1,70,,35320,36,,,1,30,,35319,36,,,1,70,,35325,36,,,1,30,,35328,36,,,1,70,,35336,36,,,1
41500,'1',706,,40162,45,0,20 14 21 18,1,30,,40152,45,0,20 14 21 18,1,70,,40169,45,0,20 14 21 18,1,30,,40153,45,0,20 14 21 18,1,70,,40164,45,0,20 14 21 18,1,30,,40148,45,0,20 14 21 18,1,70,,40151,45,0,20 14 21 18,1,31,,40147,45,0,20 14 21 18,1,70,,22327,45,0,20 14 21 18,1,30,,40167,45,0,20 14 21 18,1,70,,40159,45,0,20 14 21 18,1,30,,40171,45,0,20 14 21 18,1,70,,40170,45,0,20 14 21 18,1,30,,40163,45,0,20 14 21 18,1,70,,40156,45,0,20 14 21 18,1,30,,40149,45,0,20 14 21 18,1,70,,40165,45,0,20 14 21 18,1,30,,24701,45,0,20 14 21 18,1,70,,40168,45,0,20 14 21 18,1,30,,40154,45,0,20 14 21 18,1,70,,40172,45,0,20 14 21 18,1,30,,40166,45,0,20 14 21 18,1,70,,40155,45,0,20 14 21 18,1,30,,40150,45,0,20 14 21 18,1,99,,40160,45,0,20 14 21 18,1,100,,40158,45,0,20 14 21 18,1,100,,40161,45,0,20 14 21 18,1,100,,40173,45,0,20 14 21 18,1,100,,40157,45,0,20 14 21 18,1
41500,'11',706,,40190,45,0,20 14 21 18,1,30,,40179,45,0,20 14 21 18,1,70,,40197,45,0,20 14 21 18,1,30,,40180,45,0,20 14 21 18,1,70,,40192,45,0,20 14 21 18,1,30,,40175,45,0,20 14 21 18,1,70,,40178,45,0,20 14 21 18,1,31,,40174,45,0,20 14 21 18,1,70,,40185,45,0,20 14 21 18,1,30,,40195,45,0,20 14 21 18,1,70,,40187,45,0,20 14 21 18,1,30,,40200,45,0,20 14 21 18,1,70,,40198,45,0,20 14 21 18,1,30,,40191,45,0,20 14 21 18,1,70,,40183,45,0,20 14 21 18,1,30,,40176,45,0,20 14 21 18,1,70,,40193,45,0,20 14 21 18,1,30,,40199,45,0,20 14 21 18,1,70,,40196,45,0,20 14 21 18,1,30,,40181,45,0,20 14 21 18,1,70,,40201,45,0,20 14 21 18,1,30,,40194,45,0,20 14 21 18,1,70,,40182,45,0,20 14 21 18,1,30,,40177,45,0,20 14 21 18,1,99,,40188,45,0,20 14 21 18,1,100,,40186,45,0,20 14 21 18,1,100,,40189,45,0,20 14 21 18,1,100,,40202,45,0,20 14 21 18,1,100,,40184,45,0,20 14 21 18,1
41500,'12',1837,,40204,45,0,20 14 21 18,1,99,,40207,45,0,20 14 21 18,1,100,,40203,45,0,20 14 21 18,1,100,,40208,45,0,20 14 21 18,1,100,,40205,45,0,20 14 21 18,1,100,,40206,45,0,20 14 21 18,1
41500,'13',1837,,40210,45,0,20 14 21 18,1,99,,27351,45,0,20 14 21 18,1,100,,40209,45,0,20 14 21 18,1,100,,40213,45,0,20 14 21 18,1,100,,40211,45,0,20 14 21 18,1,100,,40212,45,0,20 14 21 18,1
41500,'14',1137,,40214,45,0,20 14 21 18,1,100,,40216,45,0,20 14 21 18,1,100,,40217,45,0,20 14 21 18,1,100,,40218,45,0,20 14 21 18,1,100,,40220,45,0,20 14 21 18,1,100,,40219,45,0,20 14 21 18,1,100,,40215,45,0,20 14 21 18,1
41500,'16',706,,40236,45,0,20 14 21 18,1,30,,40226,45,0,20 14 21 18,1,70,,40243,45,0,20 14 21 18,1,30,,40227,45,0,20 14 21 18,1,70,,40238,45,0,20 14 21 18,1,30,,40222,45,0,20 14 21 18,1,70,,40225,45,0,20 14 21 18,1,31,,40221,45,0,20 14 21 18,1,70,,30900,45,0,20 14 21 18,1,30,,40241,45,0,20 14 21 18,1,70,,40233,45,0,20 14 21 18,1,30,,40245,45,0,20 14 21 18,1,70,,40244,45,0,20 14 21 18,1,30,,40237,45,0,20 14 21 18,1,70,,40230,45,0,20 14 21 18,1,30,,40223,45,0,20 14 21 18,1,70,,40239,45,0,20 14 21 18,1,30,,31219,45,0,20 14 21 18,1,70,,40242,45,0,20 14 21 18,1,30,,40228,45,0,20 14 21 18,1,70,,40246,45,0,20 14 21 18,1,30,,40240,45,0,20 14 21 18,1,70,,40229,45,0,20 14 21 18,1,30,,40224,45,0,20 14 21 18,1,99,,40234,45,0,20 14 21 18,1,100,,40232,45,0,20 14 21 18,1,100,,40235,45,0,20 14 21 18,1,100,,40247,45,0,20 14 21 18,1,100,,40231,45,0,20 14 21 18,1
41500,'3',1837,,40249,45,0,20 14 21 18,1,99,,27389,45,0,20 14 21 18,1,100,,40248,45,0,20 14 21 18,1,100,,40252,45,0,20 14 21 18,1,100,,40250,45,0,20 14 21 18,1,100,,40251,45,0,20 14 21 18,1
41500,'6',1837,,40254,45,0,20 14 21 18,1,99,,40257,45,0,20 14 21 18,1,100,,40253,45,0,20 14 21 18,1,100,,40258,45,0,20 14 21 18,1,100,,40255,45,0,20 14 21 18,1,100,,40256,45,0,20 14 21 18,1
41500,'8',936,,40260,45,0,20 14 21 18,1,101,,40273,45,0,20 14 21 18,1,70,,40275,45,0,20 14 21 18,1,30,,40261,45,0,20 14 21 18,1,70,,40269,45,0,20 14 21 18,1,30,,40274,45,0,20 14 21 18,1,70,,40262,45,0,20 14 21 18,1,30,,40263,45,0,20 14 21 18,1,70,,40276,45,0,20 14 21 18,1,30,,40268,45,0,20 14 21 18,1,70,,40264,45,0,20 14 21 18,1,30,,40277,45,0,20 14 21 18,1,70,,40271,45,0,20 14 21 18,1,30,,40266,45,0,20 14 21 18,1,70,,40259,45,0,20 14 21 18,1,30,,40265,45,0,20 14 21 18,1,70,,40270,45,0,20 14 21 18,1,30,,40267,45,0,20 14 21 18,1,99,,40272,45,0,20 14 21 18,1
