30401,'12',648,,33600,21,0,49,1,70,,33598,21,0,49,1,30,,33593,21,0,49,1,70,,33577,21,0,49,1,30,,33581,21,0,49,1,70,,33589,21,0,49,1,30,,33591,21,0,49,1,70,,33601,21,0,49,1,30,,33580,21,0,49,1,70,,33584,21,0,49,1,30,,33578,21,0,49,1,70,,33592,21,0,49,1,30,,33585,21,0,49,1,70,,33586,21,0,49,1,30,,33582,21,0,49,1,71,,33595,21,0,49,1,30,,33588,21,0,49,1,70,,33590,21,0,49,1,30,,33596,21,0,49,1,70,,33587,21,0,49,1,30,,33599,21,0,49,1,70,,33594,21,0,49,1,30,,33583,21,0,49,1,70,,33579,21,0,49,1,30,,33597,21,0,49,1
30401,'13',648,,27613,21,0,49,1,70,,33620,21,0,49,1,30,,33615,21,0,49,1,70,,22338,21,0,49,1,30,,33605,21,0,49,1,70,,33612,21,0,49,1,30,,33613,21,0,49,1,70,,33622,21,0,49,1,30,,33604,21,0,49,1,70,,33607,21,0,49,1,30,,33602,21,0,49,1,70,,33614,21,0,49,1,30,,33608,21,0,49,1,70,,33609,21,0,49,1,30,,21594,21,0,49,1,71,,33617,21,0,49,1,30,,33611,21,0,49,1,70,,28194,21,0,49,1,30,,33618,21,0,49,1,70,,33610,21,0,49,1,30,,33621,21,0,49,1,70,,33616,21,0,49,1,30,,33606,21,0,49,1,70,,33603,21,0,49,1,30,,33619,21,0,49,1
30401,'3',648,,27636,21,0,49,1,70,,33641,21,0,49,1,30,,33636,21,0,49,1,70,,22360,21,0,49,1,30,,33626,21,0,49,1,70,,33633,21,0,49,1,30,,33634,21,0,49,1,70,,33643,21,0,49,1,30,,33625,21,0,49,1,70,,33628,21,0,49,1,30,,33623,21,0,49,1,70,,33635,21,0,49,1,30,,33629,21,0,49,1,70,,33630,21,0,49,1,30,,21637,21,0,49,1,71,,33638,21,0,49,1,30,,33632,21,0,49,1,70,,28215,21,0,49,1,30,,33639,21,0,49,1,70,,33631,21,0,49,1,30,,33642,21,0,49,1,70,,33637,21,0,49,1,30,,33627,21,0,49,1,70,,33624,21,0,49,1,30,,33640,21,0,49,1
30401,'6',648,,33667,21,0,49,1,70,,33665,21,0,49,1,30,,33660,21,0,49,1,70,,33644,21,0,49,1,30,,33648,21,0,49,1,70,,33656,21,0,49,1,30,,33658,21,0,49,1,70,,33668,21,0,49,1,30,,33647,21,0,49,1,70,,33651,21,0,49,1,30,,33645,21,0,49,1,70,,33659,21,0,49,1,30,,33652,21,0,49,1,70,,33653,21,0,49,1,30,,33649,21,0,49,1,71,,33662,21,0,49,1,30,,33655,21,0,49,1,70,,33657,21,0,49,1,30,,33663,21,0,49,1,70,,33654,21,0,49,1,30,,33666,21,0,49,1,70,,33661,21,0,49,1,30,,33650,21,0,49,1,70,,33646,21,0,49,1,30,,33664,21,0,49,1
40401,'1',710,,38683,21,0,39 51,1,30,,38685,21,0,39 51,1,70,,38681,21,0,39 51,1,30,,38682,21,0,39 51,1,70,,38708,21,0,39 51,1,30,,38707,21,0,39 51,1,70,,38700,21,0,39 51,1,31,,38697,21,0,39 51,1,70,,30770,21,0,39 51,1,30,,38689,21,0,39 51,1,70,,38703,21,0,39 51,1,30,,38686,21,0,39 51,1,70,,38690,21,0,39 51,1,30,,38706,21,0,39 51,1,70,,38696,21,0,39 51,1,30,,38702,21,0,39 51,1,70,,38693,21,0,39 51,1,30,,38695,21,0,39 51,1,70,,38701,21,0,39 51,1,30,,38694,21,0,39 51,1,70,,38705,21,0,39 51,1,30,,38698,21,0,39 51,1,70,,38684,21,0,39 51,1,30,,38688,21,0,39 51,1,70,,38691,21,0,39 51,1,99,,38704,21,0,39 51,1,100,,38699,21,0,39 51,1,100,,38692,21,0,39 51,1,100,,38687,21,0,39 51,1
40401,'11',710,,38711,21,0,39 51,1,30,,38713,21,0,39 51,1,70,,38709,21,0,39 51,1,30,,38710,21,0,39 51,1,70,,38737,21,0,39 51,1,30,,38736,21,0,39 51,1,70,,38729,21,0,39 51,1,31,,38726,21,0,39 51,1,70,,38716,21,0,39 51,1,30,,38718,21,0,39 51,1,70,,38732,21,0,39 51,1,30,,38714,21,0,39 51,1,70,,38719,21,0,39 51,1,30,,38735,21,0,39 51,1,70,,38725,21,0,39 51,1,30,,38731,21,0,39 51,1,70,,38722,21,0,39 51,1,30,,38724,21,0,39 51,1,70,,38730,21,0,39 51,1,30,,38723,21,0,39 51,1,70,,38734,21,0,39 51,1,30,,38727,21,0,39 51,1,70,,38712,21,0,39 51,1,30,,38717,21,0,39 51,1,70,,38720,21,0,39 51,1,99,,38733,21,0,39 51,1,100,,38728,21,0,39 51,1,100,,38721,21,0,39 51,1,100,,38715,21,0,39 51,1
40401,'12',1911,,38741,21,0,39 51,1,99,,38739,21,0,39 51,1,100,,38738,21,0,39 51,1,100,,38742,21,0,39 51,1,100,,38740,21,0,39 51,1
40401,'13',1911,,38746,21,0,39 51,1,99,,38744,21,0,39 51,1,100,,38743,21,0,39 51,1,100,,38747,21,0,39 51,1,100,,38745,21,0,39 51,1
40401,'14',1111,,38752,21,0,39 51,1,100,,38751,21,0,39 51,1,100,,38748,21,0,39 51,1,100,,38754,21,0,39 51,1,100,,38749,21,0,39 51,1,100,,38753,21,0,39 51,1,100,,38755,21,0,39 51,1,100,,38750,21,0,39 51,1
40401,'16',710,,38758,21,0,39 51,1,30,,38760,21,0,39 51,1,70,,38756,21,0,39 51,1,30,,38757,21,0,39 51,1,70,,38783,21,0,39 51,1,30,,38782,21,0,39 51,1,70,,38775,21,0,39 51,1,31,,38772,21,0,39 51,1,70,,30812,21,0,39 51,1,30,,38764,21,0,39 51,1,70,,38778,21,0,39 51,1,30,,38761,21,0,39 51,1,70,,38765,21,0,39 51,1,30,,38781,21,0,39 51,1,70,,38771,21,0,39 51,1,30,,38777,21,0,39 51,1,70,,38768,21,0,39 51,1,30,,38770,21,0,39 51,1,70,,38776,21,0,39 51,1,30,,38769,21,0,39 51,1,70,,38780,21,0,39 51,1,30,,38773,21,0,39 51,1,70,,38759,21,0,39 51,1,30,,38763,21,0,39 51,1,70,,38766,21,0,39 51,1,99,,38779,21,0,39 51,1,100,,38774,21,0,39 51,1,100,,38767,21,0,39 51,1,100,,38762,21,0,39 51,1
40401,'3',1911,,38787,21,0,39 51,1,99,,38785,21,0,39 51,1,100,,38784,21,0,39 51,1,100,,38788,21,0,39 51,1,100,,38786,21,0,39 51,1
40401,'6',1911,,38792,21,0,39 51,1,99,,38790,21,0,39 51,1,100,,38789,21,0,39 51,1,100,,38793,21,0,39 51,1,100,,38791,21,0,39 51,1
40401,'8',910,,38807,21,0,39 51,1,100,,38811,21,0,39 51,1,31,,38810,21,0,39 51,1,70,,38795,21,0,39 51,1,30,,38797,21,0,39 51,1,70,,38801,21,0,39 51,1,30,,38802,21,0,39 51,1,70,,38803,21,0,39 51,1,30,,38796,21,0,39 51,1,70,,38794,21,0,39 51,1,30,,38812,21,0,39 51,1,70,,38804,21,0,39 51,1,30,,38798,21,0,39 51,1,70,,38813,21,0,39 51,1,30,,38806,21,0,39 51,1,70,,38808,21,0,39 51,1,30,,38805,21,0,39 51,1,70,,38809,21,0,39 51,1,100,,38799,21,0,39 51,1,99,,38800,21,0,39 51,1
