30500,'15',555,,10149,13,0,58,1,69,,10162,24,0,22,1,30,,10150,24,0,22,1,70,,10160,24,0,22,1,30,,10145,24,0,22,1,70,,10141,24,0,22,1,30,,10139,24,0,22,1,70,,10147,24,0,22,1,30,,10158,24,0,22,1,70,,10154,24,0,22,1,30,,10153,24,0,22,1,70,,10161,24,0,22,1,30,,10156,24,0,22,1,70,,10143,24,0,22,1,30,,10144,24,0,22,1,70,,10148,24,0,22,1,30,,10155,24,0,22,1,71,,10146,24,0,22,1,30,,10159,24,0,22,1,70,,10157,24,0,22,1,30,,10140,24,0,22,1,70,,10142,24,0,22,1,30,,10152,24,0,22,1,70,,10151,24,0,22,1
30500,'16',555,,10173,13,0,58,1,69,,10183,24,0,22,1,30,,10174,24,0,22,1,70,,2362,24,0,22,1,30,,10169,24,0,22,1,70,,10165,24,0,22,1,30,,10163,24,0,22,1,70,,10171,24,0,22,1,30,,1106,24,0,22,1,70,,10177,24,0,22,1,30,,5266,24,0,22,1,70,,10182,24,0,22,1,30,,10179,24,0,22,1,70,,10167,24,0,22,1,30,,10168,24,0,22,1,70,,10172,24,0,22,1,30,,10178,24,0,22,1,71,,10170,24,0,22,1,30,,10181,24,0,22,1,70,,10180,24,0,22,1,30,,10164,24,0,22,1,70,,10166,24,0,22,1,30,,10176,24,0,22,1,70,,10175,24,0,22,1
30500,'17',555,,10192,13,0,58,1,69,,10201,24,0,22,1,30,,10193,24,0,22,1,70,,2387,24,0,22,1,30,,10188,24,0,22,1,70,,8470,24,0,22,1,30,,10184,24,0,22,1,70,,10190,24,0,22,1,30,,1131,24,0,22,1,70,,10196,24,0,22,1,30,,5316,24,0,22,1,70,,10200,24,0,22,1,30,,10197,24,0,22,1,70,,4245,24,0,22,1,30,,10187,24,0,22,1,70,,10191,24,0,22,1,30,,8558,24,0,22,1,71,,10189,24,0,22,1,30,,10199,24,0,22,1,70,,10198,24,0,22,1,30,,10185,24,0,22,1,70,,10186,24,0,22,1,30,,10195,24,0,22,1,70,,10194,24,0,22,1
30500,'19',555,,10212,13,0,58,1,69,,10225,24,0,22,1,30,,10213,24,0,22,1,70,,10223,24,0,22,1,30,,10208,24,0,22,1,70,,10204,24,0,22,1,30,,10202,24,0,22,1,70,,10210,24,0,22,1,30,,10221,24,0,22,1,70,,10217,24,0,22,1,30,,10216,24,0,22,1,70,,10224,24,0,22,1,30,,10219,24,0,22,1,70,,10206,24,0,22,1,30,,10207,24,0,22,1,70,,10211,24,0,22,1,30,,10218,24,0,22,1,71,,10209,24,0,22,1,30,,10222,24,0,22,1,70,,10220,24,0,22,1,30,,10203,24,0,22,1,70,,10205,24,0,22,1,30,,10215,24,0,22,1,70,,10214,24,0,22,1
30500,'5',555,,5150,13,0,58,1,69,,10243,24,0,22,1,30,,10235,24,0,22,1,70,,2412,24,0,22,1,30,,10231,24,0,22,1,70,,8522,24,0,22,1,30,,10226,24,0,22,1,70,,10233,24,0,22,1,30,,1156,24,0,22,1,70,,10238,24,0,22,1,30,,5446,24,0,22,1,70,,10242,24,0,22,1,30,,10239,24,0,22,1,70,,10229,24,0,22,1,30,,10230,24,0,22,1,70,,10234,24,0,22,1,30,,8609,24,0,22,1,71,,10232,24,0,22,1,30,,10241,24,0,22,1,70,,10240,24,0,22,1,30,,10227,24,0,22,1,70,,10228,24,0,22,1,30,,10237,24,0,22,1,70,,10236,24,0,22,1
30500,'6',555,,10254,13,0,58,1,69,,10267,24,0,22,1,30,,10255,24,0,22,1,70,,10265,24,0,22,1,30,,10250,24,0,22,1,70,,10246,24,0,22,1,30,,10244,24,0,22,1,70,,10252,24,0,22,1,30,,10263,24,0,22,1,70,,10259,24,0,22,1,30,,10258,24,0,22,1,70,,10266,24,0,22,1,30,,10261,24,0,22,1,70,,10248,24,0,22,1,30,,10249,24,0,22,1,70,,10253,24,0,22,1,30,,10260,24,0,22,1,71,,10251,24,0,22,1,30,,10264,24,0,22,1,70,,10262,24,0,22,1,30,,10245,24,0,22,1,70,,10247,24,0,22,1,30,,10257,24,0,22,1,70,,10256,24,0,22,1
41200,'1',1124,,18491,24,0,23,1,100,,781,24,0,23,1,100,,18492,24,0,23,1,99,,4503,24,0,23,1,100,,18490,24,0,23,1,100,,6133,24,0,23,1,100,,18493,24,0,23,1
41200,'10',623,,18521,24,0,23,1,30,,18520,24,0,23,1,70,,18503,24,0,23,1,30,,18511,24,0,23,1,70,,18502,24,0,23,1,30,,18512,24,0,23,1,70,,18522,24,0,23,1,30,,18510,24,0,23,1,71,,18518,24,0,23,1,30,,18516,24,0,23,1,70,,18497,24,0,23,1,30,,18509,24,0,23,1,70,,18519,24,0,23,1,30,,18500,24,0,23,1,70,,18501,24,0,23,1,30,,18494,24,0,23,1,69,,18513,24,0,23,1,30,,18495,24,0,23,1,70,,18514,24,0,23,1,30,,18506,24,0,23,1,70,,18496,24,0,23,1,30,,18508,24,0,23,1,70,,18499,24,0,23,1,30,,18523,24,0,23,1,70,,18507,24,0,23,1,100,,18515,24,0,23,1,100,,18517,24,0,23,1,100,,18504,24,0,23,1,100,,18498,24,0,23,1,100,,18505,24,0,23,1
41200,'12',923,,18539,24,0,23,1,101,,18534,24,0,23,1,30,,18536,24,0,23,1,70,,6099,24,0,23,1,30,,18525,24,0,23,1,70,,18527,24,0,23,1,30,,18533,24,0,23,1,70,,18540,24,0,23,1,30,,18529,24,0,23,1,69,,18537,24,0,23,1,30,,18526,24,0,23,1,70,,18535,24,0,23,1,30,,18538,24,0,23,1,70,,18524,24,0,23,1,30,,18530,24,0,23,1,70,,18532,24,0,23,1,30,,18528,24,0,23,1,70,,18531,24,0,23,1,100,,6756,24,0,23,1
41200,'15',1823,,18542,24,0,23,1,100,,18544,24,0,23,1,100,,18543,24,0,23,1,100,,18546,24,0,23,1,100,,18545,24,0,23,1,100,,18541,24,0,23,1
41200,'16',1823,,18548,24,0,23,1,100,,18550,24,0,23,1,100,,18549,24,0,23,1,100,,18552,24,0,23,1,100,,18551,24,0,23,1,100,,18547,24,0,23,1
41200,'17',1823,,18554,24,0,23,1,100,,18556,24,0,23,1,100,,18555,24,0,23,1,100,,18558,24,0,23,1,100,,18557,24,0,23,1,100,,18553,24,0,23,1
41200,'19',1823,,18560,24,0,23,1,100,,18562,24,0,23,1,100,,18561,24,0,23,1,100,,18564,24,0,23,1,100,,18563,24,0,23,1,100,,18559,24,0,23,1
41200,'21',623,,18591,24,0,23,1,30,,18590,24,0,23,1,70,,18573,24,0,23,1,30,,18581,24,0,23,1,70,,18572,24,0,23,1,30,,18582,24,0,23,1,70,,18592,24,0,23,1,30,,18580,24,0,23,1,71,,18588,24,0,23,1,30,,18586,24,0,23,1,70,,18567,24,0,23,1,30,,18579,24,0,23,1,70,,18589,24,0,23,1,30,,18570,24,0,23,1,70,,18571,24,0,23,1,30,,6021,24,0,23,1,69,,18583,24,0,23,1,30,,18565,24,0,23,1,70,,18584,24,0,23,1,30,,18576,24,0,23,1,70,,18566,24,0,23,1,30,,18578,24,0,23,1,70,,18569,24,0,23,1,30,,18593,24,0,23,1,70,,18577,24,0,23,1,100,,18585,24,0,23,1,100,,18587,24,0,23,1,100,,18574,24,0,23,1,100,,18568,24,0,23,1,100,,18575,24,0,23,1
41200,'5',1823,,18595,24,0,23,1,100,,18597,24,0,23,1,100,,18596,24,0,23,1,100,,18599,24,0,23,1,100,,18598,24,0,23,1,100,,18594,24,0,23,1
41200,'6',1823,,18601,24,0,23,1,100,,18603,24,0,23,1,100,,18602,24,0,23,1,100,,18605,24,0,23,1,100,,18604,24,0,23,1,100,,18600,24,0,23,1
