30801,'15',637,,15485,0,64 38,1,70,,15481,0,64 38,1,30,,15492,0,64 38,1,70,,15494,0,64 38,1,30,,15482,0,64 38,1,70,,15488,0,64 38,1,30,,15495,0,64 38,1,70,,15480,0,64 38,1,30,,15479,0,64 38,1,70,,15496,0,64 38,1,30,,15500,0,64 38,1,70,,15484,0,64 38,1,30,,15483,0,64 38,1,70,,15490,0,64 38,1,30,,15487,0,64 38,1,70,,15501,0,64 38,1,40,,15491,0,64 38,1,70,,15489,0,64 38,1,30,,15493,0,64 38,1,70,,15497,0,64 38,1,30,,15498,0,64 38,1,70,,15486,0,64 38,1,30,,15499,0,64 38,1
30801,'16',637,,7253,0,64 38,1,70,,15504,0,64 38,1,30,,15512,0,64 38,1,70,,6929,0,64 38,1,30,,15505,0,64 38,1,70,,9249,0,64 38,1,30,,15514,0,64 38,1,70,,15503,0,64 38,1,30,,15502,0,64 38,1,70,,5501,0,64 38,1,30,,15518,0,64 38,1,70,,8959,0,64 38,1,30,,15506,0,64 38,1,70,,15510,0,64 38,1,30,,15508,0,64 38,1,70,,15519,0,64 38,1,40,,15511,0,64 38,1,70,,15509,0,64 38,1,30,,15513,0,64 38,1,70,,15515,0,64 38,1,30,,15516,0,64 38,1,70,,15507,0,64 38,1,30,,15517,0,64 38,1
30801,'17',637,,7279,0,64 38,1,70,,15522,0,64 38,1,30,,15532,0,64 38,1,70,,6946,0,64 38,1,30,,15523,0,64 38,1,70,,15528,0,64 38,1,30,,15534,0,64 38,1,70,,15521,0,64 38,1,30,,15520,0,64 38,1,70,,5541,0,64 38,1,30,,15538,0,64 38,1,70,,15525,0,64 38,1,30,,15524,0,64 38,1,70,,15530,0,64 38,1,30,,15527,0,64 38,1,70,,15539,0,64 38,1,40,,15531,0,64 38,1,70,,15529,0,64 38,1,30,,15533,0,64 38,1,70,,15535,0,64 38,1,30,,15536,0,64 38,1,70,,15526,0,64 38,1,30,,15537,0,64 38,1
30801,'19',637,,15546,0,64 38,1,70,,15542,0,64 38,1,30,,15553,0,64 38,1,70,,15555,0,64 38,1,30,,15543,0,64 38,1,70,,15549,0,64 38,1,30,,15556,0,64 38,1,70,,15541,0,64 38,1,30,,15540,0,64 38,1,70,,15557,0,64 38,1,30,,15560,0,64 38,1,70,,15545,0,64 38,1,30,,15544,0,64 38,1,70,,15551,0,64 38,1,30,,15548,0,64 38,1,70,,15561,0,64 38,1,40,,15552,0,64 38,1,70,,15550,0,64 38,1,30,,15554,0,64 38,1,70,,12141,0,64 38,1,30,,15558,0,64 38,1,70,,15547,0,64 38,1,30,,15559,0,64 38,1
30801,'5',637,,7302,0,64 38,1,70,,15564,0,64 38,1,30,,15574,0,64 38,1,70,,6964,0,64 38,1,30,,15565,0,64 38,1,70,,15570,0,64 38,1,30,,15576,0,64 38,1,70,,15563,0,64 38,1,30,,15562,0,64 38,1,70,,5579,0,64 38,1,30,,15580,0,64 38,1,70,,15567,0,64 38,1,30,,15566,0,64 38,1,70,,15572,0,64 38,1,30,,15569,0,64 38,1,70,,15581,0,64 38,1,40,,15573,0,64 38,1,70,,15571,0,64 38,1,30,,15575,0,64 38,1,70,,15577,0,64 38,1,30,,15578,0,64 38,1,70,,15568,0,64 38,1,30,,15579,0,64 38,1
30801,'6',637,,15588,0,64 38,1,70,,15584,0,64 38,1,30,,15595,0,64 38,1,70,,15597,0,64 38,1,30,,15585,0,64 38,1,70,,15591,0,64 38,1,30,,15598,0,64 38,1,70,,15583,0,64 38,1,30,,15582,0,64 38,1,70,,15599,0,64 38,1,30,,15603,0,64 38,1,70,,15587,0,64 38,1,30,,15586,0,64 38,1,70,,15593,0,64 38,1,30,,15590,0,64 38,1,70,,15604,0,64 38,1,40,,15594,0,64 38,1,70,,15592,0,64 38,1,30,,15596,0,64 38,1,70,,15600,0,64 38,1,30,,15601,0,64 38,1,70,,15589,0,64 38,1,30,,15602,0,64 38,1
40801,'1',1122,,22439,0,64 38,1,100,,22445,0,64 38,1,100,,22443,0,64 38,1,100,,22440,0,64 38,1,100,,22441,0,64 38,1,100,,22444,0,64 38,1,100,,22442,0,64 38,1
40801,'10',652,,22463,0,64 38,1,70,,22474,0,64 38,1,30,,22452,0,64 38,1,70,,22454,0,64 38,1,30,,22470,0,64 38,1,70,,22451,0,64 38,1,30,,22461,0,64 38,1,70,,22471,0,64 38,1,30,,22464,0,64 38,1,70,,22468,0,64 38,1,30,,22465,0,64 38,1,70,,22456,0,64 38,1,30,,22459,0,64 38,1,70,,22458,0,64 38,1,30,,22455,0,64 38,1,70,,22462,0,64 38,1,30,,22472,0,64 38,1,70,,22449,0,64 38,1,30,,22448,0,64 38,1,70,,22460,0,64 38,1,30,,22453,0,64 38,1,70,,22469,0,64 38,1,30,,22447,0,64 38,1,70,,22473,0,64 38,1,100,,22466,0,64 38,1,100,,22457,0,64 38,1,100,,22467,0,64 38,1,100,,22450,0,64 38,1,100,,22446,0,64 38,1
40801,'12',922,,22491,0,64 38,1,100,,22486,0,64 38,1,30,,22489,0,64 38,1,70,,22475,0,64 38,1,30,,22488,0,64 38,1,70,,22490,0,64 38,1,30,,22484,0,64 38,1,70,,22477,0,64 38,1,30,,22483,0,64 38,1,70,,22478,0,64 38,1,30,,22480,0,64 38,1,70,,22482,0,64 38,1,30,,22487,0,64 38,1,70,,12090,0,64 38,1,30,,22476,0,64 38,1,70,,22479,0,64 38,1,30,,22485,0,64 38,1,70,,22481,0,64 38,1,100,,22492,0,64 38,1
40801,'15',1822,,22497,0,64 38,1,100,,22494,0,64 38,1,100,,22496,0,64 38,1,100,,22495,0,64 38,1,100,,22498,0,64 38,1,100,,22493,0,64 38,1
40801,'16',1822,,22502,0,64 38,1,100,,22500,0,64 38,1,100,,7909,0,64 38,1,100,,22501,0,64 38,1,100,,22503,0,64 38,1,100,,22499,0,64 38,1
40801,'17',1822,,22507,0,64 38,1,100,,22505,0,64 38,1,100,,7931,0,64 38,1,100,,22506,0,64 38,1,100,,22508,0,64 38,1,100,,22504,0,64 38,1
40801,'19',1822,,22513,0,64 38,1,100,,22510,0,64 38,1,100,,22512,0,64 38,1,100,,22511,0,64 38,1,100,,22514,0,64 38,1,100,,22509,0,64 38,1
40801,'21',652,,22531,0,64 38,1,70,,22542,0,64 38,1,30,,22521,0,64 38,1,70,,22523,0,64 38,1,30,,22538,0,64 38,1,70,,22520,0,64 38,1,30,,22529,0,64 38,1,70,,22539,0,64 38,1,30,,22532,0,64 38,1,70,,22536,0,64 38,1,30,,22533,0,64 38,1,70,,22525,0,64 38,1,30,,11702,0,64 38,1,70,,22527,0,64 38,1,30,,22524,0,64 38,1,70,,22530,0,64 38,1,30,,22540,0,64 38,1,70,,22518,0,64 38,1,30,,22517,0,64 38,1,70,,22528,0,64 38,1,30,,22522,0,64 38,1,70,,22537,0,64 38,1,30,,22516,0,64 38,1,70,,22541,0,64 38,1,100,,22534,0,64 38,1,100,,22526,0,64 38,1,100,,22535,0,64 38,1,100,,22519,0,64 38,1,100,,22515,0,64 38,1
40801,'5',1822,,22546,0,64 38,1,100,,22544,0,64 38,1,100,,7952,0,64 38,1,100,,22545,0,64 38,1,100,,22547,0,64 38,1,100,,22543,0,64 38,1
40801,'6',1822,,22552,0,64 38,1,100,,22549,0,64 38,1,100,,22551,0,64 38,1,100,,22550,0,64 38,1,100,,22553,0,64 38,1,100,,22548,0,64 38,1
