31701,'12',624,,35896,28,0,62,1,30,,35885,28,0,62,1,70,,35883,28,0,62,1,30,,35876,28,0,62,1,70,,35880,28,0,62,1,30,,35886,28,0,62,1,70,,35888,28,0,62,1,30,,35873,28,0,62,1,71,,35894,28,0,62,1,30,,35877,28,0,62,1,70,,35878,28,0,62,1,30,,35892,28,0,62,1,70,,35895,28,0,62,1,30,,35889,28,0,62,1,70,,35891,28,0,62,1,30,,35884,28,0,62,1,71,,35882,28,0,62,1,30,,35879,28,0,62,1,70,,35893,28,0,62,1,30,,35890,28,0,62,1,70,,35875,28,0,62,1,30,,35887,28,0,62,1,70,,35874,28,0,62,1,30,,35881,28,0,62,1
31701,'13',624,,35918,28,0,62,1,30,,22658,28,0,62,1,70,,35906,28,0,62,1,30,,35899,28,0,62,1,70,,35903,28,0,62,1,30,,35908,28,0,62,1,70,,35910,28,0,62,1,30,,35897,28,0,62,1,71,,35916,28,0,62,1,30,,35900,28,0,62,1,70,,35901,28,0,62,1,30,,35914,28,0,62,1,70,,35917,28,0,62,1,30,,35911,28,0,62,1,70,,35913,28,0,62,1,30,,35907,28,0,62,1,71,,35905,28,0,62,1,30,,35902,28,0,62,1,70,,35915,28,0,62,1,30,,35912,28,0,62,1,70,,27975,28,0,62,1,30,,35909,28,0,62,1,70,,35898,28,0,62,1,30,,35904,28,0,62,1
31701,'3',624,,35940,28,0,62,1,30,,22678,28,0,62,1,70,,35928,28,0,62,1,30,,35921,28,0,62,1,70,,35925,28,0,62,1,30,,35930,28,0,62,1,70,,35932,28,0,62,1,30,,35919,28,0,62,1,71,,35938,28,0,62,1,30,,35922,28,0,62,1,70,,35923,28,0,62,1,30,,35936,28,0,62,1,70,,35939,28,0,62,1,30,,35933,28,0,62,1,70,,35935,28,0,62,1,30,,35929,28,0,62,1,71,,35927,28,0,62,1,30,,35924,28,0,62,1,70,,35937,28,0,62,1,30,,35934,28,0,62,1,70,,27998,28,0,62,1,30,,35931,28,0,62,1,70,,35920,28,0,62,1,30,,35926,28,0,62,1
31701,'6',624,,35964,28,0,62,1,30,,35953,28,0,62,1,70,,35951,28,0,62,1,30,,35944,28,0,62,1,70,,35948,28,0,62,1,30,,35954,28,0,62,1,70,,35956,28,0,62,1,30,,35941,28,0,62,1,71,,35962,28,0,62,1,30,,35945,28,0,62,1,70,,35946,28,0,62,1,30,,35960,28,0,62,1,70,,35963,28,0,62,1,30,,35957,28,0,62,1,70,,35959,28,0,62,1,30,,35952,28,0,62,1,71,,35950,28,0,62,1,30,,35947,28,0,62,1,70,,35961,28,0,62,1,30,,35958,28,0,62,1,70,,35943,28,0,62,1,30,,35955,28,0,62,1,70,,35942,28,0,62,1,30,,35949,28,0,62,1
41701,'1',628,,40905,22,0,62,1,30,,40894,22,0,62,1,70,,30080,22,0,62,1,30,,32586,22,0,62,1,70,,40904,22,0,62,1,30,,30610,22,0,62,1,70,,40885,22,0,62,1,30,,40902,22,0,62,1,71,,31345,22,0,62,1,30,,40901,22,0,62,1,70,,29900,22,0,62,1,30,,31670,22,0,62,1,70,,40895,22,0,62,1,30,,40889,22,0,62,1,70,,40899,22,0,62,1,30,,40891,22,0,62,1,70,,40900,22,0,62,1,30,,40893,22,0,62,1,70,,29109,22,0,62,1,30,,32248,22,0,62,1,70,,40897,22,0,62,1,30,,40898,22,0,62,1,70,,40887,22,0,62,1,30,,40903,22,0,62,1,70,,21426,22,0,62,1,99,,40892,22,0,62,1,100,,40888,22,0,62,1,100,,40886,22,0,62,1,100,,40896,22,0,62,1,100,,40890,22,0,62,1
41701,'11',628,,40935,22,0,62,1,30,,40918,22,0,62,1,70,,40927,22,0,62,1,30,,40923,22,0,62,1,70,,40934,22,0,62,1,30,,40933,22,0,62,1,70,,40908,22,0,62,1,30,,40931,22,0,62,1,71,,40924,22,0,62,1,30,,40930,22,0,62,1,70,,40929,22,0,62,1,30,,40910,22,0,62,1,70,,40919,22,0,62,1,30,,40913,22,0,62,1,70,,40926,22,0,62,1,30,,40915,22,0,62,1,70,,40928,22,0,62,1,30,,40917,22,0,62,1,70,,40907,22,0,62,1,30,,40906,22,0,62,1,70,,40922,22,0,62,1,30,,40925,22,0,62,1,70,,40911,22,0,62,1,30,,40932,22,0,62,1,70,,40921,22,0,62,1,99,,40916,22,0,62,1,100,,40912,22,0,62,1,100,,40909,22,0,62,1,100,,40920,22,0,62,1,100,,40914,22,0,62,1
41701,'12',1829,,40936,22,0,62,1,99,,40941,22,0,62,1,100,,40940,22,0,62,1,100,,40937,22,0,62,1,100,,40939,22,0,62,1,100,,40938,22,0,62,1
41701,'13',1829,,40942,22,0,62,1,99,,40947,22,0,62,1,100,,40946,22,0,62,1,100,,40943,22,0,62,1,100,,40945,22,0,62,1,100,,40944,22,0,62,1
41701,'14',1129,,40951,22,0,62,1,100,,40953,22,0,62,1,100,,40950,22,0,62,1,100,,40952,22,0,62,1,100,,40954,22,0,62,1,100,,40949,22,0,62,1,100,,40948,22,0,62,1
41701,'16',628,,40976,22,0,62,1,30,,40964,22,0,62,1,70,,30161,22,0,62,1,30,,40968,22,0,62,1,70,,40975,22,0,62,1,30,,30647,22,0,62,1,70,,40955,22,0,62,1,30,,40973,22,0,62,1,71,,31386,22,0,62,1,30,,40972,22,0,62,1,70,,29981,22,0,62,1,30,,31726,22,0,62,1,70,,40965,22,0,62,1,30,,40959,22,0,62,1,70,,40970,22,0,62,1,30,,40961,22,0,62,1,70,,40971,22,0,62,1,30,,40963,22,0,62,1,70,,17746,22,0,62,1,30,,32291,22,0,62,1,70,,40967,22,0,62,1,30,,40969,22,0,62,1,70,,40957,22,0,62,1,30,,40974,22,0,62,1,70,,31209,22,0,62,1,99,,40962,22,0,62,1,100,,40958,22,0,62,1,100,,40956,22,0,62,1,100,,40966,22,0,62,1,100,,40960,22,0,62,1
41701,'3',1829,,40977,22,0,62,1,99,,40982,22,0,62,1,100,,40981,22,0,62,1,100,,40978,22,0,62,1,100,,40980,22,0,62,1,100,,40979,22,0,62,1
41701,'6',1829,,40983,22,0,62,1,99,,40988,22,0,62,1,100,,40987,22,0,62,1,100,,40984,22,0,62,1,100,,40986,22,0,62,1,100,,40985,22,0,62,1
41701,'8',928,,40990,22,0,62,1,131,,41004,22,0,62,1,70,,40991,22,0,62,1,30,,40998,22,0,62,1,70,,40994,22,0,62,1,30,,40992,22,0,62,1,70,,40999,22,0,62,1,100,,41000,22,0,62,1,30,,40989,22,0,62,1,70,,40995,22,0,62,1,30,,40997,22,0,62,1,70,,41001,22,0,62,1,30,,41003,22,0,62,1,70,,40996,22,0,62,1,30,,40993,22,0,62,1,70,,41002,22,0,62,1,99,,30209,22,0,62,1
