30401,'11',639,,27722,4,0,49,1,70,,27723,4,0,49,1,30,,27720,4,0,49,1,70,,27732,4,0,49,1,30,,25054,4,0,49,1,70,,27719,4,0,49,1,30,,27735,4,0,49,1,70,,27721,4,0,49,1,30,,27718,4,0,49,1,70,,27729,4,0,49,1,30,,27717,4,0,49,1,70,,27724,4,0,49,1,30,,22724,4,0,49,1,70,,27725,4,0,49,1,30,,27730,4,0,49,1,71,,27726,4,0,49,1,30,,27737,4,0,49,1,70,,27734,4,0,49,1,30,,27733,4,0,49,1,70,,27728,4,0,49,1,30,,27736,4,0,49,1,70,,27727,4,0,49,1,30,,23760,4,0,49,1,70,,27731,4,0,49,1,30,,22021,4,0,49,1
30401,'3',639,,27743,4,0,49,1,70,,27744,4,0,49,1,30,,27741,4,0,49,1,70,,27753,4,0,49,1,30,,19342,4,0,49,1,70,,27740,4,0,49,1,30,,27756,4,0,49,1,70,,27742,4,0,49,1,30,,27739,4,0,49,1,70,,27750,4,0,49,1,30,,27738,4,0,49,1,70,,27745,4,0,49,1,30,,22746,4,0,49,1,70,,27746,4,0,49,1,30,,27751,4,0,49,1,71,,27747,4,0,49,1,30,,27758,4,0,49,1,70,,27755,4,0,49,1,30,,27754,4,0,49,1,70,,27749,4,0,49,1,30,,27757,4,0,49,1,70,,27748,4,0,49,1,30,,23782,4,0,49,1,70,,27752,4,0,49,1,30,,22039,4,0,49,1
31801,'11',603,,28891,4,0,45 50,1,30,,28889,4,0,45 50,1,71,,28909,4,0,45 50,1,30,,21599,4,0,45 50,1,70,,28900,4,0,45 50,1,30,,28907,4,0,45 50,1,70,,21830,4,0,45 50,1,30,,28890,4,0,45 50,1,71,,28912,4,0,45 50,1,30,,28905,4,0,45 50,1,70,,28895,4,0,45 50,1,30,,28896,4,0,45 50,1,70,,28908,4,0,45 50,1,30,,28903,4,0,45 50,1,70,,28911,4,0,45 50,1,30,,28897,4,0,45 50,1,68,,28901,4,0,45 50,1,30,,28902,4,0,45 50,1,70,,28892,4,0,45 50,1,30,,28904,4,0,45 50,1,70,,28898,4,0,45 50,1,30,,28899,4,0,45 50,1,70,,28906,4,0,45 50,1,30,,28893,4,0,45 50,1,70,,28910,4,0,45 50,1,30,,28894,4,0,45 50,1
31801,'3',603,,28915,4,0,45 50,1,30,,28913,4,0,45 50,1,71,,28933,4,0,45 50,1,30,,21642,4,0,45 50,1,70,,28924,4,0,45 50,1,30,,28931,4,0,45 50,1,70,,21853,4,0,45 50,1,30,,28914,4,0,45 50,1,71,,28936,4,0,45 50,1,30,,28929,4,0,45 50,1,70,,28919,4,0,45 50,1,30,,28920,4,0,45 50,1,70,,28932,4,0,45 50,1,30,,28927,4,0,45 50,1,70,,28935,4,0,45 50,1,30,,28921,4,0,45 50,1,68,,28925,4,0,45 50,1,30,,28926,4,0,45 50,1,70,,28916,4,0,45 50,1,30,,28928,4,0,45 50,1,70,,28922,4,0,45 50,1,30,,28923,4,0,45 50,1,70,,28930,4,0,45 50,1,30,,28917,4,0,45 50,1,70,,28934,4,0,45 50,1,30,,28918,4,0,45 50,1
40401,'1',701,,30509,4,0,39 51,1,30,,30526,4,0,39 51,1,70,,30522,4,0,39 51,1,30,,21408,4,0,39 51,1,70,,30507,4,0,39 51,1,30,,30529,4,0,39 51,1,70,,23171,4,0,39 51,1,31,,30520,4,0,39 51,1,70,,30527,4,0,39 51,1,30,,30521,4,0,39 51,1,70,,30506,4,0,39 51,1,30,,30513,4,0,39 51,1,70,,21735,4,0,39 51,1,30,,30510,4,0,39 51,1,70,,30517,4,0,39 51,1,30,,30515,4,0,39 51,1,70,,30525,4,0,39 51,1,30,,30511,4,0,39 51,1,70,,22708,4,0,39 51,1,30,,30519,4,0,39 51,1,70,,30518,4,0,39 51,1,30,,30528,4,0,39 51,1,70,,30514,4,0,39 51,1,30,,30508,4,0,39 51,1,70,,30512,4,0,39 51,1,99,,30523,4,0,39 51,1,100,,30530,4,0,39 51,1,100,,30516,4,0,39 51,1,100,,30524,4,0,39 51,1
40401,'11',1902,,30534,4,0,39 51,1,99,,30533,4,0,39 51,1,100,,30532,4,0,39 51,1,100,,24341,4,0,39 51,1,100,,30531,4,0,39 51,1
40401,'12',1102,,30538,4,0,39 51,1,100,,24751,4,0,39 51,1,100,,30540,4,0,39 51,1,100,,30535,4,0,39 51,1,100,,30541,4,0,39 51,1,100,,30537,4,0,39 51,1,100,,30536,4,0,39 51,1,100,,30539,4,0,39 51,1
40401,'14',701,,30546,4,0,39 51,1,30,,30563,4,0,39 51,1,70,,25772,4,0,39 51,1,30,,30545,4,0,39 51,1,70,,30543,4,0,39 51,1,30,,30566,4,0,39 51,1,70,,30551,4,0,39 51,1,31,,30557,4,0,39 51,1,70,,30564,4,0,39 51,1,30,,30558,4,0,39 51,1,70,,30542,4,0,39 51,1,30,,26225,4,0,39 51,1,70,,30550,4,0,39 51,1,30,,30547,4,0,39 51,1,70,,30554,4,0,39 51,1,30,,25303,4,0,39 51,1,70,,30562,4,0,39 51,1,30,,30548,4,0,39 51,1,70,,30561,4,0,39 51,1,30,,30556,4,0,39 51,1,70,,30555,4,0,39 51,1,30,,30565,4,0,39 51,1,70,,30552,4,0,39 51,1,30,,30544,4,0,39 51,1,70,,30549,4,0,39 51,1,99,,30559,4,0,39 51,1,100,,30567,4,0,39 51,1,100,,30553,4,0,39 51,1,100,,30560,4,0,39 51,1
40401,'3',1902,,30571,4,0,39 51,1,99,,30570,4,0,39 51,1,100,,30569,4,0,39 51,1,100,,24362,4,0,39 51,1,100,,30568,4,0,39 51,1
40401,'8',901,,30586,4,0,39 51,1,100,,30583,4,0,39 51,1,31,,30579,4,0,39 51,1,70,,30574,4,0,39 51,1,30,,30582,4,0,39 51,1,70,,25017,4,0,39 51,1,30,,30587,4,0,39 51,1,70,,30575,4,0,39 51,1,30,,30578,4,0,39 51,1,70,,25631,4,0,39 51,1,30,,30584,4,0,39 51,1,70,,30580,4,0,39 51,1,30,,30576,4,0,39 51,1,70,,30577,4,0,39 51,1,30,,24637,4,0,39 51,1,70,,30572,4,0,39 51,1,30,,30581,4,0,39 51,1,70,,30585,4,0,39 51,1,100,,30573,4,0,39 51,1,99,,30588,4,0,39 51,1
41801,'1',619,,32176,4,0,45 50,1,30,,22250,4,0,45 50,1,70,,32182,4,0,45 50,1,30,,32180,4,0,45 50,1,70,,22630,4,0,45 50,1,30,,32167,4,0,45 50,1,70,,32183,4,0,45 50,1,30,,23674,4,0,45 50,1,71,,32166,4,0,45 50,1,30,,32179,4,0,45 50,1,70,,32174,4,0,45 50,1,30,,23672,4,0,45 50,1,70,,32184,4,0,45 50,1,30,,32171,4,0,45 50,1,70,,32175,4,0,45 50,1,30,,23314,4,0,45 50,1,70,,32172,4,0,45 50,1,30,,22321,4,0,45 50,1,70,,24377,4,0,45 50,1,30,,22513,4,0,45 50,1,70,,32168,4,0,45 50,1,30,,32181,4,0,45 50,1,70,,23605,4,0,45 50,1,30,,24265,4,0,45 50,1,70,,32178,4,0,45 50,1,30,,32177,4,0,45 50,1,99,,32170,4,0,45 50,1,100,,32169,4,0,45 50,1,100,,32185,4,0,45 50,1,100,,32173,4,0,45 50,1
41801,'11',1850,,32186,4,0,45 50,1,99,,6787,4,0,45 50,1,100,,32187,4,0,45 50,1,100,,23474,4,0,45 50,1,100,,23057,4,0,45 50,1
41801,'12',1150,,32191,4,0,45 50,1,100,,32189,4,0,45 50,1,100,,25745,4,0,45 50,1,100,,32192,4,0,45 50,1,100,,32193,4,0,45 50,1,100,,32190,4,0,45 50,1,100,,32188,4,0,45 50,1
41801,'14',619,,16237,4,0,45 50,1,30,,32199,4,0,45 50,1,70,,32216,4,0,45 50,1,30,,32214,4,0,45 50,1,70,,32201,4,0,45 50,1,30,,32195,4,0,45 50,1,70,,32217,4,0,45 50,1,30,,32213,4,0,45 50,1,71,,32194,4,0,45 50,1,30,,32211,4,0,45 50,1,70,,32206,4,0,45 50,1,30,,32210,4,0,45 50,1,70,,32218,4,0,45 50,1,30,,25216,4,0,45 50,1,70,,25846,4,0,45 50,1,30,,32207,4,0,45 50,1,70,,32200,4,0,45 50,1,30,,32202,4,0,45 50,1,70,,32205,4,0,45 50,1,30,,32203,4,0,45 50,1,70,,32196,4,0,45 50,1,30,,32215,4,0,45 50,1,70,,32208,4,0,45 50,1,30,,32212,4,0,45 50,1,70,,25233,4,0,45 50,1,30,,32209,4,0,45 50,1,99,,32198,4,0,45 50,1,100,,32197,4,0,45 50,1,100,,32219,4,0,45 50,1,100,,32204,4,0,45 50,1
41801,'3',1850,,32220,4,0,45 50,1,99,,6831,4,0,45 50,1,100,,32221,4,0,45 50,1,100,,23511,4,0,45 50,1,100,,23076,4,0,45 50,1
41801,'8',849,,32226,4,0,45 50,1,100,,32222,4,0,45 50,1,101,,32225,4,0,45 50,1,70,,32237,4,0,45 50,1,30,,32228,4,0,45 50,1,70,,32240,4,0,45 50,1,30,,32241,4,0,45 50,1,70,,32227,4,0,45 50,1,30,,32233,4,0,45 50,1,70,,32231,4,0,45 50,1,30,,32224,4,0,45 50,1,70,,32234,4,0,45 50,1,30,,32235,4,0,45 50,1,70,,32239,4,0,45 50,1,30,,32236,4,0,45 50,1,70,,32223,4,0,45 50,1,30,,32230,4,0,45 50,1,70,,32238,4,0,45 50,1,30,,32232,4,0,45 50,1,99,,32229,4,0,45 50,1
