32101,'1',710,,23943,6,0,56,1,100,,23941,6,0,56,1,100,,23936,6,0,56,1,100,,23938,6,0,56,1,100,,23940,6,0,56,1,100,,23944,6,0,56,1,100,,23934,6,0,56,1,100,,23937,6,0,56,1,100,,23935,6,0,56,1,100,,23942,6,0,56,1,100,,23945,6,0,56,1,100,,23939,6,0,56,1
32101,'10',810,,20941,6,0,56,1,100,,4753,6,0,56,1,100,,23948,6,0,56,1,400,,23947,6,0,56,1,100,,23946,6,0,56,1,100,,13773,6,0,56,1,100,,23949,6,0,56,1
32101,'3',810,,23953,6,0,56,1,100,,4777,6,0,56,1,100,,23952,6,0,56,1,400,,23951,6,0,56,1,100,,23950,6,0,56,1,100,,13820,6,0,56,1,100,,23954,6,0,56,1
33100,'1',734,,24140,6,0,55,1,100,,24138,6,0,55,1,100,,24141,6,0,55,1,100,,24139,6,0,55,1,100,,24134,6,0,55,1,100,,24132,6,0,55,1,100,,24136,6,0,55,1,100,,24142,6,0,55,1,100,,24133,6,0,55,1,100,,24135,6,0,55,1,100,,24137,6,0,55,1
33100,'10',734,,24150,6,0,55,1,100,,24148,6,0,55,1,100,,24151,6,0,55,1,100,,24149,6,0,55,1,100,,24144,6,0,55,1,100,,13762,6,0,55,1,100,,24146,6,0,55,1,100,,24152,6,0,55,1,100,,24143,6,0,55,1,100,,24145,6,0,55,1,100,,24147,6,0,55,1
33100,'3',734,,24160,6,0,55,1,100,,24158,6,0,55,1,100,,24161,6,0,55,1,100,,24159,6,0,55,1,100,,24154,6,0,55,1,100,,13810,6,0,55,1,100,,24156,6,0,55,1,100,,24162,6,0,55,1,100,,24153,6,0,55,1,100,,24155,6,0,55,1,100,,24157,6,0,55,1
42101,'1',1910,,27075,6,0,56,1,100,,27073,6,0,56,1,100,,27076,6,0,56,1,100,,27077,6,0,56,1,100,,27074,6,0,56,1
42101,'11',910,,27085,6,0,56,1,100,,27087,6,0,56,1,100,,27082,6,0,56,1,100,,27079,6,0,56,1,100,,27083,6,0,56,1,100,,27080,6,0,56,1,100,,27078,6,0,56,1,100,,27086,6,0,56,1,100,,27084,6,0,56,1,100,,27081,6,0,56,1,100,,14713,6,0,56,1,100,,7251,6,0,56,1
43100,'1',1834,,27119,6,0,55,1,100,,27120,6,0,55,1,100,,27121,6,0,55,1,100,,27117,6,0,55,1,100,,27116,6,0,55,1,100,,27118,6,0,55,1
43100,'10',1834,,27125,6,0,55,1,100,,27126,6,0,55,1,100,,14813,6,0,55,1,100,,27123,6,0,55,1,100,,27122,6,0,55,1,100,,27124,6,0,55,1
43100,'3',1834,,27130,6,0,55,1,100,,27131,6,0,55,1,100,,27132,6,0,55,1,100,,27128,6,0,55,1,100,,27127,6,0,55,1,100,,27129,6,0,55,1
