31101,'11',609,,28329,16,0,43 44,1,30,,28323,16,0,43 44,1,70,,28320,16,0,43 44,1,30,,28315,16,0,43 44,1,70,,28324,16,0,43 44,1,30,,28335,16,0,43 44,1,70,,28318,16,0,43 44,1,30,,28319,16,0,43 44,1,70,,28322,16,0,43 44,1,30,,28317,16,0,43 44,1,70,,28316,16,0,43 44,1,30,,28327,16,0,43 44,1,70,,28334,16,0,43 44,1,30,,23612,16,0,43 44,1,70,,28333,16,0,43 44,1,30,,28326,16,0,43 44,1,70,,22228,16,0,43 44,1,32,,28321,16,0,43 44,1,70,,28331,16,0,43 44,1,30,,28328,16,0,43 44,1,70,,24496,16,0,43 44,1,30,,28330,16,0,43 44,1,70,,23262,16,0,43 44,1,30,,28332,16,0,43 44,1,70,,28325,16,0,43 44,1
31101,'3',609,,28350,16,0,43 44,1,30,,28344,16,0,43 44,1,70,,28341,16,0,43 44,1,30,,28336,16,0,43 44,1,70,,28345,16,0,43 44,1,30,,28356,16,0,43 44,1,70,,28339,16,0,43 44,1,30,,28340,16,0,43 44,1,70,,28343,16,0,43 44,1,30,,28338,16,0,43 44,1,70,,28337,16,0,43 44,1,30,,28348,16,0,43 44,1,70,,28355,16,0,43 44,1,30,,23632,16,0,43 44,1,70,,28354,16,0,43 44,1,30,,28347,16,0,43 44,1,70,,22247,16,0,43 44,1,32,,28342,16,0,43 44,1,70,,28352,16,0,43 44,1,30,,28349,16,0,43 44,1,70,,24603,16,0,43 44,1,30,,28351,16,0,43 44,1,70,,23285,16,0,43 44,1,30,,28353,16,0,43 44,1,70,,28346,16,0,43 44,1
31800,'11',616,,28858,31,0,45 46 18,1,30,,20436,31,0,45 46 18,1,70,,28855,31,0,45 46 18,1,30,,28851,31,0,45 46 18,1,70,,28849,31,0,45 46 18,1,30,,28859,31,0,45 46 18,1,70,,28861,31,0,45 46 18,1,30,,28860,31,0,45 46 18,1,70,,28863,31,0,45 46 18,1,30,,28852,31,0,45 46 18,1,70,,28867,31,0,45 46 18,1,30,,28868,31,0,45 46 18,1,70,,28857,31,0,45 46 18,1,30,,21708,31,0,45 46 18,1,70,,28865,31,0,45 46 18,1,30,,28856,31,0,45 46 18,1,70,,27315,31,0,45 46 18,1,30,,27157,31,0,45 46 18,1,70,,28854,31,0,45 46 18,1,30,,28853,31,0,45 46 18,1,70,,25580,31,0,45 46 18,1,30,,28866,31,0,45 46 18,1,70,,28850,31,0,45 46 18,1,30,,28864,31,0,45 46 18,1,70,,28862,31,0,45 46 18,1
31800,'3',616,,28878,31,0,45 46 18,1,30,,20452,31,0,45 46 18,1,70,,28875,31,0,45 46 18,1,30,,28871,31,0,45 46 18,1,70,,28869,31,0,45 46 18,1,30,,28879,31,0,45 46 18,1,70,,28881,31,0,45 46 18,1,30,,28880,31,0,45 46 18,1,70,,28883,31,0,45 46 18,1,30,,28872,31,0,45 46 18,1,70,,28887,31,0,45 46 18,1,30,,28888,31,0,45 46 18,1,70,,28877,31,0,45 46 18,1,30,,21727,31,0,45 46 18,1,70,,28885,31,0,45 46 18,1,30,,28876,31,0,45 46 18,1,70,,27329,31,0,45 46 18,1,30,,27180,31,0,45 46 18,1,70,,28874,31,0,45 46 18,1,30,,28873,31,0,45 46 18,1,70,,25629,31,0,45 46 18,1,30,,28886,31,0,45 46 18,1,70,,28870,31,0,45 46 18,1,30,,28884,31,0,45 46 18,1,70,,28882,31,0,45 46 18,1
41800,'1',630,,32076,33,0,45 46 18,1,70,,32081,33,0,45 46 18,1,31,,32089,33,0,45 46 18,1,70,,23803,33,0,45 46 18,1,30,,32086,33,0,45 46 18,1,70,,32100,33,0,45 46 18,1,30,,25654,33,0,45 46 18,1,70,,32099,33,0,45 46 18,1,31,,32092,33,0,45 46 18,1,70,,32091,33,0,45 46 18,1,30,,27188,33,0,45 46 18,1,70,,32082,33,0,45 46 18,1,30,,32083,33,0,45 46 18,1,70,,32094,33,0,45 46 18,1,30,,32084,33,0,45 46 18,1,70,,32087,33,0,45 46 18,1,30,,32095,33,0,45 46 18,1,70,,32077,33,0,45 46 18,1,30,,32085,33,0,45 46 18,1,70,,32088,33,0,45 46 18,1,30,,32079,33,0,45 46 18,1,70,,32098,33,0,45 46 18,1,30,,32080,33,0,45 46 18,1,70,,32090,33,0,45 46 18,1,100,,32097,33,0,45 46 18,1,100,,32093,33,0,45 46 18,1,100,,32078,33,0,45 46 18,1,100,,32101,33,0,45 46 18,1,100,,24439,33,0,45 46 18,1,100,,32096,33,0,45 46 18,1
41800,'11',1902,,32102,33,0,45 46 18,1,100,,32106,33,0,45 46 18,1,100,,32105,33,0,45 46 18,1,100,,32103,33,0,45 46 18,1,100,,32107,33,0,45 46 18,1,100,,32104,33,0,45 46 18,1
41800,'12',1102,,25355,33,0,45 46 18,1,100,,32110,33,0,45 46 18,1,100,,32109,33,0,45 46 18,1,100,,32111,33,0,45 46 18,1,100,,32114,33,0,45 46 18,1,100,,32108,33,0,45 46 18,1,100,,32113,33,0,45 46 18,1,100,,32112,33,0,45 46 18,1
41800,'14',630,,32115,33,0,45 46 18,1,70,,32121,33,0,45 46 18,1,31,,32130,33,0,45 46 18,1,70,,32135,33,0,45 46 18,1,30,,32127,33,0,45 46 18,1,70,,32141,33,0,45 46 18,1,30,,32136,33,0,45 46 18,1,70,,32140,33,0,45 46 18,1,31,,32133,33,0,45 46 18,1,70,,32132,33,0,45 46 18,1,30,,32124,33,0,45 46 18,1,70,,32122,33,0,45 46 18,1,30,,32123,33,0,45 46 18,1,70,,32134,33,0,45 46 18,1,30,,32125,33,0,45 46 18,1,70,,32128,33,0,45 46 18,1,30,,26713,33,0,45 46 18,1,70,,32116,33,0,45 46 18,1,30,,32126,33,0,45 46 18,1,70,,32129,33,0,45 46 18,1,30,,32118,33,0,45 46 18,1,70,,32139,33,0,45 46 18,1,30,,32119,33,0,45 46 18,1,70,,32131,33,0,45 46 18,1,100,,32138,33,0,45 46 18,1,100,,25392,33,0,45 46 18,1,100,,32117,33,0,45 46 18,1,100,,32142,33,0,45 46 18,1,100,,32120,33,0,45 46 18,1,100,,32137,33,0,45 46 18,1
41800,'3',1902,,32143,33,0,45 46 18,1,100,,32147,33,0,45 46 18,1,100,,32146,33,0,45 46 18,1,100,,32144,33,0,45 46 18,1,100,,32148,33,0,45 46 18,1,100,,32145,33,0,45 46 18,1
41800,'8',1001,,32155,33,0,45 46 18,1,31,,32152,33,0,45 46 18,1,70,,32156,33,0,45 46 18,1,30,,32162,33,0,45 46 18,1,70,,32149,33,0,45 46 18,1,100,,32154,33,0,45 46 18,1,30,,32150,33,0,45 46 18,1,70,,32164,33,0,45 46 18,1,100,,32151,33,0,45 46 18,1,30,,32159,33,0,45 46 18,1,70,,32160,33,0,45 46 18,1,30,,32158,33,0,45 46 18,1,70,,32157,33,0,45 46 18,1,30,,32161,33,0,45 46 18,1,70,,32163,33,0,45 46 18,1,100,,32153,33,0,45 46 18,1,100,,32165,33,0,45 46 18,1
