30800,'12',608,,34244,15,0,59,1,30,,34225,15,0,59,1,70,,34245,15,0,59,1,30,,34233,15,0,59,1,70,,34243,15,0,59,1,30,,34229,15,0,59,1,70,,34246,15,0,59,1,30,,34231,15,0,59,1,70,,34238,15,0,59,1,30,,34240,15,0,59,1,70,,34237,15,0,59,1,30,,34235,15,0,59,1,70,,34247,15,0,59,1,30,,34248,15,0,59,1,70,,34232,15,0,59,1,30,,34234,15,0,59,1,69,,34236,15,0,59,1,33,,34228,15,0,59,1,70,,34226,15,0,59,1,30,,34227,15,0,59,1,70,,34241,15,0,59,1,30,,34239,15,0,59,1,70,,34242,15,0,59,1,30,,34230,15,0,59,1
30800,'13',608,,28199,15,0,59,1,30,,34249,15,0,59,1,70,,34263,15,0,59,1,30,,34255,15,0,59,1,70,,34262,15,0,59,1,30,,32495,15,0,59,1,70,,34264,15,0,59,1,30,,34253,15,0,59,1,70,,34259,15,0,59,1,30,,29044,15,0,59,1,70,,28195,15,0,59,1,30,,34257,15,0,59,1,70,,34265,15,0,59,1,30,,30620,15,0,59,1,70,,34254,15,0,59,1,30,,34256,15,0,59,1,69,,34258,15,0,59,1,33,,30531,15,0,59,1,70,,34250,15,0,59,1,30,,34251,15,0,59,1,70,,34260,15,0,59,1,30,,29366,15,0,59,1,70,,34261,15,0,59,1,30,,34252,15,0,59,1
30800,'3',608,,28220,15,0,59,1,30,,34266,15,0,59,1,70,,34280,15,0,59,1,30,,34272,15,0,59,1,70,,34279,15,0,59,1,30,,32499,15,0,59,1,70,,34281,15,0,59,1,30,,34270,15,0,59,1,70,,34276,15,0,59,1,30,,29050,15,0,59,1,70,,28216,15,0,59,1,30,,34274,15,0,59,1,70,,34282,15,0,59,1,30,,30657,15,0,59,1,70,,34271,15,0,59,1,30,,34273,15,0,59,1,69,,34275,15,0,59,1,33,,30568,15,0,59,1,70,,34267,15,0,59,1,30,,34268,15,0,59,1,70,,34277,15,0,59,1,30,,29388,15,0,59,1,70,,34278,15,0,59,1,30,,34269,15,0,59,1
30800,'6',608,,34302,15,0,59,1,30,,34283,15,0,59,1,70,,34303,15,0,59,1,30,,34291,15,0,59,1,70,,34301,15,0,59,1,30,,34287,15,0,59,1,70,,34304,15,0,59,1,30,,34289,15,0,59,1,70,,34296,15,0,59,1,30,,34298,15,0,59,1,70,,34295,15,0,59,1,30,,34293,15,0,59,1,70,,34305,15,0,59,1,30,,34306,15,0,59,1,70,,34290,15,0,59,1,30,,34292,15,0,59,1,69,,34294,15,0,59,1,33,,34286,15,0,59,1,70,,34284,15,0,59,1,30,,34285,15,0,59,1,70,,34299,15,0,59,1,30,,34297,15,0,59,1,70,,34300,15,0,59,1,30,,34288,15,0,59,1
40800,'1',622,,39087,15,0,60 61,1,30,,39086,15,0,60 61,1,70,,39072,15,0,60 61,1,30,,39094,15,0,60 61,1,70,,39093,15,0,60 61,1,30,,39088,15,0,60 61,1,70,,39082,15,0,60 61,1,30,,39096,15,0,60 61,1,70,,39076,15,0,60 61,1,30,,39084,15,0,60 61,1,70,,39079,15,0,60 61,1,30,,30443,15,0,60 61,1,70,,39074,15,0,60 61,1,30,,39075,15,0,60 61,1,70,,39083,15,0,60 61,1,30,,39089,15,0,60 61,1,70,,39070,15,0,60 61,1,30,,39077,15,0,60 61,1,70,,39080,15,0,60 61,1,30,,39078,15,0,60 61,1,70,,39071,15,0,60 61,1,30,,39097,15,0,60 61,1,70,,39092,15,0,60 61,1,30,,39085,15,0,60 61,1,100,,39091,15,0,60 61,1,100,,39069,15,0,60 61,1,100,,39081,15,0,60 61,1,100,,39095,15,0,60 61,1,100,,39090,15,0,60 61,1,100,,39073,15,0,60 61,1
40800,'11',622,,39116,15,0,60 61,1,30,,39115,15,0,60 61,1,70,,39101,15,0,60 61,1,30,,39123,15,0,60 61,1,70,,39122,15,0,60 61,1,30,,39117,15,0,60 61,1,70,,39111,15,0,60 61,1,30,,39125,15,0,60 61,1,70,,39105,15,0,60 61,1,30,,39113,15,0,60 61,1,70,,39108,15,0,60 61,1,30,,39126,15,0,60 61,1,70,,39103,15,0,60 61,1,30,,39104,15,0,60 61,1,70,,39112,15,0,60 61,1,30,,39118,15,0,60 61,1,70,,39099,15,0,60 61,1,30,,39106,15,0,60 61,1,70,,39109,15,0,60 61,1,30,,39107,15,0,60 61,1,70,,39100,15,0,60 61,1,30,,39127,15,0,60 61,1,70,,39121,15,0,60 61,1,30,,39114,15,0,60 61,1,100,,39120,15,0,60 61,1,100,,39098,15,0,60 61,1,100,,39110,15,0,60 61,1,100,,39124,15,0,60 61,1,100,,39119,15,0,60 61,1,100,,39102,15,0,60 61,1
40800,'12',1752,,39130,15,0,60 61,1,100,,39133,15,0,60 61,1,100,,39134,15,0,60 61,1,100,,39132,15,0,60 61,1,100,,39129,15,0,60 61,1,100,,39128,15,0,60 61,1,100,,39131,15,0,60 61,1
40800,'13',1752,,39137,15,0,60 61,1,100,,39140,15,0,60 61,1,100,,39141,15,0,60 61,1,100,,39139,15,0,60 61,1,100,,39136,15,0,60 61,1,100,,39135,15,0,60 61,1,100,,39138,15,0,60 61,1
40800,'14',1052,,39147,15,0,60 61,1,100,,39145,15,0,60 61,1,100,,39142,15,0,60 61,1,100,,39143,15,0,60 61,1,100,,39148,15,0,60 61,1,100,,39144,15,0,60 61,1,100,,39149,15,0,60 61,1,100,,39146,15,0,60 61,1
40800,'16',622,,39168,15,0,60 61,1,30,,39167,15,0,60 61,1,70,,39153,15,0,60 61,1,30,,39175,15,0,60 61,1,70,,39174,15,0,60 61,1,30,,39169,15,0,60 61,1,70,,39163,15,0,60 61,1,30,,39177,15,0,60 61,1,70,,39157,15,0,60 61,1,30,,39165,15,0,60 61,1,70,,39160,15,0,60 61,1,30,,30481,15,0,60 61,1,70,,39155,15,0,60 61,1,30,,39156,15,0,60 61,1,70,,39164,15,0,60 61,1,30,,39170,15,0,60 61,1,70,,39151,15,0,60 61,1,30,,39158,15,0,60 61,1,70,,39161,15,0,60 61,1,30,,39159,15,0,60 61,1,70,,39152,15,0,60 61,1,30,,39178,15,0,60 61,1,70,,39173,15,0,60 61,1,30,,39166,15,0,60 61,1,100,,39172,15,0,60 61,1,100,,39150,15,0,60 61,1,100,,39162,15,0,60 61,1,100,,39176,15,0,60 61,1,100,,39171,15,0,60 61,1,100,,39154,15,0,60 61,1
40800,'3',1752,,39181,15,0,60 61,1,100,,39184,15,0,60 61,1,100,,39185,15,0,60 61,1,100,,39183,15,0,60 61,1,100,,39180,15,0,60 61,1,100,,39179,15,0,60 61,1,100,,39182,15,0,60 61,1
40800,'6',1752,,39188,15,0,60 61,1,100,,39191,15,0,60 61,1,100,,39192,15,0,60 61,1,100,,39190,15,0,60 61,1,100,,39187,15,0,60 61,1,100,,39186,15,0,60 61,1,100,,39189,15,0,60 61,1
40800,'8',852,,39208,15,0,60 61,1,100,,39199,15,0,60 61,1,70,,39200,15,0,60 61,1,30,,39194,15,0,60 61,1,70,,39197,15,0,60 61,1,30,,39209,15,0,60 61,1,70,,39202,15,0,60 61,1,30,,39204,15,0,60 61,1,70,,39205,15,0,60 61,1,30,,39196,15,0,60 61,1,70,,39210,15,0,60 61,1,30,,39201,15,0,60 61,1,70,,39198,15,0,60 61,1,30,,39193,15,0,60 61,1,70,,39203,15,0,60 61,1,30,,30039,15,0,60 61,1,70,,39207,15,0,60 61,1,30,,31168,15,0,60 61,1,100,,39206,15,0,60 61,1,100,,39195,15,0,60 61,1
