30500,'12',553,,33676,9,0,58,1,70,,33679,20,0,58,1,30,,33670,20,0,58,1,70,,33691,20,0,58,1,30,,33683,20,0,58,1,70,,33675,20,0,58,1,30,,33684,20,0,58,1,70,,33685,20,0,58,1,30,,33687,20,0,58,1,70,,33688,20,0,58,1,30,,33680,20,0,58,1,70,,33689,20,0,58,1,30,,33671,20,0,58,1,70,,33681,20,0,58,1,30,,33673,20,0,58,1,70,,33669,20,0,58,1,30,,33692,20,0,58,1,70,,33682,20,0,58,1,30,,33690,20,0,58,1,70,,33672,20,0,58,1,30,,33686,20,0,58,1,70,,33674,20,0,58,1,30,,33677,20,0,58,1,70,,33678,20,0,58,1
30500,'13',553,,33700,9,0,58,1,70,,33703,20,0,58,1,30,,33694,20,0,58,1,70,,33714,20,0,58,1,30,,33707,20,0,58,1,70,,33699,20,0,58,1,30,,33708,20,0,58,1,70,,33709,20,0,58,1,30,,33711,20,0,58,1,70,,33712,20,0,58,1,30,,33704,20,0,58,1,70,,28111,20,0,58,1,30,,33695,20,0,58,1,70,,33705,20,0,58,1,30,,33697,20,0,58,1,70,,33693,20,0,58,1,30,,33715,20,0,58,1,70,,33706,20,0,58,1,30,,33713,20,0,58,1,70,,33696,20,0,58,1,30,,33710,20,0,58,1,70,,33698,20,0,58,1,30,,33701,20,0,58,1,70,,33702,20,0,58,1
30500,'3',553,,33723,9,0,58,1,70,,33726,20,0,58,1,30,,33717,20,0,58,1,70,,33737,20,0,58,1,30,,33730,20,0,58,1,70,,33722,20,0,58,1,30,,33731,20,0,58,1,70,,33732,20,0,58,1,30,,33734,20,0,58,1,70,,33735,20,0,58,1,30,,33727,20,0,58,1,70,,28133,20,0,58,1,30,,33718,20,0,58,1,70,,33728,20,0,58,1,30,,33720,20,0,58,1,70,,33716,20,0,58,1,30,,33738,20,0,58,1,70,,33729,20,0,58,1,30,,33736,20,0,58,1,70,,33719,20,0,58,1,30,,33733,20,0,58,1,70,,33721,20,0,58,1,30,,33724,20,0,58,1,70,,33725,20,0,58,1
30500,'6',553,,33746,9,0,58,1,70,,33749,20,0,58,1,30,,33740,20,0,58,1,70,,33761,20,0,58,1,30,,33753,20,0,58,1,70,,33745,20,0,58,1,30,,33754,20,0,58,1,70,,33755,20,0,58,1,30,,33757,20,0,58,1,70,,33758,20,0,58,1,30,,33750,20,0,58,1,70,,33759,20,0,58,1,30,,33741,20,0,58,1,70,,33751,20,0,58,1,30,,33743,20,0,58,1,70,,33739,20,0,58,1,30,,33762,20,0,58,1,70,,33752,20,0,58,1,30,,33760,20,0,58,1,70,,33742,20,0,58,1,30,,33756,20,0,58,1,70,,33744,20,0,58,1,30,,33747,20,0,58,1,70,,33748,20,0,58,1
41200,'1',622,,39797,20,0,23,1,30,,39789,20,0,23,1,70,,39787,20,0,23,1,30,,39793,20,0,23,1,70,,39796,20,0,23,1,30,,39784,20,0,23,1,70,,39788,20,0,23,1,30,,32721,20,0,23,1,71,,39786,20,0,23,1,30,,39803,20,0,23,1,70,,39806,20,0,23,1,30,,39804,20,0,23,1,70,,39795,20,0,23,1,30,,39780,20,0,23,1,70,,39802,20,0,23,1,30,,39791,20,0,23,1,69,,39792,20,0,23,1,30,,39783,20,0,23,1,70,,39801,20,0,23,1,30,,39798,20,0,23,1,70,,39794,20,0,23,1,30,,39799,20,0,23,1,70,,39782,20,0,23,1,30,,39790,20,0,23,1,70,,39781,20,0,23,1,100,,39805,20,0,23,1,100,,31127,20,0,23,1,100,,39800,20,0,23,1,100,,39785,20,0,23,1,100,,32572,20,0,23,1
41200,'11',622,,39825,20,0,23,1,30,,39817,20,0,23,1,70,,39815,20,0,23,1,30,,39821,20,0,23,1,70,,39809,20,0,23,1,30,,39812,20,0,23,1,70,,39816,20,0,23,1,30,,39834,20,0,23,1,71,,39814,20,0,23,1,30,,39831,20,0,23,1,70,,39836,20,0,23,1,30,,39832,20,0,23,1,70,,39823,20,0,23,1,30,,39807,20,0,23,1,70,,39830,20,0,23,1,30,,39819,20,0,23,1,69,,39820,20,0,23,1,30,,39811,20,0,23,1,70,,39829,20,0,23,1,30,,39826,20,0,23,1,70,,39822,20,0,23,1,30,,39827,20,0,23,1,70,,39810,20,0,23,1,30,,39818,20,0,23,1,70,,39808,20,0,23,1,100,,39835,20,0,23,1,100,,39833,20,0,23,1,100,,39828,20,0,23,1,100,,39813,20,0,23,1,100,,39824,20,0,23,1
41200,'12',1822,,39841,20,0,23,1,100,,39842,20,0,23,1,100,,39837,20,0,23,1,100,,39840,20,0,23,1,100,,39839,20,0,23,1,100,,39838,20,0,23,1
41200,'13',1822,,31821,20,0,23,1,100,,39847,20,0,23,1,100,,39843,20,0,23,1,100,,39846,20,0,23,1,100,,39845,20,0,23,1,100,,39844,20,0,23,1
41200,'14',1123,,39853,20,0,23,1,100,,39849,20,0,23,1,100,,39848,20,0,23,1,99,,31369,20,0,23,1,100,,39852,20,0,23,1,100,,39850,20,0,23,1,100,,39851,20,0,23,1
41200,'16',622,,39872,20,0,23,1,30,,39863,20,0,23,1,70,,39861,20,0,23,1,30,,39867,20,0,23,1,70,,39870,20,0,23,1,30,,39858,20,0,23,1,70,,39862,20,0,23,1,30,,39880,20,0,23,1,71,,39860,20,0,23,1,30,,39878,20,0,23,1,70,,39882,20,0,23,1,30,,39879,20,0,23,1,70,,39869,20,0,23,1,30,,39854,20,0,23,1,70,,39877,20,0,23,1,30,,39865,20,0,23,1,69,,39866,20,0,23,1,30,,39857,20,0,23,1,70,,39876,20,0,23,1,30,,39873,20,0,23,1,70,,39868,20,0,23,1,30,,39874,20,0,23,1,70,,39856,20,0,23,1,30,,39864,20,0,23,1,70,,39855,20,0,23,1,100,,39881,20,0,23,1,100,,31152,20,0,23,1,100,,39875,20,0,23,1,100,,39859,20,0,23,1,100,,39871,20,0,23,1
41200,'3',1822,,31880,20,0,23,1,100,,39887,20,0,23,1,100,,39883,20,0,23,1,100,,39886,20,0,23,1,100,,39885,20,0,23,1,100,,39884,20,0,23,1
41200,'6',1822,,39892,20,0,23,1,100,,39893,20,0,23,1,100,,39888,20,0,23,1,100,,39891,20,0,23,1,100,,39890,20,0,23,1,100,,39889,20,0,23,1
41200,'8',922,,39901,20,0,23,1,101,,39904,20,0,23,1,30,,39903,20,0,23,1,70,,39909,20,0,23,1,30,,39906,20,0,23,1,70,,39911,20,0,23,1,30,,39895,20,0,23,1,70,,39896,20,0,23,1,30,,39908,20,0,23,1,69,,32740,20,0,23,1,30,,39910,20,0,23,1,70,,39894,20,0,23,1,30,,39898,20,0,23,1,70,,39902,20,0,23,1,30,,39899,20,0,23,1,70,,39900,20,0,23,1,30,,39905,20,0,23,1,70,,39897,20,0,23,1,100,,39907,20,0,23,1
