33701,'1',1051,,20791,,,1,70,,20779,,,1,30,,20796,,,1,70,,20795,,,1,30,,20793,,,1,70,,20778,,,1,30,,20781,,,1,70,,7140,,,1,30,,6007,,,1,70,,20777,,,1,30,,20792,,,1,70,,20797,,,1,30,,20780,,,1,70,,20790,,,1,30,,7228,,,1
33701,'10',650,,20845,,,1,70,,20811,,,1,30,,20850,,,1,70,,20822,,,1,30,,20831,,,1,70,,20847,,,1,30,,20826,,,1,71,,20827,,,1,30,,20805,,,1,70,,20813,,,1,30,,20808,,,1,70,,20838,,,1,30,,20829,,,1,70,,20840,,,1,30,,20832,,,1,70,,20802,,,1,30,,20823,,,1,70,,20843,,,1,30,,20842,,,1,70,,20817,,,1,30,,20839,,,1,70,,20830,,,1,30,,20824,,,1,70,,20833,,,1,30,,20848,,,1
33701,'12',1121,,20864,,,1,30,,20875,,,1,70,,10689,,,1,30,,20855,,,1,70,,20870,,,1,30,,20876,,,1,70,,20871,,,1,30,,20867,,,1,70,,20852,,,1,30,,20873,,,1,70,,20859,,,1,30,,20878,,,1,70,,20874,,,1,30,,20862,,,1,70,,4925,,,1
33701,'15',630,,20884,,,1,70,,20879,,,1,30,,20925,,,1,70,,20899,,,1,30,,20887,,,1,70,,20891,,,1,30,,20915,,,1,70,,20906,,,1,31,,20920,,,1,70,,20916,,,1,30,,20909,,,1,70,,20886,,,1,30,,20912,,,1,70,,20897,,,1,30,,20923,,,1,70,,20924,,,1,30,,20901,,,1,70,,20888,,,1,30,,20919,,,1,70,,20921,,,1,30,,20894,,,1,70,,20882,,,1,30,,20908,,,1,70,,20907,,,1,30,,20904,,,1
33701,'16',630,,20933,,,1,70,,20929,,,1,30,,20967,,,1,70,,20947,,,1,30,,20936,,,1,70,,20939,,,1,30,,20960,,,1,70,,20953,,,1,31,,12112,,,1,70,,8426,,,1,30,,20955,,,1,70,,20935,,,1,30,,9704,,,1,70,,20945,,,1,30,,20965,,,1,70,,20966,,,1,30,,8509,,,1,70,,20937,,,1,30,,12366,,,1,70,,20963,,,1,30,,20942,,,1,70,,20931,,,1,30,,10103,,,1,70,,20954,,,1,30,,20951,,,1
33701,'17',630,,20975,,,1,70,,20971,,,1,30,,21007,,,1,70,,20989,,,1,30,,20978,,,1,70,,20981,,,1,30,,21000,,,1,70,,20995,,,1,31,,12126,,,1,70,,8447,,,1,30,,20996,,,1,70,,20977,,,1,30,,9727,,,1,70,,20987,,,1,30,,21005,,,1,70,,21006,,,1,30,,8529,,,1,70,,20979,,,1,30,,12369,,,1,70,,21003,,,1,30,,20984,,,1,70,,20973,,,1,30,,10144,,,1,70,,7114,,,1,30,,20993,,,1
33701,'19',630,,21016,,,1,70,,21011,,,1,30,,21055,,,1,70,,21031,,,1,30,,21019,,,1,70,,21023,,,1,30,,21045,,,1,70,,21038,,,1,31,,21050,,,1,70,,21046,,,1,30,,21041,,,1,70,,21018,,,1,30,,21044,,,1,70,,21029,,,1,30,,21053,,,1,70,,21054,,,1,30,,21033,,,1,70,,21020,,,1,30,,21049,,,1,70,,21051,,,1,30,,21026,,,1,70,,21014,,,1,30,,21040,,,1,70,,21039,,,1,30,,21036,,,1
33701,'21',650,,21095,,,1,70,,21068,,,1,30,,21100,,,1,70,,21076,,,1,30,,21084,,,1,70,,21097,,,1,30,,21079,,,1,71,,21080,,,1,30,,21062,,,1,70,,21070,,,1,30,,21065,,,1,70,,12402,,,1,30,,21082,,,1,70,,21090,,,1,30,,21085,,,1,70,,21059,,,1,30,,21077,,,1,70,,21093,,,1,30,,21092,,,1,70,,11092,,,1,30,,21089,,,1,70,,21083,,,1,30,,12249,,,1,70,,21086,,,1,30,,21098,,,1
33701,'5',630,,21105,,,1,70,,21102,,,1,30,,21137,,,1,70,,21119,,,1,30,,21108,,,1,70,,21111,,,1,30,,21130,,,1,70,,21125,,,1,31,,12187,,,1,70,,8466,,,1,30,,21126,,,1,70,,21107,,,1,30,,9748,,,1,70,,21117,,,1,30,,21135,,,1,70,,21136,,,1,30,,8549,,,1,70,,21109,,,1,30,,12405,,,1,70,,21133,,,1,30,,21114,,,1,70,,21104,,,1,30,,10251,,,1,70,,7135,,,1,30,,21123,,,1
33701,'6',630,,21146,,,1,70,,21141,,,1,30,,21187,,,1,70,,21161,,,1,30,,21149,,,1,70,,21153,,,1,30,,21177,,,1,70,,21168,,,1,31,,21182,,,1,70,,21178,,,1,30,,21171,,,1,70,,21148,,,1,30,,21174,,,1,70,,21159,,,1,30,,21185,,,1,70,,21186,,,1,30,,21163,,,1,70,,21150,,,1,30,,21181,,,1,70,,21183,,,1,30,,21156,,,1,70,,21144,,,1,30,,21170,,,1,70,,21169,,,1,30,,21166,,,1
