31200,'12',607,,34950,11,,,1,30,,34941,11,,,1,70,,34938,11,,,1,30,,34940,11,,,1,70,,34952,11,,,1,30,,34934,11,,,1,70,,34948,11,,,1,30,,34937,11,,,1,70,,34951,11,,,1,30,,34947,11,,,1,70,,34955,11,,,1,30,,34945,11,,,1,70,,34931,11,,,1,30,,34932,11,,,1,70,,34954,11,,,1,30,,34942,11,,,1,75,,34953,11,,,1,30,,34935,11,,,1,70,,34936,11,,,1,30,,34939,11,,,1,70,,34944,11,,,1,30,,34946,11,,,1,70,,34933,11,,,1,30,,34943,11,,,1,70,,34949,11,,,1
31200,'13',607,,27356,11,,,1,30,,34965,11,,,1,70,,28317,11,,,1,30,,34964,11,,,1,70,,34974,11,,,1,30,,34959,11,,,1,70,,34971,11,,,1,30,,34962,11,,,1,70,,34973,11,,,1,30,,34970,11,,,1,70,,34976,11,,,1,30,,34968,11,,,1,70,,34956,11,,,1,30,,34957,11,,,1,70,,34975,11,,,1,30,,442,11,,,1,75,,29070,11,,,1,30,,34960,11,,,1,70,,34961,11,,,1,30,,34963,11,,,1,70,,34967,11,,,1,30,,34969,11,,,1,70,,34958,11,,,1,30,,34966,11,,,1,70,,34972,11,,,1
31200,'3',607,,27394,11,,,1,30,,34986,11,,,1,70,,28338,11,,,1,30,,34985,11,,,1,70,,34995,11,,,1,30,,34980,11,,,1,70,,34992,11,,,1,30,,34983,11,,,1,70,,34994,11,,,1,30,,34991,11,,,1,70,,34997,11,,,1,30,,34989,11,,,1,70,,34977,11,,,1,30,,34978,11,,,1,70,,34996,11,,,1,30,,465,11,,,1,75,,29098,11,,,1,30,,34981,11,,,1,70,,34982,11,,,1,30,,34984,11,,,1,70,,34988,11,,,1,30,,34990,11,,,1,70,,34979,11,,,1,30,,34987,11,,,1,70,,34993,11,,,1
31200,'6',607,,35017,11,,,1,30,,35008,11,,,1,70,,35005,11,,,1,30,,35007,11,,,1,70,,35019,11,,,1,30,,35001,11,,,1,70,,35015,11,,,1,30,,35004,11,,,1,70,,35018,11,,,1,30,,35014,11,,,1,70,,35022,11,,,1,30,,35012,11,,,1,70,,34998,11,,,1,30,,34999,11,,,1,70,,35021,11,,,1,30,,35009,11,,,1,75,,35020,11,,,1,30,,35002,11,,,1,70,,35003,11,,,1,30,,35006,11,,,1,70,,35011,11,,,1,30,,35013,11,,,1,70,,35000,11,,,1,30,,35010,11,,,1,70,,35016,11,,,1
41200,'1',631,,39797,29,0,23,1,70,,39789,29,0,23,1,30,,39787,29,0,23,1,70,,39793,29,0,23,1,30,,39796,29,0,23,1,70,,39784,29,0,23,1,30,,39788,29,0,23,1,70,,32721,29,0,23,1,31,,39786,29,0,23,1,70,,39803,29,0,23,1,30,,39806,29,0,23,1,70,,39804,29,0,23,1,30,,39795,29,0,23,1,70,,39780,29,0,23,1,30,,39802,29,0,23,1,70,,39791,29,0,23,1,29,,39792,29,0,23,1,70,,39783,29,0,23,1,30,,39801,29,0,23,1,70,,39798,29,0,23,1,30,,39794,29,0,23,1,70,,39799,29,0,23,1,30,,39782,29,0,23,1,70,,39790,29,0,23,1,30,,39781,29,0,23,1,100,,39805,29,0,23,1,100,,31127,29,0,23,1,100,,39800,29,0,23,1,100,,39785,29,0,23,1,100,,32572,29,0,23,1
41200,'11',631,,39825,29,0,23,1,70,,39817,29,0,23,1,30,,39815,29,0,23,1,70,,39821,29,0,23,1,30,,39809,29,0,23,1,70,,39812,29,0,23,1,30,,39816,29,0,23,1,70,,39834,29,0,23,1,31,,39814,29,0,23,1,70,,39831,29,0,23,1,30,,39836,29,0,23,1,70,,39832,29,0,23,1,30,,39823,29,0,23,1,70,,39807,29,0,23,1,30,,39830,29,0,23,1,70,,39819,29,0,23,1,29,,39820,29,0,23,1,70,,39811,29,0,23,1,30,,39829,29,0,23,1,70,,39826,29,0,23,1,30,,39822,29,0,23,1,70,,39827,29,0,23,1,30,,39810,29,0,23,1,70,,39818,29,0,23,1,30,,39808,29,0,23,1,100,,39835,29,0,23,1,100,,39833,29,0,23,1,100,,39828,29,0,23,1,100,,39813,29,0,23,1,100,,39824,29,0,23,1
41200,'12',1831,,39841,29,0,23,1,100,,39842,29,0,23,1,100,,39837,29,0,23,1,100,,39840,29,0,23,1,100,,39839,29,0,23,1,100,,39838,29,0,23,1
41200,'13',1831,,31821,29,0,23,1,100,,39847,29,0,23,1,100,,39843,29,0,23,1,100,,39846,29,0,23,1,100,,39845,29,0,23,1,100,,39844,29,0,23,1
41200,'14',1132,,39853,29,0,23,1,100,,39849,29,0,23,1,100,,39848,29,0,23,1,99,,31369,29,0,23,1,100,,39852,29,0,23,1,100,,39850,29,0,23,1,100,,39851,29,0,23,1
41200,'16',631,,39872,29,0,23,1,70,,39863,29,0,23,1,30,,39861,29,0,23,1,70,,39867,29,0,23,1,30,,39870,29,0,23,1,70,,39858,29,0,23,1,30,,39862,29,0,23,1,70,,39880,29,0,23,1,31,,39860,29,0,23,1,70,,39878,29,0,23,1,30,,39882,29,0,23,1,70,,39879,29,0,23,1,30,,39869,29,0,23,1,70,,39854,29,0,23,1,30,,39877,29,0,23,1,70,,39865,29,0,23,1,29,,39866,29,0,23,1,70,,39857,29,0,23,1,30,,39876,29,0,23,1,70,,39873,29,0,23,1,30,,39868,29,0,23,1,70,,39874,29,0,23,1,30,,39856,29,0,23,1,70,,39864,29,0,23,1,30,,39855,29,0,23,1,100,,39881,29,0,23,1,100,,31152,29,0,23,1,100,,39875,29,0,23,1,100,,39859,29,0,23,1,100,,39871,29,0,23,1
41200,'3',1831,,31880,29,0,23,1,100,,39887,29,0,23,1,100,,39883,29,0,23,1,100,,39886,29,0,23,1,100,,39885,29,0,23,1,100,,39884,29,0,23,1
41200,'6',1831,,39892,29,0,23,1,100,,39893,29,0,23,1,100,,39888,29,0,23,1,100,,39891,29,0,23,1,100,,39890,29,0,23,1,100,,39889,29,0,23,1
41200,'8',931,,39901,29,0,23,1,101,,39904,29,0,23,1,70,,39903,29,0,23,1,30,,39909,29,0,23,1,70,,39906,29,0,23,1,30,,39911,29,0,23,1,70,,39895,29,0,23,1,30,,39896,29,0,23,1,70,,39908,29,0,23,1,29,,32740,29,0,23,1,70,,39910,29,0,23,1,30,,39894,29,0,23,1,70,,39898,29,0,23,1,30,,39902,29,0,23,1,70,,39899,29,0,23,1,30,,39900,29,0,23,1,70,,39905,29,0,23,1,30,,39897,29,0,23,1,100,,39907,29,0,23,1
