31801,'12',605,,36057,9,0,45 50,1,30,,36068,9,0,45 50,1,71,,36059,9,0,45 50,1,30,,36064,9,0,45 50,1,70,,36069,9,0,45 50,1,30,,36076,9,0,45 50,1,70,,36071,9,0,45 50,1,30,,36058,9,0,45 50,1,71,,36078,9,0,45 50,1,30,,36075,9,0,45 50,1,70,,36062,9,0,45 50,1,30,,36060,9,0,45 50,1,70,,36067,9,0,45 50,1,30,,36077,9,0,45 50,1,70,,36065,9,0,45 50,1,30,,36074,9,0,45 50,1,68,,36066,9,0,45 50,1,30,,36070,9,0,45 50,1,70,,36063,9,0,45 50,1,30,,36072,9,0,45 50,1,70,,36073,9,0,45 50,1,30,,36061,9,0,45 50,1,70,,36053,9,0,45 50,1,30,,36056,9,0,45 50,1,70,,36055,9,0,45 50,1,30,,36054,9,0,45 50,1
31801,'13',605,,36083,9,0,45 50,1,30,,36092,9,0,45 50,1,71,,36085,9,0,45 50,1,30,,36089,9,0,45 50,1,70,,36093,9,0,45 50,1,30,,36099,9,0,45 50,1,70,,36095,9,0,45 50,1,30,,36084,9,0,45 50,1,71,,36101,9,0,45 50,1,30,,36098,9,0,45 50,1,70,,21825,9,0,45 50,1,30,,36086,9,0,45 50,1,70,,36091,9,0,45 50,1,30,,36100,9,0,45 50,1,70,,9655,9,0,45 50,1,30,,28819,9,0,45 50,1,68,,36090,9,0,45 50,1,30,,36094,9,0,45 50,1,70,,36088,9,0,45 50,1,30,,36096,9,0,45 50,1,70,,36097,9,0,45 50,1,30,,36087,9,0,45 50,1,70,,36079,9,0,45 50,1,30,,36082,9,0,45 50,1,70,,36081,9,0,45 50,1,30,,36080,9,0,45 50,1
31801,'3',605,,36106,9,0,45 50,1,30,,36115,9,0,45 50,1,71,,36108,9,0,45 50,1,30,,36112,9,0,45 50,1,70,,36116,9,0,45 50,1,30,,36122,9,0,45 50,1,70,,36118,9,0,45 50,1,30,,36107,9,0,45 50,1,71,,36124,9,0,45 50,1,30,,36121,9,0,45 50,1,70,,21848,9,0,45 50,1,30,,36109,9,0,45 50,1,70,,36114,9,0,45 50,1,30,,36123,9,0,45 50,1,70,,9697,9,0,45 50,1,30,,28842,9,0,45 50,1,68,,36113,9,0,45 50,1,30,,36117,9,0,45 50,1,70,,36111,9,0,45 50,1,30,,36119,9,0,45 50,1,70,,36120,9,0,45 50,1,30,,36110,9,0,45 50,1,70,,36102,9,0,45 50,1,30,,36105,9,0,45 50,1,70,,36104,9,0,45 50,1,30,,36103,9,0,45 50,1
31801,'6',605,,36129,9,0,45 50,1,30,,36140,9,0,45 50,1,71,,36131,9,0,45 50,1,30,,36136,9,0,45 50,1,70,,36141,9,0,45 50,1,30,,36148,9,0,45 50,1,70,,36143,9,0,45 50,1,30,,36130,9,0,45 50,1,71,,36150,9,0,45 50,1,30,,36147,9,0,45 50,1,70,,36134,9,0,45 50,1,30,,36132,9,0,45 50,1,70,,36139,9,0,45 50,1,30,,36149,9,0,45 50,1,70,,36137,9,0,45 50,1,30,,36146,9,0,45 50,1,68,,36138,9,0,45 50,1,30,,36142,9,0,45 50,1,70,,36135,9,0,45 50,1,30,,36144,9,0,45 50,1,70,,36145,9,0,45 50,1,30,,36133,9,0,45 50,1,70,,36125,9,0,45 50,1,30,,36128,9,0,45 50,1,70,,36127,9,0,45 50,1,30,,36126,9,0,45 50,1
41801,'1',621,,41138,9,0,45 50,1,30,,41133,9,0,45 50,1,70,,41141,9,0,45 50,1,30,,41144,9,0,45 50,1,70,,41131,9,0,45 50,1,30,,41145,9,0,45 50,1,70,,41140,9,0,45 50,1,30,,41132,9,0,45 50,1,71,,41154,9,0,45 50,1,30,,41136,9,0,45 50,1,70,,41137,9,0,45 50,1,30,,41155,9,0,45 50,1,70,,41148,9,0,45 50,1,30,,32507,9,0,45 50,1,70,,29113,9,0,45 50,1,30,,41146,9,0,45 50,1,70,,41142,9,0,45 50,1,30,,41143,9,0,45 50,1,70,,41151,9,0,45 50,1,30,,41150,9,0,45 50,1,70,,41147,9,0,45 50,1,30,,41153,9,0,45 50,1,70,,31460,9,0,45 50,1,30,,41135,9,0,45 50,1,70,,41152,9,0,45 50,1,30,,41134,9,0,45 50,1,99,,41139,9,0,45 50,1,100,,30259,9,0,45 50,1,100,,41149,9,0,45 50,1,100,,29424,9,0,45 50,1
41801,'11',621,,41165,9,0,45 50,1,30,,41159,9,0,45 50,1,70,,41168,9,0,45 50,1,30,,41171,9,0,45 50,1,70,,41157,9,0,45 50,1,30,,41173,9,0,45 50,1,70,,41167,9,0,45 50,1,30,,41158,9,0,45 50,1,71,,41184,9,0,45 50,1,30,,41162,9,0,45 50,1,70,,41163,9,0,45 50,1,30,,41185,9,0,45 50,1,70,,41176,9,0,45 50,1,30,,41172,9,0,45 50,1,70,,41164,9,0,45 50,1,30,,41174,9,0,45 50,1,70,,41169,9,0,45 50,1,30,,41170,9,0,45 50,1,70,,41180,9,0,45 50,1,30,,41179,9,0,45 50,1,70,,41175,9,0,45 50,1,30,,41182,9,0,45 50,1,70,,41156,9,0,45 50,1,30,,41161,9,0,45 50,1,70,,41181,9,0,45 50,1,30,,41160,9,0,45 50,1,99,,41166,9,0,45 50,1,100,,41183,9,0,45 50,1,100,,41178,9,0,45 50,1,100,,41177,9,0,45 50,1
41801,'12',1852,,41188,9,0,45 50,1,99,,41186,9,0,45 50,1,100,,41190,9,0,45 50,1,100,,41189,9,0,45 50,1,100,,41187,9,0,45 50,1
41801,'13',1852,,41193,9,0,45 50,1,99,,41191,9,0,45 50,1,100,,41195,9,0,45 50,1,100,,41194,9,0,45 50,1,100,,41192,9,0,45 50,1
41801,'14',1152,,41200,9,0,45 50,1,100,,41197,9,0,45 50,1,100,,41198,9,0,45 50,1,100,,41201,9,0,45 50,1,100,,41196,9,0,45 50,1,100,,41199,9,0,45 50,1,100,,41202,9,0,45 50,1
41801,'16',621,,41210,9,0,45 50,1,30,,41205,9,0,45 50,1,70,,41213,9,0,45 50,1,30,,41216,9,0,45 50,1,70,,41203,9,0,45 50,1,30,,41218,9,0,45 50,1,70,,41212,9,0,45 50,1,30,,41204,9,0,45 50,1,71,,41227,9,0,45 50,1,30,,41208,9,0,45 50,1,70,,41209,9,0,45 50,1,30,,41228,9,0,45 50,1,70,,41221,9,0,45 50,1,30,,41217,9,0,45 50,1,70,,29137,9,0,45 50,1,30,,41219,9,0,45 50,1,70,,41214,9,0,45 50,1,30,,41215,9,0,45 50,1,70,,41224,9,0,45 50,1,30,,41223,9,0,45 50,1,70,,41220,9,0,45 50,1,30,,41226,9,0,45 50,1,70,,31476,9,0,45 50,1,30,,41207,9,0,45 50,1,70,,41225,9,0,45 50,1,30,,41206,9,0,45 50,1,99,,41211,9,0,45 50,1,100,,30300,9,0,45 50,1,100,,41222,9,0,45 50,1,100,,29543,9,0,45 50,1
41801,'3',1852,,41231,9,0,45 50,1,99,,41229,9,0,45 50,1,100,,41233,9,0,45 50,1,100,,41232,9,0,45 50,1,100,,41230,9,0,45 50,1
41801,'6',1852,,41236,9,0,45 50,1,99,,41234,9,0,45 50,1,100,,41238,9,0,45 50,1,100,,41237,9,0,45 50,1,100,,41235,9,0,45 50,1
41801,'8',851,,41247,9,0,45 50,1,100,,41243,9,0,45 50,1,101,,41246,9,0,45 50,1,70,,41239,9,0,45 50,1,30,,41254,9,0,45 50,1,70,,41248,9,0,45 50,1,30,,41257,9,0,45 50,1,70,,41242,9,0,45 50,1,30,,41253,9,0,45 50,1,70,,41252,9,0,45 50,1,30,,41240,9,0,45 50,1,70,,41241,9,0,45 50,1,30,,41255,9,0,45 50,1,70,,41256,9,0,45 50,1,30,,41245,9,0,45 50,1,70,,41258,9,0,45 50,1,30,,41249,9,0,45 50,1,70,,41250,9,0,45 50,1,30,,41244,9,0,45 50,1,99,,41251,9,0,45 50,1
