30901,'12',632,,34469,33,0,25 14 26,1,70,,34473,33,0,25 14 26,1,31,,34486,33,0,25 14 26,1,70,,34470,33,0,25 14 26,1,30,,34476,33,0,25 14 26,1,70,,34481,33,0,25 14 26,1,30,,34492,33,0,25 14 26,1,70,,34487,33,0,25 14 26,1,30,,34491,33,0,25 14 26,1,70,,34479,33,0,25 14 26,1,30,,34489,33,0,25 14 26,1,70,,34475,33,0,25 14 26,1,30,,34488,33,0,25 14 26,1,70,,34483,33,0,25 14 26,1,30,,34472,33,0,25 14 26,1,70,,34471,33,0,25 14 26,1,31,,34474,33,0,25 14 26,1,81,,34490,33,0,25 14 26,1,30,,34477,33,0,25 14 26,1,70,,34485,33,0,25 14 26,1,30,,34478,33,0,25 14 26,1,70,,34482,33,0,25 14 26,1,30,,34480,33,0,25 14 26,1,70,,34493,33,0,25 14 26,1,23,,34484,29,0,25 14 26,1
30901,'13',632,,34494,33,0,25 14 26,1,70,,34498,33,0,25 14 26,1,31,,34511,33,0,25 14 26,1,70,,34495,33,0,25 14 26,1,30,,34501,33,0,25 14 26,1,70,,34506,33,0,25 14 26,1,30,,27614,33,0,25 14 26,1,70,,23691,33,0,25 14 26,1,30,,34515,33,0,25 14 26,1,70,,34504,33,0,25 14 26,1,30,,34513,33,0,25 14 26,1,70,,34500,33,0,25 14 26,1,30,,34512,33,0,25 14 26,1,70,,34508,33,0,25 14 26,1,30,,34497,33,0,25 14 26,1,70,,34496,33,0,25 14 26,1,31,,34499,33,0,25 14 26,1,81,,34514,33,0,25 14 26,1,30,,34502,33,0,25 14 26,1,70,,34510,33,0,25 14 26,1,30,,34503,33,0,25 14 26,1,70,,34507,33,0,25 14 26,1,30,,34505,33,0,25 14 26,1,70,,34516,33,0,25 14 26,1,23,,34509,29,0,25 14 26,1
30901,'3',632,,34517,33,0,25 14 26,1,70,,34521,33,0,25 14 26,1,31,,34534,33,0,25 14 26,1,70,,34518,33,0,25 14 26,1,30,,34524,33,0,25 14 26,1,70,,34529,33,0,25 14 26,1,30,,27637,33,0,25 14 26,1,70,,23711,33,0,25 14 26,1,30,,34538,33,0,25 14 26,1,70,,34527,33,0,25 14 26,1,30,,34536,33,0,25 14 26,1,70,,34523,33,0,25 14 26,1,30,,34535,33,0,25 14 26,1,70,,34531,33,0,25 14 26,1,30,,34520,33,0,25 14 26,1,70,,34519,33,0,25 14 26,1,31,,34522,33,0,25 14 26,1,81,,34537,33,0,25 14 26,1,30,,34525,33,0,25 14 26,1,70,,34533,33,0,25 14 26,1,30,,34526,33,0,25 14 26,1,70,,34530,33,0,25 14 26,1,30,,34528,33,0,25 14 26,1,70,,34539,33,0,25 14 26,1,23,,34532,29,0,25 14 26,1
30901,'6',632,,34540,33,0,25 14 26,1,70,,34544,33,0,25 14 26,1,31,,34557,33,0,25 14 26,1,70,,34541,33,0,25 14 26,1,30,,34547,33,0,25 14 26,1,70,,34552,33,0,25 14 26,1,30,,34563,33,0,25 14 26,1,70,,34558,33,0,25 14 26,1,30,,34562,33,0,25 14 26,1,70,,34550,33,0,25 14 26,1,30,,34560,33,0,25 14 26,1,70,,34546,33,0,25 14 26,1,30,,34559,33,0,25 14 26,1,70,,34554,33,0,25 14 26,1,30,,34543,33,0,25 14 26,1,70,,34542,33,0,25 14 26,1,31,,34545,33,0,25 14 26,1,81,,34561,33,0,25 14 26,1,30,,34548,33,0,25 14 26,1,70,,34556,33,0,25 14 26,1,30,,34549,33,0,25 14 26,1,70,,34553,33,0,25 14 26,1,30,,34551,33,0,25 14 26,1,70,,34564,33,0,25 14 26,1,23,,34555,29,0,25 14 26,1
31201,'12',647,,35035,27,,,1,72,,35034,27,,,1,30,,35040,27,,,1,70,,35024,27,,,1,30,,35044,27,,,1,70,,35039,27,,,1,30,,35042,27,,,1,71,,35038,27,,,1,30,,35032,27,,,1,70,,35041,27,,,1,30,,35037,27,,,1,70,,35043,27,,,1,30,,35025,27,,,1,70,,35036,27,,,1,30,,35028,27,,,1,68,,35045,27,,,1,84,,35027,27,,,1,30,,35030,27,,,1,70,,35031,27,,,1,30,,35026,27,,,1,70,,35023,27,,,1,30,,35029,27,,,1,70,,35033,27,,,1
31201,'13',647,,29247,27,,,1,72,,35056,27,,,1,30,,29475,27,,,1,70,,35047,27,,,1,30,,35064,27,,,1,70,,35060,27,,,1,30,,35062,27,,,1,71,,35059,27,,,1,30,,35054,27,,,1,70,,35061,27,,,1,30,,35058,27,,,1,70,,35063,27,,,1,30,,35048,27,,,1,70,,35057,27,,,1,30,,35051,27,,,1,68,,35065,27,,,1,84,,35050,27,,,1,30,,35052,27,,,1,70,,35053,27,,,1,30,,35049,27,,,1,70,,35046,27,,,1,30,,24711,27,,,1,70,,35055,27,,,1
31201,'3',647,,29266,27,,,1,72,,35076,27,,,1,30,,29596,27,,,1,70,,35067,27,,,1,30,,35084,27,,,1,70,,35080,27,,,1,30,,35082,27,,,1,71,,35079,27,,,1,30,,35074,27,,,1,70,,35081,27,,,1,30,,35078,27,,,1,70,,35083,27,,,1,30,,35068,27,,,1,70,,35077,27,,,1,30,,35071,27,,,1,68,,35085,27,,,1,84,,35070,27,,,1,30,,35072,27,,,1,70,,35073,27,,,1,30,,35069,27,,,1,70,,35066,27,,,1,30,,24815,27,,,1,70,,35075,27,,,1
31201,'6',647,,35098,27,,,1,72,,35097,27,,,1,30,,35103,27,,,1,70,,35087,27,,,1,30,,35107,27,,,1,70,,35102,27,,,1,30,,35105,27,,,1,71,,35101,27,,,1,30,,35095,27,,,1,70,,35104,27,,,1,30,,35100,27,,,1,70,,35106,27,,,1,30,,35088,27,,,1,70,,35099,27,,,1,30,,35091,27,,,1,68,,35108,27,,,1,84,,35090,27,,,1,30,,35093,27,,,1,70,,35094,27,,,1,30,,35089,27,,,1,70,,35086,27,,,1,30,,35092,27,,,1,70,,35096,27,,,1
40901,'1',700,,39494,33,0,25 12,1,30,,39496,33,0,25 12,1,70,,39491,33,0,25 12,1,30,,39475,33,0,25 12,1,70,,39477,33,0,25 12,1,30,,39485,33,0,25 12,1,70,,39479,33,0,25 12,1,30,,30685,33,0,25 12,1,70,,39482,33,0,25 12,1,30,,39488,33,0,25 12,1,70,,39478,33,0,25 12,1,30,,39497,33,0,25 12,1,70,,39498,33,0,25 12,1,30,,39490,33,0,25 12,1,70,,24694,33,0,25 12,1,30,,31595,33,0,25 12,1,70,,39474,33,0,25 12,1,30,,39481,33,0,25 12,1,70,,39486,33,0,25 12,1,30,,39476,33,0,25 12,1,70,,39484,33,0,25 12,1,30,,39489,33,0,25 12,1,70,,39495,33,0,25 12,1,30,,23651,33,0,25 12,1,70,,39487,33,0,25 12,1,100,,39492,33,0,25 12,1,100,,39483,33,0,25 12,1,100,,39480,33,0,25 12,1,100,,39493,33,0,25 12,1
40901,'11',700,,39523,33,0,25 12,1,30,,39525,33,0,25 12,1,70,,39519,33,0,25 12,1,30,,39501,33,0,25 12,1,70,,39503,33,0,25 12,1,30,,39512,33,0,25 12,1,70,,39505,33,0,25 12,1,30,,39511,33,0,25 12,1,70,,39508,33,0,25 12,1,30,,39516,33,0,25 12,1,70,,39504,33,0,25 12,1,30,,39526,33,0,25 12,1,70,,39527,33,0,25 12,1,30,,39518,33,0,25 12,1,70,,39521,33,0,25 12,1,30,,39515,33,0,25 12,1,70,,39499,33,0,25 12,1,30,,39507,33,0,25 12,1,70,,39513,33,0,25 12,1,30,,39502,33,0,25 12,1,70,,39510,33,0,25 12,1,30,,39517,33,0,25 12,1,70,,39524,33,0,25 12,1,30,,39500,33,0,25 12,1,70,,39514,33,0,25 12,1,100,,39520,33,0,25 12,1,100,,39509,33,0,25 12,1,100,,39506,33,0,25 12,1,100,,39522,33,0,25 12,1
40901,'12',1900,,39532,33,0,25 12,1,100,,39531,33,0,25 12,1,100,,39528,33,0,25 12,1,100,,39530,33,0,25 12,1,100,,39529,33,0,25 12,1
40901,'13',1900,,39536,33,0,25 12,1,100,,39535,33,0,25 12,1,100,,39533,33,0,25 12,1,100,,39534,33,0,25 12,1,100,,23553,33,0,25 12,1
40901,'14',1100,,39538,33,0,25 12,1,100,,39541,33,0,25 12,1,100,,39539,33,0,25 12,1,100,,39542,33,0,25 12,1,100,,30452,33,0,25 12,1,100,,39540,33,0,25 12,1,100,,39543,33,0,25 12,1,100,,39537,33,0,25 12,1
40901,'16',700,,39564,33,0,25 12,1,30,,39566,33,0,25 12,1,70,,39561,33,0,25 12,1,30,,39545,33,0,25 12,1,70,,39547,33,0,25 12,1,30,,39555,33,0,25 12,1,70,,39549,33,0,25 12,1,30,,30722,33,0,25 12,1,70,,39552,33,0,25 12,1,30,,39558,33,0,25 12,1,70,,39548,33,0,25 12,1,30,,39567,33,0,25 12,1,70,,39568,33,0,25 12,1,30,,39560,33,0,25 12,1,70,,29544,33,0,25 12,1,30,,31633,33,0,25 12,1,70,,39544,33,0,25 12,1,30,,39551,33,0,25 12,1,70,,39556,33,0,25 12,1,30,,39546,33,0,25 12,1,70,,39554,33,0,25 12,1,30,,39559,33,0,25 12,1,70,,39565,33,0,25 12,1,30,,29526,33,0,25 12,1,70,,39557,33,0,25 12,1,100,,39562,33,0,25 12,1,100,,39553,33,0,25 12,1,100,,39550,33,0,25 12,1,100,,39563,33,0,25 12,1
40901,'3',1900,,39572,33,0,25 12,1,100,,39571,33,0,25 12,1,100,,39569,33,0,25 12,1,100,,39570,33,0,25 12,1,100,,23574,33,0,25 12,1
40901,'6',1900,,39577,33,0,25 12,1,100,,39576,33,0,25 12,1,100,,39573,33,0,25 12,1,100,,39575,33,0,25 12,1,100,,39574,33,0,25 12,1
40901,'8',900,,39590,33,0,25 12,1,100,,39589,33,0,25 12,1,100,,39595,33,0,25 12,1,30,,39580,33,0,25 12,1,70,,39581,33,0,25 12,1,30,,39587,33,0,25 12,1,70,,39583,33,0,25 12,1,30,,39582,33,0,25 12,1,70,,39594,33,0,25 12,1,30,,39591,33,0,25 12,1,70,,39584,33,0,25 12,1,30,,39592,33,0,25 12,1,70,,39588,33,0,25 12,1,30,,39593,33,0,25 12,1,70,,32416,33,0,25 12,1,30,,39579,33,0,25 12,1,70,,39596,33,0,25 12,1,30,,39578,33,0,25 12,1,70,,39586,33,0,25 12,1,100,,39585,33,0,25 12,1
