30601,'12',630,,33972,10,0,9 12,1,70,,33966,10,0,9 12,1,30,,33953,10,0,9 12,1,70,,33970,10,0,9 12,1,30,,33958,10,0,9 12,1,70,,33968,10,0,9 12,1,30,,33974,10,0,9 12,1,70,,33975,10,0,9 12,1,30,,33969,10,0,9 12,1,70,,33957,10,0,9 12,1,30,,33960,10,0,9 12,1,70,,33955,10,0,9 12,1,30,,33952,10,0,9 12,1,70,,33956,10,0,9 12,1,30,,33971,10,0,9 12,1,70,,33962,10,0,9 12,1,30,,33961,10,0,9 12,1,25,,33959,10,0,9 12,1,45,,33967,10,0,9 12,1,30,,33973,10,0,9 12,1,70,,33965,10,0,9 12,1,30,,33963,10,0,9 12,1,70,,33964,10,0,9 12,1,30,,33951,10,0,9 12,1,70,,33954,10,0,9 12,1
30601,'13',630,,33994,10,0,9 12,1,70,,33988,10,0,9 12,1,30,,33977,10,0,9 12,1,70,,33992,10,0,9 12,1,30,,33982,10,0,9 12,1,70,,33990,10,0,9 12,1,30,,33995,10,0,9 12,1,70,,33996,10,0,9 12,1,30,,33991,10,0,9 12,1,70,,33981,10,0,9 12,1,30,,28401,10,0,9 12,1,70,,33979,10,0,9 12,1,30,,33976,10,0,9 12,1,70,,33980,10,0,9 12,1,30,,33993,10,0,9 12,1,70,,33985,10,0,9 12,1,30,,33984,10,0,9 12,1,25,,33983,10,0,9 12,1,45,,33989,10,0,9 12,1,30,,28711,10,0,9 12,1,70,,28692,10,0,9 12,1,30,,33986,10,0,9 12,1,70,,33987,10,0,9 12,1,30,,28678,10,0,9 12,1,70,,33978,10,0,9 12,1
30601,'3',630,,34015,10,0,9 12,1,70,,34009,10,0,9 12,1,30,,33998,10,0,9 12,1,70,,34013,10,0,9 12,1,30,,34003,10,0,9 12,1,70,,34011,10,0,9 12,1,30,,34016,10,0,9 12,1,70,,34017,10,0,9 12,1,30,,34012,10,0,9 12,1,70,,34002,10,0,9 12,1,30,,28422,10,0,9 12,1,70,,34000,10,0,9 12,1,30,,33997,10,0,9 12,1,70,,34001,10,0,9 12,1,30,,34014,10,0,9 12,1,70,,34006,10,0,9 12,1,30,,34005,10,0,9 12,1,25,,34004,10,0,9 12,1,45,,34010,10,0,9 12,1,30,,28755,10,0,9 12,1,70,,28736,10,0,9 12,1,30,,34007,10,0,9 12,1,70,,34008,10,0,9 12,1,30,,28722,10,0,9 12,1,70,,33999,10,0,9 12,1
30601,'6',630,,34039,10,0,9 12,1,70,,34033,10,0,9 12,1,30,,34020,10,0,9 12,1,70,,34037,10,0,9 12,1,30,,34025,10,0,9 12,1,70,,34035,10,0,9 12,1,30,,34041,10,0,9 12,1,70,,34042,10,0,9 12,1,30,,34036,10,0,9 12,1,70,,34024,10,0,9 12,1,30,,34027,10,0,9 12,1,70,,34022,10,0,9 12,1,30,,34019,10,0,9 12,1,70,,34023,10,0,9 12,1,30,,34038,10,0,9 12,1,70,,34029,10,0,9 12,1,30,,34028,10,0,9 12,1,25,,34026,10,0,9 12,1,45,,34034,10,0,9 12,1,30,,34040,10,0,9 12,1,70,,34032,10,0,9 12,1,30,,34030,10,0,9 12,1,70,,34031,10,0,9 12,1,30,,34018,10,0,9 12,1,70,,34021,10,0,9 12,1
40601,'1',658,,38965,10,0,9 12,1,70,,38943,10,0,9 12,1,30,,32093,10,0,9 12,1,70,,38953,10,0,9 12,1,30,,38945,10,0,9 12,1,70,,38955,10,0,9 12,1,30,,38961,10,0,9 12,1,70,,32509,10,0,9 12,1,30,,38962,10,0,9 12,1,70,,38946,10,0,9 12,1,30,,38957,10,0,9 12,1,70,,38951,10,0,9 12,1,30,,38949,10,0,9 12,1,70,,38942,10,0,9 12,1,30,,38950,10,0,9 12,1,70,,38947,10,0,9 12,1,30,,38967,10,0,9 12,1,70,,38952,10,0,9 12,1,30,,38958,10,0,9 12,1,70,,38954,10,0,9 12,1,30,,38963,10,0,9 12,1,70,,38966,10,0,9 12,1,30,,38964,10,0,9 12,1,70,,38959,10,0,9 12,1,100,,38944,10,0,9 12,1,100,,38960,10,0,9 12,1,100,,38948,10,0,9 12,1,100,,38956,10,0,9 12,1,100,,23235,10,0,9 12,1
40601,'11',658,,38994,10,0,9 12,1,70,,38969,10,0,9 12,1,30,,38989,10,0,9 12,1,70,,38979,10,0,9 12,1,30,,38971,10,0,9 12,1,70,,38981,10,0,9 12,1,30,,38987,10,0,9 12,1,70,,38992,10,0,9 12,1,30,,38990,10,0,9 12,1,70,,38972,10,0,9 12,1,30,,38983,10,0,9 12,1,70,,38977,10,0,9 12,1,30,,38975,10,0,9 12,1,70,,38968,10,0,9 12,1,30,,38976,10,0,9 12,1,70,,38973,10,0,9 12,1,30,,38996,10,0,9 12,1,70,,38978,10,0,9 12,1,30,,38984,10,0,9 12,1,70,,38980,10,0,9 12,1,30,,38991,10,0,9 12,1,70,,38995,10,0,9 12,1,30,,38993,10,0,9 12,1,70,,38985,10,0,9 12,1,100,,38970,10,0,9 12,1,100,,38986,10,0,9 12,1,100,,38974,10,0,9 12,1,100,,38982,10,0,9 12,1,100,,38988,10,0,9 12,1
40601,'12',1828,,39001,10,0,9 12,1,100,,39002,10,0,9 12,1,100,,38998,10,0,9 12,1,100,,38999,10,0,9 12,1,100,,39000,10,0,9 12,1,100,,38997,10,0,9 12,1
40601,'13',1828,,39006,10,0,9 12,1,100,,39007,10,0,9 12,1,100,,39004,10,0,9 12,1,100,,39005,10,0,9 12,1,100,,23354,10,0,9 12,1,100,,39003,10,0,9 12,1
40601,'14',1128,,39010,10,0,9 12,1,100,,39009,10,0,9 12,1,100,,39012,10,0,9 12,1,100,,39014,10,0,9 12,1,100,,39013,10,0,9 12,1,100,,39008,10,0,9 12,1,100,,39011,10,0,9 12,1
40601,'16',658,,39039,10,0,9 12,1,70,,39016,10,0,9 12,1,30,,25392,10,0,9 12,1,70,,39026,10,0,9 12,1,30,,39018,10,0,9 12,1,70,,39028,10,0,9 12,1,30,,39034,10,0,9 12,1,70,,39037,10,0,9 12,1,30,,39035,10,0,9 12,1,70,,39019,10,0,9 12,1,30,,39030,10,0,9 12,1,70,,39024,10,0,9 12,1,30,,39022,10,0,9 12,1,70,,39015,10,0,9 12,1,30,,39023,10,0,9 12,1,70,,39020,10,0,9 12,1,30,,39041,10,0,9 12,1,70,,39025,10,0,9 12,1,30,,39031,10,0,9 12,1,70,,39027,10,0,9 12,1,30,,39036,10,0,9 12,1,70,,39040,10,0,9 12,1,30,,39038,10,0,9 12,1,70,,39032,10,0,9 12,1,100,,39017,10,0,9 12,1,100,,39033,10,0,9 12,1,100,,39021,10,0,9 12,1,100,,39029,10,0,9 12,1,100,,31856,10,0,9 12,1
40601,'3',1828,,39045,10,0,9 12,1,100,,39046,10,0,9 12,1,100,,39043,10,0,9 12,1,100,,39044,10,0,9 12,1,100,,23392,10,0,9 12,1,100,,39042,10,0,9 12,1
40601,'6',1828,,39051,10,0,9 12,1,100,,39052,10,0,9 12,1,100,,39048,10,0,9 12,1,100,,39049,10,0,9 12,1,100,,39050,10,0,9 12,1,100,,39047,10,0,9 12,1
40601,'8',928,,30022,10,0,9 12,1,100,,39062,10,0,9 12,1,30,,39059,10,0,9 12,1,70,,39057,10,0,9 12,1,30,,39056,10,0,9 12,1,70,,39066,10,0,9 12,1,30,,39055,10,0,9 12,1,70,,39053,10,0,9 12,1,30,,39063,10,0,9 12,1,70,,39060,10,0,9 12,1,30,,31890,10,0,9 12,1,70,,39054,10,0,9 12,1,30,,39058,10,0,9 12,1,70,,39065,10,0,9 12,1,30,,39061,10,0,9 12,1,70,,39064,10,0,9 12,1,30,,25154,10,0,9 12,1,70,,39068,10,0,9 12,1,100,,39067,10,0,9 12,1
