30900,'12',622,,34408,12,0,23,1,30,,34397,12,0,23,1,70,,34402,12,0,23,1,30,,34399,12,0,23,1,70,,34391,12,0,23,1,30,,34409,12,0,23,1,70,,34395,12,0,23,1,30,,34404,12,0,23,1,71,,34401,12,0,23,1,30,,34400,12,0,23,1,70,,34393,12,0,23,1,30,,34411,12,0,23,1,70,,34390,12,0,23,1,30,,34398,12,0,23,1,70,,34410,12,0,23,1,30,,34394,12,0,23,1,74,,34406,12,0,23,1,30,,34392,12,0,23,1,70,,34407,12,0,23,1,30,,34405,12,0,23,1,70,,34396,12,0,23,1,30,,34403,12,0,23,1,70,,34389,12,0,23,1
30900,'13',622,,34426,12,0,23,1,30,,34418,12,0,23,1,70,,34421,12,0,23,1,30,,34419,12,0,23,1,70,,34414,12,0,23,1,30,,34427,12,0,23,1,70,,34416,12,0,23,1,30,,27440,12,0,23,1,71,,27095,12,0,23,1,30,,34420,12,0,23,1,70,,28989,12,0,23,1,30,,34428,12,0,23,1,70,,34413,12,0,23,1,30,,29327,12,0,23,1,70,,29478,12,0,23,1,30,,28899,12,0,23,1,74,,34424,12,0,23,1,30,,34415,12,0,23,1,70,,34425,12,0,23,1,30,,34423,12,0,23,1,70,,34417,12,0,23,1,30,,34422,12,0,23,1,70,,34412,12,0,23,1
30900,'3',622,,34443,12,0,23,1,30,,34435,12,0,23,1,70,,34438,12,0,23,1,30,,34436,12,0,23,1,70,,34431,12,0,23,1,30,,34444,12,0,23,1,70,,34433,12,0,23,1,30,,27489,12,0,23,1,71,,27099,12,0,23,1,30,,34437,12,0,23,1,70,,29011,12,0,23,1,30,,34445,12,0,23,1,70,,34430,12,0,23,1,30,,29348,12,0,23,1,70,,29599,12,0,23,1,30,,28923,12,0,23,1,74,,34441,12,0,23,1,30,,34432,12,0,23,1,70,,34442,12,0,23,1,30,,34440,12,0,23,1,70,,34434,12,0,23,1,30,,34439,12,0,23,1,70,,34429,12,0,23,1
30900,'6',622,,34465,12,0,23,1,30,,34454,12,0,23,1,70,,34459,12,0,23,1,30,,34456,12,0,23,1,70,,34448,12,0,23,1,30,,34466,12,0,23,1,70,,34452,12,0,23,1,30,,34461,12,0,23,1,71,,34458,12,0,23,1,30,,34457,12,0,23,1,70,,34450,12,0,23,1,30,,34468,12,0,23,1,70,,34447,12,0,23,1,30,,34455,12,0,23,1,70,,34467,12,0,23,1,30,,34451,12,0,23,1,74,,34463,12,0,23,1,30,,34449,12,0,23,1,70,,34464,12,0,23,1,30,,34462,12,0,23,1,70,,34453,12,0,23,1,30,,34460,12,0,23,1,70,,34446,12,0,23,1
40900,'1',656,,39350,12,0,23,1,70,,39359,12,0,23,1,30,,39351,12,0,23,1,70,,39367,12,0,23,1,30,,32246,12,0,23,1,70,,39349,12,0,23,1,30,,39348,12,0,23,1,71,,39345,12,0,23,1,30,,39363,12,0,23,1,70,,39362,12,0,23,1,30,,39355,12,0,23,1,70,,31045,12,0,23,1,30,,39365,12,0,23,1,70,,39346,12,0,23,1,30,,39343,12,0,23,1,70,,39353,12,0,23,1,30,,39360,12,0,23,1,70,,39358,12,0,23,1,30,,39354,12,0,23,1,70,,39344,12,0,23,1,30,,39356,12,0,23,1,70,,39357,12,0,23,1,30,,39347,12,0,23,1,100,,39364,12,0,23,1,99,,39342,12,0,23,1,100,,39366,12,0,23,1,100,,39361,12,0,23,1,100,,39368,12,0,23,1,100,,39352,12,0,23,1
40900,'11',656,,39378,12,0,23,1,70,,39387,12,0,23,1,30,,39379,12,0,23,1,70,,39395,12,0,23,1,30,,39370,12,0,23,1,70,,39377,12,0,23,1,30,,39376,12,0,23,1,71,,39373,12,0,23,1,30,,39391,12,0,23,1,70,,39390,12,0,23,1,30,,39383,12,0,23,1,70,,39396,12,0,23,1,30,,39393,12,0,23,1,70,,39374,12,0,23,1,30,,39371,12,0,23,1,70,,39381,12,0,23,1,30,,39388,12,0,23,1,70,,39386,12,0,23,1,30,,39382,12,0,23,1,70,,39372,12,0,23,1,30,,39384,12,0,23,1,70,,39385,12,0,23,1,30,,39375,12,0,23,1,100,,39392,12,0,23,1,99,,39369,12,0,23,1,100,,39394,12,0,23,1,100,,39389,12,0,23,1,100,,39397,12,0,23,1,100,,39380,12,0,23,1
40900,'12',1757,,39403,12,0,23,1,100,,39398,12,0,23,1,99,,39404,12,0,23,1,100,,39402,12,0,23,1,100,,39401,12,0,23,1,100,,39399,12,0,23,1,100,,39400,12,0,23,1
40900,'13',1757,,39408,12,0,23,1,100,,39405,12,0,23,1,99,,39409,12,0,23,1,100,,27727,12,0,23,1,100,,28548,12,0,23,1,100,,39406,12,0,23,1,100,,39407,12,0,23,1
40900,'14',1057,,39410,12,0,23,1,100,,39416,12,0,23,1,100,,39414,12,0,23,1,100,,39415,12,0,23,1,100,,39417,12,0,23,1,100,,39413,12,0,23,1,100,,39412,12,0,23,1,100,,39411,12,0,23,1
40900,'16',656,,39426,12,0,23,1,70,,39435,12,0,23,1,30,,39427,12,0,23,1,70,,39443,12,0,23,1,30,,32290,12,0,23,1,70,,39425,12,0,23,1,30,,39424,12,0,23,1,71,,39421,12,0,23,1,30,,39439,12,0,23,1,70,,39438,12,0,23,1,30,,39431,12,0,23,1,70,,31083,12,0,23,1,30,,39441,12,0,23,1,70,,39422,12,0,23,1,30,,39419,12,0,23,1,70,,39429,12,0,23,1,30,,39436,12,0,23,1,70,,39434,12,0,23,1,30,,39430,12,0,23,1,70,,39420,12,0,23,1,30,,39432,12,0,23,1,70,,39433,12,0,23,1,30,,39423,12,0,23,1,100,,39440,12,0,23,1,99,,39418,12,0,23,1,100,,39442,12,0,23,1,100,,39437,12,0,23,1,100,,39444,12,0,23,1,100,,39428,12,0,23,1
40900,'3',1757,,39448,12,0,23,1,100,,39445,12,0,23,1,99,,39449,12,0,23,1,100,,27748,12,0,23,1,100,,28570,12,0,23,1,100,,39446,12,0,23,1,100,,39447,12,0,23,1
40900,'6',1757,,39455,12,0,23,1,100,,39450,12,0,23,1,99,,39456,12,0,23,1,100,,39454,12,0,23,1,100,,39453,12,0,23,1,100,,39451,12,0,23,1,100,,39452,12,0,23,1
40900,'8',856,,39471,12,0,23,1,171,,39458,12,0,23,1,30,,39461,12,0,23,1,70,,39470,12,0,23,1,30,,39464,12,0,23,1,70,,39469,12,0,23,1,30,,39468,12,0,23,1,100,,39459,12,0,23,1,70,,26494,12,0,23,1,30,,39460,12,0,23,1,70,,39467,12,0,23,1,30,,39466,12,0,23,1,70,,39463,12,0,23,1,30,,39457,12,0,23,1,70,,39473,12,0,23,1,30,,39472,12,0,23,1,100,,39465,12,0,23,1,99,,39462,12,0,23,1
