31100,'15',621,,11735,13,0,43 44,1,30,,11726,13,0,43 44,1,70,,11714,13,0,43 44,1,30,,11725,13,0,43 44,1,70,,11719,13,0,43 44,1,30,,11723,13,0,43 44,1,70,,11718,13,0,43 44,1,30,,11720,13,0,43 44,1,70,,11722,13,0,43 44,1,30,,11730,13,0,43 44,1,70,,11729,13,0,43 44,1,30,,11715,13,0,43 44,1,70,,11731,13,0,43 44,1,30,,11733,13,0,43 44,1,70,,11724,13,0,43 44,1,30,,11713,13,0,43 44,1,71,,11727,13,0,43 44,1,30,,11721,13,0,43 44,1,70,,11728,13,0,43 44,1,30,,11717,13,0,43 44,1,70,,11732,13,0,43 44,1,30,,11712,13,0,43 44,1,70,,11734,13,0,43 44,1,30,,11716,13,0,43 44,1
31100,'16',621,,11752,13,0,43 44,1,30,,11744,13,0,43 44,1,70,,11737,13,0,43 44,1,30,,3748,13,0,43 44,1,70,,4097,13,0,43 44,1,30,,11742,13,0,43 44,1,70,,11739,13,0,43 44,1,30,,4821,13,0,43 44,1,70,,11741,13,0,43 44,1,30,,11747,13,0,43 44,1,70,,11746,13,0,43 44,1,30,,11738,13,0,43 44,1,70,,11748,13,0,43 44,1,30,,11750,13,0,43 44,1,70,,11743,13,0,43 44,1,30,,1754,13,0,43 44,1,71,,11745,13,0,43 44,1,30,,11740,13,0,43 44,1,70,,4738,13,0,43 44,1,30,,889,13,0,43 44,1,70,,11749,13,0,43 44,1,30,,11736,13,0,43 44,1,70,,11751,13,0,43 44,1,30,,2340,13,0,43 44,1
31100,'17',621,,11768,13,0,43 44,1,30,,11759,13,0,43 44,1,70,,11754,13,0,43 44,1,30,,3772,13,0,43 44,1,70,,4112,13,0,43 44,1,30,,11758,13,0,43 44,1,70,,11756,13,0,43 44,1,30,,4845,13,0,43 44,1,70,,5105,13,0,43 44,1,30,,11763,13,0,43 44,1,70,,11762,13,0,43 44,1,30,,11755,13,0,43 44,1,70,,11764,13,0,43 44,1,30,,11766,13,0,43 44,1,70,,3204,13,0,43 44,1,30,,1777,13,0,43 44,1,71,,11760,13,0,43 44,1,30,,11757,13,0,43 44,1,70,,11761,13,0,43 44,1,30,,914,13,0,43 44,1,70,,11765,13,0,43 44,1,30,,11753,13,0,43 44,1,70,,11767,13,0,43 44,1,30,,2365,13,0,43 44,1
31100,'19',621,,11791,13,0,43 44,1,30,,11783,13,0,43 44,1,70,,11771,13,0,43 44,1,30,,11782,13,0,43 44,1,70,,11776,13,0,43 44,1,30,,11780,13,0,43 44,1,70,,11775,13,0,43 44,1,30,,11777,13,0,43 44,1,70,,11779,13,0,43 44,1,30,,11787,13,0,43 44,1,70,,11786,13,0,43 44,1,30,,11772,13,0,43 44,1,70,,11788,13,0,43 44,1,30,,11790,13,0,43 44,1,70,,11781,13,0,43 44,1,30,,11770,13,0,43 44,1,71,,11784,13,0,43 44,1,30,,11778,13,0,43 44,1,70,,11785,13,0,43 44,1,30,,11774,13,0,43 44,1,70,,11789,13,0,43 44,1,30,,11769,13,0,43 44,1,70,,5356,13,0,43 44,1,30,,11773,13,0,43 44,1
31100,'5',621,,11809,13,0,43 44,1,30,,11800,13,0,43 44,1,70,,11793,13,0,43 44,1,30,,3796,13,0,43 44,1,70,,4142,13,0,43 44,1,30,,11798,13,0,43 44,1,70,,11795,13,0,43 44,1,30,,4868,13,0,43 44,1,70,,11797,13,0,43 44,1,30,,11804,13,0,43 44,1,70,,11803,13,0,43 44,1,30,,11794,13,0,43 44,1,70,,11805,13,0,43 44,1,30,,11807,13,0,43 44,1,70,,11799,13,0,43 44,1,30,,1800,13,0,43 44,1,71,,11801,13,0,43 44,1,30,,11796,13,0,43 44,1,70,,11802,13,0,43 44,1,30,,939,13,0,43 44,1,70,,11806,13,0,43 44,1,30,,11792,13,0,43 44,1,70,,11808,13,0,43 44,1,30,,2390,13,0,43 44,1
31100,'6',621,,11833,13,0,43 44,1,30,,11824,13,0,43 44,1,70,,11812,13,0,43 44,1,30,,11823,13,0,43 44,1,70,,11817,13,0,43 44,1,30,,11821,13,0,43 44,1,70,,11816,13,0,43 44,1,30,,11818,13,0,43 44,1,70,,11820,13,0,43 44,1,30,,11828,13,0,43 44,1,70,,11827,13,0,43 44,1,30,,11813,13,0,43 44,1,70,,11829,13,0,43 44,1,30,,11831,13,0,43 44,1,70,,11822,13,0,43 44,1,30,,11811,13,0,43 44,1,71,,11825,13,0,43 44,1,30,,11819,13,0,43 44,1,70,,11826,13,0,43 44,1,30,,11815,13,0,43 44,1,70,,11830,13,0,43 44,1,30,,11810,13,0,43 44,1,70,,11832,13,0,43 44,1,30,,11814,13,0,43 44,1
31700,'15',620,,13335,11,0,63,1,30,,13324,11,0,63,1,70,,13332,11,0,63,1,30,,13319,11,0,63,1,70,,13317,11,0,63,1,30,,13331,11,0,63,1,70,,13314,11,0,63,1,30,,13326,11,0,63,1,70,,13322,11,0,63,1,30,,13313,11,0,63,1,70,,13334,11,0,63,1,30,,13328,11,0,63,1,70,,13321,11,0,63,1,30,,13336,11,0,63,1,70,,13333,11,0,63,1,30,,13320,11,0,63,1,70,,13325,11,0,63,1,30,,13330,11,0,63,1,70,,13327,11,0,63,1,30,,13316,11,0,63,1,70,,13318,11,0,63,1,30,,13315,11,0,63,1,70,,13323,11,0,63,1,30,,13329,11,0,63,1
31700,'16',620,,13354,11,0,63,1,30,,13345,11,0,63,1,70,,13351,11,0,63,1,30,,13342,11,0,63,1,70,,13340,11,0,63,1,30,,13350,11,0,63,1,70,,13337,11,0,63,1,30,,13346,11,0,63,1,70,,2450,11,0,63,1,30,,4510,11,0,63,1,70,,13353,11,0,63,1,30,,13348,11,0,63,1,70,,13344,11,0,63,1,30,,13355,11,0,63,1,70,,13352,11,0,63,1,30,,13343,11,0,63,1,70,,2920,11,0,63,1,30,,621,11,0,63,1,70,,13347,11,0,63,1,30,,13339,11,0,63,1,70,,13341,11,0,63,1,30,,13338,11,0,63,1,70,,2535,11,0,63,1,30,,13349,11,0,63,1
31700,'17',620,,13372,11,0,63,1,30,,13364,11,0,63,1,70,,13369,11,0,63,1,30,,13361,11,0,63,1,70,,13359,11,0,63,1,30,,13368,11,0,63,1,70,,13356,11,0,63,1,30,,13365,11,0,63,1,70,,2473,11,0,63,1,30,,4520,11,0,63,1,70,,13371,11,0,63,1,30,,4471,11,0,63,1,70,,13363,11,0,63,1,30,,13373,11,0,63,1,70,,13370,11,0,63,1,30,,13362,11,0,63,1,70,,2988,11,0,63,1,30,,645,11,0,63,1,70,,13366,11,0,63,1,30,,13358,11,0,63,1,70,,13360,11,0,63,1,30,,13357,11,0,63,1,70,,2553,11,0,63,1,30,,13367,11,0,63,1
31700,'19',620,,13396,11,0,63,1,30,,13385,11,0,63,1,70,,13393,11,0,63,1,30,,13380,11,0,63,1,70,,13378,11,0,63,1,30,,13392,11,0,63,1,70,,13375,11,0,63,1,30,,13387,11,0,63,1,70,,13383,11,0,63,1,30,,13374,11,0,63,1,70,,13395,11,0,63,1,30,,13389,11,0,63,1,70,,13382,11,0,63,1,30,,13397,11,0,63,1,70,,13394,11,0,63,1,30,,13381,11,0,63,1,70,,13386,11,0,63,1,30,,13391,11,0,63,1,70,,13388,11,0,63,1,30,,13377,11,0,63,1,70,,13379,11,0,63,1,30,,13376,11,0,63,1,70,,13384,11,0,63,1,30,,13390,11,0,63,1
31700,'5',620,,13414,11,0,63,1,30,,13405,11,0,63,1,70,,13411,11,0,63,1,30,,13403,11,0,63,1,70,,13401,11,0,63,1,30,,13410,11,0,63,1,70,,13398,11,0,63,1,30,,13406,11,0,63,1,70,,2496,11,0,63,1,30,,4545,11,0,63,1,70,,13413,11,0,63,1,30,,13408,11,0,63,1,70,,13404,11,0,63,1,30,,13415,11,0,63,1,70,,13412,11,0,63,1,30,,4206,11,0,63,1,70,,3060,11,0,63,1,30,,669,11,0,63,1,70,,13407,11,0,63,1,30,,13400,11,0,63,1,70,,13402,11,0,63,1,30,,13399,11,0,63,1,70,,2571,11,0,63,1,30,,13409,11,0,63,1
31700,'6',620,,13438,11,0,63,1,30,,13427,11,0,63,1,70,,13435,11,0,63,1,30,,13422,11,0,63,1,70,,13420,11,0,63,1,30,,13434,11,0,63,1,70,,13417,11,0,63,1,30,,13429,11,0,63,1,70,,13425,11,0,63,1,30,,13416,11,0,63,1,70,,13437,11,0,63,1,30,,13431,11,0,63,1,70,,13424,11,0,63,1,30,,13439,11,0,63,1,70,,13436,11,0,63,1,30,,13423,11,0,63,1,70,,13428,11,0,63,1,30,,13433,11,0,63,1,70,,13430,11,0,63,1,30,,13419,11,0,63,1,70,,13421,11,0,63,1,30,,13418,11,0,63,1,70,,13426,11,0,63,1,30,,13432,11,0,63,1
41700,'1',1120,,19365,11,0,67,1,100,,19369,11,0,67,1,100,,19367,11,0,67,1,100,,19371,11,0,67,1,100,,19370,11,0,67,1,100,,19366,11,0,67,1,100,,19368,11,0,67,1
41700,'10',620,,19385,11,0,67,1,30,,19397,11,0,67,1,70,,19398,11,0,67,1,30,,19391,11,0,67,1,70,,19395,11,0,67,1,30,,19375,11,0,67,1,70,,19396,11,0,67,1,30,,19394,11,0,67,1,70,,19374,11,0,67,1,30,,19389,11,0,67,1,70,,19376,11,0,67,1,30,,19381,11,0,67,1,70,,19380,11,0,67,1,30,,19373,11,0,67,1,70,,19388,11,0,67,1,30,,19378,11,0,67,1,70,,19382,11,0,67,1,30,,19377,11,0,67,1,70,,19379,11,0,67,1,30,,19400,11,0,67,1,70,,19401,11,0,67,1,30,,19383,11,0,67,1,70,,19386,11,0,67,1,30,,19372,11,0,67,1,70,,19393,11,0,67,1,100,,19384,11,0,67,1,100,,19387,11,0,67,1,100,,19399,11,0,67,1,100,,19390,11,0,67,1,100,,19392,11,0,67,1
41700,'12',920,,19404,11,0,67,1,100,,19413,11,0,67,1,30,,19416,11,0,67,1,70,,19405,11,0,67,1,30,,19407,11,0,67,1,70,,19403,11,0,67,1,30,,19412,11,0,67,1,70,,19406,11,0,67,1,30,,19402,11,0,67,1,70,,19410,11,0,67,1,30,,19418,11,0,67,1,70,,19417,11,0,67,1,30,,19414,11,0,67,1,70,,19419,11,0,67,1,30,,19409,11,0,67,1,70,,19411,11,0,67,1,30,,8620,11,0,67,1,70,,19408,11,0,67,1,100,,19415,11,0,67,1
41700,'15',1820,,19423,11,0,67,1,100,,19424,11,0,67,1,100,,19422,11,0,67,1,100,,19425,11,0,67,1,100,,19421,11,0,67,1,100,,19420,11,0,67,1
41700,'16',1820,,19428,11,0,67,1,100,,19429,11,0,67,1,100,,19427,11,0,67,1,100,,19430,11,0,67,1,100,,19426,11,0,67,1,100,,8450,11,0,67,1
41700,'17',1820,,19433,11,0,67,1,100,,19434,11,0,67,1,100,,19432,11,0,67,1,100,,19435,11,0,67,1,100,,19431,11,0,67,1,100,,8455,11,0,67,1
41700,'19',1820,,19439,11,0,67,1,100,,19440,11,0,67,1,100,,19438,11,0,67,1,100,,19441,11,0,67,1,100,,19437,11,0,67,1,100,,19436,11,0,67,1
41700,'21',620,,19452,11,0,67,1,30,,19463,11,0,67,1,70,,19464,11,0,67,1,30,,19457,11,0,67,1,70,,19461,11,0,67,1,30,,19444,11,0,67,1,70,,19462,11,0,67,1,30,,19460,11,0,67,1,70,,19443,11,0,67,1,30,,19455,11,0,67,1,70,,19445,11,0,67,1,30,,19449,11,0,67,1,70,,19448,11,0,67,1,30,,19442,11,0,67,1,70,,19454,11,0,67,1,30,,19446,11,0,67,1,70,,19450,11,0,67,1,30,,5873,11,0,67,1,70,,19447,11,0,67,1,30,,19466,11,0,67,1,70,,19467,11,0,67,1,30,,7268,11,0,67,1,70,,6407,11,0,67,1,30,,6801,11,0,67,1,70,,19459,11,0,67,1,100,,19451,11,0,67,1,100,,19453,11,0,67,1,100,,19465,11,0,67,1,100,,19456,11,0,67,1,100,,19458,11,0,67,1
41700,'5',1820,,19470,11,0,67,1,100,,19471,11,0,67,1,100,,19469,11,0,67,1,100,,19472,11,0,67,1,100,,19468,11,0,67,1,100,,8460,11,0,67,1
41700,'6',1820,,19476,11,0,67,1,100,,19477,11,0,67,1,100,,19475,11,0,67,1,100,,19478,11,0,67,1,100,,19474,11,0,67,1,100,,19473,11,0,67,1
