31001,'15',629,,16019,0,36,1,30,,16002,0,36,1,70,,16008,0,36,1,30,,16014,0,36,1,70,,16020,0,36,1,30,,16003,0,36,1,70,,16001,0,36,1,30,,16018,0,36,1,70,,16010,0,36,1,30,,16004,0,36,1,70,,16007,0,36,1,30,,16006,0,36,1,70,,16016,0,36,1,30,,16000,0,36,1,70,,16024,0,36,1,30,,15999,0,36,1,70,,16011,0,36,1,30,,16012,0,36,1,70,,16005,0,36,1,30,,16015,0,36,1,70,,16017,0,36,1,30,,16022,0,36,1,70,,16013,0,36,1,30,,16009,0,36,1,70,,16023,0,36,1
31001,'16',629,,8051,0,36,1,30,,16027,0,36,1,70,,16032,0,36,1,30,,16037,0,36,1,70,,16041,0,36,1,30,,8235,0,36,1,70,,9070,0,36,1,30,,16040,0,36,1,70,,16034,0,36,1,30,,16028,0,36,1,70,,16031,0,36,1,30,,16030,0,36,1,70,,16039,0,36,1,30,,16026,0,36,1,70,,16045,0,36,1,30,,16025,0,36,1,70,,7355,0,36,1,30,,16035,0,36,1,70,,16029,0,36,1,30,,16038,0,36,1,70,,11751,0,36,1,30,,16043,0,36,1,70,,16036,0,36,1,30,,16033,0,36,1,70,,16044,0,36,1
31001,'17',629,,8113,0,36,1,30,,16048,0,36,1,70,,16052,0,36,1,30,,16057,0,36,1,70,,16061,0,36,1,30,,8284,0,36,1,70,,9085,0,36,1,30,,16060,0,36,1,70,,16054,0,36,1,30,,16049,0,36,1,70,,16051,0,36,1,30,,16050,0,36,1,70,,16059,0,36,1,30,,16047,0,36,1,70,,16065,0,36,1,30,,16046,0,36,1,70,,7376,0,36,1,30,,16055,0,36,1,70,,8286,0,36,1,30,,16058,0,36,1,70,,11754,0,36,1,30,,16063,0,36,1,70,,16056,0,36,1,30,,16053,0,36,1,70,,16064,0,36,1
31001,'19',629,,16086,0,36,1,30,,16069,0,36,1,70,,16075,0,36,1,30,,16081,0,36,1,70,,16087,0,36,1,30,,16070,0,36,1,70,,16068,0,36,1,30,,16085,0,36,1,70,,16077,0,36,1,30,,16071,0,36,1,70,,16074,0,36,1,30,,16073,0,36,1,70,,16083,0,36,1,30,,16067,0,36,1,70,,16091,0,36,1,30,,16066,0,36,1,70,,16078,0,36,1,30,,16079,0,36,1,70,,16072,0,36,1,30,,16082,0,36,1,70,,16084,0,36,1,30,,16089,0,36,1,70,,16080,0,36,1,30,,16076,0,36,1,70,,16090,0,36,1
31001,'5',629,,8172,0,36,1,30,,16094,0,36,1,70,,16099,0,36,1,30,,16104,0,36,1,70,,16107,0,36,1,30,,8343,0,36,1,70,,9114,0,36,1,30,,16106,0,36,1,70,,16101,0,36,1,30,,16095,0,36,1,70,,16098,0,36,1,30,,16097,0,36,1,70,,9520,0,36,1,30,,16093,0,36,1,70,,16111,0,36,1,30,,16092,0,36,1,70,,7396,0,36,1,30,,16102,0,36,1,70,,16096,0,36,1,30,,16105,0,36,1,70,,11791,0,36,1,30,,16109,0,36,1,70,,16103,0,36,1,30,,16100,0,36,1,70,,16110,0,36,1
31001,'6',629,,16132,0,36,1,30,,16115,0,36,1,70,,16121,0,36,1,30,,16127,0,36,1,70,,16133,0,36,1,30,,16116,0,36,1,70,,16114,0,36,1,30,,16131,0,36,1,70,,16123,0,36,1,30,,16117,0,36,1,70,,16120,0,36,1,30,,16119,0,36,1,70,,16129,0,36,1,30,,16113,0,36,1,70,,16137,0,36,1,30,,16112,0,36,1,70,,16124,0,36,1,30,,16125,0,36,1,70,,16118,0,36,1,30,,16128,0,36,1,70,,16130,0,36,1,30,,16135,0,36,1,70,,16126,0,36,1,30,,16122,0,36,1,70,,16136,0,36,1
41001,'1',1132,,22854,0,37 38,1,100,,7247,0,37 38,1,100,,11746,0,37 38,1,100,,22853,0,37 38,1,100,,22855,0,37 38,1,100,,22856,0,37 38,1,100,,22852,0,37 38,1
41001,'10',632,,22877,0,37 38,1,70,,22858,0,37 38,1,30,,22879,0,37 38,1,70,,22865,0,37 38,1,30,,22880,0,37 38,1,70,,22876,0,37 38,1,30,,22862,0,37 38,1,70,,22857,0,37 38,1,30,,22873,0,37 38,1,70,,22875,0,37 38,1,30,,22859,0,37 38,1,70,,22867,0,37 38,1,30,,22866,0,37 38,1,70,,22869,0,37 38,1,30,,22863,0,37 38,1,70,,22874,0,37 38,1,30,,22864,0,37 38,1,70,,22872,0,37 38,1,30,,22861,0,37 38,1,70,,22878,0,37 38,1,30,,22860,0,37 38,1,70,,22870,0,37 38,1,30,,22868,0,37 38,1,70,,22871,0,37 38,1
41001,'12',932,,22886,0,37 38,1,100,,22891,0,37 38,1,70,,10844,0,37 38,1,30,,22896,0,37 38,1,70,,22890,0,37 38,1,30,,22888,0,37 38,1,70,,11483,0,37 38,1,30,,22893,0,37 38,1,70,,22892,0,37 38,1,30,,22885,0,37 38,1,70,,22889,0,37 38,1,30,,22887,0,37 38,1,70,,22883,0,37 38,1,30,,11117,0,37 38,1,70,,22895,0,37 38,1,30,,22882,0,37 38,1,70,,22894,0,37 38,1,30,,22881,0,37 38,1,100,,22884,0,37 38,1
41001,'21',632,,22912,0,37 38,1,70,,3712,0,37 38,1,30,,22914,0,37 38,1,70,,22903,0,37 38,1,30,,22915,0,37 38,1,70,,22911,0,37 38,1,30,,22900,0,37 38,1,70,,22897,0,37 38,1,30,,22908,0,37 38,1,70,,22910,0,37 38,1,30,,22898,0,37 38,1,70,,22905,0,37 38,1,30,,22904,0,37 38,1,70,,22906,0,37 38,1,30,,22901,0,37 38,1,70,,22909,0,37 38,1,30,,22902,0,37 38,1,70,,22907,0,37 38,1,30,,4624,0,37 38,1,70,,22913,0,37 38,1,30,,22899,0,37 38,1,70,,11955,0,37 38,1,30,,13037,0,37 38,1,70,,4890,0,37 38,1
