30101,'15',630,,9077,28,0,5 15,1,70,,9074,28,0,5 15,1,30,,9105,28,0,5 15,1,70,,9096,28,0,5 15,1,30,,9080,28,0,5 15,1,70,,9067,28,0,5 15,1,30,,9107,28,0,5 15,1,70,,9079,28,0,5 15,1,30,,9091,28,0,5 15,1,70,,9083,28,0,5 15,1,30,,9069,28,0,5 15,1,70,,9098,28,0,5 15,1,30,,9088,28,0,5 15,1,70,,9072,28,0,5 15,1,30,,9063,28,0,5 15,1,70,,9081,28,0,5 15,1,30,,9076,28,0,5 15,1,70,,9109,28,0,5 15,1,30,,9094,28,0,5 15,1,70,,9093,28,0,5 15,1,30,,9090,28,0,5 15,1,70,,9065,28,0,5 15,1,30,,9082,28,0,5 15,1,70,,9078,28,0,5 15,1
30101,'16',630,,9123,28,0,5 15,1,70,,4232,28,0,5 15,1,30,,9149,28,0,5 15,1,70,,9140,28,0,5 15,1,30,,9126,28,0,5 15,1,70,,2894,28,0,5 15,1,30,,9151,28,0,5 15,1,70,,9125,28,0,5 15,1,30,,9136,28,0,5 15,1,70,,9129,28,0,5 15,1,30,,9116,28,0,5 15,1,70,,9142,28,0,5 15,1,30,,9133,28,0,5 15,1,70,,9119,28,0,5 15,1,30,,1662,28,0,5 15,1,70,,9127,28,0,5 15,1,30,,9122,28,0,5 15,1,70,,9153,28,0,5 15,1,30,,9139,28,0,5 15,1,70,,9138,28,0,5 15,1,30,,9135,28,0,5 15,1,70,,9113,28,0,5 15,1,30,,9128,28,0,5 15,1,70,,9124,28,0,5 15,1
30101,'17',630,,9167,28,0,5 15,1,70,,4247,28,0,5 15,1,30,,9193,28,0,5 15,1,70,,9184,28,0,5 15,1,30,,9170,28,0,5 15,1,70,,2945,28,0,5 15,1,30,,9195,28,0,5 15,1,70,,9169,28,0,5 15,1,30,,9180,28,0,5 15,1,70,,9173,28,0,5 15,1,30,,9160,28,0,5 15,1,70,,9186,28,0,5 15,1,30,,9177,28,0,5 15,1,70,,9163,28,0,5 15,1,30,,1685,28,0,5 15,1,70,,9171,28,0,5 15,1,30,,9166,28,0,5 15,1,70,,9197,28,0,5 15,1,30,,9183,28,0,5 15,1,70,,9182,28,0,5 15,1,30,,9179,28,0,5 15,1,70,,9157,28,0,5 15,1,30,,9172,28,0,5 15,1,70,,9168,28,0,5 15,1
30101,'19',630,,9215,28,0,5 15,1,70,,9212,28,0,5 15,1,30,,9243,28,0,5 15,1,70,,9234,28,0,5 15,1,30,,9218,28,0,5 15,1,70,,9205,28,0,5 15,1,30,,9245,28,0,5 15,1,70,,9217,28,0,5 15,1,30,,9229,28,0,5 15,1,70,,9221,28,0,5 15,1,30,,9207,28,0,5 15,1,70,,9236,28,0,5 15,1,30,,9226,28,0,5 15,1,70,,9210,28,0,5 15,1,30,,9201,28,0,5 15,1,70,,9219,28,0,5 15,1,30,,9214,28,0,5 15,1,70,,9247,28,0,5 15,1,30,,9232,28,0,5 15,1,70,,9231,28,0,5 15,1,30,,9228,28,0,5 15,1,70,,9203,28,0,5 15,1,30,,9220,28,0,5 15,1,70,,9216,28,0,5 15,1
30101,'5',630,,9261,28,0,5 15,1,70,,4271,28,0,5 15,1,30,,9285,28,0,5 15,1,70,,9276,28,0,5 15,1,30,,9264,28,0,5 15,1,70,,3019,28,0,5 15,1,30,,9287,28,0,5 15,1,70,,9263,28,0,5 15,1,30,,9272,28,0,5 15,1,70,,9267,28,0,5 15,1,30,,9254,28,0,5 15,1,70,,9278,28,0,5 15,1,30,,3064,28,0,5 15,1,70,,9257,28,0,5 15,1,30,,1708,28,0,5 15,1,70,,9265,28,0,5 15,1,30,,9260,28,0,5 15,1,70,,9289,28,0,5 15,1,30,,9275,28,0,5 15,1,70,,9274,28,0,5 15,1,30,,9271,28,0,5 15,1,70,,9251,28,0,5 15,1,30,,9266,28,0,5 15,1,70,,9262,28,0,5 15,1
30101,'6',630,,9307,28,0,5 15,1,70,,9304,28,0,5 15,1,30,,9335,28,0,5 15,1,70,,9326,28,0,5 15,1,30,,9310,28,0,5 15,1,70,,9297,28,0,5 15,1,30,,9337,28,0,5 15,1,70,,9309,28,0,5 15,1,30,,9321,28,0,5 15,1,70,,9313,28,0,5 15,1,30,,9299,28,0,5 15,1,70,,9328,28,0,5 15,1,30,,9318,28,0,5 15,1,70,,9302,28,0,5 15,1,30,,9293,28,0,5 15,1,70,,9311,28,0,5 15,1,30,,9306,28,0,5 15,1,70,,9339,28,0,5 15,1,30,,9324,28,0,5 15,1,70,,9323,28,0,5 15,1,30,,9320,28,0,5 15,1,70,,9295,28,0,5 15,1,30,,9312,28,0,5 15,1,70,,9308,28,0,5 15,1
40101,'1',1044,,17006,28,0,16,1,100,,17000,28,0,16,1,100,,17011,28,0,16,1,100,,1550,28,0,16,1,100,,17005,28,0,16,1,100,,17008,28,0,16,1,100,,17010,28,0,16,1,100,,16998,28,0,5,1
40101,'10',644,,17028,28,0,16,1,70,,17012,28,0,16,1,30,,17048,28,0,16,1,70,,17027,28,0,16,1,30,,17016,28,0,16,1,70,,17065,28,0,16,1,30,,17019,28,0,16,1,70,,17072,28,0,16,1,30,,17020,28,0,16,1,70,,17024,28,0,16,1,30,,17056,28,0,16,1,70,,17064,28,0,16,1,30,,17058,28,0,16,1,70,,17023,28,0,16,1,30,,17038,28,0,16,1,70,,17014,28,0,16,1,30,,17039,28,0,16,1,70,,17043,28,0,16,1,30,,17050,28,0,16,1,70,,17030,28,0,16,1,30,,17022,28,0,16,1,70,,17049,28,0,16,1,30,,17018,28,0,16,1,70,,17035,28,0,16,1,30,,17062,28,0,16,1,100,,17013,28,0,16,1,100,,17052,28,0,16,1,100,,17044,28,0,16,1,100,,17036,28,0,16,1,100,,17060,28,0,5,1
40101,'12',844,,17094,28,0,16,1,100,,17085,28,0,16,1,100,,17100,28,0,16,1,70,,17103,28,0,16,1,30,,17098,28,0,16,1,70,,17084,28,0,16,1,30,,17104,28,0,16,1,70,,17089,28,0,16,1,30,,17108,28,0,16,1,70,,17083,28,0,16,1,30,,17073,28,0,16,1,70,,17090,28,0,16,1,30,,17081,28,0,16,1,70,,17095,28,0,16,1,30,,17106,28,0,16,1,70,,17093,28,0,16,1,30,,17082,28,0,16,1,70,,17109,28,0,16,1,30,,17076,28,0,16,1,100,,17078,28,0,16,1
40101,'15',1844,,17120,28,0,16,1,100,,17115,28,0,16,1,100,,17114,28,0,16,1,100,,17112,28,0,16,1,100,,17110,28,0,16,1,100,,17117,28,0,5,1
40101,'16',1844,,17129,28,0,16,1,100,,17124,28,0,16,1,100,,2256,28,0,16,1,100,,17122,28,0,16,1,100,,17121,28,0,16,1,100,,17126,28,0,5,1
40101,'17',1844,,17137,28,0,16,1,100,,17133,28,0,16,1,100,,2281,28,0,16,1,100,,17131,28,0,16,1,100,,17130,28,0,16,1,100,,17134,28,0,5,1
40101,'19',1844,,17148,28,0,16,1,100,,17143,28,0,16,1,100,,17142,28,0,16,1,100,,17140,28,0,16,1,100,,17138,28,0,16,1,100,,17145,28,0,5,1
40101,'21',644,,17162,28,0,16,1,70,,17149,28,0,16,1,30,,17180,28,0,16,1,70,,17161,28,0,16,1,30,,17151,28,0,16,1,70,,17196,28,0,16,1,30,,17154,28,0,16,1,70,,17203,28,0,16,1,30,,17155,28,0,16,1,70,,7905,28,0,16,1,30,,17188,28,0,16,1,70,,17195,28,0,16,1,30,,17190,28,0,16,1,70,,17158,28,0,16,1,30,,17170,28,0,16,1,70,,7989,28,0,16,1,30,,17171,28,0,16,1,70,,17175,28,0,16,1,30,,17182,28,0,16,1,70,,17164,28,0,16,1,30,,17157,28,0,16,1,70,,17181,28,0,16,1,30,,17153,28,0,16,1,70,,17169,28,0,16,1,30,,5902,28,0,16,1,100,,7058,28,0,16,1,100,,17184,28,0,16,1,100,,17176,28,0,16,1,100,,6998,28,0,16,1,100,,17192,28,0,5,1
40101,'5',1844,,4496,28,0,16,1,100,,17207,28,0,16,1,100,,2306,28,0,16,1,100,,17205,28,0,16,1,100,,17204,28,0,16,1,100,,17209,28,0,5,1
40101,'6',1844,,17222,28,0,16,1,100,,17217,28,0,16,1,100,,17216,28,0,16,1,100,,17214,28,0,16,1,100,,17212,28,0,16,1,100,,17219,28,0,5,1
