30600,'12',608,,33883,18,0,7,1,30,,33881,18,0,7,1,70,,33882,18,0,7,1,30,,33861,18,0,7,1,70,,33866,18,0,7,1,30,,33879,18,0,7,1,70,,33864,18,0,7,1,30,,33869,18,0,7,1,70,,33863,18,0,7,1,30,,33878,18,0,7,1,70,,33884,18,0,7,1,30,,33876,18,0,7,1,70,,33865,18,0,7,1,30,,33872,18,0,7,1,70,,33875,18,0,7,1,30,,33862,18,0,7,1,72,,33874,18,0,7,1,30,,33871,18,0,7,1,70,,33880,18,0,7,1,30,,33870,18,0,7,1,70,,33868,18,0,7,1,30,,33867,18,0,7,1,70,,33873,18,0,7,1,30,,33877,18,0,7,1
30600,'13',608,,33904,18,0,7,1,30,,33902,18,0,7,1,70,,33903,18,0,7,1,30,,33885,18,0,7,1,70,,33889,18,0,7,1,30,,33900,18,0,7,1,70,,29025,18,0,7,1,30,,33892,18,0,7,1,70,,33887,18,0,7,1,30,,33899,18,0,7,1,70,,33905,18,0,7,1,30,,33897,18,0,7,1,70,,33888,18,0,7,1,30,,33895,18,0,7,1,70,,33896,18,0,7,1,30,,33886,18,0,7,1,72,,32474,18,0,7,1,30,,33894,18,0,7,1,70,,33901,18,0,7,1,30,,33893,18,0,7,1,70,,33891,18,0,7,1,30,,33890,18,0,7,1,70,,28902,18,0,7,1,30,,33898,18,0,7,1
30600,'3',608,,33925,18,0,7,1,30,,33923,18,0,7,1,70,,33924,18,0,7,1,30,,33906,18,0,7,1,70,,33910,18,0,7,1,30,,33921,18,0,7,1,70,,29032,18,0,7,1,30,,33913,18,0,7,1,70,,33908,18,0,7,1,30,,33920,18,0,7,1,70,,33926,18,0,7,1,30,,33918,18,0,7,1,70,,33909,18,0,7,1,30,,33916,18,0,7,1,70,,33917,18,0,7,1,30,,33907,18,0,7,1,72,,32479,18,0,7,1,30,,33915,18,0,7,1,70,,33922,18,0,7,1,30,,33914,18,0,7,1,70,,33912,18,0,7,1,30,,33911,18,0,7,1,70,,28926,18,0,7,1,30,,33919,18,0,7,1
30600,'6',608,,33949,18,0,7,1,30,,33947,18,0,7,1,70,,33948,18,0,7,1,30,,33927,18,0,7,1,70,,33932,18,0,7,1,30,,33945,18,0,7,1,70,,33930,18,0,7,1,30,,33935,18,0,7,1,70,,33929,18,0,7,1,30,,33944,18,0,7,1,70,,33950,18,0,7,1,30,,33942,18,0,7,1,70,,33931,18,0,7,1,30,,33938,18,0,7,1,70,,33941,18,0,7,1,30,,33928,18,0,7,1,72,,33940,18,0,7,1,30,,33937,18,0,7,1,70,,33946,18,0,7,1,30,,33936,18,0,7,1,70,,33934,18,0,7,1,30,,33933,18,0,7,1,70,,33939,18,0,7,1,30,,33943,18,0,7,1
40600,'1',623,,38838,18,0,9 10,1,30,,38821,18,0,9 10,1,70,,38820,18,0,9 10,1,30,,38834,18,0,9 10,1,70,,31587,18,0,9 10,1,30,,38836,18,0,9 10,1,70,,38828,18,0,9 10,1,30,,38830,18,0,9 10,1,70,,38824,18,0,9 10,1,30,,38829,18,0,9 10,1,70,,38817,18,0,9 10,1,30,,38827,18,0,9 10,1,70,,38816,18,0,9 10,1,30,,29422,18,0,9 10,1,70,,38837,18,0,9 10,1,30,,38826,18,0,9 10,1,70,,31583,18,0,9 10,1,30,,38823,18,0,9 10,1,70,,38814,18,0,9 10,1,30,,23436,18,0,9 10,1,70,,38831,18,0,9 10,1,30,,38822,18,0,9 10,1,70,,38815,18,0,9 10,1,30,,38825,18,0,9 10,1,70,,38835,18,0,9 10,1,100,,30676,18,0,9 10,1,100,,38833,18,0,9 10,1,100,,38819,18,0,9 10,1,100,,38832,18,0,9 10,1,100,,38818,18,0,9 10,1
40600,'11',623,,38868,18,0,9 10,1,30,,38849,18,0,9 10,1,70,,38848,18,0,9 10,1,30,,38864,18,0,9 10,1,70,,38846,18,0,9 10,1,30,,38866,18,0,9 10,1,70,,38856,18,0,9 10,1,30,,38860,18,0,9 10,1,70,,38852,18,0,9 10,1,30,,38857,18,0,9 10,1,70,,38844,18,0,9 10,1,30,,38855,18,0,9 10,1,70,,38843,18,0,9 10,1,30,,38859,18,0,9 10,1,70,,38867,18,0,9 10,1,30,,38854,18,0,9 10,1,70,,38842,18,0,9 10,1,30,,38851,18,0,9 10,1,70,,38840,18,0,9 10,1,30,,38858,18,0,9 10,1,70,,38861,18,0,9 10,1,30,,38850,18,0,9 10,1,70,,38841,18,0,9 10,1,30,,38853,18,0,9 10,1,70,,38865,18,0,9 10,1,100,,38839,18,0,9 10,1,100,,38863,18,0,9 10,1,100,,38847,18,0,9 10,1,100,,38862,18,0,9 10,1,100,,38845,18,0,9 10,1
40600,'12',1823,,38874,18,0,9 10,1,100,,38871,18,0,9 10,1,100,,38873,18,0,9 10,1,100,,38872,18,0,9 10,1,100,,38869,18,0,9 10,1,100,,38870,18,0,9 10,1
40600,'13',1823,,38880,18,0,9 10,1,100,,38877,18,0,9 10,1,100,,38879,18,0,9 10,1,100,,38878,18,0,9 10,1,100,,38875,18,0,9 10,1,100,,38876,18,0,9 10,1
40600,'14',1123,,38887,18,0,9 10,1,100,,38886,18,0,9 10,1,100,,38881,18,0,9 10,1,100,,38884,18,0,9 10,1,100,,38882,18,0,9 10,1,100,,38883,18,0,9 10,1,100,,38885,18,0,9 10,1
40600,'16',623,,38912,18,0,9 10,1,30,,38895,18,0,9 10,1,70,,38894,18,0,9 10,1,30,,38908,18,0,9 10,1,70,,24564,18,0,9 10,1,30,,38910,18,0,9 10,1,70,,38902,18,0,9 10,1,30,,38904,18,0,9 10,1,70,,38898,18,0,9 10,1,30,,38903,18,0,9 10,1,70,,38891,18,0,9 10,1,30,,38901,18,0,9 10,1,70,,38890,18,0,9 10,1,30,,29541,18,0,9 10,1,70,,38911,18,0,9 10,1,30,,38900,18,0,9 10,1,70,,31620,18,0,9 10,1,30,,38897,18,0,9 10,1,70,,38888,18,0,9 10,1,30,,30164,18,0,9 10,1,70,,38905,18,0,9 10,1,30,,38896,18,0,9 10,1,70,,38889,18,0,9 10,1,30,,38899,18,0,9 10,1,70,,38909,18,0,9 10,1,100,,30714,18,0,9 10,1,100,,38907,18,0,9 10,1,100,,38893,18,0,9 10,1,100,,38906,18,0,9 10,1,100,,38892,18,0,9 10,1
40600,'3',1823,,38918,18,0,9 10,1,100,,38915,18,0,9 10,1,100,,38917,18,0,9 10,1,100,,38916,18,0,9 10,1,100,,38913,18,0,9 10,1,100,,38914,18,0,9 10,1
40600,'6',1823,,38924,18,0,9 10,1,100,,38921,18,0,9 10,1,100,,38923,18,0,9 10,1,100,,38922,18,0,9 10,1,100,,38919,18,0,9 10,1,100,,38920,18,0,9 10,1
40600,'8',923,,38931,18,0,9 10,1,100,,38940,18,0,9 10,1,30,,38927,18,0,9 10,1,70,,38926,18,0,9 10,1,30,,38937,18,0,9 10,1,70,,38936,18,0,9 10,1,30,,38925,18,0,9 10,1,70,,30747,18,0,9 10,1,30,,38938,18,0,9 10,1,70,,38941,18,0,9 10,1,30,,38935,18,0,9 10,1,70,,38934,18,0,9 10,1,30,,38930,18,0,9 10,1,70,,32157,18,0,9 10,1,30,,38933,18,0,9 10,1,70,,38939,18,0,9 10,1,30,,38932,18,0,9 10,1,70,,38929,18,0,9 10,1,100,,38928,18,0,9 10,1
