30201,'12',628,,33215,18,0,24,1,30,,33224,18,0,24,1,70,,33225,18,0,24,1,30,,33230,18,0,24,1,70,,33218,18,0,24,1,30,,33235,18,0,24,1,70,,33219,18,0,24,1,30,,33229,18,0,24,1,71,,33231,18,0,24,1,30,,33237,18,0,24,1,70,,33216,18,0,24,1,30,,33217,18,0,24,1,70,,33232,18,0,24,1,30,,33226,18,0,24,1,70,,33223,18,0,24,1,30,,33227,18,0,24,1,73,,33228,18,0,24,1,78,,33221,18,0,24,1,30,,33220,18,0,24,1,70,,33234,18,0,24,1,30,,33233,18,0,24,1,70,,33238,18,0,24,1,30,,33222,18,0,24,1,70,,33236,18,0,24,1
30201,'13',628,,33239,18,0,24,1,30,,33248,18,0,24,1,70,,33249,18,0,24,1,30,,33254,18,0,24,1,70,,33242,18,0,24,1,30,,33258,18,0,24,1,70,,33243,18,0,24,1,30,,33253,18,0,24,1,71,,33255,18,0,24,1,30,,33260,18,0,24,1,70,,33240,18,0,24,1,30,,33241,18,0,24,1,70,,33256,18,0,24,1,30,,33250,18,0,24,1,70,,33247,18,0,24,1,30,,33251,18,0,24,1,73,,33252,18,0,24,1,78,,33245,18,0,24,1,30,,33244,18,0,24,1,70,,33257,18,0,24,1,30,,29290,18,0,24,1,70,,28820,18,0,24,1,30,,33246,18,0,24,1,70,,33259,18,0,24,1
30201,'3',628,,33261,18,0,24,1,30,,33270,18,0,24,1,70,,33271,18,0,24,1,30,,33276,18,0,24,1,70,,33264,18,0,24,1,30,,33280,18,0,24,1,70,,33265,18,0,24,1,30,,33275,18,0,24,1,71,,33277,18,0,24,1,30,,33282,18,0,24,1,70,,33262,18,0,24,1,30,,33263,18,0,24,1,70,,33278,18,0,24,1,30,,33272,18,0,24,1,70,,33269,18,0,24,1,30,,33273,18,0,24,1,73,,33274,18,0,24,1,78,,33267,18,0,24,1,30,,33266,18,0,24,1,70,,33279,18,0,24,1,30,,29309,18,0,24,1,70,,28843,18,0,24,1,30,,33268,18,0,24,1,70,,33281,18,0,24,1
30201,'6',628,,33283,18,0,24,1,30,,33292,18,0,24,1,70,,33293,18,0,24,1,30,,33298,18,0,24,1,70,,33286,18,0,24,1,30,,33303,18,0,24,1,70,,33287,18,0,24,1,30,,33297,18,0,24,1,71,,33299,18,0,24,1,30,,33305,18,0,24,1,70,,33284,18,0,24,1,30,,33285,18,0,24,1,70,,33300,18,0,24,1,30,,33294,18,0,24,1,70,,33291,18,0,24,1,30,,33295,18,0,24,1,73,,33296,18,0,24,1,78,,33289,18,0,24,1,30,,33288,18,0,24,1,70,,33302,18,0,24,1,30,,33301,18,0,24,1,70,,33306,18,0,24,1,30,,33290,18,0,24,1,70,,33304,18,0,24,1
30501,'12',612,,33786,6,0,27,1,30,,33763,6,0,27,1,70,,33779,6,0,27,1,30,,33766,6,0,27,1,70,,33777,6,0,27,1,30,,33769,6,0,27,1,70,,33774,6,0,27,1,30,,33784,6,0,27,1,70,,33772,6,0,27,1,30,,33770,6,0,27,1,70,,33787,6,0,27,1,30,,33775,6,0,27,1,70,,33767,6,0,27,1,30,,33765,6,0,27,1,70,,33782,6,0,27,1,30,,33783,6,0,27,1,70,,33768,6,0,27,1,30,,33781,6,0,27,1,70,,33778,6,0,27,1,30,,33771,6,0,27,1,70,,33764,6,0,27,1,30,,33780,6,0,27,1,70,,33773,6,0,27,1,30,,33785,6,0,27,1,72,,33776,6,0,28 29,1
30501,'13',612,,33810,6,0,27,1,30,,33788,6,0,27,1,70,,33804,6,0,27,1,30,,33791,6,0,27,1,70,,33802,6,0,27,1,30,,33794,6,0,27,1,70,,33799,6,0,27,1,30,,33809,6,0,27,1,70,,33797,6,0,27,1,30,,33795,6,0,27,1,70,,33811,6,0,27,1,30,,33800,6,0,27,1,70,,33792,6,0,27,1,30,,33790,6,0,27,1,70,,33807,6,0,27,1,30,,33808,6,0,27,1,70,,33793,6,0,27,1,30,,33806,6,0,27,1,70,,33803,6,0,27,1,30,,33796,6,0,27,1,70,,33789,6,0,27,1,30,,33805,6,0,27,1,70,,33798,6,0,27,1,30,,28368,6,0,27,1,72,,33801,6,0,28 29,1
30501,'3',612,,33834,6,0,27,1,30,,33812,6,0,27,1,70,,33828,6,0,27,1,30,,33815,6,0,27,1,70,,33826,6,0,27,1,30,,33818,6,0,27,1,70,,33823,6,0,27,1,30,,33833,6,0,27,1,70,,33821,6,0,27,1,30,,33819,6,0,27,1,70,,33835,6,0,27,1,30,,33824,6,0,27,1,70,,33816,6,0,27,1,30,,33814,6,0,27,1,70,,33831,6,0,27,1,30,,33832,6,0,27,1,70,,33817,6,0,27,1,30,,33830,6,0,27,1,70,,33827,6,0,27,1,30,,33820,6,0,27,1,70,,33813,6,0,27,1,30,,33829,6,0,27,1,70,,33822,6,0,27,1,30,,28386,6,0,27,1,72,,33825,6,0,28 29,1
30501,'6',612,,33859,6,0,27,1,30,,33836,6,0,27,1,70,,33852,6,0,27,1,30,,33839,6,0,27,1,70,,33850,6,0,27,1,30,,33842,6,0,27,1,70,,33847,6,0,27,1,30,,33857,6,0,27,1,70,,33845,6,0,27,1,30,,33843,6,0,27,1,70,,33860,6,0,27,1,30,,33848,6,0,27,1,70,,33840,6,0,27,1,30,,33838,6,0,27,1,70,,33855,6,0,27,1,30,,33856,6,0,27,1,70,,33841,6,0,27,1,30,,33854,6,0,27,1,70,,33851,6,0,27,1,30,,33844,6,0,27,1,70,,33837,6,0,27,1,30,,33853,6,0,27,1,70,,33846,6,0,27,1,30,,33858,6,0,27,1,72,,33849,6,0,28 29,1
40201,'1',655,,38428,18,0,24,1,70,,38425,18,0,24,1,30,,38426,18,0,24,1,70,,38427,18,0,24,1,30,,38437,18,0,24,1,70,,38432,18,0,24,1,30,,38441,18,0,24,1,70,,38423,18,0,24,1,30,,38430,18,0,24,1,70,,38436,18,0,24,1,30,,38419,18,0,24,1,70,,38433,18,0,24,1,30,,38438,18,0,24,1,70,,31028,18,0,24,1,30,,38418,18,0,24,1,70,,38415,18,0,24,1,30,,38424,18,0,24,1,70,,38431,18,0,24,1,30,,38435,18,0,24,1,70,,38421,18,0,24,1,30,,31249,18,0,24,1,70,,38417,18,0,24,1,30,,38422,18,0,24,1,70,,38442,18,0,24,1,30,,38434,18,0,24,1,99,,38429,18,0,24,1,100,,38440,18,0,24,1,100,,38420,18,0,24,1,100,,38439,18,0,24,1,100,,38416,18,0,24,1
40201,'11',655,,38459,18,0,24,1,70,,38456,18,0,24,1,30,,38457,18,0,24,1,70,,38458,18,0,24,1,30,,38454,18,0,24,1,70,,38463,18,0,24,1,30,,38471,18,0,24,1,70,,38453,18,0,24,1,30,,38461,18,0,24,1,70,,38467,18,0,24,1,30,,38449,18,0,24,1,70,,38464,18,0,24,1,30,,38468,18,0,24,1,70,,38443,18,0,24,1,30,,38448,18,0,24,1,70,,38444,18,0,24,1,30,,38455,18,0,24,1,70,,38462,18,0,24,1,30,,38466,18,0,24,1,70,,38451,18,0,24,1,30,,38446,18,0,24,1,70,,38447,18,0,24,1,30,,38452,18,0,24,1,70,,38472,18,0,24,1,30,,38465,18,0,24,1,99,,38460,18,0,24,1,100,,38470,18,0,24,1,100,,38450,18,0,24,1,100,,38469,18,0,24,1,100,,38445,18,0,24,1
40201,'12',1855,,38476,18,0,24,1,99,,38473,18,0,24,1,100,,38474,18,0,24,1,100,,38478,18,0,24,1,100,,38475,18,0,24,1,100,,38477,18,0,24,1
40201,'13',1855,,38482,18,0,24,1,99,,38479,18,0,24,1,100,,38480,18,0,24,1,100,,38484,18,0,24,1,100,,38481,18,0,24,1,100,,38483,18,0,24,1
40201,'14',1155,,38488,18,0,24,1,100,,29737,18,0,24,1,100,,38487,18,0,24,1,100,,38486,18,0,24,1,100,,38490,18,0,24,1,100,,38485,18,0,24,1,100,,38489,18,0,24,1
40201,'16',655,,38504,18,0,24,1,70,,38501,18,0,24,1,30,,38502,18,0,24,1,70,,38503,18,0,24,1,30,,38513,18,0,24,1,70,,38508,18,0,24,1,30,,38517,18,0,24,1,70,,38499,18,0,24,1,30,,38506,18,0,24,1,70,,38512,18,0,24,1,30,,38495,18,0,24,1,70,,38509,18,0,24,1,30,,38514,18,0,24,1,70,,31065,18,0,24,1,30,,38494,18,0,24,1,70,,38491,18,0,24,1,30,,38500,18,0,24,1,70,,38507,18,0,24,1,30,,38511,18,0,24,1,70,,38497,18,0,24,1,30,,31288,18,0,24,1,70,,38493,18,0,24,1,30,,38498,18,0,24,1,70,,38518,18,0,24,1,30,,38510,18,0,24,1,99,,38505,18,0,24,1,100,,38516,18,0,24,1,100,,38496,18,0,24,1,100,,38515,18,0,24,1,100,,38492,18,0,24,1
40201,'3',1855,,38522,18,0,24,1,99,,38519,18,0,24,1,100,,38520,18,0,24,1,100,,38524,18,0,24,1,100,,38521,18,0,24,1,100,,38523,18,0,24,1
40201,'6',1855,,38528,18,0,24,1,99,,38525,18,0,24,1,100,,38526,18,0,24,1,100,,38530,18,0,24,1,100,,38527,18,0,24,1,100,,38529,18,0,24,1
40201,'8',955,,38533,18,0,24,1,100,,38534,18,0,24,1,70,,38536,18,0,24,1,30,,25796,18,0,24,1,70,,38545,18,0,24,1,30,,38542,18,0,24,1,70,,38540,18,0,24,1,30,,38539,18,0,24,1,70,,38547,18,0,24,1,30,,38532,18,0,24,1,70,,38544,18,0,24,1,30,,38543,18,0,24,1,70,,38535,18,0,24,1,30,,38538,18,0,24,1,70,,38531,18,0,24,1,30,,38548,18,0,24,1,70,,38541,18,0,24,1,30,,38546,18,0,24,1,99,,38537,18,0,24,1
