30500,'15',615,,14588,0,58,1,30,,14576,0,58,1,70,,14586,0,58,1,30,,14571,0,58,1,70,,14567,0,58,1,30,,14565,0,58,1,70,,14573,0,58,1,30,,14584,0,58,1,70,,14580,0,58,1,30,,14579,0,58,1,70,,14587,0,58,1,30,,14582,0,58,1,70,,14569,0,58,1,30,,14570,0,58,1,70,,14574,0,58,1,30,,14581,0,58,1,70,,14572,0,58,1,30,,14585,0,58,1,70,,14583,0,58,1,30,,14566,0,58,1,70,,14568,0,58,1,30,,14578,0,58,1,70,,14577,0,58,1
30500,'16',615,,14609,0,58,1,30,,14600,0,58,1,70,,7545,0,58,1,30,,14595,0,58,1,70,,14591,0,58,1,30,,14589,0,58,1,70,,14597,0,58,1,30,,6402,0,58,1,70,,14603,0,58,1,30,,10101,0,58,1,70,,14608,0,58,1,30,,14605,0,58,1,70,,14593,0,58,1,30,,14594,0,58,1,70,,14598,0,58,1,30,,14604,0,58,1,70,,14596,0,58,1,30,,14607,0,58,1,70,,14606,0,58,1,30,,14590,0,58,1,70,,14592,0,58,1,30,,14602,0,58,1,70,,14601,0,58,1
30500,'17',615,,14627,0,58,1,30,,14619,0,58,1,70,,7562,0,58,1,30,,14614,0,58,1,70,,5369,0,58,1,30,,14610,0,58,1,70,,14616,0,58,1,30,,4868,0,58,1,70,,14622,0,58,1,30,,10142,0,58,1,70,,14626,0,58,1,30,,14623,0,58,1,70,,9201,0,58,1,30,,14613,0,58,1,70,,14617,0,58,1,30,,13013,0,58,1,70,,14615,0,58,1,30,,14625,0,58,1,70,,14624,0,58,1,30,,14611,0,58,1,70,,14612,0,58,1,30,,14621,0,58,1,70,,14620,0,58,1
30500,'19',615,,14651,0,58,1,30,,14639,0,58,1,70,,14649,0,58,1,30,,14634,0,58,1,70,,14630,0,58,1,30,,14628,0,58,1,70,,14636,0,58,1,30,,14647,0,58,1,70,,14643,0,58,1,30,,14642,0,58,1,70,,14650,0,58,1,30,,14645,0,58,1,70,,14632,0,58,1,30,,14633,0,58,1,70,,14637,0,58,1,30,,14644,0,58,1,70,,14635,0,58,1,30,,14648,0,58,1,70,,14646,0,58,1,30,,14629,0,58,1,70,,14631,0,58,1,30,,14641,0,58,1,70,,14640,0,58,1
30500,'5',615,,14669,0,58,1,30,,14661,0,58,1,70,,7579,0,58,1,30,,14657,0,58,1,70,,5359,0,58,1,30,,14652,0,58,1,70,,14659,0,58,1,30,,4839,0,58,1,70,,14664,0,58,1,30,,10249,0,58,1,70,,14668,0,58,1,30,,14665,0,58,1,70,,14655,0,58,1,30,,14656,0,58,1,70,,14660,0,58,1,30,,13060,0,58,1,70,,14658,0,58,1,30,,14667,0,58,1,70,,14666,0,58,1,30,,14653,0,58,1,70,,14654,0,58,1,30,,14663,0,58,1,70,,14662,0,58,1
30500,'6',615,,14693,0,58,1,30,,14681,0,58,1,70,,14691,0,58,1,30,,14676,0,58,1,70,,14672,0,58,1,30,,14670,0,58,1,70,,14678,0,58,1,30,,14689,0,58,1,70,,14685,0,58,1,30,,14684,0,58,1,70,,14692,0,58,1,30,,14687,0,58,1,70,,14674,0,58,1,30,,14675,0,58,1,70,,14679,0,58,1,30,,14686,0,58,1,70,,14677,0,58,1,30,,14690,0,58,1,70,,14688,0,58,1,30,,14671,0,58,1,70,,14673,0,58,1,30,,14683,0,58,1,70,,14682,0,58,1
30800,'15',600,,15357,0,59,1,30,,15355,0,59,1,70,,15359,0,59,1,30,,15362,0,59,1,70,,15371,0,59,1,30,,15354,0,59,1,70,,15364,0,59,1,30,,15366,0,59,1,70,,15365,0,59,1,30,,15370,0,59,1,70,,15373,0,59,1,30,,15352,0,59,1,70,,15360,0,59,1,30,,15374,0,59,1,70,,15368,0,59,1,30,,15356,0,59,1,70,,15358,0,59,1,30,,15369,0,59,1,70,,15353,0,59,1,30,,15361,0,59,1,70,,15372,0,59,1,30,,15367,0,59,1,70,,15363,0,59,1,30,,15351,0,59,1
30800,'16',600,,15381,0,59,1,30,,15379,0,59,1,70,,15382,0,59,1,30,,15386,0,59,1,70,,15392,0,59,1,30,,15378,0,59,1,70,,15388,0,59,1,30,,15389,0,59,1,70,,6664,0,59,1,30,,15391,0,59,1,70,,15393,0,59,1,30,,15376,0,59,1,70,,15384,0,59,1,30,,15394,0,59,1,70,,12927,0,59,1,30,,15380,0,59,1,70,,6827,0,59,1,30,,8692,0,59,1,70,,15383,0,59,1,30,,15385,0,59,1,70,,15387,0,59,1,30,,15390,0,59,1,70,,15377,0,59,1,30,,15375,0,59,1
30800,'17',600,,15400,0,59,1,30,,15398,0,59,1,70,,15401,0,59,1,30,,15405,0,59,1,70,,15411,0,59,1,30,,15397,0,59,1,70,,15407,0,59,1,30,,15408,0,59,1,70,,6682,0,59,1,30,,15410,0,59,1,70,,15412,0,59,1,30,,15396,0,59,1,70,,15403,0,59,1,30,,15413,0,59,1,70,,2793,0,59,1,30,,15399,0,59,1,70,,6850,0,59,1,30,,8716,0,59,1,70,,15402,0,59,1,30,,15404,0,59,1,70,,15406,0,59,1,30,,15409,0,59,1,70,,3464,0,59,1,30,,15395,0,59,1
30800,'19',600,,15419,0,59,1,30,,15417,0,59,1,70,,15421,0,59,1,30,,15425,0,59,1,70,,15434,0,59,1,30,,15416,0,59,1,70,,15426,0,59,1,30,,15428,0,59,1,70,,15427,0,59,1,30,,15433,0,59,1,70,,15435,0,59,1,30,,15415,0,59,1,70,,15423,0,59,1,30,,15436,0,59,1,70,,15430,0,59,1,30,,15418,0,59,1,70,,15420,0,59,1,30,,15431,0,59,1,70,,15424,0,59,1,30,,12950,0,59,1,70,,15422,0,59,1,30,,15429,0,59,1,70,,15432,0,59,1,30,,15414,0,59,1
30800,'5',600,,15442,0,59,1,30,,15440,0,59,1,70,,15443,0,59,1,30,,15446,0,59,1,70,,15452,0,59,1,30,,15439,0,59,1,70,,15447,0,59,1,30,,15448,0,59,1,70,,6699,0,59,1,30,,15451,0,59,1,70,,15453,0,59,1,30,,15438,0,59,1,70,,15444,0,59,1,30,,15454,0,59,1,70,,2746,0,59,1,30,,15441,0,59,1,70,,6873,0,59,1,30,,8740,0,59,1,70,,204,0,59,1,30,,15445,0,59,1,70,,9851,0,59,1,30,,15449,0,59,1,70,,15450,0,59,1,30,,15437,0,59,1
30800,'6',600,,15461,0,59,1,30,,15459,0,59,1,70,,15463,0,59,1,30,,15466,0,59,1,70,,15475,0,59,1,30,,15458,0,59,1,70,,15468,0,59,1,30,,15470,0,59,1,70,,15469,0,59,1,30,,15474,0,59,1,70,,15477,0,59,1,30,,15456,0,59,1,70,,15464,0,59,1,30,,15478,0,59,1,70,,15472,0,59,1,30,,15460,0,59,1,70,,15462,0,59,1,30,,15473,0,59,1,70,,15457,0,59,1,30,,15465,0,59,1,70,,15476,0,59,1,30,,15471,0,59,1,70,,15467,0,59,1,30,,15455,0,59,1
33701,'1',1036,,20791,,,1,70,,20779,,,1,30,,20796,,,1,70,,20795,,,1,30,,20793,,,1,70,,20778,,,1,30,,20781,,,1,70,,7140,,,1,30,,6007,,,1,70,,20777,,,1,30,,20792,,,1,70,,20797,,,1,30,,20780,,,1,70,,20790,,,1,30,,7228,,,1
33701,'10',635,,20845,,,1,70,,20811,,,1,30,,20850,,,1,70,,20822,,,1,30,,20831,,,1,70,,20847,,,1,30,,20826,,,1,71,,20827,,,1,30,,20805,,,1,70,,20813,,,1,30,,20808,,,1,70,,20838,,,1,30,,20829,,,1,70,,20840,,,1,30,,20832,,,1,70,,20802,,,1,30,,20823,,,1,70,,20843,,,1,30,,20842,,,1,70,,20817,,,1,30,,20839,,,1,70,,20830,,,1,30,,20824,,,1,70,,20833,,,1,30,,20848,,,1
33701,'12',1106,,20864,,,1,30,,20875,,,1,70,,10689,,,1,30,,20855,,,1,70,,20870,,,1,30,,20876,,,1,70,,20871,,,1,30,,20867,,,1,70,,20852,,,1,30,,20873,,,1,70,,20859,,,1,30,,20878,,,1,70,,20874,,,1,30,,20862,,,1,70,,4925,,,1
33701,'15',615,,20884,,,1,30,,20879,,,1,70,,20925,,,1,30,,20899,,,1,70,,20887,,,1,30,,20891,,,1,70,,20915,,,1,30,,20906,,,1,71,,20920,,,1,30,,20916,,,1,70,,20909,,,1,30,,20886,,,1,70,,20912,,,1,30,,20897,,,1,70,,20923,,,1,30,,20924,,,1,70,,20901,,,1,30,,20888,,,1,70,,20919,,,1,30,,20921,,,1,70,,20894,,,1,30,,20882,,,1,70,,20908,,,1,30,,20907,,,1,70,,20904,,,1
33701,'16',615,,20933,,,1,30,,20929,,,1,70,,20967,,,1,30,,20947,,,1,70,,20936,,,1,30,,20939,,,1,70,,20960,,,1,30,,20953,,,1,71,,12112,,,1,30,,8426,,,1,70,,20955,,,1,30,,20935,,,1,70,,9704,,,1,30,,20945,,,1,70,,20965,,,1,30,,20966,,,1,70,,8509,,,1,30,,20937,,,1,70,,12366,,,1,30,,20963,,,1,70,,20942,,,1,30,,20931,,,1,70,,10103,,,1,30,,20954,,,1,70,,20951,,,1
33701,'17',615,,20975,,,1,30,,20971,,,1,70,,21007,,,1,30,,20989,,,1,70,,20978,,,1,30,,20981,,,1,70,,21000,,,1,30,,20995,,,1,71,,12126,,,1,30,,8447,,,1,70,,20996,,,1,30,,20977,,,1,70,,9727,,,1,30,,20987,,,1,70,,21005,,,1,30,,21006,,,1,70,,8529,,,1,30,,20979,,,1,70,,12369,,,1,30,,21003,,,1,70,,20984,,,1,30,,20973,,,1,70,,10144,,,1,30,,7114,,,1,70,,20993,,,1
33701,'19',615,,21016,,,1,30,,21011,,,1,70,,21055,,,1,30,,21031,,,1,70,,21019,,,1,30,,21023,,,1,70,,21045,,,1,30,,21038,,,1,71,,21050,,,1,30,,21046,,,1,70,,21041,,,1,30,,21018,,,1,70,,21044,,,1,30,,21029,,,1,70,,21053,,,1,30,,21054,,,1,70,,21033,,,1,30,,21020,,,1,70,,21049,,,1,30,,21051,,,1,70,,21026,,,1,30,,21014,,,1,70,,21040,,,1,30,,21039,,,1,70,,21036,,,1
33701,'21',635,,21095,,,1,70,,21068,,,1,30,,21100,,,1,70,,21076,,,1,30,,21084,,,1,70,,21097,,,1,30,,21079,,,1,71,,21080,,,1,30,,21062,,,1,70,,21070,,,1,30,,21065,,,1,70,,12402,,,1,30,,21082,,,1,70,,21090,,,1,30,,21085,,,1,70,,21059,,,1,30,,21077,,,1,70,,21093,,,1,30,,21092,,,1,70,,11092,,,1,30,,21089,,,1,70,,21083,,,1,30,,12249,,,1,70,,21086,,,1,30,,21098,,,1
33701,'5',615,,21105,,,1,30,,21102,,,1,70,,21137,,,1,30,,21119,,,1,70,,21108,,,1,30,,21111,,,1,70,,21130,,,1,30,,21125,,,1,71,,12187,,,1,30,,8466,,,1,70,,21126,,,1,30,,21107,,,1,70,,9748,,,1,30,,21117,,,1,70,,21135,,,1,30,,21136,,,1,70,,8549,,,1,30,,21109,,,1,70,,12405,,,1,30,,21133,,,1,70,,21114,,,1,30,,21104,,,1,70,,10251,,,1,30,,7135,,,1,70,,21123,,,1
33701,'6',615,,21146,,,1,30,,21141,,,1,70,,21187,,,1,30,,21161,,,1,70,,21149,,,1,30,,21153,,,1,70,,21177,,,1,30,,21168,,,1,71,,21182,,,1,30,,21178,,,1,70,,21171,,,1,30,,21148,,,1,70,,21174,,,1,30,,21159,,,1,70,,21185,,,1,30,,21186,,,1,70,,21163,,,1,30,,21150,,,1,70,,21181,,,1,30,,21183,,,1,70,,21156,,,1,30,,21144,,,1,70,,21170,,,1,30,,21169,,,1,70,,21166,,,1
40800,'1',1045,,22326,0,60 61,1,100,,22320,0,60 61,1,100,,22324,0,60 61,1,100,,22321,0,60 61,1,100,,22323,0,60 61,1,100,,22322,0,60 61,1,100,,22325,0,60 61,1,100,,7068,0,60 61,1
40800,'10',615,,22345,0,60 61,1,30,,22328,0,60 61,1,70,,22355,0,60 61,1,30,,22339,0,60 61,1,70,,22337,0,60 61,1,30,,22331,0,60 61,1,70,,22353,0,60 61,1,30,,22329,0,60 61,1,70,,22340,0,60 61,1,30,,22336,0,60 61,1,70,,22349,0,60 61,1,30,,22338,0,60 61,1,70,,22346,0,60 61,1,30,,22356,0,60 61,1,70,,22334,0,60 61,1,30,,22347,0,60 61,1,70,,22351,0,60 61,1,30,,22333,0,60 61,1,70,,22332,0,60 61,1,30,,22344,0,60 61,1,70,,22335,0,60 61,1,30,,22348,0,60 61,1,70,,22341,0,60 61,1,30,,22327,0,60 61,1,100,,22330,0,60 61,1,100,,22343,0,60 61,1,100,,22352,0,60 61,1,100,,22342,0,60 61,1,100,,22350,0,60 61,1,100,,22354,0,60 61,1
40800,'12',845,,22373,0,60 61,1,100,,22358,0,60 61,1,70,,22360,0,60 61,1,30,,22359,0,60 61,1,70,,22368,0,60 61,1,30,,11645,0,60 61,1,70,,22363,0,60 61,1,30,,22367,0,60 61,1,70,,22369,0,60 61,1,30,,22362,0,60 61,1,70,,22364,0,60 61,1,30,,22365,0,60 61,1,70,,22371,0,60 61,1,30,,12572,0,60 61,1,70,,22366,0,60 61,1,30,,22361,0,60 61,1,70,,22372,0,60 61,1,30,,22370,0,60 61,1,100,,22357,0,60 61,1,100,,22374,0,60 61,1
40800,'15',1745,,22378,0,60 61,1,100,,22376,0,60 61,1,100,,22375,0,60 61,1,100,,22377,0,60 61,1,100,,22381,0,60 61,1,100,,22379,0,60 61,1,100,,22380,0,60 61,1
40800,'16',1745,,10089,0,60 61,1,100,,22383,0,60 61,1,100,,22382,0,60 61,1,100,,22384,0,60 61,1,100,,22387,0,60 61,1,100,,22385,0,60 61,1,100,,22386,0,60 61,1
40800,'17',1745,,10133,0,60 61,1,100,,22389,0,60 61,1,100,,22388,0,60 61,1,100,,22390,0,60 61,1,100,,22393,0,60 61,1,100,,22391,0,60 61,1,100,,22392,0,60 61,1
40800,'19',1745,,22397,0,60 61,1,100,,22395,0,60 61,1,100,,22394,0,60 61,1,100,,22396,0,60 61,1,100,,22400,0,60 61,1,100,,22398,0,60 61,1,100,,22399,0,60 61,1
40800,'21',615,,22415,0,60 61,1,30,,22402,0,60 61,1,70,,11478,0,60 61,1,30,,22411,0,60 61,1,70,,22409,0,60 61,1,30,,11944,0,60 61,1,70,,22423,0,60 61,1,30,,22403,0,60 61,1,70,,22412,0,60 61,1,30,,22408,0,60 61,1,70,,22419,0,60 61,1,30,,22410,0,60 61,1,70,,22416,0,60 61,1,30,,22425,0,60 61,1,70,,22406,0,60 61,1,30,,22417,0,60 61,1,70,,22421,0,60 61,1,30,,12965,0,60 61,1,70,,22405,0,60 61,1,30,,12535,0,60 61,1,70,,22407,0,60 61,1,30,,22418,0,60 61,1,70,,22413,0,60 61,1,30,,22401,0,60 61,1,100,,22404,0,60 61,1,100,,13042,0,60 61,1,100,,22422,0,60 61,1,100,,22414,0,60 61,1,100,,22420,0,60 61,1,100,,22424,0,60 61,1
40800,'5',1745,,10240,0,60 61,1,100,,22427,0,60 61,1,100,,22426,0,60 61,1,100,,22428,0,60 61,1,100,,22431,0,60 61,1,100,,22429,0,60 61,1,100,,22430,0,60 61,1
40800,'6',1745,,22435,0,60 61,1,100,,22433,0,60 61,1,100,,22432,0,60 61,1,100,,22434,0,60 61,1,100,,22438,0,60 61,1,100,,22436,0,60 61,1,100,,22437,0,60 61,1
41200,'1',1115,,22917,0,23,1,100,,6098,0,23,1,100,,22918,0,23,1,100,,9412,0,23,1,100,,22916,0,23,1,100,,10866,0,23,1,100,,22919,0,23,1
41200,'10',615,,22947,0,23,1,30,,22946,0,23,1,70,,22929,0,23,1,30,,22937,0,23,1,70,,22928,0,23,1,30,,22938,0,23,1,70,,22948,0,23,1,30,,22936,0,23,1,70,,22944,0,23,1,30,,22942,0,23,1,70,,22923,0,23,1,30,,22935,0,23,1,70,,22945,0,23,1,30,,22926,0,23,1,70,,22927,0,23,1,30,,22920,0,23,1,70,,22939,0,23,1,30,,22921,0,23,1,70,,22940,0,23,1,30,,22932,0,23,1,70,,22922,0,23,1,30,,22934,0,23,1,70,,22925,0,23,1,30,,22949,0,23,1,70,,22933,0,23,1,100,,22941,0,23,1,100,,22943,0,23,1,100,,22930,0,23,1,100,,22924,0,23,1,100,,22931,0,23,1
41200,'12',915,,22965,0,23,1,100,,22960,0,23,1,30,,22962,0,23,1,70,,10833,0,23,1,30,,22951,0,23,1,70,,22953,0,23,1,30,,22959,0,23,1,70,,22966,0,23,1,30,,22955,0,23,1,70,,22963,0,23,1,30,,22952,0,23,1,70,,22961,0,23,1,30,,22964,0,23,1,70,,22950,0,23,1,30,,22956,0,23,1,70,,22958,0,23,1,30,,22954,0,23,1,70,,22957,0,23,1,100,,11410,0,23,1
41200,'15',1815,,22968,0,23,1,100,,22970,0,23,1,100,,22969,0,23,1,100,,22972,0,23,1,100,,22971,0,23,1,100,,22967,0,23,1
41200,'16',1815,,22974,0,23,1,100,,22976,0,23,1,100,,22975,0,23,1,100,,22978,0,23,1,100,,22977,0,23,1,100,,22973,0,23,1
41200,'17',1815,,22980,0,23,1,100,,22982,0,23,1,100,,22981,0,23,1,100,,22984,0,23,1,100,,22983,0,23,1,100,,22979,0,23,1
41200,'19',1815,,22986,0,23,1,100,,22988,0,23,1,100,,22987,0,23,1,100,,22990,0,23,1,100,,22989,0,23,1,100,,22985,0,23,1
41200,'21',615,,23017,0,23,1,30,,23016,0,23,1,70,,22999,0,23,1,30,,23007,0,23,1,70,,22998,0,23,1,30,,23008,0,23,1,70,,23018,0,23,1,30,,23006,0,23,1,70,,23014,0,23,1,30,,23012,0,23,1,70,,22993,0,23,1,30,,23005,0,23,1,70,,23015,0,23,1,30,,22996,0,23,1,70,,22997,0,23,1,30,,10766,0,23,1,70,,23009,0,23,1,30,,22991,0,23,1,70,,23010,0,23,1,30,,23002,0,23,1,70,,22992,0,23,1,30,,23004,0,23,1,70,,22995,0,23,1,30,,23019,0,23,1,70,,23003,0,23,1,100,,23011,0,23,1,100,,23013,0,23,1,100,,23000,0,23,1,100,,22994,0,23,1,100,,23001,0,23,1
41200,'5',1815,,23021,0,23,1,100,,23023,0,23,1,100,,23022,0,23,1,100,,23025,0,23,1,100,,23024,0,23,1,100,,23020,0,23,1
41200,'6',1815,,23027,0,23,1,100,,23029,0,23,1,100,,23028,0,23,1,100,,23031,0,23,1,100,,23030,0,23,1,100,,23026,0,23,1
43701,'10',1915,,25696,,,1,100,,25692,,,1,100,,25694,,,1,100,,25695,,,1,100,,25698,,,1
43701,'15',1915,,25706,,,1,100,,25702,,,1,100,,25704,,,1,100,,25703,,,1,100,,25709,,,1
43701,'16',1915,,25714,,,1,100,,25712,,,1,100,,11433,,,1,100,,5868,,,1,100,,25717,,,1
43701,'17',1915,,25722,,,1,100,,25720,,,1,100,,1671,,,1,100,,5889,,,1,100,,25725,,,1
43701,'19',1915,,25732,,,1,100,,25728,,,1,100,,25730,,,1,100,,25729,,,1,100,,25735,,,1
43701,'21',1915,,25742,,,1,100,,25738,,,1,100,,25740,,,1,100,,25741,,,1,100,,10483,,,1
43701,'5',1915,,25749,,,1,100,,25747,,,1,100,,1602,,,1,100,,5908,,,1,100,,25752,,,1
43701,'6',1915,,25759,,,1,100,,25755,,,1,100,,25757,,,1,100,,25756,,,1,100,,25762,,,1
