30401,'15',643,,14428,0,49,1,70,,14424,0,49,1,30,,14425,0,49,1,70,,14441,0,49,1,30,,14426,0,49,1,70,,14447,0,49,1,30,,14431,0,49,1,70,,14439,0,49,1,30,,14434,0,49,1,70,,14448,0,49,1,30,,14435,0,49,1,70,,14442,0,49,1,30,,14438,0,49,1,70,,14436,0,49,1,30,,14430,0,49,1,71,,14427,0,49,1,30,,14444,0,49,1,70,,14432,0,49,1,30,,14446,0,49,1,70,,14440,0,49,1,30,,14429,0,49,1,70,,14445,0,49,1,30,,14433,0,49,1,70,,14443,0,49,1,30,,14437,0,49,1
30401,'16',643,,6913,0,49,1,70,,14449,0,49,1,30,,14450,0,49,1,70,,14463,0,49,1,30,,14451,0,49,1,70,,14469,0,49,1,30,,14454,0,49,1,70,,14461,0,49,1,30,,6574,0,49,1,70,,14470,0,49,1,30,,14457,0,49,1,70,,14464,0,49,1,30,,14460,0,49,1,70,,14458,0,49,1,30,,14453,0,49,1,71,,14452,0,49,1,30,,14466,0,49,1,70,,14455,0,49,1,30,,14468,0,49,1,70,,14462,0,49,1,30,,5635,0,49,1,70,,14467,0,49,1,30,,14456,0,49,1,70,,14465,0,49,1,30,,14459,0,49,1
30401,'17',643,,6935,0,49,1,70,,14471,0,49,1,30,,14472,0,49,1,70,,14485,0,49,1,30,,14473,0,49,1,70,,14491,0,49,1,30,,14476,0,49,1,70,,14483,0,49,1,30,,6594,0,49,1,70,,14492,0,49,1,30,,14479,0,49,1,70,,14486,0,49,1,30,,14482,0,49,1,70,,14480,0,49,1,30,,14475,0,49,1,71,,14474,0,49,1,30,,14488,0,49,1,70,,14477,0,49,1,30,,14490,0,49,1,70,,14484,0,49,1,30,,5684,0,49,1,70,,14489,0,49,1,30,,14478,0,49,1,70,,14487,0,49,1,30,,14481,0,49,1
30401,'19',643,,14497,0,49,1,70,,14493,0,49,1,30,,14494,0,49,1,70,,14510,0,49,1,30,,14495,0,49,1,70,,14516,0,49,1,30,,14500,0,49,1,70,,14508,0,49,1,30,,14503,0,49,1,70,,14517,0,49,1,30,,14504,0,49,1,70,,14511,0,49,1,30,,14507,0,49,1,70,,14505,0,49,1,30,,14499,0,49,1,71,,14496,0,49,1,30,,14513,0,49,1,70,,14501,0,49,1,30,,14515,0,49,1,70,,14509,0,49,1,30,,14498,0,49,1,70,,14514,0,49,1,30,,14502,0,49,1,70,,14512,0,49,1,30,,14506,0,49,1
30401,'5',643,,6952,0,49,1,70,,14518,0,49,1,30,,14519,0,49,1,70,,14532,0,49,1,30,,14520,0,49,1,70,,14538,0,49,1,30,,14523,0,49,1,70,,14530,0,49,1,30,,6613,0,49,1,70,,14539,0,49,1,30,,14526,0,49,1,70,,14533,0,49,1,30,,14529,0,49,1,70,,14527,0,49,1,30,,14522,0,49,1,71,,14521,0,49,1,30,,14535,0,49,1,70,,14524,0,49,1,30,,14537,0,49,1,70,,14531,0,49,1,30,,5723,0,49,1,70,,14536,0,49,1,30,,14525,0,49,1,70,,14534,0,49,1,30,,14528,0,49,1
30401,'6',643,,14544,0,49,1,70,,14540,0,49,1,30,,14541,0,49,1,70,,14557,0,49,1,30,,14542,0,49,1,70,,14563,0,49,1,30,,14547,0,49,1,70,,14555,0,49,1,30,,14550,0,49,1,70,,14564,0,49,1,30,,14551,0,49,1,70,,14558,0,49,1,30,,14554,0,49,1,70,,14552,0,49,1,30,,14546,0,49,1,71,,14543,0,49,1,30,,14560,0,49,1,70,,14548,0,49,1,30,,14562,0,49,1,70,,14556,0,49,1,30,,14545,0,49,1,70,,14561,0,49,1,30,,14549,0,49,1,70,,14559,0,49,1,30,,14553,0,49,1
40401,'1',1106,,21984,0,39 51,1,100,,21986,0,39 51,1,100,,6184,0,39 51,1,100,,21982,0,39 51,1,100,,21983,0,39 51,1,100,,21980,0,39 51,1,100,,21981,0,39 51,1,100,,21985,0,39 51,1
40401,'10',705,,21991,0,39 51,1,30,,21998,0,39 51,1,70,,22005,0,39 51,1,30,,21990,0,39 51,1,70,,22012,0,39 51,1,30,,22007,0,39 51,1,70,,22003,0,39 51,1,31,,22006,0,39 51,1,70,,22000,0,39 51,1,30,,21994,0,39 51,1,70,,22011,0,39 51,1,30,,21993,0,39 51,1,70,,21988,0,39 51,1,30,,21997,0,39 51,1,70,,22014,0,39 51,1,30,,22009,0,39 51,1,70,,22010,0,39 51,1,30,,22002,0,39 51,1,70,,21992,0,39 51,1,30,,22013,0,39 51,1,70,,22001,0,39 51,1,30,,21987,0,39 51,1,70,,21995,0,39 51,1,30,,21989,0,39 51,1,70,,21996,0,39 51,1,99,,22008,0,39 51,1,100,,22015,0,39 51,1,100,,22004,0,39 51,1,100,,21999,0,39 51,1
40401,'12',905,,22033,0,39 51,1,100,,22019,0,39 51,1,31,,22018,0,39 51,1,70,,22025,0,39 51,1,30,,22026,0,39 51,1,70,,22022,0,39 51,1,30,,22029,0,39 51,1,70,,22016,0,39 51,1,30,,22020,0,39 51,1,70,,22028,0,39 51,1,30,,22031,0,39 51,1,70,,22032,0,39 51,1,30,,13065,0,39 51,1,70,,22023,0,39 51,1,30,,22021,0,39 51,1,70,,22027,0,39 51,1,30,,22034,0,39 51,1,70,,22024,0,39 51,1,100,,22030,0,39 51,1,99,,22017,0,39 51,1
40401,'15',1906,,22038,0,39 51,1,99,,22039,0,39 51,1,100,,22037,0,39 51,1,100,,22035,0,39 51,1,100,,22036,0,39 51,1
40401,'16',1906,,22043,0,39 51,1,99,,22044,0,39 51,1,100,,22042,0,39 51,1,100,,22040,0,39 51,1,100,,22041,0,39 51,1
40401,'17',1906,,22048,0,39 51,1,99,,22049,0,39 51,1,100,,22047,0,39 51,1,100,,22045,0,39 51,1,100,,22046,0,39 51,1
40401,'19',1906,,22053,0,39 51,1,99,,22054,0,39 51,1,100,,22052,0,39 51,1,100,,22050,0,39 51,1,100,,22051,0,39 51,1
40401,'21',705,,22059,0,39 51,1,30,,22066,0,39 51,1,70,,22071,0,39 51,1,30,,22058,0,39 51,1,70,,22078,0,39 51,1,30,,22073,0,39 51,1,70,,22069,0,39 51,1,31,,22072,0,39 51,1,70,,22068,0,39 51,1,30,,22062,0,39 51,1,70,,22077,0,39 51,1,30,,22061,0,39 51,1,70,,22056,0,39 51,1,30,,22065,0,39 51,1,70,,22080,0,39 51,1,30,,22075,0,39 51,1,70,,22076,0,39 51,1,30,,11785,0,39 51,1,70,,22060,0,39 51,1,30,,22079,0,39 51,1,70,,9106,0,39 51,1,30,,22055,0,39 51,1,70,,22063,0,39 51,1,30,,22057,0,39 51,1,70,,22064,0,39 51,1,99,,22074,0,39 51,1,100,,22081,0,39 51,1,100,,22070,0,39 51,1,100,,22067,0,39 51,1
40401,'5',1906,,22085,0,39 51,1,99,,22086,0,39 51,1,100,,22084,0,39 51,1,100,,22082,0,39 51,1,100,,22083,0,39 51,1
40401,'6',1906,,22090,0,39 51,1,99,,22091,0,39 51,1,100,,22089,0,39 51,1,100,,22087,0,39 51,1,100,,22088,0,39 51,1
