33700,'1',704,,36993,1,,,1,30,,37006,1,,,1,70,,37000,1,,,1,30,,37011,1,,,1,70,,36982,1,,,1,30,,37002,1,,,1,70,,37025,1,,,1,30,,36994,1,,,1,70,,37007,1,,,1,30,,36997,1,,,1,70,,36992,1,,,1,30,,37009,1,,,1,70,,37016,1,,,1,30,,36988,1,,,1,70,,37024,1,,,1,30,,37027,1,,,1,70,,37014,1,,,1,30,,36995,1,,,1,70,,36983,1,,,1,30,,37004,1,,,1,70,,36991,1,,,1,30,,36996,1,,,1,70,,36986,1,,,1,30,,37022,1,,,1,70,,31991,1,,,1
33700,'11',704,,37041,1,,,1,30,,37056,1,,,1,70,,37049,1,,,1,30,,37061,1,,,1,70,,37029,1,,,1,30,,37051,1,,,1,70,,37075,1,,,1,30,,37042,1,,,1,70,,37057,1,,,1,30,,37046,1,,,1,70,,37040,1,,,1,30,,37059,1,,,1,70,,37066,1,,,1,30,,37036,1,,,1,70,,37074,1,,,1,30,,37077,1,,,1,70,,37064,1,,,1,30,,37043,1,,,1,70,,37030,1,,,1,30,,37053,1,,,1,70,,37039,1,,,1,30,,37044,1,,,1,70,,37034,1,,,1,30,,37072,1,,,1,70,,37033,1,,,1
33700,'12',634,,37100,1,,,1,70,,37111,1,,,1,30,,37082,1,,,1,70,,37089,1,,,1,30,,37103,1,,,1,70,,37090,1,,,1,30,,37116,1,,,1,70,,37087,1,,,1,30,,37104,1,,,1,70,,37097,1,,,1,30,,37079,1,,,1,70,,37088,1,,,1,30,,37109,1,,,1,70,,37124,1,,,1,30,,37094,1,,,1,70,,37095,1,,,1,30,,37122,1,,,1,70,,37102,1,,,1,30,,37119,1,,,1,70,,37113,1,,,1,30,,37099,1,,,1,70,,37101,1,,,1,30,,37117,1,,,1,70,,37114,1,,,1,30,,37080,1,,,1
33700,'13',634,,37145,1,,,1,70,,37154,1,,,1,30,,37132,1,,,1,70,,37136,1,,,1,30,,29323,1,,,1,70,,37137,1,,,1,30,,37156,1,,,1,70,,29041,1,,,1,30,,37147,1,,,1,70,,37142,1,,,1,30,,37129,1,,,1,70,,28682,1,,,1,30,,37152,1,,,1,70,,37163,1,,,1,30,,37140,1,,,1,70,,37141,1,,,1,30,,37161,1,,,1,70,,27428,1,,,1,30,,37159,1,,,1,70,,29162,1,,,1,30,,37144,1,,,1,70,,37146,1,,,1,30,,37157,1,,,1,70,,32600,1,,,1,30,,37130,1,,,1
33700,'14',1104,,37187,1,,,1,30,,37176,1,,,1,70,,37191,1,,,1,30,,37178,1,,,1,70,,37184,1,,,1,30,,37189,1,,,1,70,,37171,1,,,1,30,,37186,1,,,1,70,,37167,1,,,1,30,,37179,1,,,1,70,,37185,1,,,1,30,,37180,1,,,1,70,,37173,1,,,1,30,,37172,1,,,1,70,,37182,1,,,1
33700,'16',704,,37208,1,,,1,30,,37221,1,,,1,70,,37215,1,,,1,30,,37226,1,,,1,70,,37197,1,,,1,30,,37217,1,,,1,70,,37240,1,,,1,30,,37209,1,,,1,70,,37222,1,,,1,30,,37212,1,,,1,70,,37207,1,,,1,30,,37224,1,,,1,70,,37231,1,,,1,30,,37203,1,,,1,70,,37239,1,,,1,30,,37242,1,,,1,70,,37229,1,,,1,30,,37210,1,,,1,70,,37198,1,,,1,30,,37219,1,,,1,70,,37206,1,,,1,30,,37211,1,,,1,70,,37201,1,,,1,30,,37237,1,,,1,70,,32029,1,,,1
33700,'3',634,,37260,1,,,1,70,,37269,1,,,1,30,,37247,1,,,1,70,,37251,1,,,1,30,,29344,1,,,1,70,,37252,1,,,1,30,,37271,1,,,1,70,,29047,1,,,1,30,,37262,1,,,1,70,,37257,1,,,1,30,,37244,1,,,1,70,,28726,1,,,1,30,,37267,1,,,1,70,,37278,1,,,1,30,,37255,1,,,1,70,,37256,1,,,1,30,,37276,1,,,1,70,,27477,1,,,1,30,,37274,1,,,1,70,,29172,1,,,1,30,,37259,1,,,1,70,,37261,1,,,1,30,,37272,1,,,1,70,,32607,1,,,1,30,,37245,1,,,1
33700,'6',634,,37304,1,,,1,70,,37315,1,,,1,30,,37286,1,,,1,70,,37293,1,,,1,30,,37307,1,,,1,70,,37294,1,,,1,30,,37320,1,,,1,70,,37291,1,,,1,30,,37308,1,,,1,70,,37301,1,,,1,30,,37283,1,,,1,70,,37292,1,,,1,30,,37313,1,,,1,70,,37328,1,,,1,30,,37298,1,,,1,70,,37299,1,,,1,30,,37326,1,,,1,70,,37306,1,,,1,30,,37323,1,,,1,70,,37317,1,,,1,30,,37303,1,,,1,70,,37305,1,,,1,30,,37321,1,,,1,70,,37318,1,,,1,30,,37284,1,,,1
33700,'8',1134,,37337,1,,,1,70,,37340,1,,,1,30,,37352,1,,,1,70,,37343,1,,,1,30,,37344,1,,,1,70,,29852,1,,,1,30,,37359,1,,,1,70,,37333,1,,,1,30,,37346,1,,,1,70,,37348,1,,,1,30,,37358,1,,,1,70,,37354,1,,,1,30,,37355,1,,,1,70,,37334,1,,,1,30,,37335,1,,,1
33701,'1',652,,37363,29,4,,1,70,,29420,29,4,,1,30,,37391,29,4,,1,70,,37369,29,4,,1,30,,37384,29,4,,1,70,,37372,29,4,,1,30,,37371,29,4,,1,71,,37375,29,4,,1,30,,37387,29,4,,1,70,,37383,29,4,,1,30,,37373,29,4,,1,70,,37367,29,4,,1,30,,32345,29,4,,1,70,,37399,29,4,,1,30,,37365,29,4,,1,70,,37386,29,4,,1,30,,37389,29,4,,1,70,,37360,29,4,,1,30,,37377,29,4,,1,70,,37403,29,4,,1,30,,37390,29,4,,1,70,,37364,29,4,,1,30,,37376,29,4,,1,70,,37381,29,4,,1,30,,22061,29,4,,1
33701,'11',652,,37410,29,4,,1,70,,37443,29,4,,1,30,,37439,29,4,,1,70,,37416,29,4,,1,30,,37432,29,4,,1,70,,37419,29,4,,1,30,,37418,29,4,,1,71,,37422,29,4,,1,30,,37435,29,4,,1,70,,37431,29,4,,1,30,,37420,29,4,,1,70,,37414,29,4,,1,30,,37444,29,4,,1,70,,37449,29,4,,1,30,,37412,29,4,,1,70,,37434,29,4,,1,30,,37437,29,4,,1,70,,37406,29,4,,1,30,,37424,29,4,,1,70,,37453,29,4,,1,30,,37438,29,4,,1,70,,37411,29,4,,1,30,,37423,29,4,,1,70,,37428,29,4,,1,30,,37429,29,4,,1
33701,'12',632,,37480,29,4,,1,70,,37497,29,4,,1,30,,37466,29,4,,1,70,,37462,29,4,,1,30,,37461,29,4,,1,70,,37503,29,4,,1,30,,37501,29,4,,1,70,,37495,29,4,,1,31,,37486,29,4,,1,70,,37504,29,4,,1,30,,37465,29,4,,1,70,,37498,29,4,,1,30,,37502,29,4,,1,70,,37493,29,4,,1,30,,37475,29,4,,1,70,,37484,29,4,,1,30,,37478,29,4,,1,70,,37472,29,4,,1,30,,37489,29,4,,1,70,,37468,29,4,,1,30,,37500,29,4,,1,70,,37490,29,4,,1,30,,37477,29,4,,1,70,,37473,29,4,,1,30,,37476,29,4,,1
33701,'13',632,,37527,29,4,,1,70,,37540,29,4,,1,30,,37515,29,4,,1,70,,37512,29,4,,1,30,,37511,29,4,,1,70,,37545,29,4,,1,30,,27985,29,4,,1,70,,28408,29,4,,1,31,,37532,29,4,,1,70,,37546,29,4,,1,30,,37514,29,4,,1,70,,37541,29,4,,1,30,,37544,29,4,,1,70,,37538,29,4,,1,30,,31700,29,4,,1,70,,37530,29,4,,1,30,,37525,29,4,,1,70,,37520,29,4,,1,30,,37535,29,4,,1,70,,37517,29,4,,1,30,,37543,29,4,,1,70,,37536,29,4,,1,30,,37524,29,4,,1,70,,37521,29,4,,1,30,,37523,29,4,,1
33701,'14',1053,,37561,29,4,,1,70,,37562,29,4,,1,30,,37564,29,4,,1,70,,37549,29,4,,1,30,,37559,29,4,,1,70,,37548,29,4,,1,30,,37558,29,4,,1,70,,37554,29,4,,1,30,,37568,29,4,,1,70,,37567,29,4,,1,30,,29744,29,4,,1,70,,37575,29,4,,1,30,,37566,29,4,,1,70,,37573,29,4,,1,30,,37574,29,4,,1
33701,'16',652,,37580,29,4,,1,70,,29539,29,4,,1,30,,37608,29,4,,1,70,,37586,29,4,,1,30,,37601,29,4,,1,70,,37589,29,4,,1,30,,37588,29,4,,1,71,,37592,29,4,,1,30,,37604,29,4,,1,70,,37600,29,4,,1,30,,37590,29,4,,1,70,,37584,29,4,,1,30,,32392,29,4,,1,70,,37616,29,4,,1,30,,37582,29,4,,1,70,,37603,29,4,,1,30,,37606,29,4,,1,70,,37577,29,4,,1,30,,37594,29,4,,1,70,,37620,29,4,,1,30,,37607,29,4,,1,70,,37581,29,4,,1,30,,37593,29,4,,1,70,,37598,29,4,,1,30,,29969,29,4,,1
33701,'3',632,,37644,29,4,,1,70,,37657,29,4,,1,30,,37632,29,4,,1,70,,37629,29,4,,1,30,,37628,29,4,,1,70,,37662,29,4,,1,30,,28008,29,4,,1,70,,28429,29,4,,1,31,,37649,29,4,,1,70,,37663,29,4,,1,30,,37631,29,4,,1,70,,37658,29,4,,1,30,,37661,29,4,,1,70,,37655,29,4,,1,30,,31755,29,4,,1,70,,37647,29,4,,1,30,,37642,29,4,,1,70,,37637,29,4,,1,30,,37652,29,4,,1,70,,37634,29,4,,1,30,,37660,29,4,,1,70,,37653,29,4,,1,30,,37641,29,4,,1,70,,37638,29,4,,1,30,,37640,29,4,,1
33701,'6',632,,37689,29,4,,1,70,,37706,29,4,,1,30,,37675,29,4,,1,70,,37671,29,4,,1,30,,37670,29,4,,1,70,,37712,29,4,,1,30,,37710,29,4,,1,70,,37704,29,4,,1,31,,37695,29,4,,1,70,,37713,29,4,,1,30,,37674,29,4,,1,70,,37707,29,4,,1,30,,37711,29,4,,1,70,,37702,29,4,,1,30,,37684,29,4,,1,70,,37693,29,4,,1,30,,37687,29,4,,1,70,,37681,29,4,,1,30,,37698,29,4,,1,70,,37677,29,4,,1,30,,37709,29,4,,1,70,,37699,29,4,,1,30,,37686,29,4,,1,70,,37682,29,4,,1,30,,37685,29,4,,1
33701,'8',1123,,30756,29,4,,1,30,,37729,29,4,,1,70,,37725,29,4,,1,30,,37718,29,4,,1,70,,37738,29,4,,1,30,,37715,29,4,,1,70,,37740,29,4,,1,30,,37721,29,4,,1,70,,37730,29,4,,1,30,,31765,29,4,,1,70,,37719,29,4,,1,30,,37720,29,4,,1,70,,37723,29,4,,1,30,,37722,29,4,,1,70,,37726,29,4,,1
