30700,'12',642,,34058,23,0,65 14,1,70,,34054,23,0,65 14,1,30,,34056,23,0,65 14,1,70,,34047,23,0,65 14,1,30,,34062,23,0,65 14,1,70,,34049,23,0,65 14,1,30,,34061,23,0,65 14,1,71,,34053,23,0,65 14,1,30,,34044,23,0,65 14,1,70,,34051,23,0,65 14,1,30,,34050,23,0,65 14,1,70,,34060,23,0,65 14,1,30,,34057,23,0,65 14,1,70,,34045,23,0,65 14,1,30,,34048,23,0,65 14,1,70,,34065,23,0,65 14,1,30,,34055,23,0,65 14,1,70,,34052,23,0,65 14,1,30,,34043,23,0,65 14,1,70,,34064,23,0,65 14,1,30,,34063,23,0,65 14,1,70,,34046,23,0,65 14,1,30,,34059,23,0,65 14,1
30700,'13',642,,34080,23,0,65 14,1,70,,34077,23,0,65 14,1,30,,28551,23,0,65 14,1,70,,34070,23,0,65 14,1,30,,34084,23,0,65 14,1,70,,34072,23,0,65 14,1,30,,34083,23,0,65 14,1,71,,34076,23,0,65 14,1,30,,34067,23,0,65 14,1,70,,34074,23,0,65 14,1,30,,34073,23,0,65 14,1,70,,34082,23,0,65 14,1,30,,34079,23,0,65 14,1,70,,34068,23,0,65 14,1,30,,34071,23,0,65 14,1,70,,34087,23,0,65 14,1,30,,34078,23,0,65 14,1,70,,34075,23,0,65 14,1,30,,34066,23,0,65 14,1,70,,34086,23,0,65 14,1,30,,34085,23,0,65 14,1,70,,34069,23,0,65 14,1,30,,34081,23,0,65 14,1
30700,'3',642,,34102,23,0,65 14,1,70,,34099,23,0,65 14,1,30,,28573,23,0,65 14,1,70,,34092,23,0,65 14,1,30,,34106,23,0,65 14,1,70,,34094,23,0,65 14,1,30,,34105,23,0,65 14,1,71,,34098,23,0,65 14,1,30,,34089,23,0,65 14,1,70,,34096,23,0,65 14,1,30,,34095,23,0,65 14,1,70,,34104,23,0,65 14,1,30,,34101,23,0,65 14,1,70,,34090,23,0,65 14,1,30,,34093,23,0,65 14,1,70,,34109,23,0,65 14,1,30,,34100,23,0,65 14,1,70,,34097,23,0,65 14,1,30,,34088,23,0,65 14,1,70,,34108,23,0,65 14,1,30,,34107,23,0,65 14,1,70,,34091,23,0,65 14,1,30,,34103,23,0,65 14,1
30700,'6',642,,34125,23,0,65 14,1,70,,34121,23,0,65 14,1,30,,34123,23,0,65 14,1,70,,34114,23,0,65 14,1,30,,34129,23,0,65 14,1,70,,34116,23,0,65 14,1,30,,34128,23,0,65 14,1,71,,34120,23,0,65 14,1,30,,34111,23,0,65 14,1,70,,34118,23,0,65 14,1,30,,34117,23,0,65 14,1,70,,34127,23,0,65 14,1,30,,34124,23,0,65 14,1,70,,34112,23,0,65 14,1,30,,34115,23,0,65 14,1,70,,34132,23,0,65 14,1,30,,34122,23,0,65 14,1,70,,34119,23,0,65 14,1,30,,34110,23,0,65 14,1,70,,34131,23,0,65 14,1,30,,34130,23,0,65 14,1,70,,34113,23,0,65 14,1,30,,34126,23,0,65 14,1
41700,'1',630,,40762,38,0,67,1,70,,40769,38,0,67,1,31,,40763,38,0,67,1,70,,40774,38,0,67,1,30,,40775,38,0,67,1,70,,40782,38,0,67,1,30,,40768,38,0,67,1,70,,40767,38,0,67,1,30,,40783,38,0,67,1,70,,40765,38,0,67,1,30,,40778,38,0,67,1,70,,40771,38,0,67,1,30,,30428,38,0,67,1,70,,40764,38,0,67,1,30,,40781,38,0,67,1,70,,29674,38,0,67,1,30,,40772,38,0,67,1,70,,40773,38,0,67,1,30,,40761,38,0,67,1,70,,30086,38,0,67,1,30,,40766,38,0,67,1,70,,30078,38,0,67,1,30,,40776,38,0,67,1,70,,40777,38,0,67,1,30,,40779,38,0,67,1,100,,40760,38,0,67,1,100,,40770,38,0,67,1,100,,40759,38,0,67,1,100,,40780,38,0,67,1,100,,30781,38,0,67,1
41700,'11',630,,40787,38,0,67,1,70,,40795,38,0,67,1,31,,40788,38,0,67,1,70,,40801,38,0,67,1,30,,40802,38,0,67,1,70,,40811,38,0,67,1,30,,40793,38,0,67,1,70,,40792,38,0,67,1,30,,40813,38,0,67,1,70,,40790,38,0,67,1,30,,40806,38,0,67,1,70,,40797,38,0,67,1,30,,40794,38,0,67,1,70,,40789,38,0,67,1,30,,40810,38,0,67,1,70,,40812,38,0,67,1,30,,40799,38,0,67,1,70,,40800,38,0,67,1,30,,40786,38,0,67,1,70,,40804,38,0,67,1,30,,40791,38,0,67,1,70,,40798,38,0,67,1,30,,40803,38,0,67,1,70,,40805,38,0,67,1,30,,40808,38,0,67,1,100,,40785,38,0,67,1,100,,40796,38,0,67,1,100,,40784,38,0,67,1,100,,40809,38,0,67,1,100,,40807,38,0,67,1
41700,'12',1831,,40818,38,0,67,1,100,,40814,38,0,67,1,100,,40817,38,0,67,1,100,,40819,38,0,67,1,100,,40816,38,0,67,1,100,,40815,38,0,67,1
41700,'13',1831,,40824,38,0,67,1,100,,40820,38,0,67,1,100,,40823,38,0,67,1,100,,40825,38,0,67,1,100,,40822,38,0,67,1,100,,40821,38,0,67,1
41700,'14',1131,,40830,38,0,67,1,100,,29507,38,0,67,1,100,,40831,38,0,67,1,100,,40829,38,0,67,1,100,,40826,38,0,67,1,100,,40828,38,0,67,1,100,,40827,38,0,67,1
41700,'16',630,,40835,38,0,67,1,70,,40842,38,0,67,1,31,,40836,38,0,67,1,70,,40847,38,0,67,1,30,,40848,38,0,67,1,70,,40855,38,0,67,1,30,,40841,38,0,67,1,70,,40840,38,0,67,1,30,,40856,38,0,67,1,70,,40838,38,0,67,1,30,,40851,38,0,67,1,70,,40844,38,0,67,1,30,,30468,38,0,67,1,70,,40837,38,0,67,1,30,,40854,38,0,67,1,70,,29793,38,0,67,1,30,,40845,38,0,67,1,70,,40846,38,0,67,1,30,,40834,38,0,67,1,70,,30166,38,0,67,1,30,,40839,38,0,67,1,70,,30159,38,0,67,1,30,,40849,38,0,67,1,70,,40850,38,0,67,1,30,,40852,38,0,67,1,100,,40833,38,0,67,1,100,,40843,38,0,67,1,100,,40832,38,0,67,1,100,,40853,38,0,67,1,100,,30822,38,0,67,1
41700,'3',1831,,40861,38,0,67,1,100,,40857,38,0,67,1,100,,40860,38,0,67,1,100,,40862,38,0,67,1,100,,40859,38,0,67,1,100,,40858,38,0,67,1
41700,'6',1831,,40867,38,0,67,1,100,,40863,38,0,67,1,100,,40866,38,0,67,1,100,,40868,38,0,67,1,100,,40865,38,0,67,1,100,,40864,38,0,67,1
41700,'8',931,,40880,38,0,67,1,100,,32423,38,0,67,1,70,,40870,38,0,67,1,30,,40869,38,0,67,1,70,,40882,38,0,67,1,30,,40876,38,0,67,1,70,,40872,38,0,67,1,30,,40875,38,0,67,1,70,,40878,38,0,67,1,30,,40881,38,0,67,1,70,,40871,38,0,67,1,30,,40874,38,0,67,1,70,,30924,38,0,67,1,30,,40883,38,0,67,1,70,,40884,38,0,67,1,30,,40873,38,0,67,1,70,,40877,38,0,67,1,30,,40879,38,0,67,1,100,,31236,38,0,67,1
