30301,'15',632,,9736,12,0,32 33,1,70,,9742,12,0,32 33,1,30,,9734,12,0,32 33,1,70,,9740,12,0,32 33,1,30,,9749,12,0,32 33,1,70,,9751,12,0,32 33,1,30,,9754,12,0,32 33,1,70,,9755,12,0,32 33,1,30,,9756,12,0,32 33,1,70,,9737,12,0,32 33,1,30,,9743,12,0,32 33,1,70,,9738,12,0,32 33,1,30,,9748,12,0,32 33,1,70,,9735,12,0,32 33,1,30,,9750,12,0,32 33,1,70,,9757,12,0,32 33,1,31,,9747,12,0,32 33,1,70,,9739,12,0,32 33,1,30,,9753,12,0,32 33,1,70,,9752,12,0,32 33,1,30,,9745,12,0,32 33,1,70,,9744,12,0,32 33,1,30,,9741,12,0,32 33,1,70,,9746,12,0,32 33,1
30301,'16',632,,9760,12,0,32 33,1,70,,9763,12,0,32 33,1,30,,9758,12,0,32 33,1,70,,9762,12,0,32 33,1,30,,9769,12,0,32 33,1,70,,9771,12,0,32 33,1,30,,9774,12,0,32 33,1,70,,9775,12,0,32 33,1,30,,9776,12,0,32 33,1,70,,9778,12,0,32 33,1,30,,9764,12,0,32 33,1,70,,9761,12,0,32 33,1,30,,9768,12,0,32 33,1,70,,9759,12,0,32 33,1,30,,9770,12,0,32 33,1,70,,9777,12,0,32 33,1,31,,9767,12,0,32 33,1,70,,993,12,0,32 33,1,30,,9773,12,0,32 33,1,70,,9772,12,0,32 33,1,30,,9765,12,0,32 33,1,70,,4581,12,0,32 33,1,30,,6780,12,0,32 33,1,70,,9766,12,0,32 33,1
30301,'17',632,,9781,12,0,32 33,1,70,,9784,12,0,32 33,1,30,,9779,12,0,32 33,1,70,,9783,12,0,32 33,1,30,,9790,12,0,32 33,1,70,,9792,12,0,32 33,1,30,,9795,12,0,32 33,1,70,,9796,12,0,32 33,1,30,,9797,12,0,32 33,1,70,,9799,12,0,32 33,1,30,,9785,12,0,32 33,1,70,,9782,12,0,32 33,1,30,,9789,12,0,32 33,1,70,,9780,12,0,32 33,1,30,,9791,12,0,32 33,1,70,,9798,12,0,32 33,1,31,,9788,12,0,32 33,1,70,,1018,12,0,32 33,1,30,,9794,12,0,32 33,1,70,,9793,12,0,32 33,1,30,,9786,12,0,32 33,1,70,,4599,12,0,32 33,1,30,,6787,12,0,32 33,1,70,,9787,12,0,32 33,1
30301,'19',632,,9802,12,0,32 33,1,70,,9807,12,0,32 33,1,30,,9800,12,0,32 33,1,70,,9805,12,0,32 33,1,30,,9814,12,0,32 33,1,70,,9816,12,0,32 33,1,30,,9819,12,0,32 33,1,70,,9820,12,0,32 33,1,30,,9821,12,0,32 33,1,70,,9812,12,0,32 33,1,30,,9808,12,0,32 33,1,70,,9803,12,0,32 33,1,30,,8491,12,0,32 33,1,70,,9801,12,0,32 33,1,30,,9815,12,0,32 33,1,70,,9822,12,0,32 33,1,31,,9813,12,0,32 33,1,70,,9804,12,0,32 33,1,30,,9818,12,0,32 33,1,70,,9817,12,0,32 33,1,30,,9810,12,0,32 33,1,70,,9809,12,0,32 33,1,30,,9806,12,0,32 33,1,70,,9811,12,0,32 33,1
30301,'5',632,,9824,12,0,32 33,1,70,,9827,12,0,32 33,1,30,,9823,12,0,32 33,1,70,,9826,12,0,32 33,1,30,,9834,12,0,32 33,1,70,,9836,12,0,32 33,1,30,,9839,12,0,32 33,1,70,,9840,12,0,32 33,1,30,,9841,12,0,32 33,1,70,,9831,12,0,32 33,1,30,,9828,12,0,32 33,1,70,,9825,12,0,32 33,1,30,,9833,12,0,32 33,1,70,,8646,12,0,32 33,1,30,,9835,12,0,32 33,1,70,,9842,12,0,32 33,1,31,,9832,12,0,32 33,1,70,,1042,12,0,32 33,1,30,,9838,12,0,32 33,1,70,,9837,12,0,32 33,1,30,,9829,12,0,32 33,1,70,,4623,12,0,32 33,1,30,,6831,12,0,32 33,1,70,,9830,12,0,32 33,1
30301,'6',632,,9845,12,0,32 33,1,70,,9851,12,0,32 33,1,30,,9843,12,0,32 33,1,70,,9849,12,0,32 33,1,30,,9858,12,0,32 33,1,70,,9860,12,0,32 33,1,30,,9863,12,0,32 33,1,70,,9864,12,0,32 33,1,30,,9865,12,0,32 33,1,70,,9846,12,0,32 33,1,30,,9852,12,0,32 33,1,70,,9847,12,0,32 33,1,30,,9857,12,0,32 33,1,70,,9844,12,0,32 33,1,30,,9859,12,0,32 33,1,70,,9866,12,0,32 33,1,31,,9856,12,0,32 33,1,70,,9848,12,0,32 33,1,30,,9862,12,0,32 33,1,70,,9861,12,0,32 33,1,30,,9854,12,0,32 33,1,70,,9853,12,0,32 33,1,30,,9850,12,0,32 33,1,70,,9855,12,0,32 33,1
41500,'1',1122,,18792,18,0,20 14 21 18,1,100,,18791,18,0,20 14 21 18,1,100,,18793,18,0,20 14 21 18,1,100,,18794,18,0,20 14 21 18,1,100,,2758,18,0,20 14 21 18,1,100,,18795,18,0,20 14 21 18,1,100,,18790,18,0,20 14 21 18,1
41500,'10',652,,18807,18,0,20 14 21 18,1,70,,18818,18,0,20 14 21 18,1,30,,18823,18,0,20 14 21 18,1,70,,18810,18,0,20 14 21 18,1,30,,18804,18,0,20 14 21 18,1,70,,18812,18,0,20 14 21 18,1,30,,18809,18,0,20 14 21 18,1,70,,18815,18,0,20 14 21 18,1,30,,18801,18,0,20 14 21 18,1,70,,18816,18,0,20 14 21 18,1,30,,18813,18,0,20 14 21 18,1,70,,18797,18,0,20 14 21 18,1,30,,18806,18,0,20 14 21 18,1,70,,18821,18,0,20 14 21 18,1,30,,18805,18,0,20 14 21 18,1,70,,18820,18,0,20 14 21 18,1,30,,18824,18,0,20 14 21 18,1,70,,18803,18,0,20 14 21 18,1,30,,18798,18,0,20 14 21 18,1,70,,18796,18,0,20 14 21 18,1,30,,18817,18,0,20 14 21 18,1,70,,18800,18,0,20 14 21 18,1,30,,18811,18,0,20 14 21 18,1,70,,18802,18,0,20 14 21 18,1,100,,18799,18,0,20 14 21 18,1,100,,18808,18,0,20 14 21 18,1,100,,18819,18,0,20 14 21 18,1,100,,18822,18,0,20 14 21 18,1,100,,18814,18,0,20 14 21 18,1
41500,'12',922,,18833,18,0,20 14 21 18,1,100,,18834,18,0,20 14 21 18,1,30,,18837,18,0,20 14 21 18,1,70,,18827,18,0,20 14 21 18,1,30,,18830,18,0,20 14 21 18,1,70,,18831,18,0,20 14 21 18,1,30,,18838,18,0,20 14 21 18,1,70,,18836,18,0,20 14 21 18,1,30,,7789,18,0,20 14 21 18,1,70,,18825,18,0,20 14 21 18,1,30,,18839,18,0,20 14 21 18,1,70,,18842,18,0,20 14 21 18,1,30,,18841,18,0,20 14 21 18,1,70,,18826,18,0,20 14 21 18,1,30,,18840,18,0,20 14 21 18,1,70,,18828,18,0,20 14 21 18,1,30,,18829,18,0,20 14 21 18,1,70,,18832,18,0,20 14 21 18,1,100,,18835,18,0,20 14 21 18,1
41500,'15',1822,,18846,18,0,20 14 21 18,1,100,,18844,18,0,20 14 21 18,1,100,,18843,18,0,20 14 21 18,1,100,,18848,18,0,20 14 21 18,1,100,,18847,18,0,20 14 21 18,1,100,,18845,18,0,20 14 21 18,1
41500,'16',1822,,18851,18,0,20 14 21 18,1,100,,18850,18,0,20 14 21 18,1,100,,18849,18,0,20 14 21 18,1,100,,18853,18,0,20 14 21 18,1,100,,18852,18,0,20 14 21 18,1,100,,8374,18,0,20 14 21 18,1
41500,'17',1822,,18857,18,0,20 14 21 18,1,100,,18855,18,0,20 14 21 18,1,100,,18854,18,0,20 14 21 18,1,100,,18859,18,0,20 14 21 18,1,100,,18858,18,0,20 14 21 18,1,100,,18856,18,0,20 14 21 18,1
41500,'19',1822,,18863,18,0,20 14 21 18,1,100,,18861,18,0,20 14 21 18,1,100,,18860,18,0,20 14 21 18,1,100,,18865,18,0,20 14 21 18,1,100,,18864,18,0,20 14 21 18,1,100,,18862,18,0,20 14 21 18,1
41500,'21',652,,18877,18,0,20 14 21 18,1,70,,18888,18,0,20 14 21 18,1,30,,18893,18,0,20 14 21 18,1,70,,18880,18,0,20 14 21 18,1,30,,18874,18,0,20 14 21 18,1,70,,18882,18,0,20 14 21 18,1,30,,18879,18,0,20 14 21 18,1,70,,18885,18,0,20 14 21 18,1,30,,18871,18,0,20 14 21 18,1,70,,18886,18,0,20 14 21 18,1,30,,18883,18,0,20 14 21 18,1,70,,18867,18,0,20 14 21 18,1,30,,18876,18,0,20 14 21 18,1,70,,18891,18,0,20 14 21 18,1,30,,18875,18,0,20 14 21 18,1,70,,18890,18,0,20 14 21 18,1,30,,18894,18,0,20 14 21 18,1,70,,18873,18,0,20 14 21 18,1,30,,18868,18,0,20 14 21 18,1,70,,18866,18,0,20 14 21 18,1,30,,18887,18,0,20 14 21 18,1,70,,18870,18,0,20 14 21 18,1,30,,18881,18,0,20 14 21 18,1,70,,18872,18,0,20 14 21 18,1,100,,18869,18,0,20 14 21 18,1,100,,18878,18,0,20 14 21 18,1,100,,18889,18,0,20 14 21 18,1,100,,18892,18,0,20 14 21 18,1,100,,18884,18,0,20 14 21 18,1
41500,'5',1822,,18898,18,0,20 14 21 18,1,100,,18896,18,0,20 14 21 18,1,100,,18895,18,0,20 14 21 18,1,100,,18900,18,0,20 14 21 18,1,100,,18899,18,0,20 14 21 18,1,100,,18897,18,0,20 14 21 18,1
41500,'6',1822,,18904,18,0,20 14 21 18,1,100,,18902,18,0,20 14 21 18,1,100,,18901,18,0,20 14 21 18,1,100,,18906,18,0,20 14 21 18,1,100,,18905,18,0,20 14 21 18,1,100,,18903,18,0,20 14 21 18,1
41501,'1',1133,,18911,37,0,20 14 34,1,100,,18912,37,0,20 14 34,1,100,,18913,37,0,20 14 34,1,101,,18908,37,0,20 14 34,1,100,,18907,37,0,20 14 34,1,100,,18910,37,0,20 14 34,1,100,,18909,37,0,20 14 34,1
41501,'10',701,,18921,37,0,20 14 34,1,31,,18939,37,0,20 14 34,1,70,,18938,37,0,20 14 34,1,30,,18917,37,0,20 14 34,1,70,,18928,37,0,20 14 34,1,30,,18918,37,0,20 14 34,1,70,,18926,37,0,20 14 34,1,31,,18914,37,0,20 14 34,1,70,,18930,37,0,20 14 34,1,30,,18941,37,0,20 14 34,1,70,,18936,37,0,20 14 34,1,30,,18925,37,0,20 14 34,1,70,,18924,37,0,20 14 34,1,30,,18934,37,0,20 14 34,1,70,,18937,37,0,20 14 34,1,31,,18933,37,0,20 14 34,1,70,,18932,37,0,20 14 34,1,30,,18915,37,0,20 14 34,1,70,,18927,37,0,20 14 34,1,30,,18922,37,0,20 14 34,1,70,,18931,37,0,20 14 34,1,30,,18940,37,0,20 14 34,1,70,,18919,37,0,20 14 34,1,30,,18920,37,0,20 14 34,1,97,,18916,37,0,20 14 34,1,100,,18935,37,0,20 14 34,1,100,,18923,37,0,20 14 34,1,100,,18929,37,0,20 14 34,1,100,,18942,37,0,20 14 34,1
41501,'12',932,,18956,37,0,20 14 34,1,101,,18959,37,0,20 14 34,1,70,,18950,37,0,20 14 34,1,30,,18945,37,0,20 14 34,1,70,,6689,37,0,20 14 34,1,30,,18949,37,0,20 14 34,1,70,,18957,37,0,20 14 34,1,30,,18944,37,0,20 14 34,1,70,,18943,37,0,20 14 34,1,31,,6690,37,0,20 14 34,1,70,,18946,37,0,20 14 34,1,30,,18953,37,0,20 14 34,1,70,,18951,37,0,20 14 34,1,30,,18954,37,0,20 14 34,1,70,,18948,37,0,20 14 34,1,30,,18947,37,0,20 14 34,1,70,,18958,37,0,20 14 34,1,30,,18955,37,0,20 14 34,1,97,,18952,37,0,20 14 34,1
41501,'15',1820,,18960,37,0,20 14 34,1,30,,18965,37,0,20 14 34,1,81,,18961,37,0,20 14 34,1,100,,18964,37,0,20 14 34,1,100,,18963,37,0,20 14 34,1,100,,18966,37,0,20 14 34,1,100,,18962,37,0,20 14 34,1
41501,'16',1820,,18967,37,0,20 14 34,1,30,,610,37,0,20 14 34,1,81,,5545,37,0,20 14 34,1,100,,266,37,0,20 14 34,1,100,,18968,37,0,20 14 34,1,100,,18969,37,0,20 14 34,1,100,,1667,37,0,20 14 34,1
41501,'17',1820,,18970,37,0,20 14 34,1,30,,635,37,0,20 14 34,1,81,,5595,37,0,20 14 34,1,100,,316,37,0,20 14 34,1,100,,18971,37,0,20 14 34,1,100,,18972,37,0,20 14 34,1,100,,1690,37,0,20 14 34,1
41501,'19',1820,,18973,37,0,20 14 34,1,30,,18976,37,0,20 14 34,1,81,,18974,37,0,20 14 34,1,100,,18978,37,0,20 14 34,1,100,,18977,37,0,20 14 34,1,100,,18979,37,0,20 14 34,1,100,,18975,37,0,20 14 34,1
41501,'21',701,,18986,37,0,20 14 34,1,31,,19004,37,0,20 14 34,1,70,,19003,37,0,20 14 34,1,30,,18983,37,0,20 14 34,1,70,,18993,37,0,20 14 34,1,30,,5377,37,0,20 14 34,1,70,,18991,37,0,20 14 34,1,31,,18980,37,0,20 14 34,1,70,,18995,37,0,20 14 34,1,30,,19006,37,0,20 14 34,1,70,,19001,37,0,20 14 34,1,30,,18990,37,0,20 14 34,1,70,,18989,37,0,20 14 34,1,30,,18999,37,0,20 14 34,1,70,,19002,37,0,20 14 34,1,31,,18998,37,0,20 14 34,1,70,,18997,37,0,20 14 34,1,30,,18981,37,0,20 14 34,1,70,,18992,37,0,20 14 34,1,30,,18987,37,0,20 14 34,1,70,,18996,37,0,20 14 34,1,30,,19005,37,0,20 14 34,1,70,,18984,37,0,20 14 34,1,30,,18985,37,0,20 14 34,1,97,,18982,37,0,20 14 34,1,100,,19000,37,0,20 14 34,1,100,,18988,37,0,20 14 34,1,100,,18994,37,0,20 14 34,1,100,,19007,37,0,20 14 34,1
41501,'5',1820,,19008,37,0,20 14 34,1,30,,19009,37,0,20 14 34,1,81,,5725,37,0,20 14 34,1,100,,366,37,0,20 14 34,1,100,,19010,37,0,20 14 34,1,100,,19011,37,0,20 14 34,1,100,,1713,37,0,20 14 34,1
41501,'6',1820,,19012,37,0,20 14 34,1,30,,19017,37,0,20 14 34,1,81,,19013,37,0,20 14 34,1,100,,19016,37,0,20 14 34,1,100,,19015,37,0,20 14 34,1,100,,19018,37,0,20 14 34,1,100,,19014,37,0,20 14 34,1
