30500,'12',600,,33676,17,0,22,1,30,,33679,28,0,22,1,70,,33670,28,0,22,1,30,,33691,28,0,22,1,70,,33683,28,0,22,1,30,,33675,28,0,22,1,70,,33684,28,0,22,1,30,,33685,28,0,22,1,70,,33687,28,0,22,1,30,,33688,28,0,22,1,70,,33680,28,0,22,1,30,,33689,28,0,22,1,70,,33671,28,0,22,1,30,,33681,28,0,22,1,70,,33673,28,0,22,1,30,,33669,28,0,22,1,70,,33692,28,0,22,1,30,,33682,28,0,22,1,70,,33690,28,0,22,1,30,,33672,28,0,22,1,70,,33686,28,0,22,1,30,,33674,28,0,22,1,70,,33677,28,0,22,1,30,,33678,28,0,22,1
30500,'13',600,,33700,17,0,22,1,30,,33703,28,0,22,1,70,,33694,28,0,22,1,30,,33714,28,0,22,1,70,,33707,28,0,22,1,30,,33699,28,0,22,1,70,,33708,28,0,22,1,30,,33709,28,0,22,1,70,,33711,28,0,22,1,30,,33712,28,0,22,1,70,,33704,28,0,22,1,30,,28111,28,0,22,1,70,,33695,28,0,22,1,30,,33705,28,0,22,1,70,,33697,28,0,22,1,30,,33693,28,0,22,1,70,,33715,28,0,22,1,30,,33706,28,0,22,1,70,,33713,28,0,22,1,30,,33696,28,0,22,1,70,,33710,28,0,22,1,30,,33698,28,0,22,1,70,,33701,28,0,22,1,30,,33702,28,0,22,1
30500,'3',600,,33723,17,0,22,1,30,,33726,28,0,22,1,70,,33717,28,0,22,1,30,,33737,28,0,22,1,70,,33730,28,0,22,1,30,,33722,28,0,22,1,70,,33731,28,0,22,1,30,,33732,28,0,22,1,70,,33734,28,0,22,1,30,,33735,28,0,22,1,70,,33727,28,0,22,1,30,,28133,28,0,22,1,70,,33718,28,0,22,1,30,,33728,28,0,22,1,70,,33720,28,0,22,1,30,,33716,28,0,22,1,70,,33738,28,0,22,1,30,,33729,28,0,22,1,70,,33736,28,0,22,1,30,,33719,28,0,22,1,70,,33733,28,0,22,1,30,,33721,28,0,22,1,70,,33724,28,0,22,1,30,,33725,28,0,22,1
30500,'6',600,,33746,17,0,22,1,30,,33749,28,0,22,1,70,,33740,28,0,22,1,30,,33761,28,0,22,1,70,,33753,28,0,22,1,30,,33745,28,0,22,1,70,,33754,28,0,22,1,30,,33755,28,0,22,1,70,,33757,28,0,22,1,30,,33758,28,0,22,1,70,,33750,28,0,22,1,30,,33759,28,0,22,1,70,,33741,28,0,22,1,30,,33751,28,0,22,1,70,,33743,28,0,22,1,30,,33739,28,0,22,1,70,,33762,28,0,22,1,30,,33752,28,0,22,1,70,,33760,28,0,22,1,30,,33742,28,0,22,1,70,,33756,28,0,22,1,30,,33744,28,0,22,1,70,,33747,28,0,22,1,30,,33748,28,0,22,1
30501,'12',624,,33786,16,0,27,1,30,,33763,16,0,27,1,70,,33779,16,0,27,1,30,,33766,16,0,27,1,70,,33777,16,0,27,1,30,,33769,16,0,27,1,70,,33774,16,0,27,1,30,,33784,16,0,27,1,70,,33772,16,0,27,1,30,,33770,16,0,27,1,70,,33787,16,0,27,1,30,,33775,16,0,27,1,70,,33767,16,0,27,1,30,,33765,16,0,27,1,70,,33782,16,0,27,1,30,,33783,16,0,27,1,70,,33768,16,0,27,1,30,,33781,16,0,27,1,70,,33778,16,0,27,1,30,,33771,16,0,27,1,70,,33764,16,0,27,1,30,,33780,16,0,27,1,70,,33773,16,0,27,1,30,,33785,16,0,27,1
30501,'13',624,,33810,16,0,27,1,30,,33788,16,0,27,1,70,,33804,16,0,27,1,30,,33791,16,0,27,1,70,,33802,16,0,27,1,30,,33794,16,0,27,1,70,,33799,16,0,27,1,30,,33809,16,0,27,1,70,,33797,16,0,27,1,30,,33795,16,0,27,1,70,,33811,16,0,27,1,30,,33800,16,0,27,1,70,,33792,16,0,27,1,30,,33790,16,0,27,1,70,,33807,16,0,27,1,30,,33808,16,0,27,1,70,,33793,16,0,27,1,30,,33806,16,0,27,1,70,,33803,16,0,27,1,30,,33796,16,0,27,1,70,,33789,16,0,27,1,30,,33805,16,0,27,1,70,,33798,16,0,27,1,30,,28368,16,0,27,1
30501,'3',624,,33834,16,0,27,1,30,,33812,16,0,27,1,70,,33828,16,0,27,1,30,,33815,16,0,27,1,70,,33826,16,0,27,1,30,,33818,16,0,27,1,70,,33823,16,0,27,1,30,,33833,16,0,27,1,70,,33821,16,0,27,1,30,,33819,16,0,27,1,70,,33835,16,0,27,1,30,,33824,16,0,27,1,70,,33816,16,0,27,1,30,,33814,16,0,27,1,70,,33831,16,0,27,1,30,,33832,16,0,27,1,70,,33817,16,0,27,1,30,,33830,16,0,27,1,70,,33827,16,0,27,1,30,,33820,16,0,27,1,70,,33813,16,0,27,1,30,,33829,16,0,27,1,70,,33822,16,0,27,1,30,,28386,16,0,27,1
30501,'6',624,,33859,16,0,27,1,30,,33836,16,0,27,1,70,,33852,16,0,27,1,30,,33839,16,0,27,1,70,,33850,16,0,27,1,30,,33842,16,0,27,1,70,,33847,16,0,27,1,30,,33857,16,0,27,1,70,,33845,16,0,27,1,30,,33843,16,0,27,1,70,,33860,16,0,27,1,30,,33848,16,0,27,1,70,,33840,16,0,27,1,30,,33838,16,0,27,1,70,,33855,16,0,27,1,30,,33856,16,0,27,1,70,,33841,16,0,27,1,30,,33854,16,0,27,1,70,,33851,16,0,27,1,30,,33844,16,0,27,1,70,,33837,16,0,27,1,30,,33853,16,0,27,1,70,,33846,16,0,27,1,30,,33858,16,0,27,1
31400,'12',630,,35115,2,,,1,80,,35117,2,,,1,40,,35122,2,,,1,80,,35116,2,,,1,80,,35113,2,,,1,40,,35114,2,,,1,80,,35110,2,,,1,80,,35125,2,,,1,40,,35123,2,,,1,80,,35109,2,,,1,80,,35121,2,,,1,40,,35119,2,,,1,80,,35112,2,,,1,80,,35111,2,,,1,40,,35120,2,,,1,80,,35124,2,,,1,80,,35118,2,,,1,40,,35126,2,,,1
31400,'13',630,,35133,2,,,1,80,,35135,2,,,1,40,,29365,2,,,1,80,,35134,2,,,1,80,,35131,2,,,1,40,,35132,2,,,1,80,,35128,2,,,1,80,,35141,2,,,1,40,,35139,2,,,1,80,,35127,2,,,1,80,,35138,2,,,1,40,,28606,2,,,1,80,,35130,2,,,1,80,,35129,2,,,1,40,,35137,2,,,1,80,,35140,2,,,1,80,,35136,2,,,1,40,,35142,2,,,1
31400,'3',630,,35149,2,,,1,80,,35151,2,,,1,40,,29387,2,,,1,80,,35150,2,,,1,80,,35147,2,,,1,40,,35148,2,,,1,80,,35144,2,,,1,80,,35157,2,,,1,40,,35155,2,,,1,80,,35143,2,,,1,80,,35154,2,,,1,40,,28648,2,,,1,80,,35146,2,,,1,80,,35145,2,,,1,40,,35153,2,,,1,80,,35156,2,,,1,80,,35152,2,,,1,40,,35158,2,,,1
31400,'6',630,,35165,2,,,1,80,,35167,2,,,1,40,,35172,2,,,1,80,,35166,2,,,1,80,,35163,2,,,1,40,,35164,2,,,1,80,,35160,2,,,1,80,,35175,2,,,1,40,,35173,2,,,1,80,,35159,2,,,1,80,,35171,2,,,1,40,,35169,2,,,1,80,,35162,2,,,1,80,,35161,2,,,1,40,,35170,2,,,1,80,,35174,2,,,1,80,,35168,2,,,1,40,,35176,2,,,1
41201,'1',620,,39929,19,,,1,30,,39924,19,,,1,70,,39914,19,,,1,30,,39933,19,,,1,70,,39918,19,,,1,30,,31492,19,,,1,70,,39913,19,,,1,30,,39928,19,,,1,70,,39930,19,,,1,30,,39916,19,,,1,70,,39919,19,,,1,30,,39931,19,,,1,70,,39920,19,,,1,30,,39922,19,,,1,70,,39939,19,,,1,30,,39923,19,,,1,70,,39921,19,,,1,30,,39937,19,,,1,70,,39926,19,,,1,30,,39912,19,,,1,70,,39936,19,,,1,30,,39935,19,,,1,70,,39938,19,,,1,30,,39932,19,,,1,70,,39925,19,,,1,100,,39927,19,,,1,100,,31591,19,,,1,100,,39917,19,,,1,100,,39934,19,,,1,100,,39915,19,,,1
41201,'11',620,,39959,19,,,1,30,,39953,19,,,1,70,,39942,19,,,1,30,,39963,19,,,1,70,,39947,19,,,1,30,,39943,19,,,1,70,,39941,19,,,1,30,,39958,19,,,1,70,,39960,19,,,1,30,,39945,19,,,1,70,,39948,19,,,1,30,,39961,19,,,1,70,,39949,19,,,1,30,,39951,19,,,1,70,,39969,19,,,1,30,,39952,19,,,1,70,,39950,19,,,1,30,,39967,19,,,1,70,,39955,19,,,1,30,,39940,19,,,1,70,,39966,19,,,1,30,,39965,19,,,1,70,,39968,19,,,1,30,,39962,19,,,1,70,,39954,19,,,1,100,,39957,19,,,1,100,,39956,19,,,1,100,,39946,19,,,1,100,,39964,19,,,1,100,,39944,19,,,1
41201,'12',1820,,39971,19,,,1,100,,39972,19,,,1,100,,39975,19,,,1,100,,39973,19,,,1,100,,39970,19,,,1,100,,39974,19,,,1
41201,'13',1820,,24112,19,,,1,100,,27610,19,,,1,100,,39979,19,,,1,100,,39977,19,,,1,100,,39976,19,,,1,100,,39978,19,,,1
41201,'14',1120,,39986,19,,,1,100,,39987,19,,,1,100,,39984,19,,,1,100,,39982,19,,,1,100,,39981,19,,,1,100,,39985,19,,,1,100,,39980,19,,,1
41201,'16',620,,40005,19,,,1,30,,40000,19,,,1,70,,39990,19,,,1,30,,40009,19,,,1,70,,39994,19,,,1,30,,31532,19,,,1,70,,39989,19,,,1,30,,40004,19,,,1,70,,40006,19,,,1,30,,39992,19,,,1,70,,39995,19,,,1,30,,40007,19,,,1,70,,39996,19,,,1,30,,39998,19,,,1,70,,40015,19,,,1,30,,39999,19,,,1,70,,39997,19,,,1,30,,40013,19,,,1,70,,40002,19,,,1,30,,39988,19,,,1,70,,40012,19,,,1,30,,40011,19,,,1,70,,40014,19,,,1,30,,40008,19,,,1,70,,40001,19,,,1,100,,40003,19,,,1,100,,31627,19,,,1,100,,39993,19,,,1,100,,40010,19,,,1,100,,39991,19,,,1
41201,'3',1820,,24124,19,,,1,100,,27633,19,,,1,100,,40019,19,,,1,100,,40017,19,,,1,100,,40016,19,,,1,100,,40018,19,,,1
41201,'6',1820,,40021,19,,,1,100,,40022,19,,,1,100,,40025,19,,,1,100,,40023,19,,,1,100,,40020,19,,,1,100,,40024,19,,,1
41201,'8',920,,40044,19,,,1,100,,40026,19,,,1,30,,40034,19,,,1,70,,40029,19,,,1,30,,40038,19,,,1,70,,40031,19,,,1,30,,40039,19,,,1,70,,40028,19,,,1,30,,40037,19,,,1,70,,30497,19,,,1,30,,40036,19,,,1,70,,40027,19,,,1,30,,40035,19,,,1,70,,40030,19,,,1,30,,40041,19,,,1,70,,40033,19,,,1,30,,40032,19,,,1,70,,40040,19,,,1,100,,40042,19,,,1,100,,40043,19,,,1
41400,'1',630,,40053,2,,,1,80,,40057,2,,,1,40,,40054,2,,,1,80,,40049,2,,,1,80,,40051,2,,,1,40,,40048,2,,,1,80,,40055,2,,,1,80,,40045,2,,,1,40,,40050,2,,,1,80,,40052,2,,,1,80,,40056,2,,,1,40,,40059,2,,,1,80,,40047,2,,,1,80,,40060,2,,,1,40,,40046,2,,,1,80,,40058,2,,,1,80,,40062,2,,,1,40,,40061,2,,,1
41400,'11',630,,40071,2,,,1,80,,40075,2,,,1,40,,40072,2,,,1,80,,40067,2,,,1,80,,40069,2,,,1,40,,40066,2,,,1,80,,40073,2,,,1,80,,40063,2,,,1,40,,40068,2,,,1,80,,40070,2,,,1,80,,40074,2,,,1,40,,40077,2,,,1,80,,40065,2,,,1,80,,40078,2,,,1,40,,40064,2,,,1,80,,40076,2,,,1,80,,40080,2,,,1,40,,40079,2,,,1
41400,'16',630,,40089,2,,,1,80,,40093,2,,,1,40,,40090,2,,,1,80,,40085,2,,,1,80,,40087,2,,,1,40,,40084,2,,,1,80,,40091,2,,,1,80,,40081,2,,,1,40,,40086,2,,,1,80,,40088,2,,,1,80,,40092,2,,,1,40,,40095,2,,,1,80,,40083,2,,,1,80,,40096,2,,,1,40,,40082,2,,,1,80,,40094,2,,,1,80,,40098,2,,,1,40,,40097,2,,,1
