30600,'12',610,,33883,22,0,7,1,30,,33881,22,0,7,1,70,,33882,22,0,7,1,30,,33861,22,0,7,1,70,,33866,22,0,7,1,30,,33879,22,0,7,1,70,,33864,22,0,7,1,30,,33869,22,0,7,1,70,,33863,22,0,7,1,30,,33878,22,0,7,1,70,,33884,22,0,7,1,30,,33876,22,0,7,1,70,,33865,22,0,7,1,30,,33872,22,0,7,1,70,,33875,22,0,7,1,30,,33862,22,0,7,1,72,,33874,22,0,7,1,30,,33871,22,0,7,1,70,,33880,22,0,7,1,30,,33870,22,0,7,1,70,,33868,22,0,7,1,30,,33867,22,0,7,1,70,,33873,22,0,7,1,30,,33877,22,0,7,1
30600,'13',610,,33904,22,0,7,1,30,,33902,22,0,7,1,70,,33903,22,0,7,1,30,,33885,22,0,7,1,70,,33889,22,0,7,1,30,,33900,22,0,7,1,70,,29025,22,0,7,1,30,,33892,22,0,7,1,70,,33887,22,0,7,1,30,,33899,22,0,7,1,70,,33905,22,0,7,1,30,,33897,22,0,7,1,70,,33888,22,0,7,1,30,,33895,22,0,7,1,70,,33896,22,0,7,1,30,,33886,22,0,7,1,72,,32474,22,0,7,1,30,,33894,22,0,7,1,70,,33901,22,0,7,1,30,,33893,22,0,7,1,70,,33891,22,0,7,1,30,,33890,22,0,7,1,70,,28902,22,0,7,1,30,,33898,22,0,7,1
30600,'3',610,,33925,22,0,7,1,30,,33923,22,0,7,1,70,,33924,22,0,7,1,30,,33906,22,0,7,1,70,,33910,22,0,7,1,30,,33921,22,0,7,1,70,,29032,22,0,7,1,30,,33913,22,0,7,1,70,,33908,22,0,7,1,30,,33920,22,0,7,1,70,,33926,22,0,7,1,30,,33918,22,0,7,1,70,,33909,22,0,7,1,30,,33916,22,0,7,1,70,,33917,22,0,7,1,30,,33907,22,0,7,1,72,,32479,22,0,7,1,30,,33915,22,0,7,1,70,,33922,22,0,7,1,30,,33914,22,0,7,1,70,,33912,22,0,7,1,30,,33911,22,0,7,1,70,,28926,22,0,7,1,30,,33919,22,0,7,1
30600,'6',610,,33949,22,0,7,1,30,,33947,22,0,7,1,70,,33948,22,0,7,1,30,,33927,22,0,7,1,70,,33932,22,0,7,1,30,,33945,22,0,7,1,70,,33930,22,0,7,1,30,,33935,22,0,7,1,70,,33929,22,0,7,1,30,,33944,22,0,7,1,70,,33950,22,0,7,1,30,,33942,22,0,7,1,70,,33931,22,0,7,1,30,,33938,22,0,7,1,70,,33941,22,0,7,1,30,,33928,22,0,7,1,72,,33940,22,0,7,1,30,,33937,22,0,7,1,70,,33946,22,0,7,1,30,,33936,22,0,7,1,70,,33934,22,0,7,1,30,,33933,22,0,7,1,70,,33939,22,0,7,1,30,,33943,22,0,7,1
40600,'1',625,,38838,22,0,9 10,1,30,,38821,22,0,9 10,1,70,,38820,22,0,9 10,1,30,,38834,22,0,9 10,1,70,,31587,22,0,9 10,1,30,,38836,22,0,9 10,1,70,,38828,22,0,9 10,1,30,,38830,22,0,9 10,1,70,,38824,22,0,9 10,1,30,,38829,22,0,9 10,1,70,,38817,22,0,9 10,1,30,,38827,22,0,9 10,1,70,,38816,22,0,9 10,1,30,,29422,22,0,9 10,1,70,,38837,22,0,9 10,1,30,,38826,22,0,9 10,1,70,,31583,22,0,9 10,1,30,,38823,22,0,9 10,1,70,,38814,22,0,9 10,1,30,,23436,22,0,9 10,1,70,,38831,22,0,9 10,1,30,,38822,22,0,9 10,1,70,,38815,22,0,9 10,1,30,,38825,22,0,9 10,1,70,,38835,22,0,9 10,1,100,,30676,22,0,9 10,1,100,,38833,22,0,9 10,1,100,,38819,22,0,9 10,1,100,,38832,22,0,9 10,1,100,,38818,22,0,9 10,1
40600,'11',625,,38868,22,0,9 10,1,30,,38849,22,0,9 10,1,70,,38848,22,0,9 10,1,30,,38864,22,0,9 10,1,70,,38846,22,0,9 10,1,30,,38866,22,0,9 10,1,70,,38856,22,0,9 10,1,30,,38860,22,0,9 10,1,70,,38852,22,0,9 10,1,30,,38857,22,0,9 10,1,70,,38844,22,0,9 10,1,30,,38855,22,0,9 10,1,70,,38843,22,0,9 10,1,30,,38859,22,0,9 10,1,70,,38867,22,0,9 10,1,30,,38854,22,0,9 10,1,70,,38842,22,0,9 10,1,30,,38851,22,0,9 10,1,70,,38840,22,0,9 10,1,30,,38858,22,0,9 10,1,70,,38861,22,0,9 10,1,30,,38850,22,0,9 10,1,70,,38841,22,0,9 10,1,30,,38853,22,0,9 10,1,70,,38865,22,0,9 10,1,100,,38839,22,0,9 10,1,100,,38863,22,0,9 10,1,100,,38847,22,0,9 10,1,100,,38862,22,0,9 10,1,100,,38845,22,0,9 10,1
40600,'12',1825,,38874,22,0,9 10,1,100,,38871,22,0,9 10,1,100,,38873,22,0,9 10,1,100,,38872,22,0,9 10,1,100,,38869,22,0,9 10,1,100,,38870,22,0,9 10,1
40600,'13',1825,,38880,22,0,9 10,1,100,,38877,22,0,9 10,1,100,,38879,22,0,9 10,1,100,,38878,22,0,9 10,1,100,,38875,22,0,9 10,1,100,,38876,22,0,9 10,1
40600,'14',1125,,38887,22,0,9 10,1,100,,38886,22,0,9 10,1,100,,38881,22,0,9 10,1,100,,38884,22,0,9 10,1,100,,38882,22,0,9 10,1,100,,38883,22,0,9 10,1,100,,38885,22,0,9 10,1
40600,'16',625,,38912,22,0,9 10,1,30,,38895,22,0,9 10,1,70,,38894,22,0,9 10,1,30,,38908,22,0,9 10,1,70,,24564,22,0,9 10,1,30,,38910,22,0,9 10,1,70,,38902,22,0,9 10,1,30,,38904,22,0,9 10,1,70,,38898,22,0,9 10,1,30,,38903,22,0,9 10,1,70,,38891,22,0,9 10,1,30,,38901,22,0,9 10,1,70,,38890,22,0,9 10,1,30,,29541,22,0,9 10,1,70,,38911,22,0,9 10,1,30,,38900,22,0,9 10,1,70,,31620,22,0,9 10,1,30,,38897,22,0,9 10,1,70,,38888,22,0,9 10,1,30,,30164,22,0,9 10,1,70,,38905,22,0,9 10,1,30,,38896,22,0,9 10,1,70,,38889,22,0,9 10,1,30,,38899,22,0,9 10,1,70,,38909,22,0,9 10,1,100,,30714,22,0,9 10,1,100,,38907,22,0,9 10,1,100,,38893,22,0,9 10,1,100,,38906,22,0,9 10,1,100,,38892,22,0,9 10,1
40600,'3',1825,,38918,22,0,9 10,1,100,,38915,22,0,9 10,1,100,,38917,22,0,9 10,1,100,,38916,22,0,9 10,1,100,,38913,22,0,9 10,1,100,,38914,22,0,9 10,1
40600,'6',1825,,38924,22,0,9 10,1,100,,38921,22,0,9 10,1,100,,38923,22,0,9 10,1,100,,38922,22,0,9 10,1,100,,38919,22,0,9 10,1,100,,38920,22,0,9 10,1
40600,'8',925,,38931,22,0,9 10,1,100,,38940,22,0,9 10,1,30,,38927,22,0,9 10,1,70,,38926,22,0,9 10,1,30,,38937,22,0,9 10,1,70,,38936,22,0,9 10,1,30,,38925,22,0,9 10,1,70,,30747,22,0,9 10,1,30,,38938,22,0,9 10,1,70,,38941,22,0,9 10,1,30,,38935,22,0,9 10,1,70,,38934,22,0,9 10,1,30,,38930,22,0,9 10,1,70,,32157,22,0,9 10,1,30,,38933,22,0,9 10,1,70,,38939,22,0,9 10,1,30,,38932,22,0,9 10,1,70,,38929,22,0,9 10,1,100,,38928,22,0,9 10,1
