30801,'12',636,,34328,5,0,64 38,1,70,,34314,5,0,64 38,1,30,,34325,5,0,64 38,1,70,,34324,5,0,64 38,1,30,,34307,5,0,64 38,1,70,,34326,5,0,64 38,1,30,,34312,5,0,64 38,1,70,,34316,5,0,64 38,1,30,,34329,5,0,64 38,1,70,,34322,5,0,64 38,1,30,,34319,5,0,64 38,1,70,,34309,5,0,64 38,1,30,,34310,5,0,64 38,1,70,,34318,5,0,64 38,1,30,,34313,5,0,64 38,1,70,,34315,5,0,64 38,1,40,,34317,5,0,64 38,1,70,,34308,5,0,64 38,1,30,,34311,5,0,64 38,1,70,,34320,5,0,64 38,1,30,,34323,5,0,64 38,1,70,,34327,5,0,64 38,1,30,,34321,5,0,64 38,1
30801,'13',636,,34346,5,0,64 38,1,70,,34334,5,0,64 38,1,30,,34344,5,0,64 38,1,70,,34343,5,0,64 38,1,30,,28358,5,0,64 38,1,70,,34345,5,0,64 38,1,30,,29463,5,0,64 38,1,70,,34336,5,0,64 38,1,30,,34347,5,0,64 38,1,70,,34342,5,0,64 38,1,30,,34339,5,0,64 38,1,70,,28145,5,0,64 38,1,30,,34331,5,0,64 38,1,70,,34338,5,0,64 38,1,30,,34333,5,0,64 38,1,70,,34335,5,0,64 38,1,40,,34337,5,0,64 38,1,70,,34330,5,0,64 38,1,30,,34332,5,0,64 38,1,70,,34340,5,0,64 38,1,30,,27448,5,0,64 38,1,70,,29291,5,0,64 38,1,30,,34341,5,0,64 38,1
30801,'3',636,,34364,5,0,64 38,1,70,,34352,5,0,64 38,1,30,,34362,5,0,64 38,1,70,,34361,5,0,64 38,1,30,,28376,5,0,64 38,1,70,,34363,5,0,64 38,1,30,,29584,5,0,64 38,1,70,,34354,5,0,64 38,1,30,,34365,5,0,64 38,1,70,,34360,5,0,64 38,1,30,,34357,5,0,64 38,1,70,,28167,5,0,64 38,1,30,,34349,5,0,64 38,1,70,,34356,5,0,64 38,1,30,,34351,5,0,64 38,1,70,,34353,5,0,64 38,1,40,,34355,5,0,64 38,1,70,,34348,5,0,64 38,1,30,,34350,5,0,64 38,1,70,,34358,5,0,64 38,1,30,,27497,5,0,64 38,1,70,,29310,5,0,64 38,1,30,,34359,5,0,64 38,1
30801,'6',636,,34387,5,0,64 38,1,70,,34373,5,0,64 38,1,30,,34384,5,0,64 38,1,70,,34383,5,0,64 38,1,30,,34366,5,0,64 38,1,70,,34385,5,0,64 38,1,30,,34371,5,0,64 38,1,70,,34375,5,0,64 38,1,30,,34388,5,0,64 38,1,70,,34381,5,0,64 38,1,30,,34378,5,0,64 38,1,70,,34368,5,0,64 38,1,30,,34369,5,0,64 38,1,70,,34377,5,0,64 38,1,30,,34372,5,0,64 38,1,70,,34374,5,0,64 38,1,40,,34376,5,0,64 38,1,70,,34367,5,0,64 38,1,30,,34370,5,0,64 38,1,70,,34379,5,0,64 38,1,30,,34382,5,0,64 38,1,70,,34386,5,0,64 38,1,30,,34380,5,0,64 38,1
40801,'1',651,,39214,5,0,64 38,1,70,,39212,5,0,64 38,1,30,,31913,5,0,64 38,1,70,,39216,5,0,64 38,1,30,,22901,5,0,64 38,1,70,,39218,5,0,64 38,1,30,,39232,5,0,64 38,1,70,,39229,5,0,64 38,1,30,,39223,5,0,64 38,1,70,,39222,5,0,64 38,1,30,,39220,5,0,64 38,1,70,,39226,5,0,64 38,1,30,,39235,5,0,64 38,1,70,,39230,5,0,64 38,1,30,,39221,5,0,64 38,1,70,,39211,5,0,64 38,1,30,,39227,5,0,64 38,1,70,,39215,5,0,64 38,1,30,,39225,5,0,64 38,1,70,,39219,5,0,64 38,1,30,,39213,5,0,64 38,1,70,,39236,5,0,64 38,1,30,,39233,5,0,64 38,1,70,,39234,5,0,64 38,1,100,,39231,5,0,64 38,1,100,,39217,5,0,64 38,1,100,,39237,5,0,64 38,1,100,,39228,5,0,64 38,1,100,,39224,5,0,64 38,1
40801,'11',651,,39242,5,0,64 38,1,70,,39240,5,0,64 38,1,30,,39238,5,0,64 38,1,70,,39244,5,0,64 38,1,30,,39258,5,0,64 38,1,70,,39246,5,0,64 38,1,30,,39261,5,0,64 38,1,70,,39257,5,0,64 38,1,30,,39251,5,0,64 38,1,70,,39250,5,0,64 38,1,30,,39248,5,0,64 38,1,70,,39254,5,0,64 38,1,30,,39264,5,0,64 38,1,70,,39259,5,0,64 38,1,30,,39249,5,0,64 38,1,70,,39239,5,0,64 38,1,30,,39255,5,0,64 38,1,70,,39243,5,0,64 38,1,30,,39253,5,0,64 38,1,70,,39247,5,0,64 38,1,30,,39241,5,0,64 38,1,70,,39265,5,0,64 38,1,30,,39262,5,0,64 38,1,70,,39263,5,0,64 38,1,100,,39260,5,0,64 38,1,100,,39245,5,0,64 38,1,100,,39266,5,0,64 38,1,100,,39256,5,0,64 38,1,100,,39252,5,0,64 38,1
40801,'12',1821,,39267,5,0,64 38,1,100,,39272,5,0,64 38,1,100,,39270,5,0,64 38,1,100,,39268,5,0,64 38,1,100,,39269,5,0,64 38,1,100,,39271,5,0,64 38,1
40801,'13',1821,,39273,5,0,64 38,1,100,,39278,5,0,64 38,1,100,,39276,5,0,64 38,1,100,,39274,5,0,64 38,1,100,,39275,5,0,64 38,1,100,,39277,5,0,64 38,1
40801,'14',1121,,39282,5,0,64 38,1,100,,39280,5,0,64 38,1,100,,39281,5,0,64 38,1,100,,39285,5,0,64 38,1,100,,39283,5,0,64 38,1,100,,39279,5,0,64 38,1,100,,39284,5,0,64 38,1
40801,'16',651,,39289,5,0,64 38,1,70,,39287,5,0,64 38,1,30,,31950,5,0,64 38,1,70,,39291,5,0,64 38,1,30,,32045,5,0,64 38,1,70,,39293,5,0,64 38,1,30,,39307,5,0,64 38,1,70,,39304,5,0,64 38,1,30,,39298,5,0,64 38,1,70,,39297,5,0,64 38,1,30,,39295,5,0,64 38,1,70,,39301,5,0,64 38,1,30,,39310,5,0,64 38,1,70,,39305,5,0,64 38,1,30,,39296,5,0,64 38,1,70,,39286,5,0,64 38,1,30,,39302,5,0,64 38,1,70,,39290,5,0,64 38,1,30,,39300,5,0,64 38,1,70,,39294,5,0,64 38,1,30,,39288,5,0,64 38,1,70,,39311,5,0,64 38,1,30,,39308,5,0,64 38,1,70,,39309,5,0,64 38,1,100,,39306,5,0,64 38,1,100,,39292,5,0,64 38,1,100,,39312,5,0,64 38,1,100,,39303,5,0,64 38,1,100,,39299,5,0,64 38,1
40801,'3',1821,,39313,5,0,64 38,1,100,,39318,5,0,64 38,1,100,,39316,5,0,64 38,1,100,,39314,5,0,64 38,1,100,,39315,5,0,64 38,1,100,,39317,5,0,64 38,1
40801,'6',1821,,39319,5,0,64 38,1,100,,39324,5,0,64 38,1,100,,39322,5,0,64 38,1,100,,39320,5,0,64 38,1,100,,39321,5,0,64 38,1,100,,39323,5,0,64 38,1
40801,'8',921,,39331,5,0,64 38,1,100,,39335,5,0,64 38,1,30,,32236,5,0,64 38,1,70,,39326,5,0,64 38,1,30,,39341,5,0,64 38,1,70,,39332,5,0,64 38,1,30,,39339,5,0,64 38,1,70,,39333,5,0,64 38,1,30,,30587,5,0,64 38,1,70,,39336,5,0,64 38,1,30,,39325,5,0,64 38,1,70,,39338,5,0,64 38,1,30,,39327,5,0,64 38,1,70,,39330,5,0,64 38,1,30,,39337,5,0,64 38,1,70,,39334,5,0,64 38,1,30,,39329,5,0,64 38,1,70,,39328,5,0,64 38,1,100,,39340,5,0,64 38,1
