33701,'1',643,,37363,15,,,1,70,,29420,15,,,1,30,,37391,15,,,1,70,,37369,15,,,1,30,,37384,15,,,1,70,,37372,15,,,1,30,,37371,15,,,1,71,,37375,15,,,1,30,,37387,15,,,1,70,,37383,15,,,1,30,,37373,15,,,1,70,,37367,15,,,1,30,,32345,15,,,1,70,,37399,15,,,1,30,,37365,15,,,1,70,,37386,15,,,1,30,,37389,15,,,1,70,,37360,15,,,1,30,,37377,15,,,1,70,,37403,15,,,1,30,,37390,15,,,1,70,,37364,15,,,1,30,,37376,15,,,1,70,,37381,15,,,1,30,,22061,15,,,1
33701,'11',643,,37410,15,,,1,70,,37443,15,,,1,30,,37439,15,,,1,70,,37416,15,,,1,30,,37432,15,,,1,70,,37419,15,,,1,30,,37418,15,,,1,71,,37422,15,,,1,30,,37435,15,,,1,70,,37431,15,,,1,30,,37420,15,,,1,70,,37414,15,,,1,30,,37444,15,,,1,70,,37449,15,,,1,30,,37412,15,,,1,70,,37434,15,,,1,30,,37437,15,,,1,70,,37406,15,,,1,30,,37424,15,,,1,70,,37453,15,,,1,30,,37438,15,,,1,70,,37411,15,,,1,30,,37423,15,,,1,70,,37428,15,,,1,30,,37429,15,,,1
33701,'12',623,,37480,15,,,1,30,,37497,15,,,1,70,,37466,15,,,1,30,,37462,15,,,1,70,,37461,15,,,1,30,,37503,15,,,1,70,,37501,15,,,1,30,,37495,15,,,1,71,,37486,15,,,1,30,,37504,15,,,1,70,,37465,15,,,1,30,,37498,15,,,1,70,,37502,15,,,1,30,,37493,15,,,1,70,,37475,15,,,1,30,,37484,15,,,1,70,,37478,15,,,1,30,,37472,15,,,1,70,,37489,15,,,1,30,,37468,15,,,1,70,,37500,15,,,1,30,,37490,15,,,1,70,,37477,15,,,1,30,,37473,15,,,1,70,,37476,15,,,1
33701,'13',623,,37527,15,,,1,30,,37540,15,,,1,70,,37515,15,,,1,30,,37512,15,,,1,70,,37511,15,,,1,30,,37545,15,,,1,70,,27985,15,,,1,30,,28408,15,,,1,71,,37532,15,,,1,30,,37546,15,,,1,70,,37514,15,,,1,30,,37541,15,,,1,70,,37544,15,,,1,30,,37538,15,,,1,70,,31700,15,,,1,30,,37530,15,,,1,70,,37525,15,,,1,30,,37520,15,,,1,70,,37535,15,,,1,30,,37517,15,,,1,70,,37543,15,,,1,30,,37536,15,,,1,70,,37524,15,,,1,30,,37521,15,,,1,70,,37523,15,,,1
33701,'14',1044,,37561,15,,,1,70,,37562,15,,,1,30,,37564,15,,,1,70,,37549,15,,,1,30,,37559,15,,,1,70,,37548,15,,,1,30,,37558,15,,,1,70,,37554,15,,,1,30,,37568,15,,,1,70,,37567,15,,,1,30,,29744,15,,,1,70,,37575,15,,,1,30,,37566,15,,,1,70,,37573,15,,,1,30,,37574,15,,,1
33701,'16',643,,37580,15,,,1,70,,29539,15,,,1,30,,37608,15,,,1,70,,37586,15,,,1,30,,37601,15,,,1,70,,37589,15,,,1,30,,37588,15,,,1,71,,37592,15,,,1,30,,37604,15,,,1,70,,37600,15,,,1,30,,37590,15,,,1,70,,37584,15,,,1,30,,32392,15,,,1,70,,37616,15,,,1,30,,37582,15,,,1,70,,37603,15,,,1,30,,37606,15,,,1,70,,37577,15,,,1,30,,37594,15,,,1,70,,37620,15,,,1,30,,37607,15,,,1,70,,37581,15,,,1,30,,37593,15,,,1,70,,37598,15,,,1,30,,29969,15,,,1
33701,'3',623,,37644,15,,,1,30,,37657,15,,,1,70,,37632,15,,,1,30,,37629,15,,,1,70,,37628,15,,,1,30,,37662,15,,,1,70,,28008,15,,,1,30,,28429,15,,,1,71,,37649,15,,,1,30,,37663,15,,,1,70,,37631,15,,,1,30,,37658,15,,,1,70,,37661,15,,,1,30,,37655,15,,,1,70,,31755,15,,,1,30,,37647,15,,,1,70,,37642,15,,,1,30,,37637,15,,,1,70,,37652,15,,,1,30,,37634,15,,,1,70,,37660,15,,,1,30,,37653,15,,,1,70,,37641,15,,,1,30,,37638,15,,,1,70,,37640,15,,,1
33701,'6',623,,37689,15,,,1,30,,37706,15,,,1,70,,37675,15,,,1,30,,37671,15,,,1,70,,37670,15,,,1,30,,37712,15,,,1,70,,37710,15,,,1,30,,37704,15,,,1,71,,37695,15,,,1,30,,37713,15,,,1,70,,37674,15,,,1,30,,37707,15,,,1,70,,37711,15,,,1,30,,37702,15,,,1,70,,37684,15,,,1,30,,37693,15,,,1,70,,37687,15,,,1,30,,37681,15,,,1,70,,37698,15,,,1,30,,37677,15,,,1,70,,37709,15,,,1,30,,37699,15,,,1,70,,37686,15,,,1,30,,37682,15,,,1,70,,37685,15,,,1
33701,'8',1114,,30756,15,,,1,30,,37729,15,,,1,70,,37725,15,,,1,30,,37718,15,,,1,70,,37738,15,,,1,30,,37715,15,,,1,70,,37740,15,,,1,30,,37721,15,,,1,70,,37730,15,,,1,30,,31765,15,,,1,70,,37719,15,,,1,30,,37720,15,,,1,70,,37723,15,,,1,30,,37722,15,,,1,70,,37726,15,,,1
43701,'1',1922,,41926,15,,,1,100,,41927,15,,,1,100,,41924,15,,,1,100,,41923,15,,,1,100,,30690,15,,,1
43701,'11',1922,,41934,15,,,1,100,,41935,15,,,1,100,,41932,15,,,1,100,,41931,15,,,1,100,,41936,15,,,1
43701,'12',1922,,41948,15,,,1,100,,41941,15,,,1,100,,41949,15,,,1,100,,41946,15,,,1,100,,41947,15,,,1
43701,'13',1922,,41957,15,,,1,100,,41951,15,,,1,100,,41958,15,,,1,100,,41956,15,,,1,100,,28240,15,,,1
43701,'16',1922,,41963,15,,,1,100,,41964,15,,,1,100,,41961,15,,,1,100,,41960,15,,,1,100,,30728,15,,,1
43701,'3',1922,,41975,15,,,1,100,,41969,15,,,1,100,,41976,15,,,1,100,,41974,15,,,1,100,,28262,15,,,1
43701,'6',1922,,41985,15,,,1,100,,41978,15,,,1,100,,41986,15,,,1,100,,41983,15,,,1,100,,41984,15,,,1
