31201,'12',636,,35035,4,,,1,70,,35034,4,,,1,30,,35040,4,,,1,70,,35024,4,,,1,30,,35044,4,,,1,70,,35039,4,,,1,30,,35042,4,,,1,70,,35038,4,,,1,30,,35032,4,,,1,70,,35041,4,,,1,30,,35037,4,,,1,70,,35043,4,,,1,30,,35025,4,,,1,70,,35036,4,,,1,30,,35028,4,,,1,70,,35045,4,,,1,41,,35027,4,,,1,70,,35030,4,,,1,30,,35031,4,,,1,70,,35026,4,,,1,30,,35023,4,,,1,70,,35029,4,,,1,30,,35033,4,,,1
31201,'13',636,,29247,4,,,1,70,,35056,4,,,1,30,,29475,4,,,1,70,,35047,4,,,1,30,,35064,4,,,1,70,,35060,4,,,1,30,,35062,4,,,1,70,,35059,4,,,1,30,,35054,4,,,1,70,,35061,4,,,1,30,,35058,4,,,1,70,,35063,4,,,1,30,,35048,4,,,1,70,,35057,4,,,1,30,,35051,4,,,1,70,,35065,4,,,1,41,,35050,4,,,1,70,,35052,4,,,1,30,,35053,4,,,1,70,,35049,4,,,1,30,,35046,4,,,1,70,,24711,4,,,1,30,,35055,4,,,1
31201,'3',636,,29266,4,,,1,70,,35076,4,,,1,30,,29596,4,,,1,70,,35067,4,,,1,30,,35084,4,,,1,70,,35080,4,,,1,30,,35082,4,,,1,70,,35079,4,,,1,30,,35074,4,,,1,70,,35081,4,,,1,30,,35078,4,,,1,70,,35083,4,,,1,30,,35068,4,,,1,70,,35077,4,,,1,30,,35071,4,,,1,70,,35085,4,,,1,41,,35070,4,,,1,70,,35072,4,,,1,30,,35073,4,,,1,70,,35069,4,,,1,30,,35066,4,,,1,70,,24815,4,,,1,30,,35075,4,,,1
31201,'6',636,,35098,4,,,1,70,,35097,4,,,1,30,,35103,4,,,1,70,,35087,4,,,1,30,,35107,4,,,1,70,,35102,4,,,1,30,,35105,4,,,1,70,,35101,4,,,1,30,,35095,4,,,1,70,,35104,4,,,1,30,,35100,4,,,1,70,,35106,4,,,1,30,,35088,4,,,1,70,,35099,4,,,1,30,,35091,4,,,1,70,,35108,4,,,1,41,,35090,4,,,1,70,,35093,4,,,1,30,,35094,4,,,1,70,,35089,4,,,1,30,,35086,4,,,1,70,,35092,4,,,1,30,,35096,4,,,1
41201,'1',611,,39929,4,0,68,1,30,,39924,4,0,68,1,70,,39914,4,0,68,1,30,,39933,4,0,68,1,70,,39918,4,0,68,1,30,,31492,4,0,68,1,70,,39913,4,0,68,1,30,,39928,4,0,68,1,70,,39930,4,0,68,1,30,,39916,4,0,68,1,70,,39919,4,0,68,1,30,,39931,4,0,68,1,70,,39920,4,0,68,1,30,,39922,4,0,68,1,70,,39939,4,0,68,1,30,,39923,4,0,68,1,70,,39921,4,0,68,1,30,,39937,4,0,68,1,70,,39926,4,0,68,1,30,,39912,4,0,68,1,70,,39936,4,0,68,1,30,,39935,4,0,68,1,70,,39938,4,0,68,1,30,,39932,4,0,68,1,70,,39925,4,0,68,1,100,,39927,4,0,68,1,100,,31591,4,0,68,1,100,,39917,4,0,68,1,100,,39934,4,0,68,1,100,,39915,4,0,68,1
41201,'11',611,,39959,4,0,68,1,30,,39953,4,0,68,1,70,,39942,4,0,68,1,30,,39963,4,0,68,1,70,,39947,4,0,68,1,30,,39943,4,0,68,1,70,,39941,4,0,68,1,30,,39958,4,0,68,1,70,,39960,4,0,68,1,30,,39945,4,0,68,1,70,,39948,4,0,68,1,30,,39961,4,0,68,1,70,,39949,4,0,68,1,30,,39951,4,0,68,1,70,,39969,4,0,68,1,30,,39952,4,0,68,1,70,,39950,4,0,68,1,30,,39967,4,0,68,1,70,,39955,4,0,68,1,30,,39940,4,0,68,1,70,,39966,4,0,68,1,30,,39965,4,0,68,1,70,,39968,4,0,68,1,30,,39962,4,0,68,1,70,,39954,4,0,68,1,100,,39957,4,0,68,1,100,,39956,4,0,68,1,100,,39946,4,0,68,1,100,,39964,4,0,68,1,100,,39944,4,0,68,1
41201,'12',1811,,39971,4,0,68,1,100,,39972,4,0,68,1,100,,39975,4,0,68,1,100,,39973,4,0,68,1,100,,39970,4,0,68,1,100,,39974,4,0,68,1
41201,'13',1811,,24112,4,0,68,1,100,,27610,4,0,68,1,100,,39979,4,0,68,1,100,,39977,4,0,68,1,100,,39976,4,0,68,1,100,,39978,4,0,68,1
41201,'14',1111,,39986,4,0,68,1,100,,39987,4,0,68,1,100,,39984,4,0,68,1,100,,39982,4,0,68,1,100,,39981,4,0,68,1,100,,39985,4,0,68,1,100,,39980,4,0,68,1,100,,39983,4,0,69 29,1
41201,'16',611,,40005,4,0,68,1,30,,40000,4,0,68,1,70,,39990,4,0,68,1,30,,40009,4,0,68,1,70,,39994,4,0,68,1,30,,31532,4,0,68,1,70,,39989,4,0,68,1,30,,40004,4,0,68,1,70,,40006,4,0,68,1,30,,39992,4,0,68,1,70,,39995,4,0,68,1,30,,40007,4,0,68,1,70,,39996,4,0,68,1,30,,39998,4,0,68,1,70,,40015,4,0,68,1,30,,39999,4,0,68,1,70,,39997,4,0,68,1,30,,40013,4,0,68,1,70,,40002,4,0,68,1,30,,39988,4,0,68,1,70,,40012,4,0,68,1,30,,40011,4,0,68,1,70,,40014,4,0,68,1,30,,40008,4,0,68,1,70,,40001,4,0,68,1,100,,40003,4,0,68,1,100,,31627,4,0,68,1,100,,39993,4,0,68,1,100,,40010,4,0,68,1,100,,39991,4,0,68,1
41201,'3',1811,,24124,4,0,68,1,100,,27633,4,0,68,1,100,,40019,4,0,68,1,100,,40017,4,0,68,1,100,,40016,4,0,68,1,100,,40018,4,0,68,1
41201,'6',1811,,40021,4,0,68,1,100,,40022,4,0,68,1,100,,40025,4,0,68,1,100,,40023,4,0,68,1,100,,40020,4,0,68,1,100,,40024,4,0,68,1
41201,'8',911,,40044,4,0,68,1,100,,40026,4,0,68,1,30,,40034,4,0,68,1,70,,40029,4,0,68,1,30,,40038,4,0,68,1,70,,40031,4,0,68,1,30,,40039,4,0,68,1,70,,40028,4,0,68,1,30,,40037,4,0,68,1,70,,30497,4,0,68,1,30,,40036,4,0,68,1,70,,40027,4,0,68,1,30,,40035,4,0,68,1,70,,40030,4,0,68,1,30,,40041,4,0,68,1,70,,40033,4,0,68,1,30,,40032,4,0,68,1,70,,40040,4,0,68,1,100,,40042,4,0,68,1,100,,40043,4,0,68,1
