30100,'12',603,,32810,7,0,5 6,1,30,,32795,7,0,5 6,1,70,,32770,7,0,5 6,1,30,,32777,7,0,5 6,1,70,,32812,7,0,5 6,1,30,,32785,7,0,5 6,1,70,,32790,7,0,5 6,1,30,,32786,7,0,5 6,1,70,,32789,7,0,5 6,1,30,,32804,7,0,5 6,1,70,,32771,7,0,5 6,1,30,,32778,7,0,5 6,1,70,,32776,7,0,5 6,1,30,,32774,7,0,5 6,1,70,,32768,7,0,5 6,1,30,,32794,7,0,5 6,1,70,,32773,7,0,5 6,1,30,,32806,7,0,5 6,1,70,,32802,7,0,5 6,1,30,,32803,7,0,5 6,1,70,,32780,7,0,5 6,1,30,,32807,7,0,5 6,1,70,,32796,7,0,5 6,1,30,,32787,7,0,5 6,1
30100,'13',603,,32852,7,0,5 6,1,30,,32839,7,0,5 6,1,70,,32816,7,0,5 6,1,30,,32823,7,0,5 6,1,70,,32854,7,0,5 6,1,30,,32831,7,0,5 6,1,70,,32836,7,0,5 6,1,30,,32832,7,0,5 6,1,70,,32835,7,0,5 6,1,30,,32847,7,0,5 6,1,70,,32817,7,0,5 6,1,30,,32824,7,0,5 6,1,70,,32822,7,0,5 6,1,30,,32820,7,0,5 6,1,70,,32814,7,0,5 6,1,30,,32838,7,0,5 6,1,70,,32819,7,0,5 6,1,30,,32848,7,0,5 6,1,70,,32845,7,0,5 6,1,30,,32846,7,0,5 6,1,70,,32826,7,0,5 6,1,30,,32849,7,0,5 6,1,70,,32840,7,0,5 6,1,30,,32833,7,0,5 6,1
30100,'3',603,,32894,7,0,5 6,1,30,,32881,7,0,5 6,1,70,,32858,7,0,5 6,1,30,,32865,7,0,5 6,1,70,,32896,7,0,5 6,1,30,,32873,7,0,5 6,1,70,,32878,7,0,5 6,1,30,,32874,7,0,5 6,1,70,,32877,7,0,5 6,1,30,,32889,7,0,5 6,1,70,,32859,7,0,5 6,1,30,,32866,7,0,5 6,1,70,,32864,7,0,5 6,1,30,,32862,7,0,5 6,1,70,,32856,7,0,5 6,1,30,,32880,7,0,5 6,1,70,,32861,7,0,5 6,1,30,,32890,7,0,5 6,1,70,,32887,7,0,5 6,1,30,,32888,7,0,5 6,1,70,,32868,7,0,5 6,1,30,,32891,7,0,5 6,1,70,,32882,7,0,5 6,1,30,,32875,7,0,5 6,1
30100,'6',603,,32941,7,0,5 6,1,30,,32926,7,0,5 6,1,70,,32901,7,0,5 6,1,30,,32908,7,0,5 6,1,70,,32943,7,0,5 6,1,30,,32916,7,0,5 6,1,70,,32921,7,0,5 6,1,30,,32917,7,0,5 6,1,70,,32920,7,0,5 6,1,30,,32935,7,0,5 6,1,70,,32902,7,0,5 6,1,30,,32909,7,0,5 6,1,70,,32907,7,0,5 6,1,30,,32905,7,0,5 6,1,70,,32899,7,0,5 6,1,30,,32925,7,0,5 6,1,70,,32904,7,0,5 6,1,30,,32937,7,0,5 6,1,70,,32933,7,0,5 6,1,30,,32934,7,0,5 6,1,70,,32911,7,0,5 6,1,30,,32938,7,0,5 6,1,70,,32927,7,0,5 6,1,30,,32918,7,0,5 6,1
40100,'1',628,,31498,7,0,8,1,30,,37760,7,0,8,1,70,,37775,7,0,8,1,30,,37763,7,0,8,1,70,,37783,7,0,8,1,30,,37779,7,0,8,1,70,,37772,7,0,8,1,30,,37793,7,0,8,1,70,,37752,7,0,8,1,30,,37792,7,0,8,1,70,,37789,7,0,8,1,30,,37771,7,0,8,1,70,,37745,7,0,8,1,30,,32649,7,0,8,1,70,,37750,7,0,8,1,30,,37754,7,0,8,1,70,,37770,7,0,8,1,30,,37768,7,0,8,1,70,,37747,7,0,8,1,30,,37774,7,0,8,1,70,,37787,7,0,8,1,30,,37781,7,0,8,1,70,,31183,7,0,8,1,30,,37756,7,0,8,1,100,,37778,7,0,8,1,100,,37765,7,0,8,1,100,,37777,7,0,8,1,100,,37759,7,0,8,1,100,,37757,7,0,8,1,100,,31193,7,0,8,1
40100,'11',628,,37826,7,0,8,1,30,,37811,7,0,8,1,70,,37832,7,0,8,1,30,,37816,7,0,8,1,70,,37842,7,0,8,1,30,,37837,7,0,8,1,70,,37827,7,0,8,1,30,,37852,7,0,8,1,70,,37803,7,0,8,1,30,,37851,7,0,8,1,70,,37848,7,0,8,1,30,,37825,7,0,8,1,70,,37796,7,0,8,1,30,,37831,7,0,8,1,70,,37801,7,0,8,1,30,,37805,7,0,8,1,70,,37824,7,0,8,1,30,,37822,7,0,8,1,70,,37798,7,0,8,1,30,,37830,7,0,8,1,70,,37846,7,0,8,1,30,,37839,7,0,8,1,70,,37815,7,0,8,1,30,,37807,7,0,8,1,100,,37836,7,0,8,1,100,,37819,7,0,8,1,100,,37834,7,0,8,1,100,,37810,7,0,8,1,100,,37808,7,0,8,1,100,,37853,7,0,8,1
40100,'12',1758,,37861,7,0,8,1,100,,37858,7,0,8,1,100,,37867,7,0,8,1,100,,37865,7,0,8,1,100,,37866,7,0,8,1,100,,37859,7,0,8,1,100,,37857,7,0,8,1
40100,'13',1758,,37873,7,0,8,1,100,,37870,7,0,8,1,100,,37879,7,0,8,1,100,,37877,7,0,8,1,100,,37878,7,0,8,1,100,,37871,7,0,8,1,100,,27848,7,0,8,1
40100,'14',1058,,37890,7,0,8,1,100,,37892,7,0,8,1,100,,37884,7,0,8,1,100,,37882,7,0,8,1,100,,37889,7,0,8,1,100,,37893,7,0,8,1,100,,37891,7,0,8,1,100,,37886,7,0,8,1
40100,'16',628,,31539,7,0,8,1,30,,37912,7,0,8,1,70,,37927,7,0,8,1,30,,37915,7,0,8,1,70,,37935,7,0,8,1,30,,37931,7,0,8,1,70,,37924,7,0,8,1,30,,37945,7,0,8,1,70,,37904,7,0,8,1,30,,37944,7,0,8,1,70,,37941,7,0,8,1,30,,37923,7,0,8,1,70,,37897,7,0,8,1,30,,32668,7,0,8,1,70,,37902,7,0,8,1,30,,37906,7,0,8,1,70,,37922,7,0,8,1,30,,37920,7,0,8,1,70,,37899,7,0,8,1,30,,37926,7,0,8,1,70,,37939,7,0,8,1,30,,37933,7,0,8,1,70,,26849,7,0,8,1,30,,37908,7,0,8,1,100,,37930,7,0,8,1,100,,37917,7,0,8,1,100,,37929,7,0,8,1,100,,37911,7,0,8,1,100,,37909,7,0,8,1,100,,31222,7,0,8,1
40100,'3',1758,,37951,7,0,8,1,100,,37948,7,0,8,1,100,,37957,7,0,8,1,100,,37955,7,0,8,1,100,,37956,7,0,8,1,100,,37949,7,0,8,1,100,,27869,7,0,8,1
40100,'6',1758,,37965,7,0,8,1,100,,37962,7,0,8,1,100,,37971,7,0,8,1,100,,37969,7,0,8,1,100,,37970,7,0,8,1,100,,37963,7,0,8,1,100,,37961,7,0,8,1
40100,'8',858,,37973,7,0,8,1,100,,37986,7,0,8,1,70,,38003,7,0,8,1,30,,37977,7,0,8,1,70,,37993,7,0,8,1,30,,32420,7,0,8,1,70,,37972,7,0,8,1,30,,37996,7,0,8,1,70,,38007,7,0,8,1,30,,38001,7,0,8,1,70,,38006,7,0,8,1,30,,37989,7,0,8,1,70,,38005,7,0,8,1,30,,37991,7,0,8,1,70,,37988,7,0,8,1,30,,37990,7,0,8,1,70,,37974,7,0,8,1,30,,38002,7,0,8,1,100,,37981,7,0,8,1,100,,37980,7,0,8,1
