32101,'15',715,,14183,11,0,56,1,100,,14182,11,0,56,1,100,,14189,11,0,56,1,100,,14184,11,0,56,1,100,,14187,11,0,56,1,100,,14179,11,0,56,1,100,,14188,11,0,56,1,101,,14185,11,0,56,1,100,,14190,11,0,56,1,100,,14186,11,0,56,1,100,,14180,11,0,56,1,100,,14181,11,0,56,1
32101,'16',715,,14194,11,0,56,1,100,,14193,11,0,56,1,100,,14198,11,0,56,1,100,,427,11,0,56,1,100,,14196,11,0,56,1,100,,14191,11,0,56,1,100,,5271,11,0,56,1,101,,14197,11,0,56,1,100,,14195,11,0,56,1,100,,14192,11,0,56,1,100,,3553,11,0,56,1,100,,617,11,0,56,1
32101,'17',715,,14202,11,0,56,1,100,,14201,11,0,56,1,100,,14206,11,0,56,1,100,,450,11,0,56,1,100,,14204,11,0,56,1,100,,14199,11,0,56,1,100,,5321,11,0,56,1,101,,14205,11,0,56,1,100,,14203,11,0,56,1,100,,14200,11,0,56,1,100,,3578,11,0,56,1,100,,641,11,0,56,1
32101,'19',715,,14211,11,0,56,1,100,,14210,11,0,56,1,100,,14217,11,0,56,1,100,,14212,11,0,56,1,100,,14215,11,0,56,1,100,,14208,11,0,56,1,100,,14216,11,0,56,1,101,,14214,11,0,56,1,100,,14209,11,0,56,1,100,,14207,11,0,56,1,100,,14213,11,0,56,1,100,,14218,11,0,56,1
32101,'5',715,,14223,11,0,56,1,100,,14222,11,0,56,1,100,,14226,11,0,56,1,100,,473,11,0,56,1,100,,14225,11,0,56,1,100,,14220,11,0,56,1,100,,5451,11,0,56,1,101,,14224,11,0,56,1,100,,14221,11,0,56,1,100,,14219,11,0,56,1,100,,954,11,0,56,1,100,,14227,11,0,56,1
32101,'6',715,,14232,11,0,56,1,100,,14231,11,0,56,1,100,,14238,11,0,56,1,100,,14233,11,0,56,1,100,,14236,11,0,56,1,100,,14228,11,0,56,1,100,,14237,11,0,56,1,101,,14234,11,0,56,1,100,,14239,11,0,56,1,100,,14235,11,0,56,1,100,,14229,11,0,56,1,100,,14230,11,0,56,1
42101,'1',1115,,20150,11,0,56,1,100,,778,11,0,56,1,100,,20154,11,0,56,1,100,,20153,11,0,56,1,100,,20152,11,0,56,1,100,,20149,11,0,56,1,100,,20151,11,0,56,1
42101,'10',715,,20170,11,0,56,1,100,,20160,11,0,56,1,100,,20155,11,0,56,1,100,,20169,11,0,56,1,100,,20159,11,0,56,1,100,,20167,11,0,56,1,100,,20164,11,0,56,1,100,,20156,11,0,56,1,100,,20162,11,0,56,1,100,,20171,11,0,56,1,100,,20158,11,0,56,1,100,,20163,11,0,56,1,100,,20166,11,0,56,1,100,,20161,11,0,56,1,100,,20168,11,0,56,1,100,,20157,11,0,56,1,100,,20165,11,0,56,1
42101,'12',915,,5966,11,0,56,1,100,,20180,11,0,56,1,100,,20179,11,0,56,1,100,,20172,11,0,56,1,100,,20182,11,0,56,1,100,,20181,11,0,56,1,100,,20177,11,0,56,1,100,,20175,11,0,56,1,100,,20174,11,0,56,1,100,,20173,11,0,56,1,100,,20178,11,0,56,1,100,,20176,11,0,56,1
42101,'15',1915,,20187,11,0,56,1,100,,20183,11,0,56,1,100,,20186,11,0,56,1,100,,20185,11,0,56,1,100,,20184,11,0,56,1
42101,'16',1915,,20192,11,0,56,1,100,,20188,11,0,56,1,100,,20191,11,0,56,1,100,,20190,11,0,56,1,100,,20189,11,0,56,1
42101,'17',1915,,20197,11,0,56,1,100,,20193,11,0,56,1,100,,20196,11,0,56,1,100,,20195,11,0,56,1,100,,20194,11,0,56,1
42101,'19',1915,,20202,11,0,56,1,100,,20198,11,0,56,1,100,,20201,11,0,56,1,100,,20200,11,0,56,1,100,,20199,11,0,56,1
42101,'21',715,,20216,11,0,56,1,100,,20208,11,0,56,1,100,,20203,11,0,56,1,100,,20215,11,0,56,1,100,,20207,11,0,56,1,100,,20214,11,0,56,1,100,,20211,11,0,56,1,100,,20204,11,0,56,1,100,,7756,11,0,56,1,100,,20217,11,0,56,1,100,,20206,11,0,56,1,100,,20210,11,0,56,1,100,,20213,11,0,56,1,100,,20209,11,0,56,1,100,,5684,11,0,56,1,100,,20205,11,0,56,1,100,,20212,11,0,56,1
42101,'5',1915,,20222,11,0,56,1,100,,20218,11,0,56,1,100,,20221,11,0,56,1,100,,20220,11,0,56,1,100,,20219,11,0,56,1
42101,'6',1915,,20227,11,0,56,1,100,,20223,11,0,56,1,100,,20226,11,0,56,1,100,,20225,11,0,56,1,100,,20224,11,0,56,1
