31400,'12',641,,35115,28,4,,1,80,,35117,28,4,,1,80,,35122,28,4,,1,40,,35116,28,4,,1,80,,35113,28,4,,1,80,,35114,28,4,,1,41,,35110,28,4,,1,80,,35125,28,4,,1,80,,35123,28,4,,1,40,,35109,28,4,,1,80,,35121,28,4,,1,80,,35119,28,4,,1,41,,35112,28,4,,1,80,,35111,28,4,,1,80,,35120,28,4,,1,40,,35124,28,4,,1,80,,35118,28,4,,1,80,,35126,28,4,,1
31400,'13',641,,35133,28,4,,1,80,,35135,28,4,,1,80,,29365,28,4,,1,40,,35134,28,4,,1,80,,35131,28,4,,1,80,,35132,28,4,,1,41,,35128,28,4,,1,80,,35141,28,4,,1,80,,35139,28,4,,1,40,,35127,28,4,,1,80,,35138,28,4,,1,80,,28606,28,4,,1,41,,35130,28,4,,1,80,,35129,28,4,,1,80,,35137,28,4,,1,40,,35140,28,4,,1,80,,35136,28,4,,1,80,,35142,28,4,,1
31400,'3',641,,35149,28,4,,1,80,,35151,28,4,,1,80,,29387,28,4,,1,40,,35150,28,4,,1,80,,35147,28,4,,1,80,,35148,28,4,,1,41,,35144,28,4,,1,80,,35157,28,4,,1,80,,35155,28,4,,1,40,,35143,28,4,,1,80,,35154,28,4,,1,80,,28648,28,4,,1,41,,35146,28,4,,1,80,,35145,28,4,,1,80,,35153,28,4,,1,40,,35156,28,4,,1,80,,35152,28,4,,1,80,,35158,28,4,,1
31400,'6',641,,35165,28,4,,1,80,,35167,28,4,,1,80,,35172,28,4,,1,40,,35166,28,4,,1,80,,35163,28,4,,1,80,,35164,28,4,,1,41,,35160,28,4,,1,80,,35175,28,4,,1,80,,35173,28,4,,1,40,,35159,28,4,,1,80,,35171,28,4,,1,80,,35169,28,4,,1,41,,35162,28,4,,1,80,,35161,28,4,,1,80,,35170,28,4,,1,40,,35174,28,4,,1,80,,35168,28,4,,1,80,,35176,28,4,,1
31401,'12',642,,35188,1,0,66 14,1,80,,35182,1,0,66 14,1,80,,35193,1,0,66 14,1,40,,35192,1,0,66 14,1,80,,35189,1,0,66 14,1,80,,35187,1,0,66 14,1,41,,35178,1,0,66 14,1,80,,35191,1,0,66 14,1,80,,35190,1,0,66 14,1,40,,35180,1,0,66 14,1,80,,35183,1,0,66 14,1,80,,35186,1,0,66 14,1,41,,35177,1,0,66 14,1,80,,35184,1,0,66 14,1,80,,35194,1,0,66 14,1,40,,35181,1,0,66 14,1,80,,35185,1,0,66 14,1,80,,35179,1,0,66 14,1
31401,'13',642,,35205,1,0,66 14,1,80,,35200,1,0,66 14,1,80,,35209,1,0,66 14,1,40,,35208,1,0,66 14,1,80,,35206,1,0,66 14,1,80,,35204,1,0,66 14,1,41,,35196,1,0,66 14,1,80,,35207,1,0,66 14,1,80,,27689,1,0,66 14,1,40,,35198,1,0,66 14,1,80,,35201,1,0,66 14,1,80,,35203,1,0,66 14,1,41,,35195,1,0,66 14,1,80,,35202,1,0,66 14,1,80,,35210,1,0,66 14,1,40,,35199,1,0,66 14,1,80,,30699,1,0,66 14,1,80,,35197,1,0,66 14,1
31401,'3',642,,35221,1,0,66 14,1,80,,35216,1,0,66 14,1,80,,35225,1,0,66 14,1,40,,35224,1,0,66 14,1,80,,35222,1,0,66 14,1,80,,35220,1,0,66 14,1,41,,35212,1,0,66 14,1,80,,35223,1,0,66 14,1,80,,27710,1,0,66 14,1,40,,35214,1,0,66 14,1,80,,35217,1,0,66 14,1,80,,35219,1,0,66 14,1,41,,35211,1,0,66 14,1,80,,35218,1,0,66 14,1,80,,35226,1,0,66 14,1,40,,35215,1,0,66 14,1,80,,30738,1,0,66 14,1,80,,35213,1,0,66 14,1
31401,'6',642,,35238,1,0,66 14,1,80,,35232,1,0,66 14,1,80,,35243,1,0,66 14,1,40,,35242,1,0,66 14,1,80,,35239,1,0,66 14,1,80,,35237,1,0,66 14,1,41,,35228,1,0,66 14,1,80,,35241,1,0,66 14,1,80,,35240,1,0,66 14,1,40,,35230,1,0,66 14,1,80,,35233,1,0,66 14,1,80,,35236,1,0,66 14,1,41,,35227,1,0,66 14,1,80,,35234,1,0,66 14,1,80,,35244,1,0,66 14,1,40,,35231,1,0,66 14,1,80,,35235,1,0,66 14,1,80,,35229,1,0,66 14,1
41400,'1',641,,40053,28,4,,1,80,,40057,28,4,,1,80,,40054,28,4,,1,40,,40049,28,4,,1,80,,40051,28,4,,1,80,,40048,28,4,,1,41,,40055,28,4,,1,80,,40045,28,4,,1,80,,40050,28,4,,1,40,,40052,28,4,,1,80,,40056,28,4,,1,80,,40059,28,4,,1,41,,40047,28,4,,1,80,,40060,28,4,,1,80,,40046,28,4,,1,40,,40058,28,4,,1,80,,40062,28,4,,1,80,,40061,28,4,,1
41400,'11',641,,40071,28,4,,1,80,,40075,28,4,,1,80,,40072,28,4,,1,40,,40067,28,4,,1,80,,40069,28,4,,1,80,,40066,28,4,,1,41,,40073,28,4,,1,80,,40063,28,4,,1,80,,40068,28,4,,1,40,,40070,28,4,,1,80,,40074,28,4,,1,80,,40077,28,4,,1,41,,40065,28,4,,1,80,,40078,28,4,,1,80,,40064,28,4,,1,40,,40076,28,4,,1,80,,40080,28,4,,1,80,,40079,28,4,,1
41400,'16',641,,40089,28,4,,1,80,,40093,28,4,,1,80,,40090,28,4,,1,40,,40085,28,4,,1,80,,40087,28,4,,1,80,,40084,28,4,,1,41,,40091,28,4,,1,80,,40081,28,4,,1,80,,40086,28,4,,1,40,,40088,28,4,,1,80,,40092,28,4,,1,80,,40095,28,4,,1,41,,40083,28,4,,1,80,,40096,28,4,,1,80,,40082,28,4,,1,40,,40094,28,4,,1,80,,40098,28,4,,1,80,,40097,28,4,,1
41401,'1',642,,40108,1,0,66 14,1,80,,40105,1,0,66 14,1,80,,29421,1,0,66 14,1,40,,40111,1,0,66 14,1,80,,40100,1,0,66 14,1,80,,40104,1,0,66 14,1,41,,40103,1,0,66 14,1,80,,23959,1,0,66 14,1,80,,40110,1,0,66 14,1,40,,40112,1,0,66 14,1,80,,40106,1,0,66 14,1,80,,40107,1,0,66 14,1,41,,40101,1,0,66 14,1,80,,40102,1,0,66 14,1,80,,40113,1,0,66 14,1,40,,40109,1,0,66 14,1,80,,30432,1,0,66 14,1,80,,40099,1,0,66 14,1
41401,'11',642,,40125,1,0,66 14,1,80,,40121,1,0,66 14,1,80,,40126,1,0,66 14,1,40,,40129,1,0,66 14,1,80,,40115,1,0,66 14,1,80,,40120,1,0,66 14,1,41,,40118,1,0,66 14,1,80,,40119,1,0,66 14,1,80,,40128,1,0,66 14,1,40,,40130,1,0,66 14,1,80,,40122,1,0,66 14,1,80,,40124,1,0,66 14,1,41,,40116,1,0,66 14,1,80,,40117,1,0,66 14,1,80,,40131,1,0,66 14,1,40,,40127,1,0,66 14,1,80,,40123,1,0,66 14,1,80,,40114,1,0,66 14,1
41401,'16',642,,40141,1,0,66 14,1,80,,40138,1,0,66 14,1,80,,29540,1,0,66 14,1,40,,40144,1,0,66 14,1,80,,40133,1,0,66 14,1,80,,40137,1,0,66 14,1,41,,40136,1,0,66 14,1,80,,31385,1,0,66 14,1,80,,40143,1,0,66 14,1,40,,40145,1,0,66 14,1,80,,40139,1,0,66 14,1,80,,40140,1,0,66 14,1,41,,40134,1,0,66 14,1,80,,40135,1,0,66 14,1,80,,40146,1,0,66 14,1,40,,40142,1,0,66 14,1,80,,30471,1,0,66 14,1,80,,40132,1,0,66 14,1
