31700,'12',618,,35780,7,0,63,1,30,,35778,7,0,63,1,70,,35793,7,0,63,1,30,,35787,7,0,63,1,70,,35789,7,0,63,1,30,,35781,7,0,63,1,70,,35785,7,0,63,1,30,,35798,7,0,63,1,70,,35796,7,0,63,1,30,,35800,7,0,63,1,70,,35791,7,0,63,1,30,,35784,7,0,63,1,70,,35792,7,0,63,1,30,,35786,7,0,63,1,70,,35783,7,0,63,1,30,,35788,7,0,63,1,70,,35779,7,0,63,1,30,,35799,7,0,63,1,70,,35795,7,0,63,1,30,,35790,7,0,63,1,70,,35782,7,0,63,1,30,,35794,7,0,63,1,70,,35777,7,0,63,1,30,,35797,7,0,63,1
31700,'13',618,,35804,7,0,63,1,30,,35802,7,0,63,1,70,,35817,7,0,63,1,30,,35811,7,0,63,1,70,,35813,7,0,63,1,30,,35805,7,0,63,1,70,,35809,7,0,63,1,30,,35822,7,0,63,1,70,,35820,7,0,63,1,30,,35824,7,0,63,1,70,,35815,7,0,63,1,30,,35808,7,0,63,1,70,,35816,7,0,63,1,30,,35810,7,0,63,1,70,,35807,7,0,63,1,30,,35812,7,0,63,1,70,,35803,7,0,63,1,30,,35823,7,0,63,1,70,,35819,7,0,63,1,30,,35814,7,0,63,1,70,,35806,7,0,63,1,30,,35818,7,0,63,1,70,,35801,7,0,63,1,30,,35821,7,0,63,1
31700,'3',618,,35828,7,0,63,1,30,,35826,7,0,63,1,70,,35841,7,0,63,1,30,,35835,7,0,63,1,70,,35837,7,0,63,1,30,,35829,7,0,63,1,70,,35833,7,0,63,1,30,,35846,7,0,63,1,70,,35844,7,0,63,1,30,,35848,7,0,63,1,70,,35839,7,0,63,1,30,,35832,7,0,63,1,70,,35840,7,0,63,1,30,,35834,7,0,63,1,70,,35831,7,0,63,1,30,,35836,7,0,63,1,70,,35827,7,0,63,1,30,,35847,7,0,63,1,70,,35843,7,0,63,1,30,,35838,7,0,63,1,70,,35830,7,0,63,1,30,,35842,7,0,63,1,70,,35825,7,0,63,1,30,,35845,7,0,63,1
31700,'6',618,,35852,7,0,63,1,30,,35850,7,0,63,1,70,,35865,7,0,63,1,30,,35859,7,0,63,1,70,,35861,7,0,63,1,30,,35853,7,0,63,1,70,,35857,7,0,63,1,30,,35870,7,0,63,1,70,,35868,7,0,63,1,30,,35872,7,0,63,1,70,,35863,7,0,63,1,30,,35856,7,0,63,1,70,,35864,7,0,63,1,30,,35858,7,0,63,1,70,,35855,7,0,63,1,30,,35860,7,0,63,1,70,,35851,7,0,63,1,30,,35871,7,0,63,1,70,,35867,7,0,63,1,30,,35862,7,0,63,1,70,,35854,7,0,63,1,30,,35866,7,0,63,1,70,,35849,7,0,63,1,30,,35869,7,0,63,1
41700,'1',618,,40762,7,0,67,1,30,,40769,7,0,67,1,70,,40763,7,0,67,1,30,,40774,7,0,67,1,70,,40775,7,0,67,1,30,,40782,7,0,67,1,70,,40768,7,0,67,1,30,,40767,7,0,67,1,70,,40783,7,0,67,1,30,,40765,7,0,67,1,70,,40778,7,0,67,1,30,,40771,7,0,67,1,70,,30428,7,0,67,1,30,,40764,7,0,67,1,70,,40781,7,0,67,1,30,,29674,7,0,67,1,70,,40772,7,0,67,1,30,,40773,7,0,67,1,70,,40761,7,0,67,1,30,,30086,7,0,67,1,70,,40766,7,0,67,1,30,,30078,7,0,67,1,70,,40776,7,0,67,1,30,,40777,7,0,67,1,70,,40779,7,0,67,1,100,,40760,7,0,67,1,100,,40770,7,0,67,1,100,,40759,7,0,67,1,100,,40780,7,0,67,1,100,,30781,7,0,67,1
41700,'11',618,,40787,7,0,67,1,30,,40795,7,0,67,1,70,,40788,7,0,67,1,30,,40801,7,0,67,1,70,,40802,7,0,67,1,30,,40811,7,0,67,1,70,,40793,7,0,67,1,30,,40792,7,0,67,1,70,,40813,7,0,67,1,30,,40790,7,0,67,1,70,,40806,7,0,67,1,30,,40797,7,0,67,1,70,,40794,7,0,67,1,30,,40789,7,0,67,1,70,,40810,7,0,67,1,30,,40812,7,0,67,1,70,,40799,7,0,67,1,30,,40800,7,0,67,1,70,,40786,7,0,67,1,30,,40804,7,0,67,1,70,,40791,7,0,67,1,30,,40798,7,0,67,1,70,,40803,7,0,67,1,30,,40805,7,0,67,1,70,,40808,7,0,67,1,100,,40785,7,0,67,1,100,,40796,7,0,67,1,100,,40784,7,0,67,1,100,,40809,7,0,67,1,100,,40807,7,0,67,1
41700,'12',1818,,40818,7,0,67,1,100,,40814,7,0,67,1,100,,40817,7,0,67,1,100,,40819,7,0,67,1,100,,40816,7,0,67,1,100,,40815,7,0,67,1
41700,'13',1818,,40824,7,0,67,1,100,,40820,7,0,67,1,100,,40823,7,0,67,1,100,,40825,7,0,67,1,100,,40822,7,0,67,1,100,,40821,7,0,67,1
41700,'14',1118,,40830,7,0,67,1,100,,29507,7,0,67,1,100,,40831,7,0,67,1,100,,40829,7,0,67,1,100,,40826,7,0,67,1,100,,40828,7,0,67,1,100,,40827,7,0,67,1
41700,'16',618,,40835,7,0,67,1,30,,40842,7,0,67,1,70,,40836,7,0,67,1,30,,40847,7,0,67,1,70,,40848,7,0,67,1,30,,40855,7,0,67,1,70,,40841,7,0,67,1,30,,40840,7,0,67,1,70,,40856,7,0,67,1,30,,40838,7,0,67,1,70,,40851,7,0,67,1,30,,40844,7,0,67,1,70,,30468,7,0,67,1,30,,40837,7,0,67,1,70,,40854,7,0,67,1,30,,29793,7,0,67,1,70,,40845,7,0,67,1,30,,40846,7,0,67,1,70,,40834,7,0,67,1,30,,30166,7,0,67,1,70,,40839,7,0,67,1,30,,30159,7,0,67,1,70,,40849,7,0,67,1,30,,40850,7,0,67,1,70,,40852,7,0,67,1,100,,40833,7,0,67,1,100,,40843,7,0,67,1,100,,40832,7,0,67,1,100,,40853,7,0,67,1,100,,30822,7,0,67,1
41700,'3',1818,,40861,7,0,67,1,100,,40857,7,0,67,1,100,,40860,7,0,67,1,100,,40862,7,0,67,1,100,,40859,7,0,67,1,100,,40858,7,0,67,1
41700,'6',1818,,40867,7,0,67,1,100,,40863,7,0,67,1,100,,40866,7,0,67,1,100,,40868,7,0,67,1,100,,40865,7,0,67,1,100,,40864,7,0,67,1
41700,'8',918,,40880,7,0,67,1,100,,32423,7,0,67,1,30,,40870,7,0,67,1,70,,40869,7,0,67,1,30,,40882,7,0,67,1,70,,40876,7,0,67,1,30,,40872,7,0,67,1,70,,40875,7,0,67,1,30,,40878,7,0,67,1,70,,40881,7,0,67,1,30,,40871,7,0,67,1,70,,40874,7,0,67,1,30,,30924,7,0,67,1,70,,40883,7,0,67,1,30,,40884,7,0,67,1,70,,40873,7,0,67,1,30,,40877,7,0,67,1,70,,40879,7,0,67,1,100,,31236,7,0,67,1
