30101,'12',634,,32947,31,0,5 15,1,70,,32948,31,0,5 15,1,30,,32969,31,0,5 15,1,70,,32985,31,0,5 15,1,30,,32960,31,0,5 15,1,70,,32976,31,0,5 15,1,30,,32954,31,0,5 15,1,70,,32952,31,0,5 15,1,30,,32986,31,0,5 15,1,70,,32966,31,0,5 15,1,30,,32967,31,0,5 15,1,70,,32945,31,0,5 15,1,30,,32955,31,0,5 15,1,70,,32957,31,0,5 15,1,30,,32987,31,0,5 15,1,70,,32991,31,0,5 15,1,30,,32956,31,0,5 15,1,70,,32990,31,0,5 15,1,30,,32980,31,0,5 15,1,70,,32971,31,0,5 15,1,30,,32972,31,0,5 15,1,70,,32994,31,0,5 15,1,30,,32993,31,0,5 15,1,70,,32977,31,0,5 15,1
30101,'13',634,,32997,31,0,5 15,1,70,,32998,31,0,5 15,1,30,,33016,31,0,5 15,1,70,,28476,31,0,5 15,1,30,,33008,31,0,5 15,1,70,,33022,31,0,5 15,1,30,,33003,31,0,5 15,1,70,,33001,31,0,5 15,1,30,,33030,31,0,5 15,1,70,,33014,31,0,5 15,1,30,,33015,31,0,5 15,1,70,,32995,31,0,5 15,1,30,,33004,31,0,5 15,1,70,,33006,31,0,5 15,1,30,,31703,31,0,5 15,1,70,,33033,31,0,5 15,1,30,,33005,31,0,5 15,1,70,,28477,31,0,5 15,1,30,,33026,31,0,5 15,1,70,,33017,31,0,5 15,1,30,,33018,31,0,5 15,1,70,,33036,31,0,5 15,1,30,,33035,31,0,5 15,1,70,,33023,31,0,5 15,1
30101,'3',634,,33039,31,0,5 15,1,70,,33040,31,0,5 15,1,30,,33058,31,0,5 15,1,70,,28491,31,0,5 15,1,30,,33050,31,0,5 15,1,70,,33064,31,0,5 15,1,30,,33045,31,0,5 15,1,70,,33043,31,0,5 15,1,30,,33072,31,0,5 15,1,70,,33056,31,0,5 15,1,30,,33057,31,0,5 15,1,70,,33037,31,0,5 15,1,30,,33046,31,0,5 15,1,70,,33048,31,0,5 15,1,30,,31758,31,0,5 15,1,70,,33075,31,0,5 15,1,30,,33047,31,0,5 15,1,70,,28492,31,0,5 15,1,30,,33068,31,0,5 15,1,70,,33059,31,0,5 15,1,30,,33060,31,0,5 15,1,70,,33078,31,0,5 15,1,30,,33077,31,0,5 15,1,70,,33065,31,0,5 15,1
30101,'6',634,,33081,31,0,5 15,1,70,,33082,31,0,5 15,1,30,,33103,31,0,5 15,1,70,,33119,31,0,5 15,1,30,,33094,31,0,5 15,1,70,,33110,31,0,5 15,1,30,,33088,31,0,5 15,1,70,,33086,31,0,5 15,1,30,,33120,31,0,5 15,1,70,,33100,31,0,5 15,1,30,,33101,31,0,5 15,1,70,,33079,31,0,5 15,1,30,,33089,31,0,5 15,1,70,,33091,31,0,5 15,1,30,,33121,31,0,5 15,1,70,,33125,31,0,5 15,1,30,,33090,31,0,5 15,1,70,,33124,31,0,5 15,1,30,,33114,31,0,5 15,1,70,,33105,31,0,5 15,1,30,,33106,31,0,5 15,1,70,,33128,31,0,5 15,1,30,,33127,31,0,5 15,1,70,,33111,31,0,5 15,1
40101,'1',648,,38036,31,0,16,1,70,,38052,31,0,16,1,30,,38025,31,0,16,1,70,,38054,31,0,16,1,30,,38057,31,0,16,1,70,,38048,31,0,16,1,30,,32002,31,0,16,1,70,,38046,31,0,16,1,30,,38060,31,0,16,1,70,,38020,31,0,16,1,30,,38034,31,0,16,1,70,,38031,31,0,16,1,30,,30519,31,0,16,1,70,,38038,31,0,16,1,30,,38026,31,0,16,1,70,,38043,31,0,16,1,30,,38045,31,0,16,1,70,,38063,31,0,16,1,30,,38040,31,0,16,1,70,,38033,31,0,16,1,30,,38032,31,0,16,1,70,,38027,31,0,16,1,30,,38056,31,0,16,1,70,,38059,31,0,16,1,30,,38037,31,0,16,1,100,,38012,31,0,16,1,100,,38028,31,0,16,1,100,,38049,31,0,16,1,100,,38013,31,0,16,1,100,,38011,31,0,5,1
40101,'11',648,,38093,31,0,16,1,70,,38112,31,0,16,1,30,,38082,31,0,16,1,70,,38114,31,0,16,1,30,,38117,31,0,16,1,70,,38107,31,0,16,1,30,,38102,31,0,16,1,70,,38105,31,0,16,1,30,,38120,31,0,16,1,70,,38077,31,0,16,1,30,,38091,31,0,16,1,70,,38088,31,0,16,1,30,,38099,31,0,16,1,70,,38094,31,0,16,1,30,,38083,31,0,16,1,70,,38101,31,0,16,1,30,,38104,31,0,16,1,70,,38124,31,0,16,1,30,,38097,31,0,16,1,70,,38090,31,0,16,1,30,,38089,31,0,16,1,70,,38084,31,0,16,1,30,,38116,31,0,16,1,70,,38119,31,0,16,1,30,,38095,31,0,16,1,100,,38069,31,0,16,1,100,,38085,31,0,16,1,100,,38108,31,0,16,1,100,,38070,31,0,16,1,100,,38068,31,0,5,1
40101,'12',1848,,38134,31,0,16,1,100,,38133,31,0,16,1,100,,38132,31,0,16,1,100,,38128,31,0,16,1,100,,38137,31,0,16,1,100,,38130,31,0,5,1
40101,'13',1848,,38145,31,0,16,1,100,,38144,31,0,16,1,100,,38143,31,0,16,1,100,,38139,31,0,16,1,100,,38148,31,0,16,1,100,,38141,31,0,5,1
40101,'14',1048,,38157,31,0,16,1,100,,38159,31,0,16,1,100,,38158,31,0,16,1,100,,38153,31,0,16,1,100,,38156,31,0,16,1,100,,38151,31,0,16,1,100,,38162,31,0,16,1,100,,38149,31,0,5,1
40101,'16',648,,38191,31,0,16,1,70,,38207,31,0,16,1,30,,38180,31,0,16,1,70,,38209,31,0,16,1,30,,38212,31,0,16,1,70,,38203,31,0,16,1,30,,32040,31,0,16,1,70,,38201,31,0,16,1,30,,38215,31,0,16,1,70,,38175,31,0,16,1,30,,38189,31,0,16,1,70,,38186,31,0,16,1,30,,30556,31,0,16,1,70,,38193,31,0,16,1,30,,38181,31,0,16,1,70,,38198,31,0,16,1,30,,38200,31,0,16,1,70,,38218,31,0,16,1,30,,38195,31,0,16,1,70,,38188,31,0,16,1,30,,38187,31,0,16,1,70,,38182,31,0,16,1,30,,38211,31,0,16,1,70,,38214,31,0,16,1,30,,38192,31,0,16,1,100,,38167,31,0,16,1,100,,38183,31,0,16,1,100,,38204,31,0,16,1,100,,38168,31,0,16,1,100,,38166,31,0,5,1
40101,'3',1848,,38228,31,0,16,1,100,,38227,31,0,16,1,100,,38226,31,0,16,1,100,,38222,31,0,16,1,100,,38231,31,0,16,1,100,,38224,31,0,5,1
40101,'6',1848,,38239,31,0,16,1,100,,38238,31,0,16,1,100,,38237,31,0,16,1,100,,38233,31,0,16,1,100,,38242,31,0,16,1,100,,38235,31,0,5,1
40101,'8',848,,38272,31,0,16,1,100,,38276,31,0,16,1,100,,38252,31,0,16,1,70,,38262,31,0,16,1,30,,38268,31,0,16,1,70,,38258,31,0,16,1,30,,38281,31,0,16,1,70,,38247,31,0,16,1,30,,38243,31,0,16,1,70,,38260,31,0,16,1,30,,38253,31,0,16,1,70,,38274,31,0,16,1,30,,38254,31,0,16,1,70,,38267,31,0,16,1,30,,38251,31,0,16,1,70,,38244,31,0,16,1,30,,38269,31,0,16,1,70,,38248,31,0,16,1,30,,38273,31,0,16,1,100,,38279,31,0,16,1
