31000,'11',650,,28203,11,0,17 18,1,70,,28194,11,0,17 18,1,30,,28191,11,0,17 18,1,70,,28196,11,0,17 18,1,30,,28189,11,0,17 18,1,70,,28201,11,0,17 18,1,30,,28188,11,0,17 18,1,70,,28204,11,0,17 18,1,30,,28186,11,0,17 18,1,70,,28199,11,0,17 18,1,30,,28193,11,0,17 18,1,70,,28192,11,0,17 18,1,30,,28198,11,0,17 18,1,70,,28200,11,0,17 18,1,30,,22412,11,0,17 18,1,71,,28187,11,0,17 18,1,30,,28202,11,0,17 18,1,70,,28197,11,0,17 18,1,30,,28185,11,0,17 18,1,70,,28190,11,0,17 18,1,30,,28195,11,0,17 18,1,70,,23551,11,0,17 18,1,30,,28205,11,0,17 18,1
31000,'3',650,,28224,11,0,17 18,1,70,,28215,11,0,17 18,1,30,,28212,11,0,17 18,1,70,,28217,11,0,17 18,1,30,,28210,11,0,17 18,1,70,,28222,11,0,17 18,1,30,,28209,11,0,17 18,1,70,,28225,11,0,17 18,1,30,,28207,11,0,17 18,1,70,,28220,11,0,17 18,1,30,,28214,11,0,17 18,1,70,,28213,11,0,17 18,1,30,,28219,11,0,17 18,1,70,,28221,11,0,17 18,1,30,,22434,11,0,17 18,1,71,,28208,11,0,17 18,1,30,,28223,11,0,17 18,1,70,,28218,11,0,17 18,1,30,,28206,11,0,17 18,1,70,,28211,11,0,17 18,1,30,,28216,11,0,17 18,1,70,,23572,11,0,17 18,1,30,,28226,11,0,17 18,1
31600,'11',649,,28606,11,0,19,1,55,,28605,11,0,19,1,15,,28602,11,0,19,1,15,,28620,11,0,19,1,15,,28598,11,0,19,1,55,,24111,11,0,19,1,15,,28617,11,0,19,1,15,,13762,11,0,19,1,15,,28601,11,0,19,1,55,,28588,11,0,19,1,15,,28597,11,0,19,1,15,,28590,11,0,19,1,15,,28625,11,0,19,1,56,,28589,11,0,19,1,15,,28626,11,0,19,1,15,,28595,11,0,19,1,15,,28609,11,0,19,1,55,,28587,11,0,19,1,15,,28607,11,0,19,1,15,,28627,11,0,19,1,15,,28622,11,0,19,1,55,,28628,11,0,19,1,15,,22781,11,0,19,1,15,,28600,11,0,19,1,15,,28608,11,0,19,1,55,,28618,11,0,19,1,15,,28613,11,0,19,1,15,,28594,11,0,19,1,15,,28592,11,0,19,1,56,,23477,11,0,19,1,15,,28623,11,0,19,1,15,,28591,11,0,19,1,15,,28593,11,0,19,1,55,,28610,11,0,19,1,15,,28614,11,0,19,1,15,,28611,11,0,19,1,15,,28604,11,0,19,1,55,,28621,11,0,19,1,15,,28624,11,0,19,1,15,,28616,11,0,19,1,15,,28619,11,0,19,1,55,,28612,11,0,19,1,15,,28603,11,0,19,1,15,,28596,11,0,19,1,15,,28599,11,0,19,1,55,,22723,11,0,19,1,15,,28615,11,0,19,1
31600,'3',649,,28648,11,0,19,1,55,,28647,11,0,19,1,15,,28644,11,0,19,1,15,,28662,11,0,19,1,15,,28640,11,0,19,1,55,,24123,11,0,19,1,15,,28659,11,0,19,1,15,,13810,11,0,19,1,15,,28643,11,0,19,1,55,,28630,11,0,19,1,15,,28639,11,0,19,1,15,,28632,11,0,19,1,15,,28667,11,0,19,1,56,,28631,11,0,19,1,15,,28668,11,0,19,1,15,,28637,11,0,19,1,15,,28651,11,0,19,1,55,,28629,11,0,19,1,15,,28649,11,0,19,1,15,,28669,11,0,19,1,15,,28664,11,0,19,1,55,,28670,11,0,19,1,15,,22802,11,0,19,1,15,,28642,11,0,19,1,15,,28650,11,0,19,1,55,,28660,11,0,19,1,15,,28655,11,0,19,1,15,,28636,11,0,19,1,15,,28634,11,0,19,1,56,,23514,11,0,19,1,15,,28665,11,0,19,1,15,,28633,11,0,19,1,15,,28635,11,0,19,1,55,,28652,11,0,19,1,15,,28656,11,0,19,1,15,,28653,11,0,19,1,15,,28646,11,0,19,1,55,,28663,11,0,19,1,15,,28666,11,0,19,1,15,,28658,11,0,19,1,15,,28661,11,0,19,1,55,,28654,11,0,19,1,15,,28645,11,0,19,1,15,,28638,11,0,19,1,15,,28641,11,0,19,1,55,,22745,11,0,19,1,15,,28657,11,0,19,1
41000,'1',650,,31130,11,,,1,70,,31119,11,,,1,30,,31131,11,,,1,70,,31132,11,,,1,30,,31115,11,,,1,70,,31120,11,,,1,30,,24198,11,,,1,71,,31116,11,,,1,30,,31126,11,,,1,70,,31122,11,,,1,30,,31129,11,,,1,70,,31127,11,,,1,30,,31128,11,,,1,70,,31123,11,,,1,30,,31118,11,,,1,70,,31117,11,,,1,30,,31114,11,,,1,70,,24879,11,,,1,30,,31121,11,,,1,70,,31113,11,,,1,30,,31124,11,,,1,70,,31125,11,,,1,30,,23526,11,,,1
41000,'12',1051,,31135,11,,,1,100,,31138,11,,,1,100,,31133,11,,,1,100,,31136,11,,,1,100,,31137,11,,,1,100,,25514,11,,,1,100,,31134,11,,,1,100,,31139,11,,,1
41000,'14',650,,31155,11,,,1,70,,31146,11,,,1,30,,31156,11,,,1,70,,31157,11,,,1,30,,25098,11,,,1,70,,31147,11,,,1,30,,31142,11,,,1,71,,26631,11,,,1,30,,31151,11,,,1,70,,31148,11,,,1,30,,31154,11,,,1,70,,31152,11,,,1,30,,31153,11,,,1,70,,31149,11,,,1,30,,31145,11,,,1,70,,31144,11,,,1,30,,26840,11,,,1,70,,31140,11,,,1,30,,20047,11,,,1,70,,31141,11,,,1,30,,31150,11,,,1,70,,25240,11,,,1,30,,31143,11,,,1
41000,'8',850,,31176,11,,,1,100,,31160,11,,,1,71,,31174,11,,,1,30,,31170,11,,,1,70,,31163,11,,,1,30,,31164,11,,,1,70,,31171,11,,,1,30,,31173,11,,,1,70,,31159,11,,,1,30,,31162,11,,,1,70,,31172,11,,,1,30,,31166,11,,,1,70,,31177,11,,,1,30,,31175,11,,,1,70,,31168,11,,,1,30,,31158,11,,,1,70,,31165,11,,,1,30,,31167,11,,,1,100,,31169,11,,,1,99,,31161,11,,,1
41600,'1',719,,31669,11,0,19,1,30,,31674,11,0,19,1,70,,31678,11,0,19,1,30,,31668,11,0,19,1,70,,31671,11,0,19,1,30,,31693,11,0,19,1,71,,31667,11,0,19,1,30,,31685,11,0,19,1,70,,31679,11,0,19,1,30,,31694,11,0,19,1,70,,31687,11,0,19,1,30,,22957,11,0,19,1,70,,31676,11,0,19,1,30,,31675,11,0,19,1,70,,31692,11,0,19,1,30,,31682,11,0,19,1,70,,31688,11,0,19,1,30,,31677,11,0,19,1,70,,23655,11,0,19,1,30,,31670,11,0,19,1,70,,31683,11,0,19,1,30,,31673,11,0,19,1,70,,31689,11,0,19,1,30,,31691,11,0,19,1,69,,31696,11,0,19,1,30,,31695,11,0,19,1,70,,31686,11,0,19,1,30,,31666,11,0,19,1,70,,31684,11,0,19,1,30,,31680,11,0,19,1,70,,31672,11,0,19,1,30,,31690,11,0,19,1,70,,31681,11,0,19,1
41600,'11',1850,,31701,11,0,19,1,69,,31703,11,0,19,1,30,,31700,11,0,19,1,70,,31699,11,0,19,1,30,,23203,11,0,19,1,70,,31698,11,0,19,1,30,,31705,11,0,19,1,70,,31697,11,0,19,1,30,,31704,11,0,19,1,70,,31702,11,0,19,1
41600,'12',1050,,31715,11,0,19,1,70,,31710,11,0,19,1,30,,31713,11,0,19,1,70,,31708,11,0,19,1,30,,31717,11,0,19,1,70,,31716,11,0,19,1,30,,31718,11,0,19,1,70,,31714,11,0,19,1,30,,31711,11,0,19,1,70,,31707,11,0,19,1,30,,31709,11,0,19,1,70,,31719,11,0,19,1,30,,31712,11,0,19,1,70,,31720,11,0,19,1,30,,31706,11,0,19,1
41600,'14',719,,31724,11,0,19,1,30,,31731,11,0,19,1,70,,31735,11,0,19,1,30,,31723,11,0,19,1,70,,31727,11,0,19,1,30,,31748,11,0,19,1,71,,31722,11,0,19,1,30,,31741,11,0,19,1,70,,31736,11,0,19,1,30,,31749,11,0,19,1,70,,31743,11,0,19,1,30,,31725,11,0,19,1,70,,31733,11,0,19,1,30,,31732,11,0,19,1,70,,31747,11,0,19,1,30,,31738,11,0,19,1,70,,31744,11,0,19,1,30,,31734,11,0,19,1,70,,31730,11,0,19,1,30,,31726,11,0,19,1,70,,31739,11,0,19,1,30,,31729,11,0,19,1,70,,31745,11,0,19,1,30,,31746,11,0,19,1,69,,31751,11,0,19,1,30,,31750,11,0,19,1,70,,31742,11,0,19,1,30,,31721,11,0,19,1,70,,31740,11,0,19,1,30,,31737,11,0,19,1,70,,31728,11,0,19,1,30,,5913,11,0,19,1,70,,7358,11,0,19,1
41600,'3',1850,,31756,11,0,19,1,69,,31758,11,0,19,1,30,,31755,11,0,19,1,70,,31754,11,0,19,1,30,,23218,11,0,19,1,70,,31753,11,0,19,1,30,,31760,11,0,19,1,70,,31752,11,0,19,1,30,,31759,11,0,19,1,70,,31757,11,0,19,1
41600,'8',849,,31779,11,0,19,1,70,,31772,11,0,19,1,30,,25999,11,0,19,1,71,,31778,11,0,19,1,30,,31782,11,0,19,1,70,,31767,11,0,19,1,30,,31768,11,0,19,1,70,,31780,11,0,19,1,30,,31777,11,0,19,1,70,,31781,11,0,19,1,30,,31762,11,0,19,1,70,,31773,11,0,19,1,30,,31770,11,0,19,1,70,,31771,11,0,19,1,30,,31765,11,0,19,1,70,,31769,11,0,19,1,30,,31776,11,0,19,1,70,,31764,11,0,19,1,30,,31763,11,0,19,1,70,,31774,11,0,19,1,30,,31775,11,0,19,1,69,,31766,11,0,19,1,30,,31761,11,0,19,1
