32401,'15',713,,14774,4,0,54,1,100,,14775,4,0,54,1,100,,14765,4,0,54,1,100,,14772,4,0,54,1,100,,14770,4,0,54,1,100,,14767,4,0,54,1,100,,14769,4,0,54,1,100,,14776,4,0,54,1,100,,14766,4,0,54,1,100,,14768,4,0,54,1,100,,14773,4,0,54,1,100,,14771,4,0,54,1
32401,'16',713,,14789,4,0,54,1,30,,14794,4,0,54,1,70,,14791,4,0,54,1,30,,14795,4,0,54,1,70,,14778,4,0,54,1,30,,14785,4,0,54,1,70,,14786,4,0,54,1,30,,14787,4,0,54,1,70,,14783,4,0,54,1,30,,6299,4,0,54,1,70,,14780,4,0,54,1,30,,14777,4,0,54,1,70,,14782,4,0,54,1,30,,14790,4,0,54,1,70,,14793,4,0,54,1,30,,14781,4,0,54,1,70,,14779,4,0,54,1,30,,61,4,0,54,1,70,,2248,4,0,54,1,30,,14792,4,0,54,1,70,,14788,4,0,54,1,30,,14796,4,0,54,1,70,,14784,4,0,54,1
32401,'17',713,,14808,4,0,54,1,30,,14813,4,0,54,1,70,,14810,4,0,54,1,30,,14814,4,0,54,1,70,,14798,4,0,54,1,30,,14805,4,0,54,1,70,,14806,4,0,54,1,30,,14807,4,0,54,1,70,,14803,4,0,54,1,30,,6305,4,0,54,1,70,,14800,4,0,54,1,30,,14797,4,0,54,1,70,,14802,4,0,54,1,30,,14809,4,0,54,1,70,,14812,4,0,54,1,30,,14801,4,0,54,1,70,,14799,4,0,54,1,30,,108,4,0,54,1,70,,2273,4,0,54,1,30,,14811,4,0,54,1,70,,2987,4,0,54,1,30,,14815,4,0,54,1,70,,14804,4,0,54,1
32401,'19',713,,14830,4,0,54,1,30,,14817,4,0,54,1,70,,14833,4,0,54,1,30,,14818,4,0,54,1,70,,7543,4,0,54,1,30,,14832,4,0,54,1,70,,14827,4,0,54,1,30,,14834,4,0,54,1,70,,14826,4,0,54,1,30,,14821,4,0,54,1,70,,14820,4,0,54,1,30,,14831,4,0,54,1,70,,14825,4,0,54,1,30,,14822,4,0,54,1,70,,14835,4,0,54,1,30,,14829,4,0,54,1,70,,14819,4,0,54,1,30,,14824,4,0,54,1,70,,14823,4,0,54,1,30,,14816,4,0,54,1,70,,14828,4,0,54,1,30,,14837,4,0,54,1,70,,14836,4,0,54,1
32401,'5',713,,14848,4,0,54,1,30,,3015,4,0,54,1,70,,14854,4,0,54,1,30,,14850,4,0,54,1,70,,14838,4,0,54,1,30,,14839,4,0,54,1,70,,14846,4,0,54,1,30,,14849,4,0,54,1,70,,14845,4,0,54,1,30,,14842,4,0,54,1,70,,14841,4,0,54,1,30,,14852,4,0,54,1,70,,14844,4,0,54,1,30,,14851,4,0,54,1,70,,14855,4,0,54,1,30,,167,4,0,54,1,70,,14840,4,0,54,1,30,,14853,4,0,54,1,70,,2298,4,0,54,1,30,,377,4,0,54,1,70,,14847,4,0,54,1,30,,14843,4,0,54,1,70,,1232,4,0,54,1
32401,'6',713,,14865,4,0,54,1,100,,14866,4,0,54,1,100,,14856,4,0,54,1,100,,14863,4,0,54,1,100,,14861,4,0,54,1,100,,14858,4,0,54,1,100,,14860,4,0,54,1,100,,14867,4,0,54,1,100,,14857,4,0,54,1,100,,14859,4,0,54,1,100,,14864,4,0,54,1,100,,14862,4,0,54,1
42401,'10',713,,20478,4,0,54,1,30,,20492,4,0,54,1,70,,20482,4,0,54,1,30,,20490,4,0,54,1,70,,20462,4,0,54,1,30,,20480,4,0,54,1,70,,20463,4,0,54,1,30,,20474,4,0,54,1,70,,20464,4,0,54,1,30,,20486,4,0,54,1,70,,20481,4,0,54,1,30,,20472,4,0,54,1,70,,20468,4,0,54,1,30,,20475,4,0,54,1,70,,20473,4,0,54,1,30,,20487,4,0,54,1,70,,20466,4,0,54,1,30,,20489,4,0,54,1,70,,20469,4,0,54,1,30,,20477,4,0,54,1,70,,20488,4,0,54,1,30,,20491,4,0,54,1,70,,20479,4,0,54,1,30,,20483,4,0,54,1,69,,20484,4,0,54,1,30,,20485,4,0,54,1,70,,20465,4,0,54,1,30,,20470,4,0,54,1,70,,20493,4,0,54,1,30,,20460,4,0,54,1,70,,20471,4,0,54,1,30,,20467,4,0,54,1,70,,20476,4,0,54,1,30,,20461,4,0,54,1
42401,'15',1912,,20494,4,0,54,1,100,,20497,4,0,54,1,100,,20496,4,0,54,1,100,,20495,4,0,54,1,100,,20498,4,0,54,1
42401,'16',1843,,20502,4,0,54,1,69,,20504,4,0,54,1,30,,4731,4,0,54,1,70,,3441,4,0,54,1,30,,20499,4,0,54,1,70,,1190,4,0,54,1,30,,20503,4,0,54,1,70,,20500,4,0,54,1,100,,20506,4,0,54,1,30,,20501,4,0,54,1,70,,20505,4,0,54,1
42401,'17',1843,,20510,4,0,54,1,69,,20512,4,0,54,1,30,,4755,4,0,54,1,70,,3465,4,0,54,1,30,,20507,4,0,54,1,70,,1214,4,0,54,1,30,,20511,4,0,54,1,70,,20508,4,0,54,1,100,,20514,4,0,54,1,30,,20509,4,0,54,1,70,,20513,4,0,54,1
42401,'19',1912,,20516,4,0,54,1,100,,20518,4,0,54,1,100,,20517,4,0,54,1,100,,20515,4,0,54,1,100,,20519,4,0,54,1
42401,'5',1843,,20522,4,0,54,1,69,,20521,4,0,54,1,30,,20526,4,0,54,1,70,,3489,4,0,54,1,30,,20523,4,0,54,1,70,,1238,4,0,54,1,30,,20524,4,0,54,1,70,,20520,4,0,54,1,100,,20525,4,0,54,1
42401,'6',1912,,20527,4,0,54,1,100,,20530,4,0,54,1,100,,20529,4,0,54,1,100,,20528,4,0,54,1,100,,20531,4,0,54,1
