33701,'1',642,,37363,13,,,1,70,,29420,13,,,1,30,,37391,13,,,1,70,,37369,13,,,1,30,,37384,13,,,1,70,,37372,13,,,1,30,,37371,13,,,1,71,,37375,13,,,1,30,,37387,13,,,1,70,,37383,13,,,1,30,,37373,13,,,1,70,,37367,13,,,1,30,,32345,13,,,1,70,,37399,13,,,1,30,,37365,13,,,1,70,,37386,13,,,1,30,,37389,13,,,1,70,,37360,13,,,1,30,,37377,13,,,1,70,,37403,13,,,1,30,,37390,13,,,1,70,,37364,13,,,1,30,,37376,13,,,1,70,,37381,13,,,1,30,,22061,13,,,1
33701,'11',642,,37410,13,,,1,70,,37443,13,,,1,30,,37439,13,,,1,70,,37416,13,,,1,30,,37432,13,,,1,70,,37419,13,,,1,30,,37418,13,,,1,71,,37422,13,,,1,30,,37435,13,,,1,70,,37431,13,,,1,30,,37420,13,,,1,70,,37414,13,,,1,30,,37444,13,,,1,70,,37449,13,,,1,30,,37412,13,,,1,70,,37434,13,,,1,30,,37437,13,,,1,70,,37406,13,,,1,30,,37424,13,,,1,70,,37453,13,,,1,30,,37438,13,,,1,70,,37411,13,,,1,30,,37423,13,,,1,70,,37428,13,,,1,30,,37429,13,,,1
33701,'12',622,,37480,13,,,1,30,,37497,13,,,1,70,,37466,13,,,1,30,,37462,13,,,1,70,,37461,13,,,1,30,,37503,13,,,1,70,,37501,13,,,1,30,,37495,13,,,1,71,,37486,13,,,1,30,,37504,13,,,1,70,,37465,13,,,1,30,,37498,13,,,1,70,,37502,13,,,1,30,,37493,13,,,1,70,,37475,13,,,1,30,,37484,13,,,1,70,,37478,13,,,1,30,,37472,13,,,1,70,,37489,13,,,1,30,,37468,13,,,1,70,,37500,13,,,1,30,,37490,13,,,1,70,,37477,13,,,1,30,,37473,13,,,1,70,,37476,13,,,1
33701,'13',622,,37527,13,,,1,30,,37540,13,,,1,70,,37515,13,,,1,30,,37512,13,,,1,70,,37511,13,,,1,30,,37545,13,,,1,70,,27985,13,,,1,30,,28408,13,,,1,71,,37532,13,,,1,30,,37546,13,,,1,70,,37514,13,,,1,30,,37541,13,,,1,70,,37544,13,,,1,30,,37538,13,,,1,70,,31700,13,,,1,30,,37530,13,,,1,70,,37525,13,,,1,30,,37520,13,,,1,70,,37535,13,,,1,30,,37517,13,,,1,70,,37543,13,,,1,30,,37536,13,,,1,70,,37524,13,,,1,30,,37521,13,,,1,70,,37523,13,,,1
33701,'14',1043,,37561,13,,,1,70,,37562,13,,,1,30,,37564,13,,,1,70,,37549,13,,,1,30,,37559,13,,,1,70,,37548,13,,,1,30,,37558,13,,,1,70,,37554,13,,,1,30,,37568,13,,,1,70,,37567,13,,,1,30,,29744,13,,,1,70,,37575,13,,,1,30,,37566,13,,,1,70,,37573,13,,,1,30,,37574,13,,,1
33701,'16',642,,37580,13,,,1,70,,29539,13,,,1,30,,37608,13,,,1,70,,37586,13,,,1,30,,37601,13,,,1,70,,37589,13,,,1,30,,37588,13,,,1,71,,37592,13,,,1,30,,37604,13,,,1,70,,37600,13,,,1,30,,37590,13,,,1,70,,37584,13,,,1,30,,32392,13,,,1,70,,37616,13,,,1,30,,37582,13,,,1,70,,37603,13,,,1,30,,37606,13,,,1,70,,37577,13,,,1,30,,37594,13,,,1,70,,37620,13,,,1,30,,37607,13,,,1,70,,37581,13,,,1,30,,37593,13,,,1,70,,37598,13,,,1,30,,29969,13,,,1
33701,'3',622,,37644,13,,,1,30,,37657,13,,,1,70,,37632,13,,,1,30,,37629,13,,,1,70,,37628,13,,,1,30,,37662,13,,,1,70,,28008,13,,,1,30,,28429,13,,,1,71,,37649,13,,,1,30,,37663,13,,,1,70,,37631,13,,,1,30,,37658,13,,,1,70,,37661,13,,,1,30,,37655,13,,,1,70,,31755,13,,,1,30,,37647,13,,,1,70,,37642,13,,,1,30,,37637,13,,,1,70,,37652,13,,,1,30,,37634,13,,,1,70,,37660,13,,,1,30,,37653,13,,,1,70,,37641,13,,,1,30,,37638,13,,,1,70,,37640,13,,,1
33701,'6',622,,37689,13,,,1,30,,37706,13,,,1,70,,37675,13,,,1,30,,37671,13,,,1,70,,37670,13,,,1,30,,37712,13,,,1,70,,37710,13,,,1,30,,37704,13,,,1,71,,37695,13,,,1,30,,37713,13,,,1,70,,37674,13,,,1,30,,37707,13,,,1,70,,37711,13,,,1,30,,37702,13,,,1,70,,37684,13,,,1,30,,37693,13,,,1,70,,37687,13,,,1,30,,37681,13,,,1,70,,37698,13,,,1,30,,37677,13,,,1,70,,37709,13,,,1,30,,37699,13,,,1,70,,37686,13,,,1,30,,37682,13,,,1,70,,37685,13,,,1
33701,'8',1113,,30756,13,,,1,30,,37729,13,,,1,70,,37725,13,,,1,30,,37718,13,,,1,70,,37738,13,,,1,30,,37715,13,,,1,70,,37740,13,,,1,30,,37721,13,,,1,70,,37730,13,,,1,30,,31765,13,,,1,70,,37719,13,,,1,30,,37720,13,,,1,70,,37723,13,,,1,30,,37722,13,,,1,70,,37726,13,,,1
43701,'1',1922,,41926,13,,,1,100,,41927,13,,,1,100,,41924,13,,,1,100,,41923,13,,,1,100,,30690,13,,,1
43701,'11',1922,,41934,13,,,1,100,,41935,13,,,1,100,,41932,13,,,1,100,,41931,13,,,1,100,,41936,13,,,1
43701,'12',1922,,41948,13,,,1,100,,41941,13,,,1,100,,41949,13,,,1,100,,41946,13,,,1,100,,41947,13,,,1
43701,'13',1922,,41957,13,,,1,100,,41951,13,,,1,100,,41958,13,,,1,100,,41956,13,,,1,100,,28240,13,,,1
43701,'16',1922,,41963,13,,,1,100,,41964,13,,,1,100,,41961,13,,,1,100,,41960,13,,,1,100,,30728,13,,,1
43701,'3',1922,,41975,13,,,1,100,,41969,13,,,1,100,,41976,13,,,1,100,,41974,13,,,1,100,,28262,13,,,1
43701,'6',1922,,41985,13,,,1,100,,41978,13,,,1,100,,41986,13,,,1,100,,41983,13,,,1,100,,41984,13,,,1
