30500,'1',619,,22054,11,0,58,1,30,,22074,11,0,58,1,70,,22067,11,0,58,1,30,,22066,11,0,58,1,70,,22058,11,0,58,1,30,,22064,11,0,58,1,70,,22071,11,0,58,1,30,,22072,11,0,58,1,70,,22069,11,0,58,1,30,,22057,11,0,58,1,70,,22061,11,0,58,1,30,,22065,11,0,58,1,70,,22062,11,0,58,1,30,,22073,11,0,58,1,70,,22060,11,0,58,1,30,,22063,11,0,58,1,70,,22075,11,0,58,1,30,,22076,11,0,58,1,70,,22070,11,0,58,1,30,,22059,11,0,58,1,70,,22056,11,0,58,1,30,,22055,11,0,58,1,70,,22077,11,0,58,1
30500,'10',619,,22078,11,0,58,1,30,,22095,11,0,58,1,70,,22089,11,0,58,1,30,,22088,11,0,58,1,70,,9166,11,0,58,1,30,,22087,11,0,58,1,70,,22093,11,0,58,1,30,,22094,11,0,58,1,70,,22091,11,0,58,1,30,,22081,11,0,58,1,70,,22084,11,0,58,1,30,,16136,11,0,58,1,70,,22085,11,0,58,1,30,,19547,11,0,58,1,70,,22083,11,0,58,1,30,,22086,11,0,58,1,70,,22096,11,0,58,1,30,,22097,11,0,58,1,70,,22092,11,0,58,1,30,,22082,11,0,58,1,70,,22080,11,0,58,1,30,,22079,11,0,58,1,70,,22098,11,0,58,1
30500,'3',619,,22099,11,0,58,1,30,,22116,11,0,58,1,70,,22110,11,0,58,1,30,,22109,11,0,58,1,70,,9260,11,0,58,1,30,,22108,11,0,58,1,70,,22114,11,0,58,1,30,,22115,11,0,58,1,70,,22112,11,0,58,1,30,,22102,11,0,58,1,70,,22105,11,0,58,1,30,,16270,11,0,58,1,70,,22106,11,0,58,1,30,,19586,11,0,58,1,70,,22104,11,0,58,1,30,,22107,11,0,58,1,70,,22117,11,0,58,1,30,,22118,11,0,58,1,70,,22113,11,0,58,1,30,,22103,11,0,58,1,70,,22101,11,0,58,1,30,,22100,11,0,58,1,70,,15883,11,0,58,1
30600,'1',604,,22198,10,0,7,1,30,,22208,10,0,7,1,70,,22209,10,0,7,1,30,,22206,10,0,7,1,70,,22207,10,0,7,1,30,,22194,10,0,7,1,70,,22191,10,0,7,1,30,,22199,10,0,7,1,70,,22196,10,0,7,1,30,,22204,10,0,7,1,70,,22193,10,0,7,1,30,,22200,10,0,7,1,70,,22202,10,0,7,1,30,,22197,10,0,7,1,70,,22192,10,0,7,1,30,,22210,10,0,7,1,70,,19945,10,0,7,1,30,,22201,10,0,7,1,70,,22189,10,0,7,1,30,,22205,10,0,7,1,70,,22203,10,0,7,1,30,,22195,10,0,7,1,70,,22211,10,0,7,1,30,,22190,10,0,7,1
30600,'10',604,,22220,10,0,7,1,30,,22229,10,0,7,1,70,,14703,10,0,7,1,30,,22227,10,0,7,1,70,,22228,10,0,7,1,30,,22216,10,0,7,1,70,,22214,10,0,7,1,30,,13113,10,0,7,1,70,,22219,10,0,7,1,30,,22225,10,0,7,1,70,,22215,10,0,7,1,30,,22221,10,0,7,1,70,,22223,10,0,7,1,30,,17963,10,0,7,1,70,,2616,10,0,7,1,30,,22230,10,0,7,1,70,,22218,10,0,7,1,30,,22222,10,0,7,1,70,,22212,10,0,7,1,30,,22226,10,0,7,1,70,,22224,10,0,7,1,30,,22217,10,0,7,1,70,,2387,10,0,7,1,30,,22213,10,0,7,1
30600,'3',604,,22239,10,0,7,1,30,,14636,10,0,7,1,70,,14746,10,0,7,1,30,,22246,10,0,7,1,70,,22247,10,0,7,1,30,,22235,10,0,7,1,70,,22233,10,0,7,1,30,,13223,10,0,7,1,70,,22238,10,0,7,1,30,,22244,10,0,7,1,70,,22234,10,0,7,1,30,,22240,10,0,7,1,70,,22242,10,0,7,1,30,,18001,10,0,7,1,70,,2634,10,0,7,1,30,,22248,10,0,7,1,70,,22237,10,0,7,1,30,,22241,10,0,7,1,70,,22231,10,0,7,1,30,,22245,10,0,7,1,70,,22243,10,0,7,1,30,,22236,10,0,7,1,70,,2412,10,0,7,1,30,,22232,10,0,7,1
40600,'1',1819,,25497,10,0,9 10,1,100,,25492,10,0,9 10,1,100,,25495,10,0,9 10,1,100,,25493,10,0,9 10,1,100,,25496,10,0,9 10,1,100,,25494,10,0,9 10,1
40600,'10',1819,,25503,10,0,9 10,1,100,,25498,10,0,9 10,1,100,,25501,10,0,9 10,1,100,,25499,10,0,9 10,1,100,,25502,10,0,9 10,1,100,,25500,10,0,9 10,1
40600,'11',919,,25506,10,0,9 10,1,100,,25516,10,0,9 10,1,30,,9943,10,0,9 10,1,70,,25518,10,0,9 10,1,30,,25511,10,0,9 10,1,70,,25514,10,0,9 10,1,30,,25505,10,0,9 10,1,70,,25512,10,0,9 10,1,30,,25504,10,0,9 10,1,70,,16912,10,0,9 10,1,30,,25507,10,0,9 10,1,70,,25519,10,0,9 10,1,30,,25515,10,0,9 10,1,70,,25517,10,0,9 10,1,30,,25510,10,0,9 10,1,70,,25508,10,0,9 10,1,30,,25509,10,0,9 10,1,70,,10081,10,0,9 10,1,100,,25513,10,0,9 10,1
40600,'13',619,,25533,10,0,9 10,1,30,,25535,10,0,9 10,1,70,,25544,10,0,9 10,1,30,,25522,10,0,9 10,1,70,,25541,10,0,9 10,1,30,,19690,10,0,9 10,1,70,,25523,10,0,9 10,1,30,,25526,10,0,9 10,1,70,,25542,10,0,9 10,1,30,,25521,10,0,9 10,1,70,,25543,10,0,9 10,1,30,,19130,10,0,9 10,1,70,,25539,10,0,9 10,1,30,,25530,10,0,9 10,1,70,,25531,10,0,9 10,1,30,,25520,10,0,9 10,1,70,,25524,10,0,9 10,1,30,,25537,10,0,9 10,1,70,,25529,10,0,9 10,1,30,,25527,10,0,9 10,1,70,,25525,10,0,9 10,1,30,,25545,10,0,9 10,1,70,,25534,10,0,9 10,1,30,,25532,10,0,9 10,1,70,,19575,10,0,9 10,1,100,,25528,10,0,9 10,1,100,,25540,10,0,9 10,1,100,,16948,10,0,9 10,1,100,,25536,10,0,9 10,1,100,,25538,10,0,9 10,1
40600,'3',1819,,25551,10,0,9 10,1,100,,25546,10,0,9 10,1,100,,25549,10,0,9 10,1,100,,25547,10,0,9 10,1,100,,25550,10,0,9 10,1,100,,25548,10,0,9 10,1
40600,'8',919,,25554,10,0,9 10,1,100,,25567,10,0,9 10,1,30,,25565,10,0,9 10,1,70,,25569,10,0,9 10,1,30,,25559,10,0,9 10,1,70,,25562,10,0,9 10,1,30,,25553,10,0,9 10,1,70,,25560,10,0,9 10,1,30,,25552,10,0,9 10,1,70,,25564,10,0,9 10,1,30,,25555,10,0,9 10,1,70,,25570,10,0,9 10,1,30,,25563,10,0,9 10,1,70,,25568,10,0,9 10,1,30,,25558,10,0,9 10,1,70,,25556,10,0,9 10,1,30,,25557,10,0,9 10,1,70,,25566,10,0,9 10,1,100,,25561,10,0,9 10,1
41200,'1',1818,,26073,11,0,23,1,100,,26078,11,0,23,1,100,,26074,11,0,23,1,100,,26077,11,0,23,1,100,,26076,11,0,23,1,100,,26075,11,0,23,1
41200,'10',1818,,11756,11,0,23,1,100,,8701,11,0,23,1,100,,13490,11,0,23,1,100,,26081,11,0,23,1,100,,26080,11,0,23,1,100,,26079,11,0,23,1
41200,'11',918,,12491,11,0,23,1,101,,26092,11,0,23,1,30,,15039,11,0,23,1,70,,26097,11,0,23,1,30,,26083,11,0,23,1,70,,26087,11,0,23,1,30,,26091,11,0,23,1,70,,26095,11,0,23,1,30,,26094,11,0,23,1,69,,26086,11,0,23,1,30,,26090,11,0,23,1,70,,14826,11,0,23,1,30,,26096,11,0,23,1,70,,26093,11,0,23,1,30,,26089,11,0,23,1,70,,26084,11,0,23,1,30,,26088,11,0,23,1,70,,26085,11,0,23,1,100,,26082,11,0,23,1
41200,'13',618,,26115,11,0,23,1,30,,26102,11,0,23,1,70,,26111,11,0,23,1,30,,26116,11,0,23,1,70,,26125,11,0,23,1,30,,26107,11,0,23,1,70,,26108,11,0,23,1,30,,26101,11,0,23,1,71,,26112,11,0,23,1,30,,26105,11,0,23,1,70,,26120,11,0,23,1,30,,26103,11,0,23,1,70,,26104,11,0,23,1,30,,26109,11,0,23,1,70,,26122,11,0,23,1,30,,26121,11,0,23,1,69,,26124,11,0,23,1,30,,17193,11,0,23,1,70,,26114,11,0,23,1,30,,26118,11,0,23,1,70,,26119,11,0,23,1,30,,26106,11,0,23,1,70,,26117,11,0,23,1,30,,26113,11,0,23,1,70,,26123,11,0,23,1,100,,26099,11,0,23,1,100,,26098,11,0,23,1,100,,26110,11,0,23,1,100,,26100,11,0,23,1,100,,26126,11,0,23,1
41200,'3',1818,,11795,11,0,23,1,100,,8721,11,0,23,1,100,,13533,11,0,23,1,100,,26129,11,0,23,1,100,,26128,11,0,23,1,100,,26127,11,0,23,1
41200,'8',918,,26136,11,0,23,1,101,,26140,11,0,23,1,30,,26147,11,0,23,1,70,,26146,11,0,23,1,30,,26131,11,0,23,1,70,,26135,11,0,23,1,30,,26139,11,0,23,1,70,,26144,11,0,23,1,30,,26143,11,0,23,1,69,,26134,11,0,23,1,30,,26138,11,0,23,1,70,,26141,11,0,23,1,30,,26145,11,0,23,1,70,,26142,11,0,23,1,30,,17378,11,0,23,1,70,,26132,11,0,23,1,30,,26137,11,0,23,1,70,,26133,11,0,23,1,100,,26130,11,0,23,1
