30801,'15',642,,11059,19,0,64 38,1,70,,11055,19,0,64 38,1,30,,11066,19,0,64 38,1,70,,11068,19,0,64 38,1,30,,11056,19,0,64 38,1,70,,11062,19,0,64 38,1,30,,11069,19,0,64 38,1,70,,11054,19,0,64 38,1,30,,11053,19,0,64 38,1,70,,11070,19,0,64 38,1,30,,11074,19,0,64 38,1,70,,11058,19,0,64 38,1,30,,11057,19,0,64 38,1,70,,11064,19,0,64 38,1,30,,11061,19,0,64 38,1,70,,11075,19,0,64 38,1,40,,11065,19,0,64 38,1,70,,11063,19,0,64 38,1,30,,11067,19,0,64 38,1,70,,11071,19,0,64 38,1,30,,11072,19,0,64 38,1,70,,11060,19,0,64 38,1,30,,11073,19,0,64 38,1
30801,'16',642,,2044,19,0,64 38,1,70,,11078,19,0,64 38,1,30,,11086,19,0,64 38,1,70,,1679,19,0,64 38,1,30,,11079,19,0,64 38,1,70,,4305,19,0,64 38,1,30,,11088,19,0,64 38,1,70,,11077,19,0,64 38,1,30,,11076,19,0,64 38,1,70,,94,19,0,64 38,1,30,,11092,19,0,64 38,1,70,,3971,19,0,64 38,1,30,,11080,19,0,64 38,1,70,,11084,19,0,64 38,1,30,,11082,19,0,64 38,1,70,,11093,19,0,64 38,1,40,,11085,19,0,64 38,1,70,,11083,19,0,64 38,1,30,,11087,19,0,64 38,1,70,,11089,19,0,64 38,1,30,,11090,19,0,64 38,1,70,,11081,19,0,64 38,1,30,,11091,19,0,64 38,1
30801,'17',642,,2070,19,0,64 38,1,70,,11096,19,0,64 38,1,30,,11106,19,0,64 38,1,70,,1702,19,0,64 38,1,30,,11097,19,0,64 38,1,70,,11102,19,0,64 38,1,30,,11108,19,0,64 38,1,70,,11095,19,0,64 38,1,30,,11094,19,0,64 38,1,70,,141,19,0,64 38,1,30,,11112,19,0,64 38,1,70,,11099,19,0,64 38,1,30,,11098,19,0,64 38,1,70,,11104,19,0,64 38,1,30,,11101,19,0,64 38,1,70,,11113,19,0,64 38,1,40,,11105,19,0,64 38,1,70,,11103,19,0,64 38,1,30,,11107,19,0,64 38,1,70,,11109,19,0,64 38,1,30,,11110,19,0,64 38,1,70,,11100,19,0,64 38,1,30,,11111,19,0,64 38,1
30801,'19',642,,11120,19,0,64 38,1,70,,11116,19,0,64 38,1,30,,11127,19,0,64 38,1,70,,11129,19,0,64 38,1,30,,11117,19,0,64 38,1,70,,11123,19,0,64 38,1,30,,11130,19,0,64 38,1,70,,11115,19,0,64 38,1,30,,11114,19,0,64 38,1,70,,11131,19,0,64 38,1,30,,11134,19,0,64 38,1,70,,11119,19,0,64 38,1,30,,11118,19,0,64 38,1,70,,11125,19,0,64 38,1,30,,11122,19,0,64 38,1,70,,11135,19,0,64 38,1,40,,11126,19,0,64 38,1,70,,11124,19,0,64 38,1,30,,11128,19,0,64 38,1,70,,7557,19,0,64 38,1,30,,11132,19,0,64 38,1,70,,11121,19,0,64 38,1,30,,11133,19,0,64 38,1
30801,'5',642,,2096,19,0,64 38,1,70,,11138,19,0,64 38,1,30,,11148,19,0,64 38,1,70,,1725,19,0,64 38,1,30,,11139,19,0,64 38,1,70,,11144,19,0,64 38,1,30,,11150,19,0,64 38,1,70,,11137,19,0,64 38,1,30,,11136,19,0,64 38,1,70,,188,19,0,64 38,1,30,,11154,19,0,64 38,1,70,,11141,19,0,64 38,1,30,,11140,19,0,64 38,1,70,,11146,19,0,64 38,1,30,,11143,19,0,64 38,1,70,,11155,19,0,64 38,1,40,,11147,19,0,64 38,1,70,,11145,19,0,64 38,1,30,,11149,19,0,64 38,1,70,,11151,19,0,64 38,1,30,,11152,19,0,64 38,1,70,,11142,19,0,64 38,1,30,,11153,19,0,64 38,1
30801,'6',642,,11162,19,0,64 38,1,70,,11158,19,0,64 38,1,30,,11169,19,0,64 38,1,70,,11171,19,0,64 38,1,30,,11159,19,0,64 38,1,70,,11165,19,0,64 38,1,30,,11172,19,0,64 38,1,70,,11157,19,0,64 38,1,30,,11156,19,0,64 38,1,70,,11173,19,0,64 38,1,30,,11177,19,0,64 38,1,70,,11161,19,0,64 38,1,30,,11160,19,0,64 38,1,70,,11167,19,0,64 38,1,30,,11164,19,0,64 38,1,70,,11178,19,0,64 38,1,40,,11168,19,0,64 38,1,70,,11166,19,0,64 38,1,30,,11170,19,0,64 38,1,70,,11174,19,0,64 38,1,30,,11175,19,0,64 38,1,70,,11163,19,0,64 38,1,30,,11176,19,0,64 38,1
40801,'1',1127,,18013,19,0,64 38,1,100,,18019,19,0,64 38,1,100,,18017,19,0,64 38,1,100,,18014,19,0,64 38,1,100,,18015,19,0,64 38,1,100,,18018,19,0,64 38,1,100,,18016,19,0,64 38,1
40801,'10',657,,18037,19,0,64 38,1,70,,18048,19,0,64 38,1,30,,18026,19,0,64 38,1,70,,18028,19,0,64 38,1,30,,18044,19,0,64 38,1,70,,18025,19,0,64 38,1,30,,18035,19,0,64 38,1,70,,18045,19,0,64 38,1,30,,18038,19,0,64 38,1,70,,18042,19,0,64 38,1,30,,18039,19,0,64 38,1,70,,18030,19,0,64 38,1,30,,18033,19,0,64 38,1,70,,18032,19,0,64 38,1,30,,18029,19,0,64 38,1,70,,18036,19,0,64 38,1,30,,18046,19,0,64 38,1,70,,18023,19,0,64 38,1,30,,18022,19,0,64 38,1,70,,18034,19,0,64 38,1,30,,18027,19,0,64 38,1,70,,18043,19,0,64 38,1,30,,18021,19,0,64 38,1,70,,18047,19,0,64 38,1,100,,18040,19,0,64 38,1,100,,18031,19,0,64 38,1,100,,18041,19,0,64 38,1,100,,18024,19,0,64 38,1,100,,18020,19,0,64 38,1
40801,'12',927,,18065,19,0,64 38,1,100,,18060,19,0,64 38,1,30,,18063,19,0,64 38,1,70,,18049,19,0,64 38,1,30,,18062,19,0,64 38,1,70,,18064,19,0,64 38,1,30,,18058,19,0,64 38,1,70,,18051,19,0,64 38,1,30,,18057,19,0,64 38,1,70,,18052,19,0,64 38,1,30,,18054,19,0,64 38,1,70,,18056,19,0,64 38,1,30,,18061,19,0,64 38,1,70,,7501,19,0,64 38,1,30,,18050,19,0,64 38,1,70,,18053,19,0,64 38,1,30,,18059,19,0,64 38,1,70,,18055,19,0,64 38,1,100,,18066,19,0,64 38,1
40801,'15',1827,,18071,19,0,64 38,1,100,,18068,19,0,64 38,1,100,,18070,19,0,64 38,1,100,,18069,19,0,64 38,1,100,,18072,19,0,64 38,1,100,,18067,19,0,64 38,1
40801,'16',1827,,18076,19,0,64 38,1,100,,18074,19,0,64 38,1,100,,2784,19,0,64 38,1,100,,18075,19,0,64 38,1,100,,18077,19,0,64 38,1,100,,18073,19,0,64 38,1
40801,'17',1827,,18081,19,0,64 38,1,100,,18079,19,0,64 38,1,100,,2807,19,0,64 38,1,100,,18080,19,0,64 38,1,100,,18082,19,0,64 38,1,100,,18078,19,0,64 38,1
40801,'19',1827,,18087,19,0,64 38,1,100,,18084,19,0,64 38,1,100,,18086,19,0,64 38,1,100,,18085,19,0,64 38,1,100,,18088,19,0,64 38,1,100,,18083,19,0,64 38,1
40801,'21',657,,18105,19,0,64 38,1,70,,18116,19,0,64 38,1,30,,18095,19,0,64 38,1,70,,18097,19,0,64 38,1,30,,18112,19,0,64 38,1,70,,18094,19,0,64 38,1,30,,18103,19,0,64 38,1,70,,18113,19,0,64 38,1,30,,18106,19,0,64 38,1,70,,18110,19,0,64 38,1,30,,18107,19,0,64 38,1,70,,18099,19,0,64 38,1,30,,7071,19,0,64 38,1,70,,18101,19,0,64 38,1,30,,18098,19,0,64 38,1,70,,18104,19,0,64 38,1,30,,18114,19,0,64 38,1,70,,18092,19,0,64 38,1,30,,18091,19,0,64 38,1,70,,18102,19,0,64 38,1,30,,18096,19,0,64 38,1,70,,18111,19,0,64 38,1,30,,18090,19,0,64 38,1,70,,18115,19,0,64 38,1,100,,18108,19,0,64 38,1,100,,18100,19,0,64 38,1,100,,18109,19,0,64 38,1,100,,18093,19,0,64 38,1,100,,18089,19,0,64 38,1
40801,'5',1827,,18120,19,0,64 38,1,100,,18118,19,0,64 38,1,100,,2831,19,0,64 38,1,100,,18119,19,0,64 38,1,100,,18121,19,0,64 38,1,100,,18117,19,0,64 38,1
40801,'6',1827,,18126,19,0,64 38,1,100,,18123,19,0,64 38,1,100,,18125,19,0,64 38,1,100,,18124,19,0,64 38,1,100,,18127,19,0,64 38,1,100,,18122,19,0,64 38,1
