30900,'15',626,,11181,23,0,23,1,30,,11199,23,0,23,1,70,,11201,23,0,23,1,30,,11185,23,0,23,1,70,,11188,23,0,23,1,30,,11179,23,0,23,1,70,,11194,23,0,23,1,30,,11182,23,0,23,1,71,,11187,23,0,23,1,30,,11190,23,0,23,1,70,,11186,23,0,23,1,30,,11195,23,0,23,1,70,,11183,23,0,23,1,30,,11197,23,0,23,1,70,,11191,23,0,23,1,30,,11198,23,0,23,1,75,,11180,23,0,23,1,70,,11196,23,0,23,1,30,,11200,23,0,23,1,70,,11193,23,0,23,1,30,,11189,23,0,23,1,70,,11192,23,0,23,1,30,,11184,23,0,23,1
30900,'16',626,,11204,23,0,23,1,30,,11220,23,0,23,1,70,,11222,23,0,23,1,30,,11208,23,0,23,1,70,,7321,23,0,23,1,30,,11202,23,0,23,1,70,,11215,23,0,23,1,30,,11205,23,0,23,1,71,,5250,23,0,23,1,30,,11211,23,0,23,1,70,,11209,23,0,23,1,30,,11216,23,0,23,1,70,,11206,23,0,23,1,30,,11218,23,0,23,1,70,,11212,23,0,23,1,30,,11219,23,0,23,1,75,,11203,23,0,23,1,70,,11217,23,0,23,1,30,,11221,23,0,23,1,70,,11214,23,0,23,1,30,,11210,23,0,23,1,70,,11213,23,0,23,1,30,,11207,23,0,23,1
30900,'17',626,,11224,23,0,23,1,30,,11240,23,0,23,1,70,,11242,23,0,23,1,30,,11228,23,0,23,1,70,,7329,23,0,23,1,30,,11223,23,0,23,1,70,,11235,23,0,23,1,30,,11225,23,0,23,1,71,,5300,23,0,23,1,30,,11231,23,0,23,1,70,,11229,23,0,23,1,30,,11236,23,0,23,1,70,,11226,23,0,23,1,30,,11238,23,0,23,1,70,,11232,23,0,23,1,30,,11239,23,0,23,1,75,,3190,23,0,23,1,70,,11237,23,0,23,1,30,,11241,23,0,23,1,70,,11234,23,0,23,1,30,,11230,23,0,23,1,70,,11233,23,0,23,1,30,,11227,23,0,23,1
30900,'19',626,,5331,23,0,23,1,30,,11262,23,0,23,1,70,,11264,23,0,23,1,30,,11248,23,0,23,1,70,,11251,23,0,23,1,30,,11243,23,0,23,1,70,,11257,23,0,23,1,30,,11245,23,0,23,1,71,,11250,23,0,23,1,30,,11253,23,0,23,1,70,,11249,23,0,23,1,30,,11258,23,0,23,1,70,,11246,23,0,23,1,30,,11260,23,0,23,1,70,,11254,23,0,23,1,30,,11261,23,0,23,1,75,,11244,23,0,23,1,70,,11259,23,0,23,1,30,,11263,23,0,23,1,70,,11256,23,0,23,1,30,,11252,23,0,23,1,70,,11255,23,0,23,1,30,,11247,23,0,23,1
30900,'5',626,,11267,23,0,23,1,30,,11282,23,0,23,1,70,,11284,23,0,23,1,30,,11271,23,0,23,1,70,,7372,23,0,23,1,30,,11265,23,0,23,1,70,,11277,23,0,23,1,30,,11268,23,0,23,1,71,,5430,23,0,23,1,30,,11274,23,0,23,1,70,,11272,23,0,23,1,30,,11278,23,0,23,1,70,,11269,23,0,23,1,30,,11280,23,0,23,1,70,,11275,23,0,23,1,30,,11281,23,0,23,1,75,,11266,23,0,23,1,70,,11279,23,0,23,1,30,,11283,23,0,23,1,70,,11276,23,0,23,1,30,,11273,23,0,23,1,70,,5021,23,0,23,1,30,,11270,23,0,23,1
30900,'6',626,,11287,23,0,23,1,30,,11305,23,0,23,1,70,,11307,23,0,23,1,30,,11291,23,0,23,1,70,,11294,23,0,23,1,30,,11285,23,0,23,1,70,,11300,23,0,23,1,30,,11288,23,0,23,1,71,,11293,23,0,23,1,30,,11296,23,0,23,1,70,,11292,23,0,23,1,30,,11301,23,0,23,1,70,,11289,23,0,23,1,30,,11303,23,0,23,1,70,,11297,23,0,23,1,30,,11304,23,0,23,1,75,,11286,23,0,23,1,70,,11302,23,0,23,1,30,,11306,23,0,23,1,70,,11299,23,0,23,1,30,,11295,23,0,23,1,70,,11298,23,0,23,1,30,,11290,23,0,23,1
40900,'1',1102,,18129,23,0,23,1,100,,18131,23,0,23,1,100,,18132,23,0,23,1,100,,18128,23,0,23,1,100,,18135,23,0,23,1,100,,18130,23,0,23,1,100,,18133,23,0,23,1,100,,18134,23,0,23,1
40900,'10',700,,18162,23,0,23,1,30,,18151,23,0,23,1,70,,18154,23,0,23,1,30,,18144,23,0,23,1,70,,18141,23,0,23,1,30,,18146,23,0,23,1,70,,18163,23,0,23,1,32,,18155,23,0,23,1,70,,18149,23,0,23,1,30,,18153,23,0,23,1,70,,18143,23,0,23,1,30,,18160,23,0,23,1,70,,18150,23,0,23,1,30,,18164,23,0,23,1,70,,18147,23,0,23,1,30,,18138,23,0,23,1,70,,18139,23,0,23,1,30,,18148,23,0,23,1,70,,18157,23,0,23,1,30,,18136,23,0,23,1,70,,18161,23,0,23,1,30,,18152,23,0,23,1,70,,18156,23,0,23,1,100,,18145,23,0,23,1,57,,18158,23,0,23,1,100,,18159,23,0,23,1,100,,18142,23,0,23,1,100,,18140,23,0,23,1,100,,18137,23,0,23,1
40900,'12',900,,18172,23,0,23,1,100,,18183,23,0,23,1,32,,18171,23,0,23,1,70,,18175,23,0,23,1,30,,18180,23,0,23,1,70,,18166,23,0,23,1,30,,8796,23,0,23,1,70,,18168,23,0,23,1,30,,18177,23,0,23,1,70,,18176,23,0,23,1,30,,18181,23,0,23,1,70,,18165,23,0,23,1,30,,18178,23,0,23,1,70,,18179,23,0,23,1,30,,18167,23,0,23,1,70,,18173,23,0,23,1,30,,18169,23,0,23,1,70,,18170,23,0,23,1,100,,18174,23,0,23,1,57,,18182,23,0,23,1
40900,'15',1802,,18190,23,0,23,1,100,,18189,23,0,23,1,57,,18184,23,0,23,1,100,,18186,23,0,23,1,100,,18185,23,0,23,1,100,,18188,23,0,23,1,100,,18187,23,0,23,1
40900,'16',1802,,18195,23,0,23,1,100,,18194,23,0,23,1,57,,18191,23,0,23,1,100,,18192,23,0,23,1,100,,1183,23,0,23,1,100,,18193,23,0,23,1,100,,419,23,0,23,1
40900,'17',1802,,18200,23,0,23,1,100,,18199,23,0,23,1,57,,18196,23,0,23,1,100,,18197,23,0,23,1,100,,1207,23,0,23,1,100,,18198,23,0,23,1,100,,442,23,0,23,1
40900,'19',1802,,18207,23,0,23,1,100,,18206,23,0,23,1,57,,18201,23,0,23,1,100,,18203,23,0,23,1,100,,18202,23,0,23,1,100,,18205,23,0,23,1,100,,18204,23,0,23,1
40900,'21',700,,18231,23,0,23,1,30,,7226,23,0,23,1,70,,18223,23,0,23,1,30,,18214,23,0,23,1,70,,18212,23,0,23,1,30,,18216,23,0,23,1,70,,18232,23,0,23,1,32,,18224,23,0,23,1,70,,18219,23,0,23,1,30,,18222,23,0,23,1,70,,7753,23,0,23,1,30,,18229,23,0,23,1,70,,18220,23,0,23,1,30,,18233,23,0,23,1,70,,18217,23,0,23,1,30,,18210,23,0,23,1,70,,18211,23,0,23,1,30,,18218,23,0,23,1,70,,18226,23,0,23,1,30,,18208,23,0,23,1,70,,18230,23,0,23,1,30,,18221,23,0,23,1,70,,18225,23,0,23,1,100,,18215,23,0,23,1,57,,18227,23,0,23,1,100,,18228,23,0,23,1,100,,18213,23,0,23,1,100,,7907,23,0,23,1,100,,18209,23,0,23,1
40900,'5',1802,,18238,23,0,23,1,100,,18237,23,0,23,1,57,,18234,23,0,23,1,100,,18235,23,0,23,1,100,,1231,23,0,23,1,100,,18236,23,0,23,1,100,,465,23,0,23,1
40900,'6',1802,,18245,23,0,23,1,100,,18244,23,0,23,1,57,,18239,23,0,23,1,100,,18241,23,0,23,1,100,,18240,23,0,23,1,100,,18243,23,0,23,1,100,,18242,23,0,23,1
