30801,'12',648,,34328,33,0,64 38,1,70,,34314,33,0,64 38,1,30,,34325,33,0,64 38,1,70,,34324,33,0,64 38,1,30,,34307,33,0,64 38,1,70,,34326,33,0,64 38,1,30,,34312,33,0,64 38,1,70,,34316,33,0,64 38,1,30,,34329,33,0,64 38,1,70,,34322,33,0,64 38,1,30,,34319,33,0,64 38,1,70,,34309,33,0,64 38,1,30,,34310,33,0,64 38,1,70,,34318,33,0,64 38,1,30,,34313,33,0,64 38,1,70,,34315,33,0,64 38,1,40,,34317,33,0,64 38,1,70,,34308,33,0,64 38,1,30,,34311,33,0,64 38,1,70,,34320,33,0,64 38,1,30,,34323,33,0,64 38,1,70,,34327,33,0,64 38,1,30,,34321,33,0,64 38,1
30801,'13',648,,34346,33,0,64 38,1,70,,34334,33,0,64 38,1,30,,34344,33,0,64 38,1,70,,34343,33,0,64 38,1,30,,28358,33,0,64 38,1,70,,34345,33,0,64 38,1,30,,29463,33,0,64 38,1,70,,34336,33,0,64 38,1,30,,34347,33,0,64 38,1,70,,34342,33,0,64 38,1,30,,34339,33,0,64 38,1,70,,28145,33,0,64 38,1,30,,34331,33,0,64 38,1,70,,34338,33,0,64 38,1,30,,34333,33,0,64 38,1,70,,34335,33,0,64 38,1,40,,34337,33,0,64 38,1,70,,34330,33,0,64 38,1,30,,34332,33,0,64 38,1,70,,34340,33,0,64 38,1,30,,27448,33,0,64 38,1,70,,29291,33,0,64 38,1,30,,34341,33,0,64 38,1
30801,'3',648,,34364,33,0,64 38,1,70,,34352,33,0,64 38,1,30,,34362,33,0,64 38,1,70,,34361,33,0,64 38,1,30,,28376,33,0,64 38,1,70,,34363,33,0,64 38,1,30,,29584,33,0,64 38,1,70,,34354,33,0,64 38,1,30,,34365,33,0,64 38,1,70,,34360,33,0,64 38,1,30,,34357,33,0,64 38,1,70,,28167,33,0,64 38,1,30,,34349,33,0,64 38,1,70,,34356,33,0,64 38,1,30,,34351,33,0,64 38,1,70,,34353,33,0,64 38,1,40,,34355,33,0,64 38,1,70,,34348,33,0,64 38,1,30,,34350,33,0,64 38,1,70,,34358,33,0,64 38,1,30,,27497,33,0,64 38,1,70,,29310,33,0,64 38,1,30,,34359,33,0,64 38,1
30801,'6',648,,34387,33,0,64 38,1,70,,34373,33,0,64 38,1,30,,34384,33,0,64 38,1,70,,34383,33,0,64 38,1,30,,34366,33,0,64 38,1,70,,34385,33,0,64 38,1,30,,34371,33,0,64 38,1,70,,34375,33,0,64 38,1,30,,34388,33,0,64 38,1,70,,34381,33,0,64 38,1,30,,34378,33,0,64 38,1,70,,34368,33,0,64 38,1,30,,34369,33,0,64 38,1,70,,34377,33,0,64 38,1,30,,34372,33,0,64 38,1,70,,34374,33,0,64 38,1,40,,34376,33,0,64 38,1,70,,34367,33,0,64 38,1,30,,34370,33,0,64 38,1,70,,34379,33,0,64 38,1,30,,34382,33,0,64 38,1,70,,34386,33,0,64 38,1,30,,34380,33,0,64 38,1
33700,'1',717,,36993,27,,,1,30,,37006,27,,,1,70,,37000,27,,,1,30,,37011,27,,,1,70,,36982,27,,,1,30,,37002,27,,,1,70,,37025,27,,,1,30,,36994,27,,,1,70,,37007,27,,,1,30,,36997,27,,,1,70,,36992,27,,,1,30,,37009,27,,,1,70,,37016,27,,,1,30,,36988,27,,,1,70,,37024,27,,,1,30,,37027,27,,,1,70,,37014,27,,,1,30,,36995,27,,,1,70,,36983,27,,,1,30,,37004,27,,,1,70,,36991,27,,,1,30,,36996,27,,,1,70,,36986,27,,,1,30,,37022,27,,,1,70,,31991,27,,,1
33700,'11',717,,37041,27,,,1,30,,37056,27,,,1,70,,37049,27,,,1,30,,37061,27,,,1,70,,37029,27,,,1,30,,37051,27,,,1,70,,37075,27,,,1,30,,37042,27,,,1,70,,37057,27,,,1,30,,37046,27,,,1,70,,37040,27,,,1,30,,37059,27,,,1,70,,37066,27,,,1,30,,37036,27,,,1,70,,37074,27,,,1,30,,37077,27,,,1,70,,37064,27,,,1,30,,37043,27,,,1,70,,37030,27,,,1,30,,37053,27,,,1,70,,37039,27,,,1,30,,37044,27,,,1,70,,37034,27,,,1,30,,37072,27,,,1,70,,37033,27,,,1
33700,'12',647,,37100,27,,,1,70,,37111,27,,,1,30,,37082,27,,,1,70,,37089,27,,,1,30,,37103,27,,,1,70,,37090,27,,,1,30,,37116,27,,,1,70,,37087,27,,,1,30,,37104,27,,,1,70,,37097,27,,,1,30,,37079,27,,,1,70,,37088,27,,,1,30,,37109,27,,,1,70,,37124,27,,,1,30,,37094,27,,,1,70,,37095,27,,,1,30,,37122,27,,,1,70,,37102,27,,,1,30,,37119,27,,,1,70,,37113,27,,,1,30,,37099,27,,,1,70,,37101,27,,,1,30,,37117,27,,,1,70,,37114,27,,,1,30,,37080,27,,,1
33700,'13',647,,37145,27,,,1,70,,37154,27,,,1,30,,37132,27,,,1,70,,37136,27,,,1,30,,29323,27,,,1,70,,37137,27,,,1,30,,37156,27,,,1,70,,29041,27,,,1,30,,37147,27,,,1,70,,37142,27,,,1,30,,37129,27,,,1,70,,28682,27,,,1,30,,37152,27,,,1,70,,37163,27,,,1,30,,37140,27,,,1,70,,37141,27,,,1,30,,37161,27,,,1,70,,27428,27,,,1,30,,37159,27,,,1,70,,29162,27,,,1,30,,37144,27,,,1,70,,37146,27,,,1,30,,37157,27,,,1,70,,32600,27,,,1,30,,37130,27,,,1
33700,'14',1117,,37187,27,,,1,30,,37176,27,,,1,70,,37191,27,,,1,30,,37178,27,,,1,70,,37184,27,,,1,30,,37189,27,,,1,70,,37171,27,,,1,30,,37186,27,,,1,70,,37167,27,,,1,30,,37179,27,,,1,70,,37185,27,,,1,30,,37180,27,,,1,70,,37173,27,,,1,30,,37172,27,,,1,70,,37182,27,,,1
33700,'16',717,,37208,27,,,1,30,,37221,27,,,1,70,,37215,27,,,1,30,,37226,27,,,1,70,,37197,27,,,1,30,,37217,27,,,1,70,,37240,27,,,1,30,,37209,27,,,1,70,,37222,27,,,1,30,,37212,27,,,1,70,,37207,27,,,1,30,,37224,27,,,1,70,,37231,27,,,1,30,,37203,27,,,1,70,,37239,27,,,1,30,,37242,27,,,1,70,,37229,27,,,1,30,,37210,27,,,1,70,,37198,27,,,1,30,,37219,27,,,1,70,,37206,27,,,1,30,,37211,27,,,1,70,,37201,27,,,1,30,,37237,27,,,1,70,,32029,27,,,1
33700,'3',647,,37260,27,,,1,70,,37269,27,,,1,30,,37247,27,,,1,70,,37251,27,,,1,30,,29344,27,,,1,70,,37252,27,,,1,30,,37271,27,,,1,70,,29047,27,,,1,30,,37262,27,,,1,70,,37257,27,,,1,30,,37244,27,,,1,70,,28726,27,,,1,30,,37267,27,,,1,70,,37278,27,,,1,30,,37255,27,,,1,70,,37256,27,,,1,30,,37276,27,,,1,70,,27477,27,,,1,30,,37274,27,,,1,70,,29172,27,,,1,30,,37259,27,,,1,70,,37261,27,,,1,30,,37272,27,,,1,70,,32607,27,,,1,30,,37245,27,,,1
33700,'6',647,,37304,27,,,1,70,,37315,27,,,1,30,,37286,27,,,1,70,,37293,27,,,1,30,,37307,27,,,1,70,,37294,27,,,1,30,,37320,27,,,1,70,,37291,27,,,1,30,,37308,27,,,1,70,,37301,27,,,1,30,,37283,27,,,1,70,,37292,27,,,1,30,,37313,27,,,1,70,,37328,27,,,1,30,,37298,27,,,1,70,,37299,27,,,1,30,,37326,27,,,1,70,,37306,27,,,1,30,,37323,27,,,1,70,,37317,27,,,1,30,,37303,27,,,1,70,,37305,27,,,1,30,,37321,27,,,1,70,,37318,27,,,1,30,,37284,27,,,1
33700,'8',1147,,37337,27,,,1,70,,37340,27,,,1,30,,37352,27,,,1,70,,37343,27,,,1,30,,37344,27,,,1,70,,29852,27,,,1,30,,37359,27,,,1,70,,37333,27,,,1,30,,37346,27,,,1,70,,37348,27,,,1,30,,37358,27,,,1,70,,37354,27,,,1,30,,37355,27,,,1,70,,37334,27,,,1,30,,37335,27,,,1
40801,'1',702,,39214,33,0,64 38,1,31,,39212,33,0,64 38,1,70,,31913,33,0,64 38,1,30,,39216,33,0,64 38,1,70,,22901,33,0,64 38,1,30,,39218,33,0,64 38,1,70,,39232,33,0,64 38,1,30,,39229,33,0,64 38,1,70,,39223,33,0,64 38,1,30,,39222,33,0,64 38,1,70,,39220,33,0,64 38,1,30,,39226,33,0,64 38,1,70,,39235,33,0,64 38,1,30,,39230,33,0,64 38,1,70,,39221,33,0,64 38,1,30,,39211,33,0,64 38,1,70,,39227,33,0,64 38,1,30,,39215,33,0,64 38,1,70,,39225,33,0,64 38,1,30,,39219,33,0,64 38,1,70,,39213,33,0,64 38,1,30,,39236,33,0,64 38,1,70,,39233,33,0,64 38,1,30,,39234,33,0,64 38,1,99,,39231,33,0,64 38,1,100,,39217,33,0,64 38,1,100,,39237,33,0,64 38,1,100,,39228,33,0,64 38,1,100,,39224,33,0,64 38,1
40801,'11',702,,39242,33,0,64 38,1,31,,39240,33,0,64 38,1,70,,39238,33,0,64 38,1,30,,39244,33,0,64 38,1,70,,39258,33,0,64 38,1,30,,39246,33,0,64 38,1,70,,39261,33,0,64 38,1,30,,39257,33,0,64 38,1,70,,39251,33,0,64 38,1,30,,39250,33,0,64 38,1,70,,39248,33,0,64 38,1,30,,39254,33,0,64 38,1,70,,39264,33,0,64 38,1,30,,39259,33,0,64 38,1,70,,39249,33,0,64 38,1,30,,39239,33,0,64 38,1,70,,39255,33,0,64 38,1,30,,39243,33,0,64 38,1,70,,39253,33,0,64 38,1,30,,39247,33,0,64 38,1,70,,39241,33,0,64 38,1,30,,39265,33,0,64 38,1,70,,39262,33,0,64 38,1,30,,39263,33,0,64 38,1,99,,39260,33,0,64 38,1,100,,39245,33,0,64 38,1,100,,39266,33,0,64 38,1,100,,39256,33,0,64 38,1,100,,39252,33,0,64 38,1
40801,'12',1833,,39267,33,0,64 38,1,99,,39272,33,0,64 38,1,100,,39270,33,0,64 38,1,100,,39268,33,0,64 38,1,100,,39269,33,0,64 38,1,100,,39271,33,0,64 38,1
40801,'13',1833,,39273,33,0,64 38,1,99,,39278,33,0,64 38,1,100,,39276,33,0,64 38,1,100,,39274,33,0,64 38,1,100,,39275,33,0,64 38,1,100,,39277,33,0,64 38,1
40801,'14',1133,,39282,33,0,64 38,1,100,,39280,33,0,64 38,1,100,,39281,33,0,64 38,1,100,,39285,33,0,64 38,1,100,,39283,33,0,64 38,1,100,,39279,33,0,64 38,1,100,,39284,33,0,64 38,1
40801,'16',702,,39289,33,0,64 38,1,31,,39287,33,0,64 38,1,70,,31950,33,0,64 38,1,30,,39291,33,0,64 38,1,70,,32045,33,0,64 38,1,30,,39293,33,0,64 38,1,70,,39307,33,0,64 38,1,30,,39304,33,0,64 38,1,70,,39298,33,0,64 38,1,30,,39297,33,0,64 38,1,70,,39295,33,0,64 38,1,30,,39301,33,0,64 38,1,70,,39310,33,0,64 38,1,30,,39305,33,0,64 38,1,70,,39296,33,0,64 38,1,30,,39286,33,0,64 38,1,70,,39302,33,0,64 38,1,30,,39290,33,0,64 38,1,70,,39300,33,0,64 38,1,30,,39294,33,0,64 38,1,70,,39288,33,0,64 38,1,30,,39311,33,0,64 38,1,70,,39308,33,0,64 38,1,30,,39309,33,0,64 38,1,99,,39306,33,0,64 38,1,100,,39292,33,0,64 38,1,100,,39312,33,0,64 38,1,100,,39303,33,0,64 38,1,100,,39299,33,0,64 38,1
40801,'3',1833,,39313,33,0,64 38,1,99,,39318,33,0,64 38,1,100,,39316,33,0,64 38,1,100,,39314,33,0,64 38,1,100,,39315,33,0,64 38,1,100,,39317,33,0,64 38,1
40801,'6',1833,,39319,33,0,64 38,1,99,,39324,33,0,64 38,1,100,,39322,33,0,64 38,1,100,,39320,33,0,64 38,1,100,,39321,33,0,64 38,1,100,,39323,33,0,64 38,1
40801,'8',933,,39331,33,0,64 38,1,100,,39335,33,0,64 38,1,70,,32236,33,0,64 38,1,30,,39326,33,0,64 38,1,70,,39341,33,0,64 38,1,30,,39332,33,0,64 38,1,70,,39339,33,0,64 38,1,30,,39333,33,0,64 38,1,70,,30587,33,0,64 38,1,30,,39336,33,0,64 38,1,70,,39325,33,0,64 38,1,30,,39338,33,0,64 38,1,70,,39327,33,0,64 38,1,30,,39330,33,0,64 38,1,70,,39337,33,0,64 38,1,30,,39334,33,0,64 38,1,70,,39329,33,0,64 38,1,30,,39328,33,0,64 38,1,99,,39340,33,0,64 38,1
43700,'1',1934,,41864,19,,,1,100,,41858,19,,,1,100,,41865,19,,,1,100,,41859,19,,,1,100,,41860,19,,,1
43700,'11',1934,,41874,19,,,1,100,,41867,19,,,1,100,,41875,19,,,1,100,,41868,19,,,1,100,,41869,19,,,1
43700,'12',1934,,41877,19,,,1,100,,41885,19,,,1,100,,41879,19,,,1,100,,41883,19,,,1,100,,41882,19,,,1
43700,'13',1934,,41887,19,,,1,100,,41894,19,,,1,100,,41889,19,,,1,100,,27816,19,,,1,100,,41892,19,,,1
43700,'16',1934,,41902,19,,,1,100,,41896,19,,,1,100,,41903,19,,,1,100,,41897,19,,,1,100,,41898,19,,,1
43700,'3',1934,,41905,19,,,1,100,,41912,19,,,1,100,,41907,19,,,1,100,,27839,19,,,1,100,,41910,19,,,1
43700,'6',1934,,41914,19,,,1,100,,41922,19,,,1,100,,41916,19,,,1,100,,41920,19,,,1,100,,41919,19,,,1
