30200,'12',627,,33134,26,0,11,1,30,,33147,26,0,11,1,70,,33146,26,0,11,1,30,,33145,26,0,11,1,70,,33150,26,0,11,1,30,,33144,26,0,11,1,70,,33133,26,0,11,1,30,,33138,26,0,11,1,73,,33151,26,0,11,1,70,,33131,26,0,11,1,30,,33135,26,0,11,1,70,,33132,26,0,11,1,30,,33149,26,0,11,1,70,,33129,26,0,11,1,30,,33148,26,0,11,1,70,,33140,26,0,11,1,29,,33142,26,0,11,1,30,,33143,26,0,11,1,70,,33137,26,0,11,1,30,,33130,26,0,11,1,70,,33136,26,0,11,1,30,,33139,26,0,11,1,70,,33141,26,0,11,1
30200,'13',627,,33156,26,0,11,1,30,,33168,26,0,11,1,70,,33167,26,0,11,1,30,,33166,26,0,11,1,70,,33170,26,0,11,1,30,,33165,26,0,11,1,70,,33155,26,0,11,1,30,,27942,26,0,11,1,73,,33171,26,0,11,1,70,,33153,26,0,11,1,30,,33157,26,0,11,1,70,,33154,26,0,11,1,30,,33169,26,0,11,1,70,,28545,26,0,11,1,30,,29185,26,0,11,1,70,,33161,26,0,11,1,29,,33163,26,0,11,1,30,,33164,26,0,11,1,70,,33159,26,0,11,1,30,,33152,26,0,11,1,70,,33158,26,0,11,1,30,,33160,26,0,11,1,70,,33162,26,0,11,1
30200,'3',627,,33176,26,0,11,1,30,,33188,26,0,11,1,70,,33187,26,0,11,1,30,,33186,26,0,11,1,70,,33190,26,0,11,1,30,,33185,26,0,11,1,70,,33175,26,0,11,1,30,,27959,26,0,11,1,73,,33191,26,0,11,1,70,,33173,26,0,11,1,30,,33177,26,0,11,1,70,,33174,26,0,11,1,30,,33189,26,0,11,1,70,,28567,26,0,11,1,30,,29196,26,0,11,1,70,,33181,26,0,11,1,29,,33183,26,0,11,1,30,,33184,26,0,11,1,70,,33179,26,0,11,1,30,,33172,26,0,11,1,70,,33178,26,0,11,1,30,,33180,26,0,11,1,70,,33182,26,0,11,1
30200,'6',627,,33197,26,0,11,1,30,,33210,26,0,11,1,70,,33209,26,0,11,1,30,,33208,26,0,11,1,70,,33213,26,0,11,1,30,,33207,26,0,11,1,70,,33196,26,0,11,1,30,,33201,26,0,11,1,73,,33214,26,0,11,1,70,,33194,26,0,11,1,30,,33198,26,0,11,1,70,,33195,26,0,11,1,30,,33212,26,0,11,1,70,,33192,26,0,11,1,30,,33211,26,0,11,1,70,,33203,26,0,11,1,29,,33205,26,0,11,1,30,,33206,26,0,11,1,70,,33200,26,0,11,1,30,,33193,26,0,11,1,70,,33199,26,0,11,1,30,,33202,26,0,11,1,70,,33204,26,0,11,1
30601,'12',626,,33972,3,0,9 12,1,30,,33966,3,0,9 12,1,70,,33953,3,0,9 12,1,30,,33970,3,0,9 12,1,70,,33958,3,0,9 12,1,30,,33968,3,0,9 12,1,70,,33974,3,0,9 12,1,30,,33975,3,0,9 12,1,70,,33969,3,0,9 12,1,30,,33957,3,0,9 12,1,70,,33960,3,0,9 12,1,30,,33955,3,0,9 12,1,70,,33952,3,0,9 12,1,30,,33956,3,0,9 12,1,70,,33971,3,0,9 12,1,30,,33962,3,0,9 12,1,70,,33961,3,0,9 12,1,25,,33959,3,0,9 12,1,5,,33967,3,0,9 12,1,70,,33973,3,0,9 12,1,30,,33965,3,0,9 12,1,70,,33963,3,0,9 12,1,30,,33964,3,0,9 12,1,70,,33951,3,0,9 12,1,30,,33954,3,0,9 12,1
30601,'13',626,,33994,3,0,9 12,1,30,,33988,3,0,9 12,1,70,,33977,3,0,9 12,1,30,,33992,3,0,9 12,1,70,,33982,3,0,9 12,1,30,,33990,3,0,9 12,1,70,,33995,3,0,9 12,1,30,,33996,3,0,9 12,1,70,,33991,3,0,9 12,1,30,,33981,3,0,9 12,1,70,,28401,3,0,9 12,1,30,,33979,3,0,9 12,1,70,,33976,3,0,9 12,1,30,,33980,3,0,9 12,1,70,,33993,3,0,9 12,1,30,,33985,3,0,9 12,1,70,,33984,3,0,9 12,1,25,,33983,3,0,9 12,1,5,,33989,3,0,9 12,1,70,,28711,3,0,9 12,1,30,,28692,3,0,9 12,1,70,,33986,3,0,9 12,1,30,,33987,3,0,9 12,1,70,,28678,3,0,9 12,1,30,,33978,3,0,9 12,1
30601,'3',626,,34015,3,0,9 12,1,30,,34009,3,0,9 12,1,70,,33998,3,0,9 12,1,30,,34013,3,0,9 12,1,70,,34003,3,0,9 12,1,30,,34011,3,0,9 12,1,70,,34016,3,0,9 12,1,30,,34017,3,0,9 12,1,70,,34012,3,0,9 12,1,30,,34002,3,0,9 12,1,70,,28422,3,0,9 12,1,30,,34000,3,0,9 12,1,70,,33997,3,0,9 12,1,30,,34001,3,0,9 12,1,70,,34014,3,0,9 12,1,30,,34006,3,0,9 12,1,70,,34005,3,0,9 12,1,25,,34004,3,0,9 12,1,5,,34010,3,0,9 12,1,70,,28755,3,0,9 12,1,30,,28736,3,0,9 12,1,70,,34007,3,0,9 12,1,30,,34008,3,0,9 12,1,70,,28722,3,0,9 12,1,30,,33999,3,0,9 12,1
30601,'6',626,,34039,3,0,9 12,1,30,,34033,3,0,9 12,1,70,,34020,3,0,9 12,1,30,,34037,3,0,9 12,1,70,,34025,3,0,9 12,1,30,,34035,3,0,9 12,1,70,,34041,3,0,9 12,1,30,,34042,3,0,9 12,1,70,,34036,3,0,9 12,1,30,,34024,3,0,9 12,1,70,,34027,3,0,9 12,1,30,,34022,3,0,9 12,1,70,,34019,3,0,9 12,1,30,,34023,3,0,9 12,1,70,,34038,3,0,9 12,1,30,,34029,3,0,9 12,1,70,,34028,3,0,9 12,1,25,,34026,3,0,9 12,1,5,,34034,3,0,9 12,1,70,,34040,3,0,9 12,1,30,,34032,3,0,9 12,1,70,,34030,3,0,9 12,1,30,,34031,3,0,9 12,1,70,,34018,3,0,9 12,1,30,,34021,3,0,9 12,1
40200,'1',627,,38289,26,0,13 14,1,30,,38293,26,0,13 14,1,70,,38305,26,0,13 14,1,30,,38286,26,0,13 14,1,70,,38303,26,0,13 14,1,30,,38284,26,0,13 14,1,70,,38287,26,0,13 14,1,30,,38283,26,0,13 14,1,70,,29418,26,0,13 14,1,30,,38294,26,0,13 14,1,70,,38290,26,0,13 14,1,30,,38306,26,0,13 14,1,70,,38307,26,0,13 14,1,30,,38288,26,0,13 14,1,70,,38301,26,0,13 14,1,30,,38298,26,0,13 14,1,70,,38297,26,0,13 14,1,30,,38300,26,0,13 14,1,70,,38295,26,0,13 14,1,30,,29676,26,0,13 14,1,70,,38292,26,0,13 14,1,30,,38291,26,0,13 14,1,70,,38282,26,0,13 14,1,30,,38296,26,0,13 14,1,100,,31675,26,0,13 14,1,98,,38285,26,0,13 14,1,100,,38299,26,0,13 14,1,100,,38304,26,0,13 14,1,100,,38302,26,0,13 14,1
40200,'11',627,,38316,26,0,13 14,1,30,,38321,26,0,13 14,1,70,,38333,26,0,13 14,1,30,,38312,26,0,13 14,1,70,,38331,26,0,13 14,1,30,,38310,26,0,13 14,1,70,,38313,26,0,13 14,1,30,,38309,26,0,13 14,1,70,,38320,26,0,13 14,1,30,,38322,26,0,13 14,1,70,,38317,26,0,13 14,1,30,,38334,26,0,13 14,1,70,,38335,26,0,13 14,1,30,,38314,26,0,13 14,1,70,,38329,26,0,13 14,1,30,,38326,26,0,13 14,1,70,,38325,26,0,13 14,1,30,,38328,26,0,13 14,1,70,,38323,26,0,13 14,1,30,,38336,26,0,13 14,1,70,,38319,26,0,13 14,1,30,,38318,26,0,13 14,1,70,,38308,26,0,13 14,1,30,,38324,26,0,13 14,1,100,,38315,26,0,13 14,1,98,,38311,26,0,13 14,1,100,,38327,26,0,13 14,1,100,,38332,26,0,13 14,1,100,,38330,26,0,13 14,1
40200,'12',1757,,38340,26,0,13 14,1,100,,38338,26,0,13 14,1,98,,38342,26,0,13 14,1,100,,38339,26,0,13 14,1,100,,38341,26,0,13 14,1,100,,38337,26,0,13 14,1
40200,'13',1757,,38346,26,0,13 14,1,100,,38344,26,0,13 14,1,98,,38348,26,0,13 14,1,100,,38345,26,0,13 14,1,100,,38347,26,0,13 14,1,100,,38343,26,0,13 14,1
40200,'14',1057,,38356,26,0,13 14,1,100,,38349,26,0,13 14,1,100,,38350,26,0,13 14,1,100,,38355,26,0,13 14,1,100,,38351,26,0,13 14,1,100,,38354,26,0,13 14,1,100,,38352,26,0,13 14,1,100,,38353,26,0,13 14,1
40200,'16',627,,38364,26,0,13 14,1,30,,38368,26,0,13 14,1,70,,38380,26,0,13 14,1,30,,38361,26,0,13 14,1,70,,38378,26,0,13 14,1,30,,38359,26,0,13 14,1,70,,38362,26,0,13 14,1,30,,38358,26,0,13 14,1,70,,29537,26,0,13 14,1,30,,38369,26,0,13 14,1,70,,38365,26,0,13 14,1,30,,38381,26,0,13 14,1,70,,38382,26,0,13 14,1,30,,38363,26,0,13 14,1,70,,38376,26,0,13 14,1,30,,38373,26,0,13 14,1,70,,38372,26,0,13 14,1,30,,38375,26,0,13 14,1,70,,38370,26,0,13 14,1,30,,29795,26,0,13 14,1,70,,38367,26,0,13 14,1,30,,38366,26,0,13 14,1,70,,38357,26,0,13 14,1,30,,38371,26,0,13 14,1,100,,31732,26,0,13 14,1,98,,38360,26,0,13 14,1,100,,38374,26,0,13 14,1,100,,38379,26,0,13 14,1,100,,38377,26,0,13 14,1
40200,'3',1757,,38386,26,0,13 14,1,100,,38384,26,0,13 14,1,98,,38388,26,0,13 14,1,100,,38385,26,0,13 14,1,100,,38387,26,0,13 14,1,100,,38383,26,0,13 14,1
40200,'6',1757,,38392,26,0,13 14,1,100,,38390,26,0,13 14,1,98,,38394,26,0,13 14,1,100,,38391,26,0,13 14,1,100,,38393,26,0,13 14,1,100,,38389,26,0,13 14,1
40200,'8',857,,38397,26,0,13 14,1,100,,38401,26,0,13 14,1,70,,38413,26,0,13 14,1,30,,38395,26,0,13 14,1,70,,38414,26,0,13 14,1,30,,38407,26,0,13 14,1,70,,38411,26,0,13 14,1,30,,38396,26,0,13 14,1,70,,38400,26,0,13 14,1,30,,38408,26,0,13 14,1,70,,38398,26,0,13 14,1,30,,38403,26,0,13 14,1,70,,38405,26,0,13 14,1,30,,38412,26,0,13 14,1,70,,38404,26,0,13 14,1,30,,38410,26,0,13 14,1,70,,38406,26,0,13 14,1,30,,38409,26,0,13 14,1,100,,38402,26,0,13 14,1,98,,38399,26,0,13 14,1
40601,'1',654,,38965,3,0,9 12,1,70,,38943,3,0,9 12,1,30,,32093,3,0,9 12,1,70,,38953,3,0,9 12,1,30,,38945,3,0,9 12,1,70,,38955,3,0,9 12,1,30,,38961,3,0,9 12,1,70,,32509,3,0,9 12,1,30,,38962,3,0,9 12,1,70,,38946,3,0,9 12,1,30,,38957,3,0,9 12,1,70,,38951,3,0,9 12,1,30,,38949,3,0,9 12,1,70,,38942,3,0,9 12,1,30,,38950,3,0,9 12,1,70,,38947,3,0,9 12,1,30,,38967,3,0,9 12,1,70,,38952,3,0,9 12,1,30,,38958,3,0,9 12,1,70,,38954,3,0,9 12,1,30,,38963,3,0,9 12,1,70,,38966,3,0,9 12,1,30,,38964,3,0,9 12,1,70,,38959,3,0,9 12,1,100,,38944,3,0,9 12,1,100,,38960,3,0,9 12,1,100,,38948,3,0,9 12,1,100,,38956,3,0,9 12,1,100,,23235,3,0,9 12,1
40601,'11',654,,38994,3,0,9 12,1,70,,38969,3,0,9 12,1,30,,38989,3,0,9 12,1,70,,38979,3,0,9 12,1,30,,38971,3,0,9 12,1,70,,38981,3,0,9 12,1,30,,38987,3,0,9 12,1,70,,38992,3,0,9 12,1,30,,38990,3,0,9 12,1,70,,38972,3,0,9 12,1,30,,38983,3,0,9 12,1,70,,38977,3,0,9 12,1,30,,38975,3,0,9 12,1,70,,38968,3,0,9 12,1,30,,38976,3,0,9 12,1,70,,38973,3,0,9 12,1,30,,38996,3,0,9 12,1,70,,38978,3,0,9 12,1,30,,38984,3,0,9 12,1,70,,38980,3,0,9 12,1,30,,38991,3,0,9 12,1,70,,38995,3,0,9 12,1,30,,38993,3,0,9 12,1,70,,38985,3,0,9 12,1,100,,38970,3,0,9 12,1,100,,38986,3,0,9 12,1,100,,38974,3,0,9 12,1,100,,38982,3,0,9 12,1,100,,38988,3,0,9 12,1
40601,'12',1824,,39001,3,0,9 12,1,100,,39002,3,0,9 12,1,100,,38998,3,0,9 12,1,100,,38999,3,0,9 12,1,100,,39000,3,0,9 12,1,100,,38997,3,0,9 12,1
40601,'13',1824,,39006,3,0,9 12,1,100,,39007,3,0,9 12,1,100,,39004,3,0,9 12,1,100,,39005,3,0,9 12,1,100,,23354,3,0,9 12,1,100,,39003,3,0,9 12,1
40601,'14',1124,,39010,3,0,9 12,1,100,,39009,3,0,9 12,1,100,,39012,3,0,9 12,1,100,,39014,3,0,9 12,1,100,,39013,3,0,9 12,1,100,,39008,3,0,9 12,1,100,,39011,3,0,9 12,1
40601,'16',654,,39039,3,0,9 12,1,70,,39016,3,0,9 12,1,30,,25392,3,0,9 12,1,70,,39026,3,0,9 12,1,30,,39018,3,0,9 12,1,70,,39028,3,0,9 12,1,30,,39034,3,0,9 12,1,70,,39037,3,0,9 12,1,30,,39035,3,0,9 12,1,70,,39019,3,0,9 12,1,30,,39030,3,0,9 12,1,70,,39024,3,0,9 12,1,30,,39022,3,0,9 12,1,70,,39015,3,0,9 12,1,30,,39023,3,0,9 12,1,70,,39020,3,0,9 12,1,30,,39041,3,0,9 12,1,70,,39025,3,0,9 12,1,30,,39031,3,0,9 12,1,70,,39027,3,0,9 12,1,30,,39036,3,0,9 12,1,70,,39040,3,0,9 12,1,30,,39038,3,0,9 12,1,70,,39032,3,0,9 12,1,100,,39017,3,0,9 12,1,100,,39033,3,0,9 12,1,100,,39021,3,0,9 12,1,100,,39029,3,0,9 12,1,100,,31856,3,0,9 12,1
40601,'3',1824,,39045,3,0,9 12,1,100,,39046,3,0,9 12,1,100,,39043,3,0,9 12,1,100,,39044,3,0,9 12,1,100,,23392,3,0,9 12,1,100,,39042,3,0,9 12,1
40601,'6',1824,,39051,3,0,9 12,1,100,,39052,3,0,9 12,1,100,,39048,3,0,9 12,1,100,,39049,3,0,9 12,1,100,,39050,3,0,9 12,1,100,,39047,3,0,9 12,1
40601,'8',924,,30022,3,0,9 12,1,100,,39062,3,0,9 12,1,30,,39059,3,0,9 12,1,70,,39057,3,0,9 12,1,30,,39056,3,0,9 12,1,70,,39066,3,0,9 12,1,30,,39055,3,0,9 12,1,70,,39053,3,0,9 12,1,30,,39063,3,0,9 12,1,70,,39060,3,0,9 12,1,30,,31890,3,0,9 12,1,70,,39054,3,0,9 12,1,30,,39058,3,0,9 12,1,70,,39065,3,0,9 12,1,30,,39061,3,0,9 12,1,70,,39064,3,0,9 12,1,30,,25154,3,0,9 12,1,70,,39068,3,0,9 12,1,100,,39067,3,0,9 12,1
