30701,'15',651,,10789,7,,,1,70,,10801,7,,,1,30,,10791,7,,,1,70,,10804,7,,,1,30,,10810,7,,,1,70,,10798,7,,,1,30,,10808,7,,,1,71,,10797,7,,,1,30,,10803,7,,,1,70,,10809,7,,,1,30,,10790,7,,,1,70,,10805,7,,,1,30,,10799,7,,,1,70,,10793,7,,,1,30,,10792,7,,,1,70,,10806,7,,,1,30,,10800,7,,,1,70,,10796,7,,,1,30,,10795,7,,,1,70,,10787,7,,,1,30,,10807,7,,,1,70,,10788,7,,,1,30,,10794,7,,,1
30701,'16',651,,10813,7,,,1,70,,10825,7,,,1,30,,10815,7,,,1,70,,10828,7,,,1,30,,10833,7,,,1,70,,10822,7,,,1,30,,10831,7,,,1,71,,10821,7,,,1,30,,10827,7,,,1,70,,10832,7,,,1,30,,10814,7,,,1,70,,10829,7,,,1,30,,10823,7,,,1,70,,10817,7,,,1,30,,10816,7,,,1,70,,1204,7,,,1,30,,10824,7,,,1,70,,10820,7,,,1,30,,10819,7,,,1,70,,10811,7,,,1,30,,10830,7,,,1,70,,10812,7,,,1,30,,10818,7,,,1
30701,'17',651,,10836,7,,,1,70,,10848,7,,,1,30,,10838,7,,,1,70,,10851,7,,,1,30,,10856,7,,,1,70,,10845,7,,,1,30,,10854,7,,,1,71,,10844,7,,,1,30,,10850,7,,,1,70,,10855,7,,,1,30,,10837,7,,,1,70,,10852,7,,,1,30,,10846,7,,,1,70,,10840,7,,,1,30,,10839,7,,,1,70,,1228,7,,,1,30,,10847,7,,,1,70,,10843,7,,,1,30,,10842,7,,,1,70,,10834,7,,,1,30,,10853,7,,,1,70,,10835,7,,,1,30,,10841,7,,,1
30701,'19',651,,10859,7,,,1,70,,5342,7,,,1,30,,10861,7,,,1,70,,10872,7,,,1,30,,10878,7,,,1,70,,10867,7,,,1,30,,10876,7,,,1,71,,10866,7,,,1,30,,10871,7,,,1,70,,10877,7,,,1,30,,10860,7,,,1,70,,10873,7,,,1,30,,10868,7,,,1,70,,10863,7,,,1,30,,10862,7,,,1,70,,10874,7,,,1,30,,10869,7,,,1,70,,8074,7,,,1,30,,10865,7,,,1,70,,10857,7,,,1,30,,10875,7,,,1,70,,10858,7,,,1,30,,10864,7,,,1
30701,'5',651,,10881,7,,,1,70,,10892,7,,,1,30,,10883,7,,,1,70,,10895,7,,,1,30,,10900,7,,,1,70,,10889,7,,,1,30,,10898,7,,,1,71,,10888,7,,,1,30,,10894,7,,,1,70,,10899,7,,,1,30,,10882,7,,,1,70,,10896,7,,,1,30,,10890,7,,,1,70,,10885,7,,,1,30,,10884,7,,,1,70,,1252,7,,,1,30,,10891,7,,,1,70,,10887,7,,,1,30,,3284,7,,,1,70,,10879,7,,,1,30,,10897,7,,,1,70,,10880,7,,,1,30,,10886,7,,,1
30701,'6',651,,10903,7,,,1,70,,10915,7,,,1,30,,10905,7,,,1,70,,10918,7,,,1,30,,10924,7,,,1,70,,10912,7,,,1,30,,10922,7,,,1,71,,10911,7,,,1,30,,10917,7,,,1,70,,10923,7,,,1,30,,10904,7,,,1,70,,10919,7,,,1,30,,10913,7,,,1,70,,10907,7,,,1,30,,10906,7,,,1,70,,10920,7,,,1,30,,10914,7,,,1,70,,10910,7,,,1,30,,10909,7,,,1,70,,10901,7,,,1,30,,10921,7,,,1,70,,10902,7,,,1,30,,10908,7,,,1
41701,'1',1120,,19484,2,0,62,1,100,,19480,2,0,62,1,100,,19481,2,0,62,1,100,,19483,2,0,62,1,100,,19479,2,0,62,1,100,,3326,2,0,62,1,100,,19482,2,0,62,1
41701,'10',620,,19485,2,0,62,1,30,,19487,2,0,62,1,70,,19508,2,0,62,1,30,,19511,2,0,62,1,70,,19506,2,0,62,1,30,,19509,2,0,62,1,70,,19496,2,0,62,1,30,,19490,2,0,62,1,70,,19497,2,0,62,1,30,,19513,2,0,62,1,70,,19512,2,0,62,1,30,,19488,2,0,62,1,70,,19489,2,0,62,1,30,,19495,2,0,62,1,70,,19502,2,0,62,1,30,,19507,2,0,62,1,70,,19493,2,0,62,1,30,,19501,2,0,62,1,70,,19500,2,0,62,1,30,,19510,2,0,62,1,70,,19486,2,0,62,1,30,,19494,2,0,62,1,70,,19505,2,0,62,1,30,,19499,2,0,62,1,70,,19498,2,0,62,1,100,,19514,2,0,62,1,100,,19491,2,0,62,1,100,,19504,2,0,62,1,100,,19503,2,0,62,1,100,,19492,2,0,62,1
41701,'12',920,,19523,2,0,62,1,100,,19516,2,0,62,1,30,,19521,2,0,62,1,70,,19525,2,0,62,1,30,,19531,2,0,62,1,70,,6515,2,0,62,1,30,,19518,2,0,62,1,70,,19529,2,0,62,1,30,,19527,2,0,62,1,70,,19532,2,0,62,1,30,,19524,2,0,62,1,70,,19519,2,0,62,1,30,,19526,2,0,62,1,70,,19528,2,0,62,1,30,,19517,2,0,62,1,70,,19530,2,0,62,1,30,,19520,2,0,62,1,70,,19515,2,0,62,1,100,,19522,2,0,62,1
41701,'15',1820,,19537,2,0,62,1,100,,19536,2,0,62,1,100,,19533,2,0,62,1,100,,19535,2,0,62,1,100,,19534,2,0,62,1,100,,19538,2,0,62,1
41701,'16',1820,,19543,2,0,62,1,100,,19542,2,0,62,1,100,,19539,2,0,62,1,100,,19541,2,0,62,1,100,,19540,2,0,62,1,100,,19544,2,0,62,1
41701,'17',1820,,19548,2,0,62,1,100,,19547,2,0,62,1,100,,4842,2,0,62,1,100,,19546,2,0,62,1,100,,19545,2,0,62,1,100,,19549,2,0,62,1
41701,'19',1820,,19554,2,0,62,1,100,,19553,2,0,62,1,100,,19550,2,0,62,1,100,,19552,2,0,62,1,100,,19551,2,0,62,1,100,,19555,2,0,62,1
41701,'21',620,,19556,2,0,62,1,30,,19558,2,0,62,1,70,,19578,2,0,62,1,30,,19580,2,0,62,1,70,,19576,2,0,62,1,30,,5403,2,0,62,1,70,,19567,2,0,62,1,30,,19561,2,0,62,1,70,,19568,2,0,62,1,30,,19582,2,0,62,1,70,,19581,2,0,62,1,30,,19559,2,0,62,1,70,,19560,2,0,62,1,30,,19566,2,0,62,1,70,,5695,2,0,62,1,30,,19577,2,0,62,1,70,,19564,2,0,62,1,30,,19572,2,0,62,1,70,,19571,2,0,62,1,30,,19579,2,0,62,1,70,,19557,2,0,62,1,30,,19565,2,0,62,1,70,,19575,2,0,62,1,30,,19570,2,0,62,1,70,,19569,2,0,62,1,100,,19583,2,0,62,1,100,,19562,2,0,62,1,100,,19574,2,0,62,1,100,,19573,2,0,62,1,100,,19563,2,0,62,1
41701,'5',1820,,19587,2,0,62,1,100,,19586,2,0,62,1,100,,4865,2,0,62,1,100,,19585,2,0,62,1,100,,19584,2,0,62,1,100,,19588,2,0,62,1
41701,'6',1820,,19593,2,0,62,1,100,,19592,2,0,62,1,100,,19589,2,0,62,1,100,,19591,2,0,62,1,100,,19590,2,0,62,1,100,,19594,2,0,62,1
