30101,'15',627,,9077,21,0,5 15,1,30,,9074,21,0,5 15,1,70,,9105,21,0,5 15,1,30,,9096,21,0,5 15,1,70,,9080,21,0,5 15,1,30,,9067,21,0,5 15,1,70,,9107,21,0,5 15,1,30,,9079,21,0,5 15,1,70,,9091,21,0,5 15,1,30,,9083,21,0,5 15,1,70,,9069,21,0,5 15,1,30,,9098,21,0,5 15,1,70,,9088,21,0,5 15,1,30,,9072,21,0,5 15,1,70,,9063,21,0,5 15,1,30,,9081,21,0,5 15,1,70,,9076,21,0,5 15,1,30,,9109,21,0,5 15,1,70,,9094,21,0,5 15,1,30,,9093,21,0,5 15,1,70,,9090,21,0,5 15,1,30,,9065,21,0,5 15,1,70,,9082,21,0,5 15,1,30,,9078,21,0,5 15,1
30101,'16',627,,9123,21,0,5 15,1,30,,4232,21,0,5 15,1,70,,9149,21,0,5 15,1,30,,9140,21,0,5 15,1,70,,9126,21,0,5 15,1,30,,2894,21,0,5 15,1,70,,9151,21,0,5 15,1,30,,9125,21,0,5 15,1,70,,9136,21,0,5 15,1,30,,9129,21,0,5 15,1,70,,9116,21,0,5 15,1,30,,9142,21,0,5 15,1,70,,9133,21,0,5 15,1,30,,9119,21,0,5 15,1,70,,1662,21,0,5 15,1,30,,9127,21,0,5 15,1,70,,9122,21,0,5 15,1,30,,9153,21,0,5 15,1,70,,9139,21,0,5 15,1,30,,9138,21,0,5 15,1,70,,9135,21,0,5 15,1,30,,9113,21,0,5 15,1,70,,9128,21,0,5 15,1,30,,9124,21,0,5 15,1
30101,'17',627,,9167,21,0,5 15,1,30,,4247,21,0,5 15,1,70,,9193,21,0,5 15,1,30,,9184,21,0,5 15,1,70,,9170,21,0,5 15,1,30,,2945,21,0,5 15,1,70,,9195,21,0,5 15,1,30,,9169,21,0,5 15,1,70,,9180,21,0,5 15,1,30,,9173,21,0,5 15,1,70,,9160,21,0,5 15,1,30,,9186,21,0,5 15,1,70,,9177,21,0,5 15,1,30,,9163,21,0,5 15,1,70,,1685,21,0,5 15,1,30,,9171,21,0,5 15,1,70,,9166,21,0,5 15,1,30,,9197,21,0,5 15,1,70,,9183,21,0,5 15,1,30,,9182,21,0,5 15,1,70,,9179,21,0,5 15,1,30,,9157,21,0,5 15,1,70,,9172,21,0,5 15,1,30,,9168,21,0,5 15,1
30101,'19',627,,9215,21,0,5 15,1,30,,9212,21,0,5 15,1,70,,9243,21,0,5 15,1,30,,9234,21,0,5 15,1,70,,9218,21,0,5 15,1,30,,9205,21,0,5 15,1,70,,9245,21,0,5 15,1,30,,9217,21,0,5 15,1,70,,9229,21,0,5 15,1,30,,9221,21,0,5 15,1,70,,9207,21,0,5 15,1,30,,9236,21,0,5 15,1,70,,9226,21,0,5 15,1,30,,9210,21,0,5 15,1,70,,9201,21,0,5 15,1,30,,9219,21,0,5 15,1,70,,9214,21,0,5 15,1,30,,9247,21,0,5 15,1,70,,9232,21,0,5 15,1,30,,9231,21,0,5 15,1,70,,9228,21,0,5 15,1,30,,9203,21,0,5 15,1,70,,9220,21,0,5 15,1,30,,9216,21,0,5 15,1
30101,'5',627,,9261,21,0,5 15,1,30,,4271,21,0,5 15,1,70,,9285,21,0,5 15,1,30,,9276,21,0,5 15,1,70,,9264,21,0,5 15,1,30,,3019,21,0,5 15,1,70,,9287,21,0,5 15,1,30,,9263,21,0,5 15,1,70,,9272,21,0,5 15,1,30,,9267,21,0,5 15,1,70,,9254,21,0,5 15,1,30,,9278,21,0,5 15,1,70,,3064,21,0,5 15,1,30,,9257,21,0,5 15,1,70,,1708,21,0,5 15,1,30,,9265,21,0,5 15,1,70,,9260,21,0,5 15,1,30,,9289,21,0,5 15,1,70,,9275,21,0,5 15,1,30,,9274,21,0,5 15,1,70,,9271,21,0,5 15,1,30,,9251,21,0,5 15,1,70,,9266,21,0,5 15,1,30,,9262,21,0,5 15,1
30101,'6',627,,9307,21,0,5 15,1,30,,9304,21,0,5 15,1,70,,9335,21,0,5 15,1,30,,9326,21,0,5 15,1,70,,9310,21,0,5 15,1,30,,9297,21,0,5 15,1,70,,9337,21,0,5 15,1,30,,9309,21,0,5 15,1,70,,9321,21,0,5 15,1,30,,9313,21,0,5 15,1,70,,9299,21,0,5 15,1,30,,9328,21,0,5 15,1,70,,9318,21,0,5 15,1,30,,9302,21,0,5 15,1,70,,9293,21,0,5 15,1,30,,9311,21,0,5 15,1,70,,9306,21,0,5 15,1,30,,9339,21,0,5 15,1,70,,9324,21,0,5 15,1,30,,9323,21,0,5 15,1,70,,9320,21,0,5 15,1,30,,9295,21,0,5 15,1,70,,9312,21,0,5 15,1,30,,9308,21,0,5 15,1
40101,'1',1041,,17006,21,0,16,1,100,,17000,21,0,16,1,100,,17011,21,0,16,1,100,,1550,21,0,16,1,100,,17005,21,0,16,1,100,,17008,21,0,16,1,100,,17010,21,0,16,1,100,,16998,21,0,5,1
40101,'10',641,,17028,21,0,16,1,70,,17012,21,0,16,1,30,,17048,21,0,16,1,70,,17027,21,0,16,1,30,,17016,21,0,16,1,70,,17065,21,0,16,1,30,,17019,21,0,16,1,70,,17072,21,0,16,1,30,,17020,21,0,16,1,70,,17024,21,0,16,1,30,,17056,21,0,16,1,70,,17064,21,0,16,1,30,,17058,21,0,16,1,70,,17023,21,0,16,1,30,,17038,21,0,16,1,70,,17014,21,0,16,1,30,,17039,21,0,16,1,70,,17043,21,0,16,1,30,,17050,21,0,16,1,70,,17030,21,0,16,1,30,,17022,21,0,16,1,70,,17049,21,0,16,1,30,,17018,21,0,16,1,70,,17035,21,0,16,1,30,,17062,21,0,16,1,100,,17013,21,0,16,1,100,,17052,21,0,16,1,100,,17044,21,0,16,1,100,,17036,21,0,16,1,100,,17060,21,0,5,1
40101,'12',841,,17094,21,0,16,1,100,,17085,21,0,16,1,100,,17100,21,0,16,1,70,,17103,21,0,16,1,30,,17098,21,0,16,1,70,,17084,21,0,16,1,30,,17104,21,0,16,1,70,,17089,21,0,16,1,30,,17108,21,0,16,1,70,,17083,21,0,16,1,30,,17073,21,0,16,1,70,,17090,21,0,16,1,30,,17081,21,0,16,1,70,,17095,21,0,16,1,30,,17106,21,0,16,1,70,,17093,21,0,16,1,30,,17082,21,0,16,1,70,,17109,21,0,16,1,30,,17076,21,0,16,1,100,,17078,21,0,16,1
40101,'15',1841,,17120,21,0,16,1,100,,17115,21,0,16,1,100,,17114,21,0,16,1,100,,17112,21,0,16,1,100,,17110,21,0,16,1,100,,17117,21,0,5,1
40101,'16',1841,,17129,21,0,16,1,100,,17124,21,0,16,1,100,,2256,21,0,16,1,100,,17122,21,0,16,1,100,,17121,21,0,16,1,100,,17126,21,0,5,1
40101,'17',1841,,17137,21,0,16,1,100,,17133,21,0,16,1,100,,2281,21,0,16,1,100,,17131,21,0,16,1,100,,17130,21,0,16,1,100,,17134,21,0,5,1
40101,'19',1841,,17148,21,0,16,1,100,,17143,21,0,16,1,100,,17142,21,0,16,1,100,,17140,21,0,16,1,100,,17138,21,0,16,1,100,,17145,21,0,5,1
40101,'21',641,,17162,21,0,16,1,70,,17149,21,0,16,1,30,,17180,21,0,16,1,70,,17161,21,0,16,1,30,,17151,21,0,16,1,70,,17196,21,0,16,1,30,,17154,21,0,16,1,70,,17203,21,0,16,1,30,,17155,21,0,16,1,70,,7905,21,0,16,1,30,,17188,21,0,16,1,70,,17195,21,0,16,1,30,,17190,21,0,16,1,70,,17158,21,0,16,1,30,,17170,21,0,16,1,70,,7989,21,0,16,1,30,,17171,21,0,16,1,70,,17175,21,0,16,1,30,,17182,21,0,16,1,70,,17164,21,0,16,1,30,,17157,21,0,16,1,70,,17181,21,0,16,1,30,,17153,21,0,16,1,70,,17169,21,0,16,1,30,,5902,21,0,16,1,100,,7058,21,0,16,1,100,,17184,21,0,16,1,100,,17176,21,0,16,1,100,,6998,21,0,16,1,100,,17192,21,0,5,1
40101,'5',1841,,4496,21,0,16,1,100,,17207,21,0,16,1,100,,2306,21,0,16,1,100,,17205,21,0,16,1,100,,17204,21,0,16,1,100,,17209,21,0,5,1
40101,'6',1841,,17222,21,0,16,1,100,,17217,21,0,16,1,100,,17216,21,0,16,1,100,,17214,21,0,16,1,100,,17212,21,0,16,1,100,,17219,21,0,5,1
