30101,'12',551,,32951,11,0,5 15,1,70,,32950,11,0,5 15,1,30,,32970,11,0,5 15,1,70,,32946,11,0,5 15,1,30,,32959,11,0,5 15,1,70,,32981,11,0,5 15,1,30,,32958,11,0,5 15,1,70,,32968,11,0,5 15,1,30,,32983,11,0,5 15,1,72,,32963,11,0,5 15,1,30,,32979,11,0,5 15,1,70,,32953,11,0,5 15,1,30,,32982,11,0,5 15,1,70,,32992,11,0,5 15,1,30,,32975,11,0,5 15,1,70,,32989,11,0,5 15,1,30,,32949,11,0,5 15,1,70,,32974,11,0,5 15,1,30,,32973,11,0,5 15,1,70,,32961,11,0,5 15,1,30,,32988,11,0,5 15,1,70,,32962,11,0,5 15,1,30,,32978,11,0,5 15,1,70,,32964,11,0,5 15,1,30,,32984,11,0,5 15,1,70,,32965,11,0,5 15,1
30101,'13',551,,33000,11,0,5 15,1,70,,28987,11,0,5 15,1,30,,28603,11,0,5 15,1,70,,32996,11,0,5 15,1,30,,28364,11,0,5 15,1,70,,33027,11,0,5 15,1,30,,33007,11,0,5 15,1,70,,21832,11,0,5 15,1,30,,33029,11,0,5 15,1,72,,33011,11,0,5 15,1,30,,33025,11,0,5 15,1,70,,33002,11,0,5 15,1,30,,33028,11,0,5 15,1,70,,33034,11,0,5 15,1,30,,33021,11,0,5 15,1,70,,33032,11,0,5 15,1,30,,32999,11,0,5 15,1,70,,33020,11,0,5 15,1,30,,33019,11,0,5 15,1,70,,33009,11,0,5 15,1,30,,33031,11,0,5 15,1,70,,33010,11,0,5 15,1,30,,33024,11,0,5 15,1,70,,33012,11,0,5 15,1,30,,27566,11,0,5 15,1,70,,33013,11,0,5 15,1
30101,'3',551,,33042,11,0,5 15,1,70,,29009,11,0,5 15,1,30,,28645,11,0,5 15,1,70,,33038,11,0,5 15,1,30,,28382,11,0,5 15,1,70,,33069,11,0,5 15,1,30,,33049,11,0,5 15,1,70,,21855,11,0,5 15,1,30,,33071,11,0,5 15,1,72,,33053,11,0,5 15,1,30,,33067,11,0,5 15,1,70,,33044,11,0,5 15,1,30,,33070,11,0,5 15,1,70,,33076,11,0,5 15,1,30,,33063,11,0,5 15,1,70,,33074,11,0,5 15,1,30,,33041,11,0,5 15,1,70,,33062,11,0,5 15,1,30,,33061,11,0,5 15,1,70,,33051,11,0,5 15,1,30,,33073,11,0,5 15,1,70,,33052,11,0,5 15,1,30,,33066,11,0,5 15,1,70,,33054,11,0,5 15,1,30,,27588,11,0,5 15,1,70,,33055,11,0,5 15,1
30101,'6',551,,33085,11,0,5 15,1,70,,33084,11,0,5 15,1,30,,33104,11,0,5 15,1,70,,33080,11,0,5 15,1,30,,33093,11,0,5 15,1,70,,33115,11,0,5 15,1,30,,33092,11,0,5 15,1,70,,33102,11,0,5 15,1,30,,33117,11,0,5 15,1,72,,33097,11,0,5 15,1,30,,33113,11,0,5 15,1,70,,33087,11,0,5 15,1,30,,33116,11,0,5 15,1,70,,33126,11,0,5 15,1,30,,33109,11,0,5 15,1,70,,33123,11,0,5 15,1,30,,33083,11,0,5 15,1,70,,33108,11,0,5 15,1,30,,33107,11,0,5 15,1,70,,33095,11,0,5 15,1,30,,33122,11,0,5 15,1,70,,33096,11,0,5 15,1,30,,33112,11,0,5 15,1,70,,33098,11,0,5 15,1,30,,33118,11,0,5 15,1,70,,33099,11,0,5 15,1
30601,'12',636,,33972,24,0,9 12,1,70,,33966,24,0,9 12,1,30,,33953,24,0,9 12,1,70,,33970,24,0,9 12,1,30,,33958,24,0,9 12,1,70,,33968,24,0,9 12,1,30,,33974,24,0,9 12,1,70,,33975,24,0,9 12,1,31,,33969,24,0,9 12,1,70,,33957,24,0,9 12,1,30,,33960,24,0,9 12,1,70,,33955,24,0,9 12,1,30,,33952,24,0,9 12,1,70,,33956,24,0,9 12,1,30,,33971,24,0,9 12,1,70,,33962,24,0,9 12,1,30,,33961,24,0,9 12,1,65,,33959,24,0,9 12,1,5,,33967,24,0,9 12,1,30,,33973,24,0,9 12,1,70,,33965,24,0,9 12,1,30,,33963,24,0,9 12,1,70,,33964,24,0,9 12,1,30,,33951,24,0,9 12,1,70,,33954,24,0,9 12,1
30601,'13',636,,33994,24,0,9 12,1,70,,33988,24,0,9 12,1,30,,33977,24,0,9 12,1,70,,33992,24,0,9 12,1,30,,33982,24,0,9 12,1,70,,33990,24,0,9 12,1,30,,33995,24,0,9 12,1,70,,33996,24,0,9 12,1,31,,33991,24,0,9 12,1,70,,33981,24,0,9 12,1,30,,28401,24,0,9 12,1,70,,33979,24,0,9 12,1,30,,33976,24,0,9 12,1,70,,33980,24,0,9 12,1,30,,33993,24,0,9 12,1,70,,33985,24,0,9 12,1,30,,33984,24,0,9 12,1,65,,33983,24,0,9 12,1,5,,33989,24,0,9 12,1,30,,28711,24,0,9 12,1,70,,28692,24,0,9 12,1,30,,33986,24,0,9 12,1,70,,33987,24,0,9 12,1,30,,28678,24,0,9 12,1,70,,33978,24,0,9 12,1
30601,'3',636,,34015,24,0,9 12,1,70,,34009,24,0,9 12,1,30,,33998,24,0,9 12,1,70,,34013,24,0,9 12,1,30,,34003,24,0,9 12,1,70,,34011,24,0,9 12,1,30,,34016,24,0,9 12,1,70,,34017,24,0,9 12,1,31,,34012,24,0,9 12,1,70,,34002,24,0,9 12,1,30,,28422,24,0,9 12,1,70,,34000,24,0,9 12,1,30,,33997,24,0,9 12,1,70,,34001,24,0,9 12,1,30,,34014,24,0,9 12,1,70,,34006,24,0,9 12,1,30,,34005,24,0,9 12,1,65,,34004,24,0,9 12,1,5,,34010,24,0,9 12,1,30,,28755,24,0,9 12,1,70,,28736,24,0,9 12,1,30,,34007,24,0,9 12,1,70,,34008,24,0,9 12,1,30,,28722,24,0,9 12,1,70,,33999,24,0,9 12,1
30601,'6',636,,34039,24,0,9 12,1,70,,34033,24,0,9 12,1,30,,34020,24,0,9 12,1,70,,34037,24,0,9 12,1,30,,34025,24,0,9 12,1,70,,34035,24,0,9 12,1,30,,34041,24,0,9 12,1,70,,34042,24,0,9 12,1,31,,34036,24,0,9 12,1,70,,34024,24,0,9 12,1,30,,34027,24,0,9 12,1,70,,34022,24,0,9 12,1,30,,34019,24,0,9 12,1,70,,34023,24,0,9 12,1,30,,34038,24,0,9 12,1,70,,34029,24,0,9 12,1,30,,34028,24,0,9 12,1,65,,34026,24,0,9 12,1,5,,34034,24,0,9 12,1,30,,34040,24,0,9 12,1,70,,34032,24,0,9 12,1,30,,34030,24,0,9 12,1,70,,34031,24,0,9 12,1,30,,34018,24,0,9 12,1,70,,34021,24,0,9 12,1
33701,'1',628,,37361,15,,,1,30,,37374,15,,,1,71,,37404,15,,,1,30,,37380,15,,,1,70,,37401,15,,,1,30,,37385,15,,,1,70,,37368,15,,,1,30,,37396,15,,,1,72,,37402,15,,,1,70,,37366,15,,,1,30,,37388,15,,,1,70,,37362,15,,,1,30,,37382,15,,,1,70,,37394,15,,,1,30,,37393,15,,,1,70,,37400,15,,,1,31,,37378,15,,,1,70,,31114,15,,,1,30,,37392,15,,,1,70,,37405,15,,,1,30,,37398,15,,,1,70,,37370,15,,,1,30,,37395,15,,,1,70,,37397,15,,,1,30,,37379,15,,,1
33701,'11',628,,37407,15,,,1,30,,37421,15,,,1,71,,37454,15,,,1,30,,37427,15,,,1,70,,37451,15,,,1,30,,37433,15,,,1,70,,37415,15,,,1,30,,37446,15,,,1,72,,37452,15,,,1,70,,37413,15,,,1,30,,37436,15,,,1,70,,37408,15,,,1,30,,37430,15,,,1,70,,37442,15,,,1,30,,37441,15,,,1,70,,37450,15,,,1,31,,37425,15,,,1,70,,37409,15,,,1,30,,37440,15,,,1,70,,37455,15,,,1,30,,37448,15,,,1,70,,37417,15,,,1,30,,37445,15,,,1,70,,37447,15,,,1,30,,37426,15,,,1
33701,'12',608,,37463,15,,,1,30,,37488,15,,,1,70,,37467,15,,,1,30,,37494,15,,,1,70,,37492,15,,,1,30,,37487,15,,,1,70,,37456,15,,,1,30,,37470,15,,,1,70,,37505,15,,,1,30,,37499,15,,,1,70,,37483,15,,,1,30,,37460,15,,,1,70,,37459,15,,,1,30,,37469,15,,,1,70,,37496,15,,,1,30,,37491,15,,,1,70,,37464,15,,,1,30,,37457,15,,,1,70,,37485,15,,,1,30,,37479,15,,,1,70,,37471,15,,,1,30,,37474,15,,,1,70,,37482,15,,,1,30,,37458,15,,,1,70,,37481,15,,,1
33701,'13',608,,22712,15,,,1,30,,37534,15,,,1,70,,37516,15,,,1,30,,37539,15,,,1,70,,27815,15,,,1,30,,37533,15,,,1,70,,37506,15,,,1,30,,37519,15,,,1,70,,37547,15,,,1,30,,37542,15,,,1,70,,28608,15,,,1,30,,37510,15,,,1,70,,37509,15,,,1,30,,37518,15,,,1,70,,32018,15,,,1,30,,37537,15,,,1,70,,37513,15,,,1,30,,37507,15,,,1,70,,37531,15,,,1,30,,37526,15,,,1,70,,32724,15,,,1,30,,37522,15,,,1,70,,37529,15,,,1,30,,37508,15,,,1,70,,37528,15,,,1
33701,'14',1031,,37565,15,,,1,70,,37563,15,,,1,30,,37550,15,,,1,70,,37556,15,,,1,30,,37570,15,,,1,70,,37555,15,,,1,30,,37560,15,,,1,70,,37569,15,,,1,31,,37557,15,,,1,70,,37572,15,,,1,30,,37551,15,,,1,70,,37552,15,,,1,30,,37576,15,,,1,70,,37571,15,,,1,30,,37553,15,,,1
33701,'16',628,,37578,15,,,1,30,,37591,15,,,1,71,,37621,15,,,1,30,,37597,15,,,1,70,,37618,15,,,1,30,,37602,15,,,1,70,,37585,15,,,1,30,,37613,15,,,1,72,,37619,15,,,1,70,,37583,15,,,1,30,,37605,15,,,1,70,,37579,15,,,1,30,,37599,15,,,1,70,,37611,15,,,1,30,,37610,15,,,1,70,,37617,15,,,1,31,,37595,15,,,1,70,,26840,15,,,1,30,,37609,15,,,1,70,,37622,15,,,1,30,,37615,15,,,1,70,,37587,15,,,1,30,,37612,15,,,1,70,,37614,15,,,1,30,,37596,15,,,1
33701,'3',608,,22734,15,,,1,30,,37651,15,,,1,70,,37633,15,,,1,30,,37656,15,,,1,70,,27838,15,,,1,30,,37650,15,,,1,70,,37623,15,,,1,30,,37636,15,,,1,70,,37664,15,,,1,30,,37659,15,,,1,70,,28650,15,,,1,30,,37627,15,,,1,70,,37626,15,,,1,30,,37635,15,,,1,70,,32058,15,,,1,30,,37654,15,,,1,70,,37630,15,,,1,30,,37624,15,,,1,70,,37648,15,,,1,30,,37643,15,,,1,70,,32737,15,,,1,30,,37639,15,,,1,70,,37646,15,,,1,30,,37625,15,,,1,70,,37645,15,,,1
33701,'6',608,,37672,15,,,1,30,,37697,15,,,1,70,,37676,15,,,1,30,,37703,15,,,1,70,,37701,15,,,1,30,,37696,15,,,1,70,,37665,15,,,1,30,,37679,15,,,1,70,,37714,15,,,1,30,,37708,15,,,1,70,,37692,15,,,1,30,,37669,15,,,1,70,,37668,15,,,1,30,,37678,15,,,1,70,,37705,15,,,1,30,,37700,15,,,1,70,,37673,15,,,1,30,,37666,15,,,1,70,,37694,15,,,1,30,,37688,15,,,1,70,,37680,15,,,1,30,,37683,15,,,1,70,,37691,15,,,1,30,,37667,15,,,1,70,,37690,15,,,1
33701,'8',1101,,37741,15,,,1,30,,37735,15,,,1,70,,37731,15,,,1,30,,37716,15,,,1,70,,37742,15,,,1,30,,37732,15,,,1,70,,37717,15,,,1,31,,37739,15,,,1,70,,37727,15,,,1,30,,37724,15,,,1,70,,37736,15,,,1,30,,37734,15,,,1,70,,37728,15,,,1,30,,37733,15,,,1,70,,37737,15,,,1
40101,'1',601,,38014,11,0,16,1,30,,38016,11,0,16,1,70,,38039,11,0,16,1,30,,38035,11,0,16,1,70,,38055,11,0,16,1,30,,38050,11,0,16,1,70,,29433,11,0,16,1,30,,38030,11,0,16,1,70,,38023,11,0,16,1,30,,38062,11,0,16,1,70,,38042,11,0,16,1,30,,38022,11,0,16,1,70,,24141,11,0,16,1,30,,38029,11,0,16,1,70,,38051,11,0,16,1,30,,38015,11,0,16,1,70,,38065,11,0,16,1,30,,38009,11,0,16,1,70,,38053,11,0,16,1,30,,38047,11,0,16,1,70,,38021,11,0,16,1,30,,38041,11,0,16,1,70,,38019,11,0,16,1,30,,38064,11,0,16,1,70,,38044,11,0,16,1,30,,38058,11,0,16,1,70,,38024,11,0,16,1,100,,38017,11,0,16,1,100,,38010,11,0,16,1,100,,38018,11,0,16,1,100,,38061,11,0,16,1
40101,'11',601,,38071,11,0,16,1,30,,38073,11,0,16,1,70,,38096,11,0,16,1,30,,38092,11,0,16,1,70,,38115,11,0,16,1,30,,38109,11,0,16,1,70,,38122,11,0,16,1,30,,38087,11,0,16,1,70,,38080,11,0,16,1,30,,38123,11,0,16,1,70,,38100,11,0,16,1,30,,38079,11,0,16,1,70,,38111,11,0,16,1,30,,38086,11,0,16,1,70,,38110,11,0,16,1,30,,38072,11,0,16,1,70,,38126,11,0,16,1,30,,38066,11,0,16,1,70,,38113,11,0,16,1,30,,38106,11,0,16,1,70,,38078,11,0,16,1,30,,38098,11,0,16,1,70,,38076,11,0,16,1,30,,38125,11,0,16,1,70,,38103,11,0,16,1,30,,38118,11,0,16,1,70,,38081,11,0,16,1,100,,38074,11,0,16,1,100,,38067,11,0,16,1,100,,38075,11,0,16,1,100,,38121,11,0,16,1
40101,'12',1901,,38136,11,0,16,1,100,,38131,11,0,16,1,100,,38135,11,0,16,1,100,,38129,11,0,16,1,100,,38127,11,0,16,1
40101,'13',1901,,38147,11,0,16,1,100,,38142,11,0,16,1,100,,38146,11,0,16,1,100,,38140,11,0,16,1,100,,38138,11,0,16,1
40101,'14',1101,,38154,11,0,16,1,100,,38161,11,0,16,1,100,,38152,11,0,16,1,100,,38163,11,0,16,1,100,,38160,11,0,16,1,100,,38150,11,0,16,1,100,,38155,11,0,16,1
40101,'16',601,,38169,11,0,16,1,30,,38171,11,0,16,1,70,,38194,11,0,16,1,30,,38190,11,0,16,1,70,,38210,11,0,16,1,30,,38205,11,0,16,1,70,,29553,11,0,16,1,30,,38185,11,0,16,1,70,,38178,11,0,16,1,30,,38217,11,0,16,1,70,,38197,11,0,16,1,30,,38177,11,0,16,1,70,,30819,11,0,16,1,30,,38184,11,0,16,1,70,,38206,11,0,16,1,30,,38170,11,0,16,1,70,,38220,11,0,16,1,30,,38164,11,0,16,1,70,,38208,11,0,16,1,30,,38202,11,0,16,1,70,,38176,11,0,16,1,30,,38196,11,0,16,1,70,,38174,11,0,16,1,30,,38219,11,0,16,1,70,,38199,11,0,16,1,30,,38213,11,0,16,1,70,,38179,11,0,16,1,100,,38172,11,0,16,1,100,,38165,11,0,16,1,100,,38173,11,0,16,1,100,,38216,11,0,16,1
40101,'3',1901,,38230,11,0,16,1,100,,38225,11,0,16,1,100,,38229,11,0,16,1,100,,38223,11,0,16,1,100,,38221,11,0,16,1
40101,'6',1901,,38241,11,0,16,1,100,,38236,11,0,16,1,100,,38240,11,0,16,1,100,,38234,11,0,16,1,100,,38232,11,0,16,1
40101,'8',901,,38256,11,0,16,1,100,,38280,11,0,16,1,100,,38265,11,0,16,1,30,,38271,11,0,16,1,70,,38275,11,0,16,1,30,,38277,11,0,16,1,70,,38264,11,0,16,1,30,,38249,11,0,16,1,70,,38266,11,0,16,1,30,,38270,11,0,16,1,70,,38255,11,0,16,1,30,,38278,11,0,16,1,70,,38259,11,0,16,1,30,,38246,11,0,16,1,70,,38257,11,0,16,1,30,,38261,11,0,16,1,70,,38250,11,0,16,1,30,,38245,11,0,16,1,70,,38263,11,0,16,1
40601,'1',703,,38965,24,0,9 12,1,30,,38943,24,0,9 12,1,70,,32093,24,0,9 12,1,30,,38953,24,0,9 12,1,70,,38945,24,0,9 12,1,30,,38955,24,0,9 12,1,70,,38961,24,0,9 12,1,30,,32509,24,0,9 12,1,70,,38962,24,0,9 12,1,30,,38946,24,0,9 12,1,70,,38957,24,0,9 12,1,30,,38951,24,0,9 12,1,70,,38949,24,0,9 12,1,30,,38942,24,0,9 12,1,70,,38950,24,0,9 12,1,30,,38947,24,0,9 12,1,70,,38967,24,0,9 12,1,30,,38952,24,0,9 12,1,70,,38958,24,0,9 12,1,30,,38954,24,0,9 12,1,70,,38963,24,0,9 12,1,30,,38966,24,0,9 12,1,70,,38964,24,0,9 12,1,30,,38959,24,0,9 12,1,100,,38944,24,0,9 12,1,100,,38960,24,0,9 12,1,100,,38948,24,0,9 12,1,100,,38956,24,0,9 12,1,100,,23235,24,0,9 12,1
40601,'11',703,,38994,24,0,9 12,1,30,,38969,24,0,9 12,1,70,,38989,24,0,9 12,1,30,,38979,24,0,9 12,1,70,,38971,24,0,9 12,1,30,,38981,24,0,9 12,1,70,,38987,24,0,9 12,1,30,,38992,24,0,9 12,1,70,,38990,24,0,9 12,1,30,,38972,24,0,9 12,1,70,,38983,24,0,9 12,1,30,,38977,24,0,9 12,1,70,,38975,24,0,9 12,1,30,,38968,24,0,9 12,1,70,,38976,24,0,9 12,1,30,,38973,24,0,9 12,1,70,,38996,24,0,9 12,1,30,,38978,24,0,9 12,1,70,,38984,24,0,9 12,1,30,,38980,24,0,9 12,1,70,,38991,24,0,9 12,1,30,,38995,24,0,9 12,1,70,,38993,24,0,9 12,1,30,,38985,24,0,9 12,1,100,,38970,24,0,9 12,1,100,,38986,24,0,9 12,1,100,,38974,24,0,9 12,1,100,,38982,24,0,9 12,1,100,,38988,24,0,9 12,1
40601,'12',1833,,39001,24,0,9 12,1,100,,39002,24,0,9 12,1,100,,38998,24,0,9 12,1,100,,38999,24,0,9 12,1,100,,39000,24,0,9 12,1,100,,38997,24,0,9 12,1
40601,'13',1833,,39006,24,0,9 12,1,100,,39007,24,0,9 12,1,100,,39004,24,0,9 12,1,100,,39005,24,0,9 12,1,100,,23354,24,0,9 12,1,100,,39003,24,0,9 12,1
40601,'14',1133,,39010,24,0,9 12,1,100,,39009,24,0,9 12,1,100,,39012,24,0,9 12,1,100,,39014,24,0,9 12,1,100,,39013,24,0,9 12,1,100,,39008,24,0,9 12,1,100,,39011,24,0,9 12,1
40601,'16',703,,39039,24,0,9 12,1,30,,39016,24,0,9 12,1,70,,25392,24,0,9 12,1,30,,39026,24,0,9 12,1,70,,39018,24,0,9 12,1,30,,39028,24,0,9 12,1,70,,39034,24,0,9 12,1,30,,39037,24,0,9 12,1,70,,39035,24,0,9 12,1,30,,39019,24,0,9 12,1,70,,39030,24,0,9 12,1,30,,39024,24,0,9 12,1,70,,39022,24,0,9 12,1,30,,39015,24,0,9 12,1,70,,39023,24,0,9 12,1,30,,39020,24,0,9 12,1,70,,39041,24,0,9 12,1,30,,39025,24,0,9 12,1,70,,39031,24,0,9 12,1,30,,39027,24,0,9 12,1,70,,39036,24,0,9 12,1,30,,39040,24,0,9 12,1,70,,39038,24,0,9 12,1,30,,39032,24,0,9 12,1,100,,39017,24,0,9 12,1,100,,39033,24,0,9 12,1,100,,39021,24,0,9 12,1,100,,39029,24,0,9 12,1,100,,31856,24,0,9 12,1
40601,'3',1833,,39045,24,0,9 12,1,100,,39046,24,0,9 12,1,100,,39043,24,0,9 12,1,100,,39044,24,0,9 12,1,100,,23392,24,0,9 12,1,100,,39042,24,0,9 12,1
40601,'6',1833,,39051,24,0,9 12,1,100,,39052,24,0,9 12,1,100,,39048,24,0,9 12,1,100,,39049,24,0,9 12,1,100,,39050,24,0,9 12,1,100,,39047,24,0,9 12,1
40601,'8',933,,30022,24,0,9 12,1,100,,39062,24,0,9 12,1,70,,39059,24,0,9 12,1,30,,39057,24,0,9 12,1,70,,39056,24,0,9 12,1,30,,39066,24,0,9 12,1,70,,39055,24,0,9 12,1,30,,39053,24,0,9 12,1,70,,39063,24,0,9 12,1,30,,39060,24,0,9 12,1,70,,31890,24,0,9 12,1,30,,39054,24,0,9 12,1,70,,39058,24,0,9 12,1,30,,39065,24,0,9 12,1,70,,39061,24,0,9 12,1,30,,39064,24,0,9 12,1,70,,25154,24,0,9 12,1,30,,39068,24,0,9 12,1,100,,39067,24,0,9 12,1
43701,'1',1908,,32627,15,,,1,100,,41925,15,,,1,100,,41928,15,,,1,100,,41929,15,,,1,100,,41930,15,,,1
43701,'11',1908,,41939,15,,,1,100,,41933,15,,,1,100,,41937,15,,,1,100,,41938,15,,,1,100,,41940,15,,,1
43701,'12',1908,,41943,15,,,1,100,,41942,15,,,1,100,,41950,15,,,1,100,,41944,15,,,1,100,,41945,15,,,1
43701,'13',1908,,41953,15,,,1,100,,41952,15,,,1,100,,41959,15,,,1,100,,41954,15,,,1,100,,41955,15,,,1
43701,'16',1908,,41967,15,,,1,100,,41962,15,,,1,100,,41965,15,,,1,100,,41966,15,,,1,100,,41968,15,,,1
43701,'3',1908,,41971,15,,,1,100,,41970,15,,,1,100,,41977,15,,,1,100,,41972,15,,,1,100,,41973,15,,,1
43701,'6',1908,,41980,15,,,1,100,,41979,15,,,1,100,,41987,15,,,1,100,,41981,15,,,1,100,,41982,15,,,1
