31601,'12',715,,35606,11,,,1,15,,35634,11,,,1,15,,35616,11,,,1,55,,35612,11,,,1,15,,35628,11,,,1,15,,35620,11,,,1,15,,35644,11,,,1,55,,35607,11,,,1,15,,35610,11,,,1,15,,35600,11,,,1,15,,35633,11,,,1,55,,35635,11,,,1,15,,35621,11,,,1,15,,35604,11,,,1,15,,35631,11,,,1,55,,35599,11,,,1,15,,35615,11,,,1,15,,35643,11,,,1,15,,35642,11,,,1,55,,35608,11,,,1,15,,35625,11,,,1,15,,35640,11,,,1,15,,35638,11,,,1,55,,35605,11,,,1,15,,35626,11,,,1,15,,35639,11,,,1,15,,35618,11,,,1,55,,35645,11,,,1,15,,35619,11,,,1,15,,35623,11,,,1,15,,35627,11,,,1,55,,35622,11,,,1,15,,35641,11,,,1,15,,35613,11,,,1,15,,35614,11,,,1,55,,35601,11,,,1,15,,35617,11,,,1,15,,35630,11,,,1,15,,35602,11,,,1,55,,35636,11,,,1,15,,35603,11,,,1,15,,35629,11,,,1,15,,35611,11,,,1,55,,35609,11,,,1,15,,35632,11,,,1,15,,35624,11,,,1,15,,35637,11,,,1
31601,'13',715,,35653,11,,,1,15,,35676,11,,,1,15,,35661,11,,,1,55,,35658,11,,,1,15,,25274,11,,,1,15,,35664,11,,,1,15,,35686,11,,,1,55,,35654,11,,,1,15,,35656,11,,,1,15,,35647,11,,,1,15,,35675,11,,,1,55,,35677,11,,,1,15,,35665,11,,,1,15,,35651,11,,,1,15,,35673,11,,,1,55,,35646,11,,,1,15,,35660,11,,,1,15,,35685,11,,,1,15,,35684,11,,,1,55,,35655,11,,,1,15,,35669,11,,,1,15,,35682,11,,,1,15,,35680,11,,,1,55,,35652,11,,,1,15,,35670,11,,,1,15,,35681,11,,,1,15,,35662,11,,,1,55,,35687,11,,,1,15,,35663,11,,,1,15,,35667,11,,,1,15,,32695,11,,,1,55,,35666,11,,,1,15,,35683,11,,,1,15,,27342,11,,,1,15,,35659,11,,,1,55,,35648,11,,,1,15,,28693,11,,,1,15,,35672,11,,,1,15,,35649,11,,,1,55,,35678,11,,,1,15,,35650,11,,,1,15,,35671,11,,,1,15,,35657,11,,,1,55,,21757,11,,,1,15,,35674,11,,,1,15,,35668,11,,,1,15,,35679,11,,,1
31601,'3',715,,35695,11,,,1,15,,35718,11,,,1,15,,35703,11,,,1,55,,35700,11,,,1,15,,25323,11,,,1,15,,35706,11,,,1,15,,35728,11,,,1,55,,35696,11,,,1,15,,35698,11,,,1,15,,35689,11,,,1,15,,35717,11,,,1,55,,35719,11,,,1,15,,35707,11,,,1,15,,35693,11,,,1,15,,35715,11,,,1,55,,35688,11,,,1,15,,35702,11,,,1,15,,35727,11,,,1,15,,35726,11,,,1,55,,35697,11,,,1,15,,35711,11,,,1,15,,35724,11,,,1,15,,35722,11,,,1,55,,35694,11,,,1,15,,35712,11,,,1,15,,35723,11,,,1,15,,35704,11,,,1,55,,35729,11,,,1,15,,35705,11,,,1,15,,35709,11,,,1,15,,32714,11,,,1,55,,35708,11,,,1,15,,35725,11,,,1,15,,27380,11,,,1,15,,35701,11,,,1,55,,35690,11,,,1,15,,28737,11,,,1,15,,35714,11,,,1,15,,35691,11,,,1,55,,35720,11,,,1,15,,35692,11,,,1,15,,35713,11,,,1,15,,35699,11,,,1,55,,21780,11,,,1,15,,35716,11,,,1,15,,35710,11,,,1,15,,35721,11,,,1
31601,'6',715,,35737,11,,,1,15,,35765,11,,,1,15,,35747,11,,,1,55,,35743,11,,,1,15,,35759,11,,,1,15,,35751,11,,,1,15,,35775,11,,,1,55,,35738,11,,,1,15,,35741,11,,,1,15,,35731,11,,,1,15,,35764,11,,,1,55,,35766,11,,,1,15,,35752,11,,,1,15,,35735,11,,,1,15,,35762,11,,,1,55,,35730,11,,,1,15,,35746,11,,,1,15,,35774,11,,,1,15,,35773,11,,,1,55,,35739,11,,,1,15,,35756,11,,,1,15,,35771,11,,,1,15,,35769,11,,,1,55,,35736,11,,,1,15,,35757,11,,,1,15,,35770,11,,,1,15,,35749,11,,,1,55,,35776,11,,,1,15,,35750,11,,,1,15,,35754,11,,,1,15,,35758,11,,,1,55,,35753,11,,,1,15,,35772,11,,,1,15,,35744,11,,,1,15,,35745,11,,,1,55,,35732,11,,,1,15,,35748,11,,,1,15,,35761,11,,,1,15,,35733,11,,,1,55,,35767,11,,,1,15,,35734,11,,,1,15,,35760,11,,,1,15,,35742,11,,,1,55,,35740,11,,,1,15,,35763,11,,,1,15,,35755,11,,,1,15,,35768,11,,,1
41601,'1',735,,40592,11,,,1,70,,40591,11,,,1,30,,40607,11,,,1,70,,40590,11,,,1,25,,30604,11,,,1,70,,40597,11,,,1,31,,29651,11,,,1,70,,40580,11,,,1,30,,40584,11,,,1,70,,32561,11,,,1,30,,40596,11,,,1,70,,40581,11,,,1,30,,40579,11,,,1,70,,40599,11,,,1,30,,40586,11,,,1,70,,40587,11,,,1,30,,40605,11,,,1,70,,40608,11,,,1,30,,40606,11,,,1,70,,40593,11,,,1,30,,40610,11,,,1,70,,40609,11,,,1,35,,40589,11,,,1,69,,40594,11,,,1,30,,40604,11,,,1,70,,40578,11,,,1,30,,40603,11,,,1,70,,40602,11,,,1,30,,40601,11,,,1,67,,40600,11,,,1,3,,40595,11,,,1,27,,40588,11,,,1,3,,40598,11,,,1,67,,40583,11,,,1,3,,40611,11,,,1,27,,40582,11,,,1,3,,40585,11,,,1
41601,'11',735,,40628,11,,,1,70,,40627,11,,,1,30,,40643,11,,,1,70,,40625,11,,,1,25,,40626,11,,,1,70,,40633,11,,,1,31,,40618,11,,,1,70,,40614,11,,,1,30,,40619,11,,,1,70,,40647,11,,,1,30,,40632,11,,,1,70,,40615,11,,,1,30,,40613,11,,,1,70,,40635,11,,,1,30,,40621,11,,,1,70,,40622,11,,,1,30,,40641,11,,,1,70,,40644,11,,,1,30,,40642,11,,,1,70,,40629,11,,,1,30,,40646,11,,,1,70,,40645,11,,,1,35,,40624,11,,,1,69,,40630,11,,,1,30,,40640,11,,,1,70,,40612,11,,,1,30,,40639,11,,,1,70,,40638,11,,,1,30,,40637,11,,,1,67,,40636,11,,,1,3,,40631,11,,,1,27,,40623,11,,,1,3,,40634,11,,,1,67,,40617,11,,,1,3,,40648,11,,,1,27,,40616,11,,,1,3,,40620,11,,,1
41601,'12',1905,,40655,11,,,1,30,,40649,11,,,1,70,,40650,11,,,1,30,,40657,11,,,1,70,,40653,11,,,1,30,,40658,11,,,1,70,,40651,11,,,1,30,,40654,11,,,1,70,,40656,11,,,1,30,,40652,11,,,1
41601,'13',1905,,40664,11,,,1,30,,40659,11,,,1,70,,40660,11,,,1,30,,40666,11,,,1,70,,40662,11,,,1,30,,32634,11,,,1,70,,40661,11,,,1,30,,40663,11,,,1,70,,40665,11,,,1,30,,27340,11,,,1
41601,'14',1106,,40669,11,,,1,30,,40668,11,,,1,70,,40672,11,,,1,30,,40679,11,,,1,70,,40673,11,,,1,30,,40667,11,,,1,70,,40674,11,,,1,30,,40676,11,,,1,70,,40670,11,,,1,30,,40680,11,,,1,70,,40677,11,,,1,30,,40678,11,,,1,70,,40671,11,,,1,30,,40675,11,,,1,70,,40681,11,,,1
41601,'16',735,,40696,11,,,1,70,,40695,11,,,1,30,,40711,11,,,1,70,,40694,11,,,1,25,,30640,11,,,1,70,,40701,11,,,1,31,,29768,11,,,1,70,,40684,11,,,1,30,,40688,11,,,1,70,,40715,11,,,1,30,,40700,11,,,1,70,,40685,11,,,1,30,,40683,11,,,1,70,,40703,11,,,1,30,,40690,11,,,1,70,,40691,11,,,1,30,,40709,11,,,1,70,,40712,11,,,1,30,,40710,11,,,1,70,,40697,11,,,1,30,,40714,11,,,1,70,,40713,11,,,1,35,,40693,11,,,1,69,,40698,11,,,1,30,,40708,11,,,1,70,,40682,11,,,1,30,,40707,11,,,1,70,,40706,11,,,1,30,,40705,11,,,1,67,,40704,11,,,1,3,,40699,11,,,1,27,,40692,11,,,1,3,,40702,11,,,1,67,,40687,11,,,1,3,,40716,11,,,1,27,,40686,11,,,1,3,,40689,11,,,1
41601,'3',1905,,40722,11,,,1,30,,40717,11,,,1,70,,40718,11,,,1,30,,40724,11,,,1,70,,40720,11,,,1,30,,32640,11,,,1,70,,40719,11,,,1,30,,40721,11,,,1,70,,40723,11,,,1,30,,27378,11,,,1
41601,'6',1905,,40731,11,,,1,30,,40725,11,,,1,70,,40726,11,,,1,30,,40733,11,,,1,70,,40729,11,,,1,30,,40734,11,,,1,70,,40727,11,,,1,30,,40730,11,,,1,70,,40732,11,,,1,30,,40728,11,,,1
41601,'8',900,,40753,11,,,1,30,,40743,11,,,1,70,,40757,11,,,1,31,,40754,11,,,1,70,,40735,11,,,1,30,,40742,11,,,1,70,,40746,11,,,1,30,,40750,11,,,1,70,,40740,11,,,1,30,,40749,11,,,1,70,,40752,11,,,1,30,,40747,11,,,1,70,,40737,11,,,1,30,,40744,11,,,1,70,,40748,11,,,1,30,,40736,11,,,1,70,,40745,11,,,1,30,,40758,11,,,1,70,,40739,11,,,1,30,,40755,11,,,1,70,,40738,11,,,1,29,,40751,11,,,1,70,,40741,11,,,1,30,,40756,11,,,1
