30400,'12',705,,33509,13,0,39 40 41,1,30,,33512,13,0,39 40 41,1,70,,33503,13,0,39 40 41,1,30,,33505,13,0,39 40 41,1,70,,33493,13,0,39 40 41,1,30,,33506,13,0,39 40 41,1,72,,33495,13,0,39 40 41,1,30,,33508,13,0,39 40 41,1,70,,33507,13,0,39 40 41,1,30,,33492,13,0,39 40 41,1,70,,33497,13,0,39 40 41,1,30,,33499,13,0,39 40 41,1,70,,33504,13,0,39 40 41,1,30,,33511,13,0,39 40 41,1,70,,33498,13,0,39 40 41,1,30,,33500,13,0,39 40 41,1,70,,33491,13,0,39 40 41,1,30,,33496,13,0,39 40 41,1,70,,33494,13,0,39 40 41,1,30,,33513,13,0,39 40 41,1,70,,33502,13,0,39 40 41,1,30,,33501,13,0,39 40 41,1,70,,33510,13,0,39 40 41,1
30400,'13',705,,33529,13,0,39 40 41,1,30,,33532,13,0,39 40 41,1,70,,33524,13,0,39 40 41,1,30,,33525,13,0,39 40 41,1,70,,29321,13,0,39 40 41,1,30,,33526,13,0,39 40 41,1,72,,33516,13,0,39 40 41,1,30,,33528,13,0,39 40 41,1,70,,33527,13,0,39 40 41,1,30,,28018,13,0,39 40 41,1,70,,33518,13,0,39 40 41,1,30,,33520,13,0,39 40 41,1,70,,27980,13,0,39 40 41,1,30,,33531,13,0,39 40 41,1,70,,33519,13,0,39 40 41,1,30,,33521,13,0,39 40 41,1,70,,33514,13,0,39 40 41,1,30,,33517,13,0,39 40 41,1,70,,33515,13,0,39 40 41,1,30,,33533,13,0,39 40 41,1,70,,33523,13,0,39 40 41,1,30,,33522,13,0,39 40 41,1,70,,33530,13,0,39 40 41,1
30400,'3',705,,33549,13,0,39 40 41,1,30,,33552,13,0,39 40 41,1,70,,33544,13,0,39 40 41,1,30,,33545,13,0,39 40 41,1,70,,29342,13,0,39 40 41,1,30,,33546,13,0,39 40 41,1,72,,33536,13,0,39 40 41,1,30,,33548,13,0,39 40 41,1,70,,33547,13,0,39 40 41,1,30,,28041,13,0,39 40 41,1,70,,33538,13,0,39 40 41,1,30,,33540,13,0,39 40 41,1,70,,28003,13,0,39 40 41,1,30,,33551,13,0,39 40 41,1,70,,33539,13,0,39 40 41,1,30,,33541,13,0,39 40 41,1,70,,33534,13,0,39 40 41,1,30,,33537,13,0,39 40 41,1,70,,33535,13,0,39 40 41,1,30,,33553,13,0,39 40 41,1,70,,33543,13,0,39 40 41,1,30,,33542,13,0,39 40 41,1,70,,33550,13,0,39 40 41,1
30400,'6',705,,33572,13,0,39 40 41,1,30,,33575,13,0,39 40 41,1,70,,33566,13,0,39 40 41,1,30,,33568,13,0,39 40 41,1,70,,33556,13,0,39 40 41,1,30,,33569,13,0,39 40 41,1,72,,33558,13,0,39 40 41,1,30,,33571,13,0,39 40 41,1,70,,33570,13,0,39 40 41,1,30,,33555,13,0,39 40 41,1,70,,33560,13,0,39 40 41,1,30,,33562,13,0,39 40 41,1,70,,33567,13,0,39 40 41,1,30,,33574,13,0,39 40 41,1,70,,33561,13,0,39 40 41,1,30,,33563,13,0,39 40 41,1,70,,33554,13,0,39 40 41,1,30,,33559,13,0,39 40 41,1,70,,33557,13,0,39 40 41,1,30,,33576,13,0,39 40 41,1,70,,33565,13,0,39 40 41,1,30,,33564,13,0,39 40 41,1,70,,33573,13,0,39 40 41,1
40400,'1',620,,38560,13,0,39 40 42 18,1,30,,38561,13,0,39 40 42 18,1,70,,38549,13,0,39 40 42 18,1,30,,38570,13,0,39 40 42 18,1,70,,38572,13,0,39 40 42 18,1,30,,38564,13,0,39 40 42 18,1,70,,38558,13,0,39 40 42 18,1,30,,38553,13,0,39 40 42 18,1,71,,38562,13,0,39 40 42 18,1,30,,31463,13,0,39 40 42 18,1,70,,38557,13,0,39 40 42 18,1,30,,38573,13,0,39 40 42 18,1,70,,38567,13,0,39 40 42 18,1,30,,38552,13,0,39 40 42 18,1,70,,38574,13,0,39 40 42 18,1,30,,38551,13,0,39 40 42 18,1,69,,29896,13,0,39 40 42 18,1,30,,38550,13,0,39 40 42 18,1,70,,38568,13,0,39 40 42 18,1,30,,38563,13,0,39 40 42 18,1,70,,38571,13,0,39 40 42 18,1,30,,31341,13,0,39 40 42 18,1,70,,38565,13,0,39 40 42 18,1,30,,38559,13,0,39 40 42 18,1,70,,38566,13,0,39 40 42 18,1,100,,38569,13,0,39 40 42 18,1,100,,38556,13,0,39 40 42 18,1,100,,38554,13,0,39 40 42 18,1,100,,38555,13,0,39 40 42 18,1,100,,31995,13,0,39 40 42 18,1
40400,'11',620,,38589,13,0,39 40 42 18,1,30,,38590,13,0,39 40 42 18,1,70,,38575,13,0,39 40 42 18,1,30,,38600,13,0,39 40 42 18,1,70,,38602,13,0,39 40 42 18,1,30,,38593,13,0,39 40 42 18,1,70,,38584,13,0,39 40 42 18,1,30,,38579,13,0,39 40 42 18,1,71,,38591,13,0,39 40 42 18,1,30,,38588,13,0,39 40 42 18,1,70,,38583,13,0,39 40 42 18,1,30,,38603,13,0,39 40 42 18,1,70,,38596,13,0,39 40 42 18,1,30,,38578,13,0,39 40 42 18,1,70,,38604,13,0,39 40 42 18,1,30,,38577,13,0,39 40 42 18,1,69,,38597,13,0,39 40 42 18,1,30,,38576,13,0,39 40 42 18,1,70,,38598,13,0,39 40 42 18,1,30,,38592,13,0,39 40 42 18,1,70,,38601,13,0,39 40 42 18,1,30,,38586,13,0,39 40 42 18,1,70,,38594,13,0,39 40 42 18,1,30,,38587,13,0,39 40 42 18,1,70,,38595,13,0,39 40 42 18,1,100,,38599,13,0,39 40 42 18,1,100,,38582,13,0,39 40 42 18,1,100,,38580,13,0,39 40 42 18,1,100,,38581,13,0,39 40 42 18,1,100,,38585,13,0,39 40 42 18,1
40400,'12',1820,,38608,13,0,39 40 42 18,1,100,,38606,13,0,39 40 42 18,1,100,,38609,13,0,39 40 42 18,1,100,,38605,13,0,39 40 42 18,1,100,,38610,13,0,39 40 42 18,1,100,,38607,13,0,39 40 42 18,1
40400,'13',1820,,38614,13,0,39 40 42 18,1,100,,38612,13,0,39 40 42 18,1,100,,38615,13,0,39 40 42 18,1,100,,38611,13,0,39 40 42 18,1,100,,38616,13,0,39 40 42 18,1,100,,38613,13,0,39 40 42 18,1
40400,'14',1121,,38619,13,0,39 40 42 18,1,100,,38617,13,0,39 40 42 18,1,100,,38620,13,0,39 40 42 18,1,99,,38618,13,0,39 40 42 18,1,100,,38623,13,0,39 40 42 18,1,100,,38621,13,0,39 40 42 18,1,100,,38622,13,0,39 40 42 18,1
40400,'16',620,,38635,13,0,39 40 42 18,1,30,,38636,13,0,39 40 42 18,1,70,,38624,13,0,39 40 42 18,1,30,,38645,13,0,39 40 42 18,1,70,,38647,13,0,39 40 42 18,1,30,,38639,13,0,39 40 42 18,1,70,,38633,13,0,39 40 42 18,1,30,,38628,13,0,39 40 42 18,1,71,,38637,13,0,39 40 42 18,1,30,,31480,13,0,39 40 42 18,1,70,,38632,13,0,39 40 42 18,1,30,,38648,13,0,39 40 42 18,1,70,,38642,13,0,39 40 42 18,1,30,,38627,13,0,39 40 42 18,1,70,,38649,13,0,39 40 42 18,1,30,,38626,13,0,39 40 42 18,1,69,,29976,13,0,39 40 42 18,1,30,,38625,13,0,39 40 42 18,1,70,,38643,13,0,39 40 42 18,1,30,,38638,13,0,39 40 42 18,1,70,,38646,13,0,39 40 42 18,1,30,,31382,13,0,39 40 42 18,1,70,,38640,13,0,39 40 42 18,1,30,,38634,13,0,39 40 42 18,1,70,,38641,13,0,39 40 42 18,1,100,,38644,13,0,39 40 42 18,1,100,,38631,13,0,39 40 42 18,1,100,,38629,13,0,39 40 42 18,1,100,,38630,13,0,39 40 42 18,1,100,,32032,13,0,39 40 42 18,1
40400,'3',1820,,38653,13,0,39 40 42 18,1,100,,38651,13,0,39 40 42 18,1,100,,38654,13,0,39 40 42 18,1,100,,38650,13,0,39 40 42 18,1,100,,38655,13,0,39 40 42 18,1,100,,38652,13,0,39 40 42 18,1
40400,'6',1820,,38659,13,0,39 40 42 18,1,100,,38657,13,0,39 40 42 18,1,100,,38660,13,0,39 40 42 18,1,100,,38656,13,0,39 40 42 18,1,100,,38661,13,0,39 40 42 18,1,100,,38658,13,0,39 40 42 18,1
40400,'8',920,,38680,13,0,39 40 42 18,1,101,,38669,13,0,39 40 42 18,1,30,,38679,13,0,39 40 42 18,1,70,,38673,13,0,39 40 42 18,1,30,,38672,13,0,39 40 42 18,1,70,,38674,13,0,39 40 42 18,1,30,,38670,13,0,39 40 42 18,1,70,,38666,13,0,39 40 42 18,1,30,,38676,13,0,39 40 42 18,1,69,,38677,13,0,39 40 42 18,1,30,,38671,13,0,39 40 42 18,1,70,,38668,13,0,39 40 42 18,1,30,,38663,13,0,39 40 42 18,1,70,,38664,13,0,39 40 42 18,1,30,,38665,13,0,39 40 42 18,1,70,,38675,13,0,39 40 42 18,1,30,,38678,13,0,39 40 42 18,1,70,,38667,13,0,39 40 42 18,1,100,,38662,13,0,39 40 42 18,1
