31500,'12',634,,35245,12,,,1,70,,35250,12,,,1,30,,35249,12,,,1,70,,35263,12,,,1,30,,35266,12,,,1,70,,35246,12,,,1,30,,35261,12,,,1,70,,35254,12,,,1,30,,35253,12,,,1,70,,35248,12,,,1,30,,35267,12,,,1,70,,35264,12,,,1,30,,35258,12,,,1,70,,35247,12,,,1,30,,35256,12,,,1,71,,35255,12,,,1,30,,35262,12,,,1,70,,35259,12,,,1,30,,35265,12,,,1,70,,35252,12,,,1,30,,35251,12,,,1,70,,35257,12,,,1,30,,35260,12,,,1,70,,35268,12,,,1
31500,'13',634,,35269,12,,,1,70,,35274,12,,,1,30,,35273,12,,,1,70,,35286,12,,,1,30,,35289,12,,,1,70,,35270,12,,,1,30,,35285,12,,,1,70,,35278,12,,,1,30,,35277,12,,,1,70,,35272,12,,,1,30,,29184,12,,,1,70,,35287,12,,,1,30,,35282,12,,,1,70,,35271,12,,,1,30,,35280,12,,,1,71,,35279,12,,,1,30,,28817,12,,,1,70,,35283,12,,,1,30,,35288,12,,,1,70,,35276,12,,,1,30,,35275,12,,,1,70,,35281,12,,,1,30,,35284,12,,,1,70,,35290,12,,,1
31500,'3',634,,35291,12,,,1,70,,35296,12,,,1,30,,35295,12,,,1,70,,35308,12,,,1,30,,35311,12,,,1,70,,35292,12,,,1,30,,35307,12,,,1,70,,35300,12,,,1,30,,35299,12,,,1,70,,35294,12,,,1,30,,29195,12,,,1,70,,35309,12,,,1,30,,35304,12,,,1,70,,35293,12,,,1,30,,35302,12,,,1,71,,35301,12,,,1,30,,28840,12,,,1,70,,35305,12,,,1,30,,35310,12,,,1,70,,35298,12,,,1,30,,35297,12,,,1,70,,35303,12,,,1,30,,35306,12,,,1,70,,35312,12,,,1
31500,'6',634,,35313,12,,,1,70,,35318,12,,,1,30,,35317,12,,,1,70,,35331,12,,,1,30,,35334,12,,,1,70,,35314,12,,,1,30,,35329,12,,,1,70,,35322,12,,,1,30,,35321,12,,,1,70,,35316,12,,,1,30,,35335,12,,,1,70,,35332,12,,,1,30,,35326,12,,,1,70,,35315,12,,,1,30,,35324,12,,,1,71,,35323,12,,,1,30,,35330,12,,,1,70,,35327,12,,,1,30,,35333,12,,,1,70,,35320,12,,,1,30,,35319,12,,,1,70,,35325,12,,,1,30,,35328,12,,,1,70,,35336,12,,,1
41500,'1',654,,40162,21,0,20 14 21 18,1,70,,40152,21,0,20 14 21 18,1,30,,40169,21,0,20 14 21 18,1,70,,40153,21,0,20 14 21 18,1,30,,40164,21,0,20 14 21 18,1,70,,40148,21,0,20 14 21 18,1,30,,40151,21,0,20 14 21 18,1,70,,40147,21,0,20 14 21 18,1,30,,22327,21,0,20 14 21 18,1,70,,40167,21,0,20 14 21 18,1,30,,40159,21,0,20 14 21 18,1,70,,40171,21,0,20 14 21 18,1,30,,40170,21,0,20 14 21 18,1,70,,40163,21,0,20 14 21 18,1,30,,40156,21,0,20 14 21 18,1,70,,40149,21,0,20 14 21 18,1,30,,40165,21,0,20 14 21 18,1,70,,24701,21,0,20 14 21 18,1,30,,40168,21,0,20 14 21 18,1,70,,40154,21,0,20 14 21 18,1,30,,40172,21,0,20 14 21 18,1,70,,40166,21,0,20 14 21 18,1,30,,40155,21,0,20 14 21 18,1,70,,40150,21,0,20 14 21 18,1,100,,40160,21,0,20 14 21 18,1,100,,40158,21,0,20 14 21 18,1,100,,40161,21,0,20 14 21 18,1,100,,40173,21,0,20 14 21 18,1,100,,40157,21,0,20 14 21 18,1
41500,'11',654,,40190,21,0,20 14 21 18,1,70,,40179,21,0,20 14 21 18,1,30,,40197,21,0,20 14 21 18,1,70,,40180,21,0,20 14 21 18,1,30,,40192,21,0,20 14 21 18,1,70,,40175,21,0,20 14 21 18,1,30,,40178,21,0,20 14 21 18,1,70,,40174,21,0,20 14 21 18,1,30,,40185,21,0,20 14 21 18,1,70,,40195,21,0,20 14 21 18,1,30,,40187,21,0,20 14 21 18,1,70,,40200,21,0,20 14 21 18,1,30,,40198,21,0,20 14 21 18,1,70,,40191,21,0,20 14 21 18,1,30,,40183,21,0,20 14 21 18,1,70,,40176,21,0,20 14 21 18,1,30,,40193,21,0,20 14 21 18,1,70,,40199,21,0,20 14 21 18,1,30,,40196,21,0,20 14 21 18,1,70,,40181,21,0,20 14 21 18,1,30,,40201,21,0,20 14 21 18,1,70,,40194,21,0,20 14 21 18,1,30,,40182,21,0,20 14 21 18,1,70,,40177,21,0,20 14 21 18,1,100,,40188,21,0,20 14 21 18,1,100,,40186,21,0,20 14 21 18,1,100,,40189,21,0,20 14 21 18,1,100,,40202,21,0,20 14 21 18,1,100,,40184,21,0,20 14 21 18,1
41500,'12',1824,,40204,21,0,20 14 21 18,1,100,,40207,21,0,20 14 21 18,1,100,,40203,21,0,20 14 21 18,1,100,,40208,21,0,20 14 21 18,1,100,,40205,21,0,20 14 21 18,1,100,,40206,21,0,20 14 21 18,1
41500,'13',1824,,40210,21,0,20 14 21 18,1,100,,27351,21,0,20 14 21 18,1,100,,40209,21,0,20 14 21 18,1,100,,40213,21,0,20 14 21 18,1,100,,40211,21,0,20 14 21 18,1,100,,40212,21,0,20 14 21 18,1
41500,'14',1124,,40214,21,0,20 14 21 18,1,100,,40216,21,0,20 14 21 18,1,100,,40217,21,0,20 14 21 18,1,100,,40218,21,0,20 14 21 18,1,100,,40220,21,0,20 14 21 18,1,100,,40219,21,0,20 14 21 18,1,100,,40215,21,0,20 14 21 18,1
41500,'16',654,,40236,21,0,20 14 21 18,1,70,,40226,21,0,20 14 21 18,1,30,,40243,21,0,20 14 21 18,1,70,,40227,21,0,20 14 21 18,1,30,,40238,21,0,20 14 21 18,1,70,,40222,21,0,20 14 21 18,1,30,,40225,21,0,20 14 21 18,1,70,,40221,21,0,20 14 21 18,1,30,,30900,21,0,20 14 21 18,1,70,,40241,21,0,20 14 21 18,1,30,,40233,21,0,20 14 21 18,1,70,,40245,21,0,20 14 21 18,1,30,,40244,21,0,20 14 21 18,1,70,,40237,21,0,20 14 21 18,1,30,,40230,21,0,20 14 21 18,1,70,,40223,21,0,20 14 21 18,1,30,,40239,21,0,20 14 21 18,1,70,,31219,21,0,20 14 21 18,1,30,,40242,21,0,20 14 21 18,1,70,,40228,21,0,20 14 21 18,1,30,,40246,21,0,20 14 21 18,1,70,,40240,21,0,20 14 21 18,1,30,,40229,21,0,20 14 21 18,1,70,,40224,21,0,20 14 21 18,1,100,,40234,21,0,20 14 21 18,1,100,,40232,21,0,20 14 21 18,1,100,,40235,21,0,20 14 21 18,1,100,,40247,21,0,20 14 21 18,1,100,,40231,21,0,20 14 21 18,1
41500,'3',1824,,40249,21,0,20 14 21 18,1,100,,27389,21,0,20 14 21 18,1,100,,40248,21,0,20 14 21 18,1,100,,40252,21,0,20 14 21 18,1,100,,40250,21,0,20 14 21 18,1,100,,40251,21,0,20 14 21 18,1
41500,'6',1824,,40254,21,0,20 14 21 18,1,100,,40257,21,0,20 14 21 18,1,100,,40253,21,0,20 14 21 18,1,100,,40258,21,0,20 14 21 18,1,100,,40255,21,0,20 14 21 18,1,100,,40256,21,0,20 14 21 18,1
41500,'8',924,,40260,21,0,20 14 21 18,1,100,,40273,21,0,20 14 21 18,1,30,,40275,21,0,20 14 21 18,1,70,,40261,21,0,20 14 21 18,1,30,,40269,21,0,20 14 21 18,1,70,,40274,21,0,20 14 21 18,1,30,,40262,21,0,20 14 21 18,1,70,,40263,21,0,20 14 21 18,1,30,,40276,21,0,20 14 21 18,1,70,,40268,21,0,20 14 21 18,1,30,,40264,21,0,20 14 21 18,1,70,,40277,21,0,20 14 21 18,1,30,,40271,21,0,20 14 21 18,1,70,,40266,21,0,20 14 21 18,1,30,,40259,21,0,20 14 21 18,1,70,,40265,21,0,20 14 21 18,1,30,,40270,21,0,20 14 21 18,1,70,,40267,21,0,20 14 21 18,1,100,,40272,21,0,20 14 21 18,1
