31801,'15',610,,13727,19,0,45 50,1,30,,13731,19,0,45 50,1,71,,13724,19,0,45 50,1,30,,13726,19,0,45 50,1,70,,13715,19,0,45 50,1,30,,13718,19,0,45 50,1,70,,13717,19,0,45 50,1,30,,13720,19,0,45 50,1,71,,13729,19,0,45 50,1,30,,13713,19,0,45 50,1,70,,13736,19,0,45 50,1,30,,13734,19,0,45 50,1,70,,13714,19,0,45 50,1,30,,13732,19,0,45 50,1,70,,13719,19,0,45 50,1,30,,13733,19,0,45 50,1,68,,13737,19,0,45 50,1,30,,13721,19,0,45 50,1,70,,13722,19,0,45 50,1,30,,13735,19,0,45 50,1,70,,13716,19,0,45 50,1,30,,13725,19,0,45 50,1,70,,13730,19,0,45 50,1,30,,13723,19,0,45 50,1,70,,13712,19,0,45 50,1,30,,13728,19,0,45 50,1
31801,'16',610,,13751,19,0,45 50,1,30,,13754,19,0,45 50,1,71,,13748,19,0,45 50,1,30,,13750,19,0,45 50,1,70,,13741,19,0,45 50,1,30,,3439,19,0,45 50,1,70,,13744,19,0,45 50,1,30,,707,19,0,45 50,1,71,,3754,19,0,45 50,1,30,,13739,19,0,45 50,1,70,,13758,19,0,45 50,1,30,,13757,19,0,45 50,1,70,,13740,19,0,45 50,1,30,,13755,19,0,45 50,1,70,,13745,19,0,45 50,1,30,,13756,19,0,45 50,1,68,,13759,19,0,45 50,1,30,,13746,19,0,45 50,1,70,,13747,19,0,45 50,1,30,,13742,19,0,45 50,1,70,,13743,19,0,45 50,1,30,,13749,19,0,45 50,1,70,,13753,19,0,45 50,1,30,,13752,19,0,45 50,1,70,,13738,19,0,45 50,1,30,,2608,19,0,45 50,1
31801,'17',610,,13774,19,0,45 50,1,30,,13777,19,0,45 50,1,71,,13771,19,0,45 50,1,30,,13773,19,0,45 50,1,70,,13763,19,0,45 50,1,30,,3463,19,0,45 50,1,70,,13766,19,0,45 50,1,30,,13768,19,0,45 50,1,71,,3778,19,0,45 50,1,30,,13761,19,0,45 50,1,70,,13781,19,0,45 50,1,30,,13780,19,0,45 50,1,70,,13762,19,0,45 50,1,30,,13778,19,0,45 50,1,70,,13767,19,0,45 50,1,30,,13779,19,0,45 50,1,68,,13782,19,0,45 50,1,30,,13769,19,0,45 50,1,70,,13770,19,0,45 50,1,30,,13764,19,0,45 50,1,70,,13765,19,0,45 50,1,30,,13772,19,0,45 50,1,70,,13776,19,0,45 50,1,30,,13775,19,0,45 50,1,70,,13760,19,0,45 50,1,30,,2626,19,0,45 50,1
31801,'19',610,,13797,19,0,45 50,1,30,,13801,19,0,45 50,1,71,,13795,19,0,45 50,1,30,,13796,19,0,45 50,1,70,,13786,19,0,45 50,1,30,,13789,19,0,45 50,1,70,,13788,19,0,45 50,1,30,,13791,19,0,45 50,1,71,,13799,19,0,45 50,1,30,,13784,19,0,45 50,1,70,,13806,19,0,45 50,1,30,,13805,19,0,45 50,1,70,,13785,19,0,45 50,1,30,,13803,19,0,45 50,1,70,,13790,19,0,45 50,1,30,,13804,19,0,45 50,1,68,,13807,19,0,45 50,1,30,,13792,19,0,45 50,1,70,,13794,19,0,45 50,1,30,,13793,19,0,45 50,1,70,,13787,19,0,45 50,1,30,,6795,19,0,45 50,1,70,,13800,19,0,45 50,1,30,,13802,19,0,45 50,1,70,,13783,19,0,45 50,1,30,,13798,19,0,45 50,1
31801,'5',610,,13821,19,0,45 50,1,30,,13823,19,0,45 50,1,71,,13818,19,0,45 50,1,30,,13820,19,0,45 50,1,70,,13811,19,0,45 50,1,30,,3487,19,0,45 50,1,70,,13813,19,0,45 50,1,30,,13814,19,0,45 50,1,71,,3802,19,0,45 50,1,30,,13809,19,0,45 50,1,70,,13828,19,0,45 50,1,30,,13827,19,0,45 50,1,70,,13810,19,0,45 50,1,30,,13825,19,0,45 50,1,70,,4680,19,0,45 50,1,30,,13826,19,0,45 50,1,68,,13829,19,0,45 50,1,30,,13815,19,0,45 50,1,70,,13817,19,0,45 50,1,30,,13816,19,0,45 50,1,70,,13812,19,0,45 50,1,30,,13819,19,0,45 50,1,70,,13822,19,0,45 50,1,30,,13824,19,0,45 50,1,70,,13808,19,0,45 50,1,30,,2644,19,0,45 50,1
31801,'6',610,,13845,19,0,45 50,1,30,,13849,19,0,45 50,1,71,,13842,19,0,45 50,1,30,,13844,19,0,45 50,1,70,,13833,19,0,45 50,1,30,,13836,19,0,45 50,1,70,,13835,19,0,45 50,1,30,,13838,19,0,45 50,1,71,,13847,19,0,45 50,1,30,,13831,19,0,45 50,1,70,,13854,19,0,45 50,1,30,,13852,19,0,45 50,1,70,,13832,19,0,45 50,1,30,,13850,19,0,45 50,1,70,,13837,19,0,45 50,1,30,,13851,19,0,45 50,1,68,,13855,19,0,45 50,1,30,,13839,19,0,45 50,1,70,,13840,19,0,45 50,1,30,,13853,19,0,45 50,1,70,,13834,19,0,45 50,1,30,,13843,19,0,45 50,1,70,,13848,19,0,45 50,1,30,,13841,19,0,45 50,1,70,,13830,19,0,45 50,1,30,,13846,19,0,45 50,1
41801,'1',1157,,19710,19,0,45 50,1,100,,19714,19,0,45 50,1,100,,1358,19,0,45 50,1,100,,19712,19,0,45 50,1,100,,5504,19,0,45 50,1,100,,19711,19,0,45 50,1,100,,19713,19,0,45 50,1
41801,'10',626,,19738,19,0,45 50,1,30,,19735,19,0,45 50,1,70,,19740,19,0,45 50,1,30,,19725,19,0,45 50,1,70,,19717,19,0,45 50,1,30,,19744,19,0,45 50,1,70,,19728,19,0,45 50,1,30,,19721,19,0,45 50,1,71,,19731,19,0,45 50,1,30,,19722,19,0,45 50,1,70,,19743,19,0,45 50,1,30,,19718,19,0,45 50,1,70,,19723,19,0,45 50,1,30,,19720,19,0,45 50,1,70,,19736,19,0,45 50,1,30,,19727,19,0,45 50,1,70,,19719,19,0,45 50,1,30,,19730,19,0,45 50,1,70,,19737,19,0,45 50,1,30,,19732,19,0,45 50,1,70,,19734,19,0,45 50,1,30,,19741,19,0,45 50,1,70,,19716,19,0,45 50,1,30,,19742,19,0,45 50,1,70,,19715,19,0,45 50,1,30,,19729,19,0,45 50,1,99,,19726,19,0,45 50,1,100,,19724,19,0,45 50,1,100,,19739,19,0,45 50,1,100,,19733,19,0,45 50,1
41801,'12',856,,19748,19,0,45 50,1,100,,19756,19,0,45 50,1,101,,19746,19,0,45 50,1,70,,19750,19,0,45 50,1,30,,19749,19,0,45 50,1,70,,19760,19,0,45 50,1,30,,19751,19,0,45 50,1,70,,19747,19,0,45 50,1,30,,19762,19,0,45 50,1,70,,19757,19,0,45 50,1,30,,6598,19,0,45 50,1,70,,19745,19,0,45 50,1,30,,19761,19,0,45 50,1,70,,19752,19,0,45 50,1,30,,19753,19,0,45 50,1,70,,19759,19,0,45 50,1,30,,19755,19,0,45 50,1,70,,19758,19,0,45 50,1,30,,7625,19,0,45 50,1,99,,19754,19,0,45 50,1
41801,'15',1857,,19765,19,0,45 50,1,99,,19766,19,0,45 50,1,100,,19763,19,0,45 50,1,100,,19764,19,0,45 50,1,100,,19767,19,0,45 50,1
41801,'16',1857,,19770,19,0,45 50,1,99,,19771,19,0,45 50,1,100,,19768,19,0,45 50,1,100,,19769,19,0,45 50,1,100,,19772,19,0,45 50,1
41801,'17',1857,,19775,19,0,45 50,1,99,,19776,19,0,45 50,1,100,,19773,19,0,45 50,1,100,,19774,19,0,45 50,1,100,,19777,19,0,45 50,1
41801,'19',1857,,5663,19,0,45 50,1,99,,19780,19,0,45 50,1,100,,19778,19,0,45 50,1,100,,19779,19,0,45 50,1,100,,19781,19,0,45 50,1
41801,'21',626,,19801,19,0,45 50,1,30,,19798,19,0,45 50,1,70,,19803,19,0,45 50,1,30,,19789,19,0,45 50,1,70,,19784,19,0,45 50,1,30,,19807,19,0,45 50,1,70,,19791,19,0,45 50,1,30,,19787,19,0,45 50,1,71,,19794,19,0,45 50,1,30,,6564,19,0,45 50,1,70,,19806,19,0,45 50,1,30,,7831,19,0,45 50,1,70,,19788,19,0,45 50,1,30,,19786,19,0,45 50,1,70,,19799,19,0,45 50,1,30,,19790,19,0,45 50,1,70,,19785,19,0,45 50,1,30,,19793,19,0,45 50,1,70,,19800,19,0,45 50,1,30,,19795,19,0,45 50,1,70,,19797,19,0,45 50,1,30,,19804,19,0,45 50,1,70,,19783,19,0,45 50,1,30,,19805,19,0,45 50,1,70,,19782,19,0,45 50,1,30,,19792,19,0,45 50,1,99,,6568,19,0,45 50,1,100,,8586,19,0,45 50,1,100,,19802,19,0,45 50,1,100,,19796,19,0,45 50,1
41801,'5',1857,,19810,19,0,45 50,1,99,,19811,19,0,45 50,1,100,,19808,19,0,45 50,1,100,,19809,19,0,45 50,1,100,,19812,19,0,45 50,1
41801,'6',1857,,19815,19,0,45 50,1,99,,19816,19,0,45 50,1,100,,19813,19,0,45 50,1,100,,19814,19,0,45 50,1,100,,19817,19,0,45 50,1
