30701,'15',650,,10789,5,,,1,70,,10801,5,,,1,30,,10791,5,,,1,70,,10804,5,,,1,30,,10810,5,,,1,70,,10798,5,,,1,30,,10808,5,,,1,71,,10797,5,,,1,30,,10803,5,,,1,70,,10809,5,,,1,30,,10790,5,,,1,70,,10805,5,,,1,30,,10799,5,,,1,70,,10793,5,,,1,30,,10792,5,,,1,70,,10806,5,,,1,30,,10800,5,,,1,70,,10796,5,,,1,30,,10795,5,,,1,70,,10787,5,,,1,30,,10807,5,,,1,70,,10788,5,,,1,30,,10794,5,,,1
30701,'16',650,,10813,5,,,1,70,,10825,5,,,1,30,,10815,5,,,1,70,,10828,5,,,1,30,,10833,5,,,1,70,,10822,5,,,1,30,,10831,5,,,1,71,,10821,5,,,1,30,,10827,5,,,1,70,,10832,5,,,1,30,,10814,5,,,1,70,,10829,5,,,1,30,,10823,5,,,1,70,,10817,5,,,1,30,,10816,5,,,1,70,,1204,5,,,1,30,,10824,5,,,1,70,,10820,5,,,1,30,,10819,5,,,1,70,,10811,5,,,1,30,,10830,5,,,1,70,,10812,5,,,1,30,,10818,5,,,1
30701,'17',650,,10836,5,,,1,70,,10848,5,,,1,30,,10838,5,,,1,70,,10851,5,,,1,30,,10856,5,,,1,70,,10845,5,,,1,30,,10854,5,,,1,71,,10844,5,,,1,30,,10850,5,,,1,70,,10855,5,,,1,30,,10837,5,,,1,70,,10852,5,,,1,30,,10846,5,,,1,70,,10840,5,,,1,30,,10839,5,,,1,70,,1228,5,,,1,30,,10847,5,,,1,70,,10843,5,,,1,30,,10842,5,,,1,70,,10834,5,,,1,30,,10853,5,,,1,70,,10835,5,,,1,30,,10841,5,,,1
30701,'19',650,,10859,5,,,1,70,,5342,5,,,1,30,,10861,5,,,1,70,,10872,5,,,1,30,,10878,5,,,1,70,,10867,5,,,1,30,,10876,5,,,1,71,,10866,5,,,1,30,,10871,5,,,1,70,,10877,5,,,1,30,,10860,5,,,1,70,,10873,5,,,1,30,,10868,5,,,1,70,,10863,5,,,1,30,,10862,5,,,1,70,,10874,5,,,1,30,,10869,5,,,1,70,,8074,5,,,1,30,,10865,5,,,1,70,,10857,5,,,1,30,,10875,5,,,1,70,,10858,5,,,1,30,,10864,5,,,1
30701,'5',650,,10881,5,,,1,70,,10892,5,,,1,30,,10883,5,,,1,70,,10895,5,,,1,30,,10900,5,,,1,70,,10889,5,,,1,30,,10898,5,,,1,71,,10888,5,,,1,30,,10894,5,,,1,70,,10899,5,,,1,30,,10882,5,,,1,70,,10896,5,,,1,30,,10890,5,,,1,70,,10885,5,,,1,30,,10884,5,,,1,70,,1252,5,,,1,30,,10891,5,,,1,70,,10887,5,,,1,30,,3284,5,,,1,70,,10879,5,,,1,30,,10897,5,,,1,70,,10880,5,,,1,30,,10886,5,,,1
30701,'6',650,,10903,5,,,1,70,,10915,5,,,1,30,,10905,5,,,1,70,,10918,5,,,1,30,,10924,5,,,1,70,,10912,5,,,1,30,,10922,5,,,1,71,,10911,5,,,1,30,,10917,5,,,1,70,,10923,5,,,1,30,,10904,5,,,1,70,,10919,5,,,1,30,,10913,5,,,1,70,,10907,5,,,1,30,,10906,5,,,1,70,,10920,5,,,1,30,,10914,5,,,1,70,,10910,5,,,1,30,,10909,5,,,1,70,,10901,5,,,1,30,,10921,5,,,1,70,,10902,5,,,1,30,,10908,5,,,1
30900,'15',629,,11181,31,0,23,1,30,,11199,31,0,23,1,71,,11201,31,0,23,1,70,,11185,31,0,23,1,30,,11188,31,0,23,1,70,,11179,31,0,23,1,30,,11194,31,0,23,1,70,,11182,31,0,23,1,31,,11187,31,0,23,1,70,,11190,31,0,23,1,30,,11186,31,0,23,1,70,,11195,31,0,23,1,30,,11183,31,0,23,1,70,,11197,31,0,23,1,30,,11191,31,0,23,1,70,,11198,31,0,23,1,35,,11180,31,0,23,1,70,,11196,31,0,23,1,30,,11200,31,0,23,1,70,,11193,31,0,23,1,30,,11189,31,0,23,1,70,,11192,31,0,23,1,30,,11184,31,0,23,1
30900,'16',629,,11204,31,0,23,1,30,,11220,31,0,23,1,71,,11222,31,0,23,1,70,,11208,31,0,23,1,30,,7321,31,0,23,1,70,,11202,31,0,23,1,30,,11215,31,0,23,1,70,,11205,31,0,23,1,31,,5250,31,0,23,1,70,,11211,31,0,23,1,30,,11209,31,0,23,1,70,,11216,31,0,23,1,30,,11206,31,0,23,1,70,,11218,31,0,23,1,30,,11212,31,0,23,1,70,,11219,31,0,23,1,35,,11203,31,0,23,1,70,,11217,31,0,23,1,30,,11221,31,0,23,1,70,,11214,31,0,23,1,30,,11210,31,0,23,1,70,,11213,31,0,23,1,30,,11207,31,0,23,1
30900,'17',629,,11224,31,0,23,1,30,,11240,31,0,23,1,71,,11242,31,0,23,1,70,,11228,31,0,23,1,30,,7329,31,0,23,1,70,,11223,31,0,23,1,30,,11235,31,0,23,1,70,,11225,31,0,23,1,31,,5300,31,0,23,1,70,,11231,31,0,23,1,30,,11229,31,0,23,1,70,,11236,31,0,23,1,30,,11226,31,0,23,1,70,,11238,31,0,23,1,30,,11232,31,0,23,1,70,,11239,31,0,23,1,35,,3190,31,0,23,1,70,,11237,31,0,23,1,30,,11241,31,0,23,1,70,,11234,31,0,23,1,30,,11230,31,0,23,1,70,,11233,31,0,23,1,30,,11227,31,0,23,1
30900,'19',629,,5331,31,0,23,1,30,,11262,31,0,23,1,71,,11264,31,0,23,1,70,,11248,31,0,23,1,30,,11251,31,0,23,1,70,,11243,31,0,23,1,30,,11257,31,0,23,1,70,,11245,31,0,23,1,31,,11250,31,0,23,1,70,,11253,31,0,23,1,30,,11249,31,0,23,1,70,,11258,31,0,23,1,30,,11246,31,0,23,1,70,,11260,31,0,23,1,30,,11254,31,0,23,1,70,,11261,31,0,23,1,35,,11244,31,0,23,1,70,,11259,31,0,23,1,30,,11263,31,0,23,1,70,,11256,31,0,23,1,30,,11252,31,0,23,1,70,,11255,31,0,23,1,30,,11247,31,0,23,1
30900,'5',629,,11267,31,0,23,1,30,,11282,31,0,23,1,71,,11284,31,0,23,1,70,,11271,31,0,23,1,30,,7372,31,0,23,1,70,,11265,31,0,23,1,30,,11277,31,0,23,1,70,,11268,31,0,23,1,31,,5430,31,0,23,1,70,,11274,31,0,23,1,30,,11272,31,0,23,1,70,,11278,31,0,23,1,30,,11269,31,0,23,1,70,,11280,31,0,23,1,30,,11275,31,0,23,1,70,,11281,31,0,23,1,35,,11266,31,0,23,1,70,,11279,31,0,23,1,30,,11283,31,0,23,1,70,,11276,31,0,23,1,30,,11273,31,0,23,1,70,,5021,31,0,23,1,30,,11270,31,0,23,1
30900,'6',629,,11287,31,0,23,1,30,,11305,31,0,23,1,71,,11307,31,0,23,1,70,,11291,31,0,23,1,30,,11294,31,0,23,1,70,,11285,31,0,23,1,30,,11300,31,0,23,1,70,,11288,31,0,23,1,31,,11293,31,0,23,1,70,,11296,31,0,23,1,30,,11292,31,0,23,1,70,,11301,31,0,23,1,30,,11289,31,0,23,1,70,,11303,31,0,23,1,30,,11297,31,0,23,1,70,,11304,31,0,23,1,35,,11286,31,0,23,1,70,,11302,31,0,23,1,30,,11306,31,0,23,1,70,,11299,31,0,23,1,30,,11295,31,0,23,1,70,,11298,31,0,23,1,30,,11290,31,0,23,1
40800,'1',1107,,17900,50,0,64 38,1,100,,17894,50,0,64 38,1,100,,17898,50,0,64 38,1,100,,17895,50,0,64 38,1,100,,17897,50,0,64 38,1,100,,17896,50,0,64 38,1,100,,17899,50,0,64 38,1,100,,1842,50,0,64 38,1
40800,'10',635,,17919,50,0,64 38,1,70,,17902,50,0,64 38,1,30,,17929,50,0,64 38,1,70,,17913,50,0,64 38,1,30,,17911,50,0,64 38,1,70,,17905,50,0,64 38,1,30,,17927,50,0,64 38,1,70,,17903,50,0,64 38,1,32,,17914,50,0,64 38,1,70,,17910,50,0,64 38,1,30,,17923,50,0,64 38,1,70,,17912,50,0,64 38,1,30,,17920,50,0,64 38,1,70,,17930,50,0,64 38,1,30,,17908,50,0,64 38,1,70,,17921,50,0,64 38,1,30,,17925,50,0,64 38,1,70,,17907,50,0,64 38,1,30,,17906,50,0,64 38,1,70,,17918,50,0,64 38,1,30,,17909,50,0,64 38,1,70,,17922,50,0,64 38,1,30,,17915,50,0,64 38,1,70,,17901,50,0,64 38,1,100,,17904,50,0,64 38,1,100,,17917,50,0,64 38,1,100,,17926,50,0,64 38,1,100,,17916,50,0,64 38,1,100,,17924,50,0,64 38,1,100,,17928,50,0,64 38,1
40800,'12',905,,17947,50,0,64 38,1,100,,17932,50,0,64 38,1,32,,17934,50,0,64 38,1,70,,17933,50,0,64 38,1,30,,17942,50,0,64 38,1,70,,7014,50,0,64 38,1,30,,17937,50,0,64 38,1,70,,17941,50,0,64 38,1,30,,17943,50,0,64 38,1,70,,17936,50,0,64 38,1,30,,17938,50,0,64 38,1,70,,17939,50,0,64 38,1,30,,17945,50,0,64 38,1,70,,8043,50,0,64 38,1,30,,17940,50,0,64 38,1,70,,17935,50,0,64 38,1,30,,17946,50,0,64 38,1,70,,17944,50,0,64 38,1,100,,17931,50,0,64 38,1,100,,17948,50,0,64 38,1
40800,'15',1807,,17952,50,0,64 38,1,100,,17950,50,0,64 38,1,100,,17949,50,0,64 38,1,100,,17951,50,0,64 38,1,100,,17955,50,0,64 38,1,100,,17953,50,0,64 38,1,100,,17954,50,0,64 38,1
40800,'16',1807,,5254,50,0,64 38,1,100,,17957,50,0,64 38,1,100,,17956,50,0,64 38,1,100,,17958,50,0,64 38,1,100,,17961,50,0,64 38,1,100,,17959,50,0,64 38,1,100,,17960,50,0,64 38,1
40800,'17',1807,,5304,50,0,64 38,1,100,,17963,50,0,64 38,1,100,,17962,50,0,64 38,1,100,,17964,50,0,64 38,1,100,,17967,50,0,64 38,1,100,,17965,50,0,64 38,1,100,,17966,50,0,64 38,1
40800,'19',1807,,17971,50,0,64 38,1,100,,17969,50,0,64 38,1,100,,17968,50,0,64 38,1,100,,17970,50,0,64 38,1,100,,17974,50,0,64 38,1,100,,17972,50,0,64 38,1,100,,17973,50,0,64 38,1
40800,'21',635,,17989,50,0,64 38,1,70,,17976,50,0,64 38,1,30,,6827,50,0,64 38,1,70,,17985,50,0,64 38,1,30,,17983,50,0,64 38,1,70,,7340,50,0,64 38,1,30,,17997,50,0,64 38,1,70,,17977,50,0,64 38,1,32,,17986,50,0,64 38,1,70,,17982,50,0,64 38,1,30,,17993,50,0,64 38,1,70,,17984,50,0,64 38,1,30,,17990,50,0,64 38,1,70,,17999,50,0,64 38,1,30,,17980,50,0,64 38,1,70,,17991,50,0,64 38,1,30,,17995,50,0,64 38,1,70,,8497,50,0,64 38,1,30,,17979,50,0,64 38,1,70,,8003,50,0,64 38,1,30,,17981,50,0,64 38,1,70,,17992,50,0,64 38,1,30,,17987,50,0,64 38,1,70,,17975,50,0,64 38,1,100,,17978,50,0,64 38,1,100,,8589,50,0,64 38,1,100,,17996,50,0,64 38,1,100,,17988,50,0,64 38,1,100,,17994,50,0,64 38,1,100,,17998,50,0,64 38,1
40800,'5',1807,,5434,50,0,64 38,1,100,,18001,50,0,64 38,1,100,,18000,50,0,64 38,1,100,,18002,50,0,64 38,1,100,,18005,50,0,64 38,1,100,,18003,50,0,64 38,1,100,,18004,50,0,64 38,1
40800,'6',1807,,18009,50,0,64 38,1,100,,18007,50,0,64 38,1,100,,18006,50,0,64 38,1,100,,18008,50,0,64 38,1,100,,18012,50,0,64 38,1,100,,18010,50,0,64 38,1,100,,18011,50,0,64 38,1
40900,'1',1106,,18129,31,0,23,1,100,,18131,31,0,23,1,100,,18132,31,0,23,1,100,,18128,31,0,23,1,100,,18135,31,0,23,1,100,,18130,31,0,23,1,100,,18133,31,0,23,1,100,,18134,31,0,23,1
40900,'10',703,,18162,31,0,23,1,30,,18151,31,0,23,1,70,,18154,31,0,23,1,30,,18144,31,0,23,1,70,,18141,31,0,23,1,30,,18146,31,0,23,1,70,,18163,31,0,23,1,33,,18155,31,0,23,1,70,,18149,31,0,23,1,30,,18153,31,0,23,1,70,,18143,31,0,23,1,30,,18160,31,0,23,1,70,,18150,31,0,23,1,30,,18164,31,0,23,1,70,,18147,31,0,23,1,30,,18138,31,0,23,1,70,,18139,31,0,23,1,30,,18148,31,0,23,1,70,,18157,31,0,23,1,30,,18136,31,0,23,1,70,,18161,31,0,23,1,30,,18152,31,0,23,1,70,,18156,31,0,23,1,100,,18145,31,0,23,1,96,,18158,31,0,23,1,100,,18159,31,0,23,1,100,,18142,31,0,23,1,100,,18140,31,0,23,1,100,,18137,31,0,23,1
40900,'12',903,,18172,31,0,23,1,100,,18183,31,0,23,1,33,,18171,31,0,23,1,70,,18175,31,0,23,1,30,,18180,31,0,23,1,70,,18166,31,0,23,1,30,,8796,31,0,23,1,70,,18168,31,0,23,1,30,,18177,31,0,23,1,70,,18176,31,0,23,1,30,,18181,31,0,23,1,70,,18165,31,0,23,1,30,,18178,31,0,23,1,70,,18179,31,0,23,1,30,,18167,31,0,23,1,70,,18173,31,0,23,1,30,,18169,31,0,23,1,70,,18170,31,0,23,1,100,,18174,31,0,23,1,96,,18182,31,0,23,1
40900,'15',1806,,18190,31,0,23,1,100,,18189,31,0,23,1,96,,18184,31,0,23,1,100,,18186,31,0,23,1,100,,18185,31,0,23,1,100,,18188,31,0,23,1,100,,18187,31,0,23,1
40900,'16',1806,,18195,31,0,23,1,100,,18194,31,0,23,1,96,,18191,31,0,23,1,100,,18192,31,0,23,1,100,,1183,31,0,23,1,100,,18193,31,0,23,1,100,,419,31,0,23,1
40900,'17',1806,,18200,31,0,23,1,100,,18199,31,0,23,1,96,,18196,31,0,23,1,100,,18197,31,0,23,1,100,,1207,31,0,23,1,100,,18198,31,0,23,1,100,,442,31,0,23,1
40900,'19',1806,,18207,31,0,23,1,100,,18206,31,0,23,1,96,,18201,31,0,23,1,100,,18203,31,0,23,1,100,,18202,31,0,23,1,100,,18205,31,0,23,1,100,,18204,31,0,23,1
40900,'21',703,,18231,31,0,23,1,30,,7226,31,0,23,1,70,,18223,31,0,23,1,30,,18214,31,0,23,1,70,,18212,31,0,23,1,30,,18216,31,0,23,1,70,,18232,31,0,23,1,33,,18224,31,0,23,1,70,,18219,31,0,23,1,30,,18222,31,0,23,1,70,,7753,31,0,23,1,30,,18229,31,0,23,1,70,,18220,31,0,23,1,30,,18233,31,0,23,1,70,,18217,31,0,23,1,30,,18210,31,0,23,1,70,,18211,31,0,23,1,30,,18218,31,0,23,1,70,,18226,31,0,23,1,30,,18208,31,0,23,1,70,,18230,31,0,23,1,30,,18221,31,0,23,1,70,,18225,31,0,23,1,100,,18215,31,0,23,1,96,,18227,31,0,23,1,100,,18228,31,0,23,1,100,,18213,31,0,23,1,100,,7907,31,0,23,1,100,,18209,31,0,23,1
40900,'5',1806,,18238,31,0,23,1,100,,18237,31,0,23,1,96,,18234,31,0,23,1,100,,18235,31,0,23,1,100,,1231,31,0,23,1,100,,18236,31,0,23,1,100,,465,31,0,23,1
40900,'6',1806,,18245,31,0,23,1,100,,18244,31,0,23,1,96,,18239,31,0,23,1,100,,18241,31,0,23,1,100,,18240,31,0,23,1,100,,18243,31,0,23,1,100,,18242,31,0,23,1
