30100,'12',618,,32810,30,0,5 6,1,30,,32795,30,0,5 6,1,70,,32770,30,0,5 6,1,30,,32777,30,0,5 6,1,70,,32812,30,0,5 6,1,30,,32785,30,0,5 6,1,70,,32790,30,0,5 6,1,30,,32786,30,0,5 6,1,70,,32789,30,0,5 6,1,30,,32804,30,0,5 6,1,70,,32771,30,0,5 6,1,30,,32778,30,0,5 6,1,70,,32776,30,0,5 6,1,30,,32774,30,0,5 6,1,70,,32768,30,0,5 6,1,30,,32794,30,0,5 6,1,70,,32773,30,0,5 6,1,30,,32806,30,0,5 6,1,70,,32802,30,0,5 6,1,30,,32803,30,0,5 6,1,70,,32780,30,0,5 6,1,30,,32807,30,0,5 6,1,70,,32796,30,0,5 6,1,30,,32787,30,0,5 6,1
30100,'13',618,,32852,30,0,5 6,1,30,,32839,30,0,5 6,1,70,,32816,30,0,5 6,1,30,,32823,30,0,5 6,1,70,,32854,30,0,5 6,1,30,,32831,30,0,5 6,1,70,,32836,30,0,5 6,1,30,,32832,30,0,5 6,1,70,,32835,30,0,5 6,1,30,,32847,30,0,5 6,1,70,,32817,30,0,5 6,1,30,,32824,30,0,5 6,1,70,,32822,30,0,5 6,1,30,,32820,30,0,5 6,1,70,,32814,30,0,5 6,1,30,,32838,30,0,5 6,1,70,,32819,30,0,5 6,1,30,,32848,30,0,5 6,1,70,,32845,30,0,5 6,1,30,,32846,30,0,5 6,1,70,,32826,30,0,5 6,1,30,,32849,30,0,5 6,1,70,,32840,30,0,5 6,1,30,,32833,30,0,5 6,1
30100,'3',618,,32894,30,0,5 6,1,30,,32881,30,0,5 6,1,70,,32858,30,0,5 6,1,30,,32865,30,0,5 6,1,70,,32896,30,0,5 6,1,30,,32873,30,0,5 6,1,70,,32878,30,0,5 6,1,30,,32874,30,0,5 6,1,70,,32877,30,0,5 6,1,30,,32889,30,0,5 6,1,70,,32859,30,0,5 6,1,30,,32866,30,0,5 6,1,70,,32864,30,0,5 6,1,30,,32862,30,0,5 6,1,70,,32856,30,0,5 6,1,30,,32880,30,0,5 6,1,70,,32861,30,0,5 6,1,30,,32890,30,0,5 6,1,70,,32887,30,0,5 6,1,30,,32888,30,0,5 6,1,70,,32868,30,0,5 6,1,30,,32891,30,0,5 6,1,70,,32882,30,0,5 6,1,30,,32875,30,0,5 6,1
30100,'6',618,,32941,30,0,5 6,1,30,,32926,30,0,5 6,1,70,,32901,30,0,5 6,1,30,,32908,30,0,5 6,1,70,,32943,30,0,5 6,1,30,,32916,30,0,5 6,1,70,,32921,30,0,5 6,1,30,,32917,30,0,5 6,1,70,,32920,30,0,5 6,1,30,,32935,30,0,5 6,1,70,,32902,30,0,5 6,1,30,,32909,30,0,5 6,1,70,,32907,30,0,5 6,1,30,,32905,30,0,5 6,1,70,,32899,30,0,5 6,1,30,,32925,30,0,5 6,1,70,,32904,30,0,5 6,1,30,,32937,30,0,5 6,1,70,,32933,30,0,5 6,1,30,,32934,30,0,5 6,1,70,,32911,30,0,5 6,1,30,,32938,30,0,5 6,1,70,,32927,30,0,5 6,1,30,,32918,30,0,5 6,1
40100,'1',642,,31498,30,0,8,1,70,,37760,30,0,8,1,30,,37775,30,0,8,1,70,,37763,30,0,8,1,30,,37783,30,0,8,1,70,,37779,30,0,8,1,30,,37772,30,0,8,1,70,,37793,30,0,8,1,30,,37752,30,0,8,1,70,,37792,30,0,8,1,30,,37789,30,0,8,1,70,,37771,30,0,8,1,30,,37745,30,0,8,1,70,,32649,30,0,8,1,30,,37750,30,0,8,1,70,,37754,30,0,8,1,30,,37770,30,0,8,1,70,,37768,30,0,8,1,30,,37747,30,0,8,1,70,,37774,30,0,8,1,30,,37787,30,0,8,1,70,,37781,30,0,8,1,30,,31183,30,0,8,1,70,,37756,30,0,8,1,100,,37778,30,0,8,1,100,,37765,30,0,8,1,100,,37777,30,0,8,1,100,,37759,30,0,8,1,100,,37757,30,0,8,1,100,,31193,30,0,8,1
40100,'11',642,,37826,30,0,8,1,70,,37811,30,0,8,1,30,,37832,30,0,8,1,70,,37816,30,0,8,1,30,,37842,30,0,8,1,70,,37837,30,0,8,1,30,,37827,30,0,8,1,70,,37852,30,0,8,1,30,,37803,30,0,8,1,70,,37851,30,0,8,1,30,,37848,30,0,8,1,70,,37825,30,0,8,1,30,,37796,30,0,8,1,70,,37831,30,0,8,1,30,,37801,30,0,8,1,70,,37805,30,0,8,1,30,,37824,30,0,8,1,70,,37822,30,0,8,1,30,,37798,30,0,8,1,70,,37830,30,0,8,1,30,,37846,30,0,8,1,70,,37839,30,0,8,1,30,,37815,30,0,8,1,70,,37807,30,0,8,1,100,,37836,30,0,8,1,100,,37819,30,0,8,1,100,,37834,30,0,8,1,100,,37810,30,0,8,1,100,,37808,30,0,8,1,100,,37853,30,0,8,1
40100,'12',1812,,37861,30,0,8,1,100,,37858,30,0,8,1,100,,37867,30,0,8,1,100,,37865,30,0,8,1,100,,37866,30,0,8,1,100,,37859,30,0,8,1,100,,37857,30,0,8,1
40100,'13',1812,,37873,30,0,8,1,100,,37870,30,0,8,1,100,,37879,30,0,8,1,100,,37877,30,0,8,1,100,,37878,30,0,8,1,100,,37871,30,0,8,1,100,,27848,30,0,8,1
40100,'14',1112,,37890,30,0,8,1,100,,37892,30,0,8,1,100,,37884,30,0,8,1,100,,37882,30,0,8,1,100,,37889,30,0,8,1,100,,37893,30,0,8,1,100,,37891,30,0,8,1,100,,37886,30,0,8,1
40100,'16',642,,31539,30,0,8,1,70,,37912,30,0,8,1,30,,37927,30,0,8,1,70,,37915,30,0,8,1,30,,37935,30,0,8,1,70,,37931,30,0,8,1,30,,37924,30,0,8,1,70,,37945,30,0,8,1,30,,37904,30,0,8,1,70,,37944,30,0,8,1,30,,37941,30,0,8,1,70,,37923,30,0,8,1,30,,37897,30,0,8,1,70,,32668,30,0,8,1,30,,37902,30,0,8,1,70,,37906,30,0,8,1,30,,37922,30,0,8,1,70,,37920,30,0,8,1,30,,37899,30,0,8,1,70,,37926,30,0,8,1,30,,37939,30,0,8,1,70,,37933,30,0,8,1,30,,26849,30,0,8,1,70,,37908,30,0,8,1,100,,37930,30,0,8,1,100,,37917,30,0,8,1,100,,37929,30,0,8,1,100,,37911,30,0,8,1,100,,37909,30,0,8,1,100,,31222,30,0,8,1
40100,'3',1812,,37951,30,0,8,1,100,,37948,30,0,8,1,100,,37957,30,0,8,1,100,,37955,30,0,8,1,100,,37956,30,0,8,1,100,,37949,30,0,8,1,100,,27869,30,0,8,1
40100,'6',1812,,37965,30,0,8,1,100,,37962,30,0,8,1,100,,37971,30,0,8,1,100,,37969,30,0,8,1,100,,37970,30,0,8,1,100,,37963,30,0,8,1,100,,37961,30,0,8,1
40100,'8',912,,37973,30,0,8,1,100,,37986,30,0,8,1,30,,38003,30,0,8,1,70,,37977,30,0,8,1,30,,37993,30,0,8,1,70,,32420,30,0,8,1,30,,37972,30,0,8,1,70,,37996,30,0,8,1,30,,38007,30,0,8,1,70,,38001,30,0,8,1,30,,38006,30,0,8,1,70,,37989,30,0,8,1,30,,38005,30,0,8,1,70,,37991,30,0,8,1,30,,37988,30,0,8,1,70,,37990,30,0,8,1,30,,37974,30,0,8,1,70,,38002,30,0,8,1,100,,37981,30,0,8,1,100,,37980,30,0,8,1
