30801,'12',635,,34328,2,0,64 38,1,70,,34314,2,0,64 38,1,30,,34325,2,0,64 38,1,70,,34324,2,0,64 38,1,30,,34307,2,0,64 38,1,70,,34326,2,0,64 38,1,30,,34312,2,0,64 38,1,70,,34316,2,0,64 38,1,30,,34329,2,0,64 38,1,70,,34322,2,0,64 38,1,30,,34319,2,0,64 38,1,70,,34309,2,0,64 38,1,30,,34310,2,0,64 38,1,70,,34318,2,0,64 38,1,30,,34313,2,0,64 38,1,70,,34315,2,0,64 38,1,40,,34317,2,0,64 38,1,70,,34308,2,0,64 38,1,30,,34311,2,0,64 38,1,70,,34320,2,0,64 38,1,30,,34323,2,0,64 38,1,70,,34327,2,0,64 38,1,30,,34321,2,0,64 38,1
30801,'13',635,,34346,2,0,64 38,1,70,,34334,2,0,64 38,1,30,,34344,2,0,64 38,1,70,,34343,2,0,64 38,1,30,,28358,2,0,64 38,1,70,,34345,2,0,64 38,1,30,,29463,2,0,64 38,1,70,,34336,2,0,64 38,1,30,,34347,2,0,64 38,1,70,,34342,2,0,64 38,1,30,,34339,2,0,64 38,1,70,,28145,2,0,64 38,1,30,,34331,2,0,64 38,1,70,,34338,2,0,64 38,1,30,,34333,2,0,64 38,1,70,,34335,2,0,64 38,1,40,,34337,2,0,64 38,1,70,,34330,2,0,64 38,1,30,,34332,2,0,64 38,1,70,,34340,2,0,64 38,1,30,,27448,2,0,64 38,1,70,,29291,2,0,64 38,1,30,,34341,2,0,64 38,1
30801,'3',635,,34364,2,0,64 38,1,70,,34352,2,0,64 38,1,30,,34362,2,0,64 38,1,70,,34361,2,0,64 38,1,30,,28376,2,0,64 38,1,70,,34363,2,0,64 38,1,30,,29584,2,0,64 38,1,70,,34354,2,0,64 38,1,30,,34365,2,0,64 38,1,70,,34360,2,0,64 38,1,30,,34357,2,0,64 38,1,70,,28167,2,0,64 38,1,30,,34349,2,0,64 38,1,70,,34356,2,0,64 38,1,30,,34351,2,0,64 38,1,70,,34353,2,0,64 38,1,40,,34355,2,0,64 38,1,70,,34348,2,0,64 38,1,30,,34350,2,0,64 38,1,70,,34358,2,0,64 38,1,30,,27497,2,0,64 38,1,70,,29310,2,0,64 38,1,30,,34359,2,0,64 38,1
30801,'6',635,,34387,2,0,64 38,1,70,,34373,2,0,64 38,1,30,,34384,2,0,64 38,1,70,,34383,2,0,64 38,1,30,,34366,2,0,64 38,1,70,,34385,2,0,64 38,1,30,,34371,2,0,64 38,1,70,,34375,2,0,64 38,1,30,,34388,2,0,64 38,1,70,,34381,2,0,64 38,1,30,,34378,2,0,64 38,1,70,,34368,2,0,64 38,1,30,,34369,2,0,64 38,1,70,,34377,2,0,64 38,1,30,,34372,2,0,64 38,1,70,,34374,2,0,64 38,1,40,,34376,2,0,64 38,1,70,,34367,2,0,64 38,1,30,,34370,2,0,64 38,1,70,,34379,2,0,64 38,1,30,,34382,2,0,64 38,1,70,,34386,2,0,64 38,1,30,,34380,2,0,64 38,1
40801,'1',650,,39214,2,0,64 38,1,70,,39212,2,0,64 38,1,30,,31913,2,0,64 38,1,70,,39216,2,0,64 38,1,30,,22901,2,0,64 38,1,70,,39218,2,0,64 38,1,30,,39232,2,0,64 38,1,70,,39229,2,0,64 38,1,30,,39223,2,0,64 38,1,70,,39222,2,0,64 38,1,30,,39220,2,0,64 38,1,70,,39226,2,0,64 38,1,30,,39235,2,0,64 38,1,70,,39230,2,0,64 38,1,30,,39221,2,0,64 38,1,70,,39211,2,0,64 38,1,30,,39227,2,0,64 38,1,70,,39215,2,0,64 38,1,30,,39225,2,0,64 38,1,70,,39219,2,0,64 38,1,30,,39213,2,0,64 38,1,70,,39236,2,0,64 38,1,30,,39233,2,0,64 38,1,70,,39234,2,0,64 38,1,100,,39231,2,0,64 38,1,100,,39217,2,0,64 38,1,100,,39237,2,0,64 38,1,100,,39228,2,0,64 38,1,100,,39224,2,0,64 38,1
40801,'11',650,,39242,2,0,64 38,1,70,,39240,2,0,64 38,1,30,,39238,2,0,64 38,1,70,,39244,2,0,64 38,1,30,,39258,2,0,64 38,1,70,,39246,2,0,64 38,1,30,,39261,2,0,64 38,1,70,,39257,2,0,64 38,1,30,,39251,2,0,64 38,1,70,,39250,2,0,64 38,1,30,,39248,2,0,64 38,1,70,,39254,2,0,64 38,1,30,,39264,2,0,64 38,1,70,,39259,2,0,64 38,1,30,,39249,2,0,64 38,1,70,,39239,2,0,64 38,1,30,,39255,2,0,64 38,1,70,,39243,2,0,64 38,1,30,,39253,2,0,64 38,1,70,,39247,2,0,64 38,1,30,,39241,2,0,64 38,1,70,,39265,2,0,64 38,1,30,,39262,2,0,64 38,1,70,,39263,2,0,64 38,1,100,,39260,2,0,64 38,1,100,,39245,2,0,64 38,1,100,,39266,2,0,64 38,1,100,,39256,2,0,64 38,1,100,,39252,2,0,64 38,1
40801,'12',1820,,39267,2,0,64 38,1,100,,39272,2,0,64 38,1,100,,39270,2,0,64 38,1,100,,39268,2,0,64 38,1,100,,39269,2,0,64 38,1,100,,39271,2,0,64 38,1
40801,'13',1820,,39273,2,0,64 38,1,100,,39278,2,0,64 38,1,100,,39276,2,0,64 38,1,100,,39274,2,0,64 38,1,100,,39275,2,0,64 38,1,100,,39277,2,0,64 38,1
40801,'14',1120,,39282,2,0,64 38,1,100,,39280,2,0,64 38,1,100,,39281,2,0,64 38,1,100,,39285,2,0,64 38,1,100,,39283,2,0,64 38,1,100,,39279,2,0,64 38,1,100,,39284,2,0,64 38,1
40801,'16',650,,39289,2,0,64 38,1,70,,39287,2,0,64 38,1,30,,31950,2,0,64 38,1,70,,39291,2,0,64 38,1,30,,32045,2,0,64 38,1,70,,39293,2,0,64 38,1,30,,39307,2,0,64 38,1,70,,39304,2,0,64 38,1,30,,39298,2,0,64 38,1,70,,39297,2,0,64 38,1,30,,39295,2,0,64 38,1,70,,39301,2,0,64 38,1,30,,39310,2,0,64 38,1,70,,39305,2,0,64 38,1,30,,39296,2,0,64 38,1,70,,39286,2,0,64 38,1,30,,39302,2,0,64 38,1,70,,39290,2,0,64 38,1,30,,39300,2,0,64 38,1,70,,39294,2,0,64 38,1,30,,39288,2,0,64 38,1,70,,39311,2,0,64 38,1,30,,39308,2,0,64 38,1,70,,39309,2,0,64 38,1,100,,39306,2,0,64 38,1,100,,39292,2,0,64 38,1,100,,39312,2,0,64 38,1,100,,39303,2,0,64 38,1,100,,39299,2,0,64 38,1
40801,'3',1820,,39313,2,0,64 38,1,100,,39318,2,0,64 38,1,100,,39316,2,0,64 38,1,100,,39314,2,0,64 38,1,100,,39315,2,0,64 38,1,100,,39317,2,0,64 38,1
40801,'6',1820,,39319,2,0,64 38,1,100,,39324,2,0,64 38,1,100,,39322,2,0,64 38,1,100,,39320,2,0,64 38,1,100,,39321,2,0,64 38,1,100,,39323,2,0,64 38,1
40801,'8',920,,39331,2,0,64 38,1,100,,39335,2,0,64 38,1,30,,32236,2,0,64 38,1,70,,39326,2,0,64 38,1,30,,39341,2,0,64 38,1,70,,39332,2,0,64 38,1,30,,39339,2,0,64 38,1,70,,39333,2,0,64 38,1,30,,30587,2,0,64 38,1,70,,39336,2,0,64 38,1,30,,39325,2,0,64 38,1,70,,39338,2,0,64 38,1,30,,39327,2,0,64 38,1,70,,39330,2,0,64 38,1,30,,39337,2,0,64 38,1,70,,39334,2,0,64 38,1,30,,39329,2,0,64 38,1,70,,39328,2,0,64 38,1,100,,39340,2,0,64 38,1
