32000,'12',639,,36165,16,0,47 18,1,71,,36172,16,0,47 18,1,30,,36168,16,0,47 18,1,70,,36153,16,0,47 18,1,30,,36169,16,0,47 18,1,70,,36161,16,0,47 18,1,30,,36173,16,0,47 18,1,70,,36151,16,0,47 18,1,30,,36155,16,0,47 18,1,70,,36152,16,0,47 18,1,30,,36163,16,0,47 18,1,70,,36171,16,0,47 18,1,30,,36167,16,0,47 18,1,70,,36162,16,0,47 18,1,30,,36158,16,0,47 18,1,71,,36156,16,0,47 18,1,30,,36160,16,0,47 18,1,70,,36170,16,0,47 18,1,30,,36174,16,0,47 18,1,70,,36157,16,0,47 18,1,30,,36166,16,0,47 18,1,70,,36154,16,0,47 18,1,30,,36164,16,0,47 18,1,70,,36159,16,0,47 18,1
32000,'13',639,,36186,16,0,47 18,1,71,,36192,16,0,47 18,1,30,,36188,16,0,47 18,1,70,,36176,16,0,47 18,1,30,,36189,16,0,47 18,1,70,,36182,16,0,47 18,1,30,,36193,16,0,47 18,1,70,,28765,16,0,47 18,1,30,,27762,16,0,47 18,1,70,,36175,16,0,47 18,1,30,,36184,16,0,47 18,1,70,,36191,16,0,47 18,1,30,,28507,16,0,47 18,1,70,,36183,16,0,47 18,1,30,,36179,16,0,47 18,1,71,,36177,16,0,47 18,1,30,,36181,16,0,47 18,1,70,,36190,16,0,47 18,1,30,,36194,16,0,47 18,1,70,,36178,16,0,47 18,1,30,,36187,16,0,47 18,1,70,,29458,16,0,47 18,1,30,,36185,16,0,47 18,1,70,,36180,16,0,47 18,1
32000,'3',639,,36206,16,0,47 18,1,71,,36212,16,0,47 18,1,30,,36208,16,0,47 18,1,70,,36196,16,0,47 18,1,30,,36209,16,0,47 18,1,70,,36202,16,0,47 18,1,30,,36213,16,0,47 18,1,70,,28787,16,0,47 18,1,30,,27782,16,0,47 18,1,70,,36195,16,0,47 18,1,30,,36204,16,0,47 18,1,70,,36211,16,0,47 18,1,30,,28531,16,0,47 18,1,70,,36203,16,0,47 18,1,30,,36199,16,0,47 18,1,71,,36197,16,0,47 18,1,30,,36201,16,0,47 18,1,70,,36210,16,0,47 18,1,30,,36214,16,0,47 18,1,70,,36198,16,0,47 18,1,30,,36207,16,0,47 18,1,70,,29579,16,0,47 18,1,30,,36205,16,0,47 18,1,70,,36200,16,0,47 18,1
32000,'6',639,,36229,16,0,47 18,1,71,,36236,16,0,47 18,1,30,,36232,16,0,47 18,1,70,,36217,16,0,47 18,1,30,,36233,16,0,47 18,1,70,,36225,16,0,47 18,1,30,,36237,16,0,47 18,1,70,,36215,16,0,47 18,1,30,,36219,16,0,47 18,1,70,,36216,16,0,47 18,1,30,,36227,16,0,47 18,1,70,,36235,16,0,47 18,1,30,,36231,16,0,47 18,1,70,,36226,16,0,47 18,1,30,,36222,16,0,47 18,1,71,,36220,16,0,47 18,1,30,,36224,16,0,47 18,1,70,,36234,16,0,47 18,1,30,,36238,16,0,47 18,1,70,,36221,16,0,47 18,1,30,,36230,16,0,47 18,1,70,,36218,16,0,47 18,1,30,,36228,16,0,47 18,1,70,,36223,16,0,47 18,1
42000,'1',638,,41282,16,0,47 18,1,71,,41266,16,0,47 18,1,30,,31185,16,0,47 18,1,70,,41272,16,0,47 18,1,30,,41262,16,0,47 18,1,70,,41259,16,0,47 18,1,30,,41265,16,0,47 18,1,71,,41276,16,0,47 18,1,30,,41267,16,0,47 18,1,70,,41261,16,0,47 18,1,30,,32493,16,0,47 18,1,70,,41283,16,0,47 18,1,30,,32582,16,0,47 18,1,70,,41281,16,0,47 18,1,30,,30863,16,0,47 18,1,71,,41271,16,0,47 18,1,30,,41278,16,0,47 18,1,70,,41260,16,0,47 18,1,30,,41273,16,0,47 18,1,70,,41263,16,0,47 18,1,30,,41269,16,0,47 18,1,70,,41284,16,0,47 18,1,30,,41277,16,0,47 18,1,70,,41270,16,0,47 18,1,30,,41274,16,0,47 18,1,99,,41280,16,0,47 18,1,100,,41268,16,0,47 18,1,100,,41264,16,0,47 18,1,100,,41279,16,0,47 18,1,100,,41275,16,0,47 18,1
42000,'11',638,,41311,16,0,47 18,1,71,,41292,16,0,47 18,1,30,,41296,16,0,47 18,1,70,,41301,16,0,47 18,1,30,,41288,16,0,47 18,1,70,,41285,16,0,47 18,1,30,,41291,16,0,47 18,1,71,,41305,16,0,47 18,1,30,,41294,16,0,47 18,1,70,,41287,16,0,47 18,1,30,,41314,16,0,47 18,1,70,,41312,16,0,47 18,1,30,,41293,16,0,47 18,1,70,,41310,16,0,47 18,1,30,,41299,16,0,47 18,1,71,,41300,16,0,47 18,1,30,,41307,16,0,47 18,1,70,,41286,16,0,47 18,1,30,,41302,16,0,47 18,1,70,,41289,16,0,47 18,1,30,,41297,16,0,47 18,1,70,,41313,16,0,47 18,1,30,,41306,16,0,47 18,1,70,,41298,16,0,47 18,1,30,,41303,16,0,47 18,1,99,,41309,16,0,47 18,1,100,,41295,16,0,47 18,1,100,,41290,16,0,47 18,1,100,,41308,16,0,47 18,1,100,,41304,16,0,47 18,1
42000,'12',1841,,41318,16,0,47 18,1,99,,41315,16,0,47 18,1,100,,41319,16,0,47 18,1,100,,41317,16,0,47 18,1,100,,41316,16,0,47 18,1,100,,41320,16,0,47 18,1
42000,'13',1841,,28025,16,0,47 18,1,99,,41321,16,0,47 18,1,100,,28605,16,0,47 18,1,100,,41323,16,0,47 18,1,100,,41322,16,0,47 18,1,100,,41324,16,0,47 18,1
42000,'14',1110,,41334,16,0,47 18,1,30,,41337,16,0,47 18,1,70,,41330,16,0,47 18,1,30,,41335,16,0,47 18,1,70,,41333,16,0,47 18,1,30,,41329,16,0,47 18,1,71,,41327,16,0,47 18,1,30,,41336,16,0,47 18,1,70,,41338,16,0,47 18,1,30,,41331,16,0,47 18,1,70,,41326,16,0,47 18,1,30,,41328,16,0,47 18,1,70,,41325,16,0,47 18,1,30,,41332,16,0,47 18,1
42000,'16',638,,41363,16,0,47 18,1,71,,41346,16,0,47 18,1,30,,31210,16,0,47 18,1,70,,41353,16,0,47 18,1,30,,41342,16,0,47 18,1,70,,41339,16,0,47 18,1,30,,41345,16,0,47 18,1,71,,41357,16,0,47 18,1,30,,41348,16,0,47 18,1,70,,41341,16,0,47 18,1,30,,41366,16,0,47 18,1,70,,41364,16,0,47 18,1,30,,41347,16,0,47 18,1,70,,41362,16,0,47 18,1,30,,30903,16,0,47 18,1,71,,41352,16,0,47 18,1,30,,41359,16,0,47 18,1,70,,41340,16,0,47 18,1,30,,41354,16,0,47 18,1,70,,41343,16,0,47 18,1,30,,41350,16,0,47 18,1,70,,41365,16,0,47 18,1,30,,41358,16,0,47 18,1,70,,41351,16,0,47 18,1,30,,41355,16,0,47 18,1,99,,41361,16,0,47 18,1,100,,41349,16,0,47 18,1,100,,41344,16,0,47 18,1,100,,41360,16,0,47 18,1,100,,41356,16,0,47 18,1
42000,'3',1841,,28048,16,0,47 18,1,99,,41367,16,0,47 18,1,100,,28647,16,0,47 18,1,100,,41369,16,0,47 18,1,100,,41368,16,0,47 18,1,100,,41370,16,0,47 18,1
42000,'6',1841,,41374,16,0,47 18,1,99,,41371,16,0,47 18,1,100,,41375,16,0,47 18,1,100,,41373,16,0,47 18,1,100,,41372,16,0,47 18,1,100,,41376,16,0,47 18,1
42000,'8',909,,41390,16,0,47 18,1,30,,41397,16,0,47 18,1,71,,41396,16,0,47 18,1,30,,41398,16,0,47 18,1,70,,30493,16,0,47 18,1,30,,41377,16,0,47 18,1,70,,41380,16,0,47 18,1,30,,41379,16,0,47 18,1,70,,41392,16,0,47 18,1,30,,41393,16,0,47 18,1,71,,41394,16,0,47 18,1,30,,41389,16,0,47 18,1,70,,41381,16,0,47 18,1,30,,41387,16,0,47 18,1,70,,41384,16,0,47 18,1,30,,41378,16,0,47 18,1,70,,41385,16,0,47 18,1,30,,41391,16,0,47 18,1,70,,41395,16,0,47 18,1,30,,41388,16,0,47 18,1,69,,41386,16,0,47 18,1,30,,41382,16,0,47 18,1,70,,41383,16,0,47 18,1
