30100,'12',617,,32783,5,0,5 6,1,30,,32769,5,0,5 6,1,70,,32797,5,0,5 6,1,30,,32779,5,0,5 6,1,70,,32805,5,0,5 6,1,30,,32793,5,0,5 6,1,70,,32809,5,0,5 6,1,30,,32781,5,0,5 6,1,70,,32788,5,0,5 6,1,30,,32791,5,0,5 6,1,70,,32800,5,0,5 6,1,30,,32801,5,0,5 6,1,70,,32813,5,0,5 6,1,30,,32799,5,0,5 6,1,70,,32767,5,0,5 6,1,30,,32775,5,0,5 6,1,70,,32792,5,0,5 6,1,30,,32772,5,0,5 6,1,70,,32782,5,0,5 6,1,30,,32784,5,0,5 6,1,70,,32798,5,0,5 6,1,30,,32808,5,0,5 6,1,70,,32811,5,0,5 6,1
30100,'13',617,,32829,5,0,5 6,1,30,,32815,5,0,5 6,1,70,,28815,5,0,5 6,1,30,,32825,5,0,5 6,1,70,,29472,5,0,5 6,1,30,,27772,5,0,5 6,1,70,,32851,5,0,5 6,1,30,,32827,5,0,5 6,1,70,,32834,5,0,5 6,1,30,,32837,5,0,5 6,1,70,,32843,5,0,5 6,1,30,,32844,5,0,5 6,1,70,,32855,5,0,5 6,1,30,,32842,5,0,5 6,1,70,,29686,5,0,5 6,1,30,,32821,5,0,5 6,1,70,,28601,5,0,5 6,1,30,,32818,5,0,5 6,1,70,,32828,5,0,5 6,1,30,,32830,5,0,5 6,1,70,,32841,5,0,5 6,1,30,,32850,5,0,5 6,1,70,,32853,5,0,5 6,1
30100,'3',617,,32871,5,0,5 6,1,30,,32857,5,0,5 6,1,70,,28838,5,0,5 6,1,30,,32867,5,0,5 6,1,70,,29593,5,0,5 6,1,30,,27792,5,0,5 6,1,70,,32893,5,0,5 6,1,30,,32869,5,0,5 6,1,70,,32876,5,0,5 6,1,30,,32879,5,0,5 6,1,70,,32885,5,0,5 6,1,30,,32886,5,0,5 6,1,70,,32897,5,0,5 6,1,30,,32884,5,0,5 6,1,70,,29805,5,0,5 6,1,30,,32863,5,0,5 6,1,70,,28643,5,0,5 6,1,30,,32860,5,0,5 6,1,70,,32870,5,0,5 6,1,30,,32872,5,0,5 6,1,70,,32883,5,0,5 6,1,30,,32892,5,0,5 6,1,70,,32895,5,0,5 6,1
30100,'6',617,,32914,5,0,5 6,1,30,,32900,5,0,5 6,1,70,,32928,5,0,5 6,1,30,,32910,5,0,5 6,1,70,,32936,5,0,5 6,1,30,,32924,5,0,5 6,1,70,,32940,5,0,5 6,1,30,,32912,5,0,5 6,1,70,,32919,5,0,5 6,1,30,,32922,5,0,5 6,1,70,,32931,5,0,5 6,1,30,,32932,5,0,5 6,1,70,,32944,5,0,5 6,1,30,,32930,5,0,5 6,1,70,,32898,5,0,5 6,1,30,,32906,5,0,5 6,1,70,,32923,5,0,5 6,1,30,,32903,5,0,5 6,1,70,,32913,5,0,5 6,1,30,,32915,5,0,5 6,1,70,,32929,5,0,5 6,1,30,,32939,5,0,5 6,1,70,,32942,5,0,5 6,1
33700,'1',731,,30518,5,,,1,70,,37026,5,,,1,30,,37001,5,,,1,70,,37017,5,,,1,30,,27188,5,,,1,70,,37021,5,,,1,30,,37012,5,,,1,70,,37023,5,,,1,30,,37010,5,,,1,70,,36987,5,,,1,30,,37005,5,,,1,70,,36981,5,,,1,30,,37003,5,,,1,70,,37015,5,,,1,30,,37020,5,,,1,70,,37008,5,,,1,30,,37019,5,,,1,70,,36990,5,,,1,30,,37013,5,,,1,70,,36999,5,,,1,30,,36985,5,,,1,70,,37018,5,,,1,30,,36989,5,,,1,70,,36984,5,,,1,30,,36998,5,,,1
33700,'11',731,,37054,5,,,1,70,,37076,5,,,1,30,,37050,5,,,1,70,,37067,5,,,1,30,,37045,5,,,1,70,,37071,5,,,1,30,,37062,5,,,1,70,,37073,5,,,1,30,,37060,5,,,1,70,,37035,5,,,1,30,,37055,5,,,1,70,,37028,5,,,1,30,,37052,5,,,1,70,,37065,5,,,1,30,,37070,5,,,1,70,,37058,5,,,1,30,,37069,5,,,1,70,,37038,5,,,1,30,,37063,5,,,1,70,,37048,5,,,1,30,,37032,5,,,1,70,,37068,5,,,1,30,,37037,5,,,1,70,,37031,5,,,1,30,,37047,5,,,1
33700,'12',701,,37081,5,,,1,30,,37096,5,,,1,70,,37098,5,,,1,30,,37126,5,,,1,70,,37123,5,,,1,30,,37110,5,,,1,70,,37106,5,,,1,30,,37125,5,,,1,70,,37121,5,,,1,30,,37083,5,,,1,70,,37108,5,,,1,30,,37115,5,,,1,70,,37120,5,,,1,30,,37092,5,,,1,70,,37091,5,,,1,30,,37127,5,,,1,70,,37084,5,,,1,30,,37118,5,,,1,70,,37078,5,,,1,30,,37112,5,,,1,70,,37085,5,,,1,30,,37105,5,,,1,70,,37107,5,,,1,30,,37086,5,,,1,70,,37093,5,,,1
33700,'13',701,,37131,5,,,1,30,,29693,5,,,1,70,,37143,5,,,1,30,,37165,5,,,1,70,,37162,5,,,1,30,,37153,5,,,1,70,,37149,5,,,1,30,,37164,5,,,1,70,,37160,5,,,1,30,,37133,5,,,1,70,,37151,5,,,1,30,,28904,5,,,1,70,,29225,5,,,1,30,,27978,5,,,1,70,,37138,5,,,1,30,,37166,5,,,1,70,,37134,5,,,1,30,,37158,5,,,1,70,,37128,5,,,1,30,,37155,5,,,1,70,,37135,5,,,1,30,,37148,5,,,1,70,,37150,5,,,1,30,,29921,5,,,1,70,,37139,5,,,1
33700,'14',1131,,37181,5,,,1,70,,37170,5,,,1,30,,37175,5,,,1,70,,37168,5,,,1,30,,37190,5,,,1,70,,37174,5,,,1,30,,32025,5,,,1,70,,37169,5,,,1,30,,37183,5,,,1,70,,37194,5,,,1,30,,37195,5,,,1,70,,37188,5,,,1,30,,37177,5,,,1,70,,37193,5,,,1,30,,37192,5,,,1
33700,'16',731,,30555,5,,,1,70,,37241,5,,,1,30,,37216,5,,,1,70,,37232,5,,,1,30,,32124,5,,,1,70,,37236,5,,,1,30,,37227,5,,,1,70,,37238,5,,,1,30,,37225,5,,,1,70,,37202,5,,,1,30,,37220,5,,,1,70,,37196,5,,,1,30,,37218,5,,,1,70,,37230,5,,,1,30,,37235,5,,,1,70,,37223,5,,,1,30,,37234,5,,,1,70,,37205,5,,,1,30,,37228,5,,,1,70,,37214,5,,,1,30,,37200,5,,,1,70,,37233,5,,,1,30,,37204,5,,,1,70,,37199,5,,,1,30,,37213,5,,,1
33700,'3',701,,37246,5,,,1,30,,29812,5,,,1,70,,37258,5,,,1,30,,37280,5,,,1,70,,37277,5,,,1,30,,37268,5,,,1,70,,37264,5,,,1,30,,37279,5,,,1,70,,37275,5,,,1,30,,37248,5,,,1,70,,37266,5,,,1,30,,28928,5,,,1,70,,29233,5,,,1,30,,28001,5,,,1,70,,37253,5,,,1,30,,37281,5,,,1,70,,37249,5,,,1,30,,37273,5,,,1,70,,37243,5,,,1,30,,37270,5,,,1,70,,37250,5,,,1,30,,37263,5,,,1,70,,37265,5,,,1,30,,30003,5,,,1,70,,37254,5,,,1
33700,'6',701,,37285,5,,,1,30,,37300,5,,,1,70,,37302,5,,,1,30,,37330,5,,,1,70,,37327,5,,,1,30,,37314,5,,,1,70,,37310,5,,,1,30,,37329,5,,,1,70,,37325,5,,,1,30,,37287,5,,,1,70,,37312,5,,,1,30,,37319,5,,,1,70,,37324,5,,,1,30,,37296,5,,,1,70,,37295,5,,,1,30,,37331,5,,,1,70,,37288,5,,,1,30,,37322,5,,,1,70,,37282,5,,,1,30,,37316,5,,,1,70,,37289,5,,,1,30,,37309,5,,,1,70,,37311,5,,,1,30,,37290,5,,,1,70,,37297,5,,,1
33700,'8',1201,,37350,5,,,1,30,,37351,5,,,1,70,,31573,5,,,1,30,,37338,5,,,1,70,,37347,5,,,1,30,,37353,5,,,1,70,,37339,5,,,1,30,,37332,5,,,1,70,,37349,5,,,1,30,,37342,5,,,1,70,,37336,5,,,1,30,,37341,5,,,1,70,,37345,5,,,1,30,,37357,5,,,1,70,,37356,5,,,1
40100,'1',616,,37786,5,0,8,1,30,,37780,5,0,8,1,70,,37743,5,0,8,1,30,,37758,5,0,8,1,70,,22831,5,0,8,1,30,,37766,5,0,8,1,70,,37744,5,0,8,1,30,,37785,5,0,8,1,71,,37773,5,0,8,1,30,,37776,5,0,8,1,70,,37767,5,0,8,1,30,,37755,5,0,8,1,70,,37769,5,0,8,1,30,,37751,5,0,8,1,70,,37790,5,0,8,1,30,,37762,5,0,8,1,69,,37788,5,0,8,1,30,,37764,5,0,8,1,70,,37784,5,0,8,1,30,,29902,5,0,8,1,70,,37749,5,0,8,1,30,,31593,5,0,8,1,70,,37782,5,0,8,1,30,,37791,5,0,8,1,100,,37748,5,0,8,1,100,,22319,5,0,8,1,100,,37746,5,0,8,1,100,,37761,5,0,8,1,100,,37753,5,0,8,1,100,,32004,5,0,8,1
40100,'11',616,,37845,5,0,8,1,30,,37838,5,0,8,1,70,,37794,5,0,8,1,30,,37809,5,0,8,1,70,,37817,5,0,8,1,30,,37820,5,0,8,1,70,,37795,5,0,8,1,30,,37844,5,0,8,1,71,,37829,5,0,8,1,30,,37833,5,0,8,1,70,,37821,5,0,8,1,30,,37806,5,0,8,1,70,,37823,5,0,8,1,30,,37802,5,0,8,1,70,,37849,5,0,8,1,30,,37814,5,0,8,1,69,,37847,5,0,8,1,30,,37818,5,0,8,1,70,,37843,5,0,8,1,30,,37840,5,0,8,1,70,,37800,5,0,8,1,30,,37828,5,0,8,1,70,,37841,5,0,8,1,30,,37850,5,0,8,1,100,,37799,5,0,8,1,100,,37812,5,0,8,1,100,,37797,5,0,8,1,100,,37813,5,0,8,1,100,,37804,5,0,8,1,100,,37835,5,0,8,1
40100,'12',1746,,37864,5,0,8,1,100,,37863,5,0,8,1,100,,37856,5,0,8,1,100,,37860,5,0,8,1,100,,37862,5,0,8,1,100,,37855,5,0,8,1,100,,37854,5,0,8,1
40100,'13',1746,,37876,5,0,8,1,100,,37875,5,0,8,1,100,,37869,5,0,8,1,100,,37872,5,0,8,1,100,,37874,5,0,8,1,100,,28466,5,0,8,1,100,,37868,5,0,8,1
40100,'14',1047,,37888,5,0,8,1,100,,37880,5,0,8,1,100,,37883,5,0,8,1,100,,37881,5,0,8,1,99,,37885,5,0,8,1,100,,25357,5,0,8,1,100,,37894,5,0,8,1,100,,37887,5,0,8,1
40100,'16',616,,37938,5,0,8,1,30,,37932,5,0,8,1,70,,37895,5,0,8,1,30,,37910,5,0,8,1,70,,29770,5,0,8,1,30,,37918,5,0,8,1,70,,37896,5,0,8,1,30,,37937,5,0,8,1,71,,37925,5,0,8,1,30,,37928,5,0,8,1,70,,37919,5,0,8,1,30,,37907,5,0,8,1,70,,37921,5,0,8,1,30,,37903,5,0,8,1,70,,37942,5,0,8,1,30,,37914,5,0,8,1,69,,37940,5,0,8,1,30,,37916,5,0,8,1,70,,37936,5,0,8,1,30,,29984,5,0,8,1,70,,37901,5,0,8,1,30,,31629,5,0,8,1,70,,37934,5,0,8,1,30,,37943,5,0,8,1,100,,37900,5,0,8,1,100,,31290,5,0,8,1,100,,37898,5,0,8,1,100,,37913,5,0,8,1,100,,37905,5,0,8,1,100,,32043,5,0,8,1
40100,'3',1746,,37954,5,0,8,1,100,,37953,5,0,8,1,100,,37947,5,0,8,1,100,,37950,5,0,8,1,100,,37952,5,0,8,1,100,,28481,5,0,8,1,100,,37946,5,0,8,1
40100,'6',1746,,37968,5,0,8,1,100,,37967,5,0,8,1,100,,37960,5,0,8,1,100,,37964,5,0,8,1,100,,37966,5,0,8,1,100,,37959,5,0,8,1,100,,37958,5,0,8,1
40100,'8',846,,37994,5,0,8,1,100,,37998,5,0,8,1,71,,38000,5,0,8,1,30,,38008,5,0,8,1,70,,37985,5,0,8,1,30,,31901,5,0,8,1,70,,37982,5,0,8,1,30,,37995,5,0,8,1,70,,37983,5,0,8,1,30,,37976,5,0,8,1,69,,37997,5,0,8,1,30,,37992,5,0,8,1,70,,37999,5,0,8,1,30,,38004,5,0,8,1,70,,37975,5,0,8,1,30,,37984,5,0,8,1,70,,31768,5,0,8,1,30,,37978,5,0,8,1,100,,37987,5,0,8,1,100,,37979,5,0,8,1
43700,'1',1947,,41862,5,,,1,100,,41863,5,,,1,100,,41857,5,,,1,100,,31797,5,,,1,100,,41861,5,,,1
43700,'11',1947,,41871,5,,,1,100,,41872,5,,,1,100,,41866,5,,,1,100,,41873,5,,,1,100,,41870,5,,,1
43700,'12',1947,,41884,5,,,1,100,,41881,5,,,1,100,,41876,5,,,1,100,,41878,5,,,1,100,,41880,5,,,1
43700,'13',1947,,41893,5,,,1,100,,41891,5,,,1,100,,41886,5,,,1,100,,41888,5,,,1,100,,41890,5,,,1
43700,'16',1947,,41900,5,,,1,100,,41901,5,,,1,100,,41895,5,,,1,100,,31854,5,,,1,100,,41899,5,,,1
43700,'3',1947,,41911,5,,,1,100,,41909,5,,,1,100,,41904,5,,,1,100,,41906,5,,,1,100,,41908,5,,,1
43700,'6',1947,,41921,5,,,1,100,,41918,5,,,1,100,,41913,5,,,1,100,,41915,5,,,1,100,,41917,5,,,1
