33700,'1',713,,29420,18,,,1,30,,29421,18,,,1,70,,29422,18,,,1,30,,29433,18,,,1,70,,29426,18,,,1,30,,29405,18,,,1,70,,24694,18,,,1,30,,29414,18,,,1,70,,29432,18,,,1,30,,27193,18,,,1,70,,29400,18,,,1,30,,29431,18,,,1,70,,29410,18,,,1,30,,29440,18,,,1,70,,29428,18,,,1,30,,29408,18,,,1,70,,29402,18,,,1,30,,29399,18,,,1,70,,29413,18,,,1,30,,29429,18,,,1,70,,29430,18,,,1,30,,29439,18,,,1,70,,29411,18,,,1,30,,29441,18,,,1,70,,29435,18,,,1
33700,'11',643,,29459,18,,,1,70,,29485,18,,,1,30,,29471,18,,,1,70,,29456,18,,,1,30,,29444,18,,,1,70,,29466,18,,,1,30,,29476,18,,,1,70,,24144,18,,,1,30,,29470,18,,,1,70,,29457,18,,,1,30,,29455,18,,,1,70,,29447,18,,,1,30,,29443,18,,,1,70,,29452,18,,,1,30,,29469,18,,,1,70,,29446,18,,,1,30,,29477,18,,,1,70,,29453,18,,,1,30,,29475,18,,,1,70,,29451,18,,,1,30,,29479,18,,,1,70,,29478,18,,,1,30,,29473,18,,,1,70,,29468,18,,,1,30,,22778,18,,,1
33700,'12',1113,,29513,18,,,1,30,,29492,18,,,1,70,,29498,18,,,1,30,,29499,18,,,1,70,,29511,18,,,1,30,,29515,18,,,1,70,,25357,18,,,1,30,,29495,18,,,1,70,,29496,18,,,1,30,,29509,18,,,1,70,,29500,18,,,1,30,,29512,18,,,1,70,,29505,18,,,1,30,,29494,18,,,1,70,,29514,18,,,1
33700,'14',713,,29539,18,,,1,30,,29540,18,,,1,70,,29541,18,,,1,30,,29553,18,,,1,70,,29545,18,,,1,30,,29522,18,,,1,70,,29544,18,,,1,30,,29531,18,,,1,70,,29552,18,,,1,30,,29554,18,,,1,70,,29517,18,,,1,30,,29551,18,,,1,70,,29528,18,,,1,30,,29561,18,,,1,70,,29547,18,,,1,30,,29525,18,,,1,70,,29519,18,,,1,30,,29516,18,,,1,70,,20961,18,,,1,30,,29548,18,,,1,70,,29550,18,,,1,30,,29560,18,,,1,70,,29529,18,,,1,30,,29562,18,,,1,70,,29556,18,,,1
33700,'3',643,,29580,18,,,1,70,,29606,18,,,1,30,,29592,18,,,1,70,,29577,18,,,1,30,,29565,18,,,1,70,,29587,18,,,1,30,,29597,18,,,1,70,,24154,18,,,1,30,,29591,18,,,1,70,,29578,18,,,1,30,,29576,18,,,1,70,,29568,18,,,1,30,,29564,18,,,1,70,,29573,18,,,1,30,,29590,18,,,1,70,,29567,18,,,1,30,,29598,18,,,1,70,,29574,18,,,1,30,,29596,18,,,1,70,,29572,18,,,1,30,,29600,18,,,1,70,,29599,18,,,1,30,,29594,18,,,1,70,,29589,18,,,1,30,,22799,18,,,1
33700,'8',1143,,29612,18,,,1,70,,29609,18,,,1,30,,29616,18,,,1,70,,29632,18,,,1,30,,29614,18,,,1,70,,29608,18,,,1,30,,29610,18,,,1,70,,29633,18,,,1,30,,29631,18,,,1,70,,29619,18,,,1,30,,29621,18,,,1,70,,29627,18,,,1,30,,29628,18,,,1,70,,25161,18,,,1,30,,29615,18,,,1
43700,'1',1930,,32644,10,,,1,100,,32648,10,,,1,100,,32651,10,,,1,100,,32645,10,,,1,100,,32650,10,,,1
43700,'11',1930,,32659,10,,,1,100,,32656,10,,,1,100,,32658,10,,,1,100,,32652,10,,,1,100,,32657,10,,,1
43700,'14',1930,,32663,10,,,1,100,,32667,10,,,1,100,,32670,10,,,1,100,,32664,10,,,1,100,,32669,10,,,1
43700,'3',1930,,32678,10,,,1,100,,32675,10,,,1,100,,32677,10,,,1,100,,32671,10,,,1,100,,32676,10,,,1
