31700,'12',628,,35780,26,0,63,1,30,,35778,26,0,63,1,70,,35793,26,0,63,1,30,,35787,26,0,63,1,70,,35789,26,0,63,1,30,,35781,26,0,63,1,70,,35785,26,0,63,1,30,,35798,26,0,63,1,70,,35796,26,0,63,1,30,,35800,26,0,63,1,70,,35791,26,0,63,1,30,,35784,26,0,63,1,70,,35792,26,0,63,1,30,,35786,26,0,63,1,70,,35783,26,0,63,1,30,,35788,26,0,63,1,70,,35779,26,0,63,1,30,,35799,26,0,63,1,70,,35795,26,0,63,1,30,,35790,26,0,63,1,70,,35782,26,0,63,1,30,,35794,26,0,63,1,70,,35777,26,0,63,1,30,,35797,26,0,63,1
31700,'13',628,,35804,26,0,63,1,30,,35802,26,0,63,1,70,,35817,26,0,63,1,30,,35811,26,0,63,1,70,,35813,26,0,63,1,30,,35805,26,0,63,1,70,,35809,26,0,63,1,30,,35822,26,0,63,1,70,,35820,26,0,63,1,30,,35824,26,0,63,1,70,,35815,26,0,63,1,30,,35808,26,0,63,1,70,,35816,26,0,63,1,30,,35810,26,0,63,1,70,,35807,26,0,63,1,30,,35812,26,0,63,1,70,,35803,26,0,63,1,30,,35823,26,0,63,1,70,,35819,26,0,63,1,30,,35814,26,0,63,1,70,,35806,26,0,63,1,30,,35818,26,0,63,1,70,,35801,26,0,63,1,30,,35821,26,0,63,1
31700,'3',628,,35828,26,0,63,1,30,,35826,26,0,63,1,70,,35841,26,0,63,1,30,,35835,26,0,63,1,70,,35837,26,0,63,1,30,,35829,26,0,63,1,70,,35833,26,0,63,1,30,,35846,26,0,63,1,70,,35844,26,0,63,1,30,,35848,26,0,63,1,70,,35839,26,0,63,1,30,,35832,26,0,63,1,70,,35840,26,0,63,1,30,,35834,26,0,63,1,70,,35831,26,0,63,1,30,,35836,26,0,63,1,70,,35827,26,0,63,1,30,,35847,26,0,63,1,70,,35843,26,0,63,1,30,,35838,26,0,63,1,70,,35830,26,0,63,1,30,,35842,26,0,63,1,70,,35825,26,0,63,1,30,,35845,26,0,63,1
31700,'6',628,,35852,26,0,63,1,30,,35850,26,0,63,1,70,,35865,26,0,63,1,30,,35859,26,0,63,1,70,,35861,26,0,63,1,30,,35853,26,0,63,1,70,,35857,26,0,63,1,30,,35870,26,0,63,1,70,,35868,26,0,63,1,30,,35872,26,0,63,1,70,,35863,26,0,63,1,30,,35856,26,0,63,1,70,,35864,26,0,63,1,30,,35858,26,0,63,1,70,,35855,26,0,63,1,30,,35860,26,0,63,1,70,,35851,26,0,63,1,30,,35871,26,0,63,1,70,,35867,26,0,63,1,30,,35862,26,0,63,1,70,,35854,26,0,63,1,30,,35866,26,0,63,1,70,,35849,26,0,63,1,30,,35869,26,0,63,1
41700,'1',626,,40762,26,0,67,1,30,,40769,26,0,67,1,70,,40763,26,0,67,1,30,,40774,26,0,67,1,70,,40775,26,0,67,1,30,,40782,26,0,67,1,70,,40768,26,0,67,1,30,,40767,26,0,67,1,70,,40783,26,0,67,1,30,,40765,26,0,67,1,70,,40778,26,0,67,1,30,,40771,26,0,67,1,70,,30428,26,0,67,1,30,,40764,26,0,67,1,70,,40781,26,0,67,1,30,,29674,26,0,67,1,70,,40772,26,0,67,1,30,,40773,26,0,67,1,70,,40761,26,0,67,1,30,,30086,26,0,67,1,70,,40766,26,0,67,1,30,,30078,26,0,67,1,70,,40776,26,0,67,1,30,,40777,26,0,67,1,70,,40779,26,0,67,1,100,,40760,26,0,67,1,100,,40770,26,0,67,1,100,,40759,26,0,67,1,100,,40780,26,0,67,1,100,,30781,26,0,67,1
41700,'11',626,,40787,26,0,67,1,30,,40795,26,0,67,1,70,,40788,26,0,67,1,30,,40801,26,0,67,1,70,,40802,26,0,67,1,30,,40811,26,0,67,1,70,,40793,26,0,67,1,30,,40792,26,0,67,1,70,,40813,26,0,67,1,30,,40790,26,0,67,1,70,,40806,26,0,67,1,30,,40797,26,0,67,1,70,,40794,26,0,67,1,30,,40789,26,0,67,1,70,,40810,26,0,67,1,30,,40812,26,0,67,1,70,,40799,26,0,67,1,30,,40800,26,0,67,1,70,,40786,26,0,67,1,30,,40804,26,0,67,1,70,,40791,26,0,67,1,30,,40798,26,0,67,1,70,,40803,26,0,67,1,30,,40805,26,0,67,1,70,,40808,26,0,67,1,100,,40785,26,0,67,1,100,,40796,26,0,67,1,100,,40784,26,0,67,1,100,,40809,26,0,67,1,100,,40807,26,0,67,1
41700,'12',1826,,40818,26,0,67,1,100,,40814,26,0,67,1,100,,40817,26,0,67,1,100,,40819,26,0,67,1,100,,40816,26,0,67,1,100,,40815,26,0,67,1
41700,'13',1826,,40824,26,0,67,1,100,,40820,26,0,67,1,100,,40823,26,0,67,1,100,,40825,26,0,67,1,100,,40822,26,0,67,1,100,,40821,26,0,67,1
41700,'14',1126,,40830,26,0,67,1,100,,29507,26,0,67,1,100,,40831,26,0,67,1,100,,40829,26,0,67,1,100,,40826,26,0,67,1,100,,40828,26,0,67,1,100,,40827,26,0,67,1
41700,'16',626,,40835,26,0,67,1,30,,40842,26,0,67,1,70,,40836,26,0,67,1,30,,40847,26,0,67,1,70,,40848,26,0,67,1,30,,40855,26,0,67,1,70,,40841,26,0,67,1,30,,40840,26,0,67,1,70,,40856,26,0,67,1,30,,40838,26,0,67,1,70,,40851,26,0,67,1,30,,40844,26,0,67,1,70,,30468,26,0,67,1,30,,40837,26,0,67,1,70,,40854,26,0,67,1,30,,29793,26,0,67,1,70,,40845,26,0,67,1,30,,40846,26,0,67,1,70,,40834,26,0,67,1,30,,30166,26,0,67,1,70,,40839,26,0,67,1,30,,30159,26,0,67,1,70,,40849,26,0,67,1,30,,40850,26,0,67,1,70,,40852,26,0,67,1,100,,40833,26,0,67,1,100,,40843,26,0,67,1,100,,40832,26,0,67,1,100,,40853,26,0,67,1,100,,30822,26,0,67,1
41700,'3',1826,,40861,26,0,67,1,100,,40857,26,0,67,1,100,,40860,26,0,67,1,100,,40862,26,0,67,1,100,,40859,26,0,67,1,100,,40858,26,0,67,1
41700,'6',1826,,40867,26,0,67,1,100,,40863,26,0,67,1,100,,40866,26,0,67,1,100,,40868,26,0,67,1,100,,40865,26,0,67,1,100,,40864,26,0,67,1
41700,'8',926,,40880,26,0,67,1,100,,32423,26,0,67,1,30,,40870,26,0,67,1,70,,40869,26,0,67,1,30,,40882,26,0,67,1,70,,40876,26,0,67,1,30,,40872,26,0,67,1,70,,40875,26,0,67,1,30,,40878,26,0,67,1,70,,40881,26,0,67,1,30,,40871,26,0,67,1,70,,40874,26,0,67,1,30,,30924,26,0,67,1,70,,40883,26,0,67,1,30,,40884,26,0,67,1,70,,40873,26,0,67,1,30,,40877,26,0,67,1,70,,40879,26,0,67,1,100,,31236,26,0,67,1
