30101,'1',552,,21551,12,4,,1,70,,21537,12,4,,1,30,,21556,12,4,,1,70,,21564,12,4,,1,30,,21579,12,4,,1,70,,21532,12,4,,1,30,,21544,12,4,,1,70,,21558,12,4,,1,30,,21577,12,4,,1,72,,21534,12,4,,1,30,,21545,12,4,,1,70,,21554,12,4,,1,30,,21553,12,4,,1,70,,21543,12,4,,1,30,,21569,12,4,,1,70,,21542,12,4,,1,30,,21548,12,4,,1,70,,21565,12,4,,1,30,,21549,12,4,,1,70,,21546,12,4,,1,30,,21539,12,4,,1,70,,21535,12,4,,1,30,,21538,12,4,,1,70,,21571,12,4,,1,30,,21531,12,4,,1,70,,21550,12,4,,1
30101,'10',552,,21598,12,4,,1,70,,21584,12,4,,1,30,,21602,12,4,,1,70,,21608,12,4,,1,30,,21622,12,4,,1,70,,21580,12,4,,1,30,,21591,12,4,,1,70,,21604,12,4,,1,30,,21620,12,4,,1,72,,21582,12,4,,1,30,,21592,12,4,,1,70,,21601,12,4,,1,30,,21600,12,4,,1,70,,21590,12,4,,1,30,,21613,12,4,,1,70,,21589,12,4,,1,30,,21595,12,4,,1,70,,21609,12,4,,1,30,,21596,12,4,,1,70,,21593,12,4,,1,30,,21586,12,4,,1,70,,21583,12,4,,1,30,,21585,12,4,,1,70,,21614,12,4,,1,30,,12774,12,4,,1,70,,21597,12,4,,1
30101,'3',552,,21641,12,4,,1,70,,21627,12,4,,1,30,,21646,12,4,,1,70,,21652,12,4,,1,30,,21667,12,4,,1,70,,21623,12,4,,1,30,,21634,12,4,,1,70,,21648,12,4,,1,30,,21665,12,4,,1,72,,21625,12,4,,1,30,,21635,12,4,,1,70,,21644,12,4,,1,30,,21643,12,4,,1,70,,21633,12,4,,1,30,,21657,12,4,,1,70,,21632,12,4,,1,30,,21638,12,4,,1,70,,21653,12,4,,1,30,,21639,12,4,,1,70,,21636,12,4,,1,30,,21629,12,4,,1,70,,21626,12,4,,1,30,,21628,12,4,,1,70,,21658,12,4,,1,30,,12899,12,4,,1,70,,21640,12,4,,1
30201,'1',636,,21731,34,4,,1,70,,21750,34,4,,1,30,,21745,34,4,,1,70,,21001,34,4,,1,30,,21746,34,4,,1,70,,3122,34,4,,1,30,,21748,34,4,,1,70,,21734,34,4,,1,34,,21732,34,4,,1,70,,21730,34,4,,1,30,,21749,34,4,,1,70,,21740,34,4,,1,30,,21744,34,4,,1,70,,21737,34,4,,1,30,,21735,34,4,,1,70,,21747,34,4,,1,33,,21751,34,4,,1,78,,21736,34,4,,1,30,,21733,34,4,,1,70,,21738,34,4,,1,30,,21741,34,4,,1,70,,21739,34,4,,1,30,,21743,34,4,,1,70,,21742,34,4,,1
30201,'10',636,,18854,34,4,,1,70,,21773,34,4,,1,30,,21766,34,4,,1,70,,21769,34,4,,1,30,,21767,34,4,,1,70,,21771,34,4,,1,30,,21770,34,4,,1,70,,21755,34,4,,1,34,,21753,34,4,,1,70,,21752,34,4,,1,30,,21772,34,4,,1,70,,21761,34,4,,1,30,,21765,34,4,,1,70,,21758,34,4,,1,30,,21756,34,4,,1,70,,21768,34,4,,1,33,,21774,34,4,,1,78,,21757,34,4,,1,30,,21754,34,4,,1,70,,21759,34,4,,1,30,,21762,34,4,,1,70,,21760,34,4,,1,30,,21764,34,4,,1,70,,21763,34,4,,1
30201,'3',636,,18895,34,4,,1,70,,21794,34,4,,1,30,,21788,34,4,,1,70,,21791,34,4,,1,30,,21789,34,4,,1,70,,21792,34,4,,1,30,,15685,34,4,,1,70,,21778,34,4,,1,34,,21776,34,4,,1,70,,21775,34,4,,1,30,,21793,34,4,,1,70,,21783,34,4,,1,30,,21787,34,4,,1,70,,21781,34,4,,1,30,,21779,34,4,,1,70,,21790,34,4,,1,33,,21795,34,4,,1,78,,21780,34,4,,1,30,,21777,34,4,,1,70,,21782,34,4,,1,30,,21784,34,4,,1,70,,20617,34,4,,1,30,,21786,34,4,,1,70,,21785,34,4,,1
30501,'1',636,,22127,41,4,,1,70,,22131,41,4,,1,30,,22140,41,4,,1,70,,22135,41,4,,1,30,,22142,41,4,,1,70,,22137,41,4,,1,30,,22130,41,4,,1,70,,22126,41,4,,1,30,,22123,41,4,,1,70,,22125,41,4,,1,30,,22143,41,4,,1,70,,22138,41,4,,1,30,,22139,41,4,,1,70,,22136,41,4,,1,30,,22122,41,4,,1,70,,22134,41,4,,1,30,,22120,41,4,,1,70,,22132,41,4,,1,30,,22128,41,4,,1,70,,22133,41,4,,1,30,,22119,41,4,,1,70,,22124,41,4,,1,30,,22141,41,4,,1,70,,22121,41,4,,1
30501,'10',636,,22152,41,4,,1,70,,22156,41,4,,1,30,,19274,41,4,,1,70,,22160,41,4,,1,30,,22166,41,4,,1,70,,22162,41,4,,1,30,,22155,41,4,,1,70,,22151,41,4,,1,30,,22148,41,4,,1,70,,22150,41,4,,1,30,,8704,41,4,,1,70,,22163,41,4,,1,30,,22164,41,4,,1,70,,22161,41,4,,1,30,,22147,41,4,,1,70,,22159,41,4,,1,30,,22145,41,4,,1,70,,22157,41,4,,1,30,,22153,41,4,,1,70,,22158,41,4,,1,30,,22144,41,4,,1,70,,22149,41,4,,1,30,,22165,41,4,,1,70,,22146,41,4,,1
30501,'3',636,,22174,41,4,,1,70,,22178,41,4,,1,30,,19345,41,4,,1,70,,22182,41,4,,1,30,,22188,41,4,,1,70,,22184,41,4,,1,30,,22177,41,4,,1,70,,22173,41,4,,1,30,,14529,41,4,,1,70,,22172,41,4,,1,30,,8724,41,4,,1,70,,22185,41,4,,1,30,,22186,41,4,,1,70,,22183,41,4,,1,30,,22170,41,4,,1,70,,22181,41,4,,1,30,,22168,41,4,,1,70,,22179,41,4,,1,30,,22175,41,4,,1,70,,22180,41,4,,1,30,,22167,41,4,,1,70,,22171,41,4,,1,30,,22187,41,4,,1,70,,22169,41,4,,1
30601,'1',637,,22271,25,4,,1,70,,22253,25,4,,1,30,,22250,25,4,,1,70,,22266,25,4,,1,30,,22254,25,4,,1,70,,22260,25,4,,1,30,,22262,25,4,,1,70,,22267,25,4,,1,31,,22272,25,4,,1,70,,22265,25,4,,1,30,,22249,25,4,,1,70,,22268,25,4,,1,30,,22269,25,4,,1,70,,22261,25,4,,1,30,,22264,25,4,,1,70,,22255,25,4,,1,30,,22256,25,4,,1,65,,22263,25,4,,1,5,,22258,25,4,,1,30,,22251,25,4,,1,70,,22270,25,4,,1,30,,22259,25,4,,1,70,,22257,25,4,,1,30,,22252,25,4,,1,70,,22273,25,4,,1
30601,'10',637,,4977,25,4,,1,70,,22278,25,4,,1,30,,22275,25,4,,1,70,,22290,25,4,,1,30,,14025,25,4,,1,70,,22284,25,4,,1,30,,22286,25,4,,1,70,,10057,25,4,,1,31,,22292,25,4,,1,70,,22289,25,4,,1,30,,22274,25,4,,1,70,,15104,25,4,,1,30,,22291,25,4,,1,70,,22285,25,4,,1,30,,22288,25,4,,1,70,,22279,25,4,,1,30,,22280,25,4,,1,65,,22287,25,4,,1,5,,22282,25,4,,1,30,,22276,25,4,,1,70,,14399,25,4,,1,30,,22283,25,4,,1,70,,22281,25,4,,1,30,,22277,25,4,,1,70,,22293,25,4,,1
30601,'3',637,,12396,25,4,,1,70,,22298,25,4,,1,30,,22295,25,4,,1,70,,22310,25,4,,1,30,,14070,25,4,,1,70,,22304,25,4,,1,30,,22306,25,4,,1,70,,10104,25,4,,1,31,,15889,25,4,,1,70,,22309,25,4,,1,30,,22294,25,4,,1,70,,22311,25,4,,1,30,,22312,25,4,,1,70,,22305,25,4,,1,30,,22308,25,4,,1,70,,22299,25,4,,1,30,,22300,25,4,,1,65,,22307,25,4,,1,5,,22302,25,4,,1,30,,22296,25,4,,1,70,,14438,25,4,,1,30,,22303,25,4,,1,70,,22301,25,4,,1,30,,22297,25,4,,1,70,,22313,25,4,,1
30801,'1',651,,22516,38,4,,1,70,,22519,38,4,,1,30,,22527,38,4,,1,70,,22520,38,4,,1,30,,22525,38,4,,1,70,,22518,38,4,,1,30,,17000,38,4,,1,70,,22512,38,4,,1,30,,22510,38,4,,1,70,,22522,38,4,,1,30,,22509,38,4,,1,70,,22511,38,4,,1,30,,22508,38,4,,1,70,,22514,38,4,,1,30,,22526,38,4,,1,70,,16354,38,4,,1,80,,22523,38,4,,1,30,,22521,38,4,,1,70,,22513,38,4,,1,30,,22515,38,4,,1,70,,17448,38,4,,1,30,,22524,38,4,,1,70,,22517,38,4,,1
30801,'10',651,,12599,38,4,,1,70,,22541,38,4,,1,30,,22547,38,4,,1,70,,22542,38,4,,1,30,,13126,38,4,,1,70,,22540,38,4,,1,30,,22533,38,4,,1,70,,22534,38,4,,1,30,,22531,38,4,,1,70,,22543,38,4,,1,30,,22530,38,4,,1,70,,22532,38,4,,1,30,,22528,38,4,,1,70,,22536,38,4,,1,30,,22546,38,4,,1,70,,22529,38,4,,1,80,,22544,38,4,,1,30,,11497,38,4,,1,70,,22535,38,4,,1,30,,22537,38,4,,1,70,,22538,38,4,,1,30,,22545,38,4,,1,70,,22539,38,4,,1
30801,'3',651,,12639,38,4,,1,70,,22559,38,4,,1,30,,22565,38,4,,1,70,,22560,38,4,,1,30,,13239,38,4,,1,70,,22558,38,4,,1,30,,22552,38,4,,1,70,,22553,38,4,,1,30,,5726,38,4,,1,70,,22561,38,4,,1,30,,22550,38,4,,1,70,,22551,38,4,,1,30,,22548,38,4,,1,70,,22554,38,4,,1,30,,22564,38,4,,1,70,,22549,38,4,,1,80,,22562,38,4,,1,30,,11539,38,4,,1,70,,14734,38,4,,1,30,,22555,38,4,,1,70,,22556,38,4,,1,30,,22563,38,4,,1,70,,22557,38,4,,1
30901,'1',634,,22639,36,4,,1,70,,22631,36,4,,1,32,,22624,36,4,,1,70,,22622,36,4,,1,30,,22638,36,4,,1,70,,22632,36,4,,1,30,,22623,36,4,,1,70,,22642,36,4,,1,30,,22630,36,4,,1,70,,22643,36,4,,1,30,,22640,36,4,,1,70,,22626,36,4,,1,30,,22646,36,4,,1,70,,22633,36,4,,1,30,,22636,36,4,,1,70,,22628,36,4,,1,31,,22645,36,4,,1,81,,22637,36,4,,1,30,,22641,36,4,,1,70,,22635,36,4,,1,30,,22627,36,4,,1,70,,22634,36,4,,1,30,,22629,36,4,,1,70,,22644,36,4,,1,23,,22625,32,4,,1
30901,'10',634,,22661,36,4,,1,70,,22654,36,4,,1,32,,22649,36,4,,1,70,,22647,36,4,,1,30,,22660,36,4,,1,70,,22655,36,4,,1,30,,22648,36,4,,1,70,,13366,36,4,,1,30,,11885,36,4,,1,70,,22664,36,4,,1,30,,22662,36,4,,1,70,,22651,36,4,,1,30,,22666,36,4,,1,70,,22656,36,4,,1,30,,22658,36,4,,1,70,,12272,36,4,,1,31,,12606,36,4,,1,81,,22659,36,4,,1,30,,22663,36,4,,1,70,,20020,36,4,,1,30,,22652,36,4,,1,70,,22657,36,4,,1,30,,22653,36,4,,1,70,,22665,36,4,,1,23,,22650,32,4,,1
30901,'3',634,,22681,36,4,,1,70,,22674,36,4,,1,32,,22669,36,4,,1,70,,22667,36,4,,1,30,,22680,36,4,,1,70,,22675,36,4,,1,30,,22668,36,4,,1,70,,13407,36,4,,1,30,,11931,36,4,,1,70,,22684,36,4,,1,30,,22682,36,4,,1,70,,22671,36,4,,1,30,,22686,36,4,,1,70,,22676,36,4,,1,30,,22678,36,4,,1,70,,12305,36,4,,1,31,,12647,36,4,,1,81,,22679,36,4,,1,30,,22683,36,4,,1,70,,20058,36,4,,1,30,,22672,36,4,,1,70,,22677,36,4,,1,30,,22673,36,4,,1,70,,22685,36,4,,1,23,,22670,32,4,,1
31201,'1',649,,23038,30,4,,1,73,,23040,30,4,,1,30,,23030,30,4,,1,70,,23035,30,4,,1,30,,23043,30,4,,1,70,,23023,30,4,,1,30,,23041,30,4,,1,71,,23026,30,4,,1,30,,23042,30,4,,1,70,,23029,30,4,,1,30,,23027,30,4,,1,70,,23036,30,4,,1,30,,23039,30,4,,1,70,,23028,30,4,,1,30,,23034,30,4,,1,68,,23037,30,4,,1,84,,23025,30,4,,1,30,,23024,30,4,,1,70,,23031,30,4,,1,30,,23021,30,4,,1,70,,23033,30,4,,1,30,,23032,30,4,,1,70,,23022,30,4,,1
31201,'10',649,,23057,30,4,,1,73,,23058,30,4,,1,30,,18078,30,4,,1,70,,23054,30,4,,1,30,,23061,30,4,,1,70,,23046,30,4,,1,30,,23059,30,4,,1,71,,15305,30,4,,1,30,,23060,30,4,,1,70,,23050,30,4,,1,30,,23048,30,4,,1,70,,23055,30,4,,1,30,,1694,30,4,,1,70,,23049,30,4,,1,30,,23053,30,4,,1,68,,23056,30,4,,1,84,,12778,30,4,,1,30,,23047,30,4,,1,70,,9781,30,4,,1,30,,23044,30,4,,1,70,,23052,30,4,,1,30,,23051,30,4,,1,70,,23045,30,4,,1
31201,'3',649,,23076,30,4,,1,73,,23077,30,4,,1,30,,18117,30,4,,1,70,,23073,30,4,,1,30,,23079,30,4,,1,70,,23064,30,4,,1,30,,15684,30,4,,1,71,,23066,30,4,,1,30,,23078,30,4,,1,70,,23069,30,4,,1,30,,23067,30,4,,1,70,,23074,30,4,,1,30,,1717,30,4,,1,70,,23068,30,4,,1,30,,23072,30,4,,1,68,,23075,30,4,,1,84,,12905,30,4,,1,30,,23065,30,4,,1,70,,9824,30,4,,1,30,,23062,30,4,,1,70,,23071,30,4,,1,30,,23070,30,4,,1,70,,23063,30,4,,1
33700,'1',650,,24480,32,4,,1,70,,24458,32,4,,1,30,,24455,32,4,,1,70,,24435,32,4,,1,30,,24465,32,4,,1,70,,20866,32,4,,1,30,,24442,32,4,,1,70,,24443,32,4,,1,30,,24450,32,4,,1,70,,17894,32,4,,1,30,,24439,32,4,,1,70,,24471,32,4,,1,30,,24446,32,4,,1,70,,24466,32,4,,1,30,,24460,32,4,,1,70,,24438,32,4,,1,30,,24468,32,4,,1,70,,24456,32,4,,1,30,,24447,32,4,,1,70,,3825,32,4,,1,30,,24461,32,4,,1,70,,24457,32,4,,1,30,,16998,32,4,,1,70,,24476,32,4,,1,30,,24467,32,4,,1
33700,'10',650,,24521,32,4,,1,70,,24500,32,4,,1,30,,24497,32,4,,1,70,,13760,32,4,,1,30,,24507,32,4,,1,70,,24501,32,4,,1,30,,12779,32,4,,1,70,,24487,32,4,,1,30,,24492,32,4,,1,70,,24481,32,4,,1,30,,12594,32,4,,1,70,,24513,32,4,,1,30,,10705,32,4,,1,70,,10842,32,4,,1,30,,24502,32,4,,1,70,,24483,32,4,,1,30,,24510,32,4,,1,70,,24498,32,4,,1,30,,24489,32,4,,1,70,,24508,32,4,,1,30,,24503,32,4,,1,70,,24499,32,4,,1,30,,24484,32,4,,1,70,,12032,32,4,,1,30,,24509,32,4,,1
33700,'11',1150,,24542,32,4,,1,70,,15017,32,4,,1,30,,24522,32,4,,1,70,,21080,32,4,,1,30,,24530,32,4,,1,70,,9671,32,4,,1,30,,24535,32,4,,1,70,,24524,32,4,,1,30,,24534,32,4,,1,70,,24532,32,4,,1,30,,24536,32,4,,1,70,,24528,32,4,,1,30,,24537,32,4,,1,70,,15829,32,4,,1,30,,13523,32,4,,1
33700,'13',720,,24567,32,4,,1,30,,24581,32,4,,1,70,,24568,32,4,,1,30,,24560,32,4,,1,70,,24586,32,4,,1,30,,24564,32,4,,1,70,,24547,32,4,,1,30,,24580,32,4,,1,70,,24546,32,4,,1,30,,24550,32,4,,1,70,,24582,32,4,,1,30,,24572,32,4,,1,70,,24573,32,4,,1,30,,24544,32,4,,1,70,,24583,32,4,,1,30,,24555,32,4,,1,70,,24575,32,4,,1,30,,24561,32,4,,1,70,,24549,32,4,,1,30,,24577,32,4,,1,70,,24553,32,4,,1,30,,24579,32,4,,1,70,,24587,32,4,,1,30,,24570,32,4,,1,70,,24545,32,4,,1
33700,'3',650,,24627,32,4,,1,70,,24607,32,4,,1,30,,24604,32,4,,1,70,,13808,32,4,,1,30,,24614,32,4,,1,70,,24608,32,4,,1,30,,24595,32,4,,1,70,,24596,32,4,,1,30,,24600,32,4,,1,70,,24589,32,4,,1,30,,12635,32,4,,1,70,,24620,32,4,,1,30,,10747,32,4,,1,70,,3284,32,4,,1,30,,24609,32,4,,1,70,,24591,32,4,,1,30,,24617,32,4,,1,70,,24605,32,4,,1,30,,9566,32,4,,1,70,,24615,32,4,,1,30,,24610,32,4,,1,70,,24606,32,4,,1,30,,24592,32,4,,1,70,,4560,32,4,,1,30,,24616,32,4,,1
33700,'8',1150,,24654,32,4,,1,70,,24632,32,4,,1,30,,24628,32,4,,1,70,,24649,32,4,,1,30,,24637,32,4,,1,70,,24639,32,4,,1,30,,24645,32,4,,1,70,,24631,32,4,,1,30,,24644,32,4,,1,70,,24642,32,4,,1,30,,24646,32,4,,1,70,,24635,32,4,,1,30,,17098,32,4,,1,70,,24641,32,4,,1,30,,24655,32,4,,1
33701,'1',609,,24700,16,4,,1,30,,24680,16,4,,1,70,,24662,16,4,,1,30,,24696,16,4,,1,70,,24694,16,4,,1,30,,24661,16,4,,1,70,,24684,16,4,,1,30,,24658,16,4,,1,70,,24681,16,4,,1,30,,24663,16,4,,1,70,,24666,16,4,,1,30,,24693,16,4,,1,70,,24683,16,4,,1,30,,24691,16,4,,1,70,,24682,16,4,,1,30,,24669,16,4,,1,69,,24689,16,4,,1,30,,24674,16,4,,1,70,,24698,16,4,,1,30,,24672,16,4,,1,70,,24664,16,4,,1,30,,19027,16,4,,1,70,,24675,16,4,,1,30,,24685,16,4,,1,70,,24668,16,4,,1
33701,'10',609,,24742,16,4,,1,30,,24724,16,4,,1,70,,24710,16,4,,1,30,,4188,16,4,,1,70,,24738,16,4,,1,30,,24709,16,4,,1,70,,9654,16,4,,1,30,,14199,16,4,,1,70,,24725,16,4,,1,30,,24711,16,4,,1,70,,24714,16,4,,1,30,,24737,16,4,,1,70,,24727,16,4,,1,30,,24735,16,4,,1,70,,24726,16,4,,1,30,,24717,16,4,,1,69,,24733,16,4,,1,30,,24720,16,4,,1,70,,16146,16,4,,1,30,,24719,16,4,,1,70,,24712,16,4,,1,30,,24731,16,4,,1,70,,24721,16,4,,1,30,,24728,16,4,,1,70,,24716,16,4,,1
33701,'11',1102,,24763,16,4,,1,30,,24767,16,4,,1,70,,24758,16,4,,1,30,,21179,16,4,,1,70,,14512,16,4,,1,30,,12623,16,4,,1,70,,15126,16,4,,1,30,,24754,16,4,,1,70,,24753,16,4,,1,30,,24751,16,4,,1,70,,11773,16,4,,1,30,,21237,16,4,,1,70,,16607,16,4,,1,30,,24752,16,4,,1,70,,24747,16,4,,1
33701,'13',629,,24770,16,4,,1,30,,7358,16,4,,1,71,,17427,16,4,,1,70,,24768,16,4,,1,30,,24790,16,4,,1,70,,17982,16,4,,1,30,,24783,16,4,,1,70,,18697,16,4,,1,32,,24788,16,4,,1,70,,24778,16,4,,1,30,,20048,16,4,,1,70,,24806,16,4,,1,30,,24801,16,4,,1,70,,16249,16,4,,1,30,,24799,16,4,,1,70,,24798,16,4,,1,30,,24802,16,4,,1,70,,24793,16,4,,1,30,,24769,16,4,,1,70,,24803,16,4,,1,30,,24787,16,4,,1,70,,24779,16,4,,1,30,,24780,16,4,,1,70,,24771,16,4,,1,30,,24791,16,4,,1
33701,'3',609,,24844,16,4,,1,30,,24826,16,4,,1,70,,24814,16,4,,1,30,,24841,16,4,,1,70,,24839,16,4,,1,30,,24813,16,4,,1,70,,9696,16,4,,1,30,,14220,16,4,,1,70,,24827,16,4,,1,30,,24815,16,4,,1,70,,24817,16,4,,1,30,,24838,16,4,,1,70,,24828,16,4,,1,30,,24836,16,4,,1,70,,15879,16,4,,1,30,,24820,16,4,,1,69,,24834,16,4,,1,30,,13220,16,4,,1,70,,16280,16,4,,1,30,,24822,16,4,,1,70,,14530,16,4,,1,30,,24832,16,4,,1,70,,24823,16,4,,1,30,,24829,16,4,,1,70,,24819,16,4,,1
33701,'8',1102,,24868,16,4,,1,30,,24878,16,4,,1,70,,24862,16,4,,1,30,,24869,16,4,,1,70,,24865,16,4,,1,30,,24875,16,4,,1,70,,24873,16,4,,1,30,,24858,16,4,,1,70,,24857,16,4,,1,30,,24854,16,4,,1,70,,24856,16,4,,1,30,,24877,16,4,,1,70,,24871,16,4,,1,30,,24855,16,4,,1,70,,24850,16,4,,1
40101,'1',1902,,25047,12,4,,1,100,,25042,12,4,,1,100,,25046,12,4,,1,100,,25050,12,4,,1,100,,25041,12,4,,1
40101,'10',1902,,25058,12,4,,1,100,,25053,12,4,,1,100,,25057,12,4,,1,100,,25061,12,4,,1,100,,25052,12,4,,1
40101,'11',902,,25093,12,4,,1,100,,14152,12,4,,1,100,,6469,12,4,,1,30,,25089,12,4,,1,70,,25065,12,4,,1,30,,25063,12,4,,1,70,,17295,12,4,,1,30,,25085,12,4,,1,70,,25086,12,4,,1,30,,25087,12,4,,1,70,,25066,12,4,,1,30,,16593,12,4,,1,70,,15843,12,4,,1,30,,25092,12,4,,1,70,,25080,12,4,,1,30,,25078,12,4,,1,70,,25091,12,4,,1,30,,10343,12,4,,1,70,,25064,12,4,,1
40101,'13',602,,25141,12,4,,1,30,,25125,12,4,,1,70,,25123,12,4,,1,30,,25101,12,4,,1,70,,25135,12,4,,1,30,,18405,12,4,,1,70,,20041,12,4,,1,30,,25120,12,4,,1,70,,25142,12,4,,1,30,,25115,12,4,,1,70,,17755,12,4,,1,30,,25109,12,4,,1,70,,19687,12,4,,1,30,,25126,12,4,,1,70,,25133,12,4,,1,30,,5902,12,4,,1,70,,25130,12,4,,1,30,,25104,12,4,,1,70,,25129,12,4,,1,30,,25096,12,4,,1,70,,25139,12,4,,1,30,,25103,12,4,,1,70,,25094,12,4,,1,30,,25105,12,4,,1,70,,17149,12,4,,1,30,,25132,12,4,,1,70,,25106,12,4,,1,100,,25112,12,4,,1,100,,25102,12,4,,1,100,,20961,12,4,,1,100,,25127,12,4,,1
40101,'3',1902,,25148,12,4,,1,100,,25144,12,4,,1,100,,25147,12,4,,1,100,,25151,12,4,,1,100,,25143,12,4,,1
40101,'8',902,,25187,12,4,,1,100,,25179,12,4,,1,100,,25171,12,4,,1,30,,25184,12,4,,1,70,,25154,12,4,,1,30,,25153,12,4,,1,70,,25164,12,4,,1,30,,25176,12,4,,1,70,,25177,12,4,,1,30,,25180,12,4,,1,70,,17263,12,4,,1,30,,25162,12,4,,1,70,,25181,12,4,,1,30,,17602,12,4,,1,70,,25170,12,4,,1,30,,25168,12,4,,1,70,,25186,12,4,,1,30,,25183,12,4,,1,70,,17932,12,4,,1
40201,'1',1903,,25272,34,4,,1,98,,25267,34,4,,1,100,,25268,34,4,,1,100,,25269,34,4,,1,100,,25270,34,4,,1,100,,25271,34,4,,1
40201,'10',1903,,8926,34,4,,1,98,,25273,34,4,,1,100,,25274,34,4,,1,100,,25275,34,4,,1,100,,25276,34,4,,1,100,,25277,34,4,,1
40201,'11',1003,,25283,34,4,,1,100,,25292,34,4,,1,30,,25280,34,4,,1,70,,25286,34,4,,1,30,,25281,34,4,,1,70,,25279,34,4,,1,30,,25282,34,4,,1,70,,25278,34,4,,1,30,,25284,34,4,,1,70,,8952,34,4,,1,30,,13147,34,4,,1,70,,25293,34,4,,1,30,,25285,34,4,,1,70,,25291,34,4,,1,30,,25288,34,4,,1,70,,25287,34,4,,1,30,,25294,34,4,,1,70,,25290,34,4,,1,98,,25289,34,4,,1
40201,'13',703,,25308,34,4,,1,30,,25311,34,4,,1,70,,25297,34,4,,1,30,,25296,34,4,,1,70,,25314,34,4,,1,30,,19307,34,4,,1,70,,25304,34,4,,1,30,,25298,34,4,,1,70,,25307,34,4,,1,30,,25312,34,4,,1,70,,25303,34,4,,1,30,,25299,34,4,,1,70,,25315,34,4,,1,30,,25305,34,4,,1,70,,25310,34,4,,1,30,,25309,34,4,,1,70,,25320,34,4,,1,30,,25316,34,4,,1,70,,25313,34,4,,1,30,,25317,34,4,,1,70,,25301,34,4,,1,30,,25319,34,4,,1,70,,25295,34,4,,1,30,,25306,34,4,,1,70,,17535,34,4,,1,98,,25321,34,4,,1,100,,25318,34,4,,1,100,,25302,34,4,,1,100,,25300,34,4,,1,100,,5695,34,4,,1
40201,'3',1903,,9002,34,4,,1,98,,25322,34,4,,1,100,,25323,34,4,,1,100,,25324,34,4,,1,100,,25325,34,4,,1,100,,25326,34,4,,1
40201,'8',1003,,25331,34,4,,1,100,,25340,34,4,,1,30,,21350,34,4,,1,70,,25333,34,4,,1,30,,25329,34,4,,1,70,,19403,34,4,,1,30,,25330,34,4,,1,70,,25328,34,4,,1,30,,25332,34,4,,1,70,,25336,34,4,,1,30,,25327,34,4,,1,70,,25341,34,4,,1,30,,19404,34,4,,1,70,,25339,34,4,,1,30,,25335,34,4,,1,70,,25334,34,4,,1,30,,25342,34,4,,1,70,,25338,34,4,,1,98,,25337,34,4,,1
40601,'1',1834,,25573,25,4,,1,100,,25574,25,4,,1,100,,25571,25,4,,1,100,,25575,25,4,,1,100,,25572,25,4,,1,100,,19948,25,4,,1
40601,'10',1834,,25579,25,4,,1,100,,25580,25,4,,1,100,,25576,25,4,,1,100,,25581,25,4,,1,100,,25577,25,4,,1,100,,25578,25,4,,1
40601,'11',934,,25597,25,4,,1,100,,15619,25,4,,1,70,,25587,25,4,,1,30,,25592,25,4,,1,70,,25594,25,4,,1,30,,25596,25,4,,1,70,,25598,25,4,,1,30,,25584,25,4,,1,70,,25589,25,4,,1,30,,25595,25,4,,1,70,,25585,25,4,,1,30,,21306,25,4,,1,70,,25591,25,4,,1,30,,25583,25,4,,1,70,,25588,25,4,,1,30,,25586,25,4,,1,70,,25593,25,4,,1,30,,25582,25,4,,1,100,,25590,25,4,,1
40601,'13',704,,25613,25,4,,1,30,,25606,25,4,,1,70,,25612,25,4,,1,30,,25603,25,4,,1,70,,25616,25,4,,1,30,,25599,25,4,,1,70,,25600,25,4,,1,30,,25621,25,4,,1,70,,25604,25,4,,1,30,,25614,25,4,,1,70,,25620,25,4,,1,30,,25611,25,4,,1,70,,25608,25,4,,1,30,,25602,25,4,,1,70,,17420,25,4,,1,30,,25623,25,4,,1,70,,25609,25,4,,1,30,,25610,25,4,,1,70,,18695,25,4,,1,30,,25615,25,4,,1,70,,20047,25,4,,1,30,,25601,25,4,,1,70,,25607,25,4,,1,30,,25624,25,4,,1,100,,25618,25,4,,1,100,,25622,25,4,,1,100,,25605,25,4,,1,100,,25617,25,4,,1,100,,25619,25,4,,1
40601,'3',1834,,25628,25,4,,1,100,,25629,25,4,,1,100,,25625,25,4,,1,100,,25630,25,4,,1,100,,25626,25,4,,1,100,,25627,25,4,,1
40601,'8',934,,25647,25,4,,1,100,,25637,25,4,,1,70,,25635,25,4,,1,30,,25642,25,4,,1,70,,25644,25,4,,1,30,,25646,25,4,,1,70,,25648,25,4,,1,30,,25633,25,4,,1,70,,25638,25,4,,1,30,,25645,25,4,,1,70,,25634,25,4,,1,30,,25641,25,4,,1,70,,25640,25,4,,1,30,,25632,25,4,,1,70,,25636,25,4,,1,30,,20912,25,4,,1,70,,25643,25,4,,1,30,,25631,25,4,,1,100,,25639,25,4,,1
40801,'1',1836,,25731,38,4,,1,98,,25728,38,4,,1,100,,25729,38,4,,1,100,,25730,38,4,,1,100,,25727,38,4,,1,100,,25726,38,4,,1
40801,'10',1836,,11368,38,4,,1,98,,11630,38,4,,1,100,,4970,38,4,,1,100,,25733,38,4,,1,100,,4764,38,4,,1,100,,25732,38,4,,1
40801,'11',936,,25749,38,4,,1,100,,25744,38,4,,1,70,,25739,38,4,,1,30,,25746,38,4,,1,70,,25748,38,4,,1,30,,20027,38,4,,1,70,,25747,38,4,,1,30,,25751,38,4,,1,70,,25750,38,4,,1,30,,25736,38,4,,1,70,,25745,38,4,,1,30,,25742,38,4,,1,70,,25740,38,4,,1,30,,25743,38,4,,1,70,,25741,38,4,,1,30,,25737,38,4,,1,70,,25734,38,4,,1,30,,25735,38,4,,1,98,,25738,38,4,,1
40801,'13',704,,25768,38,4,,1,32,,25760,38,4,,1,70,,25777,38,4,,1,30,,25771,38,4,,1,70,,25770,38,4,,1,30,,25761,38,4,,1,70,,25772,38,4,,1,30,,25762,38,4,,1,70,,25759,38,4,,1,30,,25775,38,4,,1,70,,25753,38,4,,1,30,,25763,38,4,,1,70,,17992,38,4,,1,30,,25769,38,4,,1,70,,18996,38,4,,1,30,,25766,38,4,,1,70,,25757,38,4,,1,30,,25754,38,4,,1,70,,25755,38,4,,1,30,,25774,38,4,,1,70,,19563,38,4,,1,30,,25758,38,4,,1,70,,25764,38,4,,1,30,,25776,38,4,,1,98,,25767,38,4,,1,100,,25756,38,4,,1,100,,25773,38,4,,1,100,,25765,38,4,,1,100,,25752,38,4,,1
40801,'3',1836,,11415,38,4,,1,98,,11677,38,4,,1,100,,5022,38,4,,1,100,,25779,38,4,,1,100,,4788,38,4,,1,100,,25778,38,4,,1
40801,'8',936,,25793,38,4,,1,100,,25788,38,4,,1,70,,25784,38,4,,1,30,,25790,38,4,,1,70,,25792,38,4,,1,30,,25795,38,4,,1,70,,25791,38,4,,1,30,,25796,38,4,,1,70,,25794,38,4,,1,30,,25782,38,4,,1,70,,25789,38,4,,1,30,,25786,38,4,,1,70,,16437,38,4,,1,30,,25787,38,4,,1,70,,25785,38,4,,1,30,,18175,38,4,,1,70,,25780,38,4,,1,30,,25781,38,4,,1,98,,25783,38,4,,1
40901,'1',1903,,25882,36,4,,1,99,,25881,36,4,,1,100,,25883,36,4,,1,100,,25884,36,4,,1,100,,25880,36,4,,1
40901,'10',1903,,25887,36,4,,1,99,,25886,36,4,,1,100,,25888,36,4,,1,100,,25889,36,4,,1,100,,25885,36,4,,1
40901,'11',903,,25890,36,4,,1,100,,25896,36,4,,1,100,,10463,36,4,,1,30,,25898,36,4,,1,70,,25894,36,4,,1,30,,25903,36,4,,1,70,,25895,36,4,,1,30,,25905,36,4,,1,70,,25901,36,4,,1,30,,25899,36,4,,1,70,,25892,36,4,,1,30,,5651,36,4,,1,70,,9552,36,4,,1,30,,25904,36,4,,1,70,,25902,36,4,,1,30,,25900,36,4,,1,70,,25891,36,4,,1,30,,25906,36,4,,1,70,,25893,36,4,,1,99,,25897,36,4,,1
40901,'13',703,,25924,36,4,,1,30,,25921,36,4,,1,70,,25929,36,4,,1,30,,25913,36,4,,1,70,,25925,36,4,,1,30,,25914,36,4,,1,70,,25931,36,4,,1,30,,25915,36,4,,1,70,,5876,36,4,,1,30,,25928,36,4,,1,70,,25911,36,4,,1,30,,25930,36,4,,1,70,,25917,36,4,,1,30,,25922,36,4,,1,70,,25916,36,4,,1,30,,25926,36,4,,1,70,,25907,36,4,,1,30,,25919,36,4,,1,70,,25920,36,4,,1,30,,25923,36,4,,1,70,,25932,36,4,,1,30,,25918,36,4,,1,70,,25912,36,4,,1,30,,25910,36,4,,1,70,,25933,36,4,,1,99,,25908,36,4,,1,100,,8497,36,4,,1,100,,25927,36,4,,1,100,,25909,36,4,,1
40901,'3',1903,,25936,36,4,,1,99,,25935,36,4,,1,100,,4488,36,4,,1,100,,25937,36,4,,1,100,,25934,36,4,,1
40901,'8',903,,25938,36,4,,1,100,,25944,36,4,,1,100,,25947,36,4,,1,30,,25946,36,4,,1,70,,25942,36,4,,1,30,,25952,36,4,,1,70,,25943,36,4,,1,30,,25953,36,4,,1,70,,19755,36,4,,1,30,,25948,36,4,,1,70,,25940,36,4,,1,30,,25950,36,4,,1,70,,25954,36,4,,1,30,,19416,36,4,,1,70,,25951,36,4,,1,30,,25949,36,4,,1,70,,25939,36,4,,1,30,,25955,36,4,,1,70,,25941,36,4,,1,99,,25945,36,4,,1
41201,'1',1831,,26153,44,4,,1,99,,26150,44,4,,1,100,,26152,44,4,,1,100,,26149,44,4,,1,100,,26148,44,4,,1,100,,26151,44,4,,1
41201,'10',1831,,6707,44,4,,1,99,,26155,44,4,,1,100,,26157,44,4,,1,100,,11224,44,4,,1,100,,26154,44,4,,1,100,,26156,44,4,,1
41201,'11',930,,26169,44,4,,1,101,,26160,44,4,,1,70,,10071,44,4,,1,30,,26163,44,4,,1,70,,26158,44,4,,1,30,,26164,44,4,,1,70,,26159,44,4,,1,30,,9547,44,4,,1,70,,26167,44,4,,1,30,,14514,44,4,,1,70,,26162,44,4,,1,30,,8073,44,4,,1,70,,8486,44,4,,1,30,,26165,44,4,,1,70,,26161,44,4,,1,30,,26170,44,4,,1,70,,26168,44,4,,1,30,,26171,44,4,,1,99,,26166,44,4,,1,100,,9809,44,4,,1
41201,'13',630,,26182,44,4,,1,70,,26175,44,4,,1,30,,26173,44,4,,1,70,,26184,44,4,,1,30,,26174,44,4,,1,70,,26190,44,4,,1,30,,26181,44,4,,1,70,,26191,44,4,,1,31,,26188,44,4,,1,70,,26176,44,4,,1,30,,26185,44,4,,1,70,,26186,44,4,,1,30,,26187,44,4,,1,70,,6486,44,4,,1,30,,26172,44,4,,1,70,,26180,44,4,,1,30,,26196,44,4,,1,70,,26197,44,4,,1,30,,26183,44,4,,1,70,,20043,44,4,,1,30,,17155,44,4,,1,70,,26194,44,4,,1,30,,26192,44,4,,1,70,,26193,44,4,,1,30,,26178,44,4,,1,99,,14310,44,4,,1,100,,26179,44,4,,1,100,,26195,44,4,,1,100,,26189,44,4,,1,100,,26177,44,4,,1
41201,'3',1831,,6749,44,4,,1,99,,26199,44,4,,1,100,,26201,44,4,,1,100,,11267,44,4,,1,100,,26198,44,4,,1,100,,26200,44,4,,1
41201,'8',930,,26218,44,4,,1,101,,26205,44,4,,1,70,,26204,44,4,,1,30,,26208,44,4,,1,70,,26202,44,4,,1,30,,26209,44,4,,1,70,,26203,44,4,,1,30,,26211,44,4,,1,70,,26216,44,4,,1,30,,26212,44,4,,1,70,,26207,44,4,,1,30,,26213,44,4,,1,70,,26214,44,4,,1,30,,26210,44,4,,1,70,,26206,44,4,,1,30,,26219,44,4,,1,70,,26217,44,4,,1,30,,26220,44,4,,1,99,,18647,44,4,,1,100,,26215,44,4,,1
43700,'1',1937,,27225,24,4,,1,100,,27232,24,4,,1,100,,27231,24,4,,1,100,,27227,24,4,,1,100,,27224,24,4,,1
43700,'10',1937,,27235,24,4,,1,100,,27242,24,4,,1,100,,27241,24,4,,1,100,,27237,24,4,,1,100,,27234,24,4,,1
43700,'13',1937,,17864,24,4,,1,100,,27247,24,4,,1,100,,27249,24,4,,1,100,,27248,24,4,,1,100,,17979,24,4,,1
43700,'3',1937,,27251,24,4,,1,100,,27258,24,4,,1,100,,27257,24,4,,1,100,,27253,24,4,,1,100,,4202,24,4,,1
43701,'1',1909,,27263,16,4,,1,100,,27269,16,4,,1,100,,27267,16,4,,1,100,,27262,16,4,,1,100,,27260,16,4,,1
43701,'10',1909,,21225,16,4,,1,100,,10322,16,4,,1,100,,27274,16,4,,1,100,,27272,16,4,,1,100,,27270,16,4,,1
43701,'13',1909,,27279,16,4,,1,100,,17978,16,4,,1,100,,27278,16,4,,1,100,,27277,16,4,,1,100,,27283,16,4,,1
43701,'3',1909,,21250,16,4,,1,100,,10364,16,4,,1,100,,27289,16,4,,1,100,,27286,16,4,,1,100,,27284,16,4,,1
