30100,'15',608,,8846,15,0,5 6,1,30,,8861,15,0,5 6,1,70,,8850,15,0,5 6,1,30,,8836,15,0,5 6,1,70,,8845,15,0,5 6,1,30,,8839,15,0,5 6,1,70,,8827,15,0,5 6,1,30,,8841,15,0,5 6,1,70,,8849,15,0,5 6,1,30,,8834,15,0,5 6,1,70,,8853,15,0,5 6,1,30,,8857,15,0,5 6,1,70,,8828,15,0,5 6,1,30,,8843,15,0,5 6,1,70,,8871,15,0,5 6,1,30,,8831,15,0,5 6,1,70,,8851,15,0,5 6,1,30,,8838,15,0,5 6,1,70,,8837,15,0,5 6,1,30,,8854,15,0,5 6,1,70,,8855,15,0,5 6,1,30,,8858,15,0,5 6,1,70,,8840,15,0,5 6,1,30,,8829,15,0,5 6,1
30100,'16',608,,2451,15,0,5 6,1,30,,8895,15,0,5 6,1,70,,8887,15,0,5 6,1,30,,8879,15,0,5 6,1,70,,8885,15,0,5 6,1,30,,8881,15,0,5 6,1,70,,8873,15,0,5 6,1,30,,8883,15,0,5 6,1,70,,1097,15,0,5 6,1,30,,6860,15,0,5 6,1,70,,8890,15,0,5 6,1,30,,8893,15,0,5 6,1,70,,5228,15,0,5 6,1,30,,2909,15,0,5 6,1,70,,8905,15,0,5 6,1,30,,8875,15,0,5 6,1,70,,8888,15,0,5 6,1,30,,2345,15,0,5 6,1,70,,8880,15,0,5 6,1,30,,8891,15,0,5 6,1,70,,8892,15,0,5 6,1,30,,1201,15,0,5 6,1,70,,8882,15,0,5 6,1,30,,4441,15,0,5 6,1
30100,'17',608,,2474,15,0,5 6,1,30,,8928,15,0,5 6,1,70,,8920,15,0,5 6,1,30,,8912,15,0,5 6,1,70,,8918,15,0,5 6,1,30,,8914,15,0,5 6,1,70,,8907,15,0,5 6,1,30,,8916,15,0,5 6,1,70,,1122,15,0,5 6,1,30,,6865,15,0,5 6,1,70,,8923,15,0,5 6,1,30,,8926,15,0,5 6,1,70,,5278,15,0,5 6,1,30,,2975,15,0,5 6,1,70,,8938,15,0,5 6,1,30,,8908,15,0,5 6,1,70,,8921,15,0,5 6,1,30,,2371,15,0,5 6,1,70,,8913,15,0,5 6,1,30,,8924,15,0,5 6,1,70,,8925,15,0,5 6,1,30,,1225,15,0,5 6,1,70,,8915,15,0,5 6,1,30,,4451,15,0,5 6,1
30100,'19',608,,8959,15,0,5 6,1,30,,8974,15,0,5 6,1,70,,8963,15,0,5 6,1,30,,8950,15,0,5 6,1,70,,5651,15,0,5 6,1,30,,8953,15,0,5 6,1,70,,8941,15,0,5 6,1,30,,8955,15,0,5 6,1,70,,8962,15,0,5 6,1,30,,8948,15,0,5 6,1,70,,8966,15,0,5 6,1,30,,8970,15,0,5 6,1,70,,8942,15,0,5 6,1,30,,8957,15,0,5 6,1,70,,8983,15,0,5 6,1,30,,8945,15,0,5 6,1,70,,8964,15,0,5 6,1,30,,8952,15,0,5 6,1,70,,8951,15,0,5 6,1,30,,8967,15,0,5 6,1,70,,8968,15,0,5 6,1,30,,8971,15,0,5 6,1,70,,8954,15,0,5 6,1,30,,8943,15,0,5 6,1
30100,'5',608,,2497,15,0,5 6,1,30,,9004,15,0,5 6,1,70,,8997,15,0,5 6,1,30,,4998,15,0,5 6,1,70,,8995,15,0,5 6,1,30,,8991,15,0,5 6,1,70,,8985,15,0,5 6,1,30,,8993,15,0,5 6,1,70,,1147,15,0,5 6,1,30,,6907,15,0,5 6,1,70,,9000,15,0,5 6,1,30,,9002,15,0,5 6,1,70,,5408,15,0,5 6,1,30,,3043,15,0,5 6,1,70,,9014,15,0,5 6,1,30,,8986,15,0,5 6,1,70,,8998,15,0,5 6,1,30,,2396,15,0,5 6,1,70,,8990,15,0,5 6,1,30,,4214,15,0,5 6,1,70,,9001,15,0,5 6,1,30,,1249,15,0,5 6,1,70,,8992,15,0,5 6,1,30,,4474,15,0,5 6,1
30100,'6',608,,9036,15,0,5 6,1,30,,9051,15,0,5 6,1,70,,9040,15,0,5 6,1,30,,9026,15,0,5 6,1,70,,9035,15,0,5 6,1,30,,9029,15,0,5 6,1,70,,9017,15,0,5 6,1,30,,9031,15,0,5 6,1,70,,9039,15,0,5 6,1,30,,9024,15,0,5 6,1,70,,9043,15,0,5 6,1,30,,9047,15,0,5 6,1,70,,9018,15,0,5 6,1,30,,9033,15,0,5 6,1,70,,9061,15,0,5 6,1,30,,9021,15,0,5 6,1,70,,9041,15,0,5 6,1,30,,9028,15,0,5 6,1,70,,9027,15,0,5 6,1,30,,9044,15,0,5 6,1,70,,9045,15,0,5 6,1,30,,9048,15,0,5 6,1,70,,9030,15,0,5 6,1,30,,9019,15,0,5 6,1
40100,'1',1103,,16776,15,0,8,1,100,,16774,15,0,8,1,100,,219,15,0,8,1,100,,16770,15,0,8,1,100,,16769,15,0,8,1,100,,16772,15,0,8,1,100,,16775,15,0,8,1,100,,16771,15,0,8,1
40100,'10',633,,16792,15,0,8,1,70,,16826,15,0,8,1,30,,16808,15,0,8,1,70,,16820,15,0,8,1,30,,16811,15,0,8,1,70,,16818,15,0,8,1,30,,16803,15,0,8,1,70,,16819,15,0,8,1,30,,16828,15,0,8,1,70,,16832,15,0,8,1,30,,16804,15,0,8,1,70,,16790,15,0,8,1,30,,16807,15,0,8,1,70,,16784,15,0,8,1,30,,16781,15,0,8,1,70,,16815,15,0,8,1,30,,16778,15,0,8,1,70,,16823,15,0,8,1,30,,16799,15,0,8,1,70,,16797,15,0,8,1,30,,16806,15,0,8,1,70,,16783,15,0,8,1,30,,16780,15,0,8,1,70,,16805,15,0,8,1,100,,16812,15,0,8,1,100,,16835,15,0,8,1,100,,16789,15,0,8,1,100,,16788,15,0,8,1,100,,16785,15,0,8,1,100,,16794,15,0,8,1
40100,'12',903,,16860,15,0,8,1,100,,16864,15,0,8,1,30,,16843,15,0,8,1,70,,16870,15,0,8,1,30,,16862,15,0,8,1,70,,16854,15,0,8,1,30,,16851,15,0,8,1,70,,16868,15,0,8,1,30,,16852,15,0,8,1,70,,6122,15,0,8,1,30,,16866,15,0,8,1,70,,7866,15,0,8,1,30,,16837,15,0,8,1,70,,16849,15,0,8,1,30,,16842,15,0,8,1,70,,16872,15,0,8,1,30,,16867,15,0,8,1,70,,16869,15,0,8,1,100,,16859,15,0,8,1,100,,16865,15,0,8,1
40100,'15',1803,,16877,15,0,8,1,100,,16883,15,0,8,1,100,,16885,15,0,8,1,100,,16886,15,0,8,1,100,,16881,15,0,8,1,100,,16879,15,0,8,1,100,,16882,15,0,8,1
40100,'16',1803,,615,15,0,8,1,100,,16894,15,0,8,1,100,,16896,15,0,8,1,100,,16897,15,0,8,1,100,,284,15,0,8,1,100,,16893,15,0,8,1,100,,16892,15,0,8,1
40100,'17',1803,,639,15,0,8,1,100,,16905,15,0,8,1,100,,16907,15,0,8,1,100,,16908,15,0,8,1,100,,334,15,0,8,1,100,,16903,15,0,8,1,100,,16904,15,0,8,1
40100,'19',1803,,16913,15,0,8,1,100,,16919,15,0,8,1,100,,16921,15,0,8,1,100,,16922,15,0,8,1,100,,16917,15,0,8,1,100,,16915,15,0,8,1,100,,16918,15,0,8,1
40100,'21',633,,16934,15,0,8,1,70,,16962,15,0,8,1,30,,16945,15,0,8,1,70,,16956,15,0,8,1,30,,16948,15,0,8,1,70,,16954,15,0,8,1,30,,16942,15,0,8,1,70,,16955,15,0,8,1,30,,16964,15,0,8,1,70,,16968,15,0,8,1,30,,16943,15,0,8,1,70,,16933,15,0,8,1,30,,7358,15,0,8,1,70,,16928,15,0,8,1,30,,6472,15,0,8,1,70,,16951,15,0,8,1,30,,7825,15,0,8,1,70,,16959,15,0,8,1,30,,16939,15,0,8,1,70,,7576,15,0,8,1,30,,7225,15,0,8,1,70,,16927,15,0,8,1,30,,16925,15,0,8,1,70,,16944,15,0,8,1,100,,16949,15,0,8,1,100,,16971,15,0,8,1,100,,16932,15,0,8,1,100,,16931,15,0,8,1,100,,16929,15,0,8,1,100,,16936,15,0,8,1
40100,'5',1803,,663,15,0,8,1,100,,16980,15,0,8,1,100,,16982,15,0,8,1,100,,16983,15,0,8,1,100,,384,15,0,8,1,100,,16978,15,0,8,1,100,,16979,15,0,8,1
40100,'6',1803,,16988,15,0,8,1,100,,16994,15,0,8,1,100,,16996,15,0,8,1,100,,16997,15,0,8,1,100,,16992,15,0,8,1,100,,16990,15,0,8,1,100,,16993,15,0,8,1
