31101,'11',617,,28329,32,0,43 44,1,30,,28323,32,0,43 44,1,70,,28320,32,0,43 44,1,30,,28315,32,0,43 44,1,70,,28324,32,0,43 44,1,30,,28335,32,0,43 44,1,70,,28318,32,0,43 44,1,30,,28319,32,0,43 44,1,70,,28322,32,0,43 44,1,30,,28317,32,0,43 44,1,70,,28316,32,0,43 44,1,30,,28327,32,0,43 44,1,70,,28334,32,0,43 44,1,30,,23612,32,0,43 44,1,70,,28333,32,0,43 44,1,30,,28326,32,0,43 44,1,70,,22228,32,0,43 44,1,32,,28321,32,0,43 44,1,70,,28331,32,0,43 44,1,30,,28328,32,0,43 44,1,70,,24496,32,0,43 44,1,30,,28330,32,0,43 44,1,70,,23262,32,0,43 44,1,30,,28332,32,0,43 44,1,70,,28325,32,0,43 44,1
31101,'3',617,,28350,32,0,43 44,1,30,,28344,32,0,43 44,1,70,,28341,32,0,43 44,1,30,,28336,32,0,43 44,1,70,,28345,32,0,43 44,1,30,,28356,32,0,43 44,1,70,,28339,32,0,43 44,1,30,,28340,32,0,43 44,1,70,,28343,32,0,43 44,1,30,,28338,32,0,43 44,1,70,,28337,32,0,43 44,1,30,,28348,32,0,43 44,1,70,,28355,32,0,43 44,1,30,,23632,32,0,43 44,1,70,,28354,32,0,43 44,1,30,,28347,32,0,43 44,1,70,,22247,32,0,43 44,1,32,,28342,32,0,43 44,1,70,,28352,32,0,43 44,1,30,,28349,32,0,43 44,1,70,,24603,32,0,43 44,1,30,,28351,32,0,43 44,1,70,,23285,32,0,43 44,1,30,,28353,32,0,43 44,1,70,,28346,32,0,43 44,1
31801,'11',619,,28891,36,0,45 50,1,30,,28889,36,0,45 50,1,71,,28909,36,0,45 50,1,30,,21599,36,0,45 50,1,70,,28900,36,0,45 50,1,30,,28907,36,0,45 50,1,70,,21830,36,0,45 50,1,30,,28890,36,0,45 50,1,71,,28912,36,0,45 50,1,30,,28905,36,0,45 50,1,70,,28895,36,0,45 50,1,30,,28896,36,0,45 50,1,70,,28908,36,0,45 50,1,30,,28903,36,0,45 50,1,70,,28911,36,0,45 50,1,30,,28897,36,0,45 50,1,68,,28901,36,0,45 50,1,30,,28902,36,0,45 50,1,70,,28892,36,0,45 50,1,30,,28904,36,0,45 50,1,70,,28898,36,0,45 50,1,30,,28899,36,0,45 50,1,70,,28906,36,0,45 50,1,30,,28893,36,0,45 50,1,75,,28910,36,0,45 50,1,26,,28894,36,0,45 50,1
31801,'3',619,,28915,36,0,45 50,1,30,,28913,36,0,45 50,1,71,,28933,36,0,45 50,1,30,,21642,36,0,45 50,1,70,,28924,36,0,45 50,1,30,,28931,36,0,45 50,1,70,,21853,36,0,45 50,1,30,,28914,36,0,45 50,1,71,,28936,36,0,45 50,1,30,,28929,36,0,45 50,1,70,,28919,36,0,45 50,1,30,,28920,36,0,45 50,1,70,,28932,36,0,45 50,1,30,,28927,36,0,45 50,1,70,,28935,36,0,45 50,1,30,,28921,36,0,45 50,1,68,,28925,36,0,45 50,1,30,,28926,36,0,45 50,1,70,,28916,36,0,45 50,1,30,,28928,36,0,45 50,1,70,,28922,36,0,45 50,1,30,,28923,36,0,45 50,1,70,,28930,36,0,45 50,1,30,,28917,36,0,45 50,1,75,,28934,36,0,45 50,1,26,,28918,36,0,45 50,1
41801,'1',634,,32176,36,0,45 50,1,70,,22250,36,0,45 50,1,30,,32182,36,0,45 50,1,70,,32180,36,0,45 50,1,30,,22630,36,0,45 50,1,70,,32167,36,0,45 50,1,30,,32183,36,0,45 50,1,70,,23674,36,0,45 50,1,32,,32166,36,0,45 50,1,70,,32179,36,0,45 50,1,30,,32174,36,0,45 50,1,70,,23672,36,0,45 50,1,30,,32184,36,0,45 50,1,70,,32171,36,0,45 50,1,30,,32175,36,0,45 50,1,70,,23314,36,0,45 50,1,30,,32172,36,0,45 50,1,70,,22321,36,0,45 50,1,30,,24377,36,0,45 50,1,70,,22513,36,0,45 50,1,30,,32168,36,0,45 50,1,70,,32181,36,0,45 50,1,30,,23605,36,0,45 50,1,70,,24265,36,0,45 50,1,30,,32178,36,0,45 50,1,70,,32177,36,0,45 50,1,98,,32170,36,0,45 50,1,100,,32169,36,0,45 50,1,100,,32185,36,0,45 50,1,100,,32173,36,0,45 50,1
41801,'11',1906,,32186,36,0,45 50,1,98,,6787,36,0,45 50,1,100,,32187,36,0,45 50,1,100,,23474,36,0,45 50,1,100,,23057,36,0,45 50,1
41801,'12',1206,,32191,36,0,45 50,1,100,,32189,36,0,45 50,1,100,,25745,36,0,45 50,1,100,,32192,36,0,45 50,1,100,,32193,36,0,45 50,1,100,,32190,36,0,45 50,1,100,,32188,36,0,45 50,1
41801,'14',634,,16237,36,0,45 50,1,70,,32199,36,0,45 50,1,30,,32216,36,0,45 50,1,70,,32214,36,0,45 50,1,30,,32201,36,0,45 50,1,70,,32195,36,0,45 50,1,30,,32217,36,0,45 50,1,70,,32213,36,0,45 50,1,32,,32194,36,0,45 50,1,70,,32211,36,0,45 50,1,30,,32206,36,0,45 50,1,70,,32210,36,0,45 50,1,30,,32218,36,0,45 50,1,70,,25216,36,0,45 50,1,30,,25846,36,0,45 50,1,70,,32207,36,0,45 50,1,30,,32200,36,0,45 50,1,70,,32202,36,0,45 50,1,30,,32205,36,0,45 50,1,70,,32203,36,0,45 50,1,30,,32196,36,0,45 50,1,70,,32215,36,0,45 50,1,30,,32208,36,0,45 50,1,70,,32212,36,0,45 50,1,30,,25233,36,0,45 50,1,70,,32209,36,0,45 50,1,98,,32198,36,0,45 50,1,100,,32197,36,0,45 50,1,100,,32219,36,0,45 50,1,100,,32204,36,0,45 50,1
41801,'3',1906,,32220,36,0,45 50,1,98,,6831,36,0,45 50,1,100,,32221,36,0,45 50,1,100,,23511,36,0,45 50,1,100,,23076,36,0,45 50,1
41801,'8',904,,32226,36,0,45 50,1,100,,32222,36,0,45 50,1,102,,32225,36,0,45 50,1,30,,32237,36,0,45 50,1,70,,32228,36,0,45 50,1,30,,32240,36,0,45 50,1,70,,32241,36,0,45 50,1,30,,32227,36,0,45 50,1,70,,32233,36,0,45 50,1,30,,32231,36,0,45 50,1,70,,32224,36,0,45 50,1,30,,32234,36,0,45 50,1,70,,32235,36,0,45 50,1,30,,32239,36,0,45 50,1,70,,32236,36,0,45 50,1,30,,32223,36,0,45 50,1,70,,32230,36,0,45 50,1,30,,32238,36,0,45 50,1,70,,32232,36,0,45 50,1,98,,32229,36,0,45 50,1
