31701,'12',622,,35896,25,0,62,1,30,,35885,25,0,62,1,70,,35883,25,0,62,1,30,,35876,25,0,62,1,70,,35880,25,0,62,1,30,,35886,25,0,62,1,70,,35888,25,0,62,1,30,,35873,25,0,62,1,71,,35894,25,0,62,1,30,,35877,25,0,62,1,70,,35878,25,0,62,1,30,,35892,25,0,62,1,70,,35895,25,0,62,1,30,,35889,25,0,62,1,70,,35891,25,0,62,1,30,,35884,25,0,62,1,71,,35882,25,0,62,1,30,,35879,25,0,62,1,70,,35893,25,0,62,1,30,,35890,25,0,62,1,70,,35875,25,0,62,1,30,,35887,25,0,62,1,70,,35874,25,0,62,1,30,,35881,25,0,62,1
31701,'13',622,,35918,25,0,62,1,30,,22658,25,0,62,1,70,,35906,25,0,62,1,30,,35899,25,0,62,1,70,,35903,25,0,62,1,30,,35908,25,0,62,1,70,,35910,25,0,62,1,30,,35897,25,0,62,1,71,,35916,25,0,62,1,30,,35900,25,0,62,1,70,,35901,25,0,62,1,30,,35914,25,0,62,1,70,,35917,25,0,62,1,30,,35911,25,0,62,1,70,,35913,25,0,62,1,30,,35907,25,0,62,1,71,,35905,25,0,62,1,30,,35902,25,0,62,1,70,,35915,25,0,62,1,30,,35912,25,0,62,1,70,,27975,25,0,62,1,30,,35909,25,0,62,1,70,,35898,25,0,62,1,30,,35904,25,0,62,1
31701,'3',622,,35940,25,0,62,1,30,,22678,25,0,62,1,70,,35928,25,0,62,1,30,,35921,25,0,62,1,70,,35925,25,0,62,1,30,,35930,25,0,62,1,70,,35932,25,0,62,1,30,,35919,25,0,62,1,71,,35938,25,0,62,1,30,,35922,25,0,62,1,70,,35923,25,0,62,1,30,,35936,25,0,62,1,70,,35939,25,0,62,1,30,,35933,25,0,62,1,70,,35935,25,0,62,1,30,,35929,25,0,62,1,71,,35927,25,0,62,1,30,,35924,25,0,62,1,70,,35937,25,0,62,1,30,,35934,25,0,62,1,70,,27998,25,0,62,1,30,,35931,25,0,62,1,70,,35920,25,0,62,1,30,,35926,25,0,62,1
31701,'6',622,,35964,25,0,62,1,30,,35953,25,0,62,1,70,,35951,25,0,62,1,30,,35944,25,0,62,1,70,,35948,25,0,62,1,30,,35954,25,0,62,1,70,,35956,25,0,62,1,30,,35941,25,0,62,1,71,,35962,25,0,62,1,30,,35945,25,0,62,1,70,,35946,25,0,62,1,30,,35960,25,0,62,1,70,,35963,25,0,62,1,30,,35957,25,0,62,1,70,,35959,25,0,62,1,30,,35952,25,0,62,1,71,,35950,25,0,62,1,30,,35947,25,0,62,1,70,,35961,25,0,62,1,30,,35958,25,0,62,1,70,,35943,25,0,62,1,30,,35955,25,0,62,1,70,,35942,25,0,62,1,30,,35949,25,0,62,1
41701,'1',627,,40905,19,0,62,1,30,,40894,19,0,62,1,70,,30080,19,0,62,1,30,,32586,19,0,62,1,70,,40904,19,0,62,1,30,,30610,19,0,62,1,70,,40885,19,0,62,1,30,,40902,19,0,62,1,70,,31345,19,0,62,1,30,,40901,19,0,62,1,70,,29900,19,0,62,1,30,,31670,19,0,62,1,70,,40895,19,0,62,1,30,,40889,19,0,62,1,70,,40899,19,0,62,1,30,,40891,19,0,62,1,70,,40900,19,0,62,1,30,,40893,19,0,62,1,70,,29109,19,0,62,1,30,,32248,19,0,62,1,70,,40897,19,0,62,1,30,,40898,19,0,62,1,70,,40887,19,0,62,1,30,,40903,19,0,62,1,70,,21426,19,0,62,1,100,,40892,19,0,62,1,100,,40888,19,0,62,1,100,,40886,19,0,62,1,100,,40896,19,0,62,1,100,,40890,19,0,62,1
41701,'11',627,,40935,19,0,62,1,30,,40918,19,0,62,1,70,,40927,19,0,62,1,30,,40923,19,0,62,1,70,,40934,19,0,62,1,30,,40933,19,0,62,1,70,,40908,19,0,62,1,30,,40931,19,0,62,1,70,,40924,19,0,62,1,30,,40930,19,0,62,1,70,,40929,19,0,62,1,30,,40910,19,0,62,1,70,,40919,19,0,62,1,30,,40913,19,0,62,1,70,,40926,19,0,62,1,30,,40915,19,0,62,1,70,,40928,19,0,62,1,30,,40917,19,0,62,1,70,,40907,19,0,62,1,30,,40906,19,0,62,1,70,,40922,19,0,62,1,30,,40925,19,0,62,1,70,,40911,19,0,62,1,30,,40932,19,0,62,1,70,,40921,19,0,62,1,100,,40916,19,0,62,1,100,,40912,19,0,62,1,100,,40909,19,0,62,1,100,,40920,19,0,62,1,100,,40914,19,0,62,1
41701,'12',1827,,40936,19,0,62,1,100,,40941,19,0,62,1,100,,40940,19,0,62,1,100,,40937,19,0,62,1,100,,40939,19,0,62,1,100,,40938,19,0,62,1
41701,'13',1827,,40942,19,0,62,1,100,,40947,19,0,62,1,100,,40946,19,0,62,1,100,,40943,19,0,62,1,100,,40945,19,0,62,1,100,,40944,19,0,62,1
41701,'14',1127,,40951,19,0,62,1,100,,40953,19,0,62,1,100,,40950,19,0,62,1,100,,40952,19,0,62,1,100,,40954,19,0,62,1,100,,40949,19,0,62,1,100,,40948,19,0,62,1
41701,'16',627,,40976,19,0,62,1,30,,40964,19,0,62,1,70,,30161,19,0,62,1,30,,40968,19,0,62,1,70,,40975,19,0,62,1,30,,30647,19,0,62,1,70,,40955,19,0,62,1,30,,40973,19,0,62,1,70,,31386,19,0,62,1,30,,40972,19,0,62,1,70,,29981,19,0,62,1,30,,31726,19,0,62,1,70,,40965,19,0,62,1,30,,40959,19,0,62,1,70,,40970,19,0,62,1,30,,40961,19,0,62,1,70,,40971,19,0,62,1,30,,40963,19,0,62,1,70,,17746,19,0,62,1,30,,32291,19,0,62,1,70,,40967,19,0,62,1,30,,40969,19,0,62,1,70,,40957,19,0,62,1,30,,40974,19,0,62,1,70,,31209,19,0,62,1,100,,40962,19,0,62,1,100,,40958,19,0,62,1,100,,40956,19,0,62,1,100,,40966,19,0,62,1,100,,40960,19,0,62,1
41701,'3',1827,,40977,19,0,62,1,100,,40982,19,0,62,1,100,,40981,19,0,62,1,100,,40978,19,0,62,1,100,,40980,19,0,62,1,100,,40979,19,0,62,1
41701,'6',1827,,40983,19,0,62,1,100,,40988,19,0,62,1,100,,40987,19,0,62,1,100,,40984,19,0,62,1,100,,40986,19,0,62,1,100,,40985,19,0,62,1
41701,'8',927,,40990,19,0,62,1,130,,41004,19,0,62,1,70,,40991,19,0,62,1,30,,40998,19,0,62,1,70,,40994,19,0,62,1,30,,40992,19,0,62,1,70,,40999,19,0,62,1,100,,41000,19,0,62,1,30,,40989,19,0,62,1,70,,40995,19,0,62,1,30,,40997,19,0,62,1,70,,41001,19,0,62,1,30,,41003,19,0,62,1,70,,40996,19,0,62,1,30,,40993,19,0,62,1,70,,41002,19,0,62,1,100,,30209,19,0,62,1
