31100,'11',618,,28272,7,0,43 44,1,30,,28285,7,0,43 44,1,70,,28281,7,0,43 44,1,30,,28287,7,0,43 44,1,70,,28280,7,0,43 44,1,30,,28275,7,0,43 44,1,70,,28284,7,0,43 44,1,30,,28283,7,0,43 44,1,70,,28291,7,0,43 44,1,30,,28288,7,0,43 44,1,70,,28278,7,0,43 44,1,30,,28279,7,0,43 44,1,70,,28289,7,0,43 44,1,30,,28290,7,0,43 44,1,70,,28276,7,0,43 44,1,30,,28277,7,0,43 44,1,71,,28286,7,0,43 44,1,30,,28271,7,0,43 44,1,70,,28292,7,0,43 44,1,30,,28273,7,0,43 44,1,70,,21774,7,0,43 44,1,30,,24734,7,0,43 44,1,70,,28282,7,0,43 44,1,30,,28274,7,0,43 44,1
31100,'3',618,,28294,7,0,43 44,1,30,,28307,7,0,43 44,1,70,,28303,7,0,43 44,1,30,,28309,7,0,43 44,1,70,,28302,7,0,43 44,1,30,,28297,7,0,43 44,1,70,,28306,7,0,43 44,1,30,,28305,7,0,43 44,1,70,,28313,7,0,43 44,1,30,,28310,7,0,43 44,1,70,,28300,7,0,43 44,1,30,,28301,7,0,43 44,1,70,,28311,7,0,43 44,1,30,,28312,7,0,43 44,1,70,,28298,7,0,43 44,1,30,,28299,7,0,43 44,1,71,,28308,7,0,43 44,1,30,,28293,7,0,43 44,1,70,,28314,7,0,43 44,1,30,,28295,7,0,43 44,1,70,,21795,7,0,43 44,1,30,,24835,7,0,43 44,1,70,,28304,7,0,43 44,1,30,,28296,7,0,43 44,1
31800,'11',602,,28858,5,0,45 46 18,1,30,,20436,5,0,45 46 18,1,70,,28855,5,0,45 46 18,1,30,,28851,5,0,45 46 18,1,70,,28849,5,0,45 46 18,1,30,,28859,5,0,45 46 18,1,70,,28861,5,0,45 46 18,1,30,,28860,5,0,45 46 18,1,70,,28863,5,0,45 46 18,1,30,,28852,5,0,45 46 18,1,70,,28867,5,0,45 46 18,1,30,,28868,5,0,45 46 18,1,70,,28857,5,0,45 46 18,1,30,,21708,5,0,45 46 18,1,70,,28865,5,0,45 46 18,1,30,,28856,5,0,45 46 18,1,70,,27315,5,0,45 46 18,1,30,,27157,5,0,45 46 18,1,70,,28854,5,0,45 46 18,1,30,,28853,5,0,45 46 18,1,70,,25580,5,0,45 46 18,1,30,,28866,5,0,45 46 18,1,70,,28850,5,0,45 46 18,1,30,,28864,5,0,45 46 18,1,70,,28862,5,0,45 46 18,1
31800,'3',602,,28878,5,0,45 46 18,1,30,,20452,5,0,45 46 18,1,70,,28875,5,0,45 46 18,1,30,,28871,5,0,45 46 18,1,70,,28869,5,0,45 46 18,1,30,,28879,5,0,45 46 18,1,70,,28881,5,0,45 46 18,1,30,,28880,5,0,45 46 18,1,70,,28883,5,0,45 46 18,1,30,,28872,5,0,45 46 18,1,70,,28887,5,0,45 46 18,1,30,,28888,5,0,45 46 18,1,70,,28877,5,0,45 46 18,1,30,,21727,5,0,45 46 18,1,70,,28885,5,0,45 46 18,1,30,,28876,5,0,45 46 18,1,70,,27329,5,0,45 46 18,1,30,,27180,5,0,45 46 18,1,70,,28874,5,0,45 46 18,1,30,,28873,5,0,45 46 18,1,70,,25629,5,0,45 46 18,1,30,,28886,5,0,45 46 18,1,70,,28870,5,0,45 46 18,1,30,,28884,5,0,45 46 18,1,70,,28882,5,0,45 46 18,1
41800,'1',618,,32076,7,0,45 46 18,1,30,,32081,7,0,45 46 18,1,70,,32089,7,0,45 46 18,1,30,,23803,7,0,45 46 18,1,70,,32086,7,0,45 46 18,1,30,,32100,7,0,45 46 18,1,70,,25654,7,0,45 46 18,1,30,,32099,7,0,45 46 18,1,70,,32092,7,0,45 46 18,1,30,,32091,7,0,45 46 18,1,70,,27188,7,0,45 46 18,1,30,,32082,7,0,45 46 18,1,70,,32083,7,0,45 46 18,1,30,,32094,7,0,45 46 18,1,70,,32084,7,0,45 46 18,1,30,,32087,7,0,45 46 18,1,70,,32095,7,0,45 46 18,1,30,,32077,7,0,45 46 18,1,70,,32085,7,0,45 46 18,1,30,,32088,7,0,45 46 18,1,70,,32079,7,0,45 46 18,1,30,,32098,7,0,45 46 18,1,70,,32080,7,0,45 46 18,1,30,,32090,7,0,45 46 18,1,100,,32097,7,0,45 46 18,1,100,,32093,7,0,45 46 18,1,100,,32078,7,0,45 46 18,1,100,,32101,7,0,45 46 18,1,100,,24439,7,0,45 46 18,1,100,,32096,7,0,45 46 18,1
41800,'11',1848,,32102,7,0,45 46 18,1,100,,32106,7,0,45 46 18,1,100,,32105,7,0,45 46 18,1,100,,32103,7,0,45 46 18,1,100,,32107,7,0,45 46 18,1,100,,32104,7,0,45 46 18,1
41800,'12',1048,,25355,7,0,45 46 18,1,100,,32110,7,0,45 46 18,1,100,,32109,7,0,45 46 18,1,100,,32111,7,0,45 46 18,1,100,,32114,7,0,45 46 18,1,100,,32108,7,0,45 46 18,1,100,,32113,7,0,45 46 18,1,100,,32112,7,0,45 46 18,1
41800,'14',618,,32115,7,0,45 46 18,1,30,,32121,7,0,45 46 18,1,70,,32130,7,0,45 46 18,1,30,,32135,7,0,45 46 18,1,70,,32127,7,0,45 46 18,1,30,,32141,7,0,45 46 18,1,70,,32136,7,0,45 46 18,1,30,,32140,7,0,45 46 18,1,70,,32133,7,0,45 46 18,1,30,,32132,7,0,45 46 18,1,70,,32124,7,0,45 46 18,1,30,,32122,7,0,45 46 18,1,70,,32123,7,0,45 46 18,1,30,,32134,7,0,45 46 18,1,70,,32125,7,0,45 46 18,1,30,,32128,7,0,45 46 18,1,70,,26713,7,0,45 46 18,1,30,,32116,7,0,45 46 18,1,70,,32126,7,0,45 46 18,1,30,,32129,7,0,45 46 18,1,70,,32118,7,0,45 46 18,1,30,,32139,7,0,45 46 18,1,70,,32119,7,0,45 46 18,1,30,,32131,7,0,45 46 18,1,100,,32138,7,0,45 46 18,1,100,,25392,7,0,45 46 18,1,100,,32117,7,0,45 46 18,1,100,,32142,7,0,45 46 18,1,100,,32120,7,0,45 46 18,1,100,,32137,7,0,45 46 18,1
41800,'3',1848,,32143,7,0,45 46 18,1,100,,32147,7,0,45 46 18,1,100,,32146,7,0,45 46 18,1,100,,32144,7,0,45 46 18,1,100,,32148,7,0,45 46 18,1,100,,32145,7,0,45 46 18,1
41800,'8',948,,32155,7,0,45 46 18,1,70,,32152,7,0,45 46 18,1,30,,32156,7,0,45 46 18,1,70,,32162,7,0,45 46 18,1,30,,32149,7,0,45 46 18,1,100,,32154,7,0,45 46 18,1,70,,32150,7,0,45 46 18,1,30,,32164,7,0,45 46 18,1,100,,32151,7,0,45 46 18,1,70,,32159,7,0,45 46 18,1,30,,32160,7,0,45 46 18,1,70,,32158,7,0,45 46 18,1,30,,32157,7,0,45 46 18,1,70,,32161,7,0,45 46 18,1,30,,32163,7,0,45 46 18,1,100,,32153,7,0,45 46 18,1,100,,32165,7,0,45 46 18,1
