31801,'12',615,,36057,28,0,45 50,1,30,,36068,28,0,45 50,1,71,,36059,28,0,45 50,1,30,,36064,28,0,45 50,1,70,,36069,28,0,45 50,1,30,,36076,28,0,45 50,1,70,,36071,28,0,45 50,1,30,,36058,28,0,45 50,1,71,,36078,28,0,45 50,1,30,,36075,28,0,45 50,1,70,,36062,28,0,45 50,1,30,,36060,28,0,45 50,1,70,,36067,28,0,45 50,1,30,,36077,28,0,45 50,1,70,,36065,28,0,45 50,1,30,,36074,28,0,45 50,1,68,,36066,28,0,45 50,1,30,,36070,28,0,45 50,1,70,,36063,28,0,45 50,1,30,,36072,28,0,45 50,1,70,,36073,28,0,45 50,1,30,,36061,28,0,45 50,1,70,,36053,28,0,45 50,1,30,,36056,28,0,45 50,1,72,,36055,28,0,45 50,1,29,,36054,28,0,45 50,1
31801,'13',615,,36083,28,0,45 50,1,30,,36092,28,0,45 50,1,71,,36085,28,0,45 50,1,30,,36089,28,0,45 50,1,70,,36093,28,0,45 50,1,30,,36099,28,0,45 50,1,70,,36095,28,0,45 50,1,30,,36084,28,0,45 50,1,71,,36101,28,0,45 50,1,30,,36098,28,0,45 50,1,70,,21825,28,0,45 50,1,30,,36086,28,0,45 50,1,70,,36091,28,0,45 50,1,30,,36100,28,0,45 50,1,70,,9655,28,0,45 50,1,30,,28819,28,0,45 50,1,68,,36090,28,0,45 50,1,30,,36094,28,0,45 50,1,70,,36088,28,0,45 50,1,30,,36096,28,0,45 50,1,70,,36097,28,0,45 50,1,30,,36087,28,0,45 50,1,70,,36079,28,0,45 50,1,30,,36082,28,0,45 50,1,72,,36081,28,0,45 50,1,29,,36080,28,0,45 50,1
31801,'3',615,,36106,28,0,45 50,1,30,,36115,28,0,45 50,1,71,,36108,28,0,45 50,1,30,,36112,28,0,45 50,1,70,,36116,28,0,45 50,1,30,,36122,28,0,45 50,1,70,,36118,28,0,45 50,1,30,,36107,28,0,45 50,1,71,,36124,28,0,45 50,1,30,,36121,28,0,45 50,1,70,,21848,28,0,45 50,1,30,,36109,28,0,45 50,1,70,,36114,28,0,45 50,1,30,,36123,28,0,45 50,1,70,,9697,28,0,45 50,1,30,,28842,28,0,45 50,1,68,,36113,28,0,45 50,1,30,,36117,28,0,45 50,1,70,,36111,28,0,45 50,1,30,,36119,28,0,45 50,1,70,,36120,28,0,45 50,1,30,,36110,28,0,45 50,1,70,,36102,28,0,45 50,1,30,,36105,28,0,45 50,1,72,,36104,28,0,45 50,1,29,,36103,28,0,45 50,1
31801,'6',615,,36129,28,0,45 50,1,30,,36140,28,0,45 50,1,71,,36131,28,0,45 50,1,30,,36136,28,0,45 50,1,70,,36141,28,0,45 50,1,30,,36148,28,0,45 50,1,70,,36143,28,0,45 50,1,30,,36130,28,0,45 50,1,71,,36150,28,0,45 50,1,30,,36147,28,0,45 50,1,70,,36134,28,0,45 50,1,30,,36132,28,0,45 50,1,70,,36139,28,0,45 50,1,30,,36149,28,0,45 50,1,70,,36137,28,0,45 50,1,30,,36146,28,0,45 50,1,68,,36138,28,0,45 50,1,30,,36142,28,0,45 50,1,70,,36135,28,0,45 50,1,30,,36144,28,0,45 50,1,70,,36145,28,0,45 50,1,30,,36133,28,0,45 50,1,70,,36125,28,0,45 50,1,30,,36128,28,0,45 50,1,72,,36127,28,0,45 50,1,29,,36126,28,0,45 50,1
41801,'1',631,,41138,28,0,45 50,1,70,,41133,28,0,45 50,1,30,,41141,28,0,45 50,1,70,,41144,28,0,45 50,1,30,,41131,28,0,45 50,1,70,,41145,28,0,45 50,1,30,,41140,28,0,45 50,1,70,,41132,28,0,45 50,1,31,,41154,28,0,45 50,1,70,,41136,28,0,45 50,1,30,,41137,28,0,45 50,1,70,,41155,28,0,45 50,1,30,,41148,28,0,45 50,1,70,,32507,28,0,45 50,1,30,,29113,28,0,45 50,1,70,,41146,28,0,45 50,1,30,,41142,28,0,45 50,1,70,,41143,28,0,45 50,1,30,,41151,28,0,45 50,1,70,,41150,28,0,45 50,1,30,,41147,28,0,45 50,1,70,,41153,28,0,45 50,1,30,,31460,28,0,45 50,1,70,,41135,28,0,45 50,1,30,,41152,28,0,45 50,1,70,,41134,28,0,45 50,1,99,,41139,28,0,45 50,1,100,,30259,28,0,45 50,1,100,,41149,28,0,45 50,1,100,,29424,28,0,45 50,1
41801,'11',631,,41165,28,0,45 50,1,70,,41159,28,0,45 50,1,30,,41168,28,0,45 50,1,70,,41171,28,0,45 50,1,30,,41157,28,0,45 50,1,70,,41173,28,0,45 50,1,30,,41167,28,0,45 50,1,70,,41158,28,0,45 50,1,31,,41184,28,0,45 50,1,70,,41162,28,0,45 50,1,30,,41163,28,0,45 50,1,70,,41185,28,0,45 50,1,30,,41176,28,0,45 50,1,70,,41172,28,0,45 50,1,30,,41164,28,0,45 50,1,70,,41174,28,0,45 50,1,30,,41169,28,0,45 50,1,70,,41170,28,0,45 50,1,30,,41180,28,0,45 50,1,70,,41179,28,0,45 50,1,30,,41175,28,0,45 50,1,70,,41182,28,0,45 50,1,30,,41156,28,0,45 50,1,70,,41161,28,0,45 50,1,30,,41181,28,0,45 50,1,70,,41160,28,0,45 50,1,99,,41166,28,0,45 50,1,100,,41183,28,0,45 50,1,100,,41178,28,0,45 50,1,100,,41177,28,0,45 50,1
41801,'12',1902,,41188,28,0,45 50,1,99,,41186,28,0,45 50,1,100,,41190,28,0,45 50,1,100,,41189,28,0,45 50,1,100,,41187,28,0,45 50,1
41801,'13',1902,,41193,28,0,45 50,1,99,,41191,28,0,45 50,1,100,,41195,28,0,45 50,1,100,,41194,28,0,45 50,1,100,,41192,28,0,45 50,1
41801,'14',1202,,41200,28,0,45 50,1,100,,41197,28,0,45 50,1,100,,41198,28,0,45 50,1,100,,41201,28,0,45 50,1,100,,41196,28,0,45 50,1,100,,41199,28,0,45 50,1,100,,41202,28,0,45 50,1
41801,'16',631,,41210,28,0,45 50,1,70,,41205,28,0,45 50,1,30,,41213,28,0,45 50,1,70,,41216,28,0,45 50,1,30,,41203,28,0,45 50,1,70,,41218,28,0,45 50,1,30,,41212,28,0,45 50,1,70,,41204,28,0,45 50,1,31,,41227,28,0,45 50,1,70,,41208,28,0,45 50,1,30,,41209,28,0,45 50,1,70,,41228,28,0,45 50,1,30,,41221,28,0,45 50,1,70,,41217,28,0,45 50,1,30,,29137,28,0,45 50,1,70,,41219,28,0,45 50,1,30,,41214,28,0,45 50,1,70,,41215,28,0,45 50,1,30,,41224,28,0,45 50,1,70,,41223,28,0,45 50,1,30,,41220,28,0,45 50,1,70,,41226,28,0,45 50,1,30,,31476,28,0,45 50,1,70,,41207,28,0,45 50,1,30,,41225,28,0,45 50,1,70,,41206,28,0,45 50,1,99,,41211,28,0,45 50,1,100,,30300,28,0,45 50,1,100,,41222,28,0,45 50,1,100,,29543,28,0,45 50,1
41801,'3',1902,,41231,28,0,45 50,1,99,,41229,28,0,45 50,1,100,,41233,28,0,45 50,1,100,,41232,28,0,45 50,1,100,,41230,28,0,45 50,1
41801,'6',1902,,41236,28,0,45 50,1,99,,41234,28,0,45 50,1,100,,41238,28,0,45 50,1,100,,41237,28,0,45 50,1,100,,41235,28,0,45 50,1
41801,'8',901,,41247,28,0,45 50,1,100,,41243,28,0,45 50,1,101,,41246,28,0,45 50,1,30,,41239,28,0,45 50,1,70,,41254,28,0,45 50,1,30,,41248,28,0,45 50,1,70,,41257,28,0,45 50,1,30,,41242,28,0,45 50,1,70,,41253,28,0,45 50,1,30,,41252,28,0,45 50,1,70,,41240,28,0,45 50,1,30,,41241,28,0,45 50,1,70,,41255,28,0,45 50,1,30,,41256,28,0,45 50,1,70,,41245,28,0,45 50,1,30,,41258,28,0,45 50,1,70,,41249,28,0,45 50,1,30,,41250,28,0,45 50,1,70,,41244,28,0,45 50,1,99,,41251,28,0,45 50,1
