30500,'11',600,42,27764,16,0,22,1,30,2,27768,27,0,22,1,70,42,27772,27,0,22,1,30,2,27770,27,0,22,1,70,42,27775,27,0,22,1,30,2,27769,27,0,22,1,70,42,27773,27,0,22,1,30,2,27763,27,0,22,1,70,42,27765,27,0,22,1,30,2,10846,27,0,22,1,70,42,22717,27,0,22,1,30,2,27778,27,0,22,1,70,42,27759,27,0,22,1,30,2,27766,27,0,22,1,70,42,27767,27,0,22,1,30,2,23812,27,0,22,1,70,42,27761,27,0,22,1,30,,27776,27,0,22,1,70,41,27760,27,0,22,1,30,,27762,27,0,22,1,70,41,27777,27,0,22,1,30,,27774,27,0,22,1,70,41,24900,27,0,22,1,30,,27771,27,0,22,1
30500,'3',600,42,27784,16,0,22,1,30,2,27788,27,0,22,1,70,42,27792,27,0,22,1,30,2,27790,27,0,22,1,70,42,27795,27,0,22,1,30,2,27789,27,0,22,1,70,42,27793,27,0,22,1,30,2,27783,27,0,22,1,70,42,27785,27,0,22,1,30,2,10890,27,0,22,1,70,42,22739,27,0,22,1,30,2,27798,27,0,22,1,70,42,27779,27,0,22,1,30,2,27786,27,0,22,1,70,42,27787,27,0,22,1,30,2,23830,27,0,22,1,70,42,27781,27,0,22,1,30,,27796,27,0,22,1,70,41,27780,27,0,22,1,30,,27782,27,0,22,1,70,41,27797,27,0,22,1,30,,27794,27,0,22,1,70,41,24997,27,0,22,1,30,,27791,27,0,22,1
30501,'11',624,5,27809,15,0,27,1,30,5,22218,15,0,27,1,70,5,27818,15,0,27,1,30,5,27799,15,0,27,1,70,5,27805,15,0,27,1,30,5,27806,15,0,27,1,70,5,27801,15,0,27,1,30,5,27813,15,0,27,1,70,4,27804,15,0,27,1,30,4,27816,15,0,27,1,70,4,27807,15,0,27,1,30,4,27815,15,0,27,1,70,4,27800,15,0,27,1,30,4,27802,15,0,27,1,70,4,27125,15,0,27,1,30,4,27812,15,0,27,1,70,4,27817,15,0,27,1,30,4,27814,15,0,27,1,70,4,27803,15,0,27,1,30,4,27819,15,0,27,1,70,4,27810,15,0,27,1,30,4,27821,15,0,27,1,70,4,27808,15,0,27,1,30,4,27811,15,0,27,1,70,,27820,15,4,,1
30501,'3',624,5,27832,15,0,27,1,30,5,22237,15,0,27,1,70,5,27841,15,0,27,1,30,5,27822,15,0,27,1,70,5,27828,15,0,27,1,30,5,27829,15,0,27,1,70,5,27824,15,0,27,1,30,5,27836,15,0,27,1,70,4,27827,15,0,27,1,30,4,27839,15,0,27,1,70,4,27830,15,0,27,1,30,4,27838,15,0,27,1,70,4,27823,15,0,27,1,30,4,27825,15,0,27,1,70,4,27130,15,0,27,1,30,4,27835,15,0,27,1,70,4,27840,15,0,27,1,30,4,27837,15,0,27,1,70,4,27826,15,0,27,1,30,4,27842,15,0,27,1,70,4,27833,15,0,27,1,30,4,27844,15,0,27,1,70,4,27831,15,0,27,1,30,4,27834,15,0,27,1,70,,27843,15,4,,1
30900,'11',621,,28116,9,0,23,1,30,,28102,9,0,23,1,70,,28118,9,0,23,1,30,,22716,9,0,23,1,70,,28109,9,0,23,1,30,,28117,9,0,23,1,70,,28105,9,0,23,1,30,,28112,9,0,23,1,71,,28114,9,0,23,1,30,,28099,9,0,23,1,70,,28104,9,0,23,1,30,,28100,9,0,23,1,70,,28108,9,0,23,1,30,,28106,9,0,23,1,70,,28110,9,0,23,1,30,,28098,9,0,23,1,73,,28115,9,0,23,1,30,,28101,9,0,23,1,70,,28097,9,0,23,1,30,,28113,9,0,23,1,70,,28103,9,0,23,1,30,,28111,9,0,23,1,70,,28107,9,0,23,1
30900,'3',621,,28138,9,0,23,1,30,,28124,9,0,23,1,70,,28140,9,0,23,1,30,,22738,9,0,23,1,70,,28131,9,0,23,1,30,,28139,9,0,23,1,70,,28127,9,0,23,1,30,,28134,9,0,23,1,71,,28136,9,0,23,1,30,,28121,9,0,23,1,70,,28126,9,0,23,1,30,,28122,9,0,23,1,70,,28130,9,0,23,1,30,,28128,9,0,23,1,70,,28132,9,0,23,1,30,,28120,9,0,23,1,73,,28137,9,0,23,1,30,,28123,9,0,23,1,70,,28119,9,0,23,1,30,,28135,9,0,23,1,70,,28125,9,0,23,1,30,,28133,9,0,23,1,70,,28129,9,0,23,1
30901,'11',628,,28149,24,0,25 14 26,1,30,,28154,24,0,25 14 26,1,71,,28162,24,0,25 14 26,1,30,,23194,24,0,25 14 26,1,70,,28155,24,0,25 14 26,1,30,,28153,24,0,25 14 26,1,70,,28158,24,0,25 14 26,1,30,,28148,24,0,25 14 26,1,70,,28145,24,0,25 14 26,1,30,,28151,24,0,25 14 26,1,70,,28156,24,0,25 14 26,1,30,,28160,24,0,25 14 26,1,70,,21901,24,0,25 14 26,1,30,,28147,24,0,25 14 26,1,70,,28159,24,0,25 14 26,1,30,,28161,24,0,25 14 26,1,70,,28146,24,0,25 14 26,1,81,3,28144,24,0,25 14 26,1,30,3,28157,24,0,25 14 26,1,70,3,28150,24,0,25 14 26,1,30,3,28142,24,0,25 14 26,1,70,3,28143,24,0,25 14 26,1,30,3,28141,24,0,25 14 26,1,70,3,22728,24,0,25 14 26,1,23,,28152,20,0,25 14 26,1
30901,'3',628,,28171,24,0,25 14 26,1,30,,28176,24,0,25 14 26,1,71,,28184,24,0,25 14 26,1,30,,23209,24,0,25 14 26,1,70,,28177,24,0,25 14 26,1,30,,28175,24,0,25 14 26,1,70,,28180,24,0,25 14 26,1,30,,28170,24,0,25 14 26,1,70,,28167,24,0,25 14 26,1,30,,28173,24,0,25 14 26,1,70,,28178,24,0,25 14 26,1,30,,28182,24,0,25 14 26,1,70,,21925,24,0,25 14 26,1,30,,28169,24,0,25 14 26,1,70,,28181,24,0,25 14 26,1,30,,28183,24,0,25 14 26,1,70,,28168,24,0,25 14 26,1,81,3,28166,24,0,25 14 26,1,30,3,28179,24,0,25 14 26,1,70,3,28172,24,0,25 14 26,1,30,3,28164,24,0,25 14 26,1,70,3,28165,24,0,25 14 26,1,30,3,28163,24,0,25 14 26,1,70,3,22750,24,0,25 14 26,1,23,,28174,20,0,25 14 26,1
31200,'11',606,,28358,9,0,23,1,30,,23821,9,0,23,1,70,,28365,9,0,23,1,30,,24737,9,0,23,1,70,,28364,9,0,23,1,30,,28363,9,0,23,1,70,,28361,9,0,23,1,30,,28360,9,0,23,1,70,,28374,9,0,23,1,30,,22542,9,0,23,1,70,,28367,9,0,23,1,30,,28371,9,0,23,1,70,,28372,9,0,23,1,30,,28366,9,0,23,1,70,,21453,9,0,23,1,30,,28362,9,0,23,1,74,,23245,9,0,23,1,30,,28357,9,0,23,1,70,,28373,9,0,23,1,30,,28369,9,0,23,1,70,,23948,9,0,23,1,30,,28368,9,0,23,1,70,,26411,9,0,23,1,30,,28359,9,0,23,1,70,,28370,9,0,23,1
31200,'3',606,,28376,9,0,23,1,30,,23839,9,0,23,1,70,,28383,9,0,23,1,30,,24838,9,0,23,1,70,,28382,9,0,23,1,30,,28381,9,0,23,1,70,,28379,9,0,23,1,30,,28378,9,0,23,1,70,,28392,9,0,23,1,30,,22560,9,0,23,1,70,,28385,9,0,23,1,30,,28389,9,0,23,1,70,,28390,9,0,23,1,30,,28384,9,0,23,1,70,,21493,9,0,23,1,30,,28380,9,0,23,1,74,,23268,9,0,23,1,30,,28375,9,0,23,1,70,,28391,9,0,23,1,30,,28387,9,0,23,1,70,,23952,9,0,23,1,30,,28386,9,0,23,1,70,,26471,9,0,23,1,30,,28377,9,0,23,1,70,,28388,9,0,23,1
31201,'11',643,,28410,18,,,1,72,,28402,18,,,1,30,,28400,18,,,1,70,,28397,18,,,1,30,,28406,18,,,1,70,,21477,18,,,1,30,,28401,18,,,1,70,,28395,18,,,1,30,,28396,18,,,1,70,,28404,18,,,1,30,,28407,18,,,1,70,,28405,18,,,1,30,,28399,18,,,1,70,,28409,18,,,1,30,,28411,18,,,1,68,,28413,18,,,1,44,3,28403,18,,,1,70,3,28408,18,,,1,30,3,27095,18,,,1,70,3,28393,18,,,1,30,3,28394,18,,,1,70,3,28412,18,,,1,30,3,28398,18,,,1
31201,'3',643,,28431,18,,,1,72,,28423,18,,,1,30,,28421,18,,,1,70,,28418,18,,,1,30,,28427,18,,,1,70,,21516,18,,,1,30,,28422,18,,,1,70,,28416,18,,,1,30,,28417,18,,,1,70,,28425,18,,,1,30,,28428,18,,,1,70,,28426,18,,,1,30,,28420,18,,,1,70,,28430,18,,,1,30,,28432,18,,,1,68,,28434,18,,,1,44,3,28424,18,,,1,70,3,28429,18,,,1,30,3,27099,18,,,1,70,3,28414,18,,,1,30,3,28415,18,,,1,70,3,28433,18,,,1,30,3,28419,18,,,1
31400,'11',630,,28447,1,,,1,80,,12779,1,,,1,40,,28446,1,,,1,80,,28438,1,,,1,80,,28442,1,,,1,40,,28437,1,,,1,80,,23553,1,,,1,80,,28444,1,,,1,40,,28435,1,,,1,80,,23248,1,,,1,80,,28443,1,,,1,40,,28449,1,,,1,80,,28441,1,,,1,80,,28445,1,,,1,40,,28436,1,,,1,80,,28439,1,,,1,80,,28440,1,,,1,40,,28448,1,,,1
31400,'3',630,,28462,1,,,1,80,,24595,1,,,1,40,,28461,1,,,1,80,,28453,1,,,1,80,,28457,1,,,1,40,,28452,1,,,1,80,,23574,1,,,1,80,,28459,1,,,1,40,,28450,1,,,1,80,,23271,1,,,1,80,,28458,1,,,1,40,,28464,1,,,1,80,,28456,1,,,1,80,,28460,1,,,1,40,,28451,1,,,1,80,,28454,1,,,1,80,,28455,1,,,1,40,,28463,1,,,1
31401,'11',656,,28474,27,4,,1,80,,28466,27,4,,1,80,,28476,27,4,,1,40,,28465,27,4,,1,80,,28472,27,4,,1,80,,28479,27,4,,1,41,,28469,27,4,,1,80,,21136,27,4,,1,80,,28478,27,4,,1,40,,28477,27,4,,1,80,,22404,27,4,,1,80,,28468,27,4,,1,41,,28473,27,4,,1,80,,24491,27,4,,1,80,,28471,27,4,,1,40,,28470,27,4,,1,80,,28475,27,4,,1,80,,28467,27,4,,1
31401,'3',656,,28489,27,4,,1,80,,28481,27,4,,1,80,,28491,27,4,,1,40,,28480,27,4,,1,80,,28487,27,4,,1,80,,28494,27,4,,1,41,,28484,27,4,,1,80,,23714,27,4,,1,80,,28493,27,4,,1,40,,28492,27,4,,1,80,,22426,27,4,,1,80,,28483,27,4,,1,41,,28488,27,4,,1,80,,24599,27,4,,1,80,,28486,27,4,,1,40,,28485,27,4,,1,80,,28490,27,4,,1,80,,28482,27,4,,1
40900,'1',655,4,30954,9,0,23,1,70,4,30948,9,0,23,1,30,4,30950,9,0,23,1,70,4,30946,9,0,23,1,30,4,30945,9,0,23,1,70,4,30962,9,0,23,1,30,4,30939,9,0,23,1,70,4,26672,9,0,23,1,30,4,22521,9,0,23,1,70,4,30961,9,0,23,1,30,4,30949,9,0,23,1,70,4,30960,9,0,23,1,30,4,30942,9,0,23,1,70,4,30943,9,0,23,1,30,4,30964,9,0,23,1,70,4,30956,9,0,23,1,30,4,30941,9,0,23,1,70,4,30959,9,0,23,1,30,4,30951,9,0,23,1,70,4,30953,9,0,23,1,30,4,30963,9,0,23,1,70,4,30955,9,0,23,1,30,4,30947,9,0,23,1,100,4,21683,9,0,23,1,100,4,30952,9,0,23,1,100,4,30940,9,0,23,1,100,4,30957,9,0,23,1,100,4,30958,9,0,23,1,100,4,30944,9,0,23,1
40900,'11',1755,4,30968,9,0,23,1,100,4,30970,9,0,23,1,100,4,30971,9,0,23,1,100,4,30965,9,0,23,1,100,4,30969,9,0,23,1,100,4,30966,9,0,23,1,100,4,30967,9,0,23,1
40900,'12',1055,4,27297,9,0,23,1,100,4,30978,9,0,23,1,100,4,30976,9,0,23,1,100,4,30977,9,0,23,1,100,4,30973,9,0,23,1,100,4,30972,9,0,23,1,100,4,30975,9,0,23,1,100,4,30974,9,0,23,1
40900,'14',655,4,26189,9,0,23,1,70,4,30989,9,0,23,1,30,4,26547,9,0,23,1,70,4,30987,9,0,23,1,30,4,30986,9,0,23,1,70,4,31002,9,0,23,1,30,4,30979,9,0,23,1,70,4,30985,9,0,23,1,30,4,30993,9,0,23,1,70,4,31001,9,0,23,1,30,4,30990,9,0,23,1,70,4,31000,9,0,23,1,30,4,30982,9,0,23,1,70,4,30983,9,0,23,1,30,4,31004,9,0,23,1,70,4,30996,9,0,23,1,30,4,30981,9,0,23,1,70,4,30999,9,0,23,1,30,4,30991,9,0,23,1,70,4,26114,9,0,23,1,30,4,31003,9,0,23,1,70,4,30995,9,0,23,1,30,4,30988,9,0,23,1,100,4,30994,9,0,23,1,100,4,30992,9,0,23,1,100,4,30980,9,0,23,1,100,4,30997,9,0,23,1,100,4,30998,9,0,23,1,100,4,30984,9,0,23,1
40900,'3',1755,4,31008,9,0,23,1,100,4,31010,9,0,23,1,100,4,31011,9,0,23,1,100,4,31005,9,0,23,1,100,4,31009,9,0,23,1,100,4,31006,9,0,23,1,100,4,31007,9,0,23,1
40900,'8',855,4,31020,9,0,23,1,170,4,31013,9,0,23,1,30,4,31017,9,0,23,1,70,4,31022,9,0,23,1,30,4,31024,9,0,23,1,70,4,31014,9,0,23,1,30,4,31025,9,0,23,1,100,4,31023,9,0,23,1,70,4,26059,9,0,23,1,30,4,25334,9,0,23,1,70,4,31016,9,0,23,1,30,4,31019,9,0,23,1,70,4,31015,9,0,23,1,30,4,26141,9,0,23,1,70,4,31012,9,0,23,1,30,4,31021,9,0,23,1,100,4,24648,9,0,23,1,100,4,31018,9,0,23,1
40901,'1',656,,31036,24,0,25 12,1,70,,31051,24,0,25 12,1,30,,31052,24,0,25 12,1,70,,31026,24,0,25 12,1,30,,31030,24,0,25 12,1,70,,31031,24,0,25 12,1,30,,31050,24,0,25 12,1,70,,31027,24,0,25 12,1,30,,31035,24,0,25 12,1,70,,22839,24,0,25 12,1,30,,31044,24,0,25 12,1,70,,31048,24,0,25 12,1,30,,31029,24,0,25 12,1,70,,31040,24,0,25 12,1,30,,31047,24,0,25 12,1,70,,31045,24,0,25 12,1,30,,31038,24,0,25 12,1,70,,31049,24,0,25 12,1,30,,31028,24,0,25 12,1,70,,31039,24,0,25 12,1,30,,31032,24,0,25 12,1,70,,31042,24,0,25 12,1,30,,23719,24,0,25 12,1,70,,31037,24,0,25 12,1,30,,31034,24,0,25 12,1,100,,31046,24,0,25 12,1,100,,31043,24,0,25 12,1,100,,31041,24,0,25 12,1,100,,31033,24,0,25 12,1
40901,'11',1856,,31054,24,0,25 12,1,100,,26983,24,0,25 12,1,100,,31055,24,0,25 12,1,100,,21832,24,0,25 12,1,100,,31053,24,0,25 12,1
40901,'12',1056,,31058,24,0,25 12,1,100,,31060,24,0,25 12,1,100,,31056,24,0,25 12,1,100,,24528,24,0,25 12,1,100,,31057,24,0,25 12,1,100,,31062,24,0,25 12,1,100,,31059,24,0,25 12,1,100,,31061,24,0,25 12,1
40901,'14',656,,31073,24,0,25 12,1,70,,31089,24,0,25 12,1,30,,31090,24,0,25 12,1,70,,31063,24,0,25 12,1,30,,31067,24,0,25 12,1,70,,31068,24,0,25 12,1,30,,31088,24,0,25 12,1,70,,31064,24,0,25 12,1,30,,31072,24,0,25 12,1,70,,31076,24,0,25 12,1,30,,31082,24,0,25 12,1,70,,31086,24,0,25 12,1,30,,31066,24,0,25 12,1,70,,31078,24,0,25 12,1,30,,31085,24,0,25 12,1,70,,31083,24,0,25 12,1,30,,31075,24,0,25 12,1,70,,31087,24,0,25 12,1,30,,31065,24,0,25 12,1,70,,31077,24,0,25 12,1,30,,31070,24,0,25 12,1,70,,31080,24,0,25 12,1,30,,31069,24,0,25 12,1,70,,31074,24,0,25 12,1,30,,18097,24,0,25 12,1,100,,31084,24,0,25 12,1,100,,31081,24,0,25 12,1,100,,31079,24,0,25 12,1,100,,31071,24,0,25 12,1
40901,'3',1856,,31092,24,0,25 12,1,100,,27031,24,0,25 12,1,100,,31093,24,0,25 12,1,100,,21855,24,0,25 12,1,100,,31091,24,0,25 12,1
40901,'8',856,,31099,24,0,25 12,1,100,,31096,24,0,25 12,1,100,,31105,24,0,25 12,1,70,,31094,24,0,25 12,1,30,,31102,24,0,25 12,1,70,,31103,24,0,25 12,1,30,,31112,24,0,25 12,1,70,,31104,24,0,25 12,1,30,,31101,24,0,25 12,1,70,,31100,24,0,25 12,1,30,,31111,24,0,25 12,1,70,,31110,24,0,25 12,1,30,,31098,24,0,25 12,1,70,,31095,24,0,25 12,1,30,,31097,24,0,25 12,1,70,,31108,24,0,25 12,1,30,,31106,24,0,25 12,1,70,,31109,24,0,25 12,1,30,,26313,24,0,25 12,1,100,,31107,24,0,25 12,1
41200,'1',630,3,31250,27,0,23,1,70,43,31266,27,0,23,1,30,3,31254,27,0,23,1,70,43,31263,27,0,23,1,30,3,31252,27,0,23,1,70,43,31269,27,0,23,1,30,3,23867,27,0,23,1,70,43,31270,27,0,23,1,31,3,31260,27,0,23,1,70,43,31264,27,0,23,1,30,3,31259,27,0,23,1,70,43,31247,27,0,23,1,30,3,31267,27,0,23,1,70,43,31257,27,0,23,1,30,3,22319,27,0,23,1,70,43,31262,27,0,23,1,29,3,31255,27,0,23,1,70,43,23724,27,0,23,1,30,3,31249,27,0,23,1,70,43,31245,27,0,23,1,30,3,31268,27,0,23,1,70,43,31261,27,0,23,1,30,3,31251,27,0,23,1,70,43,31256,27,0,23,1,30,3,21948,27,0,23,1,100,3,31246,27,0,23,1,100,3,31248,27,0,23,1,100,3,31253,27,0,23,1,100,3,31265,27,0,23,1,100,3,31258,27,0,23,1
41200,'11',1830,3,31274,27,0,23,1,100,3,31271,27,0,23,1,100,3,31276,27,0,23,1,100,3,31275,27,0,23,1,100,3,31272,27,0,23,1,100,3,31273,27,0,23,1
41200,'12',1131,3,31283,27,0,23,1,100,3,31282,27,0,23,1,100,3,31278,27,0,23,1,99,3,31279,27,0,23,1,100,3,31280,27,0,23,1,100,3,31281,27,0,23,1,100,3,31277,27,0,23,1
41200,'14',630,3,31289,27,0,23,1,70,43,31308,27,0,23,1,30,3,27282,27,0,23,1,70,43,31304,27,0,23,1,30,3,31293,27,0,23,1,70,43,31311,27,0,23,1,30,3,31306,27,0,23,1,70,43,31312,27,0,23,1,31,3,31301,27,0,23,1,70,43,31305,27,0,23,1,30,3,31300,27,0,23,1,70,43,31286,27,0,23,1,30,3,31309,27,0,23,1,70,43,31297,27,0,23,1,30,3,31290,27,0,23,1,70,43,31303,27,0,23,1,29,3,31295,27,0,23,1,70,43,31292,27,0,23,1,30,3,31288,27,0,23,1,70,43,31284,27,0,23,1,30,3,31310,27,0,23,1,70,43,31302,27,0,23,1,30,3,31291,27,0,23,1,70,43,31296,27,0,23,1,30,3,31298,27,0,23,1,100,3,31285,27,0,23,1,100,3,31287,27,0,23,1,100,3,31294,27,0,23,1,100,3,31307,27,0,23,1,100,3,31299,27,0,23,1
41200,'3',1830,3,31316,27,0,23,1,100,3,31313,27,0,23,1,100,3,31318,27,0,23,1,100,3,31317,27,0,23,1,100,3,31314,27,0,23,1,100,3,31315,27,0,23,1
41200,'8',930,3,31327,27,0,23,1,101,3,31334,27,0,23,1,70,43,31319,27,0,23,1,30,3,31326,27,0,23,1,70,43,31324,27,0,23,1,30,3,31325,27,0,23,1,70,43,31323,27,0,23,1,30,3,31330,27,0,23,1,70,43,31322,27,0,23,1,29,3,25556,27,0,23,1,70,43,31331,27,0,23,1,30,3,31332,27,0,23,1,70,43,31328,27,0,23,1,30,3,25403,27,0,23,1,70,43,31329,27,0,23,1,30,3,31335,27,0,23,1,70,43,31320,27,0,23,1,30,3,31333,27,0,23,1,100,3,31321,27,0,23,1
41201,'1',620,,31351,18,0,68,1,30,,31357,18,0,68,1,70,,31344,18,0,68,1,30,,31353,18,0,68,1,70,,31339,18,0,68,1,30,,31345,18,0,68,1,70,,31354,18,0,68,1,30,,31358,18,0,68,1,70,,23959,18,0,68,1,30,,31349,18,0,68,1,70,,31337,18,0,68,1,30,,31350,18,0,68,1,70,,31359,18,0,68,1,30,,31347,18,0,68,1,70,,22524,18,0,68,1,30,,31338,18,0,68,1,70,,22755,18,0,68,1,30,,31342,18,0,68,1,70,,31343,18,0,68,1,30,,31348,18,0,68,1,70,,31356,18,0,68,1,30,,31355,18,0,68,1,70,,31340,18,0,68,1,30,,31352,18,0,68,1,70,,31341,18,0,68,1,100,,21870,18,0,68,1,100,,31346,18,0,68,1,100,,21537,18,0,68,1,100,,31336,18,0,68,1,100,,23294,18,0,68,1
41201,'11',1820,,31365,18,0,68,1,100,,31361,18,0,68,1,100,,31360,18,0,68,1,100,,31362,18,0,68,1,100,,31364,18,0,68,1,100,,31363,18,0,68,1
41201,'12',1120,,31372,18,0,68,1,100,,31371,18,0,68,1,100,,25666,18,0,68,1,100,,31370,18,0,68,1,100,,31366,18,0,68,1,100,,31367,18,0,68,1,100,,31368,18,0,68,1,99,,31369,18,4,,1
41201,'14',620,,31392,18,0,68,1,30,,31398,18,0,68,1,70,,31384,18,0,68,1,30,,31394,18,0,68,1,70,,31379,18,0,68,1,30,,31386,18,0,68,1,70,,31395,18,0,68,1,30,,31399,18,0,68,1,70,,31385,18,0,68,1,30,,25696,18,0,68,1,70,,31374,18,0,68,1,30,,31391,18,0,68,1,70,,31400,18,0,68,1,30,,31388,18,0,68,1,70,,31390,18,0,68,1,30,,31377,18,0,68,1,70,,31375,18,0,68,1,30,,31383,18,0,68,1,70,,25530,18,0,68,1,30,,31389,18,0,68,1,70,,31397,18,0,68,1,30,,31396,18,0,68,1,70,,31380,18,0,68,1,30,,31393,18,0,68,1,70,,31382,18,0,68,1,100,,31381,18,0,68,1,100,,31387,18,0,68,1,100,,31376,18,0,68,1,100,,31373,18,0,68,1,100,,31378,18,0,68,1
41201,'3',1820,,31406,18,0,68,1,100,,31402,18,0,68,1,100,,31401,18,0,68,1,100,,31403,18,0,68,1,100,,31405,18,0,68,1,100,,31404,18,0,68,1
41201,'8',920,,31410,18,0,68,1,100,,31419,18,0,68,1,30,,31409,18,0,68,1,70,,26219,18,0,68,1,30,,31422,18,0,68,1,70,,31415,18,0,68,1,30,,31421,18,0,68,1,70,,31407,18,0,68,1,30,,31423,18,0,68,1,70,,31425,18,0,68,1,30,,31413,18,0,68,1,70,,31414,18,0,68,1,30,,31418,18,0,68,1,70,,31420,18,0,68,1,30,,31411,18,0,68,1,70,,31417,18,0,68,1,30,,31416,18,0,68,1,70,,31412,18,0,68,1,100,,31424,18,0,68,1,100,,31408,18,0,68,1
41400,'1',630,,31429,1,,,1,80,,31435,1,,,1,40,,31430,1,,,1,80,,31439,1,,,1,80,,23523,1,,,1,40,,21451,1,,,1,80,,22055,1,,,1,80,,31427,1,,,1,40,,26256,1,,,1,80,,31428,1,,,1,80,,31436,1,,,1,40,,31432,1,,,1,80,,31433,1,,,1,80,,31431,1,,,1,40,,31438,1,,,1,80,,31426,1,,,1,80,,31434,1,,,1,40,,31437,1,,,1
41400,'14',630,,31445,1,,,1,80,,31452,1,,,1,40,,25914,1,,,1,80,,31456,1,,,1,80,,31442,1,,,1,40,,31451,1,,,1,80,,31444,1,,,1,80,,31441,1,,,1,40,,31446,1,,,1,80,,31443,1,,,1,80,,31453,1,,,1,40,,31448,1,,,1,80,,31449,1,,,1,80,,31447,1,,,1,40,,31455,1,,,1,80,,31440,1,,,1,80,,31450,1,,,1,40,,31454,1,,,1
41401,'1',655,,31463,27,4,,1,80,,31465,27,4,,1,80,,31471,27,4,,1,40,,27224,27,4,,1,80,,31468,27,4,,1,80,,31459,27,4,,1,41,,31461,27,4,,1,80,,31458,27,4,,1,80,,31467,27,4,,1,40,,31460,27,4,,1,80,,22383,27,4,,1,80,,31470,27,4,,1,41,,31466,27,4,,1,80,,31472,27,4,,1,80,,31462,27,4,,1,40,,31457,27,4,,1,80,,31469,27,4,,1,80,,31464,27,4,,1
41401,'14',655,,31480,27,4,,1,80,,31481,27,4,,1,80,,31487,27,4,,1,40,,31478,27,4,,1,80,,31484,27,4,,1,80,,31475,27,4,,1,41,,26628,27,4,,1,80,,31474,27,4,,1,80,,31483,27,4,,1,40,,31476,27,4,,1,80,,31477,27,4,,1,80,,31486,27,4,,1,41,,31482,27,4,,1,80,,31488,27,4,,1,80,,31479,27,4,,1,40,,31473,27,4,,1,80,,31485,27,4,,1,80,,25376,27,4,,1
