31800,'15',606,,13592,14,0,45 46 18,1,30,,13581,14,0,45 46 18,1,70,,13582,14,0,45 46 18,1,30,,13574,14,0,45 46 18,1,70,,13585,14,0,45 46 18,1,30,,13587,14,0,45 46 18,1,70,,13593,14,0,45 46 18,1,30,,13583,14,0,45 46 18,1,70,,13575,14,0,45 46 18,1,30,,13573,14,0,45 46 18,1,70,,13594,14,0,45 46 18,1,30,,13586,14,0,45 46 18,1,70,,13577,14,0,45 46 18,1,30,,13578,14,0,45 46 18,1,70,,13571,14,0,45 46 18,1,30,,13590,14,0,45 46 18,1,70,,13595,14,0,45 46 18,1,30,,13579,14,0,45 46 18,1,70,,13576,14,0,45 46 18,1,30,,13588,14,0,45 46 18,1,70,,13584,14,0,45 46 18,1,30,,13580,14,0,45 46 18,1,70,,13589,14,0,45 46 18,1,30,,13591,14,0,45 46 18,1,70,,13572,14,0,45 46 18,1
31800,'16',606,,13615,14,0,45 46 18,1,30,,13606,14,0,45 46 18,1,70,,13607,14,0,45 46 18,1,30,,13599,14,0,45 46 18,1,70,,2916,14,0,45 46 18,1,30,,13611,14,0,45 46 18,1,70,,13616,14,0,45 46 18,1,30,,13609,14,0,45 46 18,1,70,,13600,14,0,45 46 18,1,30,,13598,14,0,45 46 18,1,70,,13617,14,0,45 46 18,1,30,,13610,14,0,45 46 18,1,70,,13602,14,0,45 46 18,1,30,,13603,14,0,45 46 18,1,70,,13597,14,0,45 46 18,1,30,,13613,14,0,45 46 18,1,70,,13618,14,0,45 46 18,1,30,,13604,14,0,45 46 18,1,70,,13601,14,0,45 46 18,1,30,,13612,14,0,45 46 18,1,70,,13608,14,0,45 46 18,1,30,,13605,14,0,45 46 18,1,70,,2925,14,0,45 46 18,1,30,,13614,14,0,45 46 18,1,70,,13596,14,0,45 46 18,1
31800,'17',606,,13636,14,0,45 46 18,1,30,,13628,14,0,45 46 18,1,70,,13629,14,0,45 46 18,1,30,,13622,14,0,45 46 18,1,70,,2983,14,0,45 46 18,1,30,,13632,14,0,45 46 18,1,70,,13637,14,0,45 46 18,1,30,,13630,14,0,45 46 18,1,70,,13623,14,0,45 46 18,1,30,,13621,14,0,45 46 18,1,70,,13638,14,0,45 46 18,1,30,,13631,14,0,45 46 18,1,70,,13624,14,0,45 46 18,1,30,,13625,14,0,45 46 18,1,70,,13620,14,0,45 46 18,1,30,,13634,14,0,45 46 18,1,70,,13639,14,0,45 46 18,1,30,,13626,14,0,45 46 18,1,70,,2961,14,0,45 46 18,1,30,,13633,14,0,45 46 18,1,70,,4668,14,0,45 46 18,1,30,,13627,14,0,45 46 18,1,70,,3000,14,0,45 46 18,1,30,,13635,14,0,45 46 18,1,70,,13619,14,0,45 46 18,1
31800,'19',606,,13660,14,0,45 46 18,1,30,,13650,14,0,45 46 18,1,70,,13651,14,0,45 46 18,1,30,,13642,14,0,45 46 18,1,70,,13653,14,0,45 46 18,1,30,,13655,14,0,45 46 18,1,70,,13661,14,0,45 46 18,1,30,,13652,14,0,45 46 18,1,70,,13644,14,0,45 46 18,1,30,,13641,14,0,45 46 18,1,70,,13662,14,0,45 46 18,1,30,,13654,14,0,45 46 18,1,70,,13646,14,0,45 46 18,1,30,,13647,14,0,45 46 18,1,70,,13640,14,0,45 46 18,1,30,,13658,14,0,45 46 18,1,70,,13664,14,0,45 46 18,1,30,,13648,14,0,45 46 18,1,70,,13645,14,0,45 46 18,1,30,,13656,14,0,45 46 18,1,70,,13663,14,0,45 46 18,1,30,,13649,14,0,45 46 18,1,70,,13657,14,0,45 46 18,1,30,,13659,14,0,45 46 18,1,70,,13643,14,0,45 46 18,1
31800,'5',606,,13682,14,0,45 46 18,1,30,,13674,14,0,45 46 18,1,70,,13675,14,0,45 46 18,1,30,,13667,14,0,45 46 18,1,70,,3054,14,0,45 46 18,1,30,,13678,14,0,45 46 18,1,70,,13683,14,0,45 46 18,1,30,,13676,14,0,45 46 18,1,70,,13669,14,0,45 46 18,1,30,,13666,14,0,45 46 18,1,70,,13684,14,0,45 46 18,1,30,,13677,14,0,45 46 18,1,70,,13671,14,0,45 46 18,1,30,,13672,14,0,45 46 18,1,70,,13665,14,0,45 46 18,1,30,,13680,14,0,45 46 18,1,70,,13686,14,0,45 46 18,1,30,,7601,14,0,45 46 18,1,70,,13670,14,0,45 46 18,1,30,,13679,14,0,45 46 18,1,70,,13685,14,0,45 46 18,1,30,,13673,14,0,45 46 18,1,70,,3071,14,0,45 46 18,1,30,,13681,14,0,45 46 18,1,70,,13668,14,0,45 46 18,1
31800,'6',606,,13708,14,0,45 46 18,1,30,,13697,14,0,45 46 18,1,70,,13698,14,0,45 46 18,1,30,,13690,14,0,45 46 18,1,70,,13701,14,0,45 46 18,1,30,,13703,14,0,45 46 18,1,70,,13709,14,0,45 46 18,1,30,,13699,14,0,45 46 18,1,70,,13691,14,0,45 46 18,1,30,,13689,14,0,45 46 18,1,70,,13710,14,0,45 46 18,1,30,,13702,14,0,45 46 18,1,70,,13693,14,0,45 46 18,1,30,,13694,14,0,45 46 18,1,70,,13687,14,0,45 46 18,1,30,,13706,14,0,45 46 18,1,70,,13711,14,0,45 46 18,1,30,,13695,14,0,45 46 18,1,70,,13692,14,0,45 46 18,1,30,,13704,14,0,45 46 18,1,70,,13700,14,0,45 46 18,1,30,,13696,14,0,45 46 18,1,70,,13705,14,0,45 46 18,1,30,,13707,14,0,45 46 18,1,70,,13688,14,0,45 46 18,1
41800,'1',1052,,19598,16,0,45 46 18,1,100,,4702,16,0,45 46 18,1,100,,19601,16,0,45 46 18,1,100,,19599,16,0,45 46 18,1,100,,19596,16,0,45 46 18,1,100,,19600,16,0,45 46 18,1,100,,19595,16,0,45 46 18,1,100,,19597,16,0,45 46 18,1
41800,'10',621,,19625,16,0,45 46 18,1,30,,19629,16,0,45 46 18,1,70,,19624,16,0,45 46 18,1,30,,19612,16,0,45 46 18,1,70,,19608,16,0,45 46 18,1,30,,19606,16,0,45 46 18,1,70,,19626,16,0,45 46 18,1,30,,19617,16,0,45 46 18,1,71,,19607,16,0,45 46 18,1,30,,19621,16,0,45 46 18,1,70,,19605,16,0,45 46 18,1,30,,19609,16,0,45 46 18,1,70,,19604,16,0,45 46 18,1,30,,19628,16,0,45 46 18,1,70,,19616,16,0,45 46 18,1,30,,19603,16,0,45 46 18,1,70,,19619,16,0,45 46 18,1,30,,19610,16,0,45 46 18,1,70,,19623,16,0,45 46 18,1,30,,19618,16,0,45 46 18,1,70,,19620,16,0,45 46 18,1,30,,19627,16,0,45 46 18,1,70,,19631,16,0,45 46 18,1,30,,19613,16,0,45 46 18,1,100,,19611,16,0,45 46 18,1,100,,19615,16,0,45 46 18,1,100,,19602,16,0,45 46 18,1,100,,19614,16,0,45 46 18,1,100,,19630,16,0,45 46 18,1,100,,19622,16,0,45 46 18,1
41800,'12',851,,8246,16,0,45 46 18,1,100,,19633,16,0,45 46 18,1,71,,19638,16,0,45 46 18,1,30,,19641,16,0,45 46 18,1,70,,19634,16,0,45 46 18,1,30,,19645,16,0,45 46 18,1,70,,19648,16,0,45 46 18,1,30,,6201,16,0,45 46 18,1,70,,19632,16,0,45 46 18,1,30,,19637,16,0,45 46 18,1,70,,19635,16,0,45 46 18,1,30,,19647,16,0,45 46 18,1,70,,19636,16,0,45 46 18,1,30,,19640,16,0,45 46 18,1,70,,19639,16,0,45 46 18,1,30,,19646,16,0,45 46 18,1,70,,19643,16,0,45 46 18,1,30,,19644,16,0,45 46 18,1,100,,19642,16,0,45 46 18,1,100,,19649,16,0,45 46 18,1
41800,'15',1852,,19652,16,0,45 46 18,1,100,,19654,16,0,45 46 18,1,100,,19651,16,0,45 46 18,1,100,,19653,16,0,45 46 18,1,100,,19650,16,0,45 46 18,1,100,,19655,16,0,45 46 18,1
41800,'16',1852,,19657,16,0,45 46 18,1,100,,19659,16,0,45 46 18,1,100,,3143,16,0,45 46 18,1,100,,19658,16,0,45 46 18,1,100,,19656,16,0,45 46 18,1,100,,19660,16,0,45 46 18,1
41800,'17',1852,,19662,16,0,45 46 18,1,100,,19664,16,0,45 46 18,1,100,,3194,16,0,45 46 18,1,100,,19663,16,0,45 46 18,1,100,,19661,16,0,45 46 18,1,100,,19665,16,0,45 46 18,1
41800,'19',1852,,19668,16,0,45 46 18,1,100,,19670,16,0,45 46 18,1,100,,19667,16,0,45 46 18,1,100,,19669,16,0,45 46 18,1,100,,19666,16,0,45 46 18,1,100,,19671,16,0,45 46 18,1
41800,'21',621,,19692,16,0,45 46 18,1,30,,19696,16,0,45 46 18,1,70,,19691,16,0,45 46 18,1,30,,19680,16,0,45 46 18,1,70,,4127,16,0,45 46 18,1,30,,19675,16,0,45 46 18,1,70,,19693,16,0,45 46 18,1,30,,19685,16,0,45 46 18,1,71,,19676,16,0,45 46 18,1,30,,19688,16,0,45 46 18,1,70,,19674,16,0,45 46 18,1,30,,19677,16,0,45 46 18,1,70,,19673,16,0,45 46 18,1,30,,19695,16,0,45 46 18,1,70,,19684,16,0,45 46 18,1,30,,8810,16,0,45 46 18,1,70,,19686,16,0,45 46 18,1,30,,19678,16,0,45 46 18,1,70,,19690,16,0,45 46 18,1,30,,8091,16,0,45 46 18,1,70,,19687,16,0,45 46 18,1,30,,19694,16,0,45 46 18,1,70,,19698,16,0,45 46 18,1,30,,19681,16,0,45 46 18,1,100,,19679,16,0,45 46 18,1,100,,19683,16,0,45 46 18,1,100,,19672,16,0,45 46 18,1,100,,19682,16,0,45 46 18,1,100,,19697,16,0,45 46 18,1,100,,19689,16,0,45 46 18,1
41800,'5',1852,,19700,16,0,45 46 18,1,100,,19702,16,0,45 46 18,1,100,,3266,16,0,45 46 18,1,100,,19701,16,0,45 46 18,1,100,,19699,16,0,45 46 18,1,100,,19703,16,0,45 46 18,1
41800,'6',1852,,19706,16,0,45 46 18,1,100,,19708,16,0,45 46 18,1,100,,19705,16,0,45 46 18,1,100,,19707,16,0,45 46 18,1,100,,19704,16,0,45 46 18,1,100,,19709,16,0,45 46 18,1
