30700,'11',648,,21773,38,4,,1,70,,27933,38,4,,1,30,,27948,38,4,,1,70,,27939,38,4,,1,30,,27943,38,4,,1,70,,27938,38,4,,1,30,,23686,38,4,,1,71,,27946,38,4,,1,30,,22277,38,4,,1,70,,27945,38,4,,1,30,,27934,38,4,,1,70,,21825,38,4,,1,30,,27947,38,4,,1,70,,25277,38,4,,1,30,,27941,38,4,,1,70,,27942,38,4,,1,30,,27944,38,4,,1,70,,27940,38,4,,1,30,,27949,38,4,,1,70,,27937,38,4,,1,30,,27935,38,4,,1,70,,24391,38,4,,1,30,,27936,38,4,,1
30700,'3',648,,21794,38,4,,1,70,,27950,38,4,,1,30,,27965,38,4,,1,70,,27956,38,4,,1,30,,27960,38,4,,1,70,,27955,38,4,,1,30,,23706,38,4,,1,71,,27963,38,4,,1,30,,22297,38,4,,1,70,,27962,38,4,,1,30,,27951,38,4,,1,70,,21848,38,4,,1,30,,27964,38,4,,1,70,,25326,38,4,,1,30,,27958,38,4,,1,70,,27959,38,4,,1,30,,27961,38,4,,1,70,,27957,38,4,,1,30,,27966,38,4,,1,70,,27954,38,4,,1,30,,27952,38,4,,1,70,,24413,38,4,,1,30,,27953,38,4,,1
30701,'11',649,,27985,1,,,1,70,,27979,1,,,1,30,,27973,1,,,1,70,,27967,1,,,1,30,,27977,1,,,1,70,,27989,1,,,1,30,,27976,1,,,1,71,,27975,1,,,1,30,,27974,1,,,1,70,,27981,1,,,1,30,,27986,1,,,1,70,,27982,1,,,1,30,,27988,1,,,1,70,,27984,1,,,1,30,,22480,1,,,1,70,,27971,1,,,1,30,,27969,1,,,1,70,,27983,1,,,1,30,,27972,1,,,1,70,,27987,1,,,1,30,,27968,1,,,1,70,,27978,1,,,1,30,,27970,1,,,1
30701,'3',649,,28008,1,,,1,70,,28002,1,,,1,30,,27996,1,,,1,70,,27990,1,,,1,30,,28000,1,,,1,70,,28012,1,,,1,30,,27999,1,,,1,71,,27998,1,,,1,30,,27997,1,,,1,70,,28004,1,,,1,30,,28009,1,,,1,70,,28005,1,,,1,30,,28011,1,,,1,70,,28007,1,,,1,30,,20372,1,,,1,70,,27994,1,,,1,30,,27992,1,,,1,70,,28006,1,,,1,30,,27995,1,,,1,70,,28010,1,,,1,30,,27991,1,,,1,70,,28001,1,,,1,30,,27993,1,,,1
40800,'1',634,,30775,46,0,64 38,1,70,,30762,46,0,64 38,1,30,,24141,46,0,64 38,1,70,,30783,46,0,64 38,1,30,,30764,46,0,64 38,1,70,,30773,46,0,64 38,1,30,,30781,46,0,64 38,1,70,,30768,46,0,64 38,1,31,,30761,46,0,64 38,1,70,,30767,46,0,64 38,1,30,,30778,46,0,64 38,1,70,,30769,46,0,64 38,1,30,,30785,46,0,64 38,1,70,,30772,46,0,64 38,1,30,,30776,46,0,64 38,1,70,,30777,46,0,64 38,1,30,,30784,46,0,64 38,1,70,,30787,46,0,64 38,1,30,,30774,46,0,64 38,1,70,,30770,46,0,64 38,1,30,,30771,46,0,64 38,1,70,,30765,46,0,64 38,1,30,,30779,46,0,64 38,1,70,,30780,46,0,64 38,1,100,,23530,46,0,64 38,1,100,,30766,46,0,64 38,1,100,,30786,46,0,64 38,1,100,,22629,46,0,64 38,1,100,,30763,46,0,64 38,1,100,,30782,46,0,64 38,1
40800,'11',1805,,23147,46,0,64 38,1,100,,30793,46,0,64 38,1,100,,30790,46,0,64 38,1,100,,30791,46,0,64 38,1,100,,30788,46,0,64 38,1,100,,30792,46,0,64 38,1,100,,30789,46,0,64 38,1
40800,'12',1105,,30794,46,0,64 38,1,100,,30796,46,0,64 38,1,100,,30799,46,0,64 38,1,100,,30797,46,0,64 38,1,100,,30801,46,0,64 38,1,100,,30795,46,0,64 38,1,100,,30800,46,0,64 38,1,100,,30798,46,0,64 38,1
40800,'14',634,,30817,46,0,64 38,1,70,,30803,46,0,64 38,1,30,,30819,46,0,64 38,1,70,,30824,46,0,64 38,1,30,,30805,46,0,64 38,1,70,,30815,46,0,64 38,1,30,,30822,46,0,64 38,1,70,,30809,46,0,64 38,1,31,,30802,46,0,64 38,1,70,,30808,46,0,64 38,1,30,,24976,46,0,64 38,1,70,,30810,46,0,64 38,1,30,,30826,46,0,64 38,1,70,,30814,46,0,64 38,1,30,,30818,46,0,64 38,1,70,,26787,46,0,64 38,1,30,,30825,46,0,64 38,1,70,,30828,46,0,64 38,1,30,,30816,46,0,64 38,1,70,,30812,46,0,64 38,1,30,,17982,46,0,64 38,1,70,,30806,46,0,64 38,1,30,,30820,46,0,64 38,1,70,,30821,46,0,64 38,1,100,,30813,46,0,64 38,1,100,,30807,46,0,64 38,1,100,,30827,46,0,64 38,1,100,,30811,46,0,64 38,1,100,,30804,46,0,64 38,1,100,,30823,46,0,64 38,1
40800,'3',1805,,23160,46,0,64 38,1,100,,30834,46,0,64 38,1,100,,30831,46,0,64 38,1,100,,30832,46,0,64 38,1,100,,30829,46,0,64 38,1,100,,30833,46,0,64 38,1,100,,30830,46,0,64 38,1
40800,'8',904,,25489,46,0,64 38,1,100,,30836,46,0,64 38,1,31,,30845,46,0,64 38,1,70,,30850,46,0,64 38,1,30,,30840,46,0,64 38,1,70,,30843,46,0,64 38,1,30,,26064,46,0,64 38,1,70,,30846,46,0,64 38,1,30,,30839,46,0,64 38,1,70,,30849,46,0,64 38,1,30,,30842,46,0,64 38,1,70,,25796,46,0,64 38,1,30,,30835,46,0,64 38,1,70,,30847,46,0,64 38,1,30,,30838,46,0,64 38,1,70,,30848,46,0,64 38,1,30,,30844,46,0,64 38,1,70,,26215,46,0,64 38,1,100,,30837,46,0,64 38,1,100,,30841,46,0,64 38,1
