31200,'15',609,,11990,16,,,1,30,,11991,16,,,1,70,,11993,16,,,1,30,,11977,16,,,1,70,,11996,16,,,1,30,,11984,16,,,1,70,,11985,16,,,1,30,,11980,16,,,1,71,,11987,16,,,1,30,,11976,16,,,1,70,,11978,16,,,1,30,,11988,16,,,1,70,,11998,16,,,1,30,,11983,16,,,1,70,,11981,16,,,1,30,,11995,16,,,1,75,,11975,16,,,1,30,,11989,16,,,1,70,,11992,16,,,1,30,,11979,16,,,1,70,,11994,16,,,1,30,,11997,16,,,1,70,,11986,16,,,1,30,,11982,16,,,1,70,,11974,16,,,1
31200,'16',609,,12012,16,,,1,30,,12013,16,,,1,70,,12014,16,,,1,30,,12001,16,,,1,70,,12017,16,,,1,30,,12007,16,,,1,70,,12008,16,,,1,30,,12004,16,,,1,71,,12006,16,,,1,30,,2674,16,,,1,70,,12002,16,,,1,30,,12010,16,,,1,70,,12019,16,,,1,30,,12005,16,,,1,70,,1083,16,,,1,30,,12016,16,,,1,75,,12000,16,,,1,30,,12011,16,,,1,70,,4450,16,,,1,30,,12003,16,,,1,70,,12015,16,,,1,30,,12018,16,,,1,70,,12009,16,,,1,30,,8146,16,,,1,70,,11999,16,,,1
31200,'17',609,,12032,16,,,1,30,,4606,16,,,1,70,,12033,16,,,1,30,,12022,16,,,1,70,,12036,16,,,1,30,,12027,16,,,1,70,,12028,16,,,1,30,,12024,16,,,1,71,,12026,16,,,1,30,,2699,16,,,1,70,,12023,16,,,1,30,,12030,16,,,1,70,,12038,16,,,1,30,,12025,16,,,1,70,,1108,16,,,1,30,,12035,16,,,1,75,,12021,16,,,1,30,,12031,16,,,1,70,,4473,16,,,1,30,,3189,16,,,1,70,,12034,16,,,1,30,,12037,16,,,1,70,,12029,16,,,1,30,,8151,16,,,1,70,,12020,16,,,1
31200,'19',609,,12055,16,,,1,30,,12056,16,,,1,70,,12058,16,,,1,30,,12042,16,,,1,70,,12061,16,,,1,30,,12050,16,,,1,70,,12051,16,,,1,30,,12045,16,,,1,71,,12046,16,,,1,30,,12041,16,,,1,70,,12043,16,,,1,30,,12053,16,,,1,70,,12063,16,,,1,30,,12049,16,,,1,70,,12047,16,,,1,30,,12060,16,,,1,75,,12040,16,,,1,30,,12054,16,,,1,70,,12057,16,,,1,30,,12044,16,,,1,70,,12059,16,,,1,30,,12062,16,,,1,70,,12052,16,,,1,30,,12048,16,,,1,70,,12039,16,,,1
31200,'5',609,,4560,16,,,1,30,,12076,16,,,1,70,,12077,16,,,1,30,,12066,16,,,1,70,,12080,16,,,1,30,,12071,16,,,1,70,,12072,16,,,1,30,,4269,16,,,1,71,,12069,16,,,1,30,,2723,16,,,1,70,,12067,16,,,1,30,,12074,16,,,1,70,,12082,16,,,1,30,,12070,16,,,1,70,,1133,16,,,1,30,,12079,16,,,1,75,,12065,16,,,1,30,,12075,16,,,1,70,,4493,16,,,1,30,,12068,16,,,1,70,,12078,16,,,1,30,,12081,16,,,1,70,,12073,16,,,1,30,,8180,16,,,1,70,,12064,16,,,1
31200,'6',609,,12099,16,,,1,30,,12100,16,,,1,70,,12102,16,,,1,30,,12086,16,,,1,70,,12105,16,,,1,30,,12093,16,,,1,70,,12094,16,,,1,30,,12089,16,,,1,71,,12096,16,,,1,30,,12085,16,,,1,70,,12087,16,,,1,30,,12097,16,,,1,70,,12107,16,,,1,30,,12092,16,,,1,70,,12090,16,,,1,30,,12104,16,,,1,75,,12084,16,,,1,30,,12098,16,,,1,70,,12101,16,,,1,30,,12088,16,,,1,70,,12103,16,,,1,30,,12106,16,,,1,70,,12095,16,,,1,30,,12091,16,,,1,70,,12083,16,,,1
41200,'1',1135,,18491,34,0,23,1,100,,781,34,0,23,1,100,,18492,34,0,23,1,99,,4503,34,0,23,1,100,,18490,34,0,23,1,100,,6133,34,0,23,1,100,,18493,34,0,23,1
41200,'10',633,,18521,34,0,23,1,70,,18520,34,0,23,1,30,,18503,34,0,23,1,70,,18511,34,0,23,1,30,,18502,34,0,23,1,70,,18512,34,0,23,1,30,,18522,34,0,23,1,70,,18510,34,0,23,1,32,,18518,34,0,23,1,70,,18516,34,0,23,1,30,,18497,34,0,23,1,70,,18509,34,0,23,1,30,,18519,34,0,23,1,70,,18500,34,0,23,1,30,,18501,34,0,23,1,70,,18494,34,0,23,1,29,,18513,34,0,23,1,70,,18495,34,0,23,1,30,,18514,34,0,23,1,70,,18506,34,0,23,1,30,,18496,34,0,23,1,70,,18508,34,0,23,1,30,,18499,34,0,23,1,70,,18523,34,0,23,1,30,,18507,34,0,23,1,100,,18515,34,0,23,1,100,,18517,34,0,23,1,100,,18504,34,0,23,1,100,,18498,34,0,23,1,100,,18505,34,0,23,1
41200,'12',933,,18539,34,0,23,1,102,,18534,34,0,23,1,70,,18536,34,0,23,1,30,,6099,34,0,23,1,70,,18525,34,0,23,1,30,,18527,34,0,23,1,70,,18533,34,0,23,1,30,,18540,34,0,23,1,70,,18529,34,0,23,1,29,,18537,34,0,23,1,70,,18526,34,0,23,1,30,,18535,34,0,23,1,70,,18538,34,0,23,1,30,,18524,34,0,23,1,70,,18530,34,0,23,1,30,,18532,34,0,23,1,70,,18528,34,0,23,1,30,,18531,34,0,23,1,100,,6756,34,0,23,1
41200,'15',1834,,18542,34,0,23,1,100,,18544,34,0,23,1,100,,18543,34,0,23,1,100,,18546,34,0,23,1,100,,18545,34,0,23,1,100,,18541,34,0,23,1
41200,'16',1834,,18548,34,0,23,1,100,,18550,34,0,23,1,100,,18549,34,0,23,1,100,,18552,34,0,23,1,100,,18551,34,0,23,1,100,,18547,34,0,23,1
41200,'17',1834,,18554,34,0,23,1,100,,18556,34,0,23,1,100,,18555,34,0,23,1,100,,18558,34,0,23,1,100,,18557,34,0,23,1,100,,18553,34,0,23,1
41200,'19',1834,,18560,34,0,23,1,100,,18562,34,0,23,1,100,,18561,34,0,23,1,100,,18564,34,0,23,1,100,,18563,34,0,23,1,100,,18559,34,0,23,1
41200,'21',633,,18591,34,0,23,1,70,,18590,34,0,23,1,30,,18573,34,0,23,1,70,,18581,34,0,23,1,30,,18572,34,0,23,1,70,,18582,34,0,23,1,30,,18592,34,0,23,1,70,,18580,34,0,23,1,32,,18588,34,0,23,1,70,,18586,34,0,23,1,30,,18567,34,0,23,1,70,,18579,34,0,23,1,30,,18589,34,0,23,1,70,,18570,34,0,23,1,30,,18571,34,0,23,1,70,,6021,34,0,23,1,29,,18583,34,0,23,1,70,,18565,34,0,23,1,30,,18584,34,0,23,1,70,,18576,34,0,23,1,30,,18566,34,0,23,1,70,,18578,34,0,23,1,30,,18569,34,0,23,1,70,,18593,34,0,23,1,30,,18577,34,0,23,1,100,,18585,34,0,23,1,100,,18587,34,0,23,1,100,,18574,34,0,23,1,100,,18568,34,0,23,1,100,,18575,34,0,23,1
41200,'5',1834,,18595,34,0,23,1,100,,18597,34,0,23,1,100,,18596,34,0,23,1,100,,18599,34,0,23,1,100,,18598,34,0,23,1,100,,18594,34,0,23,1
41200,'6',1834,,18601,34,0,23,1,100,,18603,34,0,23,1,100,,18602,34,0,23,1,100,,18605,34,0,23,1,100,,18604,34,0,23,1,100,,18600,34,0,23,1
