'1',31200,61430,,'',0,3000,,'',0,7000,,'',0,3000,,'',0,7000,,'',0,3000,,'',0,7000,,'',0,3000,,'',0,7000,,'',0,3000,,'',0,7000,,'',0,3000,,'',0,7000,,'',0,3000,,'',0,7000,,'',0,3000,,'',0,7590,,'',0,3000,,'',0,7000,,'',0,3000,,'',0,7000,,'',0,3000,,'',0,7000,,'',0,3000,,'',0,7000,,'',0
'11',31200,61430,,'',0,3000,,'',0,7000,,'',0,3000,,'',0,7000,,'',0,3000,,'',0,7000,,'',0,3000,,'',0,7000,,'',0,3000,,'',0,7000,,'',0,3000,,'',0,7000,,'',0,3000,,'',0,7000,,'',0,3000,,'',0,7590,,'',0,3000,,'',0,7000,,'',0,3000,,'',0,7000,,'',0,3000,,'',0,7000,,'',0,3000,,'',0,7000,,'',0
'13',31200,61430,,'',0,3000,,'',0,7000,,'',0,3000,,'',0,7000,,'',0,3000,,'',0,7000,,'',0,3000,,'',0,7000,,'',0,3000,,'',0,7000,,'',0,3000,,'',0,7000,,'',0,3000,,'',0,7000,,'',0,3000,,'',0,7590,,'',0,3000,,'',0,7000,,'',0,3000,,'',0,7000,,'',0,3000,,'',0,7000,,'',0,3000,,'',0,7000,,'',0
'16',31200,61430,,'',0,3000,,'',0,7000,,'',0,3000,,'',0,7000,,'',0,3000,,'',0,7000,,'',0,3000,,'',0,7000,,'',0,3000,,'',0,7000,,'',0,3000,,'',0,7000,,'',0,3000,,'',0,7000,,'',0,3000,,'',0,7590,,'',0,3000,,'',0,7000,,'',0,3000,,'',0,7000,,'',0,3000,,'',0,7000,,'',0,3000,,'',0,7000,,'',0
'18',31200,61430,,'',0,3000,,'',0,7000,,'',0,3000,,'',0,7000,,'',0,3000,,'',0,7000,,'',0,3000,,'',0,7000,,'',0,3000,,'',0,7000,,'',0,3000,,'',0,7000,,'',0,3000,,'',0,7000,,'',0,3000,,'',0,7590,,'',0,3000,,'',0,7000,,'',0,3000,,'',0,7000,,'',0,3000,,'',0,7000,,'',0,3000,,'',0,7000,,'',0
'20',31200,61430,,'',0,3000,,'',0,7000,,'',0,3000,,'',0,7000,,'',0,3000,,'',0,7000,,'',0,3000,,'',0,7000,,'',0,3000,,'',0,7000,,'',0,3000,,'',0,7000,,'',0,3000,,'',0,7000,,'',0,3000,,'',0,7590,,'',0,3000,,'',0,7000,,'',0,3000,,'',0,7000,,'',0,3000,,'',0,7000,,'',0,3000,,'',0,7000,,'',0
'4',31200,61430,,'',0,3000,,'',0,7000,,'',0,3000,,'',0,7000,,'',0,3000,,'',0,7000,,'',0,3000,,'',0,7000,,'',0,3000,,'',0,7000,,'',0,3000,,'',0,7000,,'',0,3000,,'',0,7000,,'',0,3000,,'',0,7590,,'',0,3000,,'',0,7000,,'',0,3000,,'',0,7000,,'',0,3000,,'',0,7000,,'',0,3000,,'',0,7000,,'',0
'1',41200,183830,0,'Lakeshore',0,10000,0,'Lakeshore',0,10000,0,'Lakeshore',0,10000,0,'Lakeshore',0,10000,0,'Lakeshore',0,10000,0,'Lakeshore',0
'11',41200,183830,0,'Lakeshore',0,10000,0,'Lakeshore',0,10000,0,'Lakeshore',0,10000,0,'Lakeshore',0,10000,0,'Lakeshore',0,10000,0,'Lakeshore',0
'13',41200,183830,0,'Lakeshore',0,10000,0,'Lakeshore',0,10000,0,'Lakeshore',0,10000,0,'Lakeshore',0,10000,0,'Lakeshore',0,10000,0,'Lakeshore',0,10000,0,'Lakeshore',0,10000,0,'Lakeshore',0
'14',41200,93830,0,'Lakeshore',0,10000,0,'Lakeshore',0,7000,0,'Lakeshore',0,3000,0,'Lakeshore',0,7000,0,'Lakeshore',0,3000,0,'Lakeshore',0,7000,0,'Lakeshore',0,3000,0,'Lakeshore',0,7000,0,'Lakeshore',0,3000,0,'Lakeshore',0,7000,0,'Lakeshore',0,3000,0,'Lakeshore',0,7000,0,'Lakeshore',0,3000,0,'Lakeshore',0,7000,0,'Lakeshore',0,3000,0,'Lakeshore',0,7000,0,'Lakeshore',0,3000,0,'Lakeshore',0,10000,0,'Lakeshore',0
'16',41200,183830,0,'Lakeshore',0,10000,0,'Lakeshore',0,10000,0,'Lakeshore',0,10000,0,'Lakeshore',0,10000,0,'Lakeshore',0,10000,0,'Lakeshore',0
'17',41200,63830,0,'Lakeshore',0,7000,0,'Lakeshore',0,3000,0,'Lakeshore',0,7000,0,'Lakeshore',0,3000,0,'Lakeshore',0,7000,0,'Lakeshore',0,3000,0,'Lakeshore',0,7000,0,'Lakeshore',0,3000,0,'Lakeshore',0,7000,0,'Lakeshore',0,3000,0,'Lakeshore',0,7000,0,'Lakeshore',0,3000,0,'Lakeshore',0,7000,0,'Lakeshore',0,3000,0,'Lakeshore',0,7000,0,'Lakeshore',0,3000,0,'Lakeshore',0,7000,0,'Lakeshore',0,3000,0,'Lakeshore',0,7000,0,'Lakeshore',0,3000,0,'Lakeshore',0,7000,0,'Lakeshore',0,3000,0,'Lakeshore',0,7000,0,'Lakeshore',0,3000,0,'Lakeshore',0,10000,0,'Lakeshore',0,10000,0,'Lakeshore',0,10000,0,'Lakeshore',0,10000,0,'Lakeshore',0,10000,0,'Lakeshore',0
'18',41200,183830,0,'Lakeshore',0,10000,0,'Lakeshore',0,10000,0,'Lakeshore',0,10000,0,'Lakeshore',0,10000,0,'Lakeshore',0,10000,0,'Lakeshore',0
'20',41200,183830,0,'Lakeshore',0,10000,0,'Lakeshore',0,10000,0,'Lakeshore',0,10000,0,'Lakeshore',0,10000,0,'Lakeshore',0,10000,0,'Lakeshore',0
'22',41200,63830,0,'Lakeshore',0,7000,0,'Lakeshore',0,3000,0,'Lakeshore',0,7000,0,'Lakeshore',0,3000,0,'Lakeshore',0,7000,0,'Lakeshore',0,3000,0,'Lakeshore',0,7000,0,'Lakeshore',0,3000,0,'Lakeshore',0,7000,0,'Lakeshore',0,3000,0,'Lakeshore',0,7000,0,'Lakeshore',0,3000,0,'Lakeshore',0,7000,0,'Lakeshore',0,3000,0,'Lakeshore',0,7000,0,'Lakeshore',0,3000,0,'Lakeshore',0,7000,0,'Lakeshore',0,3000,0,'Lakeshore',0,7000,0,'Lakeshore',0,3000,0,'Lakeshore',0,7000,0,'Lakeshore',0,3000,0,'Lakeshore',0,7000,0,'Lakeshore',0,3000,0,'Lakeshore',0,10000,0,'Lakeshore',0,10000,0,'Lakeshore',0,10000,0,'Lakeshore',0,10000,0,'Lakeshore',0,10000,0,'Lakeshore',0
'4',41200,183830,0,'Lakeshore',0,10000,0,'Lakeshore',0,10000,0,'Lakeshore',0,10000,0,'Lakeshore',0,10000,0,'Lakeshore',0,10000,0,'Lakeshore',0
'5',41200,113830,0,'Lakeshore',0,10000,0,'Lakeshore',0,10000,0,'Lakeshore',0,10000,0,'Lakeshore',0,10000,0,'Lakeshore',0,10000,0,'Lakeshore',0,10000,0,'Lakeshore',0
