31800,'12',608,,35968,18,0,45 46 18,1,30,,35985,18,0,45 46 18,1,70,,35988,18,0,45 46 18,1,30,,35969,18,0,45 46 18,1,70,,35979,18,0,45 46 18,1,30,,35976,18,0,45 46 18,1,70,,35989,18,0,45 46 18,1,30,,35983,18,0,45 46 18,1,70,,35980,18,0,45 46 18,1,30,,35984,18,0,45 46 18,1,70,,35974,18,0,45 46 18,1,30,,35987,18,0,45 46 18,1,70,,35972,18,0,45 46 18,1,30,,35973,18,0,45 46 18,1,70,,35971,18,0,45 46 18,1,30,,35965,18,0,45 46 18,1,70,,35982,18,0,45 46 18,1,30,,35975,18,0,45 46 18,1,70,,35986,18,0,45 46 18,1,30,,35966,18,0,45 46 18,1,70,,35970,18,0,45 46 18,1,30,,35967,18,0,45 46 18,1,70,,35977,18,0,45 46 18,1,30,,35981,18,0,45 46 18,1,70,,35978,18,0,45 46 18,1
31800,'13',608,,35992,18,0,45 46 18,1,30,,36005,18,0,45 46 18,1,70,,36008,18,0,45 46 18,1,30,,35993,18,0,45 46 18,1,70,,36000,18,0,45 46 18,1,30,,35998,18,0,45 46 18,1,70,,27363,18,0,45 46 18,1,30,,36003,18,0,45 46 18,1,70,,29704,18,0,45 46 18,1,30,,36004,18,0,45 46 18,1,70,,35996,18,0,45 46 18,1,30,,36007,18,0,45 46 18,1,70,,35995,18,0,45 46 18,1,30,,28468,18,0,45 46 18,1,70,,35994,18,0,45 46 18,1,30,,28805,18,0,45 46 18,1,70,,36002,18,0,45 46 18,1,30,,35997,18,0,45 46 18,1,70,,36006,18,0,45 46 18,1,30,,35990,18,0,45 46 18,1,70,,29319,18,0,45 46 18,1,30,,35991,18,0,45 46 18,1,70,,27770,18,0,45 46 18,1,30,,36001,18,0,45 46 18,1,70,,35999,18,0,45 46 18,1
31800,'3',608,,36011,18,0,45 46 18,1,30,,36024,18,0,45 46 18,1,70,,36027,18,0,45 46 18,1,30,,36012,18,0,45 46 18,1,70,,36019,18,0,45 46 18,1,30,,36017,18,0,45 46 18,1,70,,27401,18,0,45 46 18,1,30,,36022,18,0,45 46 18,1,70,,29823,18,0,45 46 18,1,30,,36023,18,0,45 46 18,1,70,,36015,18,0,45 46 18,1,30,,36026,18,0,45 46 18,1,70,,36014,18,0,45 46 18,1,30,,28483,18,0,45 46 18,1,70,,36013,18,0,45 46 18,1,30,,28828,18,0,45 46 18,1,70,,36021,18,0,45 46 18,1,30,,36016,18,0,45 46 18,1,70,,36025,18,0,45 46 18,1,30,,36009,18,0,45 46 18,1,70,,29340,18,0,45 46 18,1,30,,36010,18,0,45 46 18,1,70,,27790,18,0,45 46 18,1,30,,36020,18,0,45 46 18,1,70,,36018,18,0,45 46 18,1
31800,'6',608,,36031,18,0,45 46 18,1,30,,36048,18,0,45 46 18,1,70,,36051,18,0,45 46 18,1,30,,36032,18,0,45 46 18,1,70,,36042,18,0,45 46 18,1,30,,36039,18,0,45 46 18,1,70,,36052,18,0,45 46 18,1,30,,36046,18,0,45 46 18,1,70,,36043,18,0,45 46 18,1,30,,36047,18,0,45 46 18,1,70,,36037,18,0,45 46 18,1,30,,36050,18,0,45 46 18,1,70,,36035,18,0,45 46 18,1,30,,36036,18,0,45 46 18,1,70,,36034,18,0,45 46 18,1,30,,36028,18,0,45 46 18,1,70,,36045,18,0,45 46 18,1,30,,36038,18,0,45 46 18,1,70,,36049,18,0,45 46 18,1,30,,36029,18,0,45 46 18,1,70,,36033,18,0,45 46 18,1,30,,36030,18,0,45 46 18,1,70,,36040,18,0,45 46 18,1,30,,36044,18,0,45 46 18,1,70,,36041,18,0,45 46 18,1
41800,'1',623,,41028,20,0,45 46 18,1,30,,31346,20,0,45 46 18,1,70,,41015,20,0,45 46 18,1,30,,41023,20,0,45 46 18,1,70,,41016,20,0,45 46 18,1,30,,41011,20,0,45 46 18,1,70,,41013,20,0,45 46 18,1,30,,41006,20,0,45 46 18,1,71,,41025,20,0,45 46 18,1,30,,41018,20,0,45 46 18,1,70,,41012,20,0,45 46 18,1,30,,41022,20,0,45 46 18,1,70,,41014,20,0,45 46 18,1,30,,41005,20,0,45 46 18,1,70,,41026,20,0,45 46 18,1,30,,41024,20,0,45 46 18,1,70,,41007,20,0,45 46 18,1,30,,41019,20,0,45 46 18,1,70,,24259,20,0,45 46 18,1,30,,41008,20,0,45 46 18,1,70,,41009,20,0,45 46 18,1,30,,41017,20,0,45 46 18,1,70,,29112,20,0,45 46 18,1,30,,23596,20,0,45 46 18,1,100,,30068,20,0,45 46 18,1,100,,41021,20,0,45 46 18,1,100,,32532,20,0,45 46 18,1,100,,41027,20,0,45 46 18,1,100,,41020,20,0,45 46 18,1,100,,41010,20,0,45 46 18,1
41800,'11',623,,41058,20,0,45 46 18,1,30,,41046,20,0,45 46 18,1,70,,41042,20,0,45 46 18,1,30,,41053,20,0,45 46 18,1,70,,41044,20,0,45 46 18,1,30,,41036,20,0,45 46 18,1,70,,41039,20,0,45 46 18,1,30,,41030,20,0,45 46 18,1,71,,41055,20,0,45 46 18,1,30,,41047,20,0,45 46 18,1,70,,41038,20,0,45 46 18,1,30,,41052,20,0,45 46 18,1,70,,41040,20,0,45 46 18,1,30,,41029,20,0,45 46 18,1,70,,41056,20,0,45 46 18,1,30,,41054,20,0,45 46 18,1,70,,41031,20,0,45 46 18,1,30,,41049,20,0,45 46 18,1,70,,41043,20,0,45 46 18,1,30,,41032,20,0,45 46 18,1,70,,41034,20,0,45 46 18,1,30,,41045,20,0,45 46 18,1,70,,41033,20,0,45 46 18,1,30,,41041,20,0,45 46 18,1,100,,41037,20,0,45 46 18,1,100,,41051,20,0,45 46 18,1,100,,41048,20,0,45 46 18,1,100,,41057,20,0,45 46 18,1,100,,41050,20,0,45 46 18,1,100,,41035,20,0,45 46 18,1
41800,'12',1854,,41062,20,0,45 46 18,1,100,,41059,20,0,45 46 18,1,100,,41063,20,0,45 46 18,1,100,,41060,20,0,45 46 18,1,100,,41064,20,0,45 46 18,1,100,,41061,20,0,45 46 18,1
41800,'13',1854,,41068,20,0,45 46 18,1,100,,41065,20,0,45 46 18,1,100,,41069,20,0,45 46 18,1,100,,41066,20,0,45 46 18,1,100,,41070,20,0,45 46 18,1,100,,41067,20,0,45 46 18,1
41800,'14',1054,,41072,20,0,45 46 18,1,100,,41074,20,0,45 46 18,1,100,,41077,20,0,45 46 18,1,100,,41076,20,0,45 46 18,1,100,,41073,20,0,45 46 18,1,100,,41071,20,0,45 46 18,1,100,,41078,20,0,45 46 18,1,100,,41075,20,0,45 46 18,1
41800,'16',623,,41103,20,0,45 46 18,1,30,,31387,20,0,45 46 18,1,70,,41089,20,0,45 46 18,1,30,,41098,20,0,45 46 18,1,70,,41090,20,0,45 46 18,1,30,,41085,20,0,45 46 18,1,70,,41087,20,0,45 46 18,1,30,,41080,20,0,45 46 18,1,71,,41100,20,0,45 46 18,1,30,,41092,20,0,45 46 18,1,70,,41086,20,0,45 46 18,1,30,,41097,20,0,45 46 18,1,70,,41088,20,0,45 46 18,1,30,,41079,20,0,45 46 18,1,70,,41101,20,0,45 46 18,1,30,,41099,20,0,45 46 18,1,70,,41081,20,0,45 46 18,1,30,,41094,20,0,45 46 18,1,70,,29533,20,0,45 46 18,1,30,,41082,20,0,45 46 18,1,70,,41083,20,0,45 46 18,1,30,,41091,20,0,45 46 18,1,70,,23985,20,0,45 46 18,1,30,,30899,20,0,45 46 18,1,100,,30148,20,0,45 46 18,1,100,,41096,20,0,45 46 18,1,100,,41093,20,0,45 46 18,1,100,,41102,20,0,45 46 18,1,100,,41095,20,0,45 46 18,1,100,,41084,20,0,45 46 18,1
41800,'3',1854,,41107,20,0,45 46 18,1,100,,41104,20,0,45 46 18,1,100,,41108,20,0,45 46 18,1,100,,41105,20,0,45 46 18,1,100,,41109,20,0,45 46 18,1,100,,41106,20,0,45 46 18,1
41800,'6',1854,,41113,20,0,45 46 18,1,100,,41110,20,0,45 46 18,1,100,,41114,20,0,45 46 18,1,100,,41111,20,0,45 46 18,1,100,,41115,20,0,45 46 18,1,100,,41112,20,0,45 46 18,1
41800,'8',953,,41130,20,0,45 46 18,1,71,,30580,20,0,45 46 18,1,30,,41126,20,0,45 46 18,1,70,,41129,20,0,45 46 18,1,30,,41116,20,0,45 46 18,1,100,,41120,20,0,45 46 18,1,70,,41123,20,0,45 46 18,1,30,,41121,20,0,45 46 18,1,100,,41125,20,0,45 46 18,1,70,,41119,20,0,45 46 18,1,30,,29849,20,0,45 46 18,1,70,,41117,20,0,45 46 18,1,30,,41122,20,0,45 46 18,1,70,,41118,20,0,45 46 18,1,30,,41128,20,0,45 46 18,1,100,,41127,20,0,45 46 18,1,100,,41124,20,0,45 46 18,1
