31800,'12',605,,35968,12,0,45 46 18,1,30,,35985,12,0,45 46 18,1,70,,35988,12,0,45 46 18,1,30,,35969,12,0,45 46 18,1,70,,35979,12,0,45 46 18,1,30,,35976,12,0,45 46 18,1,70,,35989,12,0,45 46 18,1,30,,35983,12,0,45 46 18,1,70,,35980,12,0,45 46 18,1,30,,35984,12,0,45 46 18,1,70,,35974,12,0,45 46 18,1,30,,35987,12,0,45 46 18,1,70,,35972,12,0,45 46 18,1,30,,35973,12,0,45 46 18,1,70,,35971,12,0,45 46 18,1,30,,35965,12,0,45 46 18,1,70,,35982,12,0,45 46 18,1,30,,35975,12,0,45 46 18,1,70,,35986,12,0,45 46 18,1,30,,35966,12,0,45 46 18,1,70,,35970,12,0,45 46 18,1,30,,35967,12,0,45 46 18,1,70,,35977,12,0,45 46 18,1,30,,35981,12,0,45 46 18,1,70,,35978,12,0,45 46 18,1
31800,'13',605,,35992,12,0,45 46 18,1,30,,36005,12,0,45 46 18,1,70,,36008,12,0,45 46 18,1,30,,35993,12,0,45 46 18,1,70,,36000,12,0,45 46 18,1,30,,35998,12,0,45 46 18,1,70,,27363,12,0,45 46 18,1,30,,36003,12,0,45 46 18,1,70,,29704,12,0,45 46 18,1,30,,36004,12,0,45 46 18,1,70,,35996,12,0,45 46 18,1,30,,36007,12,0,45 46 18,1,70,,35995,12,0,45 46 18,1,30,,28468,12,0,45 46 18,1,70,,35994,12,0,45 46 18,1,30,,28805,12,0,45 46 18,1,70,,36002,12,0,45 46 18,1,30,,35997,12,0,45 46 18,1,70,,36006,12,0,45 46 18,1,30,,35990,12,0,45 46 18,1,70,,29319,12,0,45 46 18,1,30,,35991,12,0,45 46 18,1,70,,27770,12,0,45 46 18,1,30,,36001,12,0,45 46 18,1,70,,35999,12,0,45 46 18,1
31800,'3',605,,36011,12,0,45 46 18,1,30,,36024,12,0,45 46 18,1,70,,36027,12,0,45 46 18,1,30,,36012,12,0,45 46 18,1,70,,36019,12,0,45 46 18,1,30,,36017,12,0,45 46 18,1,70,,27401,12,0,45 46 18,1,30,,36022,12,0,45 46 18,1,70,,29823,12,0,45 46 18,1,30,,36023,12,0,45 46 18,1,70,,36015,12,0,45 46 18,1,30,,36026,12,0,45 46 18,1,70,,36014,12,0,45 46 18,1,30,,28483,12,0,45 46 18,1,70,,36013,12,0,45 46 18,1,30,,28828,12,0,45 46 18,1,70,,36021,12,0,45 46 18,1,30,,36016,12,0,45 46 18,1,70,,36025,12,0,45 46 18,1,30,,36009,12,0,45 46 18,1,70,,29340,12,0,45 46 18,1,30,,36010,12,0,45 46 18,1,70,,27790,12,0,45 46 18,1,30,,36020,12,0,45 46 18,1,70,,36018,12,0,45 46 18,1
31800,'6',605,,36031,12,0,45 46 18,1,30,,36048,12,0,45 46 18,1,70,,36051,12,0,45 46 18,1,30,,36032,12,0,45 46 18,1,70,,36042,12,0,45 46 18,1,30,,36039,12,0,45 46 18,1,70,,36052,12,0,45 46 18,1,30,,36046,12,0,45 46 18,1,70,,36043,12,0,45 46 18,1,30,,36047,12,0,45 46 18,1,70,,36037,12,0,45 46 18,1,30,,36050,12,0,45 46 18,1,70,,36035,12,0,45 46 18,1,30,,36036,12,0,45 46 18,1,70,,36034,12,0,45 46 18,1,30,,36028,12,0,45 46 18,1,70,,36045,12,0,45 46 18,1,30,,36038,12,0,45 46 18,1,70,,36049,12,0,45 46 18,1,30,,36029,12,0,45 46 18,1,70,,36033,12,0,45 46 18,1,30,,36030,12,0,45 46 18,1,70,,36040,12,0,45 46 18,1,30,,36044,12,0,45 46 18,1,70,,36041,12,0,45 46 18,1
41800,'1',620,,41028,14,0,45 46 18,1,30,,31346,14,0,45 46 18,1,70,,41015,14,0,45 46 18,1,30,,41023,14,0,45 46 18,1,70,,41016,14,0,45 46 18,1,30,,41011,14,0,45 46 18,1,70,,41013,14,0,45 46 18,1,30,,41006,14,0,45 46 18,1,71,,41025,14,0,45 46 18,1,30,,41018,14,0,45 46 18,1,70,,41012,14,0,45 46 18,1,30,,41022,14,0,45 46 18,1,70,,41014,14,0,45 46 18,1,30,,41005,14,0,45 46 18,1,70,,41026,14,0,45 46 18,1,30,,41024,14,0,45 46 18,1,70,,41007,14,0,45 46 18,1,30,,41019,14,0,45 46 18,1,70,,24259,14,0,45 46 18,1,30,,41008,14,0,45 46 18,1,70,,41009,14,0,45 46 18,1,30,,41017,14,0,45 46 18,1,70,,29112,14,0,45 46 18,1,30,,23596,14,0,45 46 18,1,100,,30068,14,0,45 46 18,1,100,,41021,14,0,45 46 18,1,100,,32532,14,0,45 46 18,1,100,,41027,14,0,45 46 18,1,100,,41020,14,0,45 46 18,1,100,,41010,14,0,45 46 18,1
41800,'11',620,,41058,14,0,45 46 18,1,30,,41046,14,0,45 46 18,1,70,,41042,14,0,45 46 18,1,30,,41053,14,0,45 46 18,1,70,,41044,14,0,45 46 18,1,30,,41036,14,0,45 46 18,1,70,,41039,14,0,45 46 18,1,30,,41030,14,0,45 46 18,1,71,,41055,14,0,45 46 18,1,30,,41047,14,0,45 46 18,1,70,,41038,14,0,45 46 18,1,30,,41052,14,0,45 46 18,1,70,,41040,14,0,45 46 18,1,30,,41029,14,0,45 46 18,1,70,,41056,14,0,45 46 18,1,30,,41054,14,0,45 46 18,1,70,,41031,14,0,45 46 18,1,30,,41049,14,0,45 46 18,1,70,,41043,14,0,45 46 18,1,30,,41032,14,0,45 46 18,1,70,,41034,14,0,45 46 18,1,30,,41045,14,0,45 46 18,1,70,,41033,14,0,45 46 18,1,30,,41041,14,0,45 46 18,1,100,,41037,14,0,45 46 18,1,100,,41051,14,0,45 46 18,1,100,,41048,14,0,45 46 18,1,100,,41057,14,0,45 46 18,1,100,,41050,14,0,45 46 18,1,100,,41035,14,0,45 46 18,1
41800,'12',1851,,41062,14,0,45 46 18,1,100,,41059,14,0,45 46 18,1,100,,41063,14,0,45 46 18,1,100,,41060,14,0,45 46 18,1,100,,41064,14,0,45 46 18,1,100,,41061,14,0,45 46 18,1
41800,'13',1851,,41068,14,0,45 46 18,1,100,,41065,14,0,45 46 18,1,100,,41069,14,0,45 46 18,1,100,,41066,14,0,45 46 18,1,100,,41070,14,0,45 46 18,1,100,,41067,14,0,45 46 18,1
41800,'14',1051,,41072,14,0,45 46 18,1,100,,41074,14,0,45 46 18,1,100,,41077,14,0,45 46 18,1,100,,41076,14,0,45 46 18,1,100,,41073,14,0,45 46 18,1,100,,41071,14,0,45 46 18,1,100,,41078,14,0,45 46 18,1,100,,41075,14,0,45 46 18,1
41800,'16',620,,41103,14,0,45 46 18,1,30,,31387,14,0,45 46 18,1,70,,41089,14,0,45 46 18,1,30,,41098,14,0,45 46 18,1,70,,41090,14,0,45 46 18,1,30,,41085,14,0,45 46 18,1,70,,41087,14,0,45 46 18,1,30,,41080,14,0,45 46 18,1,71,,41100,14,0,45 46 18,1,30,,41092,14,0,45 46 18,1,70,,41086,14,0,45 46 18,1,30,,41097,14,0,45 46 18,1,70,,41088,14,0,45 46 18,1,30,,41079,14,0,45 46 18,1,70,,41101,14,0,45 46 18,1,30,,41099,14,0,45 46 18,1,70,,41081,14,0,45 46 18,1,30,,41094,14,0,45 46 18,1,70,,29533,14,0,45 46 18,1,30,,41082,14,0,45 46 18,1,70,,41083,14,0,45 46 18,1,30,,41091,14,0,45 46 18,1,70,,23985,14,0,45 46 18,1,30,,30899,14,0,45 46 18,1,100,,30148,14,0,45 46 18,1,100,,41096,14,0,45 46 18,1,100,,41093,14,0,45 46 18,1,100,,41102,14,0,45 46 18,1,100,,41095,14,0,45 46 18,1,100,,41084,14,0,45 46 18,1
41800,'3',1851,,41107,14,0,45 46 18,1,100,,41104,14,0,45 46 18,1,100,,41108,14,0,45 46 18,1,100,,41105,14,0,45 46 18,1,100,,41109,14,0,45 46 18,1,100,,41106,14,0,45 46 18,1
41800,'6',1851,,41113,14,0,45 46 18,1,100,,41110,14,0,45 46 18,1,100,,41114,14,0,45 46 18,1,100,,41111,14,0,45 46 18,1,100,,41115,14,0,45 46 18,1,100,,41112,14,0,45 46 18,1
41800,'8',950,,41130,14,0,45 46 18,1,71,,30580,14,0,45 46 18,1,30,,41126,14,0,45 46 18,1,70,,41129,14,0,45 46 18,1,30,,41116,14,0,45 46 18,1,100,,41120,14,0,45 46 18,1,70,,41123,14,0,45 46 18,1,30,,41121,14,0,45 46 18,1,100,,41125,14,0,45 46 18,1,70,,41119,14,0,45 46 18,1,30,,29849,14,0,45 46 18,1,70,,41117,14,0,45 46 18,1,30,,41122,14,0,45 46 18,1,70,,41118,14,0,45 46 18,1,30,,41128,14,0,45 46 18,1,100,,41127,14,0,45 46 18,1,100,,41124,14,0,45 46 18,1
