30800,'11',612,,28033,26,0,59,1,30,,28013,26,0,59,1,70,,28016,26,0,59,1,30,,24338,26,0,59,1,70,,28028,26,0,59,1,30,,28014,26,0,59,1,70,,28030,26,0,59,1,30,,28019,26,0,59,1,70,,28029,26,0,59,1,30,,28020,26,0,59,1,70,,28025,26,0,59,1,30,,28021,26,0,59,1,70,,28027,26,0,59,1,30,,28034,26,0,59,1,70,,28023,26,0,59,1,30,,28031,26,0,59,1,69,,28022,26,0,59,1,34,,28017,26,0,59,1,70,,28032,26,0,59,1,30,,28035,26,0,59,1,70,,28024,26,0,59,1,30,,28018,26,0,59,1,70,,28026,26,0,59,1,30,,28015,26,0,59,1
30800,'3',612,,28056,26,0,59,1,30,,28036,26,0,59,1,70,,28039,26,0,59,1,30,,24359,26,0,59,1,70,,28051,26,0,59,1,30,,28037,26,0,59,1,70,,28053,26,0,59,1,30,,28042,26,0,59,1,70,,28052,26,0,59,1,30,,28043,26,0,59,1,70,,28048,26,0,59,1,30,,28044,26,0,59,1,70,,28050,26,0,59,1,30,,28057,26,0,59,1,70,,28046,26,0,59,1,30,,28054,26,0,59,1,69,,28045,26,0,59,1,34,,28040,26,0,59,1,70,,28055,26,0,59,1,30,,28058,26,0,59,1,70,,28047,26,0,59,1,30,,28041,26,0,59,1,70,,28049,26,0,59,1,30,,28038,26,0,59,1
31701,'11',617,,28814,13,0,62,1,30,,28817,13,0,62,1,70,,28823,13,0,62,1,30,,28807,13,0,62,1,70,,28810,13,0,62,1,30,,28821,13,0,62,1,70,,28822,13,0,62,1,30,,28805,13,0,62,1,71,,28803,13,0,62,1,30,,28806,13,0,62,1,70,,28808,13,0,62,1,30,,28816,13,0,62,1,70,,28811,13,0,62,1,30,,28813,13,0,62,1,70,,28825,13,0,62,1,30,,28819,13,0,62,1,70,,28804,13,0,62,1,30,,28818,13,0,62,1,70,,28815,13,0,62,1,30,,28812,13,0,62,1,70,,24029,13,0,62,1,30,,28809,13,0,62,1,70,,28820,13,0,62,1,30,,28824,13,0,62,1
31701,'3',617,,28837,13,0,62,1,30,,28840,13,0,62,1,70,,28846,13,0,62,1,30,,28830,13,0,62,1,70,,28833,13,0,62,1,30,,28844,13,0,62,1,70,,28845,13,0,62,1,30,,28828,13,0,62,1,71,,28826,13,0,62,1,30,,28829,13,0,62,1,70,,28831,13,0,62,1,30,,28839,13,0,62,1,70,,28834,13,0,62,1,30,,28836,13,0,62,1,70,,28848,13,0,62,1,30,,28842,13,0,62,1,70,,28827,13,0,62,1,30,,28841,13,0,62,1,70,,28838,13,0,62,1,30,,28835,13,0,62,1,70,,24055,13,0,62,1,30,,28832,13,0,62,1,70,,28843,13,0,62,1,30,,28847,13,0,62,1
40800,'1',626,,30775,26,0,60 61,1,30,,30762,26,0,60 61,1,70,,24141,26,0,60 61,1,30,,30783,26,0,60 61,1,70,,30764,26,0,60 61,1,30,,30773,26,0,60 61,1,70,,30781,26,0,60 61,1,30,,30768,26,0,60 61,1,71,,30761,26,0,60 61,1,30,,30767,26,0,60 61,1,70,,30778,26,0,60 61,1,30,,30769,26,0,60 61,1,70,,30785,26,0,60 61,1,30,,30772,26,0,60 61,1,70,,30776,26,0,60 61,1,30,,30777,26,0,60 61,1,70,,30784,26,0,60 61,1,30,,30787,26,0,60 61,1,70,,30774,26,0,60 61,1,30,,30770,26,0,60 61,1,70,,30771,26,0,60 61,1,30,,30765,26,0,60 61,1,70,,30779,26,0,60 61,1,30,,30780,26,0,60 61,1,100,,23530,26,0,60 61,1,100,,30766,26,0,60 61,1,100,,30786,26,0,60 61,1,100,,22629,26,0,60 61,1,100,,30763,26,0,60 61,1,100,,30782,26,0,60 61,1
40800,'11',1757,,23147,26,0,60 61,1,100,,30793,26,0,60 61,1,100,,30790,26,0,60 61,1,100,,30791,26,0,60 61,1,100,,30788,26,0,60 61,1,100,,30792,26,0,60 61,1,100,,30789,26,0,60 61,1
40800,'12',1057,,30794,26,0,60 61,1,100,,30796,26,0,60 61,1,100,,30799,26,0,60 61,1,100,,30797,26,0,60 61,1,100,,30801,26,0,60 61,1,100,,30795,26,0,60 61,1,100,,30800,26,0,60 61,1,100,,30798,26,0,60 61,1
40800,'14',626,,30817,26,0,60 61,1,30,,30803,26,0,60 61,1,70,,30819,26,0,60 61,1,30,,30824,26,0,60 61,1,70,,30805,26,0,60 61,1,30,,30815,26,0,60 61,1,70,,30822,26,0,60 61,1,30,,30809,26,0,60 61,1,71,,30802,26,0,60 61,1,30,,30808,26,0,60 61,1,70,,24976,26,0,60 61,1,30,,30810,26,0,60 61,1,70,,30826,26,0,60 61,1,30,,30814,26,0,60 61,1,70,,30818,26,0,60 61,1,30,,26787,26,0,60 61,1,70,,30825,26,0,60 61,1,30,,30828,26,0,60 61,1,70,,30816,26,0,60 61,1,30,,30812,26,0,60 61,1,70,,17982,26,0,60 61,1,30,,30806,26,0,60 61,1,70,,30820,26,0,60 61,1,30,,30821,26,0,60 61,1,100,,30813,26,0,60 61,1,100,,30807,26,0,60 61,1,100,,30827,26,0,60 61,1,100,,30811,26,0,60 61,1,100,,30804,26,0,60 61,1,100,,30823,26,0,60 61,1
40800,'3',1757,,23160,26,0,60 61,1,100,,30834,26,0,60 61,1,100,,30831,26,0,60 61,1,100,,30832,26,0,60 61,1,100,,30829,26,0,60 61,1,100,,30833,26,0,60 61,1,100,,30830,26,0,60 61,1
40800,'8',856,,25489,26,0,60 61,1,100,,30836,26,0,60 61,1,71,,30845,26,0,60 61,1,30,,30850,26,0,60 61,1,70,,30840,26,0,60 61,1,30,,30843,26,0,60 61,1,70,,26064,26,0,60 61,1,30,,30846,26,0,60 61,1,70,,30839,26,0,60 61,1,30,,30849,26,0,60 61,1,70,,30842,26,0,60 61,1,30,,25796,26,0,60 61,1,70,,30835,26,0,60 61,1,30,,30847,26,0,60 61,1,70,,30838,26,0,60 61,1,30,,30848,26,0,60 61,1,70,,30844,26,0,60 61,1,30,,26215,26,0,60 61,1,100,,30837,26,0,60 61,1,100,,30841,26,0,60 61,1
41701,'1',622,,31991,7,0,62,1,30,,32011,7,0,62,1,70,,31997,7,0,62,1,30,,23600,7,0,62,1,70,,22835,7,0,62,1,30,,32000,7,0,62,1,70,,31998,7,0,62,1,30,,31992,7,0,62,1,70,,26889,7,0,62,1,30,,32013,7,0,62,1,70,,32014,7,0,62,1,30,,31993,7,0,62,1,70,,32002,7,0,62,1,30,,32005,7,0,62,1,70,,32001,7,0,62,1,30,,31999,7,0,62,1,70,,32003,7,0,62,1,30,,32008,7,0,62,1,70,,31994,7,0,62,1,30,,32012,7,0,62,1,70,,31990,7,0,62,1,30,,32010,7,0,62,1,70,,32009,7,0,62,1,30,,32007,7,0,62,1,70,,32006,7,0,62,1,100,,32004,7,0,62,1,100,,31996,7,0,62,1,100,,22901,7,0,62,1,100,,22196,7,0,62,1,100,,31995,7,0,62,1
41701,'11',1822,,32015,7,0,62,1,100,,32016,7,0,62,1,100,,32017,7,0,62,1,100,,32018,7,0,62,1,100,,32019,7,0,62,1,100,,25274,7,0,62,1
41701,'12',1122,,32021,7,0,62,1,100,,32025,7,0,62,1,100,,32024,7,0,62,1,100,,32022,7,0,62,1,100,,32023,7,0,62,1,100,,32020,7,0,62,1,100,,32026,7,0,62,1
41701,'14',622,,32029,7,0,62,1,30,,32051,7,0,62,1,70,,32035,7,0,62,1,30,,32041,7,0,62,1,70,,32036,7,0,62,1,30,,32038,7,0,62,1,70,,25386,7,0,62,1,30,,32030,7,0,62,1,70,,32028,7,0,62,1,30,,32053,7,0,62,1,70,,32054,7,0,62,1,30,,32031,7,0,62,1,70,,32040,7,0,62,1,30,,32044,7,0,62,1,70,,32039,7,0,62,1,30,,32037,7,0,62,1,70,,32042,7,0,62,1,30,,32048,7,0,62,1,70,,24778,7,0,62,1,30,,32052,7,0,62,1,70,,32027,7,0,62,1,30,,32050,7,0,62,1,70,,32049,7,0,62,1,30,,32047,7,0,62,1,70,,32046,7,0,62,1,100,,32043,7,0,62,1,100,,32034,7,0,62,1,100,,32045,7,0,62,1,100,,32033,7,0,62,1,100,,32032,7,0,62,1
41701,'3',1822,,32055,7,0,62,1,100,,32056,7,0,62,1,100,,32057,7,0,62,1,100,,32058,7,0,62,1,100,,32059,7,0,62,1,100,,25323,7,0,62,1
41701,'8',922,,32075,7,0,62,1,130,,32063,7,0,62,1,70,,32071,7,0,62,1,30,,32068,7,0,62,1,70,,32069,7,0,62,1,30,,32074,7,0,62,1,70,,32060,7,0,62,1,100,,32072,7,0,62,1,30,,32061,7,0,62,1,70,,32070,7,0,62,1,30,,32064,7,0,62,1,70,,32065,7,0,62,1,30,,32067,7,0,62,1,70,,32066,7,0,62,1,30,,32062,7,0,62,1,70,,32073,7,0,62,1,100,,25341,7,0,62,1
