31501,'15',611,,12552,22,0,20 14 35 26,1,30,,12556,22,0,20 14 35 26,1,70,,12557,22,0,20 14 35 26,1,30,,12575,22,0,20 14 35 26,1,70,,12553,22,0,20 14 35 26,1,30,,12560,22,0,20 14 35 26,1,70,,12569,22,0,20 14 35 26,1,30,,12570,22,0,20 14 35 26,1,70,,12564,22,0,20 14 35 26,1,30,,12572,22,0,20 14 35 26,1,70,,12574,22,0,20 14 35 26,1,30,,12563,22,0,20 14 35 26,1,70,,12555,22,0,20 14 35 26,1,30,,12554,22,0,20 14 35 26,1,70,,12565,22,0,20 14 35 26,1,30,,12571,22,0,20 14 35 26,1,71,,12573,22,0,20 14 35 26,1,30,,12562,22,0,20 14 35 26,1,70,,12568,22,0,20 14 35 26,1,30,,12567,22,0,20 14 35 26,1,70,,12566,22,0,20 14 35 26,1,30,,12559,22,0,20 14 35 26,1,70,,12561,22,0,20 14 35 26,1,30,,12558,22,0,20 14 35 26,1
31501,'16',611,,12576,22,0,20 14 35 26,1,30,,12579,22,0,20 14 35 26,1,70,,12580,22,0,20 14 35 26,1,30,,12592,22,0,20 14 35 26,1,70,,12577,22,0,20 14 35 26,1,30,,12582,22,0,20 14 35 26,1,70,,7968,22,0,20 14 35 26,1,30,,12588,22,0,20 14 35 26,1,70,,12585,22,0,20 14 35 26,1,30,,1395,22,0,20 14 35 26,1,70,,12591,22,0,20 14 35 26,1,30,,8740,22,0,20 14 35 26,1,70,,8736,22,0,20 14 35 26,1,30,,12578,22,0,20 14 35 26,1,70,,12586,22,0,20 14 35 26,1,30,,12589,22,0,20 14 35 26,1,71,,12590,22,0,20 14 35 26,1,30,,12584,22,0,20 14 35 26,1,70,,12587,22,0,20 14 35 26,1,30,,2259,22,0,20 14 35 26,1,70,,4028,22,0,20 14 35 26,1,30,,8291,22,0,20 14 35 26,1,70,,12583,22,0,20 14 35 26,1,30,,12581,22,0,20 14 35 26,1
31501,'17',611,,12593,22,0,20 14 35 26,1,30,,12596,22,0,20 14 35 26,1,70,,12597,22,0,20 14 35 26,1,30,,12609,22,0,20 14 35 26,1,70,,12594,22,0,20 14 35 26,1,30,,12599,22,0,20 14 35 26,1,70,,7974,22,0,20 14 35 26,1,30,,12605,22,0,20 14 35 26,1,70,,12602,22,0,20 14 35 26,1,30,,1418,22,0,20 14 35 26,1,70,,12608,22,0,20 14 35 26,1,30,,8750,22,0,20 14 35 26,1,70,,8746,22,0,20 14 35 26,1,30,,12595,22,0,20 14 35 26,1,70,,12603,22,0,20 14 35 26,1,30,,12606,22,0,20 14 35 26,1,71,,12607,22,0,20 14 35 26,1,30,,12601,22,0,20 14 35 26,1,70,,12604,22,0,20 14 35 26,1,30,,2284,22,0,20 14 35 26,1,70,,4043,22,0,20 14 35 26,1,30,,8297,22,0,20 14 35 26,1,70,,12600,22,0,20 14 35 26,1,30,,12598,22,0,20 14 35 26,1
31501,'19',611,,12610,22,0,20 14 35 26,1,30,,12614,22,0,20 14 35 26,1,70,,12615,22,0,20 14 35 26,1,30,,12633,22,0,20 14 35 26,1,70,,12611,22,0,20 14 35 26,1,30,,12617,22,0,20 14 35 26,1,70,,12626,22,0,20 14 35 26,1,30,,12628,22,0,20 14 35 26,1,70,,12621,22,0,20 14 35 26,1,30,,12630,22,0,20 14 35 26,1,70,,12632,22,0,20 14 35 26,1,30,,12620,22,0,20 14 35 26,1,70,,12613,22,0,20 14 35 26,1,30,,12612,22,0,20 14 35 26,1,70,,12622,22,0,20 14 35 26,1,30,,12629,22,0,20 14 35 26,1,71,,12631,22,0,20 14 35 26,1,30,,12619,22,0,20 14 35 26,1,70,,12625,22,0,20 14 35 26,1,30,,12624,22,0,20 14 35 26,1,70,,12623,22,0,20 14 35 26,1,30,,12627,22,0,20 14 35 26,1,70,,12618,22,0,20 14 35 26,1,30,,12616,22,0,20 14 35 26,1
31501,'5',611,,12634,22,0,20 14 35 26,1,30,,12637,22,0,20 14 35 26,1,70,,3273,22,0,20 14 35 26,1,30,,12650,22,0,20 14 35 26,1,70,,12635,22,0,20 14 35 26,1,30,,12639,22,0,20 14 35 26,1,70,,8024,22,0,20 14 35 26,1,30,,12646,22,0,20 14 35 26,1,70,,12642,22,0,20 14 35 26,1,30,,1441,22,0,20 14 35 26,1,70,,12649,22,0,20 14 35 26,1,30,,8770,22,0,20 14 35 26,1,70,,8766,22,0,20 14 35 26,1,30,,12636,22,0,20 14 35 26,1,70,,12643,22,0,20 14 35 26,1,30,,12647,22,0,20 14 35 26,1,71,,12648,22,0,20 14 35 26,1,30,,12641,22,0,20 14 35 26,1,70,,12644,22,0,20 14 35 26,1,30,,2309,22,0,20 14 35 26,1,70,,4073,22,0,20 14 35 26,1,30,,12645,22,0,20 14 35 26,1,70,,12640,22,0,20 14 35 26,1,30,,12638,22,0,20 14 35 26,1
31501,'6',611,,12651,22,0,20 14 35 26,1,30,,12655,22,0,20 14 35 26,1,70,,12656,22,0,20 14 35 26,1,30,,12674,22,0,20 14 35 26,1,70,,12652,22,0,20 14 35 26,1,30,,12659,22,0,20 14 35 26,1,70,,12668,22,0,20 14 35 26,1,30,,12669,22,0,20 14 35 26,1,70,,12663,22,0,20 14 35 26,1,30,,12671,22,0,20 14 35 26,1,70,,12673,22,0,20 14 35 26,1,30,,12662,22,0,20 14 35 26,1,70,,12654,22,0,20 14 35 26,1,30,,12653,22,0,20 14 35 26,1,70,,12664,22,0,20 14 35 26,1,30,,12670,22,0,20 14 35 26,1,71,,12672,22,0,20 14 35 26,1,30,,12661,22,0,20 14 35 26,1,70,,12667,22,0,20 14 35 26,1,30,,12666,22,0,20 14 35 26,1,70,,12665,22,0,20 14 35 26,1,30,,12658,22,0,20 14 35 26,1,70,,12660,22,0,20 14 35 26,1,30,,12657,22,0,20 14 35 26,1
41501,'1',1126,,18911,22,0,20 14 34,1,100,,18912,22,0,20 14 34,1,100,,18913,22,0,20 14 34,1,101,,18908,22,0,20 14 34,1,100,,18907,22,0,20 14 34,1,100,,18910,22,0,20 14 34,1,100,,18909,22,0,20 14 34,1
41501,'10',656,,18921,22,0,20 14 34,1,70,,18939,22,0,20 14 34,1,30,,18938,22,0,20 14 34,1,70,,18917,22,0,20 14 34,1,30,,18928,22,0,20 14 34,1,70,,18918,22,0,20 14 34,1,30,,18926,22,0,20 14 34,1,70,,18914,22,0,20 14 34,1,30,,18930,22,0,20 14 34,1,70,,18941,22,0,20 14 34,1,30,,18936,22,0,20 14 34,1,70,,18925,22,0,20 14 34,1,30,,18924,22,0,20 14 34,1,70,,18934,22,0,20 14 34,1,30,,18937,22,0,20 14 34,1,71,,18933,22,0,20 14 34,1,30,,18932,22,0,20 14 34,1,70,,18915,22,0,20 14 34,1,30,,18927,22,0,20 14 34,1,70,,18922,22,0,20 14 34,1,30,,18931,22,0,20 14 34,1,70,,18940,22,0,20 14 34,1,30,,18919,22,0,20 14 34,1,70,,18920,22,0,20 14 34,1,99,,18916,22,0,20 14 34,1,100,,18935,22,0,20 14 34,1,100,,18923,22,0,20 14 34,1,100,,18929,22,0,20 14 34,1,100,,18942,22,0,20 14 34,1
41501,'12',926,,18956,22,0,20 14 34,1,100,,18959,22,0,20 14 34,1,30,,18950,22,0,20 14 34,1,70,,18945,22,0,20 14 34,1,30,,6689,22,0,20 14 34,1,70,,18949,22,0,20 14 34,1,30,,18957,22,0,20 14 34,1,70,,18944,22,0,20 14 34,1,30,,18943,22,0,20 14 34,1,71,,6690,22,0,20 14 34,1,30,,18946,22,0,20 14 34,1,70,,18953,22,0,20 14 34,1,30,,18951,22,0,20 14 34,1,70,,18954,22,0,20 14 34,1,30,,18948,22,0,20 14 34,1,70,,18947,22,0,20 14 34,1,30,,18958,22,0,20 14 34,1,70,,18955,22,0,20 14 34,1,99,,18952,22,0,20 14 34,1
41501,'15',1812,,18960,22,0,20 14 34,1,30,,18965,22,0,20 14 34,1,84,,18961,22,0,20 14 34,1,100,,18964,22,0,20 14 34,1,100,,18963,22,0,20 14 34,1,100,,18966,22,0,20 14 34,1,100,,18962,22,0,20 14 34,1
41501,'16',1812,,18967,22,0,20 14 34,1,30,,610,22,0,20 14 34,1,84,,5545,22,0,20 14 34,1,100,,266,22,0,20 14 34,1,100,,18968,22,0,20 14 34,1,100,,18969,22,0,20 14 34,1,100,,1667,22,0,20 14 34,1
41501,'17',1812,,18970,22,0,20 14 34,1,30,,635,22,0,20 14 34,1,84,,5595,22,0,20 14 34,1,100,,316,22,0,20 14 34,1,100,,18971,22,0,20 14 34,1,100,,18972,22,0,20 14 34,1,100,,1690,22,0,20 14 34,1
41501,'19',1812,,18973,22,0,20 14 34,1,30,,18976,22,0,20 14 34,1,84,,18974,22,0,20 14 34,1,100,,18978,22,0,20 14 34,1,100,,18977,22,0,20 14 34,1,100,,18979,22,0,20 14 34,1,100,,18975,22,0,20 14 34,1
41501,'21',656,,18986,22,0,20 14 34,1,70,,19004,22,0,20 14 34,1,30,,19003,22,0,20 14 34,1,70,,18983,22,0,20 14 34,1,30,,18993,22,0,20 14 34,1,70,,5377,22,0,20 14 34,1,30,,18991,22,0,20 14 34,1,70,,18980,22,0,20 14 34,1,30,,18995,22,0,20 14 34,1,70,,19006,22,0,20 14 34,1,30,,19001,22,0,20 14 34,1,70,,18990,22,0,20 14 34,1,30,,18989,22,0,20 14 34,1,70,,18999,22,0,20 14 34,1,30,,19002,22,0,20 14 34,1,71,,18998,22,0,20 14 34,1,30,,18997,22,0,20 14 34,1,70,,18981,22,0,20 14 34,1,30,,18992,22,0,20 14 34,1,70,,18987,22,0,20 14 34,1,30,,18996,22,0,20 14 34,1,70,,19005,22,0,20 14 34,1,30,,18984,22,0,20 14 34,1,70,,18985,22,0,20 14 34,1,99,,18982,22,0,20 14 34,1,100,,19000,22,0,20 14 34,1,100,,18988,22,0,20 14 34,1,100,,18994,22,0,20 14 34,1,100,,19007,22,0,20 14 34,1
41501,'5',1812,,19008,22,0,20 14 34,1,30,,19009,22,0,20 14 34,1,84,,5725,22,0,20 14 34,1,100,,366,22,0,20 14 34,1,100,,19010,22,0,20 14 34,1,100,,19011,22,0,20 14 34,1,100,,1713,22,0,20 14 34,1
41501,'6',1812,,19012,22,0,20 14 34,1,30,,19017,22,0,20 14 34,1,84,,19013,22,0,20 14 34,1,100,,19016,22,0,20 14 34,1,100,,19015,22,0,20 14 34,1,100,,19018,22,0,20 14 34,1,100,,19014,22,0,20 14 34,1
