30800,'12',609,,34244,19,0,59,1,30,,34225,19,0,59,1,70,,34245,19,0,59,1,30,,34233,19,0,59,1,70,,34243,19,0,59,1,30,,34229,19,0,59,1,70,,34246,19,0,59,1,30,,34231,19,0,59,1,70,,34238,19,0,59,1,30,,34240,19,0,59,1,70,,34237,19,0,59,1,30,,34235,19,0,59,1,70,,34247,19,0,59,1,30,,34248,19,0,59,1,70,,34232,19,0,59,1,30,,34234,19,0,59,1,69,,34236,19,0,59,1,33,,34228,19,0,59,1,70,,34226,19,0,59,1,30,,34227,19,0,59,1,70,,34241,19,0,59,1,30,,34239,19,0,59,1,70,,34242,19,0,59,1,30,,34230,19,0,59,1
30800,'13',609,,28199,19,0,59,1,30,,34249,19,0,59,1,70,,34263,19,0,59,1,30,,34255,19,0,59,1,70,,34262,19,0,59,1,30,,32495,19,0,59,1,70,,34264,19,0,59,1,30,,34253,19,0,59,1,70,,34259,19,0,59,1,30,,29044,19,0,59,1,70,,28195,19,0,59,1,30,,34257,19,0,59,1,70,,34265,19,0,59,1,30,,30620,19,0,59,1,70,,34254,19,0,59,1,30,,34256,19,0,59,1,69,,34258,19,0,59,1,33,,30531,19,0,59,1,70,,34250,19,0,59,1,30,,34251,19,0,59,1,70,,34260,19,0,59,1,30,,29366,19,0,59,1,70,,34261,19,0,59,1,30,,34252,19,0,59,1
30800,'3',609,,28220,19,0,59,1,30,,34266,19,0,59,1,70,,34280,19,0,59,1,30,,34272,19,0,59,1,70,,34279,19,0,59,1,30,,32499,19,0,59,1,70,,34281,19,0,59,1,30,,34270,19,0,59,1,70,,34276,19,0,59,1,30,,29050,19,0,59,1,70,,28216,19,0,59,1,30,,34274,19,0,59,1,70,,34282,19,0,59,1,30,,30657,19,0,59,1,70,,34271,19,0,59,1,30,,34273,19,0,59,1,69,,34275,19,0,59,1,33,,30568,19,0,59,1,70,,34267,19,0,59,1,30,,34268,19,0,59,1,70,,34277,19,0,59,1,30,,29388,19,0,59,1,70,,34278,19,0,59,1,30,,34269,19,0,59,1
30800,'6',609,,34302,19,0,59,1,30,,34283,19,0,59,1,70,,34303,19,0,59,1,30,,34291,19,0,59,1,70,,34301,19,0,59,1,30,,34287,19,0,59,1,70,,34304,19,0,59,1,30,,34289,19,0,59,1,70,,34296,19,0,59,1,30,,34298,19,0,59,1,70,,34295,19,0,59,1,30,,34293,19,0,59,1,70,,34305,19,0,59,1,30,,34306,19,0,59,1,70,,34290,19,0,59,1,30,,34292,19,0,59,1,69,,34294,19,0,59,1,33,,34286,19,0,59,1,70,,34284,19,0,59,1,30,,34285,19,0,59,1,70,,34299,19,0,59,1,30,,34297,19,0,59,1,70,,34300,19,0,59,1,30,,34288,19,0,59,1
40800,'1',623,,39087,19,0,60 61,1,30,,39086,19,0,60 61,1,70,,39072,19,0,60 61,1,30,,39094,19,0,60 61,1,70,,39093,19,0,60 61,1,30,,39088,19,0,60 61,1,70,,39082,19,0,60 61,1,30,,39096,19,0,60 61,1,70,,39076,19,0,60 61,1,30,,39084,19,0,60 61,1,70,,39079,19,0,60 61,1,30,,30443,19,0,60 61,1,70,,39074,19,0,60 61,1,30,,39075,19,0,60 61,1,70,,39083,19,0,60 61,1,30,,39089,19,0,60 61,1,70,,39070,19,0,60 61,1,30,,39077,19,0,60 61,1,70,,39080,19,0,60 61,1,30,,39078,19,0,60 61,1,70,,39071,19,0,60 61,1,30,,39097,19,0,60 61,1,70,,39092,19,0,60 61,1,30,,39085,19,0,60 61,1,100,,39091,19,0,60 61,1,100,,39069,19,0,60 61,1,100,,39081,19,0,60 61,1,100,,39095,19,0,60 61,1,100,,39090,19,0,60 61,1,100,,39073,19,0,60 61,1
40800,'11',623,,39116,19,0,60 61,1,30,,39115,19,0,60 61,1,70,,39101,19,0,60 61,1,30,,39123,19,0,60 61,1,70,,39122,19,0,60 61,1,30,,39117,19,0,60 61,1,70,,39111,19,0,60 61,1,30,,39125,19,0,60 61,1,70,,39105,19,0,60 61,1,30,,39113,19,0,60 61,1,70,,39108,19,0,60 61,1,30,,39126,19,0,60 61,1,70,,39103,19,0,60 61,1,30,,39104,19,0,60 61,1,70,,39112,19,0,60 61,1,30,,39118,19,0,60 61,1,70,,39099,19,0,60 61,1,30,,39106,19,0,60 61,1,70,,39109,19,0,60 61,1,30,,39107,19,0,60 61,1,70,,39100,19,0,60 61,1,30,,39127,19,0,60 61,1,70,,39121,19,0,60 61,1,30,,39114,19,0,60 61,1,100,,39120,19,0,60 61,1,100,,39098,19,0,60 61,1,100,,39110,19,0,60 61,1,100,,39124,19,0,60 61,1,100,,39119,19,0,60 61,1,100,,39102,19,0,60 61,1
40800,'12',1753,,39130,19,0,60 61,1,100,,39133,19,0,60 61,1,100,,39134,19,0,60 61,1,100,,39132,19,0,60 61,1,100,,39129,19,0,60 61,1,100,,39128,19,0,60 61,1,100,,39131,19,0,60 61,1
40800,'13',1753,,39137,19,0,60 61,1,100,,39140,19,0,60 61,1,100,,39141,19,0,60 61,1,100,,39139,19,0,60 61,1,100,,39136,19,0,60 61,1,100,,39135,19,0,60 61,1,100,,39138,19,0,60 61,1
40800,'14',1053,,39147,19,0,60 61,1,100,,39145,19,0,60 61,1,100,,39142,19,0,60 61,1,100,,39143,19,0,60 61,1,100,,39148,19,0,60 61,1,100,,39144,19,0,60 61,1,100,,39149,19,0,60 61,1,100,,39146,19,0,60 61,1
40800,'16',623,,39168,19,0,60 61,1,30,,39167,19,0,60 61,1,70,,39153,19,0,60 61,1,30,,39175,19,0,60 61,1,70,,39174,19,0,60 61,1,30,,39169,19,0,60 61,1,70,,39163,19,0,60 61,1,30,,39177,19,0,60 61,1,70,,39157,19,0,60 61,1,30,,39165,19,0,60 61,1,70,,39160,19,0,60 61,1,30,,30481,19,0,60 61,1,70,,39155,19,0,60 61,1,30,,39156,19,0,60 61,1,70,,39164,19,0,60 61,1,30,,39170,19,0,60 61,1,70,,39151,19,0,60 61,1,30,,39158,19,0,60 61,1,70,,39161,19,0,60 61,1,30,,39159,19,0,60 61,1,70,,39152,19,0,60 61,1,30,,39178,19,0,60 61,1,70,,39173,19,0,60 61,1,30,,39166,19,0,60 61,1,100,,39172,19,0,60 61,1,100,,39150,19,0,60 61,1,100,,39162,19,0,60 61,1,100,,39176,19,0,60 61,1,100,,39171,19,0,60 61,1,100,,39154,19,0,60 61,1
40800,'3',1753,,39181,19,0,60 61,1,100,,39184,19,0,60 61,1,100,,39185,19,0,60 61,1,100,,39183,19,0,60 61,1,100,,39180,19,0,60 61,1,100,,39179,19,0,60 61,1,100,,39182,19,0,60 61,1
40800,'6',1753,,39188,19,0,60 61,1,100,,39191,19,0,60 61,1,100,,39192,19,0,60 61,1,100,,39190,19,0,60 61,1,100,,39187,19,0,60 61,1,100,,39186,19,0,60 61,1,100,,39189,19,0,60 61,1
40800,'8',853,,39208,19,0,60 61,1,100,,39199,19,0,60 61,1,70,,39200,19,0,60 61,1,30,,39194,19,0,60 61,1,70,,39197,19,0,60 61,1,30,,39209,19,0,60 61,1,70,,39202,19,0,60 61,1,30,,39204,19,0,60 61,1,70,,39205,19,0,60 61,1,30,,39196,19,0,60 61,1,70,,39210,19,0,60 61,1,30,,39201,19,0,60 61,1,70,,39198,19,0,60 61,1,30,,39193,19,0,60 61,1,70,,39203,19,0,60 61,1,30,,30039,19,0,60 61,1,70,,39207,19,0,60 61,1,30,,31168,19,0,60 61,1,100,,39206,19,0,60 61,1,100,,39195,19,0,60 61,1
