30600,'12',609,,33883,19,0,7,1,30,,33881,19,0,7,1,70,,33882,19,0,7,1,30,,33861,19,0,7,1,70,,33866,19,0,7,1,30,,33879,19,0,7,1,70,,33864,19,0,7,1,30,,33869,19,0,7,1,70,,33863,19,0,7,1,30,,33878,19,0,7,1,70,,33884,19,0,7,1,30,,33876,19,0,7,1,70,,33865,19,0,7,1,30,,33872,19,0,7,1,70,,33875,19,0,7,1,30,,33862,19,0,7,1,72,,33874,19,0,7,1,30,,33871,19,0,7,1,70,,33880,19,0,7,1,30,,33870,19,0,7,1,70,,33868,19,0,7,1,30,,33867,19,0,7,1,70,,33873,19,0,7,1,30,,33877,19,0,7,1
30600,'13',609,,33904,19,0,7,1,30,,33902,19,0,7,1,70,,33903,19,0,7,1,30,,33885,19,0,7,1,70,,33889,19,0,7,1,30,,33900,19,0,7,1,70,,29025,19,0,7,1,30,,33892,19,0,7,1,70,,33887,19,0,7,1,30,,33899,19,0,7,1,70,,33905,19,0,7,1,30,,33897,19,0,7,1,70,,33888,19,0,7,1,30,,33895,19,0,7,1,70,,33896,19,0,7,1,30,,33886,19,0,7,1,72,,32474,19,0,7,1,30,,33894,19,0,7,1,70,,33901,19,0,7,1,30,,33893,19,0,7,1,70,,33891,19,0,7,1,30,,33890,19,0,7,1,70,,28902,19,0,7,1,30,,33898,19,0,7,1
30600,'3',609,,33925,19,0,7,1,30,,33923,19,0,7,1,70,,33924,19,0,7,1,30,,33906,19,0,7,1,70,,33910,19,0,7,1,30,,33921,19,0,7,1,70,,29032,19,0,7,1,30,,33913,19,0,7,1,70,,33908,19,0,7,1,30,,33920,19,0,7,1,70,,33926,19,0,7,1,30,,33918,19,0,7,1,70,,33909,19,0,7,1,30,,33916,19,0,7,1,70,,33917,19,0,7,1,30,,33907,19,0,7,1,72,,32479,19,0,7,1,30,,33915,19,0,7,1,70,,33922,19,0,7,1,30,,33914,19,0,7,1,70,,33912,19,0,7,1,30,,33911,19,0,7,1,70,,28926,19,0,7,1,30,,33919,19,0,7,1
30600,'6',609,,33949,19,0,7,1,30,,33947,19,0,7,1,70,,33948,19,0,7,1,30,,33927,19,0,7,1,70,,33932,19,0,7,1,30,,33945,19,0,7,1,70,,33930,19,0,7,1,30,,33935,19,0,7,1,70,,33929,19,0,7,1,30,,33944,19,0,7,1,70,,33950,19,0,7,1,30,,33942,19,0,7,1,70,,33931,19,0,7,1,30,,33938,19,0,7,1,70,,33941,19,0,7,1,30,,33928,19,0,7,1,72,,33940,19,0,7,1,30,,33937,19,0,7,1,70,,33946,19,0,7,1,30,,33936,19,0,7,1,70,,33934,19,0,7,1,30,,33933,19,0,7,1,70,,33939,19,0,7,1,30,,33943,19,0,7,1
40600,'1',624,,38838,19,0,9 10,1,30,,38821,19,0,9 10,1,70,,38820,19,0,9 10,1,30,,38834,19,0,9 10,1,70,,31587,19,0,9 10,1,30,,38836,19,0,9 10,1,70,,38828,19,0,9 10,1,30,,38830,19,0,9 10,1,70,,38824,19,0,9 10,1,30,,38829,19,0,9 10,1,70,,38817,19,0,9 10,1,30,,38827,19,0,9 10,1,70,,38816,19,0,9 10,1,30,,29422,19,0,9 10,1,70,,38837,19,0,9 10,1,30,,38826,19,0,9 10,1,70,,31583,19,0,9 10,1,30,,38823,19,0,9 10,1,70,,38814,19,0,9 10,1,30,,23436,19,0,9 10,1,70,,38831,19,0,9 10,1,30,,38822,19,0,9 10,1,70,,38815,19,0,9 10,1,30,,38825,19,0,9 10,1,70,,38835,19,0,9 10,1,100,,30676,19,0,9 10,1,100,,38833,19,0,9 10,1,100,,38819,19,0,9 10,1,100,,38832,19,0,9 10,1,100,,38818,19,0,9 10,1
40600,'11',624,,38868,19,0,9 10,1,30,,38849,19,0,9 10,1,70,,38848,19,0,9 10,1,30,,38864,19,0,9 10,1,70,,38846,19,0,9 10,1,30,,38866,19,0,9 10,1,70,,38856,19,0,9 10,1,30,,38860,19,0,9 10,1,70,,38852,19,0,9 10,1,30,,38857,19,0,9 10,1,70,,38844,19,0,9 10,1,30,,38855,19,0,9 10,1,70,,38843,19,0,9 10,1,30,,38859,19,0,9 10,1,70,,38867,19,0,9 10,1,30,,38854,19,0,9 10,1,70,,38842,19,0,9 10,1,30,,38851,19,0,9 10,1,70,,38840,19,0,9 10,1,30,,38858,19,0,9 10,1,70,,38861,19,0,9 10,1,30,,38850,19,0,9 10,1,70,,38841,19,0,9 10,1,30,,38853,19,0,9 10,1,70,,38865,19,0,9 10,1,100,,38839,19,0,9 10,1,100,,38863,19,0,9 10,1,100,,38847,19,0,9 10,1,100,,38862,19,0,9 10,1,100,,38845,19,0,9 10,1
40600,'12',1824,,38874,19,0,9 10,1,100,,38871,19,0,9 10,1,100,,38873,19,0,9 10,1,100,,38872,19,0,9 10,1,100,,38869,19,0,9 10,1,100,,38870,19,0,9 10,1
40600,'13',1824,,38880,19,0,9 10,1,100,,38877,19,0,9 10,1,100,,38879,19,0,9 10,1,100,,38878,19,0,9 10,1,100,,38875,19,0,9 10,1,100,,38876,19,0,9 10,1
40600,'14',1124,,38887,19,0,9 10,1,100,,38886,19,0,9 10,1,100,,38881,19,0,9 10,1,100,,38884,19,0,9 10,1,100,,38882,19,0,9 10,1,100,,38883,19,0,9 10,1,100,,38885,19,0,9 10,1
40600,'16',624,,38912,19,0,9 10,1,30,,38895,19,0,9 10,1,70,,38894,19,0,9 10,1,30,,38908,19,0,9 10,1,70,,24564,19,0,9 10,1,30,,38910,19,0,9 10,1,70,,38902,19,0,9 10,1,30,,38904,19,0,9 10,1,70,,38898,19,0,9 10,1,30,,38903,19,0,9 10,1,70,,38891,19,0,9 10,1,30,,38901,19,0,9 10,1,70,,38890,19,0,9 10,1,30,,29541,19,0,9 10,1,70,,38911,19,0,9 10,1,30,,38900,19,0,9 10,1,70,,31620,19,0,9 10,1,30,,38897,19,0,9 10,1,70,,38888,19,0,9 10,1,30,,30164,19,0,9 10,1,70,,38905,19,0,9 10,1,30,,38896,19,0,9 10,1,70,,38889,19,0,9 10,1,30,,38899,19,0,9 10,1,70,,38909,19,0,9 10,1,100,,30714,19,0,9 10,1,100,,38907,19,0,9 10,1,100,,38893,19,0,9 10,1,100,,38906,19,0,9 10,1,100,,38892,19,0,9 10,1
40600,'3',1824,,38918,19,0,9 10,1,100,,38915,19,0,9 10,1,100,,38917,19,0,9 10,1,100,,38916,19,0,9 10,1,100,,38913,19,0,9 10,1,100,,38914,19,0,9 10,1
40600,'6',1824,,38924,19,0,9 10,1,100,,38921,19,0,9 10,1,100,,38923,19,0,9 10,1,100,,38922,19,0,9 10,1,100,,38919,19,0,9 10,1,100,,38920,19,0,9 10,1
40600,'8',924,,38931,19,0,9 10,1,100,,38940,19,0,9 10,1,30,,38927,19,0,9 10,1,70,,38926,19,0,9 10,1,30,,38937,19,0,9 10,1,70,,38936,19,0,9 10,1,30,,38925,19,0,9 10,1,70,,30747,19,0,9 10,1,30,,38938,19,0,9 10,1,70,,38941,19,0,9 10,1,30,,38935,19,0,9 10,1,70,,38934,19,0,9 10,1,30,,38930,19,0,9 10,1,70,,32157,19,0,9 10,1,30,,38933,19,0,9 10,1,70,,38939,19,0,9 10,1,30,,38932,19,0,9 10,1,70,,38929,19,0,9 10,1,100,,38928,19,0,9 10,1
