31501,'12',611,,35338,23,0,20 14 35 26,1,30,,35351,23,0,20 14 35 26,1,70,,35346,23,0,20 14 35 26,1,30,,35345,23,0,20 14 35 26,1,70,,35343,23,0,20 14 35 26,1,30,,35344,23,0,20 14 35 26,1,70,,35347,23,0,20 14 35 26,1,30,,35350,23,0,20 14 35 26,1,70,,35339,23,0,20 14 35 26,1,30,,35348,23,0,20 14 35 26,1,70,,35354,23,0,20 14 35 26,1,30,,35358,23,0,20 14 35 26,1,70,,35353,23,0,20 14 35 26,1,30,,35360,23,0,20 14 35 26,1,70,,35352,23,0,20 14 35 26,1,30,,35341,23,0,20 14 35 26,1,71,,35349,23,0,20 14 35 26,1,30,,35356,23,0,20 14 35 26,1,70,,35342,23,0,20 14 35 26,1,30,,35340,23,0,20 14 35 26,1,70,,35357,23,0,20 14 35 26,1,30,,35355,23,0,20 14 35 26,1,70,,35359,23,0,20 14 35 26,1,30,,35337,23,0,20 14 35 26,1
31501,'13',611,,35362,23,0,20 14 35 26,1,30,,21901,23,0,20 14 35 26,1,70,,35368,23,0,20 14 35 26,1,30,,35367,23,0,20 14 35 26,1,70,,35365,23,0,20 14 35 26,1,30,,35366,23,0,20 14 35 26,1,70,,35369,23,0,20 14 35 26,1,30,,35372,23,0,20 14 35 26,1,70,,28189,23,0,20 14 35 26,1,30,,35370,23,0,20 14 35 26,1,70,,28508,23,0,20 14 35 26,1,30,,35377,23,0,20 14 35 26,1,70,,35373,23,0,20 14 35 26,1,30,,35379,23,0,20 14 35 26,1,70,,27564,23,0,20 14 35 26,1,30,,35364,23,0,20 14 35 26,1,71,,35371,23,0,20 14 35 26,1,30,,35375,23,0,20 14 35 26,1,70,,27339,23,0,20 14 35 26,1,30,,35363,23,0,20 14 35 26,1,70,,35376,23,0,20 14 35 26,1,30,,35374,23,0,20 14 35 26,1,70,,35378,23,0,20 14 35 26,1,30,,35361,23,0,20 14 35 26,1
31501,'3',611,,35381,23,0,20 14 35 26,1,30,,21925,23,0,20 14 35 26,1,70,,35387,23,0,20 14 35 26,1,30,,35386,23,0,20 14 35 26,1,70,,35384,23,0,20 14 35 26,1,30,,35385,23,0,20 14 35 26,1,70,,35388,23,0,20 14 35 26,1,30,,35391,23,0,20 14 35 26,1,70,,28210,23,0,20 14 35 26,1,30,,35389,23,0,20 14 35 26,1,70,,28532,23,0,20 14 35 26,1,30,,35396,23,0,20 14 35 26,1,70,,35392,23,0,20 14 35 26,1,30,,35398,23,0,20 14 35 26,1,70,,27586,23,0,20 14 35 26,1,30,,35383,23,0,20 14 35 26,1,71,,35390,23,0,20 14 35 26,1,30,,35394,23,0,20 14 35 26,1,70,,27377,23,0,20 14 35 26,1,30,,35382,23,0,20 14 35 26,1,70,,35395,23,0,20 14 35 26,1,30,,35393,23,0,20 14 35 26,1,70,,35397,23,0,20 14 35 26,1,30,,35380,23,0,20 14 35 26,1
31501,'6',611,,35400,23,0,20 14 35 26,1,30,,35413,23,0,20 14 35 26,1,70,,35408,23,0,20 14 35 26,1,30,,35407,23,0,20 14 35 26,1,70,,35405,23,0,20 14 35 26,1,30,,35406,23,0,20 14 35 26,1,70,,35409,23,0,20 14 35 26,1,30,,35412,23,0,20 14 35 26,1,70,,35401,23,0,20 14 35 26,1,30,,35410,23,0,20 14 35 26,1,70,,35416,23,0,20 14 35 26,1,30,,35420,23,0,20 14 35 26,1,70,,35415,23,0,20 14 35 26,1,30,,35422,23,0,20 14 35 26,1,70,,35414,23,0,20 14 35 26,1,30,,35403,23,0,20 14 35 26,1,71,,35411,23,0,20 14 35 26,1,30,,35418,23,0,20 14 35 26,1,70,,35404,23,0,20 14 35 26,1,30,,35402,23,0,20 14 35 26,1,70,,35419,23,0,20 14 35 26,1,30,,35417,23,0,20 14 35 26,1,70,,35421,23,0,20 14 35 26,1,30,,35399,23,0,20 14 35 26,1
41501,'1',656,,40301,23,0,20 14 34,1,70,,40294,23,0,20 14 34,1,30,,40288,23,0,20 14 34,1,70,,40304,23,0,20 14 34,1,30,,40293,23,0,20 14 34,1,70,,40286,23,0,20 14 34,1,30,,40289,23,0,20 14 34,1,70,,40302,23,0,20 14 34,1,30,,31128,23,0,20 14 34,1,70,,40284,23,0,20 14 34,1,30,,40297,23,0,20 14 34,1,70,,40281,23,0,20 14 34,1,30,,40300,23,0,20 14 34,1,70,,40280,23,0,20 14 34,1,30,,40303,23,0,20 14 34,1,71,,40278,23,0,20 14 34,1,30,,40287,23,0,20 14 34,1,70,,40290,23,0,20 14 34,1,30,,40296,23,0,20 14 34,1,70,,40292,23,0,20 14 34,1,30,,40282,23,0,20 14 34,1,70,,40298,23,0,20 14 34,1,30,,29652,23,0,20 14 34,1,70,,40283,23,0,20 14 34,1,99,,40291,23,0,20 14 34,1,100,,40285,23,0,20 14 34,1,100,,40295,23,0,20 14 34,1,100,,40299,23,0,20 14 34,1,100,,40279,23,0,20 14 34,1
41501,'11',656,,40329,23,0,20 14 34,1,70,,40322,23,0,20 14 34,1,30,,40316,23,0,20 14 34,1,70,,40333,23,0,20 14 34,1,30,,40321,23,0,20 14 34,1,70,,40314,23,0,20 14 34,1,30,,40317,23,0,20 14 34,1,70,,40330,23,0,20 14 34,1,30,,40331,23,0,20 14 34,1,70,,40312,23,0,20 14 34,1,30,,40325,23,0,20 14 34,1,70,,40308,23,0,20 14 34,1,30,,40328,23,0,20 14 34,1,70,,40307,23,0,20 14 34,1,30,,40332,23,0,20 14 34,1,71,,40305,23,0,20 14 34,1,30,,40315,23,0,20 14 34,1,70,,40318,23,0,20 14 34,1,30,,40324,23,0,20 14 34,1,70,,40320,23,0,20 14 34,1,30,,40310,23,0,20 14 34,1,70,,40326,23,0,20 14 34,1,30,,40309,23,0,20 14 34,1,70,,40311,23,0,20 14 34,1,99,,40319,23,0,20 14 34,1,100,,40313,23,0,20 14 34,1,100,,40323,23,0,20 14 34,1,100,,40327,23,0,20 14 34,1,100,,40306,23,0,20 14 34,1
41501,'12',1812,,40338,23,0,20 14 34,1,30,,40334,23,0,20 14 34,1,84,,40336,23,0,20 14 34,1,100,,40340,23,0,20 14 34,1,100,,40335,23,0,20 14 34,1,100,,40337,23,0,20 14 34,1,100,,40339,23,0,20 14 34,1
41501,'13',1812,,40345,23,0,20 14 34,1,30,,40341,23,0,20 14 34,1,84,,40343,23,0,20 14 34,1,100,,40347,23,0,20 14 34,1,100,,40342,23,0,20 14 34,1,100,,40344,23,0,20 14 34,1,100,,40346,23,0,20 14 34,1
41501,'14',1126,,40349,23,0,20 14 34,1,100,,40352,23,0,20 14 34,1,100,,40353,23,0,20 14 34,1,101,,40351,23,0,20 14 34,1,100,,40350,23,0,20 14 34,1,100,,40354,23,0,20 14 34,1,100,,40348,23,0,20 14 34,1
41501,'16',656,,40378,23,0,20 14 34,1,70,,40371,23,0,20 14 34,1,30,,40365,23,0,20 14 34,1,70,,40381,23,0,20 14 34,1,30,,40370,23,0,20 14 34,1,70,,40363,23,0,20 14 34,1,30,,40366,23,0,20 14 34,1,70,,40379,23,0,20 14 34,1,30,,31153,23,0,20 14 34,1,70,,40361,23,0,20 14 34,1,30,,40374,23,0,20 14 34,1,70,,40358,23,0,20 14 34,1,30,,40377,23,0,20 14 34,1,70,,40357,23,0,20 14 34,1,30,,40380,23,0,20 14 34,1,71,,40355,23,0,20 14 34,1,30,,40364,23,0,20 14 34,1,70,,40367,23,0,20 14 34,1,30,,40373,23,0,20 14 34,1,70,,40369,23,0,20 14 34,1,30,,40359,23,0,20 14 34,1,70,,40375,23,0,20 14 34,1,30,,26926,23,0,20 14 34,1,70,,40360,23,0,20 14 34,1,99,,40368,23,0,20 14 34,1,100,,40362,23,0,20 14 34,1,100,,40372,23,0,20 14 34,1,100,,40376,23,0,20 14 34,1,100,,40356,23,0,20 14 34,1
41501,'3',1812,,40386,23,0,20 14 34,1,30,,40382,23,0,20 14 34,1,84,,40384,23,0,20 14 34,1,100,,40388,23,0,20 14 34,1,100,,40383,23,0,20 14 34,1,100,,40385,23,0,20 14 34,1,100,,40387,23,0,20 14 34,1
41501,'6',1812,,40393,23,0,20 14 34,1,30,,40389,23,0,20 14 34,1,84,,40391,23,0,20 14 34,1,100,,40395,23,0,20 14 34,1,100,,40390,23,0,20 14 34,1,100,,40392,23,0,20 14 34,1,100,,40394,23,0,20 14 34,1
41501,'8',1026,,40400,23,0,20 14 34,1,30,,40408,23,0,20 14 34,1,70,,40403,23,0,20 14 34,1,30,,40401,23,0,20 14 34,1,70,,40410,23,0,20 14 34,1,100,,40407,23,0,20 14 34,1,30,,40398,23,0,20 14 34,1,71,,40404,23,0,20 14 34,1,100,,40402,23,0,20 14 34,1,30,,40406,23,0,20 14 34,1,70,,40409,23,0,20 14 34,1,30,,31323,23,0,20 14 34,1,70,,40396,23,0,20 14 34,1,30,,40397,23,0,20 14 34,1,70,,40405,23,0,20 14 34,1,99,,40399,23,0,20 14 34,1
