31501,'12',608,,35338,17,0,20 14 35 26,1,30,,35351,17,0,20 14 35 26,1,70,,35346,17,0,20 14 35 26,1,30,,35345,17,0,20 14 35 26,1,70,,35343,17,0,20 14 35 26,1,30,,35344,17,0,20 14 35 26,1,70,,35347,17,0,20 14 35 26,1,30,,35350,17,0,20 14 35 26,1,70,,35339,17,0,20 14 35 26,1,30,,35348,17,0,20 14 35 26,1,70,,35354,17,0,20 14 35 26,1,30,,35358,17,0,20 14 35 26,1,70,,35353,17,0,20 14 35 26,1,30,,35360,17,0,20 14 35 26,1,70,,35352,17,0,20 14 35 26,1,30,,35341,17,0,20 14 35 26,1,71,,35349,17,0,20 14 35 26,1,30,,35356,17,0,20 14 35 26,1,70,,35342,17,0,20 14 35 26,1,30,,35340,17,0,20 14 35 26,1,70,,35357,17,0,20 14 35 26,1,30,,35355,17,0,20 14 35 26,1,70,,35359,17,0,20 14 35 26,1,30,,35337,17,0,20 14 35 26,1
31501,'13',608,,35362,17,0,20 14 35 26,1,30,,21901,17,0,20 14 35 26,1,70,,35368,17,0,20 14 35 26,1,30,,35367,17,0,20 14 35 26,1,70,,35365,17,0,20 14 35 26,1,30,,35366,17,0,20 14 35 26,1,70,,35369,17,0,20 14 35 26,1,30,,35372,17,0,20 14 35 26,1,70,,28189,17,0,20 14 35 26,1,30,,35370,17,0,20 14 35 26,1,70,,28508,17,0,20 14 35 26,1,30,,35377,17,0,20 14 35 26,1,70,,35373,17,0,20 14 35 26,1,30,,35379,17,0,20 14 35 26,1,70,,27564,17,0,20 14 35 26,1,30,,35364,17,0,20 14 35 26,1,71,,35371,17,0,20 14 35 26,1,30,,35375,17,0,20 14 35 26,1,70,,27339,17,0,20 14 35 26,1,30,,35363,17,0,20 14 35 26,1,70,,35376,17,0,20 14 35 26,1,30,,35374,17,0,20 14 35 26,1,70,,35378,17,0,20 14 35 26,1,30,,35361,17,0,20 14 35 26,1
31501,'3',608,,35381,17,0,20 14 35 26,1,30,,21925,17,0,20 14 35 26,1,70,,35387,17,0,20 14 35 26,1,30,,35386,17,0,20 14 35 26,1,70,,35384,17,0,20 14 35 26,1,30,,35385,17,0,20 14 35 26,1,70,,35388,17,0,20 14 35 26,1,30,,35391,17,0,20 14 35 26,1,70,,28210,17,0,20 14 35 26,1,30,,35389,17,0,20 14 35 26,1,70,,28532,17,0,20 14 35 26,1,30,,35396,17,0,20 14 35 26,1,70,,35392,17,0,20 14 35 26,1,30,,35398,17,0,20 14 35 26,1,70,,27586,17,0,20 14 35 26,1,30,,35383,17,0,20 14 35 26,1,71,,35390,17,0,20 14 35 26,1,30,,35394,17,0,20 14 35 26,1,70,,27377,17,0,20 14 35 26,1,30,,35382,17,0,20 14 35 26,1,70,,35395,17,0,20 14 35 26,1,30,,35393,17,0,20 14 35 26,1,70,,35397,17,0,20 14 35 26,1,30,,35380,17,0,20 14 35 26,1
31501,'6',608,,35400,17,0,20 14 35 26,1,30,,35413,17,0,20 14 35 26,1,70,,35408,17,0,20 14 35 26,1,30,,35407,17,0,20 14 35 26,1,70,,35405,17,0,20 14 35 26,1,30,,35406,17,0,20 14 35 26,1,70,,35409,17,0,20 14 35 26,1,30,,35412,17,0,20 14 35 26,1,70,,35401,17,0,20 14 35 26,1,30,,35410,17,0,20 14 35 26,1,70,,35416,17,0,20 14 35 26,1,30,,35420,17,0,20 14 35 26,1,70,,35415,17,0,20 14 35 26,1,30,,35422,17,0,20 14 35 26,1,70,,35414,17,0,20 14 35 26,1,30,,35403,17,0,20 14 35 26,1,71,,35411,17,0,20 14 35 26,1,30,,35418,17,0,20 14 35 26,1,70,,35404,17,0,20 14 35 26,1,30,,35402,17,0,20 14 35 26,1,70,,35419,17,0,20 14 35 26,1,30,,35417,17,0,20 14 35 26,1,70,,35421,17,0,20 14 35 26,1,30,,35399,17,0,20 14 35 26,1
41501,'1',653,,40301,17,0,20 14 34,1,70,,40294,17,0,20 14 34,1,30,,40288,17,0,20 14 34,1,70,,40304,17,0,20 14 34,1,30,,40293,17,0,20 14 34,1,70,,40286,17,0,20 14 34,1,30,,40289,17,0,20 14 34,1,70,,40302,17,0,20 14 34,1,30,,31128,17,0,20 14 34,1,70,,40284,17,0,20 14 34,1,30,,40297,17,0,20 14 34,1,70,,40281,17,0,20 14 34,1,30,,40300,17,0,20 14 34,1,70,,40280,17,0,20 14 34,1,30,,40303,17,0,20 14 34,1,71,,40278,17,0,20 14 34,1,30,,40287,17,0,20 14 34,1,70,,40290,17,0,20 14 34,1,30,,40296,17,0,20 14 34,1,70,,40292,17,0,20 14 34,1,30,,40282,17,0,20 14 34,1,70,,40298,17,0,20 14 34,1,30,,29652,17,0,20 14 34,1,70,,40283,17,0,20 14 34,1,99,,40291,17,0,20 14 34,1,100,,40285,17,0,20 14 34,1,100,,40295,17,0,20 14 34,1,100,,40299,17,0,20 14 34,1,100,,40279,17,0,20 14 34,1
41501,'11',653,,40329,17,0,20 14 34,1,70,,40322,17,0,20 14 34,1,30,,40316,17,0,20 14 34,1,70,,40333,17,0,20 14 34,1,30,,40321,17,0,20 14 34,1,70,,40314,17,0,20 14 34,1,30,,40317,17,0,20 14 34,1,70,,40330,17,0,20 14 34,1,30,,40331,17,0,20 14 34,1,70,,40312,17,0,20 14 34,1,30,,40325,17,0,20 14 34,1,70,,40308,17,0,20 14 34,1,30,,40328,17,0,20 14 34,1,70,,40307,17,0,20 14 34,1,30,,40332,17,0,20 14 34,1,71,,40305,17,0,20 14 34,1,30,,40315,17,0,20 14 34,1,70,,40318,17,0,20 14 34,1,30,,40324,17,0,20 14 34,1,70,,40320,17,0,20 14 34,1,30,,40310,17,0,20 14 34,1,70,,40326,17,0,20 14 34,1,30,,40309,17,0,20 14 34,1,70,,40311,17,0,20 14 34,1,99,,40319,17,0,20 14 34,1,100,,40313,17,0,20 14 34,1,100,,40323,17,0,20 14 34,1,100,,40327,17,0,20 14 34,1,100,,40306,17,0,20 14 34,1
41501,'12',1809,,40338,17,0,20 14 34,1,30,,40334,17,0,20 14 34,1,84,,40336,17,0,20 14 34,1,100,,40340,17,0,20 14 34,1,100,,40335,17,0,20 14 34,1,100,,40337,17,0,20 14 34,1,100,,40339,17,0,20 14 34,1
41501,'13',1809,,40345,17,0,20 14 34,1,30,,40341,17,0,20 14 34,1,84,,40343,17,0,20 14 34,1,100,,40347,17,0,20 14 34,1,100,,40342,17,0,20 14 34,1,100,,40344,17,0,20 14 34,1,100,,40346,17,0,20 14 34,1
41501,'14',1123,,40349,17,0,20 14 34,1,100,,40352,17,0,20 14 34,1,100,,40353,17,0,20 14 34,1,101,,40351,17,0,20 14 34,1,100,,40350,17,0,20 14 34,1,100,,40354,17,0,20 14 34,1,100,,40348,17,0,20 14 34,1
41501,'16',653,,40378,17,0,20 14 34,1,70,,40371,17,0,20 14 34,1,30,,40365,17,0,20 14 34,1,70,,40381,17,0,20 14 34,1,30,,40370,17,0,20 14 34,1,70,,40363,17,0,20 14 34,1,30,,40366,17,0,20 14 34,1,70,,40379,17,0,20 14 34,1,30,,31153,17,0,20 14 34,1,70,,40361,17,0,20 14 34,1,30,,40374,17,0,20 14 34,1,70,,40358,17,0,20 14 34,1,30,,40377,17,0,20 14 34,1,70,,40357,17,0,20 14 34,1,30,,40380,17,0,20 14 34,1,71,,40355,17,0,20 14 34,1,30,,40364,17,0,20 14 34,1,70,,40367,17,0,20 14 34,1,30,,40373,17,0,20 14 34,1,70,,40369,17,0,20 14 34,1,30,,40359,17,0,20 14 34,1,70,,40375,17,0,20 14 34,1,30,,26926,17,0,20 14 34,1,70,,40360,17,0,20 14 34,1,99,,40368,17,0,20 14 34,1,100,,40362,17,0,20 14 34,1,100,,40372,17,0,20 14 34,1,100,,40376,17,0,20 14 34,1,100,,40356,17,0,20 14 34,1
41501,'3',1809,,40386,17,0,20 14 34,1,30,,40382,17,0,20 14 34,1,84,,40384,17,0,20 14 34,1,100,,40388,17,0,20 14 34,1,100,,40383,17,0,20 14 34,1,100,,40385,17,0,20 14 34,1,100,,40387,17,0,20 14 34,1
41501,'6',1809,,40393,17,0,20 14 34,1,30,,40389,17,0,20 14 34,1,84,,40391,17,0,20 14 34,1,100,,40395,17,0,20 14 34,1,100,,40390,17,0,20 14 34,1,100,,40392,17,0,20 14 34,1,100,,40394,17,0,20 14 34,1
41501,'8',1023,,40400,17,0,20 14 34,1,30,,40408,17,0,20 14 34,1,70,,40403,17,0,20 14 34,1,30,,40401,17,0,20 14 34,1,70,,40410,17,0,20 14 34,1,100,,40407,17,0,20 14 34,1,30,,40398,17,0,20 14 34,1,71,,40404,17,0,20 14 34,1,100,,40402,17,0,20 14 34,1,30,,40406,17,0,20 14 34,1,70,,40409,17,0,20 14 34,1,30,,31323,17,0,20 14 34,1,70,,40396,17,0,20 14 34,1,30,,40397,17,0,20 14 34,1,70,,40405,17,0,20 14 34,1,99,,40399,17,0,20 14 34,1
