30301,'12',633,,33410,14,0,32 33,1,70,,33414,14,0,32 33,1,30,,33406,14,0,32 33,1,70,,33418,14,0,32 33,1,30,,33407,14,0,32 33,1,70,,33417,14,0,32 33,1,30,,33401,14,0,32 33,1,70,,33422,14,0,32 33,1,30,,33404,14,0,32 33,1,70,,33412,14,0,32 33,1,30,,33411,14,0,32 33,1,70,,33420,14,0,32 33,1,30,,33409,14,0,32 33,1,70,,33415,14,0,32 33,1,30,,33421,14,0,32 33,1,70,,33416,14,0,32 33,1,31,,33399,14,0,32 33,1,70,,33403,14,0,32 33,1,30,,33419,14,0,32 33,1,70,,33400,14,0,32 33,1,30,,33408,14,0,32 33,1,70,,33413,14,0,32 33,1,30,,33405,14,0,32 33,1,70,,33402,14,0,32 33,1
30301,'13',633,,33432,14,0,32 33,1,70,,33436,14,0,32 33,1,30,,33430,14,0,32 33,1,70,,33440,14,0,32 33,1,30,,33431,14,0,32 33,1,70,,33439,14,0,32 33,1,30,,33425,14,0,32 33,1,70,,33444,14,0,32 33,1,30,,33428,14,0,32 33,1,70,,33434,14,0,32 33,1,30,,33433,14,0,32 33,1,70,,33442,14,0,32 33,1,30,,31053,14,0,32 33,1,70,,33437,14,0,32 33,1,30,,33443,14,0,32 33,1,70,,33438,14,0,32 33,1,31,,33423,14,0,32 33,1,70,,33427,14,0,32 33,1,30,,33441,14,0,32 33,1,70,,33424,14,0,32 33,1,30,,22412,14,0,32 33,1,70,,33435,14,0,32 33,1,30,,33429,14,0,32 33,1,70,,33426,14,0,32 33,1
30301,'3',633,,33454,14,0,32 33,1,70,,33458,14,0,32 33,1,30,,33452,14,0,32 33,1,70,,33462,14,0,32 33,1,30,,33453,14,0,32 33,1,70,,33461,14,0,32 33,1,30,,33447,14,0,32 33,1,70,,33466,14,0,32 33,1,30,,33450,14,0,32 33,1,70,,33456,14,0,32 33,1,30,,33455,14,0,32 33,1,70,,33464,14,0,32 33,1,30,,31091,14,0,32 33,1,70,,33459,14,0,32 33,1,30,,33465,14,0,32 33,1,70,,33460,14,0,32 33,1,31,,33445,14,0,32 33,1,70,,33449,14,0,32 33,1,30,,33463,14,0,32 33,1,70,,33446,14,0,32 33,1,30,,22434,14,0,32 33,1,70,,33457,14,0,32 33,1,30,,33451,14,0,32 33,1,70,,33448,14,0,32 33,1
30301,'6',633,,33478,14,0,32 33,1,70,,33482,14,0,32 33,1,30,,33474,14,0,32 33,1,70,,33486,14,0,32 33,1,30,,33475,14,0,32 33,1,70,,33485,14,0,32 33,1,30,,33469,14,0,32 33,1,70,,33490,14,0,32 33,1,30,,33472,14,0,32 33,1,70,,33480,14,0,32 33,1,30,,33479,14,0,32 33,1,70,,33488,14,0,32 33,1,30,,33477,14,0,32 33,1,70,,33483,14,0,32 33,1,30,,33489,14,0,32 33,1,70,,33484,14,0,32 33,1,31,,33467,14,0,32 33,1,70,,33471,14,0,32 33,1,30,,33487,14,0,32 33,1,70,,33468,14,0,32 33,1,30,,33476,14,0,32 33,1,70,,33481,14,0,32 33,1,30,,33473,14,0,32 33,1,70,,33470,14,0,32 33,1
41500,'1',653,,40162,20,0,20 14 21 18,1,70,,40152,20,0,20 14 21 18,1,30,,40169,20,0,20 14 21 18,1,70,,40153,20,0,20 14 21 18,1,30,,40164,20,0,20 14 21 18,1,70,,40148,20,0,20 14 21 18,1,30,,40151,20,0,20 14 21 18,1,70,,40147,20,0,20 14 21 18,1,30,,22327,20,0,20 14 21 18,1,70,,40167,20,0,20 14 21 18,1,30,,40159,20,0,20 14 21 18,1,70,,40171,20,0,20 14 21 18,1,30,,40170,20,0,20 14 21 18,1,70,,40163,20,0,20 14 21 18,1,30,,40156,20,0,20 14 21 18,1,70,,40149,20,0,20 14 21 18,1,30,,40165,20,0,20 14 21 18,1,70,,24701,20,0,20 14 21 18,1,30,,40168,20,0,20 14 21 18,1,70,,40154,20,0,20 14 21 18,1,30,,40172,20,0,20 14 21 18,1,70,,40166,20,0,20 14 21 18,1,30,,40155,20,0,20 14 21 18,1,70,,40150,20,0,20 14 21 18,1,100,,40160,20,0,20 14 21 18,1,100,,40158,20,0,20 14 21 18,1,100,,40161,20,0,20 14 21 18,1,100,,40173,20,0,20 14 21 18,1,100,,40157,20,0,20 14 21 18,1
41500,'11',653,,40190,20,0,20 14 21 18,1,70,,40179,20,0,20 14 21 18,1,30,,40197,20,0,20 14 21 18,1,70,,40180,20,0,20 14 21 18,1,30,,40192,20,0,20 14 21 18,1,70,,40175,20,0,20 14 21 18,1,30,,40178,20,0,20 14 21 18,1,70,,40174,20,0,20 14 21 18,1,30,,40185,20,0,20 14 21 18,1,70,,40195,20,0,20 14 21 18,1,30,,40187,20,0,20 14 21 18,1,70,,40200,20,0,20 14 21 18,1,30,,40198,20,0,20 14 21 18,1,70,,40191,20,0,20 14 21 18,1,30,,40183,20,0,20 14 21 18,1,70,,40176,20,0,20 14 21 18,1,30,,40193,20,0,20 14 21 18,1,70,,40199,20,0,20 14 21 18,1,30,,40196,20,0,20 14 21 18,1,70,,40181,20,0,20 14 21 18,1,30,,40201,20,0,20 14 21 18,1,70,,40194,20,0,20 14 21 18,1,30,,40182,20,0,20 14 21 18,1,70,,40177,20,0,20 14 21 18,1,100,,40188,20,0,20 14 21 18,1,100,,40186,20,0,20 14 21 18,1,100,,40189,20,0,20 14 21 18,1,100,,40202,20,0,20 14 21 18,1,100,,40184,20,0,20 14 21 18,1
41500,'12',1823,,40204,20,0,20 14 21 18,1,100,,40207,20,0,20 14 21 18,1,100,,40203,20,0,20 14 21 18,1,100,,40208,20,0,20 14 21 18,1,100,,40205,20,0,20 14 21 18,1,100,,40206,20,0,20 14 21 18,1
41500,'13',1823,,40210,20,0,20 14 21 18,1,100,,27351,20,0,20 14 21 18,1,100,,40209,20,0,20 14 21 18,1,100,,40213,20,0,20 14 21 18,1,100,,40211,20,0,20 14 21 18,1,100,,40212,20,0,20 14 21 18,1
41500,'14',1123,,40214,20,0,20 14 21 18,1,100,,40216,20,0,20 14 21 18,1,100,,40217,20,0,20 14 21 18,1,100,,40218,20,0,20 14 21 18,1,100,,40220,20,0,20 14 21 18,1,100,,40219,20,0,20 14 21 18,1,100,,40215,20,0,20 14 21 18,1
41500,'16',653,,40236,20,0,20 14 21 18,1,70,,40226,20,0,20 14 21 18,1,30,,40243,20,0,20 14 21 18,1,70,,40227,20,0,20 14 21 18,1,30,,40238,20,0,20 14 21 18,1,70,,40222,20,0,20 14 21 18,1,30,,40225,20,0,20 14 21 18,1,70,,40221,20,0,20 14 21 18,1,30,,30900,20,0,20 14 21 18,1,70,,40241,20,0,20 14 21 18,1,30,,40233,20,0,20 14 21 18,1,70,,40245,20,0,20 14 21 18,1,30,,40244,20,0,20 14 21 18,1,70,,40237,20,0,20 14 21 18,1,30,,40230,20,0,20 14 21 18,1,70,,40223,20,0,20 14 21 18,1,30,,40239,20,0,20 14 21 18,1,70,,31219,20,0,20 14 21 18,1,30,,40242,20,0,20 14 21 18,1,70,,40228,20,0,20 14 21 18,1,30,,40246,20,0,20 14 21 18,1,70,,40240,20,0,20 14 21 18,1,30,,40229,20,0,20 14 21 18,1,70,,40224,20,0,20 14 21 18,1,100,,40234,20,0,20 14 21 18,1,100,,40232,20,0,20 14 21 18,1,100,,40235,20,0,20 14 21 18,1,100,,40247,20,0,20 14 21 18,1,100,,40231,20,0,20 14 21 18,1
41500,'3',1823,,40249,20,0,20 14 21 18,1,100,,27389,20,0,20 14 21 18,1,100,,40248,20,0,20 14 21 18,1,100,,40252,20,0,20 14 21 18,1,100,,40250,20,0,20 14 21 18,1,100,,40251,20,0,20 14 21 18,1
41500,'6',1823,,40254,20,0,20 14 21 18,1,100,,40257,20,0,20 14 21 18,1,100,,40253,20,0,20 14 21 18,1,100,,40258,20,0,20 14 21 18,1,100,,40255,20,0,20 14 21 18,1,100,,40256,20,0,20 14 21 18,1
41500,'8',923,,40260,20,0,20 14 21 18,1,100,,40273,20,0,20 14 21 18,1,30,,40275,20,0,20 14 21 18,1,70,,40261,20,0,20 14 21 18,1,30,,40269,20,0,20 14 21 18,1,70,,40274,20,0,20 14 21 18,1,30,,40262,20,0,20 14 21 18,1,70,,40263,20,0,20 14 21 18,1,30,,40276,20,0,20 14 21 18,1,70,,40268,20,0,20 14 21 18,1,30,,40264,20,0,20 14 21 18,1,70,,40277,20,0,20 14 21 18,1,30,,40271,20,0,20 14 21 18,1,70,,40266,20,0,20 14 21 18,1,30,,40259,20,0,20 14 21 18,1,70,,40265,20,0,20 14 21 18,1,30,,40270,20,0,20 14 21 18,1,70,,40267,20,0,20 14 21 18,1,100,,40272,20,0,20 14 21 18,1
41501,'1',702,,40301,39,0,20 14 34,1,31,,40294,39,0,20 14 34,1,70,,40288,39,0,20 14 34,1,30,,40304,39,0,20 14 34,1,70,,40293,39,0,20 14 34,1,30,,40286,39,0,20 14 34,1,70,,40289,39,0,20 14 34,1,31,,40302,39,0,20 14 34,1,70,,31128,39,0,20 14 34,1,30,,40284,39,0,20 14 34,1,70,,40297,39,0,20 14 34,1,30,,40281,39,0,20 14 34,1,70,,40300,39,0,20 14 34,1,30,,40280,39,0,20 14 34,1,70,,40303,39,0,20 14 34,1,31,,40278,39,0,20 14 34,1,70,,40287,39,0,20 14 34,1,30,,40290,39,0,20 14 34,1,70,,40296,39,0,20 14 34,1,30,,40292,39,0,20 14 34,1,70,,40282,39,0,20 14 34,1,30,,40298,39,0,20 14 34,1,70,,29652,39,0,20 14 34,1,30,,40283,39,0,20 14 34,1,97,,40291,39,0,20 14 34,1,100,,40285,39,0,20 14 34,1,100,,40295,39,0,20 14 34,1,100,,40299,39,0,20 14 34,1,100,,40279,39,0,20 14 34,1
41501,'11',702,,40329,39,0,20 14 34,1,31,,40322,39,0,20 14 34,1,70,,40316,39,0,20 14 34,1,30,,40333,39,0,20 14 34,1,70,,40321,39,0,20 14 34,1,30,,40314,39,0,20 14 34,1,70,,40317,39,0,20 14 34,1,31,,40330,39,0,20 14 34,1,70,,40331,39,0,20 14 34,1,30,,40312,39,0,20 14 34,1,70,,40325,39,0,20 14 34,1,30,,40308,39,0,20 14 34,1,70,,40328,39,0,20 14 34,1,30,,40307,39,0,20 14 34,1,70,,40332,39,0,20 14 34,1,31,,40305,39,0,20 14 34,1,70,,40315,39,0,20 14 34,1,30,,40318,39,0,20 14 34,1,70,,40324,39,0,20 14 34,1,30,,40320,39,0,20 14 34,1,70,,40310,39,0,20 14 34,1,30,,40326,39,0,20 14 34,1,70,,40309,39,0,20 14 34,1,30,,40311,39,0,20 14 34,1,97,,40319,39,0,20 14 34,1,100,,40313,39,0,20 14 34,1,100,,40323,39,0,20 14 34,1,100,,40327,39,0,20 14 34,1,100,,40306,39,0,20 14 34,1
41501,'12',1821,,40338,39,0,20 14 34,1,30,,40334,39,0,20 14 34,1,81,,40336,39,0,20 14 34,1,100,,40340,39,0,20 14 34,1,100,,40335,39,0,20 14 34,1,100,,40337,39,0,20 14 34,1,100,,40339,39,0,20 14 34,1
41501,'13',1821,,40345,39,0,20 14 34,1,30,,40341,39,0,20 14 34,1,81,,40343,39,0,20 14 34,1,100,,40347,39,0,20 14 34,1,100,,40342,39,0,20 14 34,1,100,,40344,39,0,20 14 34,1,100,,40346,39,0,20 14 34,1
41501,'14',1134,,40349,39,0,20 14 34,1,100,,40352,39,0,20 14 34,1,100,,40353,39,0,20 14 34,1,101,,40351,39,0,20 14 34,1,100,,40350,39,0,20 14 34,1,100,,40354,39,0,20 14 34,1,100,,40348,39,0,20 14 34,1
41501,'16',702,,40378,39,0,20 14 34,1,31,,40371,39,0,20 14 34,1,70,,40365,39,0,20 14 34,1,30,,40381,39,0,20 14 34,1,70,,40370,39,0,20 14 34,1,30,,40363,39,0,20 14 34,1,70,,40366,39,0,20 14 34,1,31,,40379,39,0,20 14 34,1,70,,31153,39,0,20 14 34,1,30,,40361,39,0,20 14 34,1,70,,40374,39,0,20 14 34,1,30,,40358,39,0,20 14 34,1,70,,40377,39,0,20 14 34,1,30,,40357,39,0,20 14 34,1,70,,40380,39,0,20 14 34,1,31,,40355,39,0,20 14 34,1,70,,40364,39,0,20 14 34,1,30,,40367,39,0,20 14 34,1,70,,40373,39,0,20 14 34,1,30,,40369,39,0,20 14 34,1,70,,40359,39,0,20 14 34,1,30,,40375,39,0,20 14 34,1,70,,26926,39,0,20 14 34,1,30,,40360,39,0,20 14 34,1,97,,40368,39,0,20 14 34,1,100,,40362,39,0,20 14 34,1,100,,40372,39,0,20 14 34,1,100,,40376,39,0,20 14 34,1,100,,40356,39,0,20 14 34,1
41501,'3',1821,,40386,39,0,20 14 34,1,30,,40382,39,0,20 14 34,1,81,,40384,39,0,20 14 34,1,100,,40388,39,0,20 14 34,1,100,,40383,39,0,20 14 34,1,100,,40385,39,0,20 14 34,1,100,,40387,39,0,20 14 34,1
41501,'6',1821,,40393,39,0,20 14 34,1,30,,40389,39,0,20 14 34,1,81,,40391,39,0,20 14 34,1,100,,40395,39,0,20 14 34,1,100,,40390,39,0,20 14 34,1,100,,40392,39,0,20 14 34,1,100,,40394,39,0,20 14 34,1
41501,'8',1034,,40400,39,0,20 14 34,1,70,,40408,39,0,20 14 34,1,30,,40403,39,0,20 14 34,1,70,,40401,39,0,20 14 34,1,30,,40410,39,0,20 14 34,1,100,,40407,39,0,20 14 34,1,70,,40398,39,0,20 14 34,1,31,,40404,39,0,20 14 34,1,100,,40402,39,0,20 14 34,1,70,,40406,39,0,20 14 34,1,30,,40409,39,0,20 14 34,1,70,,31323,39,0,20 14 34,1,30,,40396,39,0,20 14 34,1,70,,40397,39,0,20 14 34,1,30,,40405,39,0,20 14 34,1,97,,40399,39,0,20 14 34,1
