31201,'12',641,,35035,16,,,1,71,,35034,16,,,1,30,,35040,16,,,1,70,,35024,16,,,1,30,,35044,16,,,1,70,,35039,16,,,1,30,,35042,16,,,1,70,,35038,16,,,1,30,,35032,16,,,1,70,,35041,16,,,1,30,,35037,16,,,1,70,,35043,16,,,1,30,,35025,16,,,1,70,,35036,16,,,1,30,,35028,16,,,1,69,,35045,16,,,1,41,,35027,16,,,1,70,,35030,16,,,1,30,,35031,16,,,1,70,,35026,16,,,1,30,,35023,16,,,1,70,,35029,16,,,1,30,,35033,16,,,1
31201,'13',641,,29247,16,,,1,71,,35056,16,,,1,30,,29475,16,,,1,70,,35047,16,,,1,30,,35064,16,,,1,70,,35060,16,,,1,30,,35062,16,,,1,70,,35059,16,,,1,30,,35054,16,,,1,70,,35061,16,,,1,30,,35058,16,,,1,70,,35063,16,,,1,30,,35048,16,,,1,70,,35057,16,,,1,30,,35051,16,,,1,69,,35065,16,,,1,41,,35050,16,,,1,70,,35052,16,,,1,30,,35053,16,,,1,70,,35049,16,,,1,30,,35046,16,,,1,70,,24711,16,,,1,30,,35055,16,,,1
31201,'3',641,,29266,16,,,1,71,,35076,16,,,1,30,,29596,16,,,1,70,,35067,16,,,1,30,,35084,16,,,1,70,,35080,16,,,1,30,,35082,16,,,1,70,,35079,16,,,1,30,,35074,16,,,1,70,,35081,16,,,1,30,,35078,16,,,1,70,,35083,16,,,1,30,,35068,16,,,1,70,,35077,16,,,1,30,,35071,16,,,1,69,,35085,16,,,1,41,,35070,16,,,1,70,,35072,16,,,1,30,,35073,16,,,1,70,,35069,16,,,1,30,,35066,16,,,1,70,,24815,16,,,1,30,,35075,16,,,1
31201,'6',641,,35098,16,,,1,71,,35097,16,,,1,30,,35103,16,,,1,70,,35087,16,,,1,30,,35107,16,,,1,70,,35102,16,,,1,30,,35105,16,,,1,70,,35101,16,,,1,30,,35095,16,,,1,70,,35104,16,,,1,30,,35100,16,,,1,70,,35106,16,,,1,30,,35088,16,,,1,70,,35099,16,,,1,30,,35091,16,,,1,69,,35108,16,,,1,41,,35090,16,,,1,70,,35093,16,,,1,30,,35094,16,,,1,70,,35089,16,,,1,30,,35086,16,,,1,70,,35092,16,,,1,30,,35096,16,,,1
31401,'12',653,,35188,25,0,66 14,1,80,,35182,25,0,66 14,1,80,,35193,25,0,66 14,1,40,,35192,25,0,66 14,1,80,,35189,25,0,66 14,1,80,,35187,25,0,66 14,1,41,,35178,25,0,66 14,1,80,,35191,25,0,66 14,1,80,,35190,25,0,66 14,1,40,,35180,25,0,66 14,1,80,,35183,25,0,66 14,1,80,,35186,25,0,66 14,1,41,,35177,25,0,66 14,1,80,,35184,25,0,66 14,1,80,,35194,25,0,66 14,1,40,,35181,25,0,66 14,1,80,,35185,25,0,66 14,1,80,,35179,25,0,66 14,1
31401,'13',653,,35205,25,0,66 14,1,80,,35200,25,0,66 14,1,80,,35209,25,0,66 14,1,40,,35208,25,0,66 14,1,80,,35206,25,0,66 14,1,80,,35204,25,0,66 14,1,41,,35196,25,0,66 14,1,80,,35207,25,0,66 14,1,80,,27689,25,0,66 14,1,40,,35198,25,0,66 14,1,80,,35201,25,0,66 14,1,80,,35203,25,0,66 14,1,41,,35195,25,0,66 14,1,80,,35202,25,0,66 14,1,80,,35210,25,0,66 14,1,40,,35199,25,0,66 14,1,80,,30699,25,0,66 14,1,80,,35197,25,0,66 14,1
31401,'3',653,,35221,25,0,66 14,1,80,,35216,25,0,66 14,1,80,,35225,25,0,66 14,1,40,,35224,25,0,66 14,1,80,,35222,25,0,66 14,1,80,,35220,25,0,66 14,1,41,,35212,25,0,66 14,1,80,,35223,25,0,66 14,1,80,,27710,25,0,66 14,1,40,,35214,25,0,66 14,1,80,,35217,25,0,66 14,1,80,,35219,25,0,66 14,1,41,,35211,25,0,66 14,1,80,,35218,25,0,66 14,1,80,,35226,25,0,66 14,1,40,,35215,25,0,66 14,1,80,,30738,25,0,66 14,1,80,,35213,25,0,66 14,1
31401,'6',653,,35238,25,0,66 14,1,80,,35232,25,0,66 14,1,80,,35243,25,0,66 14,1,40,,35242,25,0,66 14,1,80,,35239,25,0,66 14,1,80,,35237,25,0,66 14,1,41,,35228,25,0,66 14,1,80,,35241,25,0,66 14,1,80,,35240,25,0,66 14,1,40,,35230,25,0,66 14,1,80,,35233,25,0,66 14,1,80,,35236,25,0,66 14,1,41,,35227,25,0,66 14,1,80,,35234,25,0,66 14,1,80,,35244,25,0,66 14,1,40,,35231,25,0,66 14,1,80,,35235,25,0,66 14,1,80,,35229,25,0,66 14,1
41201,'1',616,,39929,16,0,68,1,30,,39924,16,0,68,1,70,,39914,16,0,68,1,30,,39933,16,0,68,1,70,,39918,16,0,68,1,30,,31492,16,0,68,1,70,,39913,16,0,68,1,30,,39928,16,0,68,1,70,,39930,16,0,68,1,30,,39916,16,0,68,1,70,,39919,16,0,68,1,30,,39931,16,0,68,1,70,,39920,16,0,68,1,30,,39922,16,0,68,1,70,,39939,16,0,68,1,30,,39923,16,0,68,1,70,,39921,16,0,68,1,30,,39937,16,0,68,1,70,,39926,16,0,68,1,30,,39912,16,0,68,1,70,,39936,16,0,68,1,30,,39935,16,0,68,1,70,,39938,16,0,68,1,30,,39932,16,0,68,1,70,,39925,16,0,68,1,100,,39927,16,0,68,1,100,,31591,16,0,68,1,100,,39917,16,0,68,1,100,,39934,16,0,68,1,100,,39915,16,0,68,1
41201,'11',616,,39959,16,0,68,1,30,,39953,16,0,68,1,70,,39942,16,0,68,1,30,,39963,16,0,68,1,70,,39947,16,0,68,1,30,,39943,16,0,68,1,70,,39941,16,0,68,1,30,,39958,16,0,68,1,70,,39960,16,0,68,1,30,,39945,16,0,68,1,70,,39948,16,0,68,1,30,,39961,16,0,68,1,70,,39949,16,0,68,1,30,,39951,16,0,68,1,70,,39969,16,0,68,1,30,,39952,16,0,68,1,70,,39950,16,0,68,1,30,,39967,16,0,68,1,70,,39955,16,0,68,1,30,,39940,16,0,68,1,70,,39966,16,0,68,1,30,,39965,16,0,68,1,70,,39968,16,0,68,1,30,,39962,16,0,68,1,70,,39954,16,0,68,1,100,,39957,16,0,68,1,100,,39956,16,0,68,1,100,,39946,16,0,68,1,100,,39964,16,0,68,1,100,,39944,16,0,68,1
41201,'12',1816,,39971,16,0,68,1,100,,39972,16,0,68,1,100,,39975,16,0,68,1,100,,39973,16,0,68,1,100,,39970,16,0,68,1,100,,39974,16,0,68,1
41201,'13',1816,,24112,16,0,68,1,100,,27610,16,0,68,1,100,,39979,16,0,68,1,100,,39977,16,0,68,1,100,,39976,16,0,68,1,100,,39978,16,0,68,1
41201,'14',1116,,39986,16,0,68,1,100,,39987,16,0,68,1,100,,39984,16,0,68,1,100,,39982,16,0,68,1,100,,39981,16,0,68,1,100,,39985,16,0,68,1,100,,39980,16,0,68,1,100,,39983,16,0,69 29,1
41201,'16',616,,40005,16,0,68,1,30,,40000,16,0,68,1,70,,39990,16,0,68,1,30,,40009,16,0,68,1,70,,39994,16,0,68,1,30,,31532,16,0,68,1,70,,39989,16,0,68,1,30,,40004,16,0,68,1,70,,40006,16,0,68,1,30,,39992,16,0,68,1,70,,39995,16,0,68,1,30,,40007,16,0,68,1,70,,39996,16,0,68,1,30,,39998,16,0,68,1,70,,40015,16,0,68,1,30,,39999,16,0,68,1,70,,39997,16,0,68,1,30,,40013,16,0,68,1,70,,40002,16,0,68,1,30,,39988,16,0,68,1,70,,40012,16,0,68,1,30,,40011,16,0,68,1,70,,40014,16,0,68,1,30,,40008,16,0,68,1,70,,40001,16,0,68,1,100,,40003,16,0,68,1,100,,31627,16,0,68,1,100,,39993,16,0,68,1,100,,40010,16,0,68,1,100,,39991,16,0,68,1
41201,'3',1816,,24124,16,0,68,1,100,,27633,16,0,68,1,100,,40019,16,0,68,1,100,,40017,16,0,68,1,100,,40016,16,0,68,1,100,,40018,16,0,68,1
41201,'6',1816,,40021,16,0,68,1,100,,40022,16,0,68,1,100,,40025,16,0,68,1,100,,40023,16,0,68,1,100,,40020,16,0,68,1,100,,40024,16,0,68,1
41201,'8',916,,40044,16,0,68,1,100,,40026,16,0,68,1,30,,40034,16,0,68,1,70,,40029,16,0,68,1,30,,40038,16,0,68,1,70,,40031,16,0,68,1,30,,40039,16,0,68,1,70,,40028,16,0,68,1,30,,40037,16,0,68,1,70,,30497,16,0,68,1,30,,40036,16,0,68,1,70,,40027,16,0,68,1,30,,40035,16,0,68,1,70,,40030,16,0,68,1,30,,40041,16,0,68,1,70,,40033,16,0,68,1,30,,40032,16,0,68,1,70,,40040,16,0,68,1,100,,40042,16,0,68,1,100,,40043,16,0,68,1
41401,'1',652,,40108,25,0,66 14,1,80,,40105,25,0,66 14,1,80,,29421,25,0,66 14,1,40,,40111,25,0,66 14,1,80,,40100,25,0,66 14,1,80,,40104,25,0,66 14,1,41,,40103,25,0,66 14,1,80,,23959,25,0,66 14,1,80,,40110,25,0,66 14,1,40,,40112,25,0,66 14,1,80,,40106,25,0,66 14,1,80,,40107,25,0,66 14,1,41,,40101,25,0,66 14,1,80,,40102,25,0,66 14,1,80,,40113,25,0,66 14,1,40,,40109,25,0,66 14,1,80,,30432,25,0,66 14,1,80,,40099,25,0,66 14,1
41401,'11',652,,40125,25,0,66 14,1,80,,40121,25,0,66 14,1,80,,40126,25,0,66 14,1,40,,40129,25,0,66 14,1,80,,40115,25,0,66 14,1,80,,40120,25,0,66 14,1,41,,40118,25,0,66 14,1,80,,40119,25,0,66 14,1,80,,40128,25,0,66 14,1,40,,40130,25,0,66 14,1,80,,40122,25,0,66 14,1,80,,40124,25,0,66 14,1,41,,40116,25,0,66 14,1,80,,40117,25,0,66 14,1,80,,40131,25,0,66 14,1,40,,40127,25,0,66 14,1,80,,40123,25,0,66 14,1,80,,40114,25,0,66 14,1
41401,'16',652,,40141,25,0,66 14,1,80,,40138,25,0,66 14,1,80,,29540,25,0,66 14,1,40,,40144,25,0,66 14,1,80,,40133,25,0,66 14,1,80,,40137,25,0,66 14,1,41,,40136,25,0,66 14,1,80,,31385,25,0,66 14,1,80,,40143,25,0,66 14,1,40,,40145,25,0,66 14,1,80,,40139,25,0,66 14,1,80,,40140,25,0,66 14,1,41,,40134,25,0,66 14,1,80,,40135,25,0,66 14,1,80,,40146,25,0,66 14,1,40,,40142,25,0,66 14,1,80,,30471,25,0,66 14,1,80,,40132,25,0,66 14,1
