33701,'1',1046,,16365,18,,,1,70,,16353,18,,,1,30,,16370,18,,,1,70,,16369,18,,,1,30,,16367,18,,,1,70,,16352,18,,,1,30,,16355,18,,,1,70,,1922,18,,,1,30,,676,18,,,1,70,,16351,18,,,1,30,,16366,18,,,1,70,,16371,18,,,1,30,,16354,18,,,1,70,,16364,18,,,1,30,,2019,18,,,1
33701,'10',645,,16419,18,,,1,70,,16385,18,,,1,30,,16424,18,,,1,70,,16396,18,,,1,30,,16405,18,,,1,70,,16421,18,,,1,30,,16400,18,,,1,71,,16401,18,,,1,30,,16379,18,,,1,70,,16387,18,,,1,30,,16382,18,,,1,70,,16412,18,,,1,30,,16403,18,,,1,70,,16414,18,,,1,30,,16406,18,,,1,70,,16376,18,,,1,30,,16397,18,,,1,70,,16417,18,,,1,30,,16416,18,,,1,70,,16391,18,,,1,30,,16413,18,,,1,70,,16404,18,,,1,30,,16398,18,,,1,70,,16407,18,,,1,30,,16422,18,,,1
33701,'12',1116,,16438,18,,,1,30,,16449,18,,,1,70,,5940,18,,,1,30,,16429,18,,,1,70,,16444,18,,,1,30,,16450,18,,,1,70,,16445,18,,,1,30,,16441,18,,,1,70,,16426,18,,,1,30,,16447,18,,,1,70,,16433,18,,,1,30,,16452,18,,,1,70,,16448,18,,,1,30,,16436,18,,,1,70,,6367,18,,,1
33701,'15',625,,16458,18,,,1,30,,16453,18,,,1,70,,16499,18,,,1,30,,16473,18,,,1,70,,16461,18,,,1,30,,16465,18,,,1,70,,16489,18,,,1,30,,16480,18,,,1,71,,16494,18,,,1,30,,16490,18,,,1,70,,16483,18,,,1,30,,16460,18,,,1,70,,16486,18,,,1,30,,16471,18,,,1,70,,16497,18,,,1,30,,16498,18,,,1,70,,16475,18,,,1,30,,16462,18,,,1,70,,16493,18,,,1,30,,16495,18,,,1,70,,16468,18,,,1,30,,16456,18,,,1,70,,16482,18,,,1,30,,16481,18,,,1,70,,16478,18,,,1
33701,'16',625,,16507,18,,,1,30,,16503,18,,,1,70,,16541,18,,,1,30,,16521,18,,,1,70,,16510,18,,,1,30,,16513,18,,,1,70,,16534,18,,,1,30,,16527,18,,,1,71,,7523,18,,,1,30,,3360,18,,,1,70,,16529,18,,,1,30,,16509,18,,,1,70,,4836,18,,,1,30,,16519,18,,,1,70,,16539,18,,,1,30,,16540,18,,,1,70,,3451,18,,,1,30,,16511,18,,,1,70,,7809,18,,,1,30,,16537,18,,,1,70,,16516,18,,,1,30,,16505,18,,,1,70,,5268,18,,,1,30,,16528,18,,,1,70,,16525,18,,,1
33701,'17',625,,16549,18,,,1,30,,16545,18,,,1,70,,16581,18,,,1,30,,16563,18,,,1,70,,16552,18,,,1,30,,16555,18,,,1,70,,16574,18,,,1,30,,16569,18,,,1,71,,7542,18,,,1,30,,3384,18,,,1,70,,16570,18,,,1,30,,16551,18,,,1,70,,4859,18,,,1,30,,16561,18,,,1,70,,16579,18,,,1,30,,16580,18,,,1,70,,3475,18,,,1,30,,16553,18,,,1,70,,7815,18,,,1,30,,16577,18,,,1,70,,16558,18,,,1,30,,16547,18,,,1,70,,5318,18,,,1,30,,1891,18,,,1,70,,16567,18,,,1
33701,'19',625,,16590,18,,,1,30,,16585,18,,,1,70,,16629,18,,,1,30,,16605,18,,,1,70,,16593,18,,,1,30,,16597,18,,,1,70,,16619,18,,,1,30,,16612,18,,,1,71,,16624,18,,,1,30,,16620,18,,,1,70,,16615,18,,,1,30,,16592,18,,,1,70,,16618,18,,,1,30,,16603,18,,,1,70,,16627,18,,,1,30,,16628,18,,,1,70,,16607,18,,,1,30,,16594,18,,,1,70,,16623,18,,,1,30,,16625,18,,,1,70,,16600,18,,,1,30,,16588,18,,,1,70,,16614,18,,,1,30,,16613,18,,,1,70,,16610,18,,,1
33701,'21',645,,16669,18,,,1,70,,16642,18,,,1,30,,16674,18,,,1,70,,16650,18,,,1,30,,16658,18,,,1,70,,16671,18,,,1,30,,16653,18,,,1,71,,16654,18,,,1,30,,16636,18,,,1,70,,16644,18,,,1,30,,16639,18,,,1,70,,7853,18,,,1,30,,16656,18,,,1,70,,16664,18,,,1,30,,16659,18,,,1,70,,16633,18,,,1,30,,16651,18,,,1,70,,16667,18,,,1,30,,16666,18,,,1,70,,6402,18,,,1,30,,16663,18,,,1,70,,16657,18,,,1,30,,7681,18,,,1,70,,16660,18,,,1,30,,16672,18,,,1
33701,'5',625,,16679,18,,,1,30,,16676,18,,,1,70,,16711,18,,,1,30,,16693,18,,,1,70,,16682,18,,,1,30,,16685,18,,,1,70,,16704,18,,,1,30,,16699,18,,,1,71,,7612,18,,,1,30,,3408,18,,,1,70,,16700,18,,,1,30,,16681,18,,,1,70,,4882,18,,,1,30,,16691,18,,,1,70,,16709,18,,,1,30,,16710,18,,,1,70,,3499,18,,,1,30,,16683,18,,,1,70,,7859,18,,,1,30,,16707,18,,,1,70,,16688,18,,,1,30,,16678,18,,,1,70,,5448,18,,,1,30,,1916,18,,,1,70,,16697,18,,,1
33701,'6',625,,16720,18,,,1,30,,16715,18,,,1,70,,16761,18,,,1,30,,16735,18,,,1,70,,16723,18,,,1,30,,16727,18,,,1,70,,16751,18,,,1,30,,16742,18,,,1,71,,16756,18,,,1,30,,16752,18,,,1,70,,16745,18,,,1,30,,16722,18,,,1,70,,16748,18,,,1,30,,16733,18,,,1,70,,16759,18,,,1,30,,16760,18,,,1,70,,16737,18,,,1,30,,16724,18,,,1,70,,16755,18,,,1,30,,16757,18,,,1,70,,16730,18,,,1,30,,16718,18,,,1,70,,16744,18,,,1,30,,16743,18,,,1,70,,16740,18,,,1
43701,'10',1924,,21270,18,,,1,100,,21266,18,,,1,100,,21268,18,,,1,100,,21269,18,,,1,100,,21272,18,,,1
43701,'15',1924,,21280,18,,,1,100,,21276,18,,,1,100,,21278,18,,,1,100,,21277,18,,,1,100,,21283,18,,,1
43701,'16',1924,,21288,18,,,1,100,,21286,18,,,1,100,,6779,18,,,1,100,,512,18,,,1,100,,21291,18,,,1
43701,'17',1924,,21296,18,,,1,100,,21294,18,,,1,100,,6786,18,,,1,100,,535,18,,,1,100,,21299,18,,,1
43701,'19',1924,,21306,18,,,1,100,,21302,18,,,1,100,,21304,18,,,1,100,,21303,18,,,1,100,,21309,18,,,1
43701,'21',1924,,21316,18,,,1,100,,21312,18,,,1,100,,21314,18,,,1,100,,21315,18,,,1,100,,5708,18,,,1
43701,'5',1924,,21323,18,,,1,100,,21321,18,,,1,100,,6830,18,,,1,100,,559,18,,,1,100,,21326,18,,,1
43701,'6',1924,,21333,18,,,1,100,,21329,18,,,1,100,,21331,18,,,1,100,,21330,18,,,1,100,,21336,18,,,1
