30600,'15',606,,10412,14,0,7,1,30,,10400,14,0,7,1,70,,10397,14,0,7,1,30,,10407,14,0,7,1,70,,10405,14,0,7,1,30,,10417,14,0,7,1,70,,10403,14,0,7,1,30,,10408,14,0,7,1,70,,10406,14,0,7,1,30,,10404,14,0,7,1,70,,10399,14,0,7,1,30,,10402,14,0,7,1,70,,10415,14,0,7,1,30,,10418,14,0,7,1,70,,10395,14,0,7,1,30,,10398,14,0,7,1,72,,10414,14,0,7,1,30,,10396,14,0,7,1,70,,10413,14,0,7,1,30,,10416,14,0,7,1,70,,10401,14,0,7,1,30,,10411,14,0,7,1,70,,10409,14,0,7,1,30,,10410,14,0,7,1
30600,'16',606,,10432,14,0,7,1,30,,10423,14,0,7,1,70,,10420,14,0,7,1,30,,10428,14,0,7,1,70,,10426,14,0,7,1,30,,10437,14,0,7,1,70,,10424,14,0,7,1,30,,10429,14,0,7,1,70,,10427,14,0,7,1,30,,10425,14,0,7,1,70,,10422,14,0,7,1,30,,1580,14,0,7,1,70,,10435,14,0,7,1,30,,10438,14,0,7,1,70,,10419,14,0,7,1,30,,10421,14,0,7,1,72,,10434,14,0,7,1,30,,1946,14,0,7,1,70,,10433,14,0,7,1,30,,10436,14,0,7,1,70,,2252,14,0,7,1,30,,10431,14,0,7,1,70,,1299,14,0,7,1,30,,10430,14,0,7,1
30600,'17',606,,10452,14,0,7,1,30,,10443,14,0,7,1,70,,10440,14,0,7,1,30,,10448,14,0,7,1,70,,10446,14,0,7,1,30,,10457,14,0,7,1,70,,10444,14,0,7,1,30,,10449,14,0,7,1,70,,10447,14,0,7,1,30,,10445,14,0,7,1,70,,10442,14,0,7,1,30,,1602,14,0,7,1,70,,10455,14,0,7,1,30,,10458,14,0,7,1,70,,10439,14,0,7,1,30,,10441,14,0,7,1,72,,10454,14,0,7,1,30,,1969,14,0,7,1,70,,10453,14,0,7,1,30,,10456,14,0,7,1,70,,2277,14,0,7,1,30,,10451,14,0,7,1,70,,1324,14,0,7,1,30,,10450,14,0,7,1
30600,'19',606,,10474,14,0,7,1,30,,10464,14,0,7,1,70,,10461,14,0,7,1,30,,10470,14,0,7,1,70,,5653,14,0,7,1,30,,10479,14,0,7,1,70,,10467,14,0,7,1,30,,10471,14,0,7,1,70,,10469,14,0,7,1,30,,10468,14,0,7,1,70,,10463,14,0,7,1,30,,10466,14,0,7,1,70,,10477,14,0,7,1,30,,10480,14,0,7,1,70,,10459,14,0,7,1,30,,10462,14,0,7,1,72,,10476,14,0,7,1,30,,10460,14,0,7,1,70,,10475,14,0,7,1,30,,10478,14,0,7,1,70,,10465,14,0,7,1,30,,10473,14,0,7,1,70,,10472,14,0,7,1,30,,7055,14,0,7,1
30600,'5',606,,10493,14,0,7,1,30,,10485,14,0,7,1,70,,10482,14,0,7,1,30,,10490,14,0,7,1,70,,10488,14,0,7,1,30,,10498,14,0,7,1,70,,10486,14,0,7,1,30,,10491,14,0,7,1,70,,10489,14,0,7,1,30,,10487,14,0,7,1,70,,10484,14,0,7,1,30,,1626,14,0,7,1,70,,10496,14,0,7,1,30,,10499,14,0,7,1,70,,10481,14,0,7,1,30,,10483,14,0,7,1,72,,10495,14,0,7,1,30,,1992,14,0,7,1,70,,10494,14,0,7,1,30,,10497,14,0,7,1,70,,2302,14,0,7,1,30,,4353,14,0,7,1,70,,1349,14,0,7,1,30,,10492,14,0,7,1
30600,'6',606,,10517,14,0,7,1,30,,10505,14,0,7,1,70,,10502,14,0,7,1,30,,10512,14,0,7,1,70,,10510,14,0,7,1,30,,10522,14,0,7,1,70,,10508,14,0,7,1,30,,10513,14,0,7,1,70,,10511,14,0,7,1,30,,10509,14,0,7,1,70,,10504,14,0,7,1,30,,10507,14,0,7,1,70,,10520,14,0,7,1,30,,10523,14,0,7,1,70,,10500,14,0,7,1,30,,10503,14,0,7,1,72,,10519,14,0,7,1,30,,10501,14,0,7,1,70,,10518,14,0,7,1,30,,10521,14,0,7,1,70,,10506,14,0,7,1,30,,10516,14,0,7,1,70,,10514,14,0,7,1,30,,10515,14,0,7,1
40600,'1',1121,,17670,14,0,9 10,1,100,,17669,14,0,9 10,1,100,,17671,14,0,9 10,1,100,,17668,14,0,9 10,1,100,,17672,14,0,9 10,1,100,,17666,14,0,9 10,1,100,,17667,14,0,9 10,1
40600,'10',621,,17683,14,0,9 10,1,30,,17676,14,0,9 10,1,70,,17675,14,0,9 10,1,30,,17684,14,0,9 10,1,70,,17699,14,0,9 10,1,30,,17702,14,0,9 10,1,70,,17673,14,0,9 10,1,30,,17700,14,0,9 10,1,70,,17690,14,0,9 10,1,30,,17692,14,0,9 10,1,70,,17687,14,0,9 10,1,30,,17686,14,0,9 10,1,70,,17697,14,0,9 10,1,30,,17696,14,0,9 10,1,70,,17691,14,0,9 10,1,30,,17698,14,0,9 10,1,70,,17693,14,0,9 10,1,30,,17695,14,0,9 10,1,70,,17677,14,0,9 10,1,30,,17680,14,0,9 10,1,70,,17674,14,0,9 10,1,30,,17681,14,0,9 10,1,70,,17694,14,0,9 10,1,30,,17682,14,0,9 10,1,70,,17678,14,0,9 10,1,100,,17701,14,0,9 10,1,100,,17688,14,0,9 10,1,100,,17679,14,0,9 10,1,100,,17689,14,0,9 10,1,100,,17685,14,0,9 10,1
40600,'12',921,,17707,14,0,9 10,1,100,,17720,14,0,9 10,1,30,,17703,14,0,9 10,1,70,,17717,14,0,9 10,1,30,,17721,14,0,9 10,1,70,,17716,14,0,9 10,1,30,,17706,14,0,9 10,1,70,,17719,14,0,9 10,1,30,,17710,14,0,9 10,1,70,,17708,14,0,9 10,1,30,,17709,14,0,9 10,1,70,,17711,14,0,9 10,1,30,,17713,14,0,9 10,1,70,,17715,14,0,9 10,1,30,,17714,14,0,9 10,1,70,,17712,14,0,9 10,1,30,,17718,14,0,9 10,1,70,,17704,14,0,9 10,1,100,,17705,14,0,9 10,1
40600,'15',1821,,17726,14,0,9 10,1,100,,17723,14,0,9 10,1,100,,17725,14,0,9 10,1,100,,17722,14,0,9 10,1,100,,17727,14,0,9 10,1,100,,17724,14,0,9 10,1
40600,'16',1821,,17731,14,0,9 10,1,100,,17729,14,0,9 10,1,100,,4377,14,0,9 10,1,100,,17728,14,0,9 10,1,100,,5260,14,0,9 10,1,100,,17730,14,0,9 10,1
40600,'17',1821,,17735,14,0,9 10,1,100,,17733,14,0,9 10,1,100,,4394,14,0,9 10,1,100,,17732,14,0,9 10,1,100,,5310,14,0,9 10,1,100,,17734,14,0,9 10,1
40600,'19',1821,,17740,14,0,9 10,1,100,,17737,14,0,9 10,1,100,,17739,14,0,9 10,1,100,,17736,14,0,9 10,1,100,,17741,14,0,9 10,1,100,,17738,14,0,9 10,1
40600,'21',621,,17752,14,0,9 10,1,30,,17745,14,0,9 10,1,70,,17744,14,0,9 10,1,30,,17753,14,0,9 10,1,70,,17767,14,0,9 10,1,30,,17770,14,0,9 10,1,70,,17742,14,0,9 10,1,30,,17768,14,0,9 10,1,70,,17758,14,0,9 10,1,30,,17760,14,0,9 10,1,70,,17755,14,0,9 10,1,30,,17754,14,0,9 10,1,70,,17765,14,0,9 10,1,30,,17764,14,0,9 10,1,70,,17759,14,0,9 10,1,30,,17766,14,0,9 10,1,70,,17761,14,0,9 10,1,30,,17763,14,0,9 10,1,70,,17746,14,0,9 10,1,30,,17749,14,0,9 10,1,70,,17743,14,0,9 10,1,30,,17750,14,0,9 10,1,70,,17762,14,0,9 10,1,30,,17751,14,0,9 10,1,70,,17747,14,0,9 10,1,100,,17769,14,0,9 10,1,100,,17756,14,0,9 10,1,100,,17748,14,0,9 10,1,100,,17757,14,0,9 10,1,100,,8229,14,0,9 10,1
40600,'5',1821,,17774,14,0,9 10,1,100,,17772,14,0,9 10,1,100,,4417,14,0,9 10,1,100,,17771,14,0,9 10,1,100,,5440,14,0,9 10,1,100,,17773,14,0,9 10,1
40600,'6',1821,,17779,14,0,9 10,1,100,,17776,14,0,9 10,1,100,,17778,14,0,9 10,1,100,,17775,14,0,9 10,1,100,,17780,14,0,9 10,1,100,,17777,14,0,9 10,1
