30601,'15',634,,14952,0,9 12,1,70,,14951,0,9 12,1,30,,14964,0,9 12,1,70,,14965,0,9 12,1,30,,14950,0,9 12,1,70,,14958,0,9 12,1,30,,14967,0,9 12,1,70,,14969,0,9 12,1,30,,14968,0,9 12,1,70,,14960,0,9 12,1,30,,14962,0,9 12,1,70,,14973,0,9 12,1,30,,14961,0,9 12,1,70,,14954,0,9 12,1,30,,14959,0,9 12,1,70,,14972,0,9 12,1,30,,14970,0,9 12,1,25,,14956,0,9 12,1,45,,14971,0,9 12,1,30,,14957,0,9 12,1,70,,14974,0,9 12,1,30,,14966,0,9 12,1,70,,14953,0,9 12,1,30,,14963,0,9 12,1,70,,14955,0,9 12,1
30601,'16',634,,14977,0,9 12,1,70,,14976,0,9 12,1,30,,8421,0,9 12,1,70,,14987,0,9 12,1,30,,14975,0,9 12,1,70,,14981,0,9 12,1,30,,14989,0,9 12,1,70,,7829,0,9 12,1,30,,14990,0,9 12,1,70,,14983,0,9 12,1,30,,14985,0,9 12,1,70,,14994,0,9 12,1,30,,14984,0,9 12,1,70,,6999,0,9 12,1,30,,14982,0,9 12,1,70,,14993,0,9 12,1,30,,14991,0,9 12,1,25,,8673,0,9 12,1,45,,14992,0,9 12,1,30,,14980,0,9 12,1,70,,14995,0,9 12,1,30,,14988,0,9 12,1,70,,14978,0,9 12,1,30,,14986,0,9 12,1,70,,14979,0,9 12,1
30601,'17',634,,14998,0,9 12,1,70,,14997,0,9 12,1,30,,8442,0,9 12,1,70,,15006,0,9 12,1,30,,14996,0,9 12,1,70,,15001,0,9 12,1,30,,15007,0,9 12,1,70,,7850,0,9 12,1,30,,15008,0,9 12,1,70,,15003,0,9 12,1,30,,15004,0,9 12,1,70,,15012,0,9 12,1,30,,2175,0,9 12,1,70,,7021,0,9 12,1,30,,15002,0,9 12,1,70,,15011,0,9 12,1,30,,15009,0,9 12,1,25,,8699,0,9 12,1,45,,15010,0,9 12,1,30,,8293,0,9 12,1,70,,15013,0,9 12,1,30,,8103,0,9 12,1,70,,14999,0,9 12,1,30,,15005,0,9 12,1,70,,15000,0,9 12,1
30601,'19',634,,15016,0,9 12,1,70,,15015,0,9 12,1,30,,15028,0,9 12,1,70,,15029,0,9 12,1,30,,15014,0,9 12,1,70,,15022,0,9 12,1,30,,15031,0,9 12,1,70,,15032,0,9 12,1,30,,10175,0,9 12,1,70,,15024,0,9 12,1,30,,15026,0,9 12,1,70,,15036,0,9 12,1,30,,15025,0,9 12,1,70,,15018,0,9 12,1,30,,15023,0,9 12,1,70,,15035,0,9 12,1,30,,15033,0,9 12,1,25,,15020,0,9 12,1,45,,15034,0,9 12,1,30,,15021,0,9 12,1,70,,15037,0,9 12,1,30,,15030,0,9 12,1,70,,15017,0,9 12,1,30,,15027,0,9 12,1,70,,15019,0,9 12,1
30601,'5',634,,15040,0,9 12,1,70,,15039,0,9 12,1,30,,1482,0,9 12,1,70,,15049,0,9 12,1,30,,15038,0,9 12,1,70,,15044,0,9 12,1,30,,15051,0,9 12,1,70,,7869,0,9 12,1,30,,15052,0,9 12,1,70,,12848,0,9 12,1,30,,15047,0,9 12,1,70,,15056,0,9 12,1,30,,15046,0,9 12,1,70,,7037,0,9 12,1,30,,15045,0,9 12,1,70,,15055,0,9 12,1,30,,15053,0,9 12,1,25,,8722,0,9 12,1,45,,15054,0,9 12,1,30,,15043,0,9 12,1,70,,15057,0,9 12,1,30,,15050,0,9 12,1,70,,15041,0,9 12,1,30,,15048,0,9 12,1,70,,15042,0,9 12,1
30601,'6',634,,15060,0,9 12,1,70,,15059,0,9 12,1,30,,15072,0,9 12,1,70,,15073,0,9 12,1,30,,15058,0,9 12,1,70,,15066,0,9 12,1,30,,15075,0,9 12,1,70,,15077,0,9 12,1,30,,15076,0,9 12,1,70,,15068,0,9 12,1,30,,15070,0,9 12,1,70,,15081,0,9 12,1,30,,15069,0,9 12,1,70,,15062,0,9 12,1,30,,15067,0,9 12,1,70,,15080,0,9 12,1,30,,15078,0,9 12,1,25,,15064,0,9 12,1,45,,15079,0,9 12,1,30,,15065,0,9 12,1,70,,15082,0,9 12,1,30,,15074,0,9 12,1,70,,15061,0,9 12,1,30,,15071,0,9 12,1,70,,15063,0,9 12,1
40601,'1',1131,,22208,0,9 12,1,100,,7333,0,9 12,1,100,,22211,0,9 12,1,100,,22207,0,9 12,1,100,,22209,0,9 12,1,100,,22212,0,9 12,1,100,,22210,0,9 12,1
40601,'10',701,,22224,0,9 12,1,30,,22241,0,9 12,1,70,,22233,0,9 12,1,30,,22240,0,9 12,1,70,,22220,0,9 12,1,30,,22214,0,9 12,1,70,,22221,0,9 12,1,30,,22229,0,9 12,1,70,,22213,0,9 12,1,30,,22223,0,9 12,1,70,,22226,0,9 12,1,30,,22237,0,9 12,1,70,,22239,0,9 12,1,30,,22219,0,9 12,1,70,,22234,0,9 12,1,30,,22215,0,9 12,1,70,,22225,0,9 12,1,30,,22238,0,9 12,1,70,,22227,0,9 12,1,30,,22235,0,9 12,1,70,,22231,0,9 12,1,30,,22217,0,9 12,1,70,,22222,0,9 12,1,30,,22218,0,9 12,1,100,,22236,0,9 12,1,100,,22228,0,9 12,1,100,,22232,0,9 12,1,100,,22216,0,9 12,1,100,,22230,0,9 12,1
40601,'12',931,,11492,0,9 12,1,100,,22252,0,9 12,1,70,,22253,0,9 12,1,30,,22245,0,9 12,1,70,,10852,0,9 12,1,30,,22251,0,9 12,1,70,,22250,0,9 12,1,30,,22249,0,9 12,1,70,,22254,0,9 12,1,30,,22258,0,9 12,1,70,,22255,0,9 12,1,30,,22248,0,9 12,1,70,,22256,0,9 12,1,30,,22247,0,9 12,1,70,,22244,0,9 12,1,30,,22257,0,9 12,1,70,,22243,0,9 12,1,30,,22242,0,9 12,1,100,,22246,0,9 12,1
40601,'15',1831,,22264,0,9 12,1,100,,22259,0,9 12,1,100,,22260,0,9 12,1,100,,22261,0,9 12,1,100,,22262,0,9 12,1,100,,22263,0,9 12,1
40601,'16',1831,,22270,0,9 12,1,100,,22265,0,9 12,1,100,,22266,0,9 12,1,100,,22267,0,9 12,1,100,,22268,0,9 12,1,100,,22269,0,9 12,1
40601,'17',1831,,22276,0,9 12,1,100,,22271,0,9 12,1,100,,22272,0,9 12,1,100,,22273,0,9 12,1,100,,22274,0,9 12,1,100,,22275,0,9 12,1
40601,'19',1831,,22282,0,9 12,1,100,,22277,0,9 12,1,100,,22278,0,9 12,1,100,,22279,0,9 12,1,100,,22280,0,9 12,1,100,,22281,0,9 12,1
40601,'21',701,,22292,0,9 12,1,30,,22307,0,9 12,1,70,,22299,0,9 12,1,30,,22306,0,9 12,1,70,,11956,0,9 12,1,30,,22284,0,9 12,1,70,,22289,0,9 12,1,30,,22297,0,9 12,1,70,,22283,0,9 12,1,30,,22291,0,9 12,1,70,,22294,0,9 12,1,30,,22303,0,9 12,1,70,,22305,0,9 12,1,30,,22288,0,9 12,1,70,,22300,0,9 12,1,30,,22285,0,9 12,1,70,,22293,0,9 12,1,30,,22304,0,9 12,1,70,,22295,0,9 12,1,30,,22301,0,9 12,1,70,,22298,0,9 12,1,30,,22287,0,9 12,1,70,,22290,0,9 12,1,30,,10205,0,9 12,1,100,,22302,0,9 12,1,100,,22296,0,9 12,1,100,,11039,0,9 12,1,100,,22286,0,9 12,1,100,,11541,0,9 12,1
40601,'5',1831,,22313,0,9 12,1,100,,22308,0,9 12,1,100,,22309,0,9 12,1,100,,22310,0,9 12,1,100,,22311,0,9 12,1,100,,22312,0,9 12,1
40601,'6',1831,,22319,0,9 12,1,100,,22314,0,9 12,1,100,,22315,0,9 12,1,100,,22316,0,9 12,1,100,,22317,0,9 12,1,100,,22318,0,9 12,1
