32000,'12',640,,36165,19,0,47 18,1,71,,36172,19,0,47 18,1,30,,36168,19,0,47 18,1,70,,36153,19,0,47 18,1,30,,36169,19,0,47 18,1,70,,36161,19,0,47 18,1,30,,36173,19,0,47 18,1,70,,36151,19,0,47 18,1,30,,36155,19,0,47 18,1,70,,36152,19,0,47 18,1,30,,36163,19,0,47 18,1,70,,36171,19,0,47 18,1,30,,36167,19,0,47 18,1,70,,36162,19,0,47 18,1,30,,36158,19,0,47 18,1,71,,36156,19,0,47 18,1,30,,36160,19,0,47 18,1,70,,36170,19,0,47 18,1,30,,36174,19,0,47 18,1,70,,36157,19,0,47 18,1,30,,36166,19,0,47 18,1,70,,36154,19,0,47 18,1,30,,36164,19,0,47 18,1,70,,36159,19,0,47 18,1
32000,'13',640,,36186,19,0,47 18,1,71,,36192,19,0,47 18,1,30,,36188,19,0,47 18,1,70,,36176,19,0,47 18,1,30,,36189,19,0,47 18,1,70,,36182,19,0,47 18,1,30,,36193,19,0,47 18,1,70,,28765,19,0,47 18,1,30,,27762,19,0,47 18,1,70,,36175,19,0,47 18,1,30,,36184,19,0,47 18,1,70,,36191,19,0,47 18,1,30,,28507,19,0,47 18,1,70,,36183,19,0,47 18,1,30,,36179,19,0,47 18,1,71,,36177,19,0,47 18,1,30,,36181,19,0,47 18,1,70,,36190,19,0,47 18,1,30,,36194,19,0,47 18,1,70,,36178,19,0,47 18,1,30,,36187,19,0,47 18,1,70,,29458,19,0,47 18,1,30,,36185,19,0,47 18,1,70,,36180,19,0,47 18,1
32000,'3',640,,36206,19,0,47 18,1,71,,36212,19,0,47 18,1,30,,36208,19,0,47 18,1,70,,36196,19,0,47 18,1,30,,36209,19,0,47 18,1,70,,36202,19,0,47 18,1,30,,36213,19,0,47 18,1,70,,28787,19,0,47 18,1,30,,27782,19,0,47 18,1,70,,36195,19,0,47 18,1,30,,36204,19,0,47 18,1,70,,36211,19,0,47 18,1,30,,28531,19,0,47 18,1,70,,36203,19,0,47 18,1,30,,36199,19,0,47 18,1,71,,36197,19,0,47 18,1,30,,36201,19,0,47 18,1,70,,36210,19,0,47 18,1,30,,36214,19,0,47 18,1,70,,36198,19,0,47 18,1,30,,36207,19,0,47 18,1,70,,29579,19,0,47 18,1,30,,36205,19,0,47 18,1,70,,36200,19,0,47 18,1
32000,'6',640,,36229,19,0,47 18,1,71,,36236,19,0,47 18,1,30,,36232,19,0,47 18,1,70,,36217,19,0,47 18,1,30,,36233,19,0,47 18,1,70,,36225,19,0,47 18,1,30,,36237,19,0,47 18,1,70,,36215,19,0,47 18,1,30,,36219,19,0,47 18,1,70,,36216,19,0,47 18,1,30,,36227,19,0,47 18,1,70,,36235,19,0,47 18,1,30,,36231,19,0,47 18,1,70,,36226,19,0,47 18,1,30,,36222,19,0,47 18,1,71,,36220,19,0,47 18,1,30,,36224,19,0,47 18,1,70,,36234,19,0,47 18,1,30,,36238,19,0,47 18,1,70,,36221,19,0,47 18,1,30,,36230,19,0,47 18,1,70,,36218,19,0,47 18,1,30,,36228,19,0,47 18,1,70,,36223,19,0,47 18,1
42000,'1',639,,41282,19,0,47 18,1,71,,41266,19,0,47 18,1,30,,31185,19,0,47 18,1,70,,41272,19,0,47 18,1,30,,41262,19,0,47 18,1,70,,41259,19,0,47 18,1,30,,41265,19,0,47 18,1,71,,41276,19,0,47 18,1,30,,41267,19,0,47 18,1,70,,41261,19,0,47 18,1,30,,32493,19,0,47 18,1,70,,41283,19,0,47 18,1,30,,32582,19,0,47 18,1,70,,41281,19,0,47 18,1,30,,30863,19,0,47 18,1,71,,41271,19,0,47 18,1,30,,41278,19,0,47 18,1,70,,41260,19,0,47 18,1,30,,41273,19,0,47 18,1,70,,41263,19,0,47 18,1,30,,41269,19,0,47 18,1,70,,41284,19,0,47 18,1,30,,41277,19,0,47 18,1,70,,41270,19,0,47 18,1,30,,41274,19,0,47 18,1,99,,41280,19,0,47 18,1,100,,41268,19,0,47 18,1,100,,41264,19,0,47 18,1,100,,41279,19,0,47 18,1,100,,41275,19,0,47 18,1
42000,'11',639,,41311,19,0,47 18,1,71,,41292,19,0,47 18,1,30,,41296,19,0,47 18,1,70,,41301,19,0,47 18,1,30,,41288,19,0,47 18,1,70,,41285,19,0,47 18,1,30,,41291,19,0,47 18,1,71,,41305,19,0,47 18,1,30,,41294,19,0,47 18,1,70,,41287,19,0,47 18,1,30,,41314,19,0,47 18,1,70,,41312,19,0,47 18,1,30,,41293,19,0,47 18,1,70,,41310,19,0,47 18,1,30,,41299,19,0,47 18,1,71,,41300,19,0,47 18,1,30,,41307,19,0,47 18,1,70,,41286,19,0,47 18,1,30,,41302,19,0,47 18,1,70,,41289,19,0,47 18,1,30,,41297,19,0,47 18,1,70,,41313,19,0,47 18,1,30,,41306,19,0,47 18,1,70,,41298,19,0,47 18,1,30,,41303,19,0,47 18,1,99,,41309,19,0,47 18,1,100,,41295,19,0,47 18,1,100,,41290,19,0,47 18,1,100,,41308,19,0,47 18,1,100,,41304,19,0,47 18,1
42000,'12',1842,,41318,19,0,47 18,1,99,,41315,19,0,47 18,1,100,,41319,19,0,47 18,1,100,,41317,19,0,47 18,1,100,,41316,19,0,47 18,1,100,,41320,19,0,47 18,1
42000,'13',1842,,28025,19,0,47 18,1,99,,41321,19,0,47 18,1,100,,28605,19,0,47 18,1,100,,41323,19,0,47 18,1,100,,41322,19,0,47 18,1,100,,41324,19,0,47 18,1
42000,'14',1111,,41334,19,0,47 18,1,30,,41337,19,0,47 18,1,70,,41330,19,0,47 18,1,30,,41335,19,0,47 18,1,70,,41333,19,0,47 18,1,30,,41329,19,0,47 18,1,71,,41327,19,0,47 18,1,30,,41336,19,0,47 18,1,70,,41338,19,0,47 18,1,30,,41331,19,0,47 18,1,70,,41326,19,0,47 18,1,30,,41328,19,0,47 18,1,70,,41325,19,0,47 18,1,30,,41332,19,0,47 18,1
42000,'16',639,,41363,19,0,47 18,1,71,,41346,19,0,47 18,1,30,,31210,19,0,47 18,1,70,,41353,19,0,47 18,1,30,,41342,19,0,47 18,1,70,,41339,19,0,47 18,1,30,,41345,19,0,47 18,1,71,,41357,19,0,47 18,1,30,,41348,19,0,47 18,1,70,,41341,19,0,47 18,1,30,,41366,19,0,47 18,1,70,,41364,19,0,47 18,1,30,,41347,19,0,47 18,1,70,,41362,19,0,47 18,1,30,,30903,19,0,47 18,1,71,,41352,19,0,47 18,1,30,,41359,19,0,47 18,1,70,,41340,19,0,47 18,1,30,,41354,19,0,47 18,1,70,,41343,19,0,47 18,1,30,,41350,19,0,47 18,1,70,,41365,19,0,47 18,1,30,,41358,19,0,47 18,1,70,,41351,19,0,47 18,1,30,,41355,19,0,47 18,1,99,,41361,19,0,47 18,1,100,,41349,19,0,47 18,1,100,,41344,19,0,47 18,1,100,,41360,19,0,47 18,1,100,,41356,19,0,47 18,1
42000,'3',1842,,28048,19,0,47 18,1,99,,41367,19,0,47 18,1,100,,28647,19,0,47 18,1,100,,41369,19,0,47 18,1,100,,41368,19,0,47 18,1,100,,41370,19,0,47 18,1
42000,'6',1842,,41374,19,0,47 18,1,99,,41371,19,0,47 18,1,100,,41375,19,0,47 18,1,100,,41373,19,0,47 18,1,100,,41372,19,0,47 18,1,100,,41376,19,0,47 18,1
42000,'8',910,,41390,19,0,47 18,1,30,,41397,19,0,47 18,1,71,,41396,19,0,47 18,1,30,,41398,19,0,47 18,1,70,,30493,19,0,47 18,1,30,,41377,19,0,47 18,1,70,,41380,19,0,47 18,1,30,,41379,19,0,47 18,1,70,,41392,19,0,47 18,1,30,,41393,19,0,47 18,1,71,,41394,19,0,47 18,1,30,,41389,19,0,47 18,1,70,,41381,19,0,47 18,1,30,,41387,19,0,47 18,1,70,,41384,19,0,47 18,1,30,,41378,19,0,47 18,1,70,,41385,19,0,47 18,1,30,,41391,19,0,47 18,1,70,,41395,19,0,47 18,1,30,,41388,19,0,47 18,1,69,,41386,19,0,47 18,1,30,,41382,19,0,47 18,1,70,,41383,19,0,47 18,1
