30901,'1',631,,22639,30,0,25 14 26,1,70,,22631,30,0,25 14 26,1,31,,22624,30,0,25 14 26,1,70,,22622,30,0,25 14 26,1,30,,22638,30,0,25 14 26,1,70,,22632,30,0,25 14 26,1,30,,22623,30,0,25 14 26,1,70,,22642,30,0,25 14 26,1,30,,22630,30,0,25 14 26,1,70,,22643,30,0,25 14 26,1,30,,22640,30,0,25 14 26,1,70,,22626,30,0,25 14 26,1,30,,22646,30,0,25 14 26,1,70,,22633,30,0,25 14 26,1,30,,22636,30,0,25 14 26,1,70,,22628,30,0,25 14 26,1,30,,22645,30,0,25 14 26,1,81,,22637,30,0,25 14 26,1,30,,22641,30,0,25 14 26,1,70,,22635,30,0,25 14 26,1,30,,22627,30,0,25 14 26,1,70,,22634,30,0,25 14 26,1,30,,22629,30,0,25 14 26,1,70,,22644,30,0,25 14 26,1,23,,22625,26,0,25 14 26,1
30901,'10',631,,22661,30,0,25 14 26,1,70,,22654,30,0,25 14 26,1,31,,22649,30,0,25 14 26,1,70,,22647,30,0,25 14 26,1,30,,22660,30,0,25 14 26,1,70,,22655,30,0,25 14 26,1,30,,22648,30,0,25 14 26,1,70,,13366,30,0,25 14 26,1,30,,11885,30,0,25 14 26,1,70,,22664,30,0,25 14 26,1,30,,22662,30,0,25 14 26,1,70,,22651,30,0,25 14 26,1,30,,22666,30,0,25 14 26,1,70,,22656,30,0,25 14 26,1,30,,22658,30,0,25 14 26,1,70,,12272,30,0,25 14 26,1,30,,12606,30,0,25 14 26,1,81,,22659,30,0,25 14 26,1,30,,22663,30,0,25 14 26,1,70,,20020,30,0,25 14 26,1,30,,22652,30,0,25 14 26,1,70,,22657,30,0,25 14 26,1,30,,22653,30,0,25 14 26,1,70,,22665,30,0,25 14 26,1,23,,22650,26,0,25 14 26,1
30901,'3',631,,22681,30,0,25 14 26,1,70,,22674,30,0,25 14 26,1,31,,22669,30,0,25 14 26,1,70,,22667,30,0,25 14 26,1,30,,22680,30,0,25 14 26,1,70,,22675,30,0,25 14 26,1,30,,22668,30,0,25 14 26,1,70,,13407,30,0,25 14 26,1,30,,11931,30,0,25 14 26,1,70,,22684,30,0,25 14 26,1,30,,22682,30,0,25 14 26,1,70,,22671,30,0,25 14 26,1,30,,22686,30,0,25 14 26,1,70,,22676,30,0,25 14 26,1,30,,22678,30,0,25 14 26,1,70,,12305,30,0,25 14 26,1,30,,12647,30,0,25 14 26,1,81,,22679,30,0,25 14 26,1,30,,22683,30,0,25 14 26,1,70,,20058,30,0,25 14 26,1,30,,22672,30,0,25 14 26,1,70,,22677,30,0,25 14 26,1,30,,22673,30,0,25 14 26,1,70,,22685,30,0,25 14 26,1,23,,22670,26,0,25 14 26,1
31201,'1',646,,23038,24,,,1,72,,23040,24,,,1,30,,23030,24,,,1,70,,23035,24,,,1,30,,23043,24,,,1,70,,23023,24,,,1,30,,23041,24,,,1,70,,23026,24,,,1,30,,23042,24,,,1,70,,23029,24,,,1,30,,23027,24,,,1,70,,23036,24,,,1,30,,23039,24,,,1,70,,23028,24,,,1,30,,23034,24,,,1,68,,23037,24,,,1,84,,23025,24,,,1,30,,23024,24,,,1,70,,23031,24,,,1,30,,23021,24,,,1,70,,23033,24,,,1,30,,23032,24,,,1,70,,23022,24,,,1
31201,'10',646,,23057,24,,,1,72,,23058,24,,,1,30,,18078,24,,,1,70,,23054,24,,,1,30,,23061,24,,,1,70,,23046,24,,,1,30,,23059,24,,,1,70,,15305,24,,,1,30,,23060,24,,,1,70,,23050,24,,,1,30,,23048,24,,,1,70,,23055,24,,,1,30,,1694,24,,,1,70,,23049,24,,,1,30,,23053,24,,,1,68,,23056,24,,,1,84,,12778,24,,,1,30,,23047,24,,,1,70,,9781,24,,,1,30,,23044,24,,,1,70,,23052,24,,,1,30,,23051,24,,,1,70,,23045,24,,,1
31201,'3',646,,23076,24,,,1,72,,23077,24,,,1,30,,18117,24,,,1,70,,23073,24,,,1,30,,23079,24,,,1,70,,23064,24,,,1,30,,15684,24,,,1,70,,23066,24,,,1,30,,23078,24,,,1,70,,23069,24,,,1,30,,23067,24,,,1,70,,23074,24,,,1,30,,1717,24,,,1,70,,23068,24,,,1,30,,23072,24,,,1,68,,23075,24,,,1,84,,12905,24,,,1,30,,23065,24,,,1,70,,9824,24,,,1,30,,23062,24,,,1,70,,23071,24,,,1,30,,23070,24,,,1,70,,23063,24,,,1
40901,'1',1859,,25882,30,0,25 12,1,100,,25881,30,0,25 12,1,100,,25883,30,0,25 12,1,100,,25884,30,0,25 12,1,100,,25880,30,0,25 12,1
40901,'10',1859,,25887,30,0,25 12,1,100,,25886,30,0,25 12,1,100,,25888,30,0,25 12,1,100,,25889,30,0,25 12,1,100,,25885,30,0,25 12,1
40901,'11',859,,25890,30,0,25 12,1,100,,25896,30,0,25 12,1,100,,10463,30,0,25 12,1,70,,25898,30,0,25 12,1,30,,25894,30,0,25 12,1,70,,25903,30,0,25 12,1,30,,25895,30,0,25 12,1,70,,25905,30,0,25 12,1,30,,25901,30,0,25 12,1,70,,25899,30,0,25 12,1,30,,25892,30,0,25 12,1,70,,5651,30,0,25 12,1,30,,9552,30,0,25 12,1,70,,25904,30,0,25 12,1,30,,25902,30,0,25 12,1,70,,25900,30,0,25 12,1,30,,25891,30,0,25 12,1,70,,25906,30,0,25 12,1,30,,25893,30,0,25 12,1,100,,25897,30,0,25 12,1
40901,'13',659,,25924,30,0,25 12,1,70,,25921,30,0,25 12,1,30,,25929,30,0,25 12,1,70,,25913,30,0,25 12,1,30,,25925,30,0,25 12,1,70,,25914,30,0,25 12,1,30,,25931,30,0,25 12,1,70,,25915,30,0,25 12,1,30,,5876,30,0,25 12,1,70,,25928,30,0,25 12,1,30,,25911,30,0,25 12,1,70,,25930,30,0,25 12,1,30,,25917,30,0,25 12,1,70,,25922,30,0,25 12,1,30,,25916,30,0,25 12,1,70,,25926,30,0,25 12,1,30,,25907,30,0,25 12,1,70,,25919,30,0,25 12,1,30,,25920,30,0,25 12,1,70,,25923,30,0,25 12,1,30,,25932,30,0,25 12,1,70,,25918,30,0,25 12,1,30,,25912,30,0,25 12,1,70,,25910,30,0,25 12,1,30,,25933,30,0,25 12,1,100,,25908,30,0,25 12,1,100,,8497,30,0,25 12,1,100,,25927,30,0,25 12,1,100,,25909,30,0,25 12,1
40901,'3',1859,,25936,30,0,25 12,1,100,,25935,30,0,25 12,1,100,,4488,30,0,25 12,1,100,,25937,30,0,25 12,1,100,,25934,30,0,25 12,1
40901,'8',859,,25938,30,0,25 12,1,100,,25944,30,0,25 12,1,100,,25947,30,0,25 12,1,70,,25946,30,0,25 12,1,30,,25942,30,0,25 12,1,70,,25952,30,0,25 12,1,30,,25943,30,0,25 12,1,70,,25953,30,0,25 12,1,30,,19755,30,0,25 12,1,70,,25948,30,0,25 12,1,30,,25940,30,0,25 12,1,70,,25950,30,0,25 12,1,30,,25954,30,0,25 12,1,70,,19416,30,0,25 12,1,30,,25951,30,0,25 12,1,70,,25949,30,0,25 12,1,30,,25939,30,0,25 12,1,70,,25955,30,0,25 12,1,30,,25941,30,0,25 12,1,100,,25945,30,0,25 12,1
