30200,'12',622,,33134,16,0,11,1,30,,33147,16,0,11,1,70,,33146,16,0,11,1,30,,33145,16,0,11,1,70,,33150,16,0,11,1,30,,33144,16,0,11,1,70,,33133,16,0,11,1,30,,33138,16,0,11,1,72,,33151,16,0,11,1,30,,33131,16,0,11,1,70,,33135,16,0,11,1,30,,33132,16,0,11,1,70,,33149,16,0,11,1,30,,33129,16,0,11,1,70,,33148,16,0,11,1,30,,33140,16,0,11,1,69,,33142,16,0,11,1,30,,33143,16,0,11,1,70,,33137,16,0,11,1,30,,33130,16,0,11,1,70,,33136,16,0,11,1,30,,33139,16,0,11,1,70,,33141,16,0,11,1
30200,'13',622,,33156,16,0,11,1,30,,33168,16,0,11,1,70,,33167,16,0,11,1,30,,33166,16,0,11,1,70,,33170,16,0,11,1,30,,33165,16,0,11,1,70,,33155,16,0,11,1,30,,27942,16,0,11,1,72,,33171,16,0,11,1,30,,33153,16,0,11,1,70,,33157,16,0,11,1,30,,33154,16,0,11,1,70,,33169,16,0,11,1,30,,28545,16,0,11,1,70,,29185,16,0,11,1,30,,33161,16,0,11,1,69,,33163,16,0,11,1,30,,33164,16,0,11,1,70,,33159,16,0,11,1,30,,33152,16,0,11,1,70,,33158,16,0,11,1,30,,33160,16,0,11,1,70,,33162,16,0,11,1
30200,'3',622,,33176,16,0,11,1,30,,33188,16,0,11,1,70,,33187,16,0,11,1,30,,33186,16,0,11,1,70,,33190,16,0,11,1,30,,33185,16,0,11,1,70,,33175,16,0,11,1,30,,27959,16,0,11,1,72,,33191,16,0,11,1,30,,33173,16,0,11,1,70,,33177,16,0,11,1,30,,33174,16,0,11,1,70,,33189,16,0,11,1,30,,28567,16,0,11,1,70,,29196,16,0,11,1,30,,33181,16,0,11,1,69,,33183,16,0,11,1,30,,33184,16,0,11,1,70,,33179,16,0,11,1,30,,33172,16,0,11,1,70,,33178,16,0,11,1,30,,33180,16,0,11,1,70,,33182,16,0,11,1
30200,'6',622,,33197,16,0,11,1,30,,33210,16,0,11,1,70,,33209,16,0,11,1,30,,33208,16,0,11,1,70,,33213,16,0,11,1,30,,33207,16,0,11,1,70,,33196,16,0,11,1,30,,33201,16,0,11,1,72,,33214,16,0,11,1,30,,33194,16,0,11,1,70,,33198,16,0,11,1,30,,33195,16,0,11,1,70,,33212,16,0,11,1,30,,33192,16,0,11,1,70,,33211,16,0,11,1,30,,33203,16,0,11,1,69,,33205,16,0,11,1,30,,33206,16,0,11,1,70,,33200,16,0,11,1,30,,33193,16,0,11,1,70,,33199,16,0,11,1,30,,33202,16,0,11,1,70,,33204,16,0,11,1
40200,'1',622,,38289,16,0,13 14,1,30,,38293,16,0,13 14,1,70,,38305,16,0,13 14,1,30,,38286,16,0,13 14,1,70,,38303,16,0,13 14,1,30,,38284,16,0,13 14,1,70,,38287,16,0,13 14,1,30,,38283,16,0,13 14,1,70,,29418,16,0,13 14,1,30,,38294,16,0,13 14,1,70,,38290,16,0,13 14,1,30,,38306,16,0,13 14,1,70,,38307,16,0,13 14,1,30,,38288,16,0,13 14,1,70,,38301,16,0,13 14,1,30,,38298,16,0,13 14,1,70,,38297,16,0,13 14,1,30,,38300,16,0,13 14,1,70,,38295,16,0,13 14,1,30,,29676,16,0,13 14,1,70,,38292,16,0,13 14,1,30,,38291,16,0,13 14,1,70,,38282,16,0,13 14,1,30,,38296,16,0,13 14,1,100,,31675,16,0,13 14,1,99,,38285,16,0,13 14,1,100,,38299,16,0,13 14,1,100,,38304,16,0,13 14,1,100,,38302,16,0,13 14,1
40200,'11',622,,38316,16,0,13 14,1,30,,38321,16,0,13 14,1,70,,38333,16,0,13 14,1,30,,38312,16,0,13 14,1,70,,38331,16,0,13 14,1,30,,38310,16,0,13 14,1,70,,38313,16,0,13 14,1,30,,38309,16,0,13 14,1,70,,38320,16,0,13 14,1,30,,38322,16,0,13 14,1,70,,38317,16,0,13 14,1,30,,38334,16,0,13 14,1,70,,38335,16,0,13 14,1,30,,38314,16,0,13 14,1,70,,38329,16,0,13 14,1,30,,38326,16,0,13 14,1,70,,38325,16,0,13 14,1,30,,38328,16,0,13 14,1,70,,38323,16,0,13 14,1,30,,38336,16,0,13 14,1,70,,38319,16,0,13 14,1,30,,38318,16,0,13 14,1,70,,38308,16,0,13 14,1,30,,38324,16,0,13 14,1,100,,38315,16,0,13 14,1,99,,38311,16,0,13 14,1,100,,38327,16,0,13 14,1,100,,38332,16,0,13 14,1,100,,38330,16,0,13 14,1
40200,'12',1752,,38340,16,0,13 14,1,100,,38338,16,0,13 14,1,99,,38342,16,0,13 14,1,100,,38339,16,0,13 14,1,100,,38341,16,0,13 14,1,100,,38337,16,0,13 14,1
40200,'13',1752,,38346,16,0,13 14,1,100,,38344,16,0,13 14,1,99,,38348,16,0,13 14,1,100,,38345,16,0,13 14,1,100,,38347,16,0,13 14,1,100,,38343,16,0,13 14,1
40200,'14',1052,,38356,16,0,13 14,1,100,,38349,16,0,13 14,1,100,,38350,16,0,13 14,1,100,,38355,16,0,13 14,1,100,,38351,16,0,13 14,1,100,,38354,16,0,13 14,1,100,,38352,16,0,13 14,1,100,,38353,16,0,13 14,1
40200,'16',622,,38364,16,0,13 14,1,30,,38368,16,0,13 14,1,70,,38380,16,0,13 14,1,30,,38361,16,0,13 14,1,70,,38378,16,0,13 14,1,30,,38359,16,0,13 14,1,70,,38362,16,0,13 14,1,30,,38358,16,0,13 14,1,70,,29537,16,0,13 14,1,30,,38369,16,0,13 14,1,70,,38365,16,0,13 14,1,30,,38381,16,0,13 14,1,70,,38382,16,0,13 14,1,30,,38363,16,0,13 14,1,70,,38376,16,0,13 14,1,30,,38373,16,0,13 14,1,70,,38372,16,0,13 14,1,30,,38375,16,0,13 14,1,70,,38370,16,0,13 14,1,30,,29795,16,0,13 14,1,70,,38367,16,0,13 14,1,30,,38366,16,0,13 14,1,70,,38357,16,0,13 14,1,30,,38371,16,0,13 14,1,100,,31732,16,0,13 14,1,99,,38360,16,0,13 14,1,100,,38374,16,0,13 14,1,100,,38379,16,0,13 14,1,100,,38377,16,0,13 14,1
40200,'3',1752,,38386,16,0,13 14,1,100,,38384,16,0,13 14,1,99,,38388,16,0,13 14,1,100,,38385,16,0,13 14,1,100,,38387,16,0,13 14,1,100,,38383,16,0,13 14,1
40200,'6',1752,,38392,16,0,13 14,1,100,,38390,16,0,13 14,1,99,,38394,16,0,13 14,1,100,,38391,16,0,13 14,1,100,,38393,16,0,13 14,1,100,,38389,16,0,13 14,1
40200,'8',852,,38397,16,0,13 14,1,100,,38401,16,0,13 14,1,70,,38413,16,0,13 14,1,30,,38395,16,0,13 14,1,70,,38414,16,0,13 14,1,30,,38407,16,0,13 14,1,70,,38411,16,0,13 14,1,30,,38396,16,0,13 14,1,70,,38400,16,0,13 14,1,30,,38408,16,0,13 14,1,70,,38398,16,0,13 14,1,30,,38403,16,0,13 14,1,70,,38405,16,0,13 14,1,30,,38412,16,0,13 14,1,70,,38404,16,0,13 14,1,30,,38410,16,0,13 14,1,70,,38406,16,0,13 14,1,30,,38409,16,0,13 14,1,100,,38402,16,0,13 14,1,99,,38399,16,0,13 14,1
