31801,'12',604,,36057,6,0,45 50,1,30,,36068,6,0,45 50,1,71,,36059,6,0,45 50,1,30,,36064,6,0,45 50,1,70,,36069,6,0,45 50,1,30,,36076,6,0,45 50,1,70,,36071,6,0,45 50,1,30,,36058,6,0,45 50,1,71,,36078,6,0,45 50,1,30,,36075,6,0,45 50,1,70,,36062,6,0,45 50,1,30,,36060,6,0,45 50,1,70,,36067,6,0,45 50,1,30,,36077,6,0,45 50,1,70,,36065,6,0,45 50,1,30,,36074,6,0,45 50,1,68,,36066,6,0,45 50,1,30,,36070,6,0,45 50,1,70,,36063,6,0,45 50,1,30,,36072,6,0,45 50,1,70,,36073,6,0,45 50,1,30,,36061,6,0,45 50,1,70,,36053,6,0,45 50,1,30,,36056,6,0,45 50,1,70,,36055,6,0,45 50,1,30,,36054,6,0,45 50,1
31801,'13',604,,36083,6,0,45 50,1,30,,36092,6,0,45 50,1,71,,36085,6,0,45 50,1,30,,36089,6,0,45 50,1,70,,36093,6,0,45 50,1,30,,36099,6,0,45 50,1,70,,36095,6,0,45 50,1,30,,36084,6,0,45 50,1,71,,36101,6,0,45 50,1,30,,36098,6,0,45 50,1,70,,21825,6,0,45 50,1,30,,36086,6,0,45 50,1,70,,36091,6,0,45 50,1,30,,36100,6,0,45 50,1,70,,9655,6,0,45 50,1,30,,28819,6,0,45 50,1,68,,36090,6,0,45 50,1,30,,36094,6,0,45 50,1,70,,36088,6,0,45 50,1,30,,36096,6,0,45 50,1,70,,36097,6,0,45 50,1,30,,36087,6,0,45 50,1,70,,36079,6,0,45 50,1,30,,36082,6,0,45 50,1,70,,36081,6,0,45 50,1,30,,36080,6,0,45 50,1
31801,'3',604,,36106,6,0,45 50,1,30,,36115,6,0,45 50,1,71,,36108,6,0,45 50,1,30,,36112,6,0,45 50,1,70,,36116,6,0,45 50,1,30,,36122,6,0,45 50,1,70,,36118,6,0,45 50,1,30,,36107,6,0,45 50,1,71,,36124,6,0,45 50,1,30,,36121,6,0,45 50,1,70,,21848,6,0,45 50,1,30,,36109,6,0,45 50,1,70,,36114,6,0,45 50,1,30,,36123,6,0,45 50,1,70,,9697,6,0,45 50,1,30,,28842,6,0,45 50,1,68,,36113,6,0,45 50,1,30,,36117,6,0,45 50,1,70,,36111,6,0,45 50,1,30,,36119,6,0,45 50,1,70,,36120,6,0,45 50,1,30,,36110,6,0,45 50,1,70,,36102,6,0,45 50,1,30,,36105,6,0,45 50,1,70,,36104,6,0,45 50,1,30,,36103,6,0,45 50,1
31801,'6',604,,36129,6,0,45 50,1,30,,36140,6,0,45 50,1,71,,36131,6,0,45 50,1,30,,36136,6,0,45 50,1,70,,36141,6,0,45 50,1,30,,36148,6,0,45 50,1,70,,36143,6,0,45 50,1,30,,36130,6,0,45 50,1,71,,36150,6,0,45 50,1,30,,36147,6,0,45 50,1,70,,36134,6,0,45 50,1,30,,36132,6,0,45 50,1,70,,36139,6,0,45 50,1,30,,36149,6,0,45 50,1,70,,36137,6,0,45 50,1,30,,36146,6,0,45 50,1,68,,36138,6,0,45 50,1,30,,36142,6,0,45 50,1,70,,36135,6,0,45 50,1,30,,36144,6,0,45 50,1,70,,36145,6,0,45 50,1,30,,36133,6,0,45 50,1,70,,36125,6,0,45 50,1,30,,36128,6,0,45 50,1,70,,36127,6,0,45 50,1,30,,36126,6,0,45 50,1
41801,'1',620,,41138,6,0,45 50,1,30,,41133,6,0,45 50,1,70,,41141,6,0,45 50,1,30,,41144,6,0,45 50,1,70,,41131,6,0,45 50,1,30,,41145,6,0,45 50,1,70,,41140,6,0,45 50,1,30,,41132,6,0,45 50,1,71,,41154,6,0,45 50,1,30,,41136,6,0,45 50,1,70,,41137,6,0,45 50,1,30,,41155,6,0,45 50,1,70,,41148,6,0,45 50,1,30,,32507,6,0,45 50,1,70,,29113,6,0,45 50,1,30,,41146,6,0,45 50,1,70,,41142,6,0,45 50,1,30,,41143,6,0,45 50,1,70,,41151,6,0,45 50,1,30,,41150,6,0,45 50,1,70,,41147,6,0,45 50,1,30,,41153,6,0,45 50,1,70,,31460,6,0,45 50,1,30,,41135,6,0,45 50,1,70,,41152,6,0,45 50,1,30,,41134,6,0,45 50,1,99,,41139,6,0,45 50,1,100,,30259,6,0,45 50,1,100,,41149,6,0,45 50,1,100,,29424,6,0,45 50,1
41801,'11',620,,41165,6,0,45 50,1,30,,41159,6,0,45 50,1,70,,41168,6,0,45 50,1,30,,41171,6,0,45 50,1,70,,41157,6,0,45 50,1,30,,41173,6,0,45 50,1,70,,41167,6,0,45 50,1,30,,41158,6,0,45 50,1,71,,41184,6,0,45 50,1,30,,41162,6,0,45 50,1,70,,41163,6,0,45 50,1,30,,41185,6,0,45 50,1,70,,41176,6,0,45 50,1,30,,41172,6,0,45 50,1,70,,41164,6,0,45 50,1,30,,41174,6,0,45 50,1,70,,41169,6,0,45 50,1,30,,41170,6,0,45 50,1,70,,41180,6,0,45 50,1,30,,41179,6,0,45 50,1,70,,41175,6,0,45 50,1,30,,41182,6,0,45 50,1,70,,41156,6,0,45 50,1,30,,41161,6,0,45 50,1,70,,41181,6,0,45 50,1,30,,41160,6,0,45 50,1,99,,41166,6,0,45 50,1,100,,41183,6,0,45 50,1,100,,41178,6,0,45 50,1,100,,41177,6,0,45 50,1
41801,'12',1851,,41188,6,0,45 50,1,99,,41186,6,0,45 50,1,100,,41190,6,0,45 50,1,100,,41189,6,0,45 50,1,100,,41187,6,0,45 50,1
41801,'13',1851,,41193,6,0,45 50,1,99,,41191,6,0,45 50,1,100,,41195,6,0,45 50,1,100,,41194,6,0,45 50,1,100,,41192,6,0,45 50,1
41801,'14',1151,,41200,6,0,45 50,1,100,,41197,6,0,45 50,1,100,,41198,6,0,45 50,1,100,,41201,6,0,45 50,1,100,,41196,6,0,45 50,1,100,,41199,6,0,45 50,1,100,,41202,6,0,45 50,1
41801,'16',620,,41210,6,0,45 50,1,30,,41205,6,0,45 50,1,70,,41213,6,0,45 50,1,30,,41216,6,0,45 50,1,70,,41203,6,0,45 50,1,30,,41218,6,0,45 50,1,70,,41212,6,0,45 50,1,30,,41204,6,0,45 50,1,71,,41227,6,0,45 50,1,30,,41208,6,0,45 50,1,70,,41209,6,0,45 50,1,30,,41228,6,0,45 50,1,70,,41221,6,0,45 50,1,30,,41217,6,0,45 50,1,70,,29137,6,0,45 50,1,30,,41219,6,0,45 50,1,70,,41214,6,0,45 50,1,30,,41215,6,0,45 50,1,70,,41224,6,0,45 50,1,30,,41223,6,0,45 50,1,70,,41220,6,0,45 50,1,30,,41226,6,0,45 50,1,70,,31476,6,0,45 50,1,30,,41207,6,0,45 50,1,70,,41225,6,0,45 50,1,30,,41206,6,0,45 50,1,99,,41211,6,0,45 50,1,100,,30300,6,0,45 50,1,100,,41222,6,0,45 50,1,100,,29543,6,0,45 50,1
41801,'3',1851,,41231,6,0,45 50,1,99,,41229,6,0,45 50,1,100,,41233,6,0,45 50,1,100,,41232,6,0,45 50,1,100,,41230,6,0,45 50,1
41801,'6',1851,,41236,6,0,45 50,1,99,,41234,6,0,45 50,1,100,,41238,6,0,45 50,1,100,,41237,6,0,45 50,1,100,,41235,6,0,45 50,1
41801,'8',850,,41247,6,0,45 50,1,100,,41243,6,0,45 50,1,101,,41246,6,0,45 50,1,70,,41239,6,0,45 50,1,30,,41254,6,0,45 50,1,70,,41248,6,0,45 50,1,30,,41257,6,0,45 50,1,70,,41242,6,0,45 50,1,30,,41253,6,0,45 50,1,70,,41252,6,0,45 50,1,30,,41240,6,0,45 50,1,70,,41241,6,0,45 50,1,30,,41255,6,0,45 50,1,70,,41256,6,0,45 50,1,30,,41245,6,0,45 50,1,70,,41258,6,0,45 50,1,30,,41249,6,0,45 50,1,70,,41250,6,0,45 50,1,30,,41244,6,0,45 50,1,99,,41251,6,0,45 50,1
