33700,'1',1110,,20366,,,1,30,,20378,,,1,70,,20365,,,1,30,,20373,,,1,70,,20359,,,1,30,,20375,,,1,70,,20368,,,1,30,,20379,,,1,70,,6987,,,1,30,,6091,,,1,70,,20360,,,1,30,,20354,,,1,70,,20356,,,1,30,,20371,,,1,70,,8215,,,1
33700,'10',710,,20391,,,1,30,,20392,,,1,70,,20419,,,1,30,,20428,,,1,70,,20393,,,1,30,,20427,,,1,70,,20421,,,1,30,,20409,,,1,70,,20380,,,1,30,,20408,,,1,70,,20397,,,1,30,,20425,,,1,70,,20403,,,1,30,,20381,,,1,70,,20383,,,1,30,,20413,,,1,70,,20417,,,1,30,,20404,,,1,70,,20406,,,1,30,,20399,,,1,70,,20407,,,1,30,,20424,,,1,70,,20410,,,1,30,,20416,,,1,70,,20423,,,1
33700,'12',1140,,20435,,,1,70,,20442,,,1,30,,20456,,,1,70,,20443,,,1,30,,20449,,,1,70,,20434,,,1,30,,20439,,,1,70,,20447,,,1,30,,20451,,,1,70,,20441,,,1,30,,20445,,,1,70,,20432,,,1,30,,20440,,,1,70,,20436,,,1,30,,20430,,,1
33700,'15',640,,20469,,,1,70,,20493,,,1,30,,20492,,,1,70,,20500,,,1,30,,20484,,,1,70,,20491,,,1,30,,20477,,,1,70,,20463,,,1,30,,20460,,,1,70,,20495,,,1,30,,20468,,,1,70,,20489,,,1,30,,20481,,,1,70,,20471,,,1,30,,20497,,,1,70,,20458,,,1,30,,20504,,,1,70,,20503,,,1,30,,20502,,,1,70,,20494,,,1,30,,20475,,,1,70,,20501,,,1,30,,20459,,,1,70,,20498,,,1,30,,20474,,,1
33700,'16',640,,20517,,,1,70,,20536,,,1,30,,20535,,,1,70,,20542,,,1,30,,20528,,,1,70,,20534,,,1,30,,20523,,,1,70,,20512,,,1,30,,12792,,,1,70,,20538,,,1,30,,20516,,,1,70,,20532,,,1,30,,20525,,,1,70,,7611,,,1,30,,11140,,,1,70,,20508,,,1,30,,20546,,,1,70,,20545,,,1,30,,20544,,,1,70,,20537,,,1,30,,20521,,,1,70,,20543,,,1,30,,20509,,,1,70,,20540,,,1,30,,20520,,,1
33700,'17',640,,20559,,,1,70,,20579,,,1,30,,20578,,,1,70,,20585,,,1,30,,20571,,,1,70,,20577,,,1,30,,20566,,,1,70,,20554,,,1,30,,3829,,,1,70,,20581,,,1,30,,20558,,,1,70,,20575,,,1,30,,20568,,,1,70,,7633,,,1,30,,11145,,,1,70,,20550,,,1,30,,20589,,,1,70,,20588,,,1,30,,20587,,,1,70,,20580,,,1,30,,20564,,,1,70,,20586,,,1,30,,20551,,,1,70,,20583,,,1,30,,20563,,,1
33700,'19',640,,20604,,,1,70,,20626,,,1,30,,20625,,,1,70,,20633,,,1,30,,20617,,,1,70,,20624,,,1,30,,20610,,,1,70,,20598,,,1,30,,20595,,,1,70,,20628,,,1,30,,20603,,,1,70,,20622,,,1,30,,20614,,,1,70,,20606,,,1,30,,20630,,,1,70,,20593,,,1,30,,20637,,,1,70,,20636,,,1,30,,20635,,,1,70,,20627,,,1,30,,12133,,,1,70,,20634,,,1,30,,20594,,,1,70,,20631,,,1,30,,20609,,,1
33700,'21',710,,20649,,,1,30,,20650,,,1,70,,20674,,,1,30,,20683,,,1,70,,11826,,,1,30,,20682,,,1,70,,20676,,,1,30,,20665,,,1,70,,20641,,,1,30,,12692,,,1,70,,20654,,,1,30,,20680,,,1,70,,20660,,,1,30,,20642,,,1,70,,3772,,,1,30,,20669,,,1,70,,20672,,,1,30,,20661,,,1,70,,20663,,,1,30,,20656,,,1,70,,20664,,,1,30,,20679,,,1,70,,20666,,,1,30,,11966,,,1,70,,20678,,,1
33700,'5',640,,20693,,,1,70,,20713,,,1,30,,20712,,,1,70,,20719,,,1,30,,20705,,,1,70,,20711,,,1,30,,20700,,,1,70,,20689,,,1,30,,3802,,,1,70,,20715,,,1,30,,9510,,,1,70,,20709,,,1,30,,20702,,,1,70,,7652,,,1,30,,11183,,,1,70,,20685,,,1,30,,20723,,,1,70,,20722,,,1,30,,20721,,,1,70,,20714,,,1,30,,20698,,,1,70,,20720,,,1,30,,20686,,,1,70,,20717,,,1,30,,20697,,,1
33700,'6',640,,20738,,,1,70,,20762,,,1,30,,20761,,,1,70,,20769,,,1,30,,20753,,,1,70,,20760,,,1,30,,20746,,,1,70,,20732,,,1,30,,20729,,,1,70,,20764,,,1,30,,20737,,,1,70,,20758,,,1,30,,20750,,,1,70,,20740,,,1,30,,20766,,,1,70,,20727,,,1,30,,20773,,,1,70,,20772,,,1,30,,20771,,,1,70,,20763,,,1,30,,20744,,,1,70,,20770,,,1,30,,20728,,,1,70,,20767,,,1,30,,20743,,,1
