31800,'12',609,,35968,20,0,45 46 18,1,30,,35985,20,0,45 46 18,1,70,,35988,20,0,45 46 18,1,30,,35969,20,0,45 46 18,1,70,,35979,20,0,45 46 18,1,30,,35976,20,0,45 46 18,1,70,,35989,20,0,45 46 18,1,30,,35983,20,0,45 46 18,1,70,,35980,20,0,45 46 18,1,30,,35984,20,0,45 46 18,1,70,,35974,20,0,45 46 18,1,30,,35987,20,0,45 46 18,1,70,,35972,20,0,45 46 18,1,30,,35973,20,0,45 46 18,1,70,,35971,20,0,45 46 18,1,30,,35965,20,0,45 46 18,1,70,,35982,20,0,45 46 18,1,30,,35975,20,0,45 46 18,1,70,,35986,20,0,45 46 18,1,30,,35966,20,0,45 46 18,1,70,,35970,20,0,45 46 18,1,30,,35967,20,0,45 46 18,1,70,,35977,20,0,45 46 18,1,30,,35981,20,0,45 46 18,1,70,,35978,20,0,45 46 18,1
31800,'13',609,,35992,20,0,45 46 18,1,30,,36005,20,0,45 46 18,1,70,,36008,20,0,45 46 18,1,30,,35993,20,0,45 46 18,1,70,,36000,20,0,45 46 18,1,30,,35998,20,0,45 46 18,1,70,,27363,20,0,45 46 18,1,30,,36003,20,0,45 46 18,1,70,,29704,20,0,45 46 18,1,30,,36004,20,0,45 46 18,1,70,,35996,20,0,45 46 18,1,30,,36007,20,0,45 46 18,1,70,,35995,20,0,45 46 18,1,30,,28468,20,0,45 46 18,1,70,,35994,20,0,45 46 18,1,30,,28805,20,0,45 46 18,1,70,,36002,20,0,45 46 18,1,30,,35997,20,0,45 46 18,1,70,,36006,20,0,45 46 18,1,30,,35990,20,0,45 46 18,1,70,,29319,20,0,45 46 18,1,30,,35991,20,0,45 46 18,1,70,,27770,20,0,45 46 18,1,30,,36001,20,0,45 46 18,1,70,,35999,20,0,45 46 18,1
31800,'3',609,,36011,20,0,45 46 18,1,30,,36024,20,0,45 46 18,1,70,,36027,20,0,45 46 18,1,30,,36012,20,0,45 46 18,1,70,,36019,20,0,45 46 18,1,30,,36017,20,0,45 46 18,1,70,,27401,20,0,45 46 18,1,30,,36022,20,0,45 46 18,1,70,,29823,20,0,45 46 18,1,30,,36023,20,0,45 46 18,1,70,,36015,20,0,45 46 18,1,30,,36026,20,0,45 46 18,1,70,,36014,20,0,45 46 18,1,30,,28483,20,0,45 46 18,1,70,,36013,20,0,45 46 18,1,30,,28828,20,0,45 46 18,1,70,,36021,20,0,45 46 18,1,30,,36016,20,0,45 46 18,1,70,,36025,20,0,45 46 18,1,30,,36009,20,0,45 46 18,1,70,,29340,20,0,45 46 18,1,30,,36010,20,0,45 46 18,1,70,,27790,20,0,45 46 18,1,30,,36020,20,0,45 46 18,1,70,,36018,20,0,45 46 18,1
31800,'6',609,,36031,20,0,45 46 18,1,30,,36048,20,0,45 46 18,1,70,,36051,20,0,45 46 18,1,30,,36032,20,0,45 46 18,1,70,,36042,20,0,45 46 18,1,30,,36039,20,0,45 46 18,1,70,,36052,20,0,45 46 18,1,30,,36046,20,0,45 46 18,1,70,,36043,20,0,45 46 18,1,30,,36047,20,0,45 46 18,1,70,,36037,20,0,45 46 18,1,30,,36050,20,0,45 46 18,1,70,,36035,20,0,45 46 18,1,30,,36036,20,0,45 46 18,1,70,,36034,20,0,45 46 18,1,30,,36028,20,0,45 46 18,1,70,,36045,20,0,45 46 18,1,30,,36038,20,0,45 46 18,1,70,,36049,20,0,45 46 18,1,30,,36029,20,0,45 46 18,1,70,,36033,20,0,45 46 18,1,30,,36030,20,0,45 46 18,1,70,,36040,20,0,45 46 18,1,30,,36044,20,0,45 46 18,1,70,,36041,20,0,45 46 18,1
41800,'1',624,,41028,22,0,45 46 18,1,30,,31346,22,0,45 46 18,1,70,,41015,22,0,45 46 18,1,30,,41023,22,0,45 46 18,1,70,,41016,22,0,45 46 18,1,30,,41011,22,0,45 46 18,1,70,,41013,22,0,45 46 18,1,30,,41006,22,0,45 46 18,1,71,,41025,22,0,45 46 18,1,30,,41018,22,0,45 46 18,1,70,,41012,22,0,45 46 18,1,30,,41022,22,0,45 46 18,1,70,,41014,22,0,45 46 18,1,30,,41005,22,0,45 46 18,1,70,,41026,22,0,45 46 18,1,30,,41024,22,0,45 46 18,1,70,,41007,22,0,45 46 18,1,30,,41019,22,0,45 46 18,1,70,,24259,22,0,45 46 18,1,30,,41008,22,0,45 46 18,1,70,,41009,22,0,45 46 18,1,30,,41017,22,0,45 46 18,1,70,,29112,22,0,45 46 18,1,30,,23596,22,0,45 46 18,1,100,,30068,22,0,45 46 18,1,100,,41021,22,0,45 46 18,1,100,,32532,22,0,45 46 18,1,100,,41027,22,0,45 46 18,1,100,,41020,22,0,45 46 18,1,100,,41010,22,0,45 46 18,1
41800,'11',624,,41058,22,0,45 46 18,1,30,,41046,22,0,45 46 18,1,70,,41042,22,0,45 46 18,1,30,,41053,22,0,45 46 18,1,70,,41044,22,0,45 46 18,1,30,,41036,22,0,45 46 18,1,70,,41039,22,0,45 46 18,1,30,,41030,22,0,45 46 18,1,71,,41055,22,0,45 46 18,1,30,,41047,22,0,45 46 18,1,70,,41038,22,0,45 46 18,1,30,,41052,22,0,45 46 18,1,70,,41040,22,0,45 46 18,1,30,,41029,22,0,45 46 18,1,70,,41056,22,0,45 46 18,1,30,,41054,22,0,45 46 18,1,70,,41031,22,0,45 46 18,1,30,,41049,22,0,45 46 18,1,70,,41043,22,0,45 46 18,1,30,,41032,22,0,45 46 18,1,70,,41034,22,0,45 46 18,1,30,,41045,22,0,45 46 18,1,70,,41033,22,0,45 46 18,1,30,,41041,22,0,45 46 18,1,100,,41037,22,0,45 46 18,1,100,,41051,22,0,45 46 18,1,100,,41048,22,0,45 46 18,1,100,,41057,22,0,45 46 18,1,100,,41050,22,0,45 46 18,1,100,,41035,22,0,45 46 18,1
41800,'12',1855,,41062,22,0,45 46 18,1,100,,41059,22,0,45 46 18,1,100,,41063,22,0,45 46 18,1,100,,41060,22,0,45 46 18,1,100,,41064,22,0,45 46 18,1,100,,41061,22,0,45 46 18,1
41800,'13',1855,,41068,22,0,45 46 18,1,100,,41065,22,0,45 46 18,1,100,,41069,22,0,45 46 18,1,100,,41066,22,0,45 46 18,1,100,,41070,22,0,45 46 18,1,100,,41067,22,0,45 46 18,1
41800,'14',1055,,41072,22,0,45 46 18,1,100,,41074,22,0,45 46 18,1,100,,41077,22,0,45 46 18,1,100,,41076,22,0,45 46 18,1,100,,41073,22,0,45 46 18,1,100,,41071,22,0,45 46 18,1,100,,41078,22,0,45 46 18,1,100,,41075,22,0,45 46 18,1
41800,'16',624,,41103,22,0,45 46 18,1,30,,31387,22,0,45 46 18,1,70,,41089,22,0,45 46 18,1,30,,41098,22,0,45 46 18,1,70,,41090,22,0,45 46 18,1,30,,41085,22,0,45 46 18,1,70,,41087,22,0,45 46 18,1,30,,41080,22,0,45 46 18,1,71,,41100,22,0,45 46 18,1,30,,41092,22,0,45 46 18,1,70,,41086,22,0,45 46 18,1,30,,41097,22,0,45 46 18,1,70,,41088,22,0,45 46 18,1,30,,41079,22,0,45 46 18,1,70,,41101,22,0,45 46 18,1,30,,41099,22,0,45 46 18,1,70,,41081,22,0,45 46 18,1,30,,41094,22,0,45 46 18,1,70,,29533,22,0,45 46 18,1,30,,41082,22,0,45 46 18,1,70,,41083,22,0,45 46 18,1,30,,41091,22,0,45 46 18,1,70,,23985,22,0,45 46 18,1,30,,30899,22,0,45 46 18,1,100,,30148,22,0,45 46 18,1,100,,41096,22,0,45 46 18,1,100,,41093,22,0,45 46 18,1,100,,41102,22,0,45 46 18,1,100,,41095,22,0,45 46 18,1,100,,41084,22,0,45 46 18,1
41800,'3',1855,,41107,22,0,45 46 18,1,100,,41104,22,0,45 46 18,1,100,,41108,22,0,45 46 18,1,100,,41105,22,0,45 46 18,1,100,,41109,22,0,45 46 18,1,100,,41106,22,0,45 46 18,1
41800,'6',1855,,41113,22,0,45 46 18,1,100,,41110,22,0,45 46 18,1,100,,41114,22,0,45 46 18,1,100,,41111,22,0,45 46 18,1,100,,41115,22,0,45 46 18,1,100,,41112,22,0,45 46 18,1
41800,'8',954,,41130,22,0,45 46 18,1,71,,30580,22,0,45 46 18,1,30,,41126,22,0,45 46 18,1,70,,41129,22,0,45 46 18,1,30,,41116,22,0,45 46 18,1,100,,41120,22,0,45 46 18,1,70,,41123,22,0,45 46 18,1,30,,41121,22,0,45 46 18,1,100,,41125,22,0,45 46 18,1,70,,41119,22,0,45 46 18,1,30,,29849,22,0,45 46 18,1,70,,41117,22,0,45 46 18,1,30,,41122,22,0,45 46 18,1,70,,41118,22,0,45 46 18,1,30,,41128,22,0,45 46 18,1,100,,41127,22,0,45 46 18,1,100,,41124,22,0,45 46 18,1
