30900,'12',625,,34408,21,0,23,1,30,,34397,21,0,23,1,71,,34402,21,0,23,1,30,,34399,21,0,23,1,70,,34391,21,0,23,1,30,,34409,21,0,23,1,70,,34395,21,0,23,1,30,,34404,21,0,23,1,71,,34401,21,0,23,1,30,,34400,21,0,23,1,70,,34393,21,0,23,1,30,,34411,21,0,23,1,70,,34390,21,0,23,1,30,,34398,21,0,23,1,70,,34410,21,0,23,1,30,,34394,21,0,23,1,74,,34406,21,0,23,1,70,,34392,21,0,23,1,30,,34407,21,0,23,1,70,,34405,21,0,23,1,30,,34396,21,0,23,1,70,,34403,21,0,23,1,30,,34389,21,0,23,1
30900,'13',625,,34426,21,0,23,1,30,,34418,21,0,23,1,71,,34421,21,0,23,1,30,,34419,21,0,23,1,70,,34414,21,0,23,1,30,,34427,21,0,23,1,70,,34416,21,0,23,1,30,,27440,21,0,23,1,71,,27095,21,0,23,1,30,,34420,21,0,23,1,70,,28989,21,0,23,1,30,,34428,21,0,23,1,70,,34413,21,0,23,1,30,,29327,21,0,23,1,70,,29478,21,0,23,1,30,,28899,21,0,23,1,74,,34424,21,0,23,1,70,,34415,21,0,23,1,30,,34425,21,0,23,1,70,,34423,21,0,23,1,30,,34417,21,0,23,1,70,,34422,21,0,23,1,30,,34412,21,0,23,1
30900,'3',625,,34443,21,0,23,1,30,,34435,21,0,23,1,71,,34438,21,0,23,1,30,,34436,21,0,23,1,70,,34431,21,0,23,1,30,,34444,21,0,23,1,70,,34433,21,0,23,1,30,,27489,21,0,23,1,71,,27099,21,0,23,1,30,,34437,21,0,23,1,70,,29011,21,0,23,1,30,,34445,21,0,23,1,70,,34430,21,0,23,1,30,,29348,21,0,23,1,70,,29599,21,0,23,1,30,,28923,21,0,23,1,74,,34441,21,0,23,1,70,,34432,21,0,23,1,30,,34442,21,0,23,1,70,,34440,21,0,23,1,30,,34434,21,0,23,1,70,,34439,21,0,23,1,30,,34429,21,0,23,1
30900,'6',625,,34465,21,0,23,1,30,,34454,21,0,23,1,71,,34459,21,0,23,1,30,,34456,21,0,23,1,70,,34448,21,0,23,1,30,,34466,21,0,23,1,70,,34452,21,0,23,1,30,,34461,21,0,23,1,71,,34458,21,0,23,1,30,,34457,21,0,23,1,70,,34450,21,0,23,1,30,,34468,21,0,23,1,70,,34447,21,0,23,1,30,,34455,21,0,23,1,70,,34467,21,0,23,1,30,,34451,21,0,23,1,74,,34463,21,0,23,1,70,,34449,21,0,23,1,30,,34464,21,0,23,1,70,,34462,21,0,23,1,30,,34453,21,0,23,1,70,,34460,21,0,23,1,30,,34446,21,0,23,1
40900,'1',659,,39350,21,0,23,1,70,,39359,21,0,23,1,30,,39351,21,0,23,1,70,,39367,21,0,23,1,30,,32246,21,0,23,1,70,,39349,21,0,23,1,30,,39348,21,0,23,1,72,,39345,21,0,23,1,70,,39363,21,0,23,1,30,,39362,21,0,23,1,70,,39355,21,0,23,1,30,,31045,21,0,23,1,70,,39365,21,0,23,1,30,,39346,21,0,23,1,70,,39343,21,0,23,1,30,,39353,21,0,23,1,70,,39360,21,0,23,1,30,,39358,21,0,23,1,70,,39354,21,0,23,1,30,,39344,21,0,23,1,70,,39356,21,0,23,1,30,,39357,21,0,23,1,70,,39347,21,0,23,1,100,,39364,21,0,23,1,58,,39342,21,0,23,1,100,,39366,21,0,23,1,100,,39361,21,0,23,1,100,,39368,21,0,23,1,100,,39352,21,0,23,1
40900,'11',659,,39378,21,0,23,1,70,,39387,21,0,23,1,30,,39379,21,0,23,1,70,,39395,21,0,23,1,30,,39370,21,0,23,1,70,,39377,21,0,23,1,30,,39376,21,0,23,1,72,,39373,21,0,23,1,70,,39391,21,0,23,1,30,,39390,21,0,23,1,70,,39383,21,0,23,1,30,,39396,21,0,23,1,70,,39393,21,0,23,1,30,,39374,21,0,23,1,70,,39371,21,0,23,1,30,,39381,21,0,23,1,70,,39388,21,0,23,1,30,,39386,21,0,23,1,70,,39382,21,0,23,1,30,,39372,21,0,23,1,70,,39384,21,0,23,1,30,,39385,21,0,23,1,70,,39375,21,0,23,1,100,,39392,21,0,23,1,58,,39369,21,0,23,1,100,,39394,21,0,23,1,100,,39389,21,0,23,1,100,,39397,21,0,23,1,100,,39380,21,0,23,1
40900,'12',1801,,39403,21,0,23,1,100,,39398,21,0,23,1,58,,39404,21,0,23,1,100,,39402,21,0,23,1,100,,39401,21,0,23,1,100,,39399,21,0,23,1,100,,39400,21,0,23,1
40900,'13',1801,,39408,21,0,23,1,100,,39405,21,0,23,1,58,,39409,21,0,23,1,100,,27727,21,0,23,1,100,,28548,21,0,23,1,100,,39406,21,0,23,1,100,,39407,21,0,23,1
40900,'14',1101,,39410,21,0,23,1,100,,39416,21,0,23,1,100,,39414,21,0,23,1,100,,39415,21,0,23,1,100,,39417,21,0,23,1,100,,39413,21,0,23,1,100,,39412,21,0,23,1,100,,39411,21,0,23,1
40900,'16',659,,39426,21,0,23,1,70,,39435,21,0,23,1,30,,39427,21,0,23,1,70,,39443,21,0,23,1,30,,32290,21,0,23,1,70,,39425,21,0,23,1,30,,39424,21,0,23,1,72,,39421,21,0,23,1,70,,39439,21,0,23,1,30,,39438,21,0,23,1,70,,39431,21,0,23,1,30,,31083,21,0,23,1,70,,39441,21,0,23,1,30,,39422,21,0,23,1,70,,39419,21,0,23,1,30,,39429,21,0,23,1,70,,39436,21,0,23,1,30,,39434,21,0,23,1,70,,39430,21,0,23,1,30,,39420,21,0,23,1,70,,39432,21,0,23,1,30,,39433,21,0,23,1,70,,39423,21,0,23,1,100,,39440,21,0,23,1,58,,39418,21,0,23,1,100,,39442,21,0,23,1,100,,39437,21,0,23,1,100,,39444,21,0,23,1,100,,39428,21,0,23,1
40900,'3',1801,,39448,21,0,23,1,100,,39445,21,0,23,1,58,,39449,21,0,23,1,100,,27748,21,0,23,1,100,,28570,21,0,23,1,100,,39446,21,0,23,1,100,,39447,21,0,23,1
40900,'6',1801,,39455,21,0,23,1,100,,39450,21,0,23,1,58,,39456,21,0,23,1,100,,39454,21,0,23,1,100,,39453,21,0,23,1,100,,39451,21,0,23,1,100,,39452,21,0,23,1
40900,'8',859,,39471,21,0,23,1,172,,39458,21,0,23,1,70,,39461,21,0,23,1,30,,39470,21,0,23,1,70,,39464,21,0,23,1,30,,39469,21,0,23,1,70,,39468,21,0,23,1,100,,39459,21,0,23,1,30,,26494,21,0,23,1,70,,39460,21,0,23,1,30,,39467,21,0,23,1,70,,39466,21,0,23,1,30,,39463,21,0,23,1,70,,39457,21,0,23,1,30,,39473,21,0,23,1,70,,39472,21,0,23,1,100,,39465,21,0,23,1,58,,39462,21,0,23,1
