30101,'11',550,,27449,8,0,5 15,1,70,,27410,8,0,5 15,1,30,,27441,8,0,5 15,1,70,,27433,8,0,5 15,1,30,,27454,8,0,5 15,1,70,,27437,8,0,5 15,1,30,,27414,8,0,5 15,1,70,,27439,8,0,5 15,1,30,,27447,8,0,5 15,1,71,,27434,8,0,5 15,1,30,,27453,8,0,5 15,1,70,,27455,8,0,5 15,1,30,,27448,8,0,5 15,1,70,,27436,8,0,5 15,1,30,,27425,8,0,5 15,1,70,,27423,8,0,5 15,1,30,,27440,8,0,5 15,1,70,,27416,8,0,5 15,1,30,,27419,8,0,5 15,1,70,,27451,8,0,5 15,1,30,,27432,8,0,5 15,1,70,,27422,8,0,5 15,1,30,,27456,8,0,5 15,1,70,,27443,8,0,5 15,1,30,,27426,8,0,5 15,1,70,,27429,8,0,5 15,1
30101,'3',550,,27498,8,0,5 15,1,70,,27459,8,0,5 15,1,30,,27490,8,0,5 15,1,70,,27482,8,0,5 15,1,30,,27503,8,0,5 15,1,70,,27486,8,0,5 15,1,30,,27463,8,0,5 15,1,70,,27488,8,0,5 15,1,30,,27496,8,0,5 15,1,71,,27483,8,0,5 15,1,30,,27502,8,0,5 15,1,70,,27504,8,0,5 15,1,30,,27497,8,0,5 15,1,70,,27485,8,0,5 15,1,30,,27474,8,0,5 15,1,70,,27472,8,0,5 15,1,30,,27489,8,0,5 15,1,70,,27465,8,0,5 15,1,30,,27468,8,0,5 15,1,70,,27500,8,0,5 15,1,30,,27481,8,0,5 15,1,70,,27471,8,0,5 15,1,30,,27505,8,0,5 15,1,70,,27492,8,0,5 15,1,30,,27475,8,0,5 15,1,70,,27478,8,0,5 15,1
33701,'1',627,,29668,12,,,1,30,,24880,12,,,1,71,,29646,12,,,1,30,,16772,12,,,1,70,,29659,12,,,1,30,,29639,12,,,1,70,,29650,12,,,1,30,,29665,12,,,1,71,,29651,12,,,1,30,,24683,12,,,1,70,,29674,12,,,1,30,,29656,12,,,1,70,,29648,12,,,1,30,,29666,12,,,1,70,,29647,12,,,1,30,,29667,12,,,1,71,,29652,12,,,1,70,,29645,12,,,1,30,,29658,12,,,1,70,,29678,12,,,1,30,,29655,12,,,1,70,,29673,12,,,1,30,,29636,12,,,1,70,,29663,12,,,1,30,,23306,12,,,1
33701,'11',607,,29679,12,,,1,30,,29712,12,,,1,70,,29697,12,,,1,30,,24896,12,,,1,70,,29717,12,,,1,30,,24283,12,,,1,70,,29693,12,,,1,30,,29721,12,,,1,69,,29700,12,,,1,30,,29702,12,,,1,70,,29691,12,,,1,30,,29710,12,,,1,70,,29701,12,,,1,30,,29714,12,,,1,70,,29683,12,,,1,30,,29720,12,,,1,70,,29708,12,,,1,30,,29695,12,,,1,70,,29705,12,,,1,30,,29685,12,,,1,70,,29684,12,,,1,30,,29696,12,,,1,70,,29699,12,,,1,30,,29690,12,,,1,70,,29689,12,,,1
33701,'12',1029,,29723,12,,,1,30,,29730,12,,,1,70,,29749,12,,,1,30,,29735,12,,,1,70,,29729,12,,,1,30,,29724,12,,,1,70,,29751,12,,,1,30,,29725,12,,,1,71,,29748,12,,,1,70,,29736,12,,,1,30,,29738,12,,,1,70,,29737,12,,,1,30,,29740,12,,,1,70,,29750,12,,,1,30,,26030,12,,,1
33701,'14',627,,29787,12,,,1,30,,29762,12,,,1,71,,29763,12,,,1,30,,29780,12,,,1,70,,29777,12,,,1,30,,29755,12,,,1,70,,29767,12,,,1,30,,29784,12,,,1,71,,29768,12,,,1,30,,29775,12,,,1,70,,29793,12,,,1,30,,29772,12,,,1,70,,29765,12,,,1,30,,29785,12,,,1,70,,29764,12,,,1,30,,29786,12,,,1,71,,26926,12,,,1,70,,25975,12,,,1,30,,29776,12,,,1,70,,29797,12,,,1,30,,29771,12,,,1,70,,29792,12,,,1,30,,29752,12,,,1,70,,29782,12,,,1,30,,29773,12,,,1
33701,'3',607,,29798,12,,,1,30,,29831,12,,,1,70,,29816,12,,,1,30,,24994,12,,,1,70,,29836,12,,,1,30,,24303,12,,,1,70,,29812,12,,,1,30,,29840,12,,,1,69,,29819,12,,,1,30,,29821,12,,,1,70,,29810,12,,,1,30,,29829,12,,,1,70,,29820,12,,,1,30,,29833,12,,,1,70,,29802,12,,,1,30,,29839,12,,,1,70,,29827,12,,,1,30,,29814,12,,,1,70,,29824,12,,,1,30,,29804,12,,,1,70,,29803,12,,,1,30,,29815,12,,,1,70,,29818,12,,,1,30,,29809,12,,,1,70,,29808,12,,,1
33701,'8',1059,,29857,12,,,1,70,,29852,12,,,1,30,,29856,12,,,1,70,,29843,12,,,1,30,,29863,12,,,1,70,,29850,12,,,1,30,,29859,12,,,1,71,,29845,12,,,1,70,,29867,12,,,1,30,,29853,12,,,1,70,,29860,12,,,1,30,,29864,12,,,1,70,,29846,12,,,1,30,,26394,12,,,1,70,,29854,12,,,1
40101,'1',559,,30090,8,0,16,1,70,,30101,8,0,16,1,30,,30063,8,0,16,1,70,,30068,8,0,16,1,30,,30085,8,0,16,1,70,,30055,8,0,16,1,30,,30076,8,0,16,1,70,,30084,8,0,16,1,30,,30083,8,0,16,1,70,,30095,8,0,16,1,30,,30058,8,0,16,1,70,,24062,8,0,16,1,30,,30086,8,0,16,1,70,,30061,8,0,16,1,30,,30060,8,0,16,1,70,,30069,8,0,16,1,30,,30066,8,0,16,1,70,,30070,8,0,16,1,30,,30082,8,0,16,1,70,,30075,8,0,16,1,30,,23031,8,0,16,1,70,,30062,8,0,16,1,30,,30057,8,0,16,1,70,,30078,8,0,16,1,30,,22201,8,0,16,1,70,,30073,8,0,16,1,30,,30089,8,0,16,1,100,,30104,8,0,16,1,100,,30098,8,0,16,1,100,,30065,8,0,16,1,100,,30105,8,0,16,1
40101,'11',1859,,30107,8,0,16,1,100,,30110,8,0,16,1,100,,30116,8,0,16,1,100,,30115,8,0,16,1,100,,30108,8,0,16,1
40101,'12',1059,,30121,8,0,16,1,100,,30120,8,0,16,1,100,,30126,8,0,16,1,100,,30129,8,0,16,1,100,,30119,8,0,16,1,100,,30130,8,0,16,1,100,,30122,8,0,16,1
40101,'14',559,,30171,8,0,16,1,70,,30182,8,0,16,1,30,,30143,8,0,16,1,70,,30148,8,0,16,1,30,,25132,8,0,16,1,70,,30133,8,0,16,1,30,,30157,8,0,16,1,70,,25770,8,0,16,1,30,,30165,8,0,16,1,70,,30176,8,0,16,1,30,,30136,8,0,16,1,70,,30139,8,0,16,1,30,,30166,8,0,16,1,70,,30140,8,0,16,1,30,,30138,8,0,16,1,70,,30149,8,0,16,1,30,,27013,8,0,16,1,70,,26041,8,0,16,1,30,,30163,8,0,16,1,70,,30156,8,0,16,1,30,,30151,8,0,16,1,70,,30142,8,0,16,1,30,,30135,8,0,16,1,70,,30159,8,0,16,1,30,,30154,8,0,16,1,70,,30153,8,0,16,1,30,,30169,8,0,16,1,100,,30185,8,0,16,1,100,,30179,8,0,16,1,100,,30145,8,0,16,1,100,,30186,8,0,16,1
40101,'3',1859,,30188,8,0,16,1,100,,30191,8,0,16,1,100,,30197,8,0,16,1,100,,30196,8,0,16,1,100,,30189,8,0,16,1
40101,'8',859,,30201,8,0,16,1,100,,30226,8,0,16,1,100,,30229,8,0,16,1,70,,30230,8,0,16,1,30,,30213,8,0,16,1,70,,30219,8,0,16,1,30,,30220,8,0,16,1,70,,30233,8,0,16,1,30,,30202,8,0,16,1,70,,30217,8,0,16,1,30,,30208,8,0,16,1,70,,30204,8,0,16,1,30,,30211,8,0,16,1,70,,30215,8,0,16,1,30,,30200,8,0,16,1,70,,30227,8,0,16,1,30,,30228,8,0,16,1,70,,30209,8,0,16,1,30,,30207,8,0,16,1
43701,'1',1907,,32688,12,,,1,100,,32681,12,,,1,100,,32686,12,,,1,100,,32685,12,,,1,100,,21801,12,,,1
43701,'11',1907,,32691,12,,,1,100,,32689,12,,,1,100,,32690,12,,,1,100,,32694,12,,,1,100,,32692,12,,,1
43701,'14',1907,,32707,12,,,1,100,,32700,12,,,1,100,,32705,12,,,1,100,,32704,12,,,1,100,,32703,12,,,1
43701,'3',1907,,32710,12,,,1,100,,32708,12,,,1,100,,32709,12,,,1,100,,32713,12,,,1,100,,32711,12,,,1
