32301,'15',659,,14563,3,0,20 30 31,1,71,,14560,3,0,20 30 31,1,100,,14562,3,0,20 30 31,1,100,,14557,3,0,20 30 31,1,100,,14558,3,0,20 30 31,1,100,,14556,3,0,20 30 31,1,100,,14559,3,0,20 30 31,1,100,,14564,3,0,20 30 31,1,100,,14566,3,0,20 30 31,1,100,,14565,3,0,20 30 31,1,100,,14555,3,0,20 30 31,1,100,,14561,3,0,20 30 31,1
32301,'16',659,,14578,3,0,20 30 31,1,71,,14575,3,0,20 30 31,1,70,,14584,3,0,20 30 31,1,30,,4924,3,0,20 30 31,1,70,,14570,3,0,20 30 31,1,30,,3741,3,0,20 30 31,1,29,,14572,3,0,20 30 31,1,71,,14573,3,0,20 30 31,1,70,,14571,3,0,20 30 31,1,30,,14568,3,0,20 30 31,1,70,,14569,3,0,20 30 31,1,30,,14574,3,0,20 30 31,1,70,,14582,3,0,20 30 31,1,30,,3171,3,0,20 30 31,1,70,,14579,3,0,20 30 31,1,30,,14585,3,0,20 30 31,1,70,,14576,3,0,20 30 31,1,30,,14581,3,0,20 30 31,1,70,,14580,3,0,20 30 31,1,30,,14567,3,0,20 30 31,1,70,,14583,3,0,20 30 31,1,30,,14577,3,0,20 30 31,1,70,,3753,3,0,20 30 31,1
32301,'17',659,,14593,3,0,20 30 31,1,71,,7536,3,0,20 30 31,1,70,,14599,3,0,20 30 31,1,30,,4970,3,0,20 30 31,1,70,,14588,3,0,20 30 31,1,30,,3765,3,0,20 30 31,1,29,,14589,3,0,20 30 31,1,71,,14590,3,0,20 30 31,1,70,,2951,3,0,20 30 31,1,30,,14587,3,0,20 30 31,1,70,,4175,3,0,20 30 31,1,30,,2966,3,0,20 30 31,1,70,,14597,3,0,20 30 31,1,30,,3238,3,0,20 30 31,1,70,,14594,3,0,20 30 31,1,30,,14600,3,0,20 30 31,1,70,,14591,3,0,20 30 31,1,30,,14596,3,0,20 30 31,1,70,,14595,3,0,20 30 31,1,30,,14586,3,0,20 30 31,1,70,,14598,3,0,20 30 31,1,30,,14592,3,0,20 30 31,1,70,,3777,3,0,20 30 31,1
32301,'19',659,,14615,3,0,20 30 31,1,71,,14610,3,0,20 30 31,1,70,,14616,3,0,20 30 31,1,30,,14614,3,0,20 30 31,1,70,,14611,3,0,20 30 31,1,30,,14603,3,0,20 30 31,1,29,,14612,3,0,20 30 31,1,71,,14605,3,0,20 30 31,1,70,,14608,3,0,20 30 31,1,30,,14602,3,0,20 30 31,1,70,,14604,3,0,20 30 31,1,30,,14607,3,0,20 30 31,1,70,,14617,3,0,20 30 31,1,30,,14618,3,0,20 30 31,1,70,,14606,3,0,20 30 31,1,30,,14623,3,0,20 30 31,1,70,,14609,3,0,20 30 31,1,30,,14619,3,0,20 30 31,1,70,,14620,3,0,20 30 31,1,30,,14601,3,0,20 30 31,1,70,,14622,3,0,20 30 31,1,30,,14613,3,0,20 30 31,1,70,,14621,3,0,20 30 31,1
32301,'5',659,,14634,3,0,20 30 31,1,71,,14632,3,0,20 30 31,1,70,,14628,3,0,20 30 31,1,30,,5022,3,0,20 30 31,1,70,,14637,3,0,20 30 31,1,30,,3789,3,0,20 30 31,1,29,,2098,3,0,20 30 31,1,71,,14629,3,0,20 30 31,1,70,,14625,3,0,20 30 31,1,30,,14626,3,0,20 30 31,1,70,,14636,3,0,20 30 31,1,30,,14631,3,0,20 30 31,1,70,,14640,3,0,20 30 31,1,30,,3304,3,0,20 30 31,1,70,,14630,3,0,20 30 31,1,30,,14642,3,0,20 30 31,1,70,,14639,3,0,20 30 31,1,30,,14638,3,0,20 30 31,1,70,,14635,3,0,20 30 31,1,30,,14624,3,0,20 30 31,1,70,,14627,3,0,20 30 31,1,30,,14633,3,0,20 30 31,1,70,,14641,3,0,20 30 31,1
32301,'6',659,,14651,3,0,20 30 31,1,71,,14648,3,0,20 30 31,1,100,,14650,3,0,20 30 31,1,100,,14645,3,0,20 30 31,1,100,,14646,3,0,20 30 31,1,100,,14644,3,0,20 30 31,1,100,,14647,3,0,20 30 31,1,100,,14652,3,0,20 30 31,1,100,,14654,3,0,20 30 31,1,100,,14653,3,0,20 30 31,1,100,,14643,3,0,20 30 31,1,100,,14649,3,0,20 30 31,1
42301,'10',658,,20341,3,0,20 30 31,1,70,,20313,3,0,20 30 31,1,30,,20315,3,0,20 30 31,1,70,,20318,3,0,20 30 31,1,30,,20322,3,0,20 30 31,1,70,,20340,3,0,20 30 31,1,30,,20330,3,0,20 30 31,1,71,,20311,3,0,20 30 31,1,30,,20337,3,0,20 30 31,1,70,,20319,3,0,20 30 31,1,30,,20314,3,0,20 30 31,1,70,,20316,3,0,20 30 31,1,30,,20320,3,0,20 30 31,1,70,,20328,3,0,20 30 31,1,72,,20325,3,0,20 30 31,1,30,,20334,3,0,20 30 31,1,70,,20312,3,0,20 30 31,1,30,,20336,3,0,20 30 31,1,70,,20310,3,0,20 30 31,1,30,,20327,3,0,20 30 31,1,70,,20309,3,0,20 30 31,1,30,,20317,3,0,20 30 31,1,70,,20323,3,0,20 30 31,1,30,,20333,3,0,20 30 31,1,69,,20326,3,0,20 30 31,1,29,,20339,3,0,20 30 31,1,30,,20338,3,0,20 30 31,1,70,,20324,3,0,20 30 31,1,30,,20335,3,0,20 30 31,1,70,,20321,3,0,20 30 31,1,30,,20329,3,0,20 30 31,1,70,,20331,3,0,20 30 31,1,30,,20332,3,0,20 30 31,1
42301,'15',1831,,20342,3,0,20 30 31,1,98,,20347,3,0,20 30 31,1,100,,20345,3,0,20 30 31,1,100,,20346,3,0,20 30 31,1,100,,20343,3,0,20 30 31,1,100,,20344,3,0,20 30 31,1
42301,'16',1831,,20349,3,0,20 30 31,1,69,,20350,3,0,20 30 31,1,29,,20355,3,0,20 30 31,1,30,,4303,3,0,20 30 31,1,70,,7728,3,0,20 30 31,1,30,,20351,3,0,20 30 31,1,70,,20354,3,0,20 30 31,1,30,,20353,3,0,20 30 31,1,70,,3144,3,0,20 30 31,1,30,,20348,3,0,20 30 31,1,70,,6534,3,0,20 30 31,1,30,,20352,3,0,20 30 31,1
42301,'17',1831,,20357,3,0,20 30 31,1,69,,20358,3,0,20 30 31,1,29,,20363,3,0,20 30 31,1,30,,4316,3,0,20 30 31,1,70,,7734,3,0,20 30 31,1,30,,20359,3,0,20 30 31,1,70,,20362,3,0,20 30 31,1,30,,20361,3,0,20 30 31,1,70,,3196,3,0,20 30 31,1,30,,20356,3,0,20 30 31,1,70,,6540,3,0,20 30 31,1,30,,20360,3,0,20 30 31,1
42301,'19',1831,,20364,3,0,20 30 31,1,98,,20369,3,0,20 30 31,1,100,,20367,3,0,20 30 31,1,100,,20368,3,0,20 30 31,1,100,,20365,3,0,20 30 31,1,100,,20366,3,0,20 30 31,1
42301,'5',1831,,20370,3,0,20 30 31,1,69,,20371,3,0,20 30 31,1,29,,20375,3,0,20 30 31,1,30,,1339,3,0,20 30 31,1,70,,7777,3,0,20 30 31,1,30,,20373,3,0,20 30 31,1,70,,20374,3,0,20 30 31,1,30,,20376,3,0,20 30 31,1,70,,3267,3,0,20 30 31,1,30,,20372,3,0,20 30 31,1,70,,6582,3,0,20 30 31,1
42301,'6',1831,,20377,3,0,20 30 31,1,98,,20382,3,0,20 30 31,1,100,,20380,3,0,20 30 31,1,100,,20381,3,0,20 30 31,1,100,,20378,3,0,20 30 31,1,100,,20379,3,0,20 30 31,1
