30401,'12',641,,33600,8,0,49,1,70,,33598,8,0,49,1,30,,33593,8,0,49,1,70,,33577,8,0,49,1,30,,33581,8,0,49,1,70,,33589,8,0,49,1,30,,33591,8,0,49,1,70,,33601,8,0,49,1,30,,33580,8,0,49,1,70,,33584,8,0,49,1,30,,33578,8,0,49,1,70,,33592,8,0,49,1,30,,33585,8,0,49,1,70,,33586,8,0,49,1,30,,33582,8,0,49,1,71,,33595,8,0,49,1,30,,33588,8,0,49,1,70,,33590,8,0,49,1,30,,33596,8,0,49,1,70,,33587,8,0,49,1,30,,33599,8,0,49,1,70,,33594,8,0,49,1,30,,33583,8,0,49,1,70,,33579,8,0,49,1,30,,33597,8,0,49,1
30401,'13',641,,27613,8,0,49,1,70,,33620,8,0,49,1,30,,33615,8,0,49,1,70,,22338,8,0,49,1,30,,33605,8,0,49,1,70,,33612,8,0,49,1,30,,33613,8,0,49,1,70,,33622,8,0,49,1,30,,33604,8,0,49,1,70,,33607,8,0,49,1,30,,33602,8,0,49,1,70,,33614,8,0,49,1,30,,33608,8,0,49,1,70,,33609,8,0,49,1,30,,21594,8,0,49,1,71,,33617,8,0,49,1,30,,33611,8,0,49,1,70,,28194,8,0,49,1,30,,33618,8,0,49,1,70,,33610,8,0,49,1,30,,33621,8,0,49,1,70,,33616,8,0,49,1,30,,33606,8,0,49,1,70,,33603,8,0,49,1,30,,33619,8,0,49,1
30401,'3',641,,27636,8,0,49,1,70,,33641,8,0,49,1,30,,33636,8,0,49,1,70,,22360,8,0,49,1,30,,33626,8,0,49,1,70,,33633,8,0,49,1,30,,33634,8,0,49,1,70,,33643,8,0,49,1,30,,33625,8,0,49,1,70,,33628,8,0,49,1,30,,33623,8,0,49,1,70,,33635,8,0,49,1,30,,33629,8,0,49,1,70,,33630,8,0,49,1,30,,21637,8,0,49,1,71,,33638,8,0,49,1,30,,33632,8,0,49,1,70,,28215,8,0,49,1,30,,33639,8,0,49,1,70,,33631,8,0,49,1,30,,33642,8,0,49,1,70,,33637,8,0,49,1,30,,33627,8,0,49,1,70,,33624,8,0,49,1,30,,33640,8,0,49,1
30401,'6',641,,33667,8,0,49,1,70,,33665,8,0,49,1,30,,33660,8,0,49,1,70,,33644,8,0,49,1,30,,33648,8,0,49,1,70,,33656,8,0,49,1,30,,33658,8,0,49,1,70,,33668,8,0,49,1,30,,33647,8,0,49,1,70,,33651,8,0,49,1,30,,33645,8,0,49,1,70,,33659,8,0,49,1,30,,33652,8,0,49,1,70,,33653,8,0,49,1,30,,33649,8,0,49,1,71,,33662,8,0,49,1,30,,33655,8,0,49,1,70,,33657,8,0,49,1,30,,33663,8,0,49,1,70,,33654,8,0,49,1,30,,33666,8,0,49,1,70,,33661,8,0,49,1,30,,33650,8,0,49,1,70,,33646,8,0,49,1,30,,33664,8,0,49,1
40401,'1',703,,38683,8,0,39 51,1,30,,38685,8,0,39 51,1,70,,38681,8,0,39 51,1,30,,38682,8,0,39 51,1,70,,38708,8,0,39 51,1,30,,38707,8,0,39 51,1,70,,38700,8,0,39 51,1,31,,38697,8,0,39 51,1,70,,30770,8,0,39 51,1,30,,38689,8,0,39 51,1,70,,38703,8,0,39 51,1,30,,38686,8,0,39 51,1,70,,38690,8,0,39 51,1,30,,38706,8,0,39 51,1,70,,38696,8,0,39 51,1,30,,38702,8,0,39 51,1,70,,38693,8,0,39 51,1,30,,38695,8,0,39 51,1,70,,38701,8,0,39 51,1,30,,38694,8,0,39 51,1,70,,38705,8,0,39 51,1,30,,38698,8,0,39 51,1,70,,38684,8,0,39 51,1,30,,38688,8,0,39 51,1,70,,38691,8,0,39 51,1,99,,38704,8,0,39 51,1,100,,38699,8,0,39 51,1,100,,38692,8,0,39 51,1,100,,38687,8,0,39 51,1
40401,'11',703,,38711,8,0,39 51,1,30,,38713,8,0,39 51,1,70,,38709,8,0,39 51,1,30,,38710,8,0,39 51,1,70,,38737,8,0,39 51,1,30,,38736,8,0,39 51,1,70,,38729,8,0,39 51,1,31,,38726,8,0,39 51,1,70,,38716,8,0,39 51,1,30,,38718,8,0,39 51,1,70,,38732,8,0,39 51,1,30,,38714,8,0,39 51,1,70,,38719,8,0,39 51,1,30,,38735,8,0,39 51,1,70,,38725,8,0,39 51,1,30,,38731,8,0,39 51,1,70,,38722,8,0,39 51,1,30,,38724,8,0,39 51,1,70,,38730,8,0,39 51,1,30,,38723,8,0,39 51,1,70,,38734,8,0,39 51,1,30,,38727,8,0,39 51,1,70,,38712,8,0,39 51,1,30,,38717,8,0,39 51,1,70,,38720,8,0,39 51,1,99,,38733,8,0,39 51,1,100,,38728,8,0,39 51,1,100,,38721,8,0,39 51,1,100,,38715,8,0,39 51,1
40401,'12',1904,,38741,8,0,39 51,1,99,,38739,8,0,39 51,1,100,,38738,8,0,39 51,1,100,,38742,8,0,39 51,1,100,,38740,8,0,39 51,1
40401,'13',1904,,38746,8,0,39 51,1,99,,38744,8,0,39 51,1,100,,38743,8,0,39 51,1,100,,38747,8,0,39 51,1,100,,38745,8,0,39 51,1
40401,'14',1104,,38752,8,0,39 51,1,100,,38751,8,0,39 51,1,100,,38748,8,0,39 51,1,100,,38754,8,0,39 51,1,100,,38749,8,0,39 51,1,100,,38753,8,0,39 51,1,100,,38755,8,0,39 51,1,100,,38750,8,0,39 51,1
40401,'16',703,,38758,8,0,39 51,1,30,,38760,8,0,39 51,1,70,,38756,8,0,39 51,1,30,,38757,8,0,39 51,1,70,,38783,8,0,39 51,1,30,,38782,8,0,39 51,1,70,,38775,8,0,39 51,1,31,,38772,8,0,39 51,1,70,,30812,8,0,39 51,1,30,,38764,8,0,39 51,1,70,,38778,8,0,39 51,1,30,,38761,8,0,39 51,1,70,,38765,8,0,39 51,1,30,,38781,8,0,39 51,1,70,,38771,8,0,39 51,1,30,,38777,8,0,39 51,1,70,,38768,8,0,39 51,1,30,,38770,8,0,39 51,1,70,,38776,8,0,39 51,1,30,,38769,8,0,39 51,1,70,,38780,8,0,39 51,1,30,,38773,8,0,39 51,1,70,,38759,8,0,39 51,1,30,,38763,8,0,39 51,1,70,,38766,8,0,39 51,1,99,,38779,8,0,39 51,1,100,,38774,8,0,39 51,1,100,,38767,8,0,39 51,1,100,,38762,8,0,39 51,1
40401,'3',1904,,38787,8,0,39 51,1,99,,38785,8,0,39 51,1,100,,38784,8,0,39 51,1,100,,38788,8,0,39 51,1,100,,38786,8,0,39 51,1
40401,'6',1904,,38792,8,0,39 51,1,99,,38790,8,0,39 51,1,100,,38789,8,0,39 51,1,100,,38793,8,0,39 51,1,100,,38791,8,0,39 51,1
40401,'8',903,,38807,8,0,39 51,1,100,,38811,8,0,39 51,1,31,,38810,8,0,39 51,1,70,,38795,8,0,39 51,1,30,,38797,8,0,39 51,1,70,,38801,8,0,39 51,1,30,,38802,8,0,39 51,1,70,,38803,8,0,39 51,1,30,,38796,8,0,39 51,1,70,,38794,8,0,39 51,1,30,,38812,8,0,39 51,1,70,,38804,8,0,39 51,1,30,,38798,8,0,39 51,1,70,,38813,8,0,39 51,1,30,,38806,8,0,39 51,1,70,,38808,8,0,39 51,1,30,,38805,8,0,39 51,1,70,,38809,8,0,39 51,1,100,,38799,8,0,39 51,1,99,,38800,8,0,39 51,1
