30800,'15',602,,10931,5,0,59,1,30,,10929,5,0,59,1,70,,10933,5,0,59,1,30,,10936,5,0,59,1,70,,10945,5,0,59,1,30,,10928,5,0,59,1,70,,10938,5,0,59,1,30,,10940,5,0,59,1,70,,10939,5,0,59,1,30,,10944,5,0,59,1,70,,10947,5,0,59,1,30,,10926,5,0,59,1,70,,10934,5,0,59,1,30,,10948,5,0,59,1,70,,10942,5,0,59,1,30,,10930,5,0,59,1,70,,10932,5,0,59,1,31,,10943,5,0,59,1,70,,10927,5,0,59,1,30,,10935,5,0,59,1,70,,10946,5,0,59,1,30,,10941,5,0,59,1,70,,10937,5,0,59,1,30,,10925,5,0,59,1
30800,'16',602,,10955,5,0,59,1,30,,10953,5,0,59,1,70,,10956,5,0,59,1,30,,10960,5,0,59,1,70,,10966,5,0,59,1,30,,10952,5,0,59,1,70,,10962,5,0,59,1,30,,10963,5,0,59,1,70,,1392,5,0,59,1,30,,10965,5,0,59,1,70,,10967,5,0,59,1,30,,10950,5,0,59,1,70,,10958,5,0,59,1,30,,10968,5,0,59,1,70,,8453,5,0,59,1,30,,10954,5,0,59,1,70,,1573,5,0,59,1,31,,3657,5,0,59,1,70,,10957,5,0,59,1,30,,10959,5,0,59,1,70,,10961,5,0,59,1,30,,10964,5,0,59,1,70,,10951,5,0,59,1,30,,10949,5,0,59,1
30800,'17',602,,10974,5,0,59,1,30,,10972,5,0,59,1,70,,10975,5,0,59,1,30,,10979,5,0,59,1,70,,10985,5,0,59,1,30,,10971,5,0,59,1,70,,10981,5,0,59,1,30,,10982,5,0,59,1,70,,1415,5,0,59,1,30,,10984,5,0,59,1,70,,10986,5,0,59,1,30,,10970,5,0,59,1,70,,10977,5,0,59,1,30,,10987,5,0,59,1,70,,8458,5,0,59,1,30,,10973,5,0,59,1,70,,1597,5,0,59,1,31,,3684,5,0,59,1,70,,10976,5,0,59,1,30,,10978,5,0,59,1,70,,10980,5,0,59,1,30,,10983,5,0,59,1,70,,8632,5,0,59,1,30,,10969,5,0,59,1
30800,'19',602,,10993,5,0,59,1,30,,10991,5,0,59,1,70,,10995,5,0,59,1,30,,10999,5,0,59,1,70,,11008,5,0,59,1,30,,10990,5,0,59,1,70,,11000,5,0,59,1,30,,11002,5,0,59,1,70,,11001,5,0,59,1,30,,11007,5,0,59,1,70,,11009,5,0,59,1,30,,10989,5,0,59,1,70,,10997,5,0,59,1,30,,11010,5,0,59,1,70,,11004,5,0,59,1,30,,10992,5,0,59,1,70,,10994,5,0,59,1,31,,11005,5,0,59,1,70,,10998,5,0,59,1,30,,8482,5,0,59,1,70,,10996,5,0,59,1,30,,11003,5,0,59,1,70,,11006,5,0,59,1,30,,10988,5,0,59,1
30800,'5',602,,11016,5,0,59,1,30,,11014,5,0,59,1,70,,11017,5,0,59,1,30,,11020,5,0,59,1,70,,11026,5,0,59,1,30,,11013,5,0,59,1,70,,11021,5,0,59,1,30,,11022,5,0,59,1,70,,1438,5,0,59,1,30,,11025,5,0,59,1,70,,11027,5,0,59,1,30,,11012,5,0,59,1,70,,11018,5,0,59,1,30,,11028,5,0,59,1,70,,8467,5,0,59,1,30,,11015,5,0,59,1,70,,1621,5,0,59,1,31,,3710,5,0,59,1,70,,3995,5,0,59,1,30,,11019,5,0,59,1,70,,4995,5,0,59,1,30,,11023,5,0,59,1,70,,11024,5,0,59,1,30,,11011,5,0,59,1
30800,'6',602,,11035,5,0,59,1,30,,11033,5,0,59,1,70,,11037,5,0,59,1,30,,11040,5,0,59,1,70,,11049,5,0,59,1,30,,11032,5,0,59,1,70,,11042,5,0,59,1,30,,11044,5,0,59,1,70,,11043,5,0,59,1,30,,11048,5,0,59,1,70,,11051,5,0,59,1,30,,11030,5,0,59,1,70,,11038,5,0,59,1,30,,11052,5,0,59,1,70,,11046,5,0,59,1,30,,11034,5,0,59,1,70,,11036,5,0,59,1,31,,11047,5,0,59,1,70,,11031,5,0,59,1,30,,11039,5,0,59,1,70,,11050,5,0,59,1,30,,11045,5,0,59,1,70,,11041,5,0,59,1,30,,11029,5,0,59,1
33701,'1',1038,,16365,5,,,1,70,,16353,5,,,1,30,,16370,5,,,1,70,,16369,5,,,1,30,,16367,5,,,1,70,,16352,5,,,1,30,,16355,5,,,1,70,,1922,5,,,1,30,,676,5,,,1,70,,16351,5,,,1,30,,16366,5,,,1,70,,16371,5,,,1,30,,16354,5,,,1,70,,16364,5,,,1,30,,2019,5,,,1
33701,'10',637,,16419,5,,,1,70,,16385,5,,,1,30,,16424,5,,,1,70,,16396,5,,,1,30,,16405,5,,,1,70,,16421,5,,,1,30,,16400,5,,,1,71,,16401,5,,,1,30,,16379,5,,,1,70,,16387,5,,,1,30,,16382,5,,,1,70,,16412,5,,,1,30,,16403,5,,,1,70,,16414,5,,,1,30,,16406,5,,,1,70,,16376,5,,,1,30,,16397,5,,,1,70,,16417,5,,,1,30,,16416,5,,,1,70,,16391,5,,,1,30,,16413,5,,,1,70,,16404,5,,,1,30,,16398,5,,,1,70,,16407,5,,,1,30,,16422,5,,,1
33701,'12',1108,,16438,5,,,1,30,,16449,5,,,1,70,,5940,5,,,1,30,,16429,5,,,1,70,,16444,5,,,1,30,,16450,5,,,1,70,,16445,5,,,1,30,,16441,5,,,1,70,,16426,5,,,1,30,,16447,5,,,1,70,,16433,5,,,1,30,,16452,5,,,1,70,,16448,5,,,1,30,,16436,5,,,1,70,,6367,5,,,1
33701,'15',617,,16458,5,,,1,30,,16453,5,,,1,70,,16499,5,,,1,30,,16473,5,,,1,70,,16461,5,,,1,30,,16465,5,,,1,70,,16489,5,,,1,30,,16480,5,,,1,71,,16494,5,,,1,30,,16490,5,,,1,70,,16483,5,,,1,30,,16460,5,,,1,70,,16486,5,,,1,30,,16471,5,,,1,70,,16497,5,,,1,30,,16498,5,,,1,70,,16475,5,,,1,30,,16462,5,,,1,70,,16493,5,,,1,30,,16495,5,,,1,70,,16468,5,,,1,30,,16456,5,,,1,70,,16482,5,,,1,30,,16481,5,,,1,70,,16478,5,,,1
33701,'16',617,,16507,5,,,1,30,,16503,5,,,1,70,,16541,5,,,1,30,,16521,5,,,1,70,,16510,5,,,1,30,,16513,5,,,1,70,,16534,5,,,1,30,,16527,5,,,1,71,,7523,5,,,1,30,,3360,5,,,1,70,,16529,5,,,1,30,,16509,5,,,1,70,,4836,5,,,1,30,,16519,5,,,1,70,,16539,5,,,1,30,,16540,5,,,1,70,,3451,5,,,1,30,,16511,5,,,1,70,,7809,5,,,1,30,,16537,5,,,1,70,,16516,5,,,1,30,,16505,5,,,1,70,,5268,5,,,1,30,,16528,5,,,1,70,,16525,5,,,1
33701,'17',617,,16549,5,,,1,30,,16545,5,,,1,70,,16581,5,,,1,30,,16563,5,,,1,70,,16552,5,,,1,30,,16555,5,,,1,70,,16574,5,,,1,30,,16569,5,,,1,71,,7542,5,,,1,30,,3384,5,,,1,70,,16570,5,,,1,30,,16551,5,,,1,70,,4859,5,,,1,30,,16561,5,,,1,70,,16579,5,,,1,30,,16580,5,,,1,70,,3475,5,,,1,30,,16553,5,,,1,70,,7815,5,,,1,30,,16577,5,,,1,70,,16558,5,,,1,30,,16547,5,,,1,70,,5318,5,,,1,30,,1891,5,,,1,70,,16567,5,,,1
33701,'19',617,,16590,5,,,1,30,,16585,5,,,1,70,,16629,5,,,1,30,,16605,5,,,1,70,,16593,5,,,1,30,,16597,5,,,1,70,,16619,5,,,1,30,,16612,5,,,1,71,,16624,5,,,1,30,,16620,5,,,1,70,,16615,5,,,1,30,,16592,5,,,1,70,,16618,5,,,1,30,,16603,5,,,1,70,,16627,5,,,1,30,,16628,5,,,1,70,,16607,5,,,1,30,,16594,5,,,1,70,,16623,5,,,1,30,,16625,5,,,1,70,,16600,5,,,1,30,,16588,5,,,1,70,,16614,5,,,1,30,,16613,5,,,1,70,,16610,5,,,1
33701,'21',637,,16669,5,,,1,70,,16642,5,,,1,30,,16674,5,,,1,70,,16650,5,,,1,30,,16658,5,,,1,70,,16671,5,,,1,30,,16653,5,,,1,71,,16654,5,,,1,30,,16636,5,,,1,70,,16644,5,,,1,30,,16639,5,,,1,70,,7853,5,,,1,30,,16656,5,,,1,70,,16664,5,,,1,30,,16659,5,,,1,70,,16633,5,,,1,30,,16651,5,,,1,70,,16667,5,,,1,30,,16666,5,,,1,70,,6402,5,,,1,30,,16663,5,,,1,70,,16657,5,,,1,30,,7681,5,,,1,70,,16660,5,,,1,30,,16672,5,,,1
33701,'5',617,,16679,5,,,1,30,,16676,5,,,1,70,,16711,5,,,1,30,,16693,5,,,1,70,,16682,5,,,1,30,,16685,5,,,1,70,,16704,5,,,1,30,,16699,5,,,1,71,,7612,5,,,1,30,,3408,5,,,1,70,,16700,5,,,1,30,,16681,5,,,1,70,,4882,5,,,1,30,,16691,5,,,1,70,,16709,5,,,1,30,,16710,5,,,1,70,,3499,5,,,1,30,,16683,5,,,1,70,,7859,5,,,1,30,,16707,5,,,1,70,,16688,5,,,1,30,,16678,5,,,1,70,,5448,5,,,1,30,,1916,5,,,1,70,,16697,5,,,1
33701,'6',617,,16720,5,,,1,30,,16715,5,,,1,70,,16761,5,,,1,30,,16735,5,,,1,70,,16723,5,,,1,30,,16727,5,,,1,70,,16751,5,,,1,30,,16742,5,,,1,71,,16756,5,,,1,30,,16752,5,,,1,70,,16745,5,,,1,30,,16722,5,,,1,70,,16748,5,,,1,30,,16733,5,,,1,70,,16759,5,,,1,30,,16760,5,,,1,70,,16737,5,,,1,30,,16724,5,,,1,70,,16755,5,,,1,30,,16757,5,,,1,70,,16730,5,,,1,30,,16718,5,,,1,70,,16744,5,,,1,30,,16743,5,,,1,70,,16740,5,,,1
40800,'1',1047,,17900,5,0,60 61,1,100,,17894,5,0,60 61,1,100,,17898,5,0,60 61,1,100,,17895,5,0,60 61,1,100,,17897,5,0,60 61,1,100,,17896,5,0,60 61,1,100,,17899,5,0,60 61,1,100,,1842,5,0,60 61,1
40800,'10',617,,17919,5,0,60 61,1,30,,17902,5,0,60 61,1,70,,17929,5,0,60 61,1,30,,17913,5,0,60 61,1,70,,17911,5,0,60 61,1,30,,17905,5,0,60 61,1,70,,17927,5,0,60 61,1,30,,17903,5,0,60 61,1,70,,17914,5,0,60 61,1,30,,17910,5,0,60 61,1,70,,17923,5,0,60 61,1,30,,17912,5,0,60 61,1,70,,17920,5,0,60 61,1,30,,17930,5,0,60 61,1,70,,17908,5,0,60 61,1,30,,17921,5,0,60 61,1,70,,17925,5,0,60 61,1,30,,17907,5,0,60 61,1,70,,17906,5,0,60 61,1,30,,17918,5,0,60 61,1,70,,17909,5,0,60 61,1,30,,17922,5,0,60 61,1,70,,17915,5,0,60 61,1,30,,17901,5,0,60 61,1,100,,17904,5,0,60 61,1,100,,17917,5,0,60 61,1,100,,17926,5,0,60 61,1,100,,17916,5,0,60 61,1,100,,17924,5,0,60 61,1,100,,17928,5,0,60 61,1
40800,'12',847,,17947,5,0,60 61,1,100,,17932,5,0,60 61,1,70,,17934,5,0,60 61,1,30,,17933,5,0,60 61,1,70,,17942,5,0,60 61,1,30,,7014,5,0,60 61,1,70,,17937,5,0,60 61,1,30,,17941,5,0,60 61,1,70,,17943,5,0,60 61,1,30,,17936,5,0,60 61,1,70,,17938,5,0,60 61,1,30,,17939,5,0,60 61,1,70,,17945,5,0,60 61,1,30,,8043,5,0,60 61,1,70,,17940,5,0,60 61,1,30,,17935,5,0,60 61,1,70,,17946,5,0,60 61,1,30,,17944,5,0,60 61,1,100,,17931,5,0,60 61,1,100,,17948,5,0,60 61,1
40800,'15',1747,,17952,5,0,60 61,1,100,,17950,5,0,60 61,1,100,,17949,5,0,60 61,1,100,,17951,5,0,60 61,1,100,,17955,5,0,60 61,1,100,,17953,5,0,60 61,1,100,,17954,5,0,60 61,1
40800,'16',1747,,5254,5,0,60 61,1,100,,17957,5,0,60 61,1,100,,17956,5,0,60 61,1,100,,17958,5,0,60 61,1,100,,17961,5,0,60 61,1,100,,17959,5,0,60 61,1,100,,17960,5,0,60 61,1
40800,'17',1747,,5304,5,0,60 61,1,100,,17963,5,0,60 61,1,100,,17962,5,0,60 61,1,100,,17964,5,0,60 61,1,100,,17967,5,0,60 61,1,100,,17965,5,0,60 61,1,100,,17966,5,0,60 61,1
40800,'19',1747,,17971,5,0,60 61,1,100,,17969,5,0,60 61,1,100,,17968,5,0,60 61,1,100,,17970,5,0,60 61,1,100,,17974,5,0,60 61,1,100,,17972,5,0,60 61,1,100,,17973,5,0,60 61,1
40800,'21',617,,17989,5,0,60 61,1,30,,17976,5,0,60 61,1,70,,6827,5,0,60 61,1,30,,17985,5,0,60 61,1,70,,17983,5,0,60 61,1,30,,7340,5,0,60 61,1,70,,17997,5,0,60 61,1,30,,17977,5,0,60 61,1,70,,17986,5,0,60 61,1,30,,17982,5,0,60 61,1,70,,17993,5,0,60 61,1,30,,17984,5,0,60 61,1,70,,17990,5,0,60 61,1,30,,17999,5,0,60 61,1,70,,17980,5,0,60 61,1,30,,17991,5,0,60 61,1,70,,17995,5,0,60 61,1,30,,8497,5,0,60 61,1,70,,17979,5,0,60 61,1,30,,8003,5,0,60 61,1,70,,17981,5,0,60 61,1,30,,17992,5,0,60 61,1,70,,17987,5,0,60 61,1,30,,17975,5,0,60 61,1,100,,17978,5,0,60 61,1,100,,8589,5,0,60 61,1,100,,17996,5,0,60 61,1,100,,17988,5,0,60 61,1,100,,17994,5,0,60 61,1,100,,17998,5,0,60 61,1
40800,'5',1747,,5434,5,0,60 61,1,100,,18001,5,0,60 61,1,100,,18000,5,0,60 61,1,100,,18002,5,0,60 61,1,100,,18005,5,0,60 61,1,100,,18003,5,0,60 61,1,100,,18004,5,0,60 61,1
40800,'6',1747,,18009,5,0,60 61,1,100,,18007,5,0,60 61,1,100,,18006,5,0,60 61,1,100,,18008,5,0,60 61,1,100,,18012,5,0,60 61,1,100,,18010,5,0,60 61,1,100,,18011,5,0,60 61,1
43701,'10',1917,,21270,5,,,1,100,,21266,5,,,1,100,,21268,5,,,1,100,,21269,5,,,1,100,,21272,5,,,1
43701,'15',1917,,21280,5,,,1,100,,21276,5,,,1,100,,21278,5,,,1,100,,21277,5,,,1,100,,21283,5,,,1
43701,'16',1917,,21288,5,,,1,100,,21286,5,,,1,100,,6779,5,,,1,100,,512,5,,,1,100,,21291,5,,,1
43701,'17',1917,,21296,5,,,1,100,,21294,5,,,1,100,,6786,5,,,1,100,,535,5,,,1,100,,21299,5,,,1
43701,'19',1917,,21306,5,,,1,100,,21302,5,,,1,100,,21304,5,,,1,100,,21303,5,,,1,100,,21309,5,,,1
43701,'21',1917,,21316,5,,,1,100,,21312,5,,,1,100,,21314,5,,,1,100,,21315,5,,,1,100,,5708,5,,,1
43701,'5',1917,,21323,5,,,1,100,,21321,5,,,1,100,,6830,5,,,1,100,,559,5,,,1,100,,21326,5,,,1
43701,'6',1917,,21333,5,,,1,100,,21329,5,,,1,100,,21331,5,,,1,100,,21330,5,,,1,100,,21336,5,,,1
