30101,'15',628,,9077,23,0,5 15,1,30,,9074,23,0,5 15,1,70,,9105,23,0,5 15,1,30,,9096,23,0,5 15,1,70,,9080,23,0,5 15,1,30,,9067,23,0,5 15,1,70,,9107,23,0,5 15,1,30,,9079,23,0,5 15,1,70,,9091,23,0,5 15,1,30,,9083,23,0,5 15,1,70,,9069,23,0,5 15,1,30,,9098,23,0,5 15,1,70,,9088,23,0,5 15,1,30,,9072,23,0,5 15,1,70,,9063,23,0,5 15,1,30,,9081,23,0,5 15,1,70,,9076,23,0,5 15,1,30,,9109,23,0,5 15,1,70,,9094,23,0,5 15,1,30,,9093,23,0,5 15,1,70,,9090,23,0,5 15,1,30,,9065,23,0,5 15,1,70,,9082,23,0,5 15,1,30,,9078,23,0,5 15,1
30101,'16',628,,9123,23,0,5 15,1,30,,4232,23,0,5 15,1,70,,9149,23,0,5 15,1,30,,9140,23,0,5 15,1,70,,9126,23,0,5 15,1,30,,2894,23,0,5 15,1,70,,9151,23,0,5 15,1,30,,9125,23,0,5 15,1,70,,9136,23,0,5 15,1,30,,9129,23,0,5 15,1,70,,9116,23,0,5 15,1,30,,9142,23,0,5 15,1,70,,9133,23,0,5 15,1,30,,9119,23,0,5 15,1,70,,1662,23,0,5 15,1,30,,9127,23,0,5 15,1,70,,9122,23,0,5 15,1,30,,9153,23,0,5 15,1,70,,9139,23,0,5 15,1,30,,9138,23,0,5 15,1,70,,9135,23,0,5 15,1,30,,9113,23,0,5 15,1,70,,9128,23,0,5 15,1,30,,9124,23,0,5 15,1
30101,'17',628,,9167,23,0,5 15,1,30,,4247,23,0,5 15,1,70,,9193,23,0,5 15,1,30,,9184,23,0,5 15,1,70,,9170,23,0,5 15,1,30,,2945,23,0,5 15,1,70,,9195,23,0,5 15,1,30,,9169,23,0,5 15,1,70,,9180,23,0,5 15,1,30,,9173,23,0,5 15,1,70,,9160,23,0,5 15,1,30,,9186,23,0,5 15,1,70,,9177,23,0,5 15,1,30,,9163,23,0,5 15,1,70,,1685,23,0,5 15,1,30,,9171,23,0,5 15,1,70,,9166,23,0,5 15,1,30,,9197,23,0,5 15,1,70,,9183,23,0,5 15,1,30,,9182,23,0,5 15,1,70,,9179,23,0,5 15,1,30,,9157,23,0,5 15,1,70,,9172,23,0,5 15,1,30,,9168,23,0,5 15,1
30101,'19',628,,9215,23,0,5 15,1,30,,9212,23,0,5 15,1,70,,9243,23,0,5 15,1,30,,9234,23,0,5 15,1,70,,9218,23,0,5 15,1,30,,9205,23,0,5 15,1,70,,9245,23,0,5 15,1,30,,9217,23,0,5 15,1,70,,9229,23,0,5 15,1,30,,9221,23,0,5 15,1,70,,9207,23,0,5 15,1,30,,9236,23,0,5 15,1,70,,9226,23,0,5 15,1,30,,9210,23,0,5 15,1,70,,9201,23,0,5 15,1,30,,9219,23,0,5 15,1,70,,9214,23,0,5 15,1,30,,9247,23,0,5 15,1,70,,9232,23,0,5 15,1,30,,9231,23,0,5 15,1,70,,9228,23,0,5 15,1,30,,9203,23,0,5 15,1,70,,9220,23,0,5 15,1,30,,9216,23,0,5 15,1
30101,'5',628,,9261,23,0,5 15,1,30,,4271,23,0,5 15,1,70,,9285,23,0,5 15,1,30,,9276,23,0,5 15,1,70,,9264,23,0,5 15,1,30,,3019,23,0,5 15,1,70,,9287,23,0,5 15,1,30,,9263,23,0,5 15,1,70,,9272,23,0,5 15,1,30,,9267,23,0,5 15,1,70,,9254,23,0,5 15,1,30,,9278,23,0,5 15,1,70,,3064,23,0,5 15,1,30,,9257,23,0,5 15,1,70,,1708,23,0,5 15,1,30,,9265,23,0,5 15,1,70,,9260,23,0,5 15,1,30,,9289,23,0,5 15,1,70,,9275,23,0,5 15,1,30,,9274,23,0,5 15,1,70,,9271,23,0,5 15,1,30,,9251,23,0,5 15,1,70,,9266,23,0,5 15,1,30,,9262,23,0,5 15,1
30101,'6',628,,9307,23,0,5 15,1,30,,9304,23,0,5 15,1,70,,9335,23,0,5 15,1,30,,9326,23,0,5 15,1,70,,9310,23,0,5 15,1,30,,9297,23,0,5 15,1,70,,9337,23,0,5 15,1,30,,9309,23,0,5 15,1,70,,9321,23,0,5 15,1,30,,9313,23,0,5 15,1,70,,9299,23,0,5 15,1,30,,9328,23,0,5 15,1,70,,9318,23,0,5 15,1,30,,9302,23,0,5 15,1,70,,9293,23,0,5 15,1,30,,9311,23,0,5 15,1,70,,9306,23,0,5 15,1,30,,9339,23,0,5 15,1,70,,9324,23,0,5 15,1,30,,9323,23,0,5 15,1,70,,9320,23,0,5 15,1,30,,9295,23,0,5 15,1,70,,9312,23,0,5 15,1,30,,9308,23,0,5 15,1
40101,'1',1042,,17006,23,0,16,1,100,,17000,23,0,16,1,100,,17011,23,0,16,1,100,,1550,23,0,16,1,100,,17005,23,0,16,1,100,,17008,23,0,16,1,100,,17010,23,0,16,1,100,,16998,23,0,5,1
40101,'10',642,,17028,23,0,16,1,70,,17012,23,0,16,1,30,,17048,23,0,16,1,70,,17027,23,0,16,1,30,,17016,23,0,16,1,70,,17065,23,0,16,1,30,,17019,23,0,16,1,70,,17072,23,0,16,1,30,,17020,23,0,16,1,70,,17024,23,0,16,1,30,,17056,23,0,16,1,70,,17064,23,0,16,1,30,,17058,23,0,16,1,70,,17023,23,0,16,1,30,,17038,23,0,16,1,70,,17014,23,0,16,1,30,,17039,23,0,16,1,70,,17043,23,0,16,1,30,,17050,23,0,16,1,70,,17030,23,0,16,1,30,,17022,23,0,16,1,70,,17049,23,0,16,1,30,,17018,23,0,16,1,70,,17035,23,0,16,1,30,,17062,23,0,16,1,100,,17013,23,0,16,1,100,,17052,23,0,16,1,100,,17044,23,0,16,1,100,,17036,23,0,16,1,100,,17060,23,0,5,1
40101,'12',842,,17094,23,0,16,1,100,,17085,23,0,16,1,100,,17100,23,0,16,1,70,,17103,23,0,16,1,30,,17098,23,0,16,1,70,,17084,23,0,16,1,30,,17104,23,0,16,1,70,,17089,23,0,16,1,30,,17108,23,0,16,1,70,,17083,23,0,16,1,30,,17073,23,0,16,1,70,,17090,23,0,16,1,30,,17081,23,0,16,1,70,,17095,23,0,16,1,30,,17106,23,0,16,1,70,,17093,23,0,16,1,30,,17082,23,0,16,1,70,,17109,23,0,16,1,30,,17076,23,0,16,1,100,,17078,23,0,16,1
40101,'15',1842,,17120,23,0,16,1,100,,17115,23,0,16,1,100,,17114,23,0,16,1,100,,17112,23,0,16,1,100,,17110,23,0,16,1,100,,17117,23,0,5,1
40101,'16',1842,,17129,23,0,16,1,100,,17124,23,0,16,1,100,,2256,23,0,16,1,100,,17122,23,0,16,1,100,,17121,23,0,16,1,100,,17126,23,0,5,1
40101,'17',1842,,17137,23,0,16,1,100,,17133,23,0,16,1,100,,2281,23,0,16,1,100,,17131,23,0,16,1,100,,17130,23,0,16,1,100,,17134,23,0,5,1
40101,'19',1842,,17148,23,0,16,1,100,,17143,23,0,16,1,100,,17142,23,0,16,1,100,,17140,23,0,16,1,100,,17138,23,0,16,1,100,,17145,23,0,5,1
40101,'21',642,,17162,23,0,16,1,70,,17149,23,0,16,1,30,,17180,23,0,16,1,70,,17161,23,0,16,1,30,,17151,23,0,16,1,70,,17196,23,0,16,1,30,,17154,23,0,16,1,70,,17203,23,0,16,1,30,,17155,23,0,16,1,70,,7905,23,0,16,1,30,,17188,23,0,16,1,70,,17195,23,0,16,1,30,,17190,23,0,16,1,70,,17158,23,0,16,1,30,,17170,23,0,16,1,70,,7989,23,0,16,1,30,,17171,23,0,16,1,70,,17175,23,0,16,1,30,,17182,23,0,16,1,70,,17164,23,0,16,1,30,,17157,23,0,16,1,70,,17181,23,0,16,1,30,,17153,23,0,16,1,70,,17169,23,0,16,1,30,,5902,23,0,16,1,100,,7058,23,0,16,1,100,,17184,23,0,16,1,100,,17176,23,0,16,1,100,,6998,23,0,16,1,100,,17192,23,0,5,1
40101,'5',1842,,4496,23,0,16,1,100,,17207,23,0,16,1,100,,2306,23,0,16,1,100,,17205,23,0,16,1,100,,17204,23,0,16,1,100,,17209,23,0,5,1
40101,'6',1842,,17222,23,0,16,1,100,,17217,23,0,16,1,100,,17216,23,0,16,1,100,,17214,23,0,16,1,100,,17212,23,0,16,1,100,,17219,23,0,5,1
