30500,'12',616,,33679,3,0,58,1,30,,33670,3,0,58,1,70,,33691,3,0,58,1,30,,33683,3,0,58,1,70,,33675,3,0,58,1,30,,33684,3,0,58,1,70,,33685,3,0,58,1,30,,33687,3,0,58,1,70,,33688,3,0,58,1,30,,33680,3,0,58,1,70,,33689,3,0,58,1,30,,33671,3,0,58,1,70,,33681,3,0,58,1,30,,33673,3,0,58,1,70,,33669,3,0,58,1,30,,33692,3,0,58,1,70,,33682,3,0,58,1,30,,33690,3,0,58,1,70,,33672,3,0,58,1,30,,33686,3,0,58,1,70,,33674,3,0,58,1,30,,33677,3,0,58,1,70,,33678,3,0,58,1
30500,'13',616,,33703,3,0,58,1,30,,33694,3,0,58,1,70,,33714,3,0,58,1,30,,33707,3,0,58,1,70,,33699,3,0,58,1,30,,33708,3,0,58,1,70,,33709,3,0,58,1,30,,33711,3,0,58,1,70,,33712,3,0,58,1,30,,33704,3,0,58,1,70,,28111,3,0,58,1,30,,33695,3,0,58,1,70,,33705,3,0,58,1,30,,33697,3,0,58,1,70,,33693,3,0,58,1,30,,33715,3,0,58,1,70,,33706,3,0,58,1,30,,33713,3,0,58,1,70,,33696,3,0,58,1,30,,33710,3,0,58,1,70,,33698,3,0,58,1,30,,33701,3,0,58,1,70,,33702,3,0,58,1
30500,'3',616,,33726,3,0,58,1,30,,33717,3,0,58,1,70,,33737,3,0,58,1,30,,33730,3,0,58,1,70,,33722,3,0,58,1,30,,33731,3,0,58,1,70,,33732,3,0,58,1,30,,33734,3,0,58,1,70,,33735,3,0,58,1,30,,33727,3,0,58,1,70,,28133,3,0,58,1,30,,33718,3,0,58,1,70,,33728,3,0,58,1,30,,33720,3,0,58,1,70,,33716,3,0,58,1,30,,33738,3,0,58,1,70,,33729,3,0,58,1,30,,33736,3,0,58,1,70,,33719,3,0,58,1,30,,33733,3,0,58,1,70,,33721,3,0,58,1,30,,33724,3,0,58,1,70,,33725,3,0,58,1
30500,'6',616,,33749,3,0,58,1,30,,33740,3,0,58,1,70,,33761,3,0,58,1,30,,33753,3,0,58,1,70,,33745,3,0,58,1,30,,33754,3,0,58,1,70,,33755,3,0,58,1,30,,33757,3,0,58,1,70,,33758,3,0,58,1,30,,33750,3,0,58,1,70,,33759,3,0,58,1,30,,33741,3,0,58,1,70,,33751,3,0,58,1,30,,33743,3,0,58,1,70,,33739,3,0,58,1,30,,33762,3,0,58,1,70,,33752,3,0,58,1,30,,33760,3,0,58,1,70,,33742,3,0,58,1,30,,33756,3,0,58,1,70,,33744,3,0,58,1,30,,33747,3,0,58,1,70,,33748,3,0,58,1
30800,'12',601,,34244,3,0,59,1,30,,34225,3,0,59,1,70,,34245,3,0,59,1,30,,34233,3,0,59,1,70,,34243,3,0,59,1,30,,34229,3,0,59,1,70,,34246,3,0,59,1,30,,34231,3,0,59,1,70,,34238,3,0,59,1,30,,34240,3,0,59,1,70,,34237,3,0,59,1,30,,34235,3,0,59,1,70,,34247,3,0,59,1,30,,34248,3,0,59,1,70,,34232,3,0,59,1,30,,34234,3,0,59,1,69,,34236,3,0,59,1,31,,34228,3,0,59,1,70,,34226,3,0,59,1,30,,34227,3,0,59,1,70,,34241,3,0,59,1,30,,34239,3,0,59,1,70,,34242,3,0,59,1,30,,34230,3,0,59,1
30800,'13',601,,28199,3,0,59,1,30,,34249,3,0,59,1,70,,34263,3,0,59,1,30,,34255,3,0,59,1,70,,34262,3,0,59,1,30,,32495,3,0,59,1,70,,34264,3,0,59,1,30,,34253,3,0,59,1,70,,34259,3,0,59,1,30,,29044,3,0,59,1,70,,28195,3,0,59,1,30,,34257,3,0,59,1,70,,34265,3,0,59,1,30,,30620,3,0,59,1,70,,34254,3,0,59,1,30,,34256,3,0,59,1,69,,34258,3,0,59,1,31,,30531,3,0,59,1,70,,34250,3,0,59,1,30,,34251,3,0,59,1,70,,34260,3,0,59,1,30,,29366,3,0,59,1,70,,34261,3,0,59,1,30,,34252,3,0,59,1
30800,'3',601,,28220,3,0,59,1,30,,34266,3,0,59,1,70,,34280,3,0,59,1,30,,34272,3,0,59,1,70,,34279,3,0,59,1,30,,32499,3,0,59,1,70,,34281,3,0,59,1,30,,34270,3,0,59,1,70,,34276,3,0,59,1,30,,29050,3,0,59,1,70,,28216,3,0,59,1,30,,34274,3,0,59,1,70,,34282,3,0,59,1,30,,30657,3,0,59,1,70,,34271,3,0,59,1,30,,34273,3,0,59,1,69,,34275,3,0,59,1,31,,30568,3,0,59,1,70,,34267,3,0,59,1,30,,34268,3,0,59,1,70,,34277,3,0,59,1,30,,29388,3,0,59,1,70,,34278,3,0,59,1,30,,34269,3,0,59,1
30800,'6',601,,34302,3,0,59,1,30,,34283,3,0,59,1,70,,34303,3,0,59,1,30,,34291,3,0,59,1,70,,34301,3,0,59,1,30,,34287,3,0,59,1,70,,34304,3,0,59,1,30,,34289,3,0,59,1,70,,34296,3,0,59,1,30,,34298,3,0,59,1,70,,34295,3,0,59,1,30,,34293,3,0,59,1,70,,34305,3,0,59,1,30,,34306,3,0,59,1,70,,34290,3,0,59,1,30,,34292,3,0,59,1,69,,34294,3,0,59,1,31,,34286,3,0,59,1,70,,34284,3,0,59,1,30,,34285,3,0,59,1,70,,34299,3,0,59,1,30,,34297,3,0,59,1,70,,34300,3,0,59,1,30,,34288,3,0,59,1
33701,'1',636,,37363,3,,,1,70,,29420,3,,,1,30,,37391,3,,,1,70,,37369,3,,,1,30,,37384,3,,,1,70,,37372,3,,,1,30,,37371,3,,,1,70,,37375,3,,,1,30,,37387,3,,,1,70,,37383,3,,,1,30,,37373,3,,,1,70,,37367,3,,,1,30,,32345,3,,,1,70,,37399,3,,,1,30,,37365,3,,,1,70,,37386,3,,,1,30,,37389,3,,,1,70,,37360,3,,,1,30,,37377,3,,,1,70,,37403,3,,,1,30,,37390,3,,,1,70,,37364,3,,,1,30,,37376,3,,,1,70,,37381,3,,,1,30,,22061,3,,,1
33701,'11',636,,37410,3,,,1,70,,37443,3,,,1,30,,37439,3,,,1,70,,37416,3,,,1,30,,37432,3,,,1,70,,37419,3,,,1,30,,37418,3,,,1,70,,37422,3,,,1,30,,37435,3,,,1,70,,37431,3,,,1,30,,37420,3,,,1,70,,37414,3,,,1,30,,37444,3,,,1,70,,37449,3,,,1,30,,37412,3,,,1,70,,37434,3,,,1,30,,37437,3,,,1,70,,37406,3,,,1,30,,37424,3,,,1,70,,37453,3,,,1,30,,37438,3,,,1,70,,37411,3,,,1,30,,37423,3,,,1,70,,37428,3,,,1,30,,37429,3,,,1
33701,'12',616,,37480,3,,,1,30,,37497,3,,,1,70,,37466,3,,,1,30,,37462,3,,,1,70,,37461,3,,,1,30,,37503,3,,,1,70,,37501,3,,,1,30,,37495,3,,,1,70,,37486,3,,,1,30,,37504,3,,,1,70,,37465,3,,,1,30,,37498,3,,,1,70,,37502,3,,,1,30,,37493,3,,,1,70,,37475,3,,,1,30,,37484,3,,,1,70,,37478,3,,,1,30,,37472,3,,,1,70,,37489,3,,,1,30,,37468,3,,,1,70,,37500,3,,,1,30,,37490,3,,,1,70,,37477,3,,,1,30,,37473,3,,,1,70,,37476,3,,,1
33701,'13',616,,37527,3,,,1,30,,37540,3,,,1,70,,37515,3,,,1,30,,37512,3,,,1,70,,37511,3,,,1,30,,37545,3,,,1,70,,27985,3,,,1,30,,28408,3,,,1,70,,37532,3,,,1,30,,37546,3,,,1,70,,37514,3,,,1,30,,37541,3,,,1,70,,37544,3,,,1,30,,37538,3,,,1,70,,31700,3,,,1,30,,37530,3,,,1,70,,37525,3,,,1,30,,37520,3,,,1,70,,37535,3,,,1,30,,37517,3,,,1,70,,37543,3,,,1,30,,37536,3,,,1,70,,37524,3,,,1,30,,37521,3,,,1,70,,37523,3,,,1
33701,'14',1036,,37561,3,,,1,70,,37562,3,,,1,30,,37564,3,,,1,70,,37549,3,,,1,30,,37559,3,,,1,70,,37548,3,,,1,30,,37558,3,,,1,70,,37554,3,,,1,30,,37568,3,,,1,70,,37567,3,,,1,30,,29744,3,,,1,70,,37575,3,,,1,30,,37566,3,,,1,70,,37573,3,,,1,30,,37574,3,,,1
33701,'16',636,,37580,3,,,1,70,,29539,3,,,1,30,,37608,3,,,1,70,,37586,3,,,1,30,,37601,3,,,1,70,,37589,3,,,1,30,,37588,3,,,1,70,,37592,3,,,1,30,,37604,3,,,1,70,,37600,3,,,1,30,,37590,3,,,1,70,,37584,3,,,1,30,,32392,3,,,1,70,,37616,3,,,1,30,,37582,3,,,1,70,,37603,3,,,1,30,,37606,3,,,1,70,,37577,3,,,1,30,,37594,3,,,1,70,,37620,3,,,1,30,,37607,3,,,1,70,,37581,3,,,1,30,,37593,3,,,1,70,,37598,3,,,1,30,,29969,3,,,1
33701,'3',616,,37644,3,,,1,30,,37657,3,,,1,70,,37632,3,,,1,30,,37629,3,,,1,70,,37628,3,,,1,30,,37662,3,,,1,70,,28008,3,,,1,30,,28429,3,,,1,70,,37649,3,,,1,30,,37663,3,,,1,70,,37631,3,,,1,30,,37658,3,,,1,70,,37661,3,,,1,30,,37655,3,,,1,70,,31755,3,,,1,30,,37647,3,,,1,70,,37642,3,,,1,30,,37637,3,,,1,70,,37652,3,,,1,30,,37634,3,,,1,70,,37660,3,,,1,30,,37653,3,,,1,70,,37641,3,,,1,30,,37638,3,,,1,70,,37640,3,,,1
33701,'6',616,,37689,3,,,1,30,,37706,3,,,1,70,,37675,3,,,1,30,,37671,3,,,1,70,,37670,3,,,1,30,,37712,3,,,1,70,,37710,3,,,1,30,,37704,3,,,1,70,,37695,3,,,1,30,,37713,3,,,1,70,,37674,3,,,1,30,,37707,3,,,1,70,,37711,3,,,1,30,,37702,3,,,1,70,,37684,3,,,1,30,,37693,3,,,1,70,,37687,3,,,1,30,,37681,3,,,1,70,,37698,3,,,1,30,,37677,3,,,1,70,,37709,3,,,1,30,,37699,3,,,1,70,,37686,3,,,1,30,,37682,3,,,1,70,,37685,3,,,1
33701,'8',1106,,30756,3,,,1,30,,37729,3,,,1,70,,37725,3,,,1,30,,37718,3,,,1,70,,37738,3,,,1,30,,37715,3,,,1,70,,37740,3,,,1,30,,37721,3,,,1,70,,37730,3,,,1,30,,31765,3,,,1,70,,37719,3,,,1,30,,37720,3,,,1,70,,37723,3,,,1,30,,37722,3,,,1,70,,37726,3,,,1
40800,'1',615,,39087,3,0,60 61,1,30,,39086,3,0,60 61,1,70,,39072,3,0,60 61,1,30,,39094,3,0,60 61,1,70,,39093,3,0,60 61,1,30,,39088,3,0,60 61,1,70,,39082,3,0,60 61,1,30,,39096,3,0,60 61,1,70,,39076,3,0,60 61,1,30,,39084,3,0,60 61,1,70,,39079,3,0,60 61,1,30,,30443,3,0,60 61,1,70,,39074,3,0,60 61,1,30,,39075,3,0,60 61,1,70,,39083,3,0,60 61,1,30,,39089,3,0,60 61,1,70,,39070,3,0,60 61,1,30,,39077,3,0,60 61,1,70,,39080,3,0,60 61,1,30,,39078,3,0,60 61,1,70,,39071,3,0,60 61,1,30,,39097,3,0,60 61,1,70,,39092,3,0,60 61,1,30,,39085,3,0,60 61,1,100,,39091,3,0,60 61,1,100,,39069,3,0,60 61,1,100,,39081,3,0,60 61,1,100,,39095,3,0,60 61,1,100,,39090,3,0,60 61,1,100,,39073,3,0,60 61,1
40800,'11',615,,39116,3,0,60 61,1,30,,39115,3,0,60 61,1,70,,39101,3,0,60 61,1,30,,39123,3,0,60 61,1,70,,39122,3,0,60 61,1,30,,39117,3,0,60 61,1,70,,39111,3,0,60 61,1,30,,39125,3,0,60 61,1,70,,39105,3,0,60 61,1,30,,39113,3,0,60 61,1,70,,39108,3,0,60 61,1,30,,39126,3,0,60 61,1,70,,39103,3,0,60 61,1,30,,39104,3,0,60 61,1,70,,39112,3,0,60 61,1,30,,39118,3,0,60 61,1,70,,39099,3,0,60 61,1,30,,39106,3,0,60 61,1,70,,39109,3,0,60 61,1,30,,39107,3,0,60 61,1,70,,39100,3,0,60 61,1,30,,39127,3,0,60 61,1,70,,39121,3,0,60 61,1,30,,39114,3,0,60 61,1,100,,39120,3,0,60 61,1,100,,39098,3,0,60 61,1,100,,39110,3,0,60 61,1,100,,39124,3,0,60 61,1,100,,39119,3,0,60 61,1,100,,39102,3,0,60 61,1
40800,'12',1745,,39130,3,0,60 61,1,100,,39133,3,0,60 61,1,100,,39134,3,0,60 61,1,100,,39132,3,0,60 61,1,100,,39129,3,0,60 61,1,100,,39128,3,0,60 61,1,100,,39131,3,0,60 61,1
40800,'13',1745,,39137,3,0,60 61,1,100,,39140,3,0,60 61,1,100,,39141,3,0,60 61,1,100,,39139,3,0,60 61,1,100,,39136,3,0,60 61,1,100,,39135,3,0,60 61,1,100,,39138,3,0,60 61,1
40800,'14',1045,,39147,3,0,60 61,1,100,,39145,3,0,60 61,1,100,,39142,3,0,60 61,1,100,,39143,3,0,60 61,1,100,,39148,3,0,60 61,1,100,,39144,3,0,60 61,1,100,,39149,3,0,60 61,1,100,,39146,3,0,60 61,1
40800,'16',615,,39168,3,0,60 61,1,30,,39167,3,0,60 61,1,70,,39153,3,0,60 61,1,30,,39175,3,0,60 61,1,70,,39174,3,0,60 61,1,30,,39169,3,0,60 61,1,70,,39163,3,0,60 61,1,30,,39177,3,0,60 61,1,70,,39157,3,0,60 61,1,30,,39165,3,0,60 61,1,70,,39160,3,0,60 61,1,30,,30481,3,0,60 61,1,70,,39155,3,0,60 61,1,30,,39156,3,0,60 61,1,70,,39164,3,0,60 61,1,30,,39170,3,0,60 61,1,70,,39151,3,0,60 61,1,30,,39158,3,0,60 61,1,70,,39161,3,0,60 61,1,30,,39159,3,0,60 61,1,70,,39152,3,0,60 61,1,30,,39178,3,0,60 61,1,70,,39173,3,0,60 61,1,30,,39166,3,0,60 61,1,100,,39172,3,0,60 61,1,100,,39150,3,0,60 61,1,100,,39162,3,0,60 61,1,100,,39176,3,0,60 61,1,100,,39171,3,0,60 61,1,100,,39154,3,0,60 61,1
40800,'3',1745,,39181,3,0,60 61,1,100,,39184,3,0,60 61,1,100,,39185,3,0,60 61,1,100,,39183,3,0,60 61,1,100,,39180,3,0,60 61,1,100,,39179,3,0,60 61,1,100,,39182,3,0,60 61,1
40800,'6',1745,,39188,3,0,60 61,1,100,,39191,3,0,60 61,1,100,,39192,3,0,60 61,1,100,,39190,3,0,60 61,1,100,,39187,3,0,60 61,1,100,,39186,3,0,60 61,1,100,,39189,3,0,60 61,1
40800,'8',845,,39208,3,0,60 61,1,100,,39199,3,0,60 61,1,70,,39200,3,0,60 61,1,30,,39194,3,0,60 61,1,70,,39197,3,0,60 61,1,30,,39209,3,0,60 61,1,70,,39202,3,0,60 61,1,30,,39204,3,0,60 61,1,70,,39205,3,0,60 61,1,30,,39196,3,0,60 61,1,70,,39210,3,0,60 61,1,30,,39201,3,0,60 61,1,70,,39198,3,0,60 61,1,30,,39193,3,0,60 61,1,70,,39203,3,0,60 61,1,30,,30039,3,0,60 61,1,70,,39207,3,0,60 61,1,30,,31168,3,0,60 61,1,100,,39206,3,0,60 61,1,100,,39195,3,0,60 61,1
41200,'1',615,,39797,3,0,23,1,30,,39789,3,0,23,1,70,,39787,3,0,23,1,30,,39793,3,0,23,1,70,,39796,3,0,23,1,30,,39784,3,0,23,1,70,,39788,3,0,23,1,30,,32721,3,0,23,1,71,,39786,3,0,23,1,30,,39803,3,0,23,1,70,,39806,3,0,23,1,30,,39804,3,0,23,1,70,,39795,3,0,23,1,30,,39780,3,0,23,1,70,,39802,3,0,23,1,30,,39791,3,0,23,1,69,,39792,3,0,23,1,30,,39783,3,0,23,1,70,,39801,3,0,23,1,30,,39798,3,0,23,1,70,,39794,3,0,23,1,30,,39799,3,0,23,1,70,,39782,3,0,23,1,30,,39790,3,0,23,1,70,,39781,3,0,23,1,100,,39805,3,0,23,1,100,,31127,3,0,23,1,100,,39800,3,0,23,1,100,,39785,3,0,23,1,100,,32572,3,0,23,1
41200,'11',615,,39825,3,0,23,1,30,,39817,3,0,23,1,70,,39815,3,0,23,1,30,,39821,3,0,23,1,70,,39809,3,0,23,1,30,,39812,3,0,23,1,70,,39816,3,0,23,1,30,,39834,3,0,23,1,71,,39814,3,0,23,1,30,,39831,3,0,23,1,70,,39836,3,0,23,1,30,,39832,3,0,23,1,70,,39823,3,0,23,1,30,,39807,3,0,23,1,70,,39830,3,0,23,1,30,,39819,3,0,23,1,69,,39820,3,0,23,1,30,,39811,3,0,23,1,70,,39829,3,0,23,1,30,,39826,3,0,23,1,70,,39822,3,0,23,1,30,,39827,3,0,23,1,70,,39810,3,0,23,1,30,,39818,3,0,23,1,70,,39808,3,0,23,1,100,,39835,3,0,23,1,100,,39833,3,0,23,1,100,,39828,3,0,23,1,100,,39813,3,0,23,1,100,,39824,3,0,23,1
41200,'12',1815,,39841,3,0,23,1,100,,39842,3,0,23,1,100,,39837,3,0,23,1,100,,39840,3,0,23,1,100,,39839,3,0,23,1,100,,39838,3,0,23,1
41200,'13',1815,,31821,3,0,23,1,100,,39847,3,0,23,1,100,,39843,3,0,23,1,100,,39846,3,0,23,1,100,,39845,3,0,23,1,100,,39844,3,0,23,1
41200,'14',1116,,39853,3,0,23,1,100,,39849,3,0,23,1,100,,39848,3,0,23,1,99,,31369,3,0,23,1,100,,39852,3,0,23,1,100,,39850,3,0,23,1,100,,39851,3,0,23,1
41200,'16',615,,39872,3,0,23,1,30,,39863,3,0,23,1,70,,39861,3,0,23,1,30,,39867,3,0,23,1,70,,39870,3,0,23,1,30,,39858,3,0,23,1,70,,39862,3,0,23,1,30,,39880,3,0,23,1,71,,39860,3,0,23,1,30,,39878,3,0,23,1,70,,39882,3,0,23,1,30,,39879,3,0,23,1,70,,39869,3,0,23,1,30,,39854,3,0,23,1,70,,39877,3,0,23,1,30,,39865,3,0,23,1,69,,39866,3,0,23,1,30,,39857,3,0,23,1,70,,39876,3,0,23,1,30,,39873,3,0,23,1,70,,39868,3,0,23,1,30,,39874,3,0,23,1,70,,39856,3,0,23,1,30,,39864,3,0,23,1,70,,39855,3,0,23,1,100,,39881,3,0,23,1,100,,31152,3,0,23,1,100,,39875,3,0,23,1,100,,39859,3,0,23,1,100,,39871,3,0,23,1
41200,'3',1815,,31880,3,0,23,1,100,,39887,3,0,23,1,100,,39883,3,0,23,1,100,,39886,3,0,23,1,100,,39885,3,0,23,1,100,,39884,3,0,23,1
41200,'6',1815,,39892,3,0,23,1,100,,39893,3,0,23,1,100,,39888,3,0,23,1,100,,39891,3,0,23,1,100,,39890,3,0,23,1,100,,39889,3,0,23,1
41200,'8',915,,39901,3,0,23,1,101,,39904,3,0,23,1,30,,39903,3,0,23,1,70,,39909,3,0,23,1,30,,39906,3,0,23,1,70,,39911,3,0,23,1,30,,39895,3,0,23,1,70,,39896,3,0,23,1,30,,39908,3,0,23,1,69,,32740,3,0,23,1,30,,39910,3,0,23,1,70,,39894,3,0,23,1,30,,39898,3,0,23,1,70,,39902,3,0,23,1,30,,39899,3,0,23,1,70,,39900,3,0,23,1,30,,39905,3,0,23,1,70,,39897,3,0,23,1,100,,39907,3,0,23,1
43701,'1',1916,,41926,3,,,1,100,,41927,3,,,1,100,,41924,3,,,1,100,,41923,3,,,1,100,,30690,3,,,1
43701,'11',1916,,41934,3,,,1,100,,41935,3,,,1,100,,41932,3,,,1,100,,41931,3,,,1,100,,41936,3,,,1
43701,'12',1916,,41948,3,,,1,100,,41941,3,,,1,100,,41949,3,,,1,100,,41946,3,,,1,100,,41947,3,,,1
43701,'13',1916,,41957,3,,,1,100,,41951,3,,,1,100,,41958,3,,,1,100,,41956,3,,,1,100,,28240,3,,,1
43701,'16',1916,,41963,3,,,1,100,,41964,3,,,1,100,,41961,3,,,1,100,,41960,3,,,1,100,,30728,3,,,1
43701,'3',1916,,41975,3,,,1,100,,41969,3,,,1,100,,41976,3,,,1,100,,41974,3,,,1,100,,28262,3,,,1
43701,'6',1916,,41985,3,,,1,100,,41978,3,,,1,100,,41986,3,,,1,100,,41983,3,,,1,100,,41984,3,,,1
