30700,'12',643,,34058,25,0,65 14,1,70,,34054,25,0,65 14,1,30,,34056,25,0,65 14,1,70,,34047,25,0,65 14,1,30,,34062,25,0,65 14,1,70,,34049,25,0,65 14,1,30,,34061,25,0,65 14,1,70,,34053,25,0,65 14,1,30,,34044,25,0,65 14,1,70,,34051,25,0,65 14,1,30,,34050,25,0,65 14,1,70,,34060,25,0,65 14,1,30,,34057,25,0,65 14,1,70,,34045,25,0,65 14,1,30,,34048,25,0,65 14,1,70,,34065,25,0,65 14,1,30,,34055,25,0,65 14,1,70,,34052,25,0,65 14,1,30,,34043,25,0,65 14,1,70,,34064,25,0,65 14,1,30,,34063,25,0,65 14,1,70,,34046,25,0,65 14,1,30,,34059,25,0,65 14,1
30700,'13',643,,34080,25,0,65 14,1,70,,34077,25,0,65 14,1,30,,28551,25,0,65 14,1,70,,34070,25,0,65 14,1,30,,34084,25,0,65 14,1,70,,34072,25,0,65 14,1,30,,34083,25,0,65 14,1,70,,34076,25,0,65 14,1,30,,34067,25,0,65 14,1,70,,34074,25,0,65 14,1,30,,34073,25,0,65 14,1,70,,34082,25,0,65 14,1,30,,34079,25,0,65 14,1,70,,34068,25,0,65 14,1,30,,34071,25,0,65 14,1,70,,34087,25,0,65 14,1,30,,34078,25,0,65 14,1,70,,34075,25,0,65 14,1,30,,34066,25,0,65 14,1,70,,34086,25,0,65 14,1,30,,34085,25,0,65 14,1,70,,34069,25,0,65 14,1,30,,34081,25,0,65 14,1
30700,'3',643,,34102,25,0,65 14,1,70,,34099,25,0,65 14,1,30,,28573,25,0,65 14,1,70,,34092,25,0,65 14,1,30,,34106,25,0,65 14,1,70,,34094,25,0,65 14,1,30,,34105,25,0,65 14,1,70,,34098,25,0,65 14,1,30,,34089,25,0,65 14,1,70,,34096,25,0,65 14,1,30,,34095,25,0,65 14,1,70,,34104,25,0,65 14,1,30,,34101,25,0,65 14,1,70,,34090,25,0,65 14,1,30,,34093,25,0,65 14,1,70,,34109,25,0,65 14,1,30,,34100,25,0,65 14,1,70,,34097,25,0,65 14,1,30,,34088,25,0,65 14,1,70,,34108,25,0,65 14,1,30,,34107,25,0,65 14,1,70,,34091,25,0,65 14,1,30,,34103,25,0,65 14,1
30700,'6',643,,34125,25,0,65 14,1,70,,34121,25,0,65 14,1,30,,34123,25,0,65 14,1,70,,34114,25,0,65 14,1,30,,34129,25,0,65 14,1,70,,34116,25,0,65 14,1,30,,34128,25,0,65 14,1,70,,34120,25,0,65 14,1,30,,34111,25,0,65 14,1,70,,34118,25,0,65 14,1,30,,34117,25,0,65 14,1,70,,34127,25,0,65 14,1,30,,34124,25,0,65 14,1,70,,34112,25,0,65 14,1,30,,34115,25,0,65 14,1,70,,34132,25,0,65 14,1,30,,34122,25,0,65 14,1,70,,34119,25,0,65 14,1,30,,34110,25,0,65 14,1,70,,34131,25,0,65 14,1,30,,34130,25,0,65 14,1,70,,34113,25,0,65 14,1,30,,34126,25,0,65 14,1
41700,'1',631,,40762,40,0,67,1,70,,40769,40,0,67,1,31,,40763,40,0,67,1,70,,40774,40,0,67,1,30,,40775,40,0,67,1,70,,40782,40,0,67,1,30,,40768,40,0,67,1,70,,40767,40,0,67,1,30,,40783,40,0,67,1,70,,40765,40,0,67,1,30,,40778,40,0,67,1,70,,40771,40,0,67,1,30,,30428,40,0,67,1,70,,40764,40,0,67,1,30,,40781,40,0,67,1,70,,29674,40,0,67,1,30,,40772,40,0,67,1,70,,40773,40,0,67,1,30,,40761,40,0,67,1,70,,30086,40,0,67,1,30,,40766,40,0,67,1,70,,30078,40,0,67,1,30,,40776,40,0,67,1,70,,40777,40,0,67,1,30,,40779,40,0,67,1,100,,40760,40,0,67,1,100,,40770,40,0,67,1,100,,40759,40,0,67,1,100,,40780,40,0,67,1,100,,30781,40,0,67,1
41700,'11',631,,40787,40,0,67,1,70,,40795,40,0,67,1,31,,40788,40,0,67,1,70,,40801,40,0,67,1,30,,40802,40,0,67,1,70,,40811,40,0,67,1,30,,40793,40,0,67,1,70,,40792,40,0,67,1,30,,40813,40,0,67,1,70,,40790,40,0,67,1,30,,40806,40,0,67,1,70,,40797,40,0,67,1,30,,40794,40,0,67,1,70,,40789,40,0,67,1,30,,40810,40,0,67,1,70,,40812,40,0,67,1,30,,40799,40,0,67,1,70,,40800,40,0,67,1,30,,40786,40,0,67,1,70,,40804,40,0,67,1,30,,40791,40,0,67,1,70,,40798,40,0,67,1,30,,40803,40,0,67,1,70,,40805,40,0,67,1,30,,40808,40,0,67,1,100,,40785,40,0,67,1,100,,40796,40,0,67,1,100,,40784,40,0,67,1,100,,40809,40,0,67,1,100,,40807,40,0,67,1
41700,'12',1832,,40818,40,0,67,1,100,,40814,40,0,67,1,100,,40817,40,0,67,1,100,,40819,40,0,67,1,100,,40816,40,0,67,1,100,,40815,40,0,67,1
41700,'13',1832,,40824,40,0,67,1,100,,40820,40,0,67,1,100,,40823,40,0,67,1,100,,40825,40,0,67,1,100,,40822,40,0,67,1,100,,40821,40,0,67,1
41700,'14',1132,,40830,40,0,67,1,100,,29507,40,0,67,1,100,,40831,40,0,67,1,100,,40829,40,0,67,1,100,,40826,40,0,67,1,100,,40828,40,0,67,1,100,,40827,40,0,67,1
41700,'16',631,,40835,40,0,67,1,70,,40842,40,0,67,1,31,,40836,40,0,67,1,70,,40847,40,0,67,1,30,,40848,40,0,67,1,70,,40855,40,0,67,1,30,,40841,40,0,67,1,70,,40840,40,0,67,1,30,,40856,40,0,67,1,70,,40838,40,0,67,1,30,,40851,40,0,67,1,70,,40844,40,0,67,1,30,,30468,40,0,67,1,70,,40837,40,0,67,1,30,,40854,40,0,67,1,70,,29793,40,0,67,1,30,,40845,40,0,67,1,70,,40846,40,0,67,1,30,,40834,40,0,67,1,70,,30166,40,0,67,1,30,,40839,40,0,67,1,70,,30159,40,0,67,1,30,,40849,40,0,67,1,70,,40850,40,0,67,1,30,,40852,40,0,67,1,100,,40833,40,0,67,1,100,,40843,40,0,67,1,100,,40832,40,0,67,1,100,,40853,40,0,67,1,100,,30822,40,0,67,1
41700,'3',1832,,40861,40,0,67,1,100,,40857,40,0,67,1,100,,40860,40,0,67,1,100,,40862,40,0,67,1,100,,40859,40,0,67,1,100,,40858,40,0,67,1
41700,'6',1832,,40867,40,0,67,1,100,,40863,40,0,67,1,100,,40866,40,0,67,1,100,,40868,40,0,67,1,100,,40865,40,0,67,1,100,,40864,40,0,67,1
41700,'8',932,,40880,40,0,67,1,100,,32423,40,0,67,1,70,,40870,40,0,67,1,30,,40869,40,0,67,1,70,,40882,40,0,67,1,30,,40876,40,0,67,1,70,,40872,40,0,67,1,30,,40875,40,0,67,1,70,,40878,40,0,67,1,30,,40881,40,0,67,1,70,,40871,40,0,67,1,30,,40874,40,0,67,1,70,,30924,40,0,67,1,30,,40883,40,0,67,1,70,,40884,40,0,67,1,30,,40873,40,0,67,1,70,,40877,40,0,67,1,30,,40879,40,0,67,1,100,,31236,40,0,67,1
