30201,'15',631,,9496,24,0,24,1,70,,9491,24,0,24,1,30,,9493,24,0,24,1,70,,9489,24,0,24,1,30,,9488,24,0,24,1,70,,9497,24,0,24,1,30,,9474,24,0,24,1,70,,9490,24,0,24,1,32,,9477,24,0,24,1,70,,9476,24,0,24,1,30,,9487,24,0,24,1,70,,9482,24,0,24,1,30,,9486,24,0,24,1,70,,9492,24,0,24,1,30,,9484,24,0,24,1,70,,9494,24,0,24,1,33,,9479,24,0,24,1,78,,9475,24,0,24,1,30,,9481,24,0,24,1,70,,9495,24,0,24,1,30,,9480,24,0,24,1,70,,9478,24,0,24,1,30,,9485,24,0,24,1,70,,9483,24,0,24,1
30201,'16',631,,9516,24,0,24,1,70,,9512,24,0,24,1,30,,9514,24,0,24,1,70,,9510,24,0,24,1,30,,9509,24,0,24,1,70,,9517,24,0,24,1,30,,9498,24,0,24,1,70,,9511,24,0,24,1,32,,7241,24,0,24,1,70,,9500,24,0,24,1,30,,9508,24,0,24,1,70,,9503,24,0,24,1,30,,9507,24,0,24,1,70,,9513,24,0,24,1,30,,9505,24,0,24,1,70,,6300,24,0,24,1,33,,9502,24,0,24,1,78,,9499,24,0,24,1,30,,2900,24,0,24,1,70,,9515,24,0,24,1,30,,3137,24,0,24,1,70,,9501,24,0,24,1,30,,9506,24,0,24,1,70,,9504,24,0,24,1
30201,'17',631,,9536,24,0,24,1,70,,9532,24,0,24,1,30,,9534,24,0,24,1,70,,9530,24,0,24,1,30,,9529,24,0,24,1,70,,9537,24,0,24,1,30,,9518,24,0,24,1,70,,9531,24,0,24,1,32,,7247,24,0,24,1,70,,9520,24,0,24,1,30,,9528,24,0,24,1,70,,9523,24,0,24,1,30,,9527,24,0,24,1,70,,9533,24,0,24,1,30,,9525,24,0,24,1,70,,6306,24,0,24,1,33,,9522,24,0,24,1,78,,9519,24,0,24,1,30,,2957,24,0,24,1,70,,9535,24,0,24,1,30,,3184,24,0,24,1,70,,9521,24,0,24,1,30,,9526,24,0,24,1,70,,9524,24,0,24,1
30201,'19',631,,9558,24,0,24,1,70,,9553,24,0,24,1,30,,9555,24,0,24,1,70,,9551,24,0,24,1,30,,9550,24,0,24,1,70,,9559,24,0,24,1,30,,9538,24,0,24,1,70,,9552,24,0,24,1,32,,9545,24,0,24,1,70,,6544,24,0,24,1,30,,9549,24,0,24,1,70,,9544,24,0,24,1,30,,9548,24,0,24,1,70,,9554,24,0,24,1,30,,9547,24,0,24,1,70,,9556,24,0,24,1,33,,9541,24,0,24,1,78,,9539,24,0,24,1,30,,9543,24,0,24,1,70,,9557,24,0,24,1,30,,9542,24,0,24,1,70,,9540,24,0,24,1,30,,7252,24,0,24,1,70,,9546,24,0,24,1
30201,'5',631,,9579,24,0,24,1,70,,9575,24,0,24,1,30,,9577,24,0,24,1,70,,9573,24,0,24,1,30,,9572,24,0,24,1,70,,9580,24,0,24,1,30,,9560,24,0,24,1,70,,9574,24,0,24,1,32,,9566,24,0,24,1,70,,9562,24,0,24,1,30,,9571,24,0,24,1,70,,9565,24,0,24,1,30,,9570,24,0,24,1,70,,9576,24,0,24,1,30,,9568,24,0,24,1,70,,6349,24,0,24,1,33,,9564,24,0,24,1,78,,9561,24,0,24,1,30,,3027,24,0,24,1,70,,9578,24,0,24,1,30,,3255,24,0,24,1,70,,9563,24,0,24,1,30,,9569,24,0,24,1,70,,9567,24,0,24,1
30201,'6',631,,9603,24,0,24,1,70,,9598,24,0,24,1,30,,9600,24,0,24,1,70,,9596,24,0,24,1,30,,9595,24,0,24,1,70,,9604,24,0,24,1,30,,9581,24,0,24,1,70,,9597,24,0,24,1,32,,9584,24,0,24,1,70,,9583,24,0,24,1,30,,9594,24,0,24,1,70,,9589,24,0,24,1,30,,9593,24,0,24,1,70,,9599,24,0,24,1,30,,9591,24,0,24,1,70,,9601,24,0,24,1,33,,9586,24,0,24,1,78,,9582,24,0,24,1,30,,9588,24,0,24,1,70,,9602,24,0,24,1,30,,9587,24,0,24,1,70,,9585,24,0,24,1,30,,9592,24,0,24,1,70,,9590,24,0,24,1
40201,'1',1158,,17340,24,0,24,1,100,,17341,24,0,24,1,100,,17342,24,0,24,1,100,,5048,24,0,24,1,100,,17343,24,0,24,1,100,,202,24,0,24,1,100,,5970,24,0,24,1
40201,'10',658,,17367,24,0,24,1,70,,17350,24,0,24,1,30,,17353,24,0,24,1,70,,17355,24,0,24,1,30,,17371,24,0,24,1,70,,17357,24,0,24,1,30,,17344,24,0,24,1,70,,17369,24,0,24,1,30,,17361,24,0,24,1,70,,17364,24,0,24,1,30,,17347,24,0,24,1,70,,17365,24,0,24,1,30,,17360,24,0,24,1,70,,17358,24,0,24,1,30,,17366,24,0,24,1,70,,17368,24,0,24,1,30,,17345,24,0,24,1,70,,17359,24,0,24,1,30,,17354,24,0,24,1,70,,17373,24,0,24,1,30,,17362,24,0,24,1,70,,17351,24,0,24,1,30,,17370,24,0,24,1,70,,17349,24,0,24,1,30,,17348,24,0,24,1,99,,17356,24,0,24,1,100,,17346,24,0,24,1,100,,17372,24,0,24,1,100,,17352,24,0,24,1,100,,17363,24,0,24,1
40201,'12',958,,17383,24,0,24,1,100,,17374,24,0,24,1,70,,8242,24,0,24,1,30,,17382,24,0,24,1,70,,17384,24,0,24,1,30,,17386,24,0,24,1,70,,17385,24,0,24,1,30,,17380,24,0,24,1,70,,5466,24,0,24,1,30,,17388,24,0,24,1,70,,17377,24,0,24,1,30,,17389,24,0,24,1,70,,17387,24,0,24,1,30,,7628,24,0,24,1,70,,17379,24,0,24,1,30,,17376,24,0,24,1,70,,17378,24,0,24,1,30,,17375,24,0,24,1,99,,17381,24,0,24,1
40201,'15',1858,,17392,24,0,24,1,99,,17394,24,0,24,1,100,,17393,24,0,24,1,100,,17391,24,0,24,1,100,,17395,24,0,24,1,100,,17390,24,0,24,1
40201,'16',1858,,17397,24,0,24,1,99,,17399,24,0,24,1,100,,17398,24,0,24,1,100,,17396,24,0,24,1,100,,17400,24,0,24,1,100,,3843,24,0,24,1
40201,'17',1858,,17402,24,0,24,1,99,,17404,24,0,24,1,100,,17403,24,0,24,1,100,,17401,24,0,24,1,100,,17405,24,0,24,1,100,,3868,24,0,24,1
40201,'19',1858,,17408,24,0,24,1,99,,8077,24,0,24,1,100,,17409,24,0,24,1,100,,17407,24,0,24,1,100,,17410,24,0,24,1,100,,17406,24,0,24,1
40201,'21',658,,17429,24,0,24,1,70,,17416,24,0,24,1,30,,17419,24,0,24,1,70,,17421,24,0,24,1,30,,17433,24,0,24,1,70,,17423,24,0,24,1,30,,17411,24,0,24,1,70,,17431,24,0,24,1,30,,17425,24,0,24,1,70,,17427,24,0,24,1,30,,17414,24,0,24,1,70,,17428,24,0,24,1,30,,7851,24,0,24,1,70,,5703,24,0,24,1,30,,7930,24,0,24,1,70,,17430,24,0,24,1,30,,17412,24,0,24,1,70,,17424,24,0,24,1,30,,17420,24,0,24,1,70,,17435,24,0,24,1,30,,7084,24,0,24,1,70,,17417,24,0,24,1,30,,17432,24,0,24,1,70,,8220,24,0,24,1,30,,17415,24,0,24,1,99,,17422,24,0,24,1,100,,17413,24,0,24,1,100,,17434,24,0,24,1,100,,17418,24,0,24,1,100,,17426,24,0,24,1
40201,'5',1858,,17437,24,0,24,1,99,,17439,24,0,24,1,100,,17438,24,0,24,1,100,,17436,24,0,24,1,100,,17440,24,0,24,1,100,,3893,24,0,24,1
40201,'6',1858,,17443,24,0,24,1,99,,17445,24,0,24,1,100,,17444,24,0,24,1,100,,17442,24,0,24,1,100,,17446,24,0,24,1,100,,17441,24,0,24,1
