30701,'12',652,,34135,8,,,1,70,,34148,8,,,1,30,,34147,8,,,1,70,,34156,8,,,1,30,,34138,8,,,1,70,,34151,8,,,1,30,,34140,8,,,1,71,,34149,8,,,1,30,,34136,8,,,1,70,,34143,8,,,1,30,,34145,8,,,1,70,,34133,8,,,1,30,,34134,8,,,1,70,,34142,8,,,1,30,,34152,8,,,1,70,,34155,8,,,1,30,,34154,8,,,1,70,,34141,8,,,1,30,,34146,8,,,1,70,,34139,8,,,1,30,,34153,8,,,1,70,,34150,8,,,1,30,,34137,8,,,1
30701,'13',652,,34159,8,,,1,70,,34170,8,,,1,30,,34169,8,,,1,70,,34178,8,,,1,30,,34162,8,,,1,70,,34173,8,,,1,30,,34164,8,,,1,71,,34171,8,,,1,30,,34160,8,,,1,70,,34166,8,,,1,30,,28152,8,,,1,70,,34157,8,,,1,30,,34158,8,,,1,70,,6785,8,,,1,30,,34174,8,,,1,70,,34177,8,,,1,30,,34176,8,,,1,70,,34165,8,,,1,30,,34168,8,,,1,70,,34163,8,,,1,30,,34175,8,,,1,70,,34172,8,,,1,30,,34161,8,,,1
30701,'3',652,,34181,8,,,1,70,,34192,8,,,1,30,,34191,8,,,1,70,,34200,8,,,1,30,,34184,8,,,1,70,,34195,8,,,1,30,,34186,8,,,1,71,,34193,8,,,1,30,,34182,8,,,1,70,,34188,8,,,1,30,,28174,8,,,1,70,,34179,8,,,1,30,,34180,8,,,1,70,,6829,8,,,1,30,,34196,8,,,1,70,,34199,8,,,1,30,,34198,8,,,1,70,,34187,8,,,1,30,,34190,8,,,1,70,,34185,8,,,1,30,,34197,8,,,1,70,,34194,8,,,1,30,,34183,8,,,1
30701,'6',652,,34203,8,,,1,70,,34216,8,,,1,30,,34215,8,,,1,70,,34224,8,,,1,30,,34206,8,,,1,70,,34219,8,,,1,30,,34208,8,,,1,71,,34217,8,,,1,30,,34204,8,,,1,70,,34211,8,,,1,30,,34213,8,,,1,70,,34201,8,,,1,30,,34202,8,,,1,70,,34210,8,,,1,30,,34220,8,,,1,70,,34223,8,,,1,30,,34222,8,,,1,70,,34209,8,,,1,30,,34214,8,,,1,70,,34207,8,,,1,30,,34221,8,,,1,70,,34218,8,,,1,30,,34205,8,,,1
41701,'1',621,,40905,3,0,62,1,30,,40894,3,0,62,1,70,,30080,3,0,62,1,30,,32586,3,0,62,1,70,,40904,3,0,62,1,30,,30610,3,0,62,1,70,,40885,3,0,62,1,30,,40902,3,0,62,1,70,,31345,3,0,62,1,30,,40901,3,0,62,1,70,,29900,3,0,62,1,30,,31670,3,0,62,1,70,,40895,3,0,62,1,30,,40889,3,0,62,1,70,,40899,3,0,62,1,30,,40891,3,0,62,1,70,,40900,3,0,62,1,30,,40893,3,0,62,1,70,,29109,3,0,62,1,30,,32248,3,0,62,1,70,,40897,3,0,62,1,30,,40898,3,0,62,1,70,,40887,3,0,62,1,30,,40903,3,0,62,1,70,,21426,3,0,62,1,100,,40892,3,0,62,1,100,,40888,3,0,62,1,100,,40886,3,0,62,1,100,,40896,3,0,62,1,100,,40890,3,0,62,1
41701,'11',621,,40935,3,0,62,1,30,,40918,3,0,62,1,70,,40927,3,0,62,1,30,,40923,3,0,62,1,70,,40934,3,0,62,1,30,,40933,3,0,62,1,70,,40908,3,0,62,1,30,,40931,3,0,62,1,70,,40924,3,0,62,1,30,,40930,3,0,62,1,70,,40929,3,0,62,1,30,,40910,3,0,62,1,70,,40919,3,0,62,1,30,,40913,3,0,62,1,70,,40926,3,0,62,1,30,,40915,3,0,62,1,70,,40928,3,0,62,1,30,,40917,3,0,62,1,70,,40907,3,0,62,1,30,,40906,3,0,62,1,70,,40922,3,0,62,1,30,,40925,3,0,62,1,70,,40911,3,0,62,1,30,,40932,3,0,62,1,70,,40921,3,0,62,1,100,,40916,3,0,62,1,100,,40912,3,0,62,1,100,,40909,3,0,62,1,100,,40920,3,0,62,1,100,,40914,3,0,62,1
41701,'12',1821,,40936,3,0,62,1,100,,40941,3,0,62,1,100,,40940,3,0,62,1,100,,40937,3,0,62,1,100,,40939,3,0,62,1,100,,40938,3,0,62,1
41701,'13',1821,,40942,3,0,62,1,100,,40947,3,0,62,1,100,,40946,3,0,62,1,100,,40943,3,0,62,1,100,,40945,3,0,62,1,100,,40944,3,0,62,1
41701,'14',1121,,40951,3,0,62,1,100,,40953,3,0,62,1,100,,40950,3,0,62,1,100,,40952,3,0,62,1,100,,40954,3,0,62,1,100,,40949,3,0,62,1,100,,40948,3,0,62,1
41701,'16',621,,40976,3,0,62,1,30,,40964,3,0,62,1,70,,30161,3,0,62,1,30,,40968,3,0,62,1,70,,40975,3,0,62,1,30,,30647,3,0,62,1,70,,40955,3,0,62,1,30,,40973,3,0,62,1,70,,31386,3,0,62,1,30,,40972,3,0,62,1,70,,29981,3,0,62,1,30,,31726,3,0,62,1,70,,40965,3,0,62,1,30,,40959,3,0,62,1,70,,40970,3,0,62,1,30,,40961,3,0,62,1,70,,40971,3,0,62,1,30,,40963,3,0,62,1,70,,17746,3,0,62,1,30,,32291,3,0,62,1,70,,40967,3,0,62,1,30,,40969,3,0,62,1,70,,40957,3,0,62,1,30,,40974,3,0,62,1,70,,31209,3,0,62,1,100,,40962,3,0,62,1,100,,40958,3,0,62,1,100,,40956,3,0,62,1,100,,40966,3,0,62,1,100,,40960,3,0,62,1
41701,'3',1821,,40977,3,0,62,1,100,,40982,3,0,62,1,100,,40981,3,0,62,1,100,,40978,3,0,62,1,100,,40980,3,0,62,1,100,,40979,3,0,62,1
41701,'6',1821,,40983,3,0,62,1,100,,40988,3,0,62,1,100,,40987,3,0,62,1,100,,40984,3,0,62,1,100,,40986,3,0,62,1,100,,40985,3,0,62,1
41701,'8',921,,40990,3,0,62,1,130,,41004,3,0,62,1,70,,40991,3,0,62,1,30,,40998,3,0,62,1,70,,40994,3,0,62,1,30,,40992,3,0,62,1,70,,40999,3,0,62,1,100,,41000,3,0,62,1,30,,40989,3,0,62,1,70,,40995,3,0,62,1,30,,40997,3,0,62,1,70,,41001,3,0,62,1,30,,41003,3,0,62,1,70,,40996,3,0,62,1,30,,40993,3,0,62,1,70,,41002,3,0,62,1,100,,30209,3,0,62,1
