30500,'12',551,,33676,5,0,58,1,70,,33679,16,0,58,1,30,,33670,16,0,58,1,70,,33691,16,0,58,1,30,,33683,16,0,58,1,70,,33675,16,0,58,1,30,,33684,16,0,58,1,70,,33685,16,0,58,1,30,,33687,16,0,58,1,70,,33688,16,0,58,1,30,,33680,16,0,58,1,70,,33689,16,0,58,1,30,,33671,16,0,58,1,70,,33681,16,0,58,1,30,,33673,16,0,58,1,70,,33669,16,0,58,1,30,,33692,16,0,58,1,70,,33682,16,0,58,1,30,,33690,16,0,58,1,70,,33672,16,0,58,1,30,,33686,16,0,58,1,70,,33674,16,0,58,1,30,,33677,16,0,58,1,70,,33678,16,0,58,1
30500,'13',551,,33700,5,0,58,1,70,,33703,16,0,58,1,30,,33694,16,0,58,1,70,,33714,16,0,58,1,30,,33707,16,0,58,1,70,,33699,16,0,58,1,30,,33708,16,0,58,1,70,,33709,16,0,58,1,30,,33711,16,0,58,1,70,,33712,16,0,58,1,30,,33704,16,0,58,1,70,,28111,16,0,58,1,30,,33695,16,0,58,1,70,,33705,16,0,58,1,30,,33697,16,0,58,1,70,,33693,16,0,58,1,30,,33715,16,0,58,1,70,,33706,16,0,58,1,30,,33713,16,0,58,1,70,,33696,16,0,58,1,30,,33710,16,0,58,1,70,,33698,16,0,58,1,30,,33701,16,0,58,1,70,,33702,16,0,58,1
30500,'3',551,,33723,5,0,58,1,70,,33726,16,0,58,1,30,,33717,16,0,58,1,70,,33737,16,0,58,1,30,,33730,16,0,58,1,70,,33722,16,0,58,1,30,,33731,16,0,58,1,70,,33732,16,0,58,1,30,,33734,16,0,58,1,70,,33735,16,0,58,1,30,,33727,16,0,58,1,70,,28133,16,0,58,1,30,,33718,16,0,58,1,70,,33728,16,0,58,1,30,,33720,16,0,58,1,70,,33716,16,0,58,1,30,,33738,16,0,58,1,70,,33729,16,0,58,1,30,,33736,16,0,58,1,70,,33719,16,0,58,1,30,,33733,16,0,58,1,70,,33721,16,0,58,1,30,,33724,16,0,58,1,70,,33725,16,0,58,1
30500,'6',551,,33746,5,0,58,1,70,,33749,16,0,58,1,30,,33740,16,0,58,1,70,,33761,16,0,58,1,30,,33753,16,0,58,1,70,,33745,16,0,58,1,30,,33754,16,0,58,1,70,,33755,16,0,58,1,30,,33757,16,0,58,1,70,,33758,16,0,58,1,30,,33750,16,0,58,1,70,,33759,16,0,58,1,30,,33741,16,0,58,1,70,,33751,16,0,58,1,30,,33743,16,0,58,1,70,,33739,16,0,58,1,30,,33762,16,0,58,1,70,,33752,16,0,58,1,30,,33760,16,0,58,1,70,,33742,16,0,58,1,30,,33756,16,0,58,1,70,,33744,16,0,58,1,30,,33747,16,0,58,1,70,,33748,16,0,58,1
41200,'1',620,,39797,16,0,23,1,30,,39789,16,0,23,1,70,,39787,16,0,23,1,30,,39793,16,0,23,1,70,,39796,16,0,23,1,30,,39784,16,0,23,1,70,,39788,16,0,23,1,30,,32721,16,0,23,1,71,,39786,16,0,23,1,30,,39803,16,0,23,1,70,,39806,16,0,23,1,30,,39804,16,0,23,1,70,,39795,16,0,23,1,30,,39780,16,0,23,1,70,,39802,16,0,23,1,30,,39791,16,0,23,1,69,,39792,16,0,23,1,30,,39783,16,0,23,1,70,,39801,16,0,23,1,30,,39798,16,0,23,1,70,,39794,16,0,23,1,30,,39799,16,0,23,1,70,,39782,16,0,23,1,30,,39790,16,0,23,1,70,,39781,16,0,23,1,100,,39805,16,0,23,1,100,,31127,16,0,23,1,100,,39800,16,0,23,1,100,,39785,16,0,23,1,100,,32572,16,0,23,1
41200,'11',620,,39825,16,0,23,1,30,,39817,16,0,23,1,70,,39815,16,0,23,1,30,,39821,16,0,23,1,70,,39809,16,0,23,1,30,,39812,16,0,23,1,70,,39816,16,0,23,1,30,,39834,16,0,23,1,71,,39814,16,0,23,1,30,,39831,16,0,23,1,70,,39836,16,0,23,1,30,,39832,16,0,23,1,70,,39823,16,0,23,1,30,,39807,16,0,23,1,70,,39830,16,0,23,1,30,,39819,16,0,23,1,69,,39820,16,0,23,1,30,,39811,16,0,23,1,70,,39829,16,0,23,1,30,,39826,16,0,23,1,70,,39822,16,0,23,1,30,,39827,16,0,23,1,70,,39810,16,0,23,1,30,,39818,16,0,23,1,70,,39808,16,0,23,1,100,,39835,16,0,23,1,100,,39833,16,0,23,1,100,,39828,16,0,23,1,100,,39813,16,0,23,1,100,,39824,16,0,23,1
41200,'12',1820,,39841,16,0,23,1,100,,39842,16,0,23,1,100,,39837,16,0,23,1,100,,39840,16,0,23,1,100,,39839,16,0,23,1,100,,39838,16,0,23,1
41200,'13',1820,,31821,16,0,23,1,100,,39847,16,0,23,1,100,,39843,16,0,23,1,100,,39846,16,0,23,1,100,,39845,16,0,23,1,100,,39844,16,0,23,1
41200,'14',1121,,39853,16,0,23,1,100,,39849,16,0,23,1,100,,39848,16,0,23,1,99,,31369,16,0,23,1,100,,39852,16,0,23,1,100,,39850,16,0,23,1,100,,39851,16,0,23,1
41200,'16',620,,39872,16,0,23,1,30,,39863,16,0,23,1,70,,39861,16,0,23,1,30,,39867,16,0,23,1,70,,39870,16,0,23,1,30,,39858,16,0,23,1,70,,39862,16,0,23,1,30,,39880,16,0,23,1,71,,39860,16,0,23,1,30,,39878,16,0,23,1,70,,39882,16,0,23,1,30,,39879,16,0,23,1,70,,39869,16,0,23,1,30,,39854,16,0,23,1,70,,39877,16,0,23,1,30,,39865,16,0,23,1,69,,39866,16,0,23,1,30,,39857,16,0,23,1,70,,39876,16,0,23,1,30,,39873,16,0,23,1,70,,39868,16,0,23,1,30,,39874,16,0,23,1,70,,39856,16,0,23,1,30,,39864,16,0,23,1,70,,39855,16,0,23,1,100,,39881,16,0,23,1,100,,31152,16,0,23,1,100,,39875,16,0,23,1,100,,39859,16,0,23,1,100,,39871,16,0,23,1
41200,'3',1820,,31880,16,0,23,1,100,,39887,16,0,23,1,100,,39883,16,0,23,1,100,,39886,16,0,23,1,100,,39885,16,0,23,1,100,,39884,16,0,23,1
41200,'6',1820,,39892,16,0,23,1,100,,39893,16,0,23,1,100,,39888,16,0,23,1,100,,39891,16,0,23,1,100,,39890,16,0,23,1,100,,39889,16,0,23,1
41200,'8',920,,39901,16,0,23,1,101,,39904,16,0,23,1,30,,39903,16,0,23,1,70,,39909,16,0,23,1,30,,39906,16,0,23,1,70,,39911,16,0,23,1,30,,39895,16,0,23,1,70,,39896,16,0,23,1,30,,39908,16,0,23,1,69,,32740,16,0,23,1,30,,39910,16,0,23,1,70,,39894,16,0,23,1,30,,39898,16,0,23,1,70,,39902,16,0,23,1,30,,39899,16,0,23,1,70,,39900,16,0,23,1,30,,39905,16,0,23,1,70,,39897,16,0,23,1,100,,39907,16,0,23,1
