30601,'12',631,,33972,11,0,9 12,1,70,,33966,11,0,9 12,1,30,,33953,11,0,9 12,1,70,,33970,11,0,9 12,1,30,,33958,11,0,9 12,1,70,,33968,11,0,9 12,1,30,,33974,11,0,9 12,1,70,,33975,11,0,9 12,1,30,,33969,11,0,9 12,1,70,,33957,11,0,9 12,1,30,,33960,11,0,9 12,1,70,,33955,11,0,9 12,1,30,,33952,11,0,9 12,1,70,,33956,11,0,9 12,1,30,,33971,11,0,9 12,1,70,,33962,11,0,9 12,1,30,,33961,11,0,9 12,1,25,,33959,11,0,9 12,1,45,,33967,11,0,9 12,1,30,,33973,11,0,9 12,1,70,,33965,11,0,9 12,1,30,,33963,11,0,9 12,1,70,,33964,11,0,9 12,1,30,,33951,11,0,9 12,1,70,,33954,11,0,9 12,1
30601,'13',631,,33994,11,0,9 12,1,70,,33988,11,0,9 12,1,30,,33977,11,0,9 12,1,70,,33992,11,0,9 12,1,30,,33982,11,0,9 12,1,70,,33990,11,0,9 12,1,30,,33995,11,0,9 12,1,70,,33996,11,0,9 12,1,30,,33991,11,0,9 12,1,70,,33981,11,0,9 12,1,30,,28401,11,0,9 12,1,70,,33979,11,0,9 12,1,30,,33976,11,0,9 12,1,70,,33980,11,0,9 12,1,30,,33993,11,0,9 12,1,70,,33985,11,0,9 12,1,30,,33984,11,0,9 12,1,25,,33983,11,0,9 12,1,45,,33989,11,0,9 12,1,30,,28711,11,0,9 12,1,70,,28692,11,0,9 12,1,30,,33986,11,0,9 12,1,70,,33987,11,0,9 12,1,30,,28678,11,0,9 12,1,70,,33978,11,0,9 12,1
30601,'3',631,,34015,11,0,9 12,1,70,,34009,11,0,9 12,1,30,,33998,11,0,9 12,1,70,,34013,11,0,9 12,1,30,,34003,11,0,9 12,1,70,,34011,11,0,9 12,1,30,,34016,11,0,9 12,1,70,,34017,11,0,9 12,1,30,,34012,11,0,9 12,1,70,,34002,11,0,9 12,1,30,,28422,11,0,9 12,1,70,,34000,11,0,9 12,1,30,,33997,11,0,9 12,1,70,,34001,11,0,9 12,1,30,,34014,11,0,9 12,1,70,,34006,11,0,9 12,1,30,,34005,11,0,9 12,1,25,,34004,11,0,9 12,1,45,,34010,11,0,9 12,1,30,,28755,11,0,9 12,1,70,,28736,11,0,9 12,1,30,,34007,11,0,9 12,1,70,,34008,11,0,9 12,1,30,,28722,11,0,9 12,1,70,,33999,11,0,9 12,1
30601,'6',631,,34039,11,0,9 12,1,70,,34033,11,0,9 12,1,30,,34020,11,0,9 12,1,70,,34037,11,0,9 12,1,30,,34025,11,0,9 12,1,70,,34035,11,0,9 12,1,30,,34041,11,0,9 12,1,70,,34042,11,0,9 12,1,30,,34036,11,0,9 12,1,70,,34024,11,0,9 12,1,30,,34027,11,0,9 12,1,70,,34022,11,0,9 12,1,30,,34019,11,0,9 12,1,70,,34023,11,0,9 12,1,30,,34038,11,0,9 12,1,70,,34029,11,0,9 12,1,30,,34028,11,0,9 12,1,25,,34026,11,0,9 12,1,45,,34034,11,0,9 12,1,30,,34040,11,0,9 12,1,70,,34032,11,0,9 12,1,30,,34030,11,0,9 12,1,70,,34031,11,0,9 12,1,30,,34018,11,0,9 12,1,70,,34021,11,0,9 12,1
40601,'1',658,,38965,11,0,9 12,1,70,,38943,11,0,9 12,1,30,,32093,11,0,9 12,1,70,,38953,11,0,9 12,1,30,,38945,11,0,9 12,1,70,,38955,11,0,9 12,1,30,,38961,11,0,9 12,1,70,,32509,11,0,9 12,1,30,,38962,11,0,9 12,1,70,,38946,11,0,9 12,1,30,,38957,11,0,9 12,1,70,,38951,11,0,9 12,1,30,,38949,11,0,9 12,1,70,,38942,11,0,9 12,1,30,,38950,11,0,9 12,1,70,,38947,11,0,9 12,1,30,,38967,11,0,9 12,1,70,,38952,11,0,9 12,1,30,,38958,11,0,9 12,1,70,,38954,11,0,9 12,1,30,,38963,11,0,9 12,1,70,,38966,11,0,9 12,1,30,,38964,11,0,9 12,1,70,,38959,11,0,9 12,1,100,,38944,11,0,9 12,1,100,,38960,11,0,9 12,1,100,,38948,11,0,9 12,1,100,,38956,11,0,9 12,1,100,,23235,11,0,9 12,1
40601,'11',658,,38994,11,0,9 12,1,70,,38969,11,0,9 12,1,30,,38989,11,0,9 12,1,70,,38979,11,0,9 12,1,30,,38971,11,0,9 12,1,70,,38981,11,0,9 12,1,30,,38987,11,0,9 12,1,70,,38992,11,0,9 12,1,30,,38990,11,0,9 12,1,70,,38972,11,0,9 12,1,30,,38983,11,0,9 12,1,70,,38977,11,0,9 12,1,30,,38975,11,0,9 12,1,70,,38968,11,0,9 12,1,30,,38976,11,0,9 12,1,70,,38973,11,0,9 12,1,30,,38996,11,0,9 12,1,70,,38978,11,0,9 12,1,30,,38984,11,0,9 12,1,70,,38980,11,0,9 12,1,30,,38991,11,0,9 12,1,70,,38995,11,0,9 12,1,30,,38993,11,0,9 12,1,70,,38985,11,0,9 12,1,100,,38970,11,0,9 12,1,100,,38986,11,0,9 12,1,100,,38974,11,0,9 12,1,100,,38982,11,0,9 12,1,100,,38988,11,0,9 12,1
40601,'12',1828,,39001,11,0,9 12,1,100,,39002,11,0,9 12,1,100,,38998,11,0,9 12,1,100,,38999,11,0,9 12,1,100,,39000,11,0,9 12,1,100,,38997,11,0,9 12,1
40601,'13',1828,,39006,11,0,9 12,1,100,,39007,11,0,9 12,1,100,,39004,11,0,9 12,1,100,,39005,11,0,9 12,1,100,,23354,11,0,9 12,1,100,,39003,11,0,9 12,1
40601,'14',1128,,39010,11,0,9 12,1,100,,39009,11,0,9 12,1,100,,39012,11,0,9 12,1,100,,39014,11,0,9 12,1,100,,39013,11,0,9 12,1,100,,39008,11,0,9 12,1,100,,39011,11,0,9 12,1
40601,'16',658,,39039,11,0,9 12,1,70,,39016,11,0,9 12,1,30,,25392,11,0,9 12,1,70,,39026,11,0,9 12,1,30,,39018,11,0,9 12,1,70,,39028,11,0,9 12,1,30,,39034,11,0,9 12,1,70,,39037,11,0,9 12,1,30,,39035,11,0,9 12,1,70,,39019,11,0,9 12,1,30,,39030,11,0,9 12,1,70,,39024,11,0,9 12,1,30,,39022,11,0,9 12,1,70,,39015,11,0,9 12,1,30,,39023,11,0,9 12,1,70,,39020,11,0,9 12,1,30,,39041,11,0,9 12,1,70,,39025,11,0,9 12,1,30,,39031,11,0,9 12,1,70,,39027,11,0,9 12,1,30,,39036,11,0,9 12,1,70,,39040,11,0,9 12,1,30,,39038,11,0,9 12,1,70,,39032,11,0,9 12,1,100,,39017,11,0,9 12,1,100,,39033,11,0,9 12,1,100,,39021,11,0,9 12,1,100,,39029,11,0,9 12,1,100,,31856,11,0,9 12,1
40601,'3',1828,,39045,11,0,9 12,1,100,,39046,11,0,9 12,1,100,,39043,11,0,9 12,1,100,,39044,11,0,9 12,1,100,,23392,11,0,9 12,1,100,,39042,11,0,9 12,1
40601,'6',1828,,39051,11,0,9 12,1,100,,39052,11,0,9 12,1,100,,39048,11,0,9 12,1,100,,39049,11,0,9 12,1,100,,39050,11,0,9 12,1,100,,39047,11,0,9 12,1
40601,'8',928,,30022,11,0,9 12,1,100,,39062,11,0,9 12,1,30,,39059,11,0,9 12,1,70,,39057,11,0,9 12,1,30,,39056,11,0,9 12,1,70,,39066,11,0,9 12,1,30,,39055,11,0,9 12,1,70,,39053,11,0,9 12,1,30,,39063,11,0,9 12,1,70,,39060,11,0,9 12,1,30,,31890,11,0,9 12,1,70,,39054,11,0,9 12,1,30,,39058,11,0,9 12,1,70,,39065,11,0,9 12,1,30,,39061,11,0,9 12,1,70,,39064,11,0,9 12,1,30,,25154,11,0,9 12,1,70,,39068,11,0,9 12,1,100,,39067,11,0,9 12,1
