30500,'15',608,,14575,4,,1,30,,14588,4,,1,70,,14576,4,,1,30,,14586,4,,1,70,,14571,4,,1,30,,14567,4,,1,70,,14565,4,,1,30,,14573,4,,1,70,,14584,4,,1,30,,14580,4,,1,70,,14579,4,,1,30,,14587,4,,1,70,,14582,4,,1,30,,14569,4,,1,70,,14570,4,,1,30,,14574,4,,1,70,,14581,4,,1,30,,14572,4,,1,70,,14585,4,,1,30,,14583,4,,1,70,,14566,4,,1,30,,14568,4,,1,70,,14578,4,,1,30,,14577,4,,1
30500,'16',608,,14599,4,,1,30,,14609,4,,1,70,,14600,4,,1,30,,7545,4,,1,70,,14595,4,,1,30,,14591,4,,1,70,,14589,4,,1,30,,14597,4,,1,70,,6402,4,,1,30,,14603,4,,1,70,,10101,4,,1,30,,14608,4,,1,70,,14605,4,,1,30,,14593,4,,1,70,,14594,4,,1,30,,14598,4,,1,70,,14604,4,,1,30,,14596,4,,1,70,,14607,4,,1,30,,14606,4,,1,70,,14590,4,,1,30,,14592,4,,1,70,,14602,4,,1,30,,14601,4,,1
30500,'17',608,,14618,4,,1,30,,14627,4,,1,70,,14619,4,,1,30,,7562,4,,1,70,,14614,4,,1,30,,5369,4,,1,70,,14610,4,,1,30,,14616,4,,1,70,,4868,4,,1,30,,14622,4,,1,70,,10142,4,,1,30,,14626,4,,1,70,,14623,4,,1,30,,9201,4,,1,70,,14613,4,,1,30,,14617,4,,1,70,,13013,4,,1,30,,14615,4,,1,70,,14625,4,,1,30,,14624,4,,1,70,,14611,4,,1,30,,14612,4,,1,70,,14621,4,,1,30,,14620,4,,1
30500,'19',608,,14638,4,,1,30,,14651,4,,1,70,,14639,4,,1,30,,14649,4,,1,70,,14634,4,,1,30,,14630,4,,1,70,,14628,4,,1,30,,14636,4,,1,70,,14647,4,,1,30,,14643,4,,1,70,,14642,4,,1,30,,14650,4,,1,70,,14645,4,,1,30,,14632,4,,1,70,,14633,4,,1,30,,14637,4,,1,70,,14644,4,,1,30,,14635,4,,1,70,,14648,4,,1,30,,14646,4,,1,70,,14629,4,,1,30,,14631,4,,1,70,,14641,4,,1,30,,14640,4,,1
30500,'5',608,,20,4,,1,30,,14669,4,,1,70,,14661,4,,1,30,,7579,4,,1,70,,14657,4,,1,30,,5359,4,,1,70,,14652,4,,1,30,,14659,4,,1,70,,4839,4,,1,30,,14664,4,,1,70,,10249,4,,1,30,,14668,4,,1,70,,14665,4,,1,30,,14655,4,,1,70,,14656,4,,1,30,,14660,4,,1,70,,13060,4,,1,30,,14658,4,,1,70,,14667,4,,1,30,,14666,4,,1,70,,14653,4,,1,30,,14654,4,,1,70,,14663,4,,1,30,,14662,4,,1
30500,'6',608,,14680,4,,1,30,,14693,4,,1,70,,14681,4,,1,30,,14691,4,,1,70,,14676,4,,1,30,,14672,4,,1,70,,14670,4,,1,30,,14678,4,,1,70,,14689,4,,1,30,,14685,4,,1,70,,14684,4,,1,30,,14692,4,,1,70,,14687,4,,1,30,,14674,4,,1,70,,14675,4,,1,30,,14679,4,,1,70,,14686,4,,1,30,,14677,4,,1,70,,14690,4,,1,30,,14688,4,,1,70,,14671,4,,1,30,,14673,4,,1,70,,14683,4,,1,30,,14682,4,,1
31701,'15',613,,17873,0,62,1,30,,17866,0,62,1,70,,17876,0,62,1,30,,17874,0,62,1,70,,17868,0,62,1,30,,17882,0,62,1,70,,17879,0,62,1,30,,17877,0,62,1,70,,17883,0,62,1,30,,17869,0,62,1,70,,17889,0,62,1,30,,17888,0,62,1,70,,17885,0,62,1,30,,17871,0,62,1,70,,17886,0,62,1,30,,17870,0,62,1,70,,17887,0,62,1,30,,17884,0,62,1,70,,17872,0,62,1,30,,17881,0,62,1,70,,17875,0,62,1,30,,17880,0,62,1,70,,17867,0,62,1,30,,17878,0,62,1
31701,'16',613,,17895,0,62,1,30,,17890,0,62,1,70,,17898,0,62,1,30,,17896,0,62,1,70,,6996,0,62,1,30,,7535,0,62,1,70,,17901,0,62,1,30,,17899,0,62,1,70,,17903,0,62,1,30,,17892,0,62,1,70,,17909,0,62,1,30,,17908,0,62,1,70,,17905,0,62,1,30,,5642,0,62,1,70,,17906,0,62,1,30,,17893,0,62,1,70,,17907,0,62,1,30,,17904,0,62,1,70,,17894,0,62,1,30,,6838,0,62,1,70,,17897,0,62,1,30,,17902,0,62,1,70,,17891,0,62,1,30,,17900,0,62,1
31701,'17',613,,17915,0,62,1,30,,17910,0,62,1,70,,17918,0,62,1,30,,17916,0,62,1,70,,7019,0,62,1,30,,7554,0,62,1,70,,17921,0,62,1,30,,17919,0,62,1,70,,17923,0,62,1,30,,17912,0,62,1,70,,17929,0,62,1,30,,17928,0,62,1,70,,17925,0,62,1,30,,5690,0,62,1,70,,17926,0,62,1,30,,17913,0,62,1,70,,17927,0,62,1,30,,17924,0,62,1,70,,17914,0,62,1,30,,6859,0,62,1,70,,17917,0,62,1,30,,17922,0,62,1,70,,17911,0,62,1,30,,17920,0,62,1
31701,'19',613,,17937,0,62,1,30,,17930,0,62,1,70,,17940,0,62,1,30,,17938,0,62,1,70,,17932,0,62,1,30,,17946,0,62,1,70,,17943,0,62,1,30,,17941,0,62,1,70,,17947,0,62,1,30,,17933,0,62,1,70,,17953,0,62,1,30,,17952,0,62,1,70,,17949,0,62,1,30,,17935,0,62,1,70,,17950,0,62,1,30,,17934,0,62,1,70,,17951,0,62,1,30,,17948,0,62,1,70,,17936,0,62,1,30,,17945,0,62,1,70,,17939,0,62,1,30,,17944,0,62,1,70,,17931,0,62,1,30,,17942,0,62,1
31701,'5',613,,17958,0,62,1,30,,17954,0,62,1,70,,17961,0,62,1,30,,17959,0,62,1,70,,7035,0,62,1,30,,7571,0,62,1,70,,17964,0,62,1,30,,17962,0,62,1,70,,17966,0,62,1,30,,17956,0,62,1,70,,17972,0,62,1,30,,17971,0,62,1,70,,17968,0,62,1,30,,5730,0,62,1,70,,17969,0,62,1,30,,17957,0,62,1,70,,17970,0,62,1,30,,17967,0,62,1,70,,9393,0,62,1,30,,6881,0,62,1,70,,17960,0,62,1,30,,17965,0,62,1,70,,17955,0,62,1,30,,17963,0,62,1
31701,'6',613,,17980,0,62,1,30,,17973,0,62,1,70,,17983,0,62,1,30,,17981,0,62,1,70,,17975,0,62,1,30,,17989,0,62,1,70,,17986,0,62,1,30,,17984,0,62,1,70,,17990,0,62,1,30,,17976,0,62,1,70,,17996,0,62,1,30,,17995,0,62,1,70,,17992,0,62,1,30,,17978,0,62,1,70,,17993,0,62,1,30,,17977,0,62,1,70,,17994,0,62,1,30,,17991,0,62,1,70,,17979,0,62,1,30,,17988,0,62,1,70,,17982,0,62,1,30,,17987,0,62,1,70,,17974,0,62,1,30,,17985,0,62,1
