32201,'10',642,,18789,0,69 70,1,70,,18780,0,69 70,1,30,,18781,0,69 70,1,70,,18786,0,69 70,1,30,,18776,0,69 70,1,100,,18785,0,69 70,1,100,,18782,0,69 70,1,100,,18783,0,69 70,1,100,,18778,0,69 70,1,100,,18787,0,69 70,1,100,,18788,0,69 70,1,100,,18790,0,69 70,1,100,,18784,0,69 70,1,100,,18779,0,69 70,1,100,,18777,0,69 70,1
32201,'15',642,,18802,0,69 70,1,70,,18801,0,69 70,1,30,,18792,0,69 70,1,70,,18796,0,69 70,1,30,,18791,0,69 70,1,100,,18805,0,69 70,1,100,,18795,0,69 70,1,100,,18797,0,69 70,1,100,,18800,0,69 70,1,100,,18794,0,69 70,1,100,,18793,0,69 70,1,100,,18798,0,69 70,1,100,,18799,0,69 70,1,100,,18804,0,69 70,1,100,,18803,0,69 70,1
32201,'16',642,,18815,0,69 70,1,70,,18814,0,69 70,1,30,,18807,0,69 70,1,70,,18809,0,69 70,1,30,,18806,0,69 70,1,100,,18818,0,69 70,1,100,,12497,0,69 70,1,100,,18810,0,69 70,1,100,,18813,0,69 70,1,100,,10869,0,69 70,1,100,,18808,0,69 70,1,100,,18811,0,69 70,1,100,,18812,0,69 70,1,100,,18817,0,69 70,1,100,,18816,0,69 70,1
32201,'17',642,,18827,0,69 70,1,70,,18826,0,69 70,1,30,,18820,0,69 70,1,70,,18822,0,69 70,1,30,,18819,0,69 70,1,100,,18830,0,69 70,1,100,,12503,0,69 70,1,100,,1792,0,69 70,1,100,,18825,0,69 70,1,100,,10874,0,69 70,1,100,,18821,0,69 70,1,100,,18823,0,69 70,1,100,,18824,0,69 70,1,100,,18829,0,69 70,1,100,,18828,0,69 70,1
32201,'19',642,,18840,0,69 70,1,70,,18839,0,69 70,1,30,,18831,0,69 70,1,70,,18835,0,69 70,1,30,,11758,0,69 70,1,100,,18843,0,69 70,1,100,,18834,0,69 70,1,100,,18836,0,69 70,1,100,,18838,0,69 70,1,100,,18833,0,69 70,1,100,,18832,0,69 70,1,100,,12377,0,69 70,1,100,,18837,0,69 70,1,100,,18842,0,69 70,1,100,,18841,0,69 70,1
32201,'21',642,,18856,0,69 70,1,70,,18847,0,69 70,1,30,,18848,0,69 70,1,70,,18853,0,69 70,1,30,,11231,0,69 70,1,100,,18852,0,69 70,1,100,,18849,0,69 70,1,100,,18850,0,69 70,1,100,,18845,0,69 70,1,100,,18854,0,69 70,1,100,,18855,0,69 70,1,100,,18857,0,69 70,1,100,,18851,0,69 70,1,100,,18846,0,69 70,1,100,,18844,0,69 70,1
32201,'5',642,,18866,0,69 70,1,70,,18865,0,69 70,1,30,,18859,0,69 70,1,70,,18861,0,69 70,1,30,,18858,0,69 70,1,100,,18869,0,69 70,1,100,,12552,0,69 70,1,100,,1768,0,69 70,1,100,,18864,0,69 70,1,100,,10911,0,69 70,1,100,,18860,0,69 70,1,100,,18862,0,69 70,1,100,,18863,0,69 70,1,100,,18868,0,69 70,1,100,,18867,0,69 70,1
32201,'6',642,,18881,0,69 70,1,70,,18880,0,69 70,1,30,,18871,0,69 70,1,70,,18875,0,69 70,1,30,,18870,0,69 70,1,100,,18884,0,69 70,1,100,,18874,0,69 70,1,100,,18876,0,69 70,1,100,,18879,0,69 70,1,100,,18873,0,69 70,1,100,,18872,0,69 70,1,100,,18877,0,69 70,1,100,,18878,0,69 70,1,100,,18883,0,69 70,1,100,,18882,0,69 70,1
33201,'15',801,,19596,0,30,1,100,,19601,0,30,1,100,,19592,0,30,1,100,,19594,0,30,1,100,,19597,0,30,1,100,,19595,0,30,1,100,,19593,0,30,1,100,,19598,0,30,1,100,,19599,0,30,1,100,,19591,0,30,1,100,,19600,0,30,1
33201,'16',801,,19611,0,30,1,30,,19608,0,30,1,70,,19617,0,30,1,30,,19610,0,30,1,70,,19604,0,30,1,30,,19603,0,30,1,70,,19607,0,30,1,30,,19615,0,30,1,70,,19612,0,30,1,30,,19618,0,30,1,70,,19609,0,30,1,30,,7684,0,30,1,70,,19605,0,30,1,30,,19602,0,30,1,70,,19613,0,30,1,30,,6385,0,30,1,70,,19614,0,30,1,30,,5800,0,30,1,70,,5867,0,30,1,30,,19606,0,30,1,70,,19616,0,30,1,30,,8669,0,30,1
33201,'17',801,,19628,0,30,1,30,,19625,0,30,1,70,,19634,0,30,1,30,,19627,0,30,1,70,,19621,0,30,1,30,,19620,0,30,1,70,,19624,0,30,1,30,,19632,0,30,1,70,,19629,0,30,1,30,,19635,0,30,1,70,,19626,0,30,1,30,,7700,0,30,1,70,,19622,0,30,1,30,,19619,0,30,1,70,,19630,0,30,1,30,,6410,0,30,1,70,,19631,0,30,1,30,,5818,0,30,1,70,,1516,0,30,1,30,,19623,0,30,1,70,,19633,0,30,1,30,,8695,0,30,1
33201,'19',801,,19647,0,30,1,30,,19642,0,30,1,70,,19655,0,30,1,30,,19653,0,30,1,70,,19640,0,30,1,30,,19650,0,30,1,70,,19644,0,30,1,30,,19636,0,30,1,70,,19648,0,30,1,30,,19643,0,30,1,70,,19646,0,30,1,30,,19651,0,30,1,70,,11859,0,30,1,30,,19637,0,30,1,70,,19649,0,30,1,30,,19656,0,30,1,70,,19652,0,30,1,30,,19638,0,30,1,70,,19639,0,30,1,30,,19641,0,30,1,70,,19654,0,30,1,30,,19645,0,30,1
33201,'5',801,,19667,0,30,1,30,,19658,0,30,1,70,,19673,0,30,1,30,,8138,0,30,1,70,,19659,0,30,1,30,,19664,0,30,1,70,,9399,0,30,1,30,,6866,0,30,1,70,,19669,0,30,1,30,,19663,0,30,1,70,,12824,0,30,1,30,,19665,0,30,1,70,,19662,0,30,1,30,,19661,0,30,1,70,,19670,0,30,1,30,,19668,0,30,1,70,,19671,0,30,1,30,,19666,0,30,1,70,,5907,0,30,1,30,,19660,0,30,1,70,,19672,0,30,1,30,,19657,0,30,1
33201,'6',801,,19679,0,30,1,100,,19684,0,30,1,100,,19675,0,30,1,100,,19677,0,30,1,100,,19680,0,30,1,100,,19678,0,30,1,100,,19676,0,30,1,100,,19681,0,30,1,100,,19682,0,30,1,100,,19674,0,30,1,100,,19683,0,30,1
43201,'10',729,,25242,0,52,1,30,,25225,0,52,1,70,,25223,0,52,1,30,,25220,0,52,1,70,,25245,0,52,1,30,,25228,0,52,1,70,,25216,0,52,1,30,,25213,0,52,1,70,,25233,0,52,1,30,,25235,0,52,1,70,,25236,0,52,1,30,,25219,0,52,1,70,,25215,0,52,1,30,,25240,0,52,1,73,,25211,0,52,1,70,,25222,0,52,1,30,,25224,0,52,1,70,,25221,0,52,1,30,,25212,0,52,1,70,,25229,0,52,1,30,,25243,0,52,1,70,,25218,0,52,1,30,,25234,0,52,1,70,,25231,0,52,1,28,,25217,0,52,1,70,,25226,0,52,1,30,,25239,0,52,1,70,,25214,0,52,1,30,,25244,0,52,1,70,,25238,0,52,1,30,,25232,0,52,1,70,,25230,0,52,1,30,,25237,0,52,1,70,,25227,0,52,1,30,,25241,0,52,1
43201,'15',1902,,25248,0,52,1,98,,25247,0,52,1,100,,25249,0,52,1,100,,25250,0,52,1,100,,25246,0,52,1
43201,'16',1902,,25253,0,52,1,28,,25257,0,52,1,70,,25252,0,52,1,30,,25255,0,52,1,70,,25256,0,52,1,30,,25260,0,52,1,70,,25258,0,52,1,30,,25259,0,52,1,70,,25251,0,52,1,30,,25254,0,52,1,70,,6842,0,52,1
43201,'17',1902,,25263,0,52,1,28,,25267,0,52,1,70,,25262,0,52,1,30,,25265,0,52,1,70,,25266,0,52,1,30,,25270,0,52,1,70,,25268,0,52,1,30,,25269,0,52,1,70,,25261,0,52,1,30,,25264,0,52,1,70,,6864,0,52,1
43201,'19',1902,,25273,0,52,1,98,,25272,0,52,1,100,,25274,0,52,1,100,,25275,0,52,1,100,,25271,0,52,1
43201,'5',1902,,25279,0,52,1,28,,25282,0,52,1,70,,25278,0,52,1,30,,25283,0,52,1,70,,25281,0,52,1,30,,25277,0,52,1,70,,25284,0,52,1,30,,25280,0,52,1,70,,25276,0,52,1
43201,'6',1902,,25287,0,52,1,98,,25286,0,52,1,100,,25288,0,52,1,100,,25289,0,52,1,100,,25285,0,52,1
