30201,'12',621,,33215,6,0,24,1,30,,33224,6,0,24,1,70,,33225,6,0,24,1,30,,33230,6,0,24,1,70,,33218,6,0,24,1,30,,33235,6,0,24,1,70,,33219,6,0,24,1,30,,33229,6,0,24,1,70,,33231,6,0,24,1,30,,33237,6,0,24,1,70,,33216,6,0,24,1,30,,33217,6,0,24,1,70,,33232,6,0,24,1,30,,33226,6,0,24,1,70,,33223,6,0,24,1,30,,33227,6,0,24,1,73,,33228,6,0,24,1,78,,33221,6,0,24,1,30,,33220,6,0,24,1,70,,33234,6,0,24,1,30,,33233,6,0,24,1,70,,33238,6,0,24,1,30,,33222,6,0,24,1,70,,33236,6,0,24,1
30201,'13',621,,33239,6,0,24,1,30,,33248,6,0,24,1,70,,33249,6,0,24,1,30,,33254,6,0,24,1,70,,33242,6,0,24,1,30,,33258,6,0,24,1,70,,33243,6,0,24,1,30,,33253,6,0,24,1,70,,33255,6,0,24,1,30,,33260,6,0,24,1,70,,33240,6,0,24,1,30,,33241,6,0,24,1,70,,33256,6,0,24,1,30,,33250,6,0,24,1,70,,33247,6,0,24,1,30,,33251,6,0,24,1,73,,33252,6,0,24,1,78,,33245,6,0,24,1,30,,33244,6,0,24,1,70,,33257,6,0,24,1,30,,29290,6,0,24,1,70,,28820,6,0,24,1,30,,33246,6,0,24,1,70,,33259,6,0,24,1
30201,'3',621,,33261,6,0,24,1,30,,33270,6,0,24,1,70,,33271,6,0,24,1,30,,33276,6,0,24,1,70,,33264,6,0,24,1,30,,33280,6,0,24,1,70,,33265,6,0,24,1,30,,33275,6,0,24,1,70,,33277,6,0,24,1,30,,33282,6,0,24,1,70,,33262,6,0,24,1,30,,33263,6,0,24,1,70,,33278,6,0,24,1,30,,33272,6,0,24,1,70,,33269,6,0,24,1,30,,33273,6,0,24,1,73,,33274,6,0,24,1,78,,33267,6,0,24,1,30,,33266,6,0,24,1,70,,33279,6,0,24,1,30,,29309,6,0,24,1,70,,28843,6,0,24,1,30,,33268,6,0,24,1,70,,33281,6,0,24,1
30201,'6',621,,33283,6,0,24,1,30,,33292,6,0,24,1,70,,33293,6,0,24,1,30,,33298,6,0,24,1,70,,33286,6,0,24,1,30,,33303,6,0,24,1,70,,33287,6,0,24,1,30,,33297,6,0,24,1,70,,33299,6,0,24,1,30,,33305,6,0,24,1,70,,33284,6,0,24,1,30,,33285,6,0,24,1,70,,33300,6,0,24,1,30,,33294,6,0,24,1,70,,33291,6,0,24,1,30,,33295,6,0,24,1,73,,33296,6,0,24,1,78,,33289,6,0,24,1,30,,33288,6,0,24,1,70,,33302,6,0,24,1,30,,33301,6,0,24,1,70,,33306,6,0,24,1,30,,33290,6,0,24,1,70,,33304,6,0,24,1
40201,'1',649,,38428,6,0,24,1,70,,38425,6,0,24,1,30,,38426,6,0,24,1,70,,38427,6,0,24,1,30,,38437,6,0,24,1,70,,38432,6,0,24,1,30,,38441,6,0,24,1,70,,38423,6,0,24,1,30,,38430,6,0,24,1,70,,38436,6,0,24,1,30,,38419,6,0,24,1,70,,38433,6,0,24,1,30,,38438,6,0,24,1,70,,31028,6,0,24,1,30,,38418,6,0,24,1,70,,38415,6,0,24,1,30,,38424,6,0,24,1,70,,38431,6,0,24,1,30,,38435,6,0,24,1,70,,38421,6,0,24,1,30,,31249,6,0,24,1,70,,38417,6,0,24,1,30,,38422,6,0,24,1,70,,38442,6,0,24,1,30,,38434,6,0,24,1,100,,38429,6,0,24,1,100,,38440,6,0,24,1,100,,38420,6,0,24,1,100,,38439,6,0,24,1,100,,38416,6,0,24,1
40201,'11',649,,38459,6,0,24,1,70,,38456,6,0,24,1,30,,38457,6,0,24,1,70,,38458,6,0,24,1,30,,38454,6,0,24,1,70,,38463,6,0,24,1,30,,38471,6,0,24,1,70,,38453,6,0,24,1,30,,38461,6,0,24,1,70,,38467,6,0,24,1,30,,38449,6,0,24,1,70,,38464,6,0,24,1,30,,38468,6,0,24,1,70,,38443,6,0,24,1,30,,38448,6,0,24,1,70,,38444,6,0,24,1,30,,38455,6,0,24,1,70,,38462,6,0,24,1,30,,38466,6,0,24,1,70,,38451,6,0,24,1,30,,38446,6,0,24,1,70,,38447,6,0,24,1,30,,38452,6,0,24,1,70,,38472,6,0,24,1,30,,38465,6,0,24,1,100,,38460,6,0,24,1,100,,38470,6,0,24,1,100,,38450,6,0,24,1,100,,38469,6,0,24,1,100,,38445,6,0,24,1
40201,'12',1849,,38476,6,0,24,1,100,,38473,6,0,24,1,100,,38474,6,0,24,1,100,,38478,6,0,24,1,100,,38475,6,0,24,1,100,,38477,6,0,24,1
40201,'13',1849,,38482,6,0,24,1,100,,38479,6,0,24,1,100,,38480,6,0,24,1,100,,38484,6,0,24,1,100,,38481,6,0,24,1,100,,38483,6,0,24,1
40201,'14',1149,,38488,6,0,24,1,100,,29737,6,0,24,1,100,,38487,6,0,24,1,100,,38486,6,0,24,1,100,,38490,6,0,24,1,100,,38485,6,0,24,1,100,,38489,6,0,24,1
40201,'16',649,,38504,6,0,24,1,70,,38501,6,0,24,1,30,,38502,6,0,24,1,70,,38503,6,0,24,1,30,,38513,6,0,24,1,70,,38508,6,0,24,1,30,,38517,6,0,24,1,70,,38499,6,0,24,1,30,,38506,6,0,24,1,70,,38512,6,0,24,1,30,,38495,6,0,24,1,70,,38509,6,0,24,1,30,,38514,6,0,24,1,70,,31065,6,0,24,1,30,,38494,6,0,24,1,70,,38491,6,0,24,1,30,,38500,6,0,24,1,70,,38507,6,0,24,1,30,,38511,6,0,24,1,70,,38497,6,0,24,1,30,,31288,6,0,24,1,70,,38493,6,0,24,1,30,,38498,6,0,24,1,70,,38518,6,0,24,1,30,,38510,6,0,24,1,100,,38505,6,0,24,1,100,,38516,6,0,24,1,100,,38496,6,0,24,1,100,,38515,6,0,24,1,100,,38492,6,0,24,1
40201,'3',1849,,38522,6,0,24,1,100,,38519,6,0,24,1,100,,38520,6,0,24,1,100,,38524,6,0,24,1,100,,38521,6,0,24,1,100,,38523,6,0,24,1
40201,'6',1849,,38528,6,0,24,1,100,,38525,6,0,24,1,100,,38526,6,0,24,1,100,,38530,6,0,24,1,100,,38527,6,0,24,1,100,,38529,6,0,24,1
40201,'8',949,,38533,6,0,24,1,100,,38534,6,0,24,1,70,,38536,6,0,24,1,30,,25796,6,0,24,1,70,,38545,6,0,24,1,30,,38542,6,0,24,1,70,,38540,6,0,24,1,30,,38539,6,0,24,1,70,,38547,6,0,24,1,30,,38532,6,0,24,1,70,,38544,6,0,24,1,30,,38543,6,0,24,1,70,,38535,6,0,24,1,30,,38538,6,0,24,1,70,,38531,6,0,24,1,30,,38548,6,0,24,1,70,,38541,6,0,24,1,30,,38546,6,0,24,1,100,,38537,6,0,24,1
