30101,'12',630,,32947,24,0,5 15,1,70,,32948,24,0,5 15,1,30,,32969,24,0,5 15,1,70,,32985,24,0,5 15,1,30,,32960,24,0,5 15,1,70,,32976,24,0,5 15,1,30,,32954,24,0,5 15,1,70,,32952,24,0,5 15,1,30,,32986,24,0,5 15,1,70,,32966,24,0,5 15,1,30,,32967,24,0,5 15,1,70,,32945,24,0,5 15,1,30,,32955,24,0,5 15,1,70,,32957,24,0,5 15,1,30,,32987,24,0,5 15,1,70,,32991,24,0,5 15,1,30,,32956,24,0,5 15,1,70,,32990,24,0,5 15,1,30,,32980,24,0,5 15,1,70,,32971,24,0,5 15,1,30,,32972,24,0,5 15,1,70,,32994,24,0,5 15,1,30,,32993,24,0,5 15,1,70,,32977,24,0,5 15,1
30101,'13',630,,32997,24,0,5 15,1,70,,32998,24,0,5 15,1,30,,33016,24,0,5 15,1,70,,28476,24,0,5 15,1,30,,33008,24,0,5 15,1,70,,33022,24,0,5 15,1,30,,33003,24,0,5 15,1,70,,33001,24,0,5 15,1,30,,33030,24,0,5 15,1,70,,33014,24,0,5 15,1,30,,33015,24,0,5 15,1,70,,32995,24,0,5 15,1,30,,33004,24,0,5 15,1,70,,33006,24,0,5 15,1,30,,31703,24,0,5 15,1,70,,33033,24,0,5 15,1,30,,33005,24,0,5 15,1,70,,28477,24,0,5 15,1,30,,33026,24,0,5 15,1,70,,33017,24,0,5 15,1,30,,33018,24,0,5 15,1,70,,33036,24,0,5 15,1,30,,33035,24,0,5 15,1,70,,33023,24,0,5 15,1
30101,'3',630,,33039,24,0,5 15,1,70,,33040,24,0,5 15,1,30,,33058,24,0,5 15,1,70,,28491,24,0,5 15,1,30,,33050,24,0,5 15,1,70,,33064,24,0,5 15,1,30,,33045,24,0,5 15,1,70,,33043,24,0,5 15,1,30,,33072,24,0,5 15,1,70,,33056,24,0,5 15,1,30,,33057,24,0,5 15,1,70,,33037,24,0,5 15,1,30,,33046,24,0,5 15,1,70,,33048,24,0,5 15,1,30,,31758,24,0,5 15,1,70,,33075,24,0,5 15,1,30,,33047,24,0,5 15,1,70,,28492,24,0,5 15,1,30,,33068,24,0,5 15,1,70,,33059,24,0,5 15,1,30,,33060,24,0,5 15,1,70,,33078,24,0,5 15,1,30,,33077,24,0,5 15,1,70,,33065,24,0,5 15,1
30101,'6',630,,33081,24,0,5 15,1,70,,33082,24,0,5 15,1,30,,33103,24,0,5 15,1,70,,33119,24,0,5 15,1,30,,33094,24,0,5 15,1,70,,33110,24,0,5 15,1,30,,33088,24,0,5 15,1,70,,33086,24,0,5 15,1,30,,33120,24,0,5 15,1,70,,33100,24,0,5 15,1,30,,33101,24,0,5 15,1,70,,33079,24,0,5 15,1,30,,33089,24,0,5 15,1,70,,33091,24,0,5 15,1,30,,33121,24,0,5 15,1,70,,33125,24,0,5 15,1,30,,33090,24,0,5 15,1,70,,33124,24,0,5 15,1,30,,33114,24,0,5 15,1,70,,33105,24,0,5 15,1,30,,33106,24,0,5 15,1,70,,33128,24,0,5 15,1,30,,33127,24,0,5 15,1,70,,33111,24,0,5 15,1
40101,'1',644,,38036,24,0,16,1,70,,38052,24,0,16,1,30,,38025,24,0,16,1,70,,38054,24,0,16,1,30,,38057,24,0,16,1,70,,38048,24,0,16,1,30,,32002,24,0,16,1,70,,38046,24,0,16,1,30,,38060,24,0,16,1,70,,38020,24,0,16,1,30,,38034,24,0,16,1,70,,38031,24,0,16,1,30,,30519,24,0,16,1,70,,38038,24,0,16,1,30,,38026,24,0,16,1,70,,38043,24,0,16,1,30,,38045,24,0,16,1,70,,38063,24,0,16,1,30,,38040,24,0,16,1,70,,38033,24,0,16,1,30,,38032,24,0,16,1,70,,38027,24,0,16,1,30,,38056,24,0,16,1,70,,38059,24,0,16,1,30,,38037,24,0,16,1,100,,38012,24,0,16,1,100,,38028,24,0,16,1,100,,38049,24,0,16,1,100,,38013,24,0,16,1,100,,38011,24,0,5,1
40101,'11',644,,38093,24,0,16,1,70,,38112,24,0,16,1,30,,38082,24,0,16,1,70,,38114,24,0,16,1,30,,38117,24,0,16,1,70,,38107,24,0,16,1,30,,38102,24,0,16,1,70,,38105,24,0,16,1,30,,38120,24,0,16,1,70,,38077,24,0,16,1,30,,38091,24,0,16,1,70,,38088,24,0,16,1,30,,38099,24,0,16,1,70,,38094,24,0,16,1,30,,38083,24,0,16,1,70,,38101,24,0,16,1,30,,38104,24,0,16,1,70,,38124,24,0,16,1,30,,38097,24,0,16,1,70,,38090,24,0,16,1,30,,38089,24,0,16,1,70,,38084,24,0,16,1,30,,38116,24,0,16,1,70,,38119,24,0,16,1,30,,38095,24,0,16,1,100,,38069,24,0,16,1,100,,38085,24,0,16,1,100,,38108,24,0,16,1,100,,38070,24,0,16,1,100,,38068,24,0,5,1
40101,'12',1844,,38134,24,0,16,1,100,,38133,24,0,16,1,100,,38132,24,0,16,1,100,,38128,24,0,16,1,100,,38137,24,0,16,1,100,,38130,24,0,5,1
40101,'13',1844,,38145,24,0,16,1,100,,38144,24,0,16,1,100,,38143,24,0,16,1,100,,38139,24,0,16,1,100,,38148,24,0,16,1,100,,38141,24,0,5,1
40101,'14',1044,,38157,24,0,16,1,100,,38159,24,0,16,1,100,,38158,24,0,16,1,100,,38153,24,0,16,1,100,,38156,24,0,16,1,100,,38151,24,0,16,1,100,,38162,24,0,16,1,100,,38149,24,0,5,1
40101,'16',644,,38191,24,0,16,1,70,,38207,24,0,16,1,30,,38180,24,0,16,1,70,,38209,24,0,16,1,30,,38212,24,0,16,1,70,,38203,24,0,16,1,30,,32040,24,0,16,1,70,,38201,24,0,16,1,30,,38215,24,0,16,1,70,,38175,24,0,16,1,30,,38189,24,0,16,1,70,,38186,24,0,16,1,30,,30556,24,0,16,1,70,,38193,24,0,16,1,30,,38181,24,0,16,1,70,,38198,24,0,16,1,30,,38200,24,0,16,1,70,,38218,24,0,16,1,30,,38195,24,0,16,1,70,,38188,24,0,16,1,30,,38187,24,0,16,1,70,,38182,24,0,16,1,30,,38211,24,0,16,1,70,,38214,24,0,16,1,30,,38192,24,0,16,1,100,,38167,24,0,16,1,100,,38183,24,0,16,1,100,,38204,24,0,16,1,100,,38168,24,0,16,1,100,,38166,24,0,5,1
40101,'3',1844,,38228,24,0,16,1,100,,38227,24,0,16,1,100,,38226,24,0,16,1,100,,38222,24,0,16,1,100,,38231,24,0,16,1,100,,38224,24,0,5,1
40101,'6',1844,,38239,24,0,16,1,100,,38238,24,0,16,1,100,,38237,24,0,16,1,100,,38233,24,0,16,1,100,,38242,24,0,16,1,100,,38235,24,0,5,1
40101,'8',844,,38272,24,0,16,1,100,,38276,24,0,16,1,100,,38252,24,0,16,1,70,,38262,24,0,16,1,30,,38268,24,0,16,1,70,,38258,24,0,16,1,30,,38281,24,0,16,1,70,,38247,24,0,16,1,30,,38243,24,0,16,1,70,,38260,24,0,16,1,30,,38253,24,0,16,1,70,,38274,24,0,16,1,30,,38254,24,0,16,1,70,,38267,24,0,16,1,30,,38251,24,0,16,1,70,,38244,24,0,16,1,30,,38269,24,0,16,1,70,,38248,24,0,16,1,30,,38273,24,0,16,1,100,,38279,24,0,16,1
