30700,'15',646,,15087,0,65 14,1,70,,15088,0,65 14,1,30,,15098,0,65 14,1,70,,15089,0,65 14,1,30,,15094,0,65 14,1,70,,15102,0,65 14,1,30,,15083,0,65 14,1,71,,15097,0,65 14,1,30,,15101,0,65 14,1,70,,15104,0,65 14,1,30,,15090,0,65 14,1,70,,15105,0,65 14,1,30,,15086,0,65 14,1,70,,15093,0,65 14,1,30,,15099,0,65 14,1,70,,15100,0,65 14,1,30,,15103,0,65 14,1,70,,15084,0,65 14,1,30,,15091,0,65 14,1,70,,15095,0,65 14,1,30,,15092,0,65 14,1,70,,15085,0,65 14,1,30,,15096,0,65 14,1
30700,'16',646,,7251,0,65 14,1,70,,15110,0,65 14,1,30,,15119,0,65 14,1,70,,15111,0,65 14,1,30,,15116,0,65 14,1,70,,15123,0,65 14,1,30,,15106,0,65 14,1,71,,10366,0,65 14,1,30,,15122,0,65 14,1,70,,15125,0,65 14,1,30,,15112,0,65 14,1,70,,15126,0,65 14,1,30,,15109,0,65 14,1,70,,15115,0,65 14,1,30,,15120,0,65 14,1,70,,15121,0,65 14,1,30,,15124,0,65 14,1,70,,15107,0,65 14,1,30,,15113,0,65 14,1,70,,15117,0,65 14,1,30,,15114,0,65 14,1,70,,15108,0,65 14,1,30,,15118,0,65 14,1
30700,'17',646,,7277,0,65 14,1,70,,15131,0,65 14,1,30,,9384,0,65 14,1,70,,15132,0,65 14,1,30,,15136,0,65 14,1,70,,15142,0,65 14,1,30,,15127,0,65 14,1,71,,1052,0,65 14,1,30,,15141,0,65 14,1,70,,15144,0,65 14,1,30,,15133,0,65 14,1,70,,15145,0,65 14,1,30,,15130,0,65 14,1,70,,15135,0,65 14,1,30,,15139,0,65 14,1,70,,15140,0,65 14,1,30,,15143,0,65 14,1,70,,15128,0,65 14,1,30,,1665,0,65 14,1,70,,15137,0,65 14,1,30,,15134,0,65 14,1,70,,15129,0,65 14,1,30,,15138,0,65 14,1
30700,'19',646,,15150,0,65 14,1,70,,15151,0,65 14,1,30,,15161,0,65 14,1,70,,15152,0,65 14,1,30,,15157,0,65 14,1,70,,15165,0,65 14,1,30,,15146,0,65 14,1,71,,15160,0,65 14,1,30,,15164,0,65 14,1,70,,15167,0,65 14,1,30,,15153,0,65 14,1,70,,15168,0,65 14,1,30,,15149,0,65 14,1,70,,15156,0,65 14,1,30,,15162,0,65 14,1,70,,15163,0,65 14,1,30,,15166,0,65 14,1,70,,15147,0,65 14,1,30,,15154,0,65 14,1,70,,15158,0,65 14,1,30,,15155,0,65 14,1,70,,15148,0,65 14,1,30,,15159,0,65 14,1
30700,'5',646,,7300,0,65 14,1,70,,15173,0,65 14,1,30,,15182,0,65 14,1,70,,15174,0,65 14,1,30,,15179,0,65 14,1,70,,15186,0,65 14,1,30,,15169,0,65 14,1,71,,1026,0,65 14,1,30,,15185,0,65 14,1,70,,15188,0,65 14,1,30,,15175,0,65 14,1,70,,15189,0,65 14,1,30,,15172,0,65 14,1,70,,15178,0,65 14,1,30,,15183,0,65 14,1,70,,15184,0,65 14,1,30,,15187,0,65 14,1,70,,15170,0,65 14,1,30,,15176,0,65 14,1,70,,15180,0,65 14,1,30,,15177,0,65 14,1,70,,15171,0,65 14,1,30,,15181,0,65 14,1
30700,'6',646,,15194,0,65 14,1,70,,15195,0,65 14,1,30,,15205,0,65 14,1,70,,15196,0,65 14,1,30,,15201,0,65 14,1,70,,15209,0,65 14,1,30,,15190,0,65 14,1,71,,15204,0,65 14,1,30,,15208,0,65 14,1,70,,15211,0,65 14,1,30,,15197,0,65 14,1,70,,15212,0,65 14,1,30,,15193,0,65 14,1,70,,15200,0,65 14,1,30,,15206,0,65 14,1,70,,15207,0,65 14,1,30,,15210,0,65 14,1,70,,15191,0,65 14,1,30,,15198,0,65 14,1,70,,15202,0,65 14,1,30,,15199,0,65 14,1,70,,15192,0,65 14,1,30,,15203,0,65 14,1
40800,'1',1103,,22326,0,64 38,1,100,,22320,0,64 38,1,100,,22324,0,64 38,1,100,,22321,0,64 38,1,100,,22323,0,64 38,1,100,,22322,0,64 38,1,100,,22325,0,64 38,1,100,,7068,0,64 38,1
40800,'10',632,,22345,0,64 38,1,70,,22328,0,64 38,1,30,,22355,0,64 38,1,70,,22339,0,64 38,1,30,,22337,0,64 38,1,70,,22331,0,64 38,1,30,,22353,0,64 38,1,70,,22329,0,64 38,1,31,,22340,0,64 38,1,70,,22336,0,64 38,1,30,,22349,0,64 38,1,70,,22338,0,64 38,1,30,,22346,0,64 38,1,70,,22356,0,64 38,1,30,,22334,0,64 38,1,70,,22347,0,64 38,1,30,,22351,0,64 38,1,70,,22333,0,64 38,1,30,,22332,0,64 38,1,70,,22344,0,64 38,1,30,,22335,0,64 38,1,70,,22348,0,64 38,1,30,,22341,0,64 38,1,70,,22327,0,64 38,1,100,,22330,0,64 38,1,100,,22343,0,64 38,1,100,,22352,0,64 38,1,100,,22342,0,64 38,1,100,,22350,0,64 38,1,100,,22354,0,64 38,1
40800,'12',902,,22373,0,64 38,1,100,,22358,0,64 38,1,31,,22360,0,64 38,1,70,,22359,0,64 38,1,30,,22368,0,64 38,1,70,,11645,0,64 38,1,30,,22363,0,64 38,1,70,,22367,0,64 38,1,30,,22369,0,64 38,1,70,,22362,0,64 38,1,30,,22364,0,64 38,1,70,,22365,0,64 38,1,30,,22371,0,64 38,1,70,,12572,0,64 38,1,30,,22366,0,64 38,1,70,,22361,0,64 38,1,30,,22372,0,64 38,1,70,,22370,0,64 38,1,100,,22357,0,64 38,1,100,,22374,0,64 38,1
40800,'15',1803,,22378,0,64 38,1,100,,22376,0,64 38,1,100,,22375,0,64 38,1,100,,22377,0,64 38,1,100,,22381,0,64 38,1,100,,22379,0,64 38,1,100,,22380,0,64 38,1
40800,'16',1803,,10089,0,64 38,1,100,,22383,0,64 38,1,100,,22382,0,64 38,1,100,,22384,0,64 38,1,100,,22387,0,64 38,1,100,,22385,0,64 38,1,100,,22386,0,64 38,1
40800,'17',1803,,10133,0,64 38,1,100,,22389,0,64 38,1,100,,22388,0,64 38,1,100,,22390,0,64 38,1,100,,22393,0,64 38,1,100,,22391,0,64 38,1,100,,22392,0,64 38,1
40800,'19',1803,,22397,0,64 38,1,100,,22395,0,64 38,1,100,,22394,0,64 38,1,100,,22396,0,64 38,1,100,,22400,0,64 38,1,100,,22398,0,64 38,1,100,,22399,0,64 38,1
40800,'21',632,,22415,0,64 38,1,70,,22402,0,64 38,1,30,,11478,0,64 38,1,70,,22411,0,64 38,1,30,,22409,0,64 38,1,70,,11944,0,64 38,1,30,,22423,0,64 38,1,70,,22403,0,64 38,1,31,,22412,0,64 38,1,70,,22408,0,64 38,1,30,,22419,0,64 38,1,70,,22410,0,64 38,1,30,,22416,0,64 38,1,70,,22425,0,64 38,1,30,,22406,0,64 38,1,70,,22417,0,64 38,1,30,,22421,0,64 38,1,70,,12965,0,64 38,1,30,,22405,0,64 38,1,70,,12535,0,64 38,1,30,,22407,0,64 38,1,70,,22418,0,64 38,1,30,,22413,0,64 38,1,70,,22401,0,64 38,1,100,,22404,0,64 38,1,100,,13042,0,64 38,1,100,,22422,0,64 38,1,100,,22414,0,64 38,1,100,,22420,0,64 38,1,100,,22424,0,64 38,1
40800,'5',1803,,10240,0,64 38,1,100,,22427,0,64 38,1,100,,22426,0,64 38,1,100,,22428,0,64 38,1,100,,22431,0,64 38,1,100,,22429,0,64 38,1,100,,22430,0,64 38,1
40800,'6',1803,,22435,0,64 38,1,100,,22433,0,64 38,1,100,,22432,0,64 38,1,100,,22434,0,64 38,1,100,,22438,0,64 38,1,100,,22436,0,64 38,1,100,,22437,0,64 38,1
