30200,'1',629,,21682,31,0,11,1,30,,21669,31,0,11,1,70,,21687,31,0,11,1,30,,21681,31,0,11,1,70,,21679,31,0,11,1,30,,21688,31,0,11,1,70,,21680,31,0,11,1,30,,21683,31,0,11,1,74,,21671,31,0,11,1,70,,21672,31,0,11,1,30,,21674,31,0,11,1,70,,21670,31,0,11,1,30,,15931,31,0,11,1,70,,21685,31,0,11,1,30,,21676,31,0,11,1,70,,21678,31,0,11,1,29,,21677,31,0,11,1,70,,21686,31,0,11,1,30,,21684,31,0,11,1,70,,21668,31,0,11,1,30,,21689,31,0,11,1,70,,21673,31,0,11,1,30,,21675,31,0,11,1
30200,'10',629,,10579,31,0,11,1,30,,21692,31,0,11,1,70,,4859,31,0,11,1,30,,21704,31,0,11,1,70,,21702,31,0,11,1,30,,21709,31,0,11,1,70,,21703,31,0,11,1,30,,21705,31,0,11,1,74,,21694,31,0,11,1,70,,21695,31,0,11,1,30,,21697,31,0,11,1,70,,21693,31,0,11,1,30,,21690,31,0,11,1,70,,21707,31,0,11,1,30,,21699,31,0,11,1,70,,21701,31,0,11,1,29,,21700,31,0,11,1,70,,21708,31,0,11,1,30,,21706,31,0,11,1,70,,21691,31,0,11,1,30,,21710,31,0,11,1,70,,21696,31,0,11,1,30,,21698,31,0,11,1
30200,'3',629,,10622,31,0,11,1,30,,4408,31,0,11,1,70,,4882,31,0,11,1,30,,21723,31,0,11,1,70,,21722,31,0,11,1,30,,21728,31,0,11,1,70,,20373,31,0,11,1,30,,21724,31,0,11,1,74,,21714,31,0,11,1,70,,21715,31,0,11,1,30,,21717,31,0,11,1,70,,21713,31,0,11,1,30,,21711,31,0,11,1,70,,21726,31,0,11,1,30,,21719,31,0,11,1,70,,21721,31,0,11,1,29,,21720,31,0,11,1,70,,21727,31,0,11,1,30,,21725,31,0,11,1,70,,21712,31,0,11,1,30,,21729,31,0,11,1,70,,21716,31,0,11,1,30,,21718,31,0,11,1
30900,'1',626,,22571,24,0,23,1,30,,22582,24,0,23,1,71,,22580,24,0,23,1,30,,22578,24,0,23,1,70,,22579,24,0,23,1,30,,22584,24,0,23,1,70,,22587,24,0,23,1,30,,22585,24,0,23,1,71,,22573,24,0,23,1,30,,22588,24,0,23,1,70,,22567,24,0,23,1,30,,22570,24,0,23,1,70,,22586,24,0,23,1,30,,22566,24,0,23,1,70,,22572,24,0,23,1,30,,22583,24,0,23,1,74,,22574,24,0,23,1,70,,22575,24,0,23,1,30,,22577,24,0,23,1,70,,22581,24,0,23,1,30,,22568,24,0,23,1,70,,22576,24,0,23,1,30,,22569,24,0,23,1
30900,'10',626,,21393,24,0,23,1,30,,22600,24,0,23,1,71,,22599,24,0,23,1,30,,22597,24,0,23,1,70,,22598,24,0,23,1,30,,10847,24,0,23,1,70,,22604,24,0,23,1,30,,22602,24,0,23,1,71,,10443,24,0,23,1,30,,22605,24,0,23,1,70,,22589,24,0,23,1,30,,9389,24,0,23,1,70,,22603,24,0,23,1,30,,12268,24,0,23,1,70,,22592,24,0,23,1,30,,22601,24,0,23,1,74,,22593,24,0,23,1,70,,22594,24,0,23,1,30,,22596,24,0,23,1,70,,10846,24,0,23,1,30,,22590,24,0,23,1,70,,22595,24,0,23,1,30,,22591,24,0,23,1
30900,'3',626,,21403,24,0,23,1,30,,22616,24,0,23,1,71,,22615,24,0,23,1,30,,22613,24,0,23,1,70,,22614,24,0,23,1,30,,10891,24,0,23,1,70,,22620,24,0,23,1,30,,22618,24,0,23,1,71,,10485,24,0,23,1,30,,22621,24,0,23,1,70,,22606,24,0,23,1,30,,9431,24,0,23,1,70,,22619,24,0,23,1,30,,12301,24,0,23,1,70,,22609,24,0,23,1,30,,22617,24,0,23,1,74,,22610,24,0,23,1,70,,22611,24,0,23,1,30,,20856,24,0,23,1,70,,10890,24,0,23,1,30,,22607,24,0,23,1,70,,22612,24,0,23,1,30,,22608,24,0,23,1
40200,'1',1759,,25189,31,0,13 14,1,100,,25192,31,0,13 14,1,98,,25190,31,0,13 14,1,100,,25193,31,0,13 14,1,100,,25188,31,0,13 14,1,100,,25191,31,0,13 14,1
40200,'10',1759,,25195,31,0,13 14,1,100,,25197,31,0,13 14,1,98,,18673,31,0,13 14,1,100,,25198,31,0,13 14,1,100,,25194,31,0,13 14,1,100,,25196,31,0,13 14,1
40200,'11',859,,25200,31,0,13 14,1,100,,25199,31,0,13 14,1,70,,25210,31,0,13 14,1,30,,25206,31,0,13 14,1,70,,25204,31,0,13 14,1,30,,25209,31,0,13 14,1,70,,25212,31,0,13 14,1,30,,25214,31,0,13 14,1,70,,25203,31,0,13 14,1,30,,25201,31,0,13 14,1,70,,25211,31,0,13 14,1,30,,25207,31,0,13 14,1,70,,25213,31,0,13 14,1,30,,25215,31,0,13 14,1,70,,19113,31,0,13 14,1,30,,12830,31,0,13 14,1,70,,25205,31,0,13 14,1,30,,25208,31,0,13 14,1,100,,25202,31,0,13 14,1,98,,19904,31,0,13 14,1
40200,'13',629,,25220,31,0,13 14,1,30,,25234,31,0,13 14,1,70,,25225,31,0,13 14,1,30,,25238,31,0,13 14,1,70,,25236,31,0,13 14,1,30,,25229,31,0,13 14,1,70,,25227,31,0,13 14,1,30,,25233,31,0,13 14,1,70,,25222,31,0,13 14,1,30,,25235,31,0,13 14,1,70,,25226,31,0,13 14,1,30,,17746,31,0,13 14,1,70,,25219,31,0,13 14,1,30,,18098,31,0,13 14,1,70,,25224,31,0,13 14,1,30,,25241,31,0,13 14,1,70,,25216,31,0,13 14,1,30,,25240,31,0,13 14,1,70,,25217,31,0,13 14,1,30,,25223,31,0,13 14,1,70,,25231,31,0,13 14,1,30,,25221,31,0,13 14,1,70,,25230,31,0,13 14,1,30,,25239,31,0,13 14,1,100,,25242,31,0,13 14,1,98,,25228,31,0,13 14,1,100,,25237,31,0,13 14,1,100,,25232,31,0,13 14,1,100,,25218,31,0,13 14,1
40200,'3',1759,,25244,31,0,13 14,1,100,,25246,31,0,13 14,1,98,,18709,31,0,13 14,1,100,,25247,31,0,13 14,1,100,,25243,31,0,13 14,1,100,,25245,31,0,13 14,1
40200,'8',859,,25250,31,0,13 14,1,100,,17817,31,0,13 14,1,70,,25260,31,0,13 14,1,30,,25256,31,0,13 14,1,70,,25254,31,0,13 14,1,30,,25259,31,0,13 14,1,70,,25263,31,0,13 14,1,30,,25265,31,0,13 14,1,70,,25253,31,0,13 14,1,30,,25251,31,0,13 14,1,70,,25261,31,0,13 14,1,30,,25257,31,0,13 14,1,70,,25264,31,0,13 14,1,30,,25266,31,0,13 14,1,70,,25248,31,0,13 14,1,30,,25249,31,0,13 14,1,70,,25255,31,0,13 14,1,30,,25258,31,0,13 14,1,100,,25252,31,0,13 14,1,98,,25262,31,0,13 14,1
40900,'1',1802,,25798,24,0,23,1,100,,25802,24,0,23,1,98,,25797,24,0,23,1,100,,25803,24,0,23,1,100,,25799,24,0,23,1,100,,25800,24,0,23,1,100,,25801,24,0,23,1
40900,'10',1802,,25805,24,0,23,1,100,,25809,24,0,23,1,98,,25804,24,0,23,1,100,,25810,24,0,23,1,100,,25806,24,0,23,1,100,,25807,24,0,23,1,100,,25808,24,0,23,1
40900,'11',900,,25811,24,0,23,1,132,,25821,24,0,23,1,70,,25820,24,0,23,1,30,,25812,24,0,23,1,70,,15125,24,0,23,1,30,,25823,24,0,23,1,70,,25826,24,0,23,1,100,,25825,24,0,23,1,30,,25813,24,0,23,1,70,,25818,24,0,23,1,30,,25815,24,0,23,1,70,,25819,24,0,23,1,30,,25824,24,0,23,1,70,,25817,24,0,23,1,30,,25814,24,0,23,1,70,,25822,24,0,23,1,100,,25816,24,0,23,1,98,,25827,24,0,23,1
40900,'13',700,,25837,24,0,23,1,30,,25849,24,0,23,1,70,,25854,24,0,23,1,30,,16235,24,0,23,1,70,,25841,24,0,23,1,30,,25828,24,0,23,1,70,,25840,24,0,23,1,32,,25851,24,0,23,1,70,,25847,24,0,23,1,30,,25832,24,0,23,1,70,,25831,24,0,23,1,30,,25846,24,0,23,1,70,,25843,24,0,23,1,30,,25842,24,0,23,1,70,,25829,24,0,23,1,30,,25850,24,0,23,1,70,,25853,24,0,23,1,30,,25834,24,0,23,1,70,,25845,24,0,23,1,30,,25839,24,0,23,1,70,,25836,24,0,23,1,30,,25833,24,0,23,1,70,,25848,24,0,23,1,100,,25830,24,0,23,1,98,,25852,24,0,23,1,100,,25844,24,0,23,1,100,,25835,24,0,23,1,100,,25838,24,0,23,1,100,,25855,24,0,23,1
40900,'3',1802,,25857,24,0,23,1,100,,25861,24,0,23,1,98,,25856,24,0,23,1,100,,25862,24,0,23,1,100,,25858,24,0,23,1,100,,25859,24,0,23,1,100,,25860,24,0,23,1
40900,'8',900,,25863,24,0,23,1,132,,25872,24,0,23,1,70,,25871,24,0,23,1,30,,25864,24,0,23,1,70,,25875,24,0,23,1,30,,25874,24,0,23,1,70,,25878,24,0,23,1,100,,25877,24,0,23,1,30,,25865,24,0,23,1,70,,25869,24,0,23,1,30,,19862,24,0,23,1,70,,25870,24,0,23,1,30,,25876,24,0,23,1,70,,25868,24,0,23,1,30,,25866,24,0,23,1,70,,25873,24,0,23,1,100,,25867,24,0,23,1,98,,25879,24,0,23,1
