33700,'1',736,,30518,10,,,1,70,,37026,10,,,1,30,,37001,10,,,1,70,,37017,10,,,1,30,,27188,10,,,1,70,,37021,10,,,1,30,,37012,10,,,1,70,,37023,10,,,1,30,,37010,10,,,1,70,,36987,10,,,1,30,,37005,10,,,1,70,,36981,10,,,1,30,,37003,10,,,1,70,,37015,10,,,1,30,,37020,10,,,1,70,,37008,10,,,1,30,,37019,10,,,1,70,,36990,10,,,1,30,,37013,10,,,1,70,,36999,10,,,1,30,,36985,10,,,1,70,,37018,10,,,1,30,,36989,10,,,1,70,,36984,10,,,1,30,,36998,10,,,1
33700,'11',736,,37054,10,,,1,70,,37076,10,,,1,30,,37050,10,,,1,70,,37067,10,,,1,30,,37045,10,,,1,70,,37071,10,,,1,30,,37062,10,,,1,70,,37073,10,,,1,30,,37060,10,,,1,70,,37035,10,,,1,30,,37055,10,,,1,70,,37028,10,,,1,30,,37052,10,,,1,70,,37065,10,,,1,30,,37070,10,,,1,70,,37058,10,,,1,30,,37069,10,,,1,70,,37038,10,,,1,30,,37063,10,,,1,70,,37048,10,,,1,30,,37032,10,,,1,70,,37068,10,,,1,30,,37037,10,,,1,70,,37031,10,,,1,30,,37047,10,,,1
33700,'12',706,,37081,10,,,1,30,,37096,10,,,1,70,,37098,10,,,1,30,,37126,10,,,1,70,,37123,10,,,1,30,,37110,10,,,1,70,,37106,10,,,1,30,,37125,10,,,1,70,,37121,10,,,1,30,,37083,10,,,1,70,,37108,10,,,1,30,,37115,10,,,1,70,,37120,10,,,1,30,,37092,10,,,1,70,,37091,10,,,1,30,,37127,10,,,1,70,,37084,10,,,1,30,,37118,10,,,1,70,,37078,10,,,1,30,,37112,10,,,1,70,,37085,10,,,1,30,,37105,10,,,1,70,,37107,10,,,1,30,,37086,10,,,1,70,,37093,10,,,1
33700,'13',706,,37131,10,,,1,30,,29693,10,,,1,70,,37143,10,,,1,30,,37165,10,,,1,70,,37162,10,,,1,30,,37153,10,,,1,70,,37149,10,,,1,30,,37164,10,,,1,70,,37160,10,,,1,30,,37133,10,,,1,70,,37151,10,,,1,30,,28904,10,,,1,70,,29225,10,,,1,30,,27978,10,,,1,70,,37138,10,,,1,30,,37166,10,,,1,70,,37134,10,,,1,30,,37158,10,,,1,70,,37128,10,,,1,30,,37155,10,,,1,70,,37135,10,,,1,30,,37148,10,,,1,70,,37150,10,,,1,30,,29921,10,,,1,70,,37139,10,,,1
33700,'14',1136,,37181,10,,,1,70,,37170,10,,,1,30,,37175,10,,,1,70,,37168,10,,,1,30,,37190,10,,,1,70,,37174,10,,,1,30,,32025,10,,,1,70,,37169,10,,,1,30,,37183,10,,,1,70,,37194,10,,,1,30,,37195,10,,,1,70,,37188,10,,,1,30,,37177,10,,,1,70,,37193,10,,,1,30,,37192,10,,,1
33700,'16',736,,30555,10,,,1,70,,37241,10,,,1,30,,37216,10,,,1,70,,37232,10,,,1,30,,32124,10,,,1,70,,37236,10,,,1,30,,37227,10,,,1,70,,37238,10,,,1,30,,37225,10,,,1,70,,37202,10,,,1,30,,37220,10,,,1,70,,37196,10,,,1,30,,37218,10,,,1,70,,37230,10,,,1,30,,37235,10,,,1,70,,37223,10,,,1,30,,37234,10,,,1,70,,37205,10,,,1,30,,37228,10,,,1,70,,37214,10,,,1,30,,37200,10,,,1,70,,37233,10,,,1,30,,37204,10,,,1,70,,37199,10,,,1,30,,37213,10,,,1
33700,'3',706,,37246,10,,,1,30,,29812,10,,,1,70,,37258,10,,,1,30,,37280,10,,,1,70,,37277,10,,,1,30,,37268,10,,,1,70,,37264,10,,,1,30,,37279,10,,,1,70,,37275,10,,,1,30,,37248,10,,,1,70,,37266,10,,,1,30,,28928,10,,,1,70,,29233,10,,,1,30,,28001,10,,,1,70,,37253,10,,,1,30,,37281,10,,,1,70,,37249,10,,,1,30,,37273,10,,,1,70,,37243,10,,,1,30,,37270,10,,,1,70,,37250,10,,,1,30,,37263,10,,,1,70,,37265,10,,,1,30,,30003,10,,,1,70,,37254,10,,,1
33700,'6',706,,37285,10,,,1,30,,37300,10,,,1,70,,37302,10,,,1,30,,37330,10,,,1,70,,37327,10,,,1,30,,37314,10,,,1,70,,37310,10,,,1,30,,37329,10,,,1,70,,37325,10,,,1,30,,37287,10,,,1,70,,37312,10,,,1,30,,37319,10,,,1,70,,37324,10,,,1,30,,37296,10,,,1,70,,37295,10,,,1,30,,37331,10,,,1,70,,37288,10,,,1,30,,37322,10,,,1,70,,37282,10,,,1,30,,37316,10,,,1,70,,37289,10,,,1,30,,37309,10,,,1,70,,37311,10,,,1,30,,37290,10,,,1,70,,37297,10,,,1
33700,'8',1206,,37350,10,,,1,30,,37351,10,,,1,70,,31573,10,,,1,30,,37338,10,,,1,70,,37347,10,,,1,30,,37353,10,,,1,70,,37339,10,,,1,30,,37332,10,,,1,70,,37349,10,,,1,30,,37342,10,,,1,70,,37336,10,,,1,30,,37341,10,,,1,70,,37345,10,,,1,30,,37357,10,,,1,70,,37356,10,,,1
43700,'1',1952,,41862,10,,,1,100,,41863,10,,,1,100,,41857,10,,,1,100,,31797,10,,,1,100,,41861,10,,,1
43700,'11',1952,,41871,10,,,1,100,,41872,10,,,1,100,,41866,10,,,1,100,,41873,10,,,1,100,,41870,10,,,1
43700,'12',1952,,41884,10,,,1,100,,41881,10,,,1,100,,41876,10,,,1,100,,41878,10,,,1,100,,41880,10,,,1
43700,'13',1952,,41893,10,,,1,100,,41891,10,,,1,100,,41886,10,,,1,100,,41888,10,,,1,100,,41890,10,,,1
43700,'16',1952,,41900,10,,,1,100,,41901,10,,,1,100,,41895,10,,,1,100,,31854,10,,,1,100,,41899,10,,,1
43700,'3',1952,,41911,10,,,1,100,,41909,10,,,1,100,,41904,10,,,1,100,,41906,10,,,1,100,,41908,10,,,1
43700,'6',1952,,41921,10,,,1,100,,41918,10,,,1,100,,41913,10,,,1,100,,41915,10,,,1,100,,41917,10,,,1
