31000,'1',651,,19713,12,0,17 18,1,70,,22703,12,0,17 18,1,30,,22705,12,0,17 18,1,70,,22693,12,0,17 18,1,30,,22692,12,0,17 18,1,70,,22688,12,0,17 18,1,30,,22701,12,0,17 18,1,70,,22706,12,0,17 18,1,30,,22694,12,0,17 18,1,70,,22698,12,0,17 18,1,30,,22689,12,0,17 18,1,70,,22695,12,0,17 18,1,30,,22687,12,0,17 18,1,70,,22696,12,0,17 18,1,30,,22704,12,0,17 18,1,71,,22690,12,0,17 18,1,30,,22708,12,0,17 18,1,70,,22691,12,0,17 18,1,30,,22707,12,0,17 18,1,70,,22697,12,0,17 18,1,30,,22700,12,0,17 18,1,70,,22699,12,0,17 18,1,30,,22702,12,0,17 18,1
31000,'10',651,,22722,12,0,17 18,1,70,,22725,12,0,17 18,1,30,,22727,12,0,17 18,1,70,,22715,12,0,17 18,1,30,,22714,12,0,17 18,1,70,,22710,12,0,17 18,1,30,,22723,12,0,17 18,1,70,,22728,12,0,17 18,1,30,,22716,12,0,17 18,1,70,,22720,12,0,17 18,1,30,,22711,12,0,17 18,1,70,,22717,12,0,17 18,1,30,,22709,12,0,17 18,1,70,,22718,12,0,17 18,1,30,,22726,12,0,17 18,1,71,,22712,12,0,17 18,1,30,,22730,12,0,17 18,1,70,,22713,12,0,17 18,1,30,,22729,12,0,17 18,1,70,,22719,12,0,17 18,1,30,,22721,12,0,17 18,1,70,,10574,12,0,17 18,1,30,,22724,12,0,17 18,1
31000,'3',651,,22744,12,0,17 18,1,70,,22747,12,0,17 18,1,30,,22749,12,0,17 18,1,70,,22737,12,0,17 18,1,30,,22736,12,0,17 18,1,70,,22732,12,0,17 18,1,30,,22745,12,0,17 18,1,70,,22750,12,0,17 18,1,30,,22738,12,0,17 18,1,70,,22742,12,0,17 18,1,30,,22733,12,0,17 18,1,70,,22739,12,0,17 18,1,30,,22731,12,0,17 18,1,70,,22740,12,0,17 18,1,30,,22748,12,0,17 18,1,71,,22734,12,0,17 18,1,30,,22752,12,0,17 18,1,70,,22735,12,0,17 18,1,30,,22751,12,0,17 18,1,70,,22741,12,0,17 18,1,30,,22743,12,0,17 18,1,70,,10616,12,0,17 18,1,30,,22746,12,0,17 18,1
31600,'1',650,,15943,12,0,19,1,55,,23309,12,0,19,1,15,,23302,12,0,19,1,15,,23320,12,0,19,1,15,,23289,12,0,19,1,55,,23301,12,0,19,1,15,,23326,12,0,19,1,15,,23314,12,0,19,1,15,,23305,12,0,19,1,55,,23330,12,0,19,1,15,,23327,12,0,19,1,15,,23311,12,0,19,1,15,,23316,12,0,19,1,55,,23299,12,0,19,1,15,,23296,12,0,19,1,15,,23312,12,0,19,1,15,,23294,12,0,19,1,55,,23290,12,0,19,1,15,,23329,12,0,19,1,15,,18909,12,0,19,1,15,,23300,12,0,19,1,55,,23325,12,0,19,1,15,,23292,12,0,19,1,15,,23317,12,0,19,1,15,,23321,12,0,19,1,55,,23307,12,0,19,1,15,,23310,12,0,19,1,15,,23306,12,0,19,1,15,,16765,12,0,19,1,56,,23318,12,0,19,1,15,,23328,12,0,19,1,15,,19023,12,0,19,1,15,,23313,12,0,19,1,55,,23322,12,0,19,1,15,,23303,12,0,19,1,15,,23293,12,0,19,1,15,,23319,12,0,19,1,55,,23304,12,0,19,1,15,,23298,12,0,19,1,15,,23297,12,0,19,1,15,,23288,12,0,19,1,55,,23308,12,0,19,1,15,,23324,12,0,19,1,15,,23291,12,0,19,1,15,,23323,12,0,19,1,55,,23295,12,0,19,1,15,,23315,12,0,19,1
31600,'10',650,,23364,12,0,19,1,55,,23352,12,0,19,1,15,,23344,12,0,19,1,15,,23361,12,0,19,1,15,,10970,12,0,19,1,55,,23343,12,0,19,1,15,,23366,12,0,19,1,15,,11759,12,0,19,1,15,,23348,12,0,19,1,55,,12807,12,0,19,1,15,,23367,12,0,19,1,15,,23353,12,0,19,1,15,,23357,12,0,19,1,55,,23341,12,0,19,1,15,,23339,12,0,19,1,15,,23354,12,0,19,1,15,,23337,12,0,19,1,55,,23333,12,0,19,1,15,,5321,12,0,19,1,15,,23346,12,0,19,1,15,,23342,12,0,19,1,55,,21075,12,0,19,1,15,,23335,12,0,19,1,15,,23358,12,0,19,1,15,,642,12,0,19,1,55,,23350,12,0,19,1,15,,14697,12,0,19,1,15,,23349,12,0,19,1,15,,23332,12,0,19,1,56,,23359,12,0,19,1,15,,23368,12,0,19,1,15,,23351,12,0,19,1,15,,23355,12,0,19,1,55,,23362,12,0,19,1,15,,23345,12,0,19,1,15,,23336,12,0,19,1,15,,23360,12,0,19,1,55,,23347,12,0,19,1,15,,20840,12,0,19,1,15,,23340,12,0,19,1,15,,23331,12,0,19,1,55,,14904,12,0,19,1,15,,23365,12,0,19,1,15,,23334,12,0,19,1,15,,23363,12,0,19,1,55,,23338,12,0,19,1,15,,23356,12,0,19,1
31600,'3',650,,23402,12,0,19,1,55,,23390,12,0,19,1,15,,23382,12,0,19,1,15,,23399,12,0,19,1,15,,11012,12,0,19,1,55,,23381,12,0,19,1,15,,23405,12,0,19,1,15,,11800,12,0,19,1,15,,23386,12,0,19,1,55,,12938,12,0,19,1,15,,23406,12,0,19,1,15,,23391,12,0,19,1,15,,23395,12,0,19,1,55,,23379,12,0,19,1,15,,23377,12,0,19,1,15,,23392,12,0,19,1,15,,23375,12,0,19,1,55,,23371,12,0,19,1,15,,5451,12,0,19,1,15,,23384,12,0,19,1,15,,23380,12,0,19,1,55,,23404,12,0,19,1,15,,23373,12,0,19,1,15,,23396,12,0,19,1,15,,666,12,0,19,1,55,,23388,12,0,19,1,15,,14740,12,0,19,1,15,,23387,12,0,19,1,15,,23370,12,0,19,1,56,,23397,12,0,19,1,15,,23407,12,0,19,1,15,,23389,12,0,19,1,15,,23393,12,0,19,1,55,,23400,12,0,19,1,15,,23383,12,0,19,1,15,,23374,12,0,19,1,15,,23398,12,0,19,1,55,,23385,12,0,19,1,15,,20855,12,0,19,1,15,,23378,12,0,19,1,15,,23369,12,0,19,1,55,,14942,12,0,19,1,15,,23403,12,0,19,1,15,,23372,12,0,19,1,15,,23401,12,0,19,1,55,,23376,12,0,19,1,15,,23394,12,0,19,1
41000,'11',850,,25963,12,,,1,100,,25973,12,,,1,71,,25966,12,,,1,30,,25971,12,,,1,70,,25957,12,,,1,30,,25960,12,,,1,70,,25965,12,,,1,30,,25961,12,,,1,70,,25964,12,,,1,30,,25972,12,,,1,70,,25970,12,,,1,30,,25959,12,,,1,70,,11907,12,,,1,30,,25967,12,,,1,70,,25958,12,,,1,30,,25974,12,,,1,70,,25968,12,,,1,30,,25956,12,,,1,100,,25969,12,,,1,99,,25962,12,,,1
41000,'13',650,,25978,12,,,1,70,,25982,12,,,1,30,,25996,12,,,1,70,,25987,12,,,1,30,,25993,12,,,1,70,,25992,12,,,1,30,,25994,12,,,1,71,,25991,12,,,1,30,,25979,12,,,1,70,,25990,12,,,1,30,,25980,12,,,1,70,,25977,12,,,1,30,,25988,12,,,1,70,,18221,12,,,1,30,,25989,12,,,1,70,,25985,12,,,1,30,,25975,12,,,1,70,,25995,12,,,1,30,,25981,12,,,1,70,,25976,12,,,1,30,,25984,12,,,1,70,,25983,12,,,1,30,,25986,12,,,1
41000,'8',850,,26004,12,,,1,100,,26015,12,,,1,71,,26008,12,,,1,30,,26013,12,,,1,70,,25998,12,,,1,30,,26001,12,,,1,70,,26007,12,,,1,30,,26002,12,,,1,70,,26006,12,,,1,30,,26014,12,,,1,70,,26012,12,,,1,30,,26000,12,,,1,70,,26005,12,,,1,30,,26009,12,,,1,70,,25999,12,,,1,30,,26016,12,,,1,70,,26010,12,,,1,30,,25997,12,,,1,100,,26011,12,,,1,99,,26003,12,,,1
41600,'1',1850,,26403,12,0,19,1,70,,26402,12,0,19,1,30,,26401,12,0,19,1,70,,26405,12,0,19,1,30,,26399,12,0,19,1,70,,5203,12,0,19,1,30,,26406,12,0,19,1,70,,26404,12,0,19,1,30,,26407,12,0,19,1,70,,26400,12,0,19,1
41600,'10',1850,,26412,12,0,19,1,70,,26411,12,0,19,1,30,,26410,12,0,19,1,70,,26415,12,0,19,1,30,,26408,12,0,19,1,70,,26414,12,0,19,1,30,,26416,12,0,19,1,70,,26413,12,0,19,1,30,,10450,12,0,19,1,70,,26409,12,0,19,1
41600,'11',850,,26417,12,0,19,1,70,,26427,12,0,19,1,30,,26425,12,0,19,1,70,,26433,12,0,19,1,30,,14715,12,0,19,1,70,,26431,12,0,19,1,30,,26430,12,0,19,1,70,,26435,12,0,19,1,30,,26424,12,0,19,1,70,,26428,12,0,19,1,30,,26422,12,0,19,1,70,,26426,12,0,19,1,30,,26436,12,0,19,1,70,,14519,12,0,19,1,30,,26429,12,0,19,1,70,,26423,12,0,19,1,30,,13162,12,0,19,1,70,,26432,12,0,19,1,30,,26418,12,0,19,1,70,,26434,12,0,19,1,30,,26420,12,0,19,1,70,,26421,12,0,19,1,30,,26419,12,0,19,1
41600,'13',720,,26447,12,0,19,1,30,,26460,12,0,19,1,70,,26451,12,0,19,1,30,,26444,12,0,19,1,70,,26454,12,0,19,1,30,,26443,12,0,19,1,70,,26446,12,0,19,1,30,,26455,12,0,19,1,70,,26437,12,0,19,1,30,,5913,12,0,19,1,70,,26445,12,0,19,1,30,,26449,12,0,19,1,70,,26458,12,0,19,1,30,,26461,12,0,19,1,70,,26457,12,0,19,1,30,,26439,12,0,19,1,70,,26450,12,0,19,1,30,,26441,12,0,19,1,70,,26453,12,0,19,1,30,,26452,12,0,19,1,70,,26465,12,0,19,1,30,,26442,12,0,19,1,70,,26438,12,0,19,1,30,,26467,12,0,19,1,70,,26466,12,0,19,1,30,,26459,12,0,19,1,70,,26456,12,0,19,1,30,,26448,12,0,19,1,70,,26462,12,0,19,1,30,,26463,12,0,19,1,70,,18782,12,0,19,1,30,,26440,12,0,19,1,70,,26464,12,0,19,1
41600,'3',1850,,26472,12,0,19,1,70,,26471,12,0,19,1,30,,26470,12,0,19,1,70,,26475,12,0,19,1,30,,26468,12,0,19,1,70,,26474,12,0,19,1,30,,26476,12,0,19,1,70,,26473,12,0,19,1,30,,10492,12,0,19,1,70,,26469,12,0,19,1
41600,'8',850,,19220,12,0,19,1,70,,26487,12,0,19,1,30,,26484,12,0,19,1,70,,26493,12,0,19,1,30,,26485,12,0,19,1,70,,26491,12,0,19,1,30,,26490,12,0,19,1,70,,26496,12,0,19,1,30,,26483,12,0,19,1,70,,26488,12,0,19,1,30,,26481,12,0,19,1,70,,26486,12,0,19,1,30,,26497,12,0,19,1,70,,26494,12,0,19,1,30,,26489,12,0,19,1,70,,26482,12,0,19,1,30,,26479,12,0,19,1,70,,26492,12,0,19,1,30,,26477,12,0,19,1,70,,26495,12,0,19,1,30,,8032,12,0,19,1,70,,26480,12,0,19,1,30,,26478,12,0,19,1
