30600,'15',603,,10412,9,0,7,1,30,,10400,9,0,7,1,70,,10397,9,0,7,1,30,,10407,9,0,7,1,70,,10405,9,0,7,1,30,,10417,9,0,7,1,70,,10403,9,0,7,1,30,,10408,9,0,7,1,70,,10406,9,0,7,1,30,,10404,9,0,7,1,70,,10399,9,0,7,1,30,,10402,9,0,7,1,70,,10415,9,0,7,1,30,,10418,9,0,7,1,70,,10395,9,0,7,1,30,,10398,9,0,7,1,71,,10414,9,0,7,1,30,,10396,9,0,7,1,70,,10413,9,0,7,1,30,,10416,9,0,7,1,70,,10401,9,0,7,1,30,,10411,9,0,7,1,70,,10409,9,0,7,1,30,,10410,9,0,7,1
30600,'16',603,,10432,9,0,7,1,30,,10423,9,0,7,1,70,,10420,9,0,7,1,30,,10428,9,0,7,1,70,,10426,9,0,7,1,30,,10437,9,0,7,1,70,,10424,9,0,7,1,30,,10429,9,0,7,1,70,,10427,9,0,7,1,30,,10425,9,0,7,1,70,,10422,9,0,7,1,30,,1580,9,0,7,1,70,,10435,9,0,7,1,30,,10438,9,0,7,1,70,,10419,9,0,7,1,30,,10421,9,0,7,1,71,,10434,9,0,7,1,30,,1946,9,0,7,1,70,,10433,9,0,7,1,30,,10436,9,0,7,1,70,,2252,9,0,7,1,30,,10431,9,0,7,1,70,,1299,9,0,7,1,30,,10430,9,0,7,1
30600,'17',603,,10452,9,0,7,1,30,,10443,9,0,7,1,70,,10440,9,0,7,1,30,,10448,9,0,7,1,70,,10446,9,0,7,1,30,,10457,9,0,7,1,70,,10444,9,0,7,1,30,,10449,9,0,7,1,70,,10447,9,0,7,1,30,,10445,9,0,7,1,70,,10442,9,0,7,1,30,,1602,9,0,7,1,70,,10455,9,0,7,1,30,,10458,9,0,7,1,70,,10439,9,0,7,1,30,,10441,9,0,7,1,71,,10454,9,0,7,1,30,,1969,9,0,7,1,70,,10453,9,0,7,1,30,,10456,9,0,7,1,70,,2277,9,0,7,1,30,,10451,9,0,7,1,70,,1324,9,0,7,1,30,,10450,9,0,7,1
30600,'19',603,,10474,9,0,7,1,30,,10464,9,0,7,1,70,,10461,9,0,7,1,30,,10470,9,0,7,1,70,,5653,9,0,7,1,30,,10479,9,0,7,1,70,,10467,9,0,7,1,30,,10471,9,0,7,1,70,,10469,9,0,7,1,30,,10468,9,0,7,1,70,,10463,9,0,7,1,30,,10466,9,0,7,1,70,,10477,9,0,7,1,30,,10480,9,0,7,1,70,,10459,9,0,7,1,30,,10462,9,0,7,1,71,,10476,9,0,7,1,30,,10460,9,0,7,1,70,,10475,9,0,7,1,30,,10478,9,0,7,1,70,,10465,9,0,7,1,30,,10473,9,0,7,1,70,,10472,9,0,7,1,30,,7055,9,0,7,1
30600,'5',603,,10493,9,0,7,1,30,,10485,9,0,7,1,70,,10482,9,0,7,1,30,,10490,9,0,7,1,70,,10488,9,0,7,1,30,,10498,9,0,7,1,70,,10486,9,0,7,1,30,,10491,9,0,7,1,70,,10489,9,0,7,1,30,,10487,9,0,7,1,70,,10484,9,0,7,1,30,,1626,9,0,7,1,70,,10496,9,0,7,1,30,,10499,9,0,7,1,70,,10481,9,0,7,1,30,,10483,9,0,7,1,71,,10495,9,0,7,1,30,,1992,9,0,7,1,70,,10494,9,0,7,1,30,,10497,9,0,7,1,70,,2302,9,0,7,1,30,,4353,9,0,7,1,70,,1349,9,0,7,1,30,,10492,9,0,7,1
30600,'6',603,,10517,9,0,7,1,30,,10505,9,0,7,1,70,,10502,9,0,7,1,30,,10512,9,0,7,1,70,,10510,9,0,7,1,30,,10522,9,0,7,1,70,,10508,9,0,7,1,30,,10513,9,0,7,1,70,,10511,9,0,7,1,30,,10509,9,0,7,1,70,,10504,9,0,7,1,30,,10507,9,0,7,1,70,,10520,9,0,7,1,30,,10523,9,0,7,1,70,,10500,9,0,7,1,30,,10503,9,0,7,1,71,,10519,9,0,7,1,30,,10501,9,0,7,1,70,,10518,9,0,7,1,30,,10521,9,0,7,1,70,,10506,9,0,7,1,30,,10516,9,0,7,1,70,,10514,9,0,7,1,30,,10515,9,0,7,1
40600,'1',1118,,17670,9,0,9 10,1,100,,17669,9,0,9 10,1,100,,17671,9,0,9 10,1,100,,17668,9,0,9 10,1,100,,17672,9,0,9 10,1,100,,17666,9,0,9 10,1,100,,17667,9,0,9 10,1
40600,'10',618,,17683,9,0,9 10,1,30,,17676,9,0,9 10,1,70,,17675,9,0,9 10,1,30,,17684,9,0,9 10,1,70,,17699,9,0,9 10,1,30,,17702,9,0,9 10,1,70,,17673,9,0,9 10,1,30,,17700,9,0,9 10,1,70,,17690,9,0,9 10,1,30,,17692,9,0,9 10,1,70,,17687,9,0,9 10,1,30,,17686,9,0,9 10,1,70,,17697,9,0,9 10,1,30,,17696,9,0,9 10,1,70,,17691,9,0,9 10,1,30,,17698,9,0,9 10,1,70,,17693,9,0,9 10,1,30,,17695,9,0,9 10,1,70,,17677,9,0,9 10,1,30,,17680,9,0,9 10,1,70,,17674,9,0,9 10,1,30,,17681,9,0,9 10,1,70,,17694,9,0,9 10,1,30,,17682,9,0,9 10,1,70,,17678,9,0,9 10,1,100,,17701,9,0,9 10,1,100,,17688,9,0,9 10,1,100,,17679,9,0,9 10,1,100,,17689,9,0,9 10,1,100,,17685,9,0,9 10,1
40600,'12',918,,17707,9,0,9 10,1,100,,17720,9,0,9 10,1,30,,17703,9,0,9 10,1,70,,17717,9,0,9 10,1,30,,17721,9,0,9 10,1,70,,17716,9,0,9 10,1,30,,17706,9,0,9 10,1,70,,17719,9,0,9 10,1,30,,17710,9,0,9 10,1,70,,17708,9,0,9 10,1,30,,17709,9,0,9 10,1,70,,17711,9,0,9 10,1,30,,17713,9,0,9 10,1,70,,17715,9,0,9 10,1,30,,17714,9,0,9 10,1,70,,17712,9,0,9 10,1,30,,17718,9,0,9 10,1,70,,17704,9,0,9 10,1,100,,17705,9,0,9 10,1
40600,'15',1818,,17726,9,0,9 10,1,100,,17723,9,0,9 10,1,100,,17725,9,0,9 10,1,100,,17722,9,0,9 10,1,100,,17727,9,0,9 10,1,100,,17724,9,0,9 10,1
40600,'16',1818,,17731,9,0,9 10,1,100,,17729,9,0,9 10,1,100,,4377,9,0,9 10,1,100,,17728,9,0,9 10,1,100,,5260,9,0,9 10,1,100,,17730,9,0,9 10,1
40600,'17',1818,,17735,9,0,9 10,1,100,,17733,9,0,9 10,1,100,,4394,9,0,9 10,1,100,,17732,9,0,9 10,1,100,,5310,9,0,9 10,1,100,,17734,9,0,9 10,1
40600,'19',1818,,17740,9,0,9 10,1,100,,17737,9,0,9 10,1,100,,17739,9,0,9 10,1,100,,17736,9,0,9 10,1,100,,17741,9,0,9 10,1,100,,17738,9,0,9 10,1
40600,'21',618,,17752,9,0,9 10,1,30,,17745,9,0,9 10,1,70,,17744,9,0,9 10,1,30,,17753,9,0,9 10,1,70,,17767,9,0,9 10,1,30,,17770,9,0,9 10,1,70,,17742,9,0,9 10,1,30,,17768,9,0,9 10,1,70,,17758,9,0,9 10,1,30,,17760,9,0,9 10,1,70,,17755,9,0,9 10,1,30,,17754,9,0,9 10,1,70,,17765,9,0,9 10,1,30,,17764,9,0,9 10,1,70,,17759,9,0,9 10,1,30,,17766,9,0,9 10,1,70,,17761,9,0,9 10,1,30,,17763,9,0,9 10,1,70,,17746,9,0,9 10,1,30,,17749,9,0,9 10,1,70,,17743,9,0,9 10,1,30,,17750,9,0,9 10,1,70,,17762,9,0,9 10,1,30,,17751,9,0,9 10,1,70,,17747,9,0,9 10,1,100,,17769,9,0,9 10,1,100,,17756,9,0,9 10,1,100,,17748,9,0,9 10,1,100,,17757,9,0,9 10,1,100,,8229,9,0,9 10,1
40600,'5',1818,,17774,9,0,9 10,1,100,,17772,9,0,9 10,1,100,,4417,9,0,9 10,1,100,,17771,9,0,9 10,1,100,,5440,9,0,9 10,1,100,,17773,9,0,9 10,1
40600,'6',1818,,17779,9,0,9 10,1,100,,17776,9,0,9 10,1,100,,17778,9,0,9 10,1,100,,17775,9,0,9 10,1,100,,17780,9,0,9 10,1,100,,17777,9,0,9 10,1
