30400,'15',711,,14304,0,39 40 41,1,30,,14310,0,39 40 41,1,70,,14299,0,39 40 41,1,30,,14297,0,39 40 41,1,70,,14296,0,39 40 41,1,30,,14308,0,39 40 41,1,72,,14306,0,39 40 41,1,30,,14312,0,39 40 41,1,70,,14311,0,39 40 41,1,30,,14309,0,39 40 41,1,70,,14293,0,39 40 41,1,30,,14295,0,39 40 41,1,70,,14307,0,39 40 41,1,30,,14315,0,39 40 41,1,71,,14298,0,39 40 41,1,30,,14303,0,39 40 41,1,70,,14305,0,39 40 41,1,30,,14302,0,39 40 41,1,70,,14300,0,39 40 41,1,30,,14313,0,39 40 41,1,70,,14294,0,39 40 41,1,30,,14301,0,39 40 41,1,70,,14314,0,39 40 41,1
30400,'16',711,,14326,0,39 40 41,1,30,,14331,0,39 40 41,1,70,,14321,0,39 40 41,1,30,,7248,0,39 40 41,1,70,,14319,0,39 40 41,1,30,,14329,0,39 40 41,1,72,,7536,0,39 40 41,1,30,,14333,0,39 40 41,1,70,,14332,0,39 40 41,1,30,,14330,0,39 40 41,1,70,,14316,0,39 40 41,1,30,,14318,0,39 40 41,1,70,,14328,0,39 40 41,1,30,,14336,0,39 40 41,1,71,,14320,0,39 40 41,1,30,,14325,0,39 40 41,1,70,,14327,0,39 40 41,1,30,,14324,0,39 40 41,1,70,,14322,0,39 40 41,1,30,,14334,0,39 40 41,1,70,,14317,0,39 40 41,1,30,,14323,0,39 40 41,1,70,,14335,0,39 40 41,1
30400,'17',711,,14347,0,39 40 41,1,30,,14352,0,39 40 41,1,70,,14342,0,39 40 41,1,30,,7274,0,39 40 41,1,70,,14340,0,39 40 41,1,30,,14350,0,39 40 41,1,72,,7555,0,39 40 41,1,30,,14354,0,39 40 41,1,70,,14353,0,39 40 41,1,30,,14351,0,39 40 41,1,70,,14337,0,39 40 41,1,30,,14339,0,39 40 41,1,70,,14349,0,39 40 41,1,30,,14357,0,39 40 41,1,71,,14341,0,39 40 41,1,30,,14346,0,39 40 41,1,70,,14348,0,39 40 41,1,30,,14345,0,39 40 41,1,70,,14343,0,39 40 41,1,30,,14355,0,39 40 41,1,70,,14338,0,39 40 41,1,30,,14344,0,39 40 41,1,70,,14356,0,39 40 41,1
30400,'19',711,,14368,0,39 40 41,1,30,,14374,0,39 40 41,1,70,,14363,0,39 40 41,1,30,,14361,0,39 40 41,1,70,,14360,0,39 40 41,1,30,,14372,0,39 40 41,1,72,,14370,0,39 40 41,1,30,,14376,0,39 40 41,1,70,,14375,0,39 40 41,1,30,,14373,0,39 40 41,1,70,,14358,0,39 40 41,1,30,,14359,0,39 40 41,1,70,,14371,0,39 40 41,1,30,,14379,0,39 40 41,1,71,,14362,0,39 40 41,1,30,,14367,0,39 40 41,1,70,,14369,0,39 40 41,1,30,,14366,0,39 40 41,1,70,,14364,0,39 40 41,1,30,,14377,0,39 40 41,1,70,,11515,0,39 40 41,1,30,,14365,0,39 40 41,1,70,,14378,0,39 40 41,1
30400,'5',711,,14390,0,39 40 41,1,30,,14395,0,39 40 41,1,70,,14385,0,39 40 41,1,30,,7297,0,39 40 41,1,70,,14383,0,39 40 41,1,30,,14393,0,39 40 41,1,72,,7572,0,39 40 41,1,30,,14397,0,39 40 41,1,70,,14396,0,39 40 41,1,30,,14394,0,39 40 41,1,70,,14380,0,39 40 41,1,30,,14382,0,39 40 41,1,70,,14392,0,39 40 41,1,30,,14400,0,39 40 41,1,71,,14384,0,39 40 41,1,30,,14389,0,39 40 41,1,70,,14391,0,39 40 41,1,30,,14388,0,39 40 41,1,70,,14386,0,39 40 41,1,30,,14398,0,39 40 41,1,70,,14381,0,39 40 41,1,30,,14387,0,39 40 41,1,70,,14399,0,39 40 41,1
30400,'6',711,,14412,0,39 40 41,1,30,,14418,0,39 40 41,1,70,,14407,0,39 40 41,1,30,,14405,0,39 40 41,1,70,,14404,0,39 40 41,1,30,,14416,0,39 40 41,1,72,,14414,0,39 40 41,1,30,,14420,0,39 40 41,1,70,,14419,0,39 40 41,1,30,,14417,0,39 40 41,1,70,,14401,0,39 40 41,1,30,,14403,0,39 40 41,1,70,,14415,0,39 40 41,1,30,,14423,0,39 40 41,1,71,,14406,0,39 40 41,1,30,,14411,0,39 40 41,1,70,,14413,0,39 40 41,1,30,,14410,0,39 40 41,1,70,,14408,0,39 40 41,1,30,,14421,0,39 40 41,1,70,,14402,0,39 40 41,1,30,,14409,0,39 40 41,1,70,,14422,0,39 40 41,1
31800,'15',621,,18018,0,45 46 18,1,30,,18007,0,45 46 18,1,70,,18008,0,45 46 18,1,30,,18000,0,45 46 18,1,70,,18011,0,45 46 18,1,30,,18013,0,45 46 18,1,70,,18019,0,45 46 18,1,30,,18009,0,45 46 18,1,70,,18001,0,45 46 18,1,30,,17999,0,45 46 18,1,70,,18020,0,45 46 18,1,30,,18012,0,45 46 18,1,70,,18003,0,45 46 18,1,30,,18004,0,45 46 18,1,70,,17997,0,45 46 18,1,30,,18016,0,45 46 18,1,70,,18021,0,45 46 18,1,30,,18005,0,45 46 18,1,70,,18002,0,45 46 18,1,30,,18014,0,45 46 18,1,70,,18010,0,45 46 18,1,30,,18006,0,45 46 18,1,70,,18015,0,45 46 18,1,30,,18017,0,45 46 18,1,70,,17998,0,45 46 18,1
31800,'16',621,,18041,0,45 46 18,1,30,,18032,0,45 46 18,1,70,,18033,0,45 46 18,1,30,,18025,0,45 46 18,1,70,,8036,0,45 46 18,1,30,,18037,0,45 46 18,1,70,,18042,0,45 46 18,1,30,,18035,0,45 46 18,1,70,,18026,0,45 46 18,1,30,,18024,0,45 46 18,1,70,,18043,0,45 46 18,1,30,,18036,0,45 46 18,1,70,,18028,0,45 46 18,1,30,,18029,0,45 46 18,1,70,,18023,0,45 46 18,1,30,,18039,0,45 46 18,1,70,,18044,0,45 46 18,1,30,,18030,0,45 46 18,1,70,,18027,0,45 46 18,1,30,,18038,0,45 46 18,1,70,,18034,0,45 46 18,1,30,,18031,0,45 46 18,1,70,,8045,0,45 46 18,1,30,,18040,0,45 46 18,1,70,,18022,0,45 46 18,1
31800,'17',621,,18062,0,45 46 18,1,30,,18054,0,45 46 18,1,70,,18055,0,45 46 18,1,30,,18048,0,45 46 18,1,70,,8096,0,45 46 18,1,30,,18058,0,45 46 18,1,70,,18063,0,45 46 18,1,30,,18056,0,45 46 18,1,70,,18049,0,45 46 18,1,30,,18047,0,45 46 18,1,70,,18064,0,45 46 18,1,30,,18057,0,45 46 18,1,70,,18050,0,45 46 18,1,30,,18051,0,45 46 18,1,70,,18046,0,45 46 18,1,30,,18060,0,45 46 18,1,70,,18065,0,45 46 18,1,30,,18052,0,45 46 18,1,70,,8079,0,45 46 18,1,30,,18059,0,45 46 18,1,70,,9558,0,45 46 18,1,30,,18053,0,45 46 18,1,70,,4932,0,45 46 18,1,30,,18061,0,45 46 18,1,70,,18045,0,45 46 18,1
31800,'19',621,,18086,0,45 46 18,1,30,,18076,0,45 46 18,1,70,,18077,0,45 46 18,1,30,,18068,0,45 46 18,1,70,,18079,0,45 46 18,1,30,,18081,0,45 46 18,1,70,,18087,0,45 46 18,1,30,,18078,0,45 46 18,1,70,,18070,0,45 46 18,1,30,,18067,0,45 46 18,1,70,,18088,0,45 46 18,1,30,,18080,0,45 46 18,1,70,,18072,0,45 46 18,1,30,,18073,0,45 46 18,1,70,,18066,0,45 46 18,1,30,,18084,0,45 46 18,1,70,,18090,0,45 46 18,1,30,,18074,0,45 46 18,1,70,,18071,0,45 46 18,1,30,,18082,0,45 46 18,1,70,,18089,0,45 46 18,1,30,,18075,0,45 46 18,1,70,,18083,0,45 46 18,1,30,,18085,0,45 46 18,1,70,,18069,0,45 46 18,1
31800,'5',621,,18108,0,45 46 18,1,30,,18100,0,45 46 18,1,70,,18101,0,45 46 18,1,30,,18093,0,45 46 18,1,70,,8152,0,45 46 18,1,30,,18104,0,45 46 18,1,70,,18109,0,45 46 18,1,30,,18102,0,45 46 18,1,70,,18095,0,45 46 18,1,30,,18092,0,45 46 18,1,70,,18110,0,45 46 18,1,30,,18103,0,45 46 18,1,70,,18097,0,45 46 18,1,30,,18098,0,45 46 18,1,70,,18091,0,45 46 18,1,30,,18106,0,45 46 18,1,70,,18112,0,45 46 18,1,30,,12176,0,45 46 18,1,70,,18096,0,45 46 18,1,30,,18105,0,45 46 18,1,70,,18111,0,45 46 18,1,30,,18099,0,45 46 18,1,70,,4903,0,45 46 18,1,30,,18107,0,45 46 18,1,70,,18094,0,45 46 18,1
31800,'6',621,,18134,0,45 46 18,1,30,,18123,0,45 46 18,1,70,,18124,0,45 46 18,1,30,,18116,0,45 46 18,1,70,,18127,0,45 46 18,1,30,,18129,0,45 46 18,1,70,,18135,0,45 46 18,1,30,,18125,0,45 46 18,1,70,,18117,0,45 46 18,1,30,,18115,0,45 46 18,1,70,,18136,0,45 46 18,1,30,,18128,0,45 46 18,1,70,,18119,0,45 46 18,1,30,,18120,0,45 46 18,1,70,,18113,0,45 46 18,1,30,,18132,0,45 46 18,1,70,,18137,0,45 46 18,1,30,,18121,0,45 46 18,1,70,,18118,0,45 46 18,1,30,,18130,0,45 46 18,1,70,,18126,0,45 46 18,1,30,,18122,0,45 46 18,1,70,,18131,0,45 46 18,1,30,,18133,0,45 46 18,1,70,,18114,0,45 46 18,1
32001,'15',624,,18419,0,47 18,1,27,,18410,0,47 18,1,70,,18411,0,47 18,1,30,,18405,0,47 18,1,70,,18414,0,47 18,1,30,,18404,0,47 18,1,70,,18423,0,47 18,1,30,,18424,0,47 18,1,70,,18408,0,47 18,1,30,,18426,0,47 18,1,70,,18415,0,47 18,1,30,,18425,0,47 18,1,70,,18428,0,47 18,1,30,,18422,0,47 18,1,70,,18427,0,47 18,1,30,,18409,0,47 18,1,70,,18418,0,47 18,1,30,,18417,0,47 18,1,70,,18406,0,47 18,1,30,,18407,0,47 18,1,70,,18420,0,47 18,1,30,,18412,0,47 18,1,70,,18421,0,47 18,1,30,,18416,0,47 18,1,70,,18413,0,47 18,1
32001,'16',624,,18443,0,47 18,1,27,,18435,0,47 18,1,70,,18436,0,47 18,1,30,,18430,0,47 18,1,70,,5655,0,47 18,1,30,,18429,0,47 18,1,70,,18444,0,47 18,1,30,,18445,0,47 18,1,70,,18433,0,47 18,1,30,,18447,0,47 18,1,70,,18439,0,47 18,1,30,,18446,0,47 18,1,70,,18449,0,47 18,1,30,,7094,0,47 18,1,70,,18448,0,47 18,1,30,,18434,0,47 18,1,70,,18442,0,47 18,1,30,,18441,0,47 18,1,70,,18431,0,47 18,1,30,,18432,0,47 18,1,70,,8787,0,47 18,1,30,,18437,0,47 18,1,70,,9427,0,47 18,1,30,,18440,0,47 18,1,70,,18438,0,47 18,1
32001,'17',624,,18463,0,47 18,1,27,,18455,0,47 18,1,70,,18456,0,47 18,1,30,,18451,0,47 18,1,70,,5702,0,47 18,1,30,,18450,0,47 18,1,70,,18464,0,47 18,1,30,,18465,0,47 18,1,70,,18453,0,47 18,1,30,,18467,0,47 18,1,70,,18459,0,47 18,1,30,,18466,0,47 18,1,70,,18469,0,47 18,1,30,,7115,0,47 18,1,70,,18468,0,47 18,1,30,,18454,0,47 18,1,70,,18462,0,47 18,1,30,,18461,0,47 18,1,70,,2667,0,47 18,1,30,,18452,0,47 18,1,70,,2413,0,47 18,1,30,,18457,0,47 18,1,70,,9444,0,47 18,1,30,,18460,0,47 18,1,70,,18458,0,47 18,1
32001,'19',624,,18485,0,47 18,1,27,,18476,0,47 18,1,70,,18477,0,47 18,1,30,,18471,0,47 18,1,70,,18480,0,47 18,1,30,,18470,0,47 18,1,70,,18489,0,47 18,1,30,,18490,0,47 18,1,70,,18474,0,47 18,1,30,,18492,0,47 18,1,70,,18481,0,47 18,1,30,,18491,0,47 18,1,70,,18494,0,47 18,1,30,,18488,0,47 18,1,70,,18493,0,47 18,1,30,,18475,0,47 18,1,70,,18484,0,47 18,1,30,,18483,0,47 18,1,70,,18472,0,47 18,1,30,,18473,0,47 18,1,70,,18486,0,47 18,1,30,,18478,0,47 18,1,70,,18487,0,47 18,1,30,,18482,0,47 18,1,70,,18479,0,47 18,1
32001,'5',624,,18508,0,47 18,1,27,,18501,0,47 18,1,70,,18502,0,47 18,1,30,,18496,0,47 18,1,70,,5740,0,47 18,1,30,,18495,0,47 18,1,70,,18509,0,47 18,1,30,,18510,0,47 18,1,70,,18499,0,47 18,1,30,,18512,0,47 18,1,70,,9171,0,47 18,1,30,,18511,0,47 18,1,70,,18514,0,47 18,1,30,,7136,0,47 18,1,70,,18513,0,47 18,1,30,,18500,0,47 18,1,70,,18507,0,47 18,1,30,,18506,0,47 18,1,70,,18497,0,47 18,1,30,,18498,0,47 18,1,70,,2391,0,47 18,1,30,,18503,0,47 18,1,70,,9462,0,47 18,1,30,,18505,0,47 18,1,70,,18504,0,47 18,1
32001,'6',624,,18530,0,47 18,1,27,,18521,0,47 18,1,70,,18522,0,47 18,1,30,,18516,0,47 18,1,70,,18525,0,47 18,1,30,,18515,0,47 18,1,70,,18534,0,47 18,1,30,,18535,0,47 18,1,70,,18519,0,47 18,1,30,,18537,0,47 18,1,70,,18526,0,47 18,1,30,,18536,0,47 18,1,70,,18539,0,47 18,1,30,,18533,0,47 18,1,70,,18538,0,47 18,1,30,,18520,0,47 18,1,70,,18529,0,47 18,1,30,,18528,0,47 18,1,70,,18517,0,47 18,1,30,,18518,0,47 18,1,70,,18531,0,47 18,1,30,,18523,0,47 18,1,70,,18532,0,47 18,1,30,,18527,0,47 18,1,70,,18524,0,47 18,1
33500,'15',708,,19697,0,48 18,1,30,,19686,0,48 18,1,70,,19695,0,48 18,1,30,,19707,0,48 18,1,70,,19703,0,48 18,1,30,,19691,0,48 18,1,70,,19701,0,48 18,1,30,,19700,0,48 18,1,70,,19694,0,48 18,1,30,,19706,0,48 18,1,70,,19693,0,48 18,1,30,,19705,0,48 18,1,70,,19685,0,48 18,1,30,,19698,0,48 18,1,70,,19690,0,48 18,1,30,,19687,0,48 18,1,70,,19702,0,48 18,1,30,,19696,0,48 18,1,70,,19704,0,48 18,1,30,,19688,0,48 18,1,70,,19708,0,48 18,1,30,,19692,0,48 18,1,70,,19699,0,48 18,1,30,,19689,0,48 18,1
33500,'16',708,,19719,0,48 18,1,30,,19710,0,48 18,1,70,,19716,0,48 18,1,30,,19728,0,48 18,1,70,,19725,0,48 18,1,30,,19713,0,48 18,1,70,,19724,0,48 18,1,30,,19723,0,48 18,1,70,,8672,0,48 18,1,30,,19727,0,48 18,1,70,,19715,0,48 18,1,30,,19726,0,48 18,1,70,,19709,0,48 18,1,30,,19720,0,48 18,1,70,,19712,0,48 18,1,30,,9417,0,48 18,1,70,,7270,0,48 18,1,30,,19714,0,48 18,1,70,,5500,0,48 18,1,30,,19711,0,48 18,1,70,,19718,0,48 18,1,30,,19717,0,48 18,1,70,,19721,0,48 18,1,30,,19722,0,48 18,1
33500,'17',708,,19738,0,48 18,1,30,,19730,0,48 18,1,70,,19735,0,48 18,1,30,,19747,0,48 18,1,70,,19744,0,48 18,1,30,,19733,0,48 18,1,70,,19743,0,48 18,1,30,,19742,0,48 18,1,70,,8698,0,48 18,1,30,,19746,0,48 18,1,70,,13101,0,48 18,1,30,,19745,0,48 18,1,70,,19729,0,48 18,1,30,,19739,0,48 18,1,70,,19732,0,48 18,1,30,,9428,0,48 18,1,70,,7293,0,48 18,1,30,,19734,0,48 18,1,70,,5540,0,48 18,1,30,,19731,0,48 18,1,70,,19737,0,48 18,1,30,,19736,0,48 18,1,70,,19740,0,48 18,1,30,,19741,0,48 18,1
33500,'19',708,,19761,0,48 18,1,30,,19749,0,48 18,1,70,,19758,0,48 18,1,30,,19771,0,48 18,1,70,,19768,0,48 18,1,30,,19754,0,48 18,1,70,,19767,0,48 18,1,30,,19766,0,48 18,1,70,,19757,0,48 18,1,30,,19770,0,48 18,1,70,,19756,0,48 18,1,30,,19769,0,48 18,1,70,,19748,0,48 18,1,30,,19765,0,48 18,1,70,,19753,0,48 18,1,30,,19750,0,48 18,1,70,,19751,0,48 18,1,30,,19759,0,48 18,1,70,,19763,0,48 18,1,30,,19755,0,48 18,1,70,,19762,0,48 18,1,30,,19760,0,48 18,1,70,,19752,0,48 18,1,30,,19764,0,48 18,1
33500,'5',708,,19782,0,48 18,1,30,,19773,0,48 18,1,70,,19780,0,48 18,1,30,,19792,0,48 18,1,70,,19789,0,48 18,1,30,,19777,0,48 18,1,70,,19788,0,48 18,1,30,,19787,0,48 18,1,70,,8721,0,48 18,1,30,,19791,0,48 18,1,70,,19779,0,48 18,1,30,,19790,0,48 18,1,70,,19772,0,48 18,1,30,,19786,0,48 18,1,70,,19776,0,48 18,1,30,,9446,0,48 18,1,70,,19774,0,48 18,1,30,,2198,0,48 18,1,70,,19784,0,48 18,1,30,,19778,0,48 18,1,70,,19783,0,48 18,1,30,,19781,0,48 18,1,70,,19775,0,48 18,1,30,,19785,0,48 18,1
33500,'6',708,,19805,0,48 18,1,30,,19794,0,48 18,1,70,,19803,0,48 18,1,30,,19815,0,48 18,1,70,,19811,0,48 18,1,30,,19799,0,48 18,1,70,,19809,0,48 18,1,30,,19808,0,48 18,1,70,,19802,0,48 18,1,30,,19814,0,48 18,1,70,,19801,0,48 18,1,30,,19813,0,48 18,1,70,,19793,0,48 18,1,30,,19806,0,48 18,1,70,,19798,0,48 18,1,30,,19795,0,48 18,1,70,,19810,0,48 18,1,30,,19804,0,48 18,1,70,,19812,0,48 18,1,30,,19796,0,48 18,1,70,,19816,0,48 18,1,30,,19800,0,48 18,1,70,,19807,0,48 18,1,30,,19797,0,48 18,1
40400,'1',1127,,7991,0,39 40 42 18,1,100,,21876,0,39 40 42 18,1,100,,7161,0,39 40 42 18,1,99,,21874,0,39 40 42 18,1,100,,21875,0,39 40 42 18,1,100,,21873,0,39 40 42 18,1,100,,7160,0,39 40 42 18,1
40400,'10',626,,21893,0,39 40 42 18,1,30,,21902,0,39 40 42 18,1,70,,21891,0,39 40 42 18,1,30,,21901,0,39 40 42 18,1,70,,21906,0,39 40 42 18,1,30,,21896,0,39 40 42 18,1,70,,21895,0,39 40 42 18,1,30,,21890,0,39 40 42 18,1,71,,21894,0,39 40 42 18,1,30,,21881,0,39 40 42 18,1,70,,21887,0,39 40 42 18,1,30,,21899,0,39 40 42 18,1,70,,21882,0,39 40 42 18,1,30,,21892,0,39 40 42 18,1,70,,21898,0,39 40 42 18,1,30,,21877,0,39 40 42 18,1,69,,21897,0,39 40 42 18,1,30,,21888,0,39 40 42 18,1,70,,21905,0,39 40 42 18,1,30,,21886,0,39 40 42 18,1,70,,21903,0,39 40 42 18,1,30,,21885,0,39 40 42 18,1,70,,21904,0,39 40 42 18,1,30,,21889,0,39 40 42 18,1,70,,21879,0,39 40 42 18,1,100,,21880,0,39 40 42 18,1,100,,21900,0,39 40 42 18,1,100,,21884,0,39 40 42 18,1,100,,21883,0,39 40 42 18,1,100,,21878,0,39 40 42 18,1
40400,'12',926,,21908,0,39 40 42 18,1,101,,11339,0,39 40 42 18,1,30,,21916,0,39 40 42 18,1,70,,21909,0,39 40 42 18,1,30,,21922,0,39 40 42 18,1,70,,10695,0,39 40 42 18,1,30,,21910,0,39 40 42 18,1,70,,21913,0,39 40 42 18,1,30,,21921,0,39 40 42 18,1,69,,21914,0,39 40 42 18,1,30,,21920,0,39 40 42 18,1,70,,13073,0,39 40 42 18,1,30,,21917,0,39 40 42 18,1,70,,21915,0,39 40 42 18,1,30,,21912,0,39 40 42 18,1,70,,21919,0,39 40 42 18,1,30,,21918,0,39 40 42 18,1,70,,21911,0,39 40 42 18,1,100,,21907,0,39 40 42 18,1
40400,'15',1826,,21923,0,39 40 42 18,1,100,,21928,0,39 40 42 18,1,100,,21927,0,39 40 42 18,1,100,,21926,0,39 40 42 18,1,100,,21924,0,39 40 42 18,1,100,,21925,0,39 40 42 18,1
40400,'16',1826,,6991,0,39 40 42 18,1,100,,21933,0,39 40 42 18,1,100,,21932,0,39 40 42 18,1,100,,21931,0,39 40 42 18,1,100,,21929,0,39 40 42 18,1,100,,21930,0,39 40 42 18,1
40400,'17',1826,,7014,0,39 40 42 18,1,100,,21937,0,39 40 42 18,1,100,,21936,0,39 40 42 18,1,100,,21935,0,39 40 42 18,1,100,,21934,0,39 40 42 18,1,100,,9211,0,39 40 42 18,1
40400,'19',1826,,21938,0,39 40 42 18,1,100,,21942,0,39 40 42 18,1,100,,13029,0,39 40 42 18,1,100,,21941,0,39 40 42 18,1,100,,21939,0,39 40 42 18,1,100,,21940,0,39 40 42 18,1
40400,'21',626,,21957,0,39 40 42 18,1,30,,21964,0,39 40 42 18,1,70,,10790,0,39 40 42 18,1,30,,21963,0,39 40 42 18,1,70,,21968,0,39 40 42 18,1,30,,11545,0,39 40 42 18,1,70,,21958,0,39 40 42 18,1,30,,21955,0,39 40 42 18,1,71,,10647,0,39 40 42 18,1,30,,21947,0,39 40 42 18,1,70,,21953,0,39 40 42 18,1,30,,21961,0,39 40 42 18,1,70,,21948,0,39 40 42 18,1,30,,21956,0,39 40 42 18,1,70,,21960,0,39 40 42 18,1,30,,21943,0,39 40 42 18,1,69,,21959,0,39 40 42 18,1,30,,11530,0,39 40 42 18,1,70,,21967,0,39 40 42 18,1,30,,21952,0,39 40 42 18,1,70,,21965,0,39 40 42 18,1,30,,21951,0,39 40 42 18,1,70,,21966,0,39 40 42 18,1,30,,21954,0,39 40 42 18,1,70,,21945,0,39 40 42 18,1,100,,21946,0,39 40 42 18,1,100,,21962,0,39 40 42 18,1,100,,21950,0,39 40 42 18,1,100,,21949,0,39 40 42 18,1,100,,21944,0,39 40 42 18,1
40400,'5',1826,,7030,0,39 40 42 18,1,100,,21973,0,39 40 42 18,1,100,,21972,0,39 40 42 18,1,100,,21971,0,39 40 42 18,1,100,,21969,0,39 40 42 18,1,100,,21970,0,39 40 42 18,1
40400,'6',1826,,21974,0,39 40 42 18,1,100,,21979,0,39 40 42 18,1,100,,21978,0,39 40 42 18,1,100,,21977,0,39 40 42 18,1,100,,21975,0,39 40 42 18,1,100,,21976,0,39 40 42 18,1
41800,'1',1107,,24024,0,45 46 18,1,100,,9589,0,45 46 18,1,100,,24027,0,45 46 18,1,100,,24025,0,45 46 18,1,100,,24022,0,45 46 18,1,100,,24026,0,45 46 18,1,100,,24021,0,45 46 18,1,100,,24023,0,45 46 18,1
41800,'10',635,,24051,0,45 46 18,1,70,,24055,0,45 46 18,1,31,,24050,0,45 46 18,1,70,,24038,0,45 46 18,1,30,,24034,0,45 46 18,1,70,,24032,0,45 46 18,1,30,,24052,0,45 46 18,1,70,,24043,0,45 46 18,1,31,,24033,0,45 46 18,1,70,,24047,0,45 46 18,1,30,,24031,0,45 46 18,1,70,,24035,0,45 46 18,1,30,,24030,0,45 46 18,1,70,,24054,0,45 46 18,1,30,,24042,0,45 46 18,1,70,,24029,0,45 46 18,1,30,,24045,0,45 46 18,1,70,,24036,0,45 46 18,1,30,,24049,0,45 46 18,1,70,,24044,0,45 46 18,1,30,,24046,0,45 46 18,1,70,,24053,0,45 46 18,1,30,,24057,0,45 46 18,1,70,,24039,0,45 46 18,1,100,,24037,0,45 46 18,1,100,,24041,0,45 46 18,1,100,,24028,0,45 46 18,1,100,,24040,0,45 46 18,1,100,,24056,0,45 46 18,1,100,,24048,0,45 46 18,1
41800,'12',906,,12755,0,45 46 18,1,100,,24059,0,45 46 18,1,31,,24064,0,45 46 18,1,70,,24067,0,45 46 18,1,30,,24060,0,45 46 18,1,70,,24071,0,45 46 18,1,30,,24074,0,45 46 18,1,70,,10925,0,45 46 18,1,30,,24058,0,45 46 18,1,70,,24063,0,45 46 18,1,30,,24061,0,45 46 18,1,70,,24073,0,45 46 18,1,30,,24062,0,45 46 18,1,70,,24066,0,45 46 18,1,30,,24065,0,45 46 18,1,70,,24072,0,45 46 18,1,30,,24069,0,45 46 18,1,70,,24070,0,45 46 18,1,100,,24068,0,45 46 18,1,100,,24075,0,45 46 18,1
41800,'15',1907,,24078,0,45 46 18,1,100,,24080,0,45 46 18,1,100,,24077,0,45 46 18,1,100,,24079,0,45 46 18,1,100,,24076,0,45 46 18,1,100,,24081,0,45 46 18,1
41800,'16',1907,,24083,0,45 46 18,1,100,,24085,0,45 46 18,1,100,,8236,0,45 46 18,1,100,,24084,0,45 46 18,1,100,,24082,0,45 46 18,1,100,,24086,0,45 46 18,1
41800,'17',1907,,24088,0,45 46 18,1,100,,24090,0,45 46 18,1,100,,8285,0,45 46 18,1,100,,24089,0,45 46 18,1,100,,24087,0,45 46 18,1,100,,24091,0,45 46 18,1
41800,'19',1907,,24094,0,45 46 18,1,100,,24096,0,45 46 18,1,100,,24093,0,45 46 18,1,100,,24095,0,45 46 18,1,100,,24092,0,45 46 18,1,100,,24097,0,45 46 18,1
41800,'21',635,,24118,0,45 46 18,1,70,,24122,0,45 46 18,1,31,,24117,0,45 46 18,1,70,,24106,0,45 46 18,1,30,,9101,0,45 46 18,1,70,,24101,0,45 46 18,1,30,,24119,0,45 46 18,1,70,,24111,0,45 46 18,1,31,,24102,0,45 46 18,1,70,,24114,0,45 46 18,1,30,,24100,0,45 46 18,1,70,,24103,0,45 46 18,1,30,,24099,0,45 46 18,1,70,,24121,0,45 46 18,1,30,,24110,0,45 46 18,1,70,,13239,0,45 46 18,1,30,,24112,0,45 46 18,1,70,,24104,0,45 46 18,1,30,,24116,0,45 46 18,1,70,,12617,0,45 46 18,1,30,,24113,0,45 46 18,1,70,,24120,0,45 46 18,1,30,,24124,0,45 46 18,1,70,,24107,0,45 46 18,1,100,,24105,0,45 46 18,1,100,,24109,0,45 46 18,1,100,,24098,0,45 46 18,1,100,,24108,0,45 46 18,1,100,,24123,0,45 46 18,1,100,,24115,0,45 46 18,1
41800,'5',1907,,24126,0,45 46 18,1,100,,24128,0,45 46 18,1,100,,8344,0,45 46 18,1,100,,24127,0,45 46 18,1,100,,24125,0,45 46 18,1,100,,24129,0,45 46 18,1
41800,'6',1907,,24132,0,45 46 18,1,100,,24134,0,45 46 18,1,100,,24131,0,45 46 18,1,100,,24133,0,45 46 18,1,100,,24130,0,45 46 18,1,100,,24135,0,45 46 18,1
42001,'1',1051,,7871,0,47 18,1,70,,24370,0,47 18,1,30,,24373,0,47 18,1,70,,24371,0,47 18,1,30,,24375,0,47 18,1,70,,24378,0,47 18,1,30,,24369,0,47 18,1,70,,24380,0,47 18,1,30,,24376,0,47 18,1,70,,24377,0,47 18,1,30,,24368,0,47 18,1,70,,24381,0,47 18,1,30,,24372,0,47 18,1,70,,24379,0,47 18,1,30,,24374,0,47 18,1
42001,'10',651,,24397,0,47 18,1,70,,24391,0,47 18,1,30,,24405,0,47 18,1,70,,24403,0,47 18,1,30,,24411,0,47 18,1,70,,24390,0,47 18,1,30,,24406,0,47 18,1,70,,24402,0,47 18,1,30,,24408,0,47 18,1,70,,24384,0,47 18,1,30,,24409,0,47 18,1,70,,24401,0,47 18,1,30,,24382,0,47 18,1,70,,24395,0,47 18,1,30,,24407,0,47 18,1,70,,24394,0,47 18,1,30,,24398,0,47 18,1,70,,24389,0,47 18,1,30,,24387,0,47 18,1,70,,24392,0,47 18,1,30,,24400,0,47 18,1,70,,24399,0,47 18,1,30,,24386,0,47 18,1,70,,24383,0,47 18,1,30,,24396,0,47 18,1,100,,24388,0,47 18,1,100,,24404,0,47 18,1,100,,24385,0,47 18,1,100,,24410,0,47 18,1,100,,24393,0,47 18,1
42001,'12',851,,24417,0,47 18,1,70,,24420,0,47 18,1,30,,24416,0,47 18,1,70,,24429,0,47 18,1,30,,24418,0,47 18,1,70,,24415,0,47 18,1,30,,24413,0,47 18,1,70,,24422,0,47 18,1,30,,24421,0,47 18,1,70,,24426,0,47 18,1,30,,24412,0,47 18,1,70,,24430,0,47 18,1,30,,24432,0,47 18,1,70,,24423,0,47 18,1,30,,24424,0,47 18,1,70,,11910,0,47 18,1,30,,24427,0,47 18,1,70,,24428,0,47 18,1,30,,24431,0,47 18,1,70,,12421,0,47 18,1,30,,24414,0,47 18,1,70,,24419,0,47 18,1,30,,24425,0,47 18,1
42001,'15',1851,,24434,0,47 18,1,100,,24436,0,47 18,1,100,,24433,0,47 18,1,100,,24438,0,47 18,1,100,,24435,0,47 18,1,100,,24437,0,47 18,1
42001,'16',1851,,24440,0,47 18,1,100,,24442,0,47 18,1,100,,24439,0,47 18,1,100,,24444,0,47 18,1,100,,24441,0,47 18,1,100,,24443,0,47 18,1
42001,'17',1851,,24446,0,47 18,1,100,,24448,0,47 18,1,100,,24445,0,47 18,1,100,,24450,0,47 18,1,100,,24447,0,47 18,1,100,,24449,0,47 18,1
42001,'19',1851,,24452,0,47 18,1,100,,24454,0,47 18,1,100,,24451,0,47 18,1,100,,24456,0,47 18,1,100,,24453,0,47 18,1,100,,24455,0,47 18,1
42001,'21',651,,24470,0,47 18,1,70,,24465,0,47 18,1,30,,24478,0,47 18,1,70,,24476,0,47 18,1,30,,24482,0,47 18,1,70,,24464,0,47 18,1,30,,24479,0,47 18,1,70,,24475,0,47 18,1,30,,24481,0,47 18,1,70,,24459,0,47 18,1,30,,11399,0,47 18,1,70,,24474,0,47 18,1,30,,24457,0,47 18,1,70,,24468,0,47 18,1,30,,24480,0,47 18,1,70,,10776,0,47 18,1,30,,24471,0,47 18,1,70,,24463,0,47 18,1,30,,12964,0,47 18,1,70,,24466,0,47 18,1,30,,24473,0,47 18,1,70,,24472,0,47 18,1,30,,24461,0,47 18,1,70,,24458,0,47 18,1,30,,24469,0,47 18,1,100,,24462,0,47 18,1,100,,24477,0,47 18,1,100,,24460,0,47 18,1,100,,10664,0,47 18,1,100,,24467,0,47 18,1
42001,'5',1851,,24484,0,47 18,1,100,,24486,0,47 18,1,100,,24483,0,47 18,1,100,,24488,0,47 18,1,100,,24485,0,47 18,1,100,,24487,0,47 18,1
42001,'6',1851,,24490,0,47 18,1,100,,24492,0,47 18,1,100,,24489,0,47 18,1,100,,24494,0,47 18,1,100,,24491,0,47 18,1,100,,24493,0,47 18,1
43500,'1',1108,,25298,0,48 18,1,30,,25294,0,48 18,1,70,,25293,0,48 18,1,30,,25291,0,48 18,1,70,,25299,0,48 18,1,30,,25302,0,48 18,1,70,,25297,0,48 18,1,30,,25296,0,48 18,1,70,,25303,0,48 18,1,30,,25301,0,48 18,1,70,,10043,0,48 18,1,30,,25292,0,48 18,1,70,,25300,0,48 18,1,30,,25290,0,48 18,1,70,,25295,0,48 18,1
43500,'10',738,,25327,0,48 18,1,70,,25308,0,48 18,1,30,,25315,0,48 18,1,70,,25310,0,48 18,1,30,,25333,0,48 18,1,70,,25319,0,48 18,1,30,,25328,0,48 18,1,70,,25324,0,48 18,1,30,,25304,0,48 18,1,70,,25322,0,48 18,1,30,,25335,0,48 18,1,70,,25330,0,48 18,1,30,,25321,0,48 18,1,70,,25307,0,48 18,1,30,,25312,0,48 18,1,70,,25329,0,48 18,1,30,,25316,0,48 18,1,70,,25313,0,48 18,1,30,,25317,0,48 18,1,70,,25325,0,48 18,1,30,,25305,0,48 18,1,70,,25320,0,48 18,1,30,,25326,0,48 18,1,70,,25311,0,48 18,1,30,,25309,0,48 18,1,70,,25318,0,48 18,1,30,,25306,0,48 18,1,70,,25332,0,48 18,1,30,,25314,0,48 18,1,70,,25334,0,48 18,1,30,,25331,0,48 18,1,70,,25323,0,48 18,1
43500,'12',1108,,25347,0,48 18,1,30,,25339,0,48 18,1,70,,25351,0,48 18,1,30,,25352,0,48 18,1,70,,25343,0,48 18,1,30,,25342,0,48 18,1,70,,12197,0,48 18,1,30,,25350,0,48 18,1,70,,25341,0,48 18,1,30,,25337,0,48 18,1,70,,25348,0,48 18,1,30,,25349,0,48 18,1,70,,25354,0,48 18,1,30,,25345,0,48 18,1,70,,25344,0,48 18,1,30,,25338,0,48 18,1,70,,25336,0,48 18,1,30,,25346,0,48 18,1,70,,25353,0,48 18,1,30,,25340,0,48 18,1
43500,'16',1853,,25356,0,48 18,1,70,,25361,0,48 18,1,30,,25359,0,48 18,1,70,,25362,0,48 18,1,30,,25357,0,48 18,1,70,,9787,0,48 18,1,30,,25358,0,48 18,1,70,,25364,0,48 18,1,30,,9424,0,48 18,1,70,,25360,0,48 18,1,30,,25355,0,48 18,1,70,,25363,0,48 18,1
43500,'17',1853,,25366,0,48 18,1,70,,25370,0,48 18,1,30,,8712,0,48 18,1,70,,25371,0,48 18,1,30,,25367,0,48 18,1,70,,9822,0,48 18,1,30,,25368,0,48 18,1,70,,25373,0,48 18,1,30,,9438,0,48 18,1,70,,25369,0,48 18,1,30,,25365,0,48 18,1,70,,25372,0,48 18,1
43500,'19',1853,,25377,0,48 18,1,70,,25382,0,48 18,1,30,,25383,0,48 18,1,70,,25379,0,48 18,1,30,,25374,0,48 18,1,70,,25381,0,48 18,1,30,,25375,0,48 18,1,70,,25376,0,48 18,1,30,,25380,0,48 18,1,70,,25378,0,48 18,1
43500,'21',838,,25393,0,48 18,1,70,,25389,0,48 18,1,30,,25409,0,48 18,1,70,,25397,0,48 18,1,30,,25404,0,48 18,1,70,,25401,0,48 18,1,30,,25406,0,48 18,1,70,,25400,0,48 18,1,30,,25410,0,48 18,1,70,,25407,0,48 18,1,30,,25399,0,48 18,1,70,,25387,0,48 18,1,30,,25384,0,48 18,1,70,,25405,0,48 18,1,30,,25394,0,48 18,1,70,,25391,0,48 18,1,30,,25395,0,48 18,1,70,,25402,0,48 18,1,30,,25385,0,48 18,1,70,,25398,0,48 18,1,30,,25403,0,48 18,1,70,,25390,0,48 18,1,30,,25388,0,48 18,1,70,,25396,0,48 18,1,30,,25386,0,48 18,1,70,,25408,0,48 18,1,30,,25392,0,48 18,1
43500,'5',1853,,25413,0,48 18,1,70,,25418,0,48 18,1,30,,25419,0,48 18,1,70,,25415,0,48 18,1,30,,25411,0,48 18,1,70,,25417,0,48 18,1,30,,25412,0,48 18,1,70,,5826,0,48 18,1,30,,25416,0,48 18,1,70,,25414,0,48 18,1
