30201,'12',625,,33215,14,0,24,1,30,,33224,14,0,24,1,70,,33225,14,0,24,1,30,,33230,14,0,24,1,70,,33218,14,0,24,1,30,,33235,14,0,24,1,70,,33219,14,0,24,1,30,,33229,14,0,24,1,71,,33231,14,0,24,1,30,,33237,14,0,24,1,70,,33216,14,0,24,1,30,,33217,14,0,24,1,70,,33232,14,0,24,1,30,,33226,14,0,24,1,70,,33223,14,0,24,1,30,,33227,14,0,24,1,73,,33228,14,0,24,1,78,,33221,14,0,24,1,30,,33220,14,0,24,1,70,,33234,14,0,24,1,30,,33233,14,0,24,1,70,,33238,14,0,24,1,30,,33222,14,0,24,1,70,,33236,14,0,24,1
30201,'13',625,,33239,14,0,24,1,30,,33248,14,0,24,1,70,,33249,14,0,24,1,30,,33254,14,0,24,1,70,,33242,14,0,24,1,30,,33258,14,0,24,1,70,,33243,14,0,24,1,30,,33253,14,0,24,1,71,,33255,14,0,24,1,30,,33260,14,0,24,1,70,,33240,14,0,24,1,30,,33241,14,0,24,1,70,,33256,14,0,24,1,30,,33250,14,0,24,1,70,,33247,14,0,24,1,30,,33251,14,0,24,1,73,,33252,14,0,24,1,78,,33245,14,0,24,1,30,,33244,14,0,24,1,70,,33257,14,0,24,1,30,,29290,14,0,24,1,70,,28820,14,0,24,1,30,,33246,14,0,24,1,70,,33259,14,0,24,1
30201,'3',625,,33261,14,0,24,1,30,,33270,14,0,24,1,70,,33271,14,0,24,1,30,,33276,14,0,24,1,70,,33264,14,0,24,1,30,,33280,14,0,24,1,70,,33265,14,0,24,1,30,,33275,14,0,24,1,71,,33277,14,0,24,1,30,,33282,14,0,24,1,70,,33262,14,0,24,1,30,,33263,14,0,24,1,70,,33278,14,0,24,1,30,,33272,14,0,24,1,70,,33269,14,0,24,1,30,,33273,14,0,24,1,73,,33274,14,0,24,1,78,,33267,14,0,24,1,30,,33266,14,0,24,1,70,,33279,14,0,24,1,30,,29309,14,0,24,1,70,,28843,14,0,24,1,30,,33268,14,0,24,1,70,,33281,14,0,24,1
30201,'6',625,,33283,14,0,24,1,30,,33292,14,0,24,1,70,,33293,14,0,24,1,30,,33298,14,0,24,1,70,,33286,14,0,24,1,30,,33303,14,0,24,1,70,,33287,14,0,24,1,30,,33297,14,0,24,1,71,,33299,14,0,24,1,30,,33305,14,0,24,1,70,,33284,14,0,24,1,30,,33285,14,0,24,1,70,,33300,14,0,24,1,30,,33294,14,0,24,1,70,,33291,14,0,24,1,30,,33295,14,0,24,1,73,,33296,14,0,24,1,78,,33289,14,0,24,1,30,,33288,14,0,24,1,70,,33302,14,0,24,1,30,,33301,14,0,24,1,70,,33306,14,0,24,1,30,,33290,14,0,24,1,70,,33304,14,0,24,1
40201,'1',652,,38428,14,0,24,1,70,,38425,14,0,24,1,30,,38426,14,0,24,1,70,,38427,14,0,24,1,30,,38437,14,0,24,1,70,,38432,14,0,24,1,30,,38441,14,0,24,1,70,,38423,14,0,24,1,30,,38430,14,0,24,1,70,,38436,14,0,24,1,30,,38419,14,0,24,1,70,,38433,14,0,24,1,30,,38438,14,0,24,1,70,,31028,14,0,24,1,30,,38418,14,0,24,1,70,,38415,14,0,24,1,30,,38424,14,0,24,1,70,,38431,14,0,24,1,30,,38435,14,0,24,1,70,,38421,14,0,24,1,30,,31249,14,0,24,1,70,,38417,14,0,24,1,30,,38422,14,0,24,1,70,,38442,14,0,24,1,30,,38434,14,0,24,1,100,,38429,14,0,24,1,100,,38440,14,0,24,1,100,,38420,14,0,24,1,100,,38439,14,0,24,1,100,,38416,14,0,24,1
40201,'11',652,,38459,14,0,24,1,70,,38456,14,0,24,1,30,,38457,14,0,24,1,70,,38458,14,0,24,1,30,,38454,14,0,24,1,70,,38463,14,0,24,1,30,,38471,14,0,24,1,70,,38453,14,0,24,1,30,,38461,14,0,24,1,70,,38467,14,0,24,1,30,,38449,14,0,24,1,70,,38464,14,0,24,1,30,,38468,14,0,24,1,70,,38443,14,0,24,1,30,,38448,14,0,24,1,70,,38444,14,0,24,1,30,,38455,14,0,24,1,70,,38462,14,0,24,1,30,,38466,14,0,24,1,70,,38451,14,0,24,1,30,,38446,14,0,24,1,70,,38447,14,0,24,1,30,,38452,14,0,24,1,70,,38472,14,0,24,1,30,,38465,14,0,24,1,100,,38460,14,0,24,1,100,,38470,14,0,24,1,100,,38450,14,0,24,1,100,,38469,14,0,24,1,100,,38445,14,0,24,1
40201,'12',1852,,38476,14,0,24,1,100,,38473,14,0,24,1,100,,38474,14,0,24,1,100,,38478,14,0,24,1,100,,38475,14,0,24,1,100,,38477,14,0,24,1
40201,'13',1852,,38482,14,0,24,1,100,,38479,14,0,24,1,100,,38480,14,0,24,1,100,,38484,14,0,24,1,100,,38481,14,0,24,1,100,,38483,14,0,24,1
40201,'14',1152,,38488,14,0,24,1,100,,29737,14,0,24,1,100,,38487,14,0,24,1,100,,38486,14,0,24,1,100,,38490,14,0,24,1,100,,38485,14,0,24,1,100,,38489,14,0,24,1
40201,'16',652,,38504,14,0,24,1,70,,38501,14,0,24,1,30,,38502,14,0,24,1,70,,38503,14,0,24,1,30,,38513,14,0,24,1,70,,38508,14,0,24,1,30,,38517,14,0,24,1,70,,38499,14,0,24,1,30,,38506,14,0,24,1,70,,38512,14,0,24,1,30,,38495,14,0,24,1,70,,38509,14,0,24,1,30,,38514,14,0,24,1,70,,31065,14,0,24,1,30,,38494,14,0,24,1,70,,38491,14,0,24,1,30,,38500,14,0,24,1,70,,38507,14,0,24,1,30,,38511,14,0,24,1,70,,38497,14,0,24,1,30,,31288,14,0,24,1,70,,38493,14,0,24,1,30,,38498,14,0,24,1,70,,38518,14,0,24,1,30,,38510,14,0,24,1,100,,38505,14,0,24,1,100,,38516,14,0,24,1,100,,38496,14,0,24,1,100,,38515,14,0,24,1,100,,38492,14,0,24,1
40201,'3',1852,,38522,14,0,24,1,100,,38519,14,0,24,1,100,,38520,14,0,24,1,100,,38524,14,0,24,1,100,,38521,14,0,24,1,100,,38523,14,0,24,1
40201,'6',1852,,38528,14,0,24,1,100,,38525,14,0,24,1,100,,38526,14,0,24,1,100,,38530,14,0,24,1,100,,38527,14,0,24,1,100,,38529,14,0,24,1
40201,'8',952,,38533,14,0,24,1,100,,38534,14,0,24,1,70,,38536,14,0,24,1,30,,25796,14,0,24,1,70,,38545,14,0,24,1,30,,38542,14,0,24,1,70,,38540,14,0,24,1,30,,38539,14,0,24,1,70,,38547,14,0,24,1,30,,38532,14,0,24,1,70,,38544,14,0,24,1,30,,38543,14,0,24,1,70,,38535,14,0,24,1,30,,38538,14,0,24,1,70,,38531,14,0,24,1,30,,38548,14,0,24,1,70,,38541,14,0,24,1,30,,38546,14,0,24,1,100,,38537,14,0,24,1
