30101,'12',621,,32947,7,0,5 15,1,30,,32948,7,0,5 15,1,70,,32969,7,0,5 15,1,30,,32985,7,0,5 15,1,70,,32960,7,0,5 15,1,30,,32976,7,0,5 15,1,70,,32954,7,0,5 15,1,30,,32952,7,0,5 15,1,70,,32986,7,0,5 15,1,30,,32966,7,0,5 15,1,70,,32967,7,0,5 15,1,30,,32945,7,0,5 15,1,70,,32955,7,0,5 15,1,30,,32957,7,0,5 15,1,70,,32987,7,0,5 15,1,30,,32991,7,0,5 15,1,70,,32956,7,0,5 15,1,30,,32990,7,0,5 15,1,70,,32980,7,0,5 15,1,30,,32971,7,0,5 15,1,70,,32972,7,0,5 15,1,30,,32994,7,0,5 15,1,70,,32993,7,0,5 15,1,30,,32977,7,0,5 15,1
30101,'13',621,,32997,7,0,5 15,1,30,,32998,7,0,5 15,1,70,,33016,7,0,5 15,1,30,,28476,7,0,5 15,1,70,,33008,7,0,5 15,1,30,,33022,7,0,5 15,1,70,,33003,7,0,5 15,1,30,,33001,7,0,5 15,1,70,,33030,7,0,5 15,1,30,,33014,7,0,5 15,1,70,,33015,7,0,5 15,1,30,,32995,7,0,5 15,1,70,,33004,7,0,5 15,1,30,,33006,7,0,5 15,1,70,,31703,7,0,5 15,1,30,,33033,7,0,5 15,1,70,,33005,7,0,5 15,1,30,,28477,7,0,5 15,1,70,,33026,7,0,5 15,1,30,,33017,7,0,5 15,1,70,,33018,7,0,5 15,1,30,,33036,7,0,5 15,1,70,,33035,7,0,5 15,1,30,,33023,7,0,5 15,1
30101,'3',621,,33039,7,0,5 15,1,30,,33040,7,0,5 15,1,70,,33058,7,0,5 15,1,30,,28491,7,0,5 15,1,70,,33050,7,0,5 15,1,30,,33064,7,0,5 15,1,70,,33045,7,0,5 15,1,30,,33043,7,0,5 15,1,70,,33072,7,0,5 15,1,30,,33056,7,0,5 15,1,70,,33057,7,0,5 15,1,30,,33037,7,0,5 15,1,70,,33046,7,0,5 15,1,30,,33048,7,0,5 15,1,70,,31758,7,0,5 15,1,30,,33075,7,0,5 15,1,70,,33047,7,0,5 15,1,30,,28492,7,0,5 15,1,70,,33068,7,0,5 15,1,30,,33059,7,0,5 15,1,70,,33060,7,0,5 15,1,30,,33078,7,0,5 15,1,70,,33077,7,0,5 15,1,30,,33065,7,0,5 15,1
30101,'6',621,,33081,7,0,5 15,1,30,,33082,7,0,5 15,1,70,,33103,7,0,5 15,1,30,,33119,7,0,5 15,1,70,,33094,7,0,5 15,1,30,,33110,7,0,5 15,1,70,,33088,7,0,5 15,1,30,,33086,7,0,5 15,1,70,,33120,7,0,5 15,1,30,,33100,7,0,5 15,1,70,,33101,7,0,5 15,1,30,,33079,7,0,5 15,1,70,,33089,7,0,5 15,1,30,,33091,7,0,5 15,1,70,,33121,7,0,5 15,1,30,,33125,7,0,5 15,1,70,,33090,7,0,5 15,1,30,,33124,7,0,5 15,1,70,,33114,7,0,5 15,1,30,,33105,7,0,5 15,1,70,,33106,7,0,5 15,1,30,,33128,7,0,5 15,1,70,,33127,7,0,5 15,1,30,,33111,7,0,5 15,1
40101,'1',635,,38036,7,0,16,1,70,,38052,7,0,16,1,30,,38025,7,0,16,1,70,,38054,7,0,16,1,30,,38057,7,0,16,1,70,,38048,7,0,16,1,30,,32002,7,0,16,1,70,,38046,7,0,16,1,30,,38060,7,0,16,1,70,,38020,7,0,16,1,30,,38034,7,0,16,1,70,,38031,7,0,16,1,30,,30519,7,0,16,1,70,,38038,7,0,16,1,30,,38026,7,0,16,1,70,,38043,7,0,16,1,30,,38045,7,0,16,1,70,,38063,7,0,16,1,30,,38040,7,0,16,1,70,,38033,7,0,16,1,30,,38032,7,0,16,1,70,,38027,7,0,16,1,30,,38056,7,0,16,1,70,,38059,7,0,16,1,30,,38037,7,0,16,1,100,,38012,7,0,16,1,100,,38028,7,0,16,1,100,,38049,7,0,16,1,100,,38013,7,0,16,1,100,,38011,7,0,5,1
40101,'11',635,,38093,7,0,16,1,70,,38112,7,0,16,1,30,,38082,7,0,16,1,70,,38114,7,0,16,1,30,,38117,7,0,16,1,70,,38107,7,0,16,1,30,,38102,7,0,16,1,70,,38105,7,0,16,1,30,,38120,7,0,16,1,70,,38077,7,0,16,1,30,,38091,7,0,16,1,70,,38088,7,0,16,1,30,,38099,7,0,16,1,70,,38094,7,0,16,1,30,,38083,7,0,16,1,70,,38101,7,0,16,1,30,,38104,7,0,16,1,70,,38124,7,0,16,1,30,,38097,7,0,16,1,70,,38090,7,0,16,1,30,,38089,7,0,16,1,70,,38084,7,0,16,1,30,,38116,7,0,16,1,70,,38119,7,0,16,1,30,,38095,7,0,16,1,100,,38069,7,0,16,1,100,,38085,7,0,16,1,100,,38108,7,0,16,1,100,,38070,7,0,16,1,100,,38068,7,0,5,1
40101,'12',1835,,38134,7,0,16,1,100,,38133,7,0,16,1,100,,38132,7,0,16,1,100,,38128,7,0,16,1,100,,38137,7,0,16,1,100,,38130,7,0,5,1
40101,'13',1835,,38145,7,0,16,1,100,,38144,7,0,16,1,100,,38143,7,0,16,1,100,,38139,7,0,16,1,100,,38148,7,0,16,1,100,,38141,7,0,5,1
40101,'14',1035,,38157,7,0,16,1,100,,38159,7,0,16,1,100,,38158,7,0,16,1,100,,38153,7,0,16,1,100,,38156,7,0,16,1,100,,38151,7,0,16,1,100,,38162,7,0,16,1,100,,38149,7,0,5,1
40101,'16',635,,38191,7,0,16,1,70,,38207,7,0,16,1,30,,38180,7,0,16,1,70,,38209,7,0,16,1,30,,38212,7,0,16,1,70,,38203,7,0,16,1,30,,32040,7,0,16,1,70,,38201,7,0,16,1,30,,38215,7,0,16,1,70,,38175,7,0,16,1,30,,38189,7,0,16,1,70,,38186,7,0,16,1,30,,30556,7,0,16,1,70,,38193,7,0,16,1,30,,38181,7,0,16,1,70,,38198,7,0,16,1,30,,38200,7,0,16,1,70,,38218,7,0,16,1,30,,38195,7,0,16,1,70,,38188,7,0,16,1,30,,38187,7,0,16,1,70,,38182,7,0,16,1,30,,38211,7,0,16,1,70,,38214,7,0,16,1,30,,38192,7,0,16,1,100,,38167,7,0,16,1,100,,38183,7,0,16,1,100,,38204,7,0,16,1,100,,38168,7,0,16,1,100,,38166,7,0,5,1
40101,'3',1835,,38228,7,0,16,1,100,,38227,7,0,16,1,100,,38226,7,0,16,1,100,,38222,7,0,16,1,100,,38231,7,0,16,1,100,,38224,7,0,5,1
40101,'6',1835,,38239,7,0,16,1,100,,38238,7,0,16,1,100,,38237,7,0,16,1,100,,38233,7,0,16,1,100,,38242,7,0,16,1,100,,38235,7,0,5,1
40101,'8',835,,38272,7,0,16,1,100,,38276,7,0,16,1,100,,38252,7,0,16,1,70,,38262,7,0,16,1,30,,38268,7,0,16,1,70,,38258,7,0,16,1,30,,38281,7,0,16,1,70,,38247,7,0,16,1,30,,38243,7,0,16,1,70,,38260,7,0,16,1,30,,38253,7,0,16,1,70,,38274,7,0,16,1,30,,38254,7,0,16,1,70,,38267,7,0,16,1,30,,38251,7,0,16,1,70,,38244,7,0,16,1,30,,38269,7,0,16,1,70,,38248,7,0,16,1,30,,38273,7,0,16,1,100,,38279,7,0,16,1
