30100,'11',616,,27361,3,0,5 6,1,30,,27337,3,0,5 6,1,70,,27355,3,0,5 6,1,30,,27370,3,0,5 6,1,70,,27336,3,0,5 6,1,30,,6785,3,0,5 6,1,70,,27357,3,0,5 6,1,30,,22225,3,0,5 6,1,70,,27367,3,0,5 6,1,30,,24152,3,0,5 6,1,70,,27356,3,0,5 6,1,30,,27363,3,0,5 6,1,70,,27349,3,0,5 6,1,30,,27359,3,0,5 6,1,70,,27348,3,0,5 6,1,30,,27333,3,0,5 6,1,70,,22859,3,0,5 6,1,30,,27365,3,0,5 6,1,70,,27358,3,0,5 6,1,30,,27344,3,0,5 6,1,70,,27345,3,0,5 6,1,30,,27369,3,0,5 6,1,70,,27347,3,0,5 6,1
30100,'3',616,,27399,3,0,5 6,1,30,,27375,3,0,5 6,1,70,,27393,3,0,5 6,1,30,,27408,3,0,5 6,1,70,,27374,3,0,5 6,1,30,,6829,3,0,5 6,1,70,,27395,3,0,5 6,1,30,,22244,3,0,5 6,1,70,,27405,3,0,5 6,1,30,,24162,3,0,5 6,1,70,,27394,3,0,5 6,1,30,,27401,3,0,5 6,1,70,,27387,3,0,5 6,1,30,,27397,3,0,5 6,1,70,,27386,3,0,5 6,1,30,,27371,3,0,5 6,1,70,,22879,3,0,5 6,1,30,,27403,3,0,5 6,1,70,,27396,3,0,5 6,1,30,,27382,3,0,5 6,1,70,,27383,3,0,5 6,1,30,,27407,3,0,5 6,1,70,,27385,3,0,5 6,1
30600,'11',600,,27847,3,0,7,1,30,,27861,3,0,7,1,70,,24490,3,0,7,1,30,,27859,3,0,7,1,70,,27858,3,0,7,1,30,,27864,3,0,7,1,70,,27852,3,0,7,1,30,,27846,3,0,7,1,70,,27845,3,0,7,1,30,,27854,3,0,7,1,70,,27848,3,0,7,1,30,,27865,3,0,7,1,70,,27862,3,0,7,1,30,,27853,3,0,7,1,70,,27863,3,0,7,1,30,,27857,3,0,7,1,71,,27851,3,0,7,1,30,,27855,3,0,7,1,70,,24112,3,0,7,1,30,,27850,3,0,7,1,70,,27860,3,0,7,1,30,,27849,3,0,7,1,70,,23629,3,0,7,1,30,,27856,3,0,7,1
30600,'3',600,,27868,3,0,7,1,30,,27882,3,0,7,1,70,,24598,3,0,7,1,30,,27880,3,0,7,1,70,,27879,3,0,7,1,30,,27885,3,0,7,1,70,,27873,3,0,7,1,30,,27867,3,0,7,1,70,,27866,3,0,7,1,30,,27875,3,0,7,1,70,,27869,3,0,7,1,30,,27886,3,0,7,1,70,,27883,3,0,7,1,30,,27874,3,0,7,1,70,,27884,3,0,7,1,30,,27878,3,0,7,1,71,,27872,3,0,7,1,30,,27876,3,0,7,1,70,,24124,3,0,7,1,30,,27871,3,0,7,1,70,,27881,3,0,7,1,30,,27870,3,0,7,1,70,,23648,3,0,7,1,30,,27877,3,0,7,1
33700,'1',731,,29436,3,,,1,70,,29427,3,,,1,30,,29401,3,,,1,70,,29407,3,,,1,30,,29442,3,,,1,70,,29412,3,,,1,30,,24259,3,,,1,70,,29438,3,,,1,30,,29425,3,,,1,70,,29416,3,,,1,30,,29406,3,,,1,70,,29419,3,,,1,30,,29423,3,,,1,70,,29417,3,,,1,30,,26406,3,,,1,70,,29415,3,,,1,30,,29404,3,,,1,70,,23725,3,,,1,30,,29403,3,,,1,70,,29437,3,,,1,30,,29409,3,,,1,70,,29434,3,,,1,30,,29424,3,,,1,70,,29418,3,,,1,30,,23651,3,,,1
33700,'11',701,,29460,3,,,1,30,,29483,3,,,1,70,,29474,3,,,1,30,,29465,3,,,1,70,,29462,3,,,1,30,,29445,3,,,1,70,,29481,3,,,1,30,,23332,3,,,1,70,,29450,3,,,1,30,,29482,3,,,1,70,,29484,3,,,1,30,,29454,3,,,1,70,,21466,3,,,1,30,,29467,3,,,1,70,,29449,3,,,1,30,,29463,3,,,1,70,,29448,3,,,1,30,,29480,3,,,1,70,,29461,3,,,1,30,,29458,3,,,1,70,,29464,3,,,1,30,,19106,3,,,1,70,,29486,3,,,1,30,,12268,3,,,1,70,,29472,3,,,1
33700,'12',1131,,29488,3,,,1,70,,29489,3,,,1,30,,29501,3,,,1,70,,29502,3,,,1,30,,29510,3,,,1,70,,29487,3,,,1,30,,29497,3,,,1,70,,29508,3,,,1,30,,29506,3,,,1,70,,29507,3,,,1,30,,29491,3,,,1,70,,29503,3,,,1,30,,29493,3,,,1,70,,29490,3,,,1,30,,29504,3,,,1
33700,'14',731,,29557,3,,,1,70,,29546,3,,,1,30,,29518,3,,,1,70,,29524,3,,,1,30,,29563,3,,,1,70,,29530,3,,,1,30,,29533,3,,,1,70,,29559,3,,,1,30,,26866,3,,,1,70,,29535,3,,,1,30,,29523,3,,,1,70,,29538,3,,,1,30,,29542,3,,,1,70,,29536,3,,,1,30,,29549,3,,,1,70,,29532,3,,,1,30,,29521,3,,,1,70,,29534,3,,,1,30,,29520,3,,,1,70,,29558,3,,,1,30,,29527,3,,,1,70,,29555,3,,,1,30,,29543,3,,,1,70,,29537,3,,,1,30,,29526,3,,,1
33700,'3',701,,29581,3,,,1,30,,29604,3,,,1,70,,29595,3,,,1,30,,29586,3,,,1,70,,29583,3,,,1,30,,29566,3,,,1,70,,29602,3,,,1,30,,23370,3,,,1,70,,29571,3,,,1,30,,29603,3,,,1,70,,29605,3,,,1,30,,29575,3,,,1,70,,21505,3,,,1,30,,29588,3,,,1,70,,29570,3,,,1,30,,29584,3,,,1,70,,29569,3,,,1,30,,29601,3,,,1,70,,29582,3,,,1,30,,29579,3,,,1,70,,29585,3,,,1,30,,19153,3,,,1,70,,29607,3,,,1,30,,12301,3,,,1,70,,29593,3,,,1
33700,'8',1201,,25555,3,,,1,30,,29618,3,,,1,70,,29624,3,,,1,30,,29626,3,,,1,70,,29617,3,,,1,30,,29629,3,,,1,70,,29634,3,,,1,30,,29630,3,,,1,70,,29613,3,,,1,30,,29611,3,,,1,70,,29635,3,,,1,30,,29622,3,,,1,70,,29620,3,,,1,30,,29625,3,,,1,70,,29623,3,,,1
40100,'1',616,,29888,3,0,8,1,30,,29890,3,0,8,1,70,,29908,3,0,8,1,30,,29891,3,0,8,1,70,,29871,3,0,8,1,30,,29897,3,0,8,1,70,,29910,3,0,8,1,30,,29914,3,0,8,1,70,,29887,3,0,8,1,30,,29916,3,0,8,1,70,,29919,3,0,8,1,30,,23084,3,0,8,1,70,,29889,3,0,8,1,30,,29909,3,0,8,1,70,,29877,3,0,8,1,30,,24668,3,0,8,1,70,,29903,3,0,8,1,30,,29881,3,0,8,1,70,,29874,3,0,8,1,30,,29901,3,0,8,1,70,,29900,3,0,8,1,30,,29892,3,0,8,1,70,,29876,3,0,8,1,30,,29880,3,0,8,1,100,,29906,3,0,8,1,99,,29883,3,0,8,1,100,,29885,3,0,8,1,100,,29872,3,0,8,1,100,,29870,3,0,8,1,100,,29896,3,0,8,1
40100,'11',1746,,29931,3,0,8,1,100,,29920,3,0,8,1,99,,29923,3,0,8,1,100,,29922,3,0,8,1,100,,24724,3,0,8,1,100,,29926,3,0,8,1,100,,29921,3,0,8,1
40100,'12',1046,,29938,3,0,8,1,100,,29939,3,0,8,1,100,,29936,3,0,8,1,100,,29933,3,0,8,1,100,,29937,3,0,8,1,100,,29941,3,0,8,1,100,,25360,3,0,8,1,100,,29944,3,0,8,1
40100,'14',616,,24954,3,0,8,1,30,,29970,3,0,8,1,70,,29991,3,0,8,1,30,,29971,3,0,8,1,70,,29948,3,0,8,1,30,,29978,3,0,8,1,70,,29993,3,0,8,1,30,,29997,3,0,8,1,70,,29968,3,0,8,1,30,,24808,3,0,8,1,70,,30001,3,0,8,1,30,,29977,3,0,8,1,70,,25531,3,0,8,1,30,,29992,3,0,8,1,70,,29954,3,0,8,1,30,,29965,3,0,8,1,70,,29986,3,0,8,1,30,,29958,3,0,8,1,70,,29951,3,0,8,1,30,,29983,3,0,8,1,70,,29981,3,0,8,1,30,,29972,3,0,8,1,70,,29953,3,0,8,1,30,,29957,3,0,8,1,100,,29989,3,0,8,1,99,,29961,3,0,8,1,100,,29966,3,0,8,1,100,,29949,3,0,8,1,100,,29947,3,0,8,1,100,,29976,3,0,8,1
40100,'3',1746,,30013,3,0,8,1,100,,30002,3,0,8,1,99,,30005,3,0,8,1,100,,30004,3,0,8,1,100,,24826,3,0,8,1,100,,30008,3,0,8,1,100,,30003,3,0,8,1
40100,'8',846,,30016,3,0,8,1,100,,30021,3,0,8,1,70,,30033,3,0,8,1,30,,30031,3,0,8,1,70,,30039,3,0,8,1,30,,30017,3,0,8,1,70,,30045,3,0,8,1,30,,30029,3,0,8,1,70,,30037,3,0,8,1,30,,30052,3,0,8,1,70,,30038,3,0,8,1,30,,30022,3,0,8,1,70,,30034,3,0,8,1,30,,30044,3,0,8,1,70,,30050,3,0,8,1,30,,30018,3,0,8,1,70,,30053,3,0,8,1,30,,30028,3,0,8,1,100,,30026,3,0,8,1,99,,30049,3,0,8,1
40600,'1',615,,30614,3,0,9 10,1,30,,23944,3,0,9 10,1,70,,30607,3,0,9 10,1,30,,30601,3,0,9 10,1,70,,30602,3,0,9 10,1,30,,30605,3,0,9 10,1,70,,30603,3,0,9 10,1,30,,21565,3,0,9 10,1,70,,30597,3,0,9 10,1,30,,30594,3,0,9 10,1,70,,30608,3,0,9 10,1,30,,30612,3,0,9 10,1,70,,30591,3,0,9 10,1,30,,30598,3,0,9 10,1,70,,21548,3,0,9 10,1,30,,30615,3,0,9 10,1,70,,30600,3,0,9 10,1,30,,30613,3,0,9 10,1,70,,30609,3,0,9 10,1,30,,30595,3,0,9 10,1,70,,30604,3,0,9 10,1,30,,30610,3,0,9 10,1,70,,30593,3,0,9 10,1,30,,30599,3,0,9 10,1,70,,30606,3,0,9 10,1,100,,30596,3,0,9 10,1,100,,30592,3,0,9 10,1,100,,30611,3,0,9 10,1,100,,30590,3,0,9 10,1,100,,30589,3,0,9 10,1
40600,'11',1815,,22085,3,0,9 10,1,100,,30618,3,0,9 10,1,100,,30619,3,0,9 10,1,100,,30616,3,0,9 10,1,100,,30617,3,0,9 10,1,100,,30620,3,0,9 10,1
40600,'12',1115,,30624,3,0,9 10,1,100,,30622,3,0,9 10,1,100,,30626,3,0,9 10,1,100,,30625,3,0,9 10,1,100,,30623,3,0,9 10,1,100,,30621,3,0,9 10,1,100,,30627,3,0,9 10,1
40600,'14',615,,30651,3,0,9 10,1,30,,30645,3,0,9 10,1,70,,30644,3,0,9 10,1,30,,30638,3,0,9 10,1,70,,23988,3,0,9 10,1,30,,30642,3,0,9 10,1,70,,30639,3,0,9 10,1,30,,30641,3,0,9 10,1,70,,30634,3,0,9 10,1,30,,25755,3,0,9 10,1,70,,26944,3,0,9 10,1,30,,30649,3,0,9 10,1,70,,30630,3,0,9 10,1,30,,30635,3,0,9 10,1,70,,30636,3,0,9 10,1,30,,30652,3,0,9 10,1,70,,30637,3,0,9 10,1,30,,30650,3,0,9 10,1,70,,30646,3,0,9 10,1,30,,30633,3,0,9 10,1,70,,30640,3,0,9 10,1,30,,30647,3,0,9 10,1,70,,30632,3,0,9 10,1,30,,26447,3,0,9 10,1,70,,30643,3,0,9 10,1,100,,25911,3,0,9 10,1,100,,30631,3,0,9 10,1,100,,30648,3,0,9 10,1,100,,30629,3,0,9 10,1,100,,30628,3,0,9 10,1
40600,'3',1815,,22106,3,0,9 10,1,100,,30655,3,0,9 10,1,100,,30656,3,0,9 10,1,100,,30653,3,0,9 10,1,100,,30654,3,0,9 10,1,100,,30657,3,0,9 10,1
40600,'8',915,,30665,3,0,9 10,1,100,,30663,3,0,9 10,1,30,,30669,3,0,9 10,1,70,,26142,3,0,9 10,1,30,,30670,3,0,9 10,1,70,,30666,3,0,9 10,1,30,,26010,3,0,9 10,1,70,,30659,3,0,9 10,1,30,,30658,3,0,9 10,1,70,,30667,3,0,9 10,1,30,,8620,3,0,9 10,1,70,,30668,3,0,9 10,1,30,,30664,3,0,9 10,1,70,,30672,3,0,9 10,1,30,,30673,3,0,9 10,1,70,,30671,3,0,9 10,1,30,,30661,3,0,9 10,1,70,,30660,3,0,9 10,1,100,,30662,3,0,9 10,1
43700,'1',1946,,32647,3,,,1,100,,32643,3,,,1,100,,32642,3,,,1,100,,32649,3,,,1,100,,32646,3,,,1
43700,'11',1946,,32655,3,,,1,100,,32653,3,,,1,100,,32660,3,,,1,100,,32654,3,,,1,100,,22911,3,,,1
43700,'14',1946,,32666,3,,,1,100,,32662,3,,,1,100,,32661,3,,,1,100,,32668,3,,,1,100,,32665,3,,,1
43700,'3',1946,,32674,3,,,1,100,,32672,3,,,1,100,,32679,3,,,1,100,,32673,3,,,1,100,,22935,3,,,1
