31000,'15',654,,11456,17,0,17 18,1,70,,11457,17,0,17 18,1,30,,11463,17,0,17 18,1,70,,11464,17,0,17 18,1,30,,11467,17,0,17 18,1,70,,11448,17,0,17 18,1,30,,11451,17,0,17 18,1,70,,11466,17,0,17 18,1,30,,11454,17,0,17 18,1,70,,11449,17,0,17 18,1,30,,11468,17,0,17 18,1,70,,11458,17,0,17 18,1,30,,11462,17,0,17 18,1,70,,11469,17,0,17 18,1,30,,11455,17,0,17 18,1,71,,11450,17,0,17 18,1,30,,11459,17,0,17 18,1,70,,11452,17,0,17 18,1,30,,11460,17,0,17 18,1,70,,11470,17,0,17 18,1,30,,11461,17,0,17 18,1,70,,11453,17,0,17 18,1,30,,11465,17,0,17 18,1
31000,'16',654,,3749,17,0,17 18,1,70,,11478,17,0,17 18,1,30,,11482,17,0,17 18,1,70,,11483,17,0,17 18,1,30,,11486,17,0,17 18,1,70,,11471,17,0,17 18,1,30,,11473,17,0,17 18,1,70,,11485,17,0,17 18,1,30,,11476,17,0,17 18,1,70,,11472,17,0,17 18,1,30,,11487,17,0,17 18,1,70,,11479,17,0,17 18,1,30,,4927,17,0,17 18,1,70,,11488,17,0,17 18,1,30,,11477,17,0,17 18,1,71,,3743,17,0,17 18,1,30,,11480,17,0,17 18,1,70,,11474,17,0,17 18,1,30,,11481,17,0,17 18,1,70,,11489,17,0,17 18,1,30,,8691,17,0,17 18,1,70,,11475,17,0,17 18,1,30,,11484,17,0,17 18,1
31000,'17',654,,3773,17,0,17 18,1,70,,11497,17,0,17 18,1,30,,11501,17,0,17 18,1,70,,11502,17,0,17 18,1,30,,11505,17,0,17 18,1,70,,11490,17,0,17 18,1,30,,11492,17,0,17 18,1,70,,11504,17,0,17 18,1,30,,11495,17,0,17 18,1,70,,11491,17,0,17 18,1,30,,11506,17,0,17 18,1,70,,11498,17,0,17 18,1,30,,4979,17,0,17 18,1,70,,11507,17,0,17 18,1,30,,11496,17,0,17 18,1,71,,3767,17,0,17 18,1,30,,11499,17,0,17 18,1,70,,11493,17,0,17 18,1,30,,11500,17,0,17 18,1,70,,11508,17,0,17 18,1,30,,8701,17,0,17 18,1,70,,11494,17,0,17 18,1,30,,11503,17,0,17 18,1
31000,'19',654,,11517,17,0,17 18,1,70,,11518,17,0,17 18,1,30,,11524,17,0,17 18,1,70,,11525,17,0,17 18,1,30,,11528,17,0,17 18,1,70,,11509,17,0,17 18,1,30,,11512,17,0,17 18,1,70,,11527,17,0,17 18,1,30,,11515,17,0,17 18,1,70,,11510,17,0,17 18,1,30,,11529,17,0,17 18,1,70,,11519,17,0,17 18,1,30,,11522,17,0,17 18,1,70,,11530,17,0,17 18,1,30,,11516,17,0,17 18,1,71,,11511,17,0,17 18,1,30,,11520,17,0,17 18,1,70,,11513,17,0,17 18,1,30,,11521,17,0,17 18,1,70,,11531,17,0,17 18,1,30,,11523,17,0,17 18,1,70,,11514,17,0,17 18,1,30,,11526,17,0,17 18,1
31000,'5',654,,3797,17,0,17 18,1,70,,11539,17,0,17 18,1,30,,11542,17,0,17 18,1,70,,11543,17,0,17 18,1,30,,11546,17,0,17 18,1,70,,11532,17,0,17 18,1,30,,11534,17,0,17 18,1,70,,11545,17,0,17 18,1,30,,11537,17,0,17 18,1,70,,11533,17,0,17 18,1,30,,11547,17,0,17 18,1,70,,11540,17,0,17 18,1,30,,5030,17,0,17 18,1,70,,11548,17,0,17 18,1,30,,11538,17,0,17 18,1,71,,3791,17,0,17 18,1,30,,4349,17,0,17 18,1,70,,11535,17,0,17 18,1,30,,11541,17,0,17 18,1,70,,11549,17,0,17 18,1,30,,8721,17,0,17 18,1,70,,11536,17,0,17 18,1,30,,11544,17,0,17 18,1
31000,'6',654,,11558,17,0,17 18,1,70,,11559,17,0,17 18,1,30,,11565,17,0,17 18,1,70,,11566,17,0,17 18,1,30,,11569,17,0,17 18,1,70,,11550,17,0,17 18,1,30,,11553,17,0,17 18,1,70,,11568,17,0,17 18,1,30,,11556,17,0,17 18,1,70,,11551,17,0,17 18,1,30,,11570,17,0,17 18,1,70,,11560,17,0,17 18,1,30,,11564,17,0,17 18,1,70,,11571,17,0,17 18,1,30,,11557,17,0,17 18,1,71,,11552,17,0,17 18,1,30,,11561,17,0,17 18,1,70,,11554,17,0,17 18,1,30,,11562,17,0,17 18,1,70,,11572,17,0,17 18,1,30,,11563,17,0,17 18,1,70,,11555,17,0,17 18,1,30,,11567,17,0,17 18,1
41000,'1',1055,,18357,17,,,1,100,,18355,17,,,1,100,,18361,17,,,1,100,,18359,17,,,1,100,,18358,17,,,1,100,,18360,17,,,1,100,,18356,17,,,1,100,,18362,17,,,1
41000,'10',653,,18367,17,,,1,70,,18376,17,,,1,30,,18363,17,,,1,70,,18385,17,,,1,30,,18384,17,,,1,70,,18382,17,,,1,30,,18365,17,,,1,72,,18366,17,,,1,30,,18374,17,,,1,70,,18383,17,,,1,30,,18369,17,,,1,70,,18378,17,,,1,30,,18375,17,,,1,70,,18379,17,,,1,30,,18377,17,,,1,70,,18370,17,,,1,30,,18381,17,,,1,70,,18380,17,,,1,30,,18373,17,,,1,70,,18371,17,,,1,30,,18368,17,,,1,70,,18372,17,,,1,30,,18364,17,,,1
41000,'12',853,,18400,17,,,1,100,,18395,17,,,1,72,,18402,17,,,1,30,,18393,17,,,1,70,,18391,17,,,1,30,,18386,17,,,1,70,,18390,17,,,1,30,,18387,17,,,1,70,,18389,17,,,1,30,,18399,17,,,1,70,,18396,17,,,1,30,,8032,17,,,1,70,,18401,17,,,1,30,,18394,17,,,1,70,,18398,17,,,1,30,,18392,17,,,1,70,,18397,17,,,1,30,,18403,17,,,1,100,,18404,17,,,1,98,,18388,17,,,1
41000,'21',653,,18409,17,,,1,70,,18416,17,,,1,30,,18405,17,,,1,70,,18425,17,,,1,30,,18424,17,,,1,70,,18422,17,,,1,30,,18407,17,,,1,72,,18408,17,,,1,30,,18414,17,,,1,70,,18423,17,,,1,30,,18410,17,,,1,70,,18418,17,,,1,30,,18415,17,,,1,70,,18419,17,,,1,30,,18417,17,,,1,70,,18411,17,,,1,30,,18421,17,,,1,70,,18420,17,,,1,30,,18413,17,,,1,70,,8223,17,,,1,30,,8587,17,,,1,70,,18412,17,,,1,30,,18406,17,,,1
