30800,'11',604,,28033,9,0,59,1,30,,28013,9,0,59,1,70,,28016,9,0,59,1,30,,24338,9,0,59,1,70,,28028,9,0,59,1,30,,28014,9,0,59,1,70,,28030,9,0,59,1,30,,28019,9,0,59,1,70,,28029,9,0,59,1,30,,28020,9,0,59,1,70,,28025,9,0,59,1,30,,28021,9,0,59,1,70,,28027,9,0,59,1,30,,28034,9,0,59,1,70,,28023,9,0,59,1,30,,28031,9,0,59,1,70,,28022,9,0,59,1,31,,28017,9,0,59,1,70,,28032,9,0,59,1,30,,28035,9,0,59,1,70,,28024,9,0,59,1,30,,28018,9,0,59,1,70,,28026,9,0,59,1,30,,28015,9,0,59,1
30800,'3',604,,28056,9,0,59,1,30,,28036,9,0,59,1,70,,28039,9,0,59,1,30,,24359,9,0,59,1,70,,28051,9,0,59,1,30,,28037,9,0,59,1,70,,28053,9,0,59,1,30,,28042,9,0,59,1,70,,28052,9,0,59,1,30,,28043,9,0,59,1,70,,28048,9,0,59,1,30,,28044,9,0,59,1,70,,28050,9,0,59,1,30,,28057,9,0,59,1,70,,28046,9,0,59,1,30,,28054,9,0,59,1,70,,28045,9,0,59,1,31,,28040,9,0,59,1,70,,28055,9,0,59,1,30,,28058,9,0,59,1,70,,28047,9,0,59,1,30,,28041,9,0,59,1,70,,28049,9,0,59,1,30,,28038,9,0,59,1
33701,'1',640,,29638,9,,,1,70,,29649,9,,,1,30,,29641,9,,,1,70,,29642,9,,,1,30,,29670,9,,,1,70,,29661,9,,,1,30,,29671,9,,,1,70,,29662,9,,,1,30,,29669,9,,,1,70,,29677,9,,,1,30,,29643,9,,,1,70,,29664,9,,,1,30,,29654,9,,,1,70,,29672,9,,,1,30,,29676,9,,,1,70,,29657,9,,,1,30,,29644,9,,,1,70,,29653,9,,,1,30,,29660,9,,,1,70,,29675,9,,,1,30,,22119,9,,,1,70,,23663,9,,,1,30,,29640,9,,,1,70,,22831,9,,,1,30,,29637,9,,,1
33701,'11',620,,29722,9,,,1,30,,29681,9,,,1,70,,29719,9,,,1,30,,29704,9,,,1,70,,29694,9,,,1,30,,29711,9,,,1,70,,29703,9,,,1,30,,29680,9,,,1,70,,29718,9,,,1,30,,29682,9,,,1,70,,29687,9,,,1,30,,29713,9,,,1,70,,29715,9,,,1,30,,12807,9,,,1,70,,29692,9,,,1,30,,23341,9,,,1,70,,29716,9,,,1,30,,29686,9,,,1,70,,29698,9,,,1,30,,22155,9,,,1,70,,9524,9,,,1,30,,29709,9,,,1,70,,29706,9,,,1,30,,29688,9,,,1,70,,29707,9,,,1
33701,'12',1040,,29732,9,,,1,70,,29742,9,,,1,30,,29726,9,,,1,70,,29743,9,,,1,30,,29741,9,,,1,70,,29739,9,,,1,30,,29745,9,,,1,70,,29733,9,,,1,30,,29727,9,,,1,70,,29747,9,,,1,30,,29746,9,,,1,70,,29744,9,,,1,30,,29734,9,,,1,70,,29728,9,,,1,30,,29731,9,,,1
33701,'14',640,,29754,9,,,1,70,,29766,9,,,1,30,,29758,9,,,1,70,,29759,9,,,1,30,,29789,9,,,1,70,,29779,9,,,1,30,,29790,9,,,1,70,,29781,9,,,1,30,,29788,9,,,1,70,,29796,9,,,1,30,,29760,9,,,1,70,,29783,9,,,1,30,,29769,9,,,1,70,,29791,9,,,1,30,,29795,9,,,1,70,,25225,9,,,1,30,,29761,9,,,1,70,,25220,9,,,1,30,,29778,9,,,1,70,,29794,9,,,1,30,,29757,9,,,1,70,,29774,9,,,1,30,,29756,9,,,1,70,,29770,9,,,1,30,,29753,9,,,1
33701,'3',620,,29841,9,,,1,30,,29800,9,,,1,70,,29838,9,,,1,30,,29823,9,,,1,70,,29813,9,,,1,30,,29830,9,,,1,70,,29822,9,,,1,30,,29799,9,,,1,70,,29837,9,,,1,30,,29801,9,,,1,70,,29806,9,,,1,30,,29832,9,,,1,70,,29834,9,,,1,30,,12938,9,,,1,70,,29811,9,,,1,30,,23379,9,,,1,70,,29835,9,,,1,30,,29805,9,,,1,70,,29817,9,,,1,30,,22177,9,,,1,70,,9567,9,,,1,30,,29828,9,,,1,70,,29825,9,,,1,30,,29807,9,,,1,70,,29826,9,,,1
33701,'8',1110,,29847,9,,,1,30,,29842,9,,,1,70,,29866,9,,,1,30,,29868,9,,,1,70,,25791,9,,,1,30,,29849,9,,,1,70,,29844,9,,,1,30,,29861,9,,,1,70,,29851,9,,,1,30,,29865,9,,,1,70,,29858,9,,,1,30,,29869,9,,,1,70,,29848,9,,,1,30,,29855,9,,,1,70,,29862,9,,,1
40800,'1',619,,30775,9,0,60 61,1,30,,30762,9,0,60 61,1,70,,24141,9,0,60 61,1,30,,30783,9,0,60 61,1,70,,30764,9,0,60 61,1,30,,30773,9,0,60 61,1,70,,30781,9,0,60 61,1,30,,30768,9,0,60 61,1,70,,30761,9,0,60 61,1,30,,30767,9,0,60 61,1,70,,30778,9,0,60 61,1,30,,30769,9,0,60 61,1,70,,30785,9,0,60 61,1,30,,30772,9,0,60 61,1,70,,30776,9,0,60 61,1,30,,30777,9,0,60 61,1,70,,30784,9,0,60 61,1,30,,30787,9,0,60 61,1,70,,30774,9,0,60 61,1,30,,30770,9,0,60 61,1,70,,30771,9,0,60 61,1,30,,30765,9,0,60 61,1,70,,30779,9,0,60 61,1,30,,30780,9,0,60 61,1,100,,23530,9,0,60 61,1,100,,30766,9,0,60 61,1,100,,30786,9,0,60 61,1,100,,22629,9,0,60 61,1,100,,30763,9,0,60 61,1,100,,30782,9,0,60 61,1
40800,'11',1749,,23147,9,0,60 61,1,100,,30793,9,0,60 61,1,100,,30790,9,0,60 61,1,100,,30791,9,0,60 61,1,100,,30788,9,0,60 61,1,100,,30792,9,0,60 61,1,100,,30789,9,0,60 61,1
40800,'12',1049,,30794,9,0,60 61,1,100,,30796,9,0,60 61,1,100,,30799,9,0,60 61,1,100,,30797,9,0,60 61,1,100,,30801,9,0,60 61,1,100,,30795,9,0,60 61,1,100,,30800,9,0,60 61,1,100,,30798,9,0,60 61,1
40800,'14',619,,30817,9,0,60 61,1,30,,30803,9,0,60 61,1,70,,30819,9,0,60 61,1,30,,30824,9,0,60 61,1,70,,30805,9,0,60 61,1,30,,30815,9,0,60 61,1,70,,30822,9,0,60 61,1,30,,30809,9,0,60 61,1,70,,30802,9,0,60 61,1,30,,30808,9,0,60 61,1,70,,24976,9,0,60 61,1,30,,30810,9,0,60 61,1,70,,30826,9,0,60 61,1,30,,30814,9,0,60 61,1,70,,30818,9,0,60 61,1,30,,26787,9,0,60 61,1,70,,30825,9,0,60 61,1,30,,30828,9,0,60 61,1,70,,30816,9,0,60 61,1,30,,30812,9,0,60 61,1,70,,17982,9,0,60 61,1,30,,30806,9,0,60 61,1,70,,30820,9,0,60 61,1,30,,30821,9,0,60 61,1,100,,30813,9,0,60 61,1,100,,30807,9,0,60 61,1,100,,30827,9,0,60 61,1,100,,30811,9,0,60 61,1,100,,30804,9,0,60 61,1,100,,30823,9,0,60 61,1
40800,'3',1749,,23160,9,0,60 61,1,100,,30834,9,0,60 61,1,100,,30831,9,0,60 61,1,100,,30832,9,0,60 61,1,100,,30829,9,0,60 61,1,100,,30833,9,0,60 61,1,100,,30830,9,0,60 61,1
40800,'8',849,,25489,9,0,60 61,1,100,,30836,9,0,60 61,1,70,,30845,9,0,60 61,1,30,,30850,9,0,60 61,1,70,,30840,9,0,60 61,1,30,,30843,9,0,60 61,1,70,,26064,9,0,60 61,1,30,,30846,9,0,60 61,1,70,,30839,9,0,60 61,1,30,,30849,9,0,60 61,1,70,,30842,9,0,60 61,1,30,,25796,9,0,60 61,1,70,,30835,9,0,60 61,1,30,,30847,9,0,60 61,1,70,,30838,9,0,60 61,1,30,,30848,9,0,60 61,1,70,,30844,9,0,60 61,1,30,,26215,9,0,60 61,1,100,,30837,9,0,60 61,1,100,,30841,9,0,60 61,1
43701,'1',1919,,32680,9,,,1,100,,32687,9,,,1,100,,32684,9,,,1,100,,32683,9,,,1,100,,32682,9,,,1
43701,'11',1919,,32695,9,,,1,100,,32693,9,,,1,100,,32697,9,,,1,100,,32698,9,,,1,100,,32696,9,,,1
43701,'14',1919,,32699,9,,,1,100,,32706,9,,,1,100,,32702,9,,,1,100,,26221,9,,,1,100,,32701,9,,,1
43701,'3',1919,,32714,9,,,1,100,,32712,9,,,1,100,,32716,9,,,1,100,,32717,9,,,1,100,,32715,9,,,1
