30201,'1',627,,21731,17,0,24,1,30,,21750,17,0,24,1,70,,21745,17,0,24,1,30,,21001,17,0,24,1,70,,21746,17,0,24,1,30,,3122,17,0,24,1,70,,21748,17,0,24,1,30,,21734,17,0,24,1,71,,21732,17,0,24,1,30,,21730,17,0,24,1,70,,21749,17,0,24,1,30,,21740,17,0,24,1,70,,21744,17,0,24,1,30,,21737,17,0,24,1,70,,21735,17,0,24,1,30,,21747,17,0,24,1,73,,21751,17,0,24,1,78,,21736,17,0,24,1,30,,21733,17,0,24,1,70,,21738,17,0,24,1,30,,21741,17,0,24,1,70,,21739,17,0,24,1,30,,21743,17,0,24,1,70,,21742,17,0,24,1
30201,'10',627,,18854,17,0,24,1,30,,21773,17,0,24,1,70,,21766,17,0,24,1,30,,21769,17,0,24,1,70,,21767,17,0,24,1,30,,21771,17,0,24,1,70,,21770,17,0,24,1,30,,21755,17,0,24,1,71,,21753,17,0,24,1,30,,21752,17,0,24,1,70,,21772,17,0,24,1,30,,21761,17,0,24,1,70,,21765,17,0,24,1,30,,21758,17,0,24,1,70,,21756,17,0,24,1,30,,21768,17,0,24,1,73,,21774,17,0,24,1,78,,21757,17,0,24,1,30,,21754,17,0,24,1,70,,21759,17,0,24,1,30,,21762,17,0,24,1,70,,21760,17,0,24,1,30,,21764,17,0,24,1,70,,21763,17,0,24,1
30201,'3',627,,18895,17,0,24,1,30,,21794,17,0,24,1,70,,21788,17,0,24,1,30,,21791,17,0,24,1,70,,21789,17,0,24,1,30,,21792,17,0,24,1,70,,15685,17,0,24,1,30,,21778,17,0,24,1,71,,21776,17,0,24,1,30,,21775,17,0,24,1,70,,21793,17,0,24,1,30,,21783,17,0,24,1,70,,21787,17,0,24,1,30,,21781,17,0,24,1,70,,21779,17,0,24,1,30,,21790,17,0,24,1,73,,21795,17,0,24,1,78,,21780,17,0,24,1,30,,21777,17,0,24,1,70,,21782,17,0,24,1,30,,21784,17,0,24,1,70,,20617,17,0,24,1,30,,21786,17,0,24,1,70,,21785,17,0,24,1
30501,'1',612,,22127,5,0,27,1,30,,22131,5,0,27,1,70,,22140,5,0,27,1,30,,22135,5,0,27,1,70,,22142,5,0,27,1,30,,22137,5,0,27,1,70,,22130,5,0,27,1,30,,22126,5,0,27,1,70,,22123,5,0,27,1,30,,22125,5,0,27,1,70,,22143,5,0,27,1,30,,22138,5,0,27,1,70,,22139,5,0,27,1,30,,22136,5,0,27,1,70,,22122,5,0,27,1,30,,22134,5,0,27,1,70,,22120,5,0,27,1,30,,22132,5,0,27,1,70,,22128,5,0,27,1,30,,22133,5,0,27,1,70,,22119,5,0,27,1,30,,22124,5,0,27,1,70,,22141,5,0,27,1,30,,22121,5,0,27,1,71,,22129,5,0,28 29,1
30501,'10',612,,22152,5,0,27,1,30,,22156,5,0,27,1,70,,19274,5,0,27,1,30,,22160,5,0,27,1,70,,22166,5,0,27,1,30,,22162,5,0,27,1,70,,22155,5,0,27,1,30,,22151,5,0,27,1,70,,22148,5,0,27,1,30,,22150,5,0,27,1,70,,8704,5,0,27,1,30,,22163,5,0,27,1,70,,22164,5,0,27,1,30,,22161,5,0,27,1,70,,22147,5,0,27,1,30,,22159,5,0,27,1,70,,22145,5,0,27,1,30,,22157,5,0,27,1,70,,22153,5,0,27,1,30,,22158,5,0,27,1,70,,22144,5,0,27,1,30,,22149,5,0,27,1,70,,22165,5,0,27,1,30,,22146,5,0,27,1,71,,22154,5,0,28 29,1
30501,'3',612,,22174,5,0,27,1,30,,22178,5,0,27,1,70,,19345,5,0,27,1,30,,22182,5,0,27,1,70,,22188,5,0,27,1,30,,22184,5,0,27,1,70,,22177,5,0,27,1,30,,22173,5,0,27,1,70,,14529,5,0,27,1,30,,22172,5,0,27,1,70,,8724,5,0,27,1,30,,22185,5,0,27,1,70,,22186,5,0,27,1,30,,22183,5,0,27,1,70,,22170,5,0,27,1,30,,22181,5,0,27,1,70,,22168,5,0,27,1,30,,22179,5,0,27,1,70,,22175,5,0,27,1,30,,22180,5,0,27,1,70,,22167,5,0,27,1,30,,22171,5,0,27,1,70,,22187,5,0,27,1,30,,22169,5,0,27,1,71,,22176,5,0,28 29,1
40201,'1',1854,,25272,17,0,24,1,100,,25267,17,0,24,1,100,,25268,17,0,24,1,100,,25269,17,0,24,1,100,,25270,17,0,24,1,100,,25271,17,0,24,1
40201,'10',1854,,8926,17,0,24,1,100,,25273,17,0,24,1,100,,25274,17,0,24,1,100,,25275,17,0,24,1,100,,25276,17,0,24,1,100,,25277,17,0,24,1
40201,'11',954,,25283,17,0,24,1,100,,25292,17,0,24,1,70,,25280,17,0,24,1,30,,25286,17,0,24,1,70,,25281,17,0,24,1,30,,25279,17,0,24,1,70,,25282,17,0,24,1,30,,25278,17,0,24,1,70,,25284,17,0,24,1,30,,8952,17,0,24,1,70,,13147,17,0,24,1,30,,25293,17,0,24,1,70,,25285,17,0,24,1,30,,25291,17,0,24,1,70,,25288,17,0,24,1,30,,25287,17,0,24,1,70,,25294,17,0,24,1,30,,25290,17,0,24,1,100,,25289,17,0,24,1
40201,'13',654,,25308,17,0,24,1,70,,25311,17,0,24,1,30,,25297,17,0,24,1,70,,25296,17,0,24,1,30,,25314,17,0,24,1,70,,19307,17,0,24,1,30,,25304,17,0,24,1,70,,25298,17,0,24,1,30,,25307,17,0,24,1,70,,25312,17,0,24,1,30,,25303,17,0,24,1,70,,25299,17,0,24,1,30,,25315,17,0,24,1,70,,25305,17,0,24,1,30,,25310,17,0,24,1,70,,25309,17,0,24,1,30,,25320,17,0,24,1,70,,25316,17,0,24,1,30,,25313,17,0,24,1,70,,25317,17,0,24,1,30,,25301,17,0,24,1,70,,25319,17,0,24,1,30,,25295,17,0,24,1,70,,25306,17,0,24,1,30,,17535,17,0,24,1,100,,25321,17,0,24,1,100,,25318,17,0,24,1,100,,25302,17,0,24,1,100,,25300,17,0,24,1,100,,5695,17,0,24,1
40201,'3',1854,,9002,17,0,24,1,100,,25322,17,0,24,1,100,,25323,17,0,24,1,100,,25324,17,0,24,1,100,,25325,17,0,24,1,100,,25326,17,0,24,1
40201,'8',954,,25331,17,0,24,1,100,,25340,17,0,24,1,70,,21350,17,0,24,1,30,,25333,17,0,24,1,70,,25329,17,0,24,1,30,,19403,17,0,24,1,70,,25330,17,0,24,1,30,,25328,17,0,24,1,70,,25332,17,0,24,1,30,,25336,17,0,24,1,70,,25327,17,0,24,1,30,,25341,17,0,24,1,70,,19404,17,0,24,1,30,,25339,17,0,24,1,70,,25335,17,0,24,1,30,,25334,17,0,24,1,70,,25342,17,0,24,1,30,,25338,17,0,24,1,100,,25337,17,0,24,1
