30100,'11',602,,27339,5,0,5 6,1,30,,27354,5,0,5 6,1,70,,27346,5,0,5 6,1,30,,27364,5,0,5 6,1,70,,27343,5,0,5 6,1,30,,27368,5,0,5 6,1,70,,27360,5,0,5 6,1,30,,27350,5,0,5 6,1,70,,27351,5,0,5 6,1,30,,27353,5,0,5 6,1,70,,27352,5,0,5 6,1,30,,27334,5,0,5 6,1,70,,27342,5,0,5 6,1,30,,27366,5,0,5 6,1,70,,4753,5,0,5 6,1,30,,27340,5,0,5 6,1,70,,27362,5,0,5 6,1,30,,27341,5,0,5 6,1,70,,27338,5,0,5 6,1,30,,23050,5,0,5 6,1,70,,21585,5,0,5 6,1,30,,23333,5,0,5 6,1,70,,24521,5,0,5 6,1,30,,27335,5,0,5 6,1
30100,'3',602,,27377,5,0,5 6,1,30,,27392,5,0,5 6,1,70,,27384,5,0,5 6,1,30,,27402,5,0,5 6,1,70,,27381,5,0,5 6,1,30,,27406,5,0,5 6,1,70,,27398,5,0,5 6,1,30,,27388,5,0,5 6,1,70,,27389,5,0,5 6,1,30,,27391,5,0,5 6,1,70,,27390,5,0,5 6,1,30,,27372,5,0,5 6,1,70,,27380,5,0,5 6,1,30,,27404,5,0,5 6,1,70,,4777,5,0,5 6,1,30,,27378,5,0,5 6,1,70,,27400,5,0,5 6,1,30,,27379,5,0,5 6,1,70,,27376,5,0,5 6,1,30,,23069,5,0,5 6,1,70,,21628,5,0,5 6,1,30,,23371,5,0,5 6,1,70,,24627,5,0,5 6,1,30,,27373,5,0,5 6,1
30101,'11',547,,27449,5,0,5 15,1,70,,27410,5,0,5 15,1,30,,27441,5,0,5 15,1,70,,27433,5,0,5 15,1,30,,27454,5,0,5 15,1,70,,27437,5,0,5 15,1,30,,27414,5,0,5 15,1,70,,27439,5,0,5 15,1,30,,27447,5,0,5 15,1,70,,27434,5,0,5 15,1,30,,27453,5,0,5 15,1,70,,27455,5,0,5 15,1,30,,27448,5,0,5 15,1,70,,27436,5,0,5 15,1,30,,27425,5,0,5 15,1,70,,27423,5,0,5 15,1,30,,27440,5,0,5 15,1,70,,27416,5,0,5 15,1,30,,27419,5,0,5 15,1,70,,27451,5,0,5 15,1,30,,27432,5,0,5 15,1,70,,27422,5,0,5 15,1,30,,27456,5,0,5 15,1,70,,27443,5,0,5 15,1,30,,27426,5,0,5 15,1,70,,27429,5,0,5 15,1
30101,'3',547,,27498,5,0,5 15,1,70,,27459,5,0,5 15,1,30,,27490,5,0,5 15,1,70,,27482,5,0,5 15,1,30,,27503,5,0,5 15,1,70,,27486,5,0,5 15,1,30,,27463,5,0,5 15,1,70,,27488,5,0,5 15,1,30,,27496,5,0,5 15,1,70,,27483,5,0,5 15,1,30,,27502,5,0,5 15,1,70,,27504,5,0,5 15,1,30,,27497,5,0,5 15,1,70,,27485,5,0,5 15,1,30,,27474,5,0,5 15,1,70,,27472,5,0,5 15,1,30,,27489,5,0,5 15,1,70,,27465,5,0,5 15,1,30,,27468,5,0,5 15,1,70,,27500,5,0,5 15,1,30,,27481,5,0,5 15,1,70,,27471,5,0,5 15,1,30,,27505,5,0,5 15,1,70,,27492,5,0,5 15,1,30,,27475,5,0,5 15,1,70,,27478,5,0,5 15,1
33701,'1',624,,29668,9,,,1,30,,24880,9,,,1,71,,29646,9,,,1,30,,16772,9,,,1,70,,29659,9,,,1,30,,29639,9,,,1,70,,29650,9,,,1,30,,29665,9,,,1,71,,29651,9,,,1,30,,24683,9,,,1,70,,29674,9,,,1,30,,29656,9,,,1,70,,29648,9,,,1,30,,29666,9,,,1,70,,29647,9,,,1,30,,29667,9,,,1,70,,29652,9,,,1,30,,29645,9,,,1,70,,29658,9,,,1,30,,29678,9,,,1,70,,29655,9,,,1,30,,29673,9,,,1,70,,29636,9,,,1,30,,29663,9,,,1,70,,23306,9,,,1
33701,'11',604,,29679,9,,,1,30,,29712,9,,,1,70,,29697,9,,,1,30,,24896,9,,,1,70,,29717,9,,,1,30,,24283,9,,,1,70,,29693,9,,,1,30,,29721,9,,,1,69,,29700,9,,,1,30,,29702,9,,,1,70,,29691,9,,,1,30,,29710,9,,,1,70,,29701,9,,,1,30,,29714,9,,,1,70,,29683,9,,,1,30,,29720,9,,,1,69,,29708,9,,,1,30,,29695,9,,,1,70,,29705,9,,,1,30,,29685,9,,,1,70,,29684,9,,,1,30,,29696,9,,,1,70,,29699,9,,,1,30,,29690,9,,,1,70,,29689,9,,,1
33701,'12',1026,,29723,9,,,1,30,,29730,9,,,1,70,,29749,9,,,1,30,,29735,9,,,1,70,,29729,9,,,1,30,,29724,9,,,1,70,,29751,9,,,1,30,,29725,9,,,1,70,,29748,9,,,1,30,,29736,9,,,1,70,,29738,9,,,1,30,,29737,9,,,1,70,,29740,9,,,1,30,,29750,9,,,1,70,,26030,9,,,1
33701,'14',624,,29787,9,,,1,30,,29762,9,,,1,71,,29763,9,,,1,30,,29780,9,,,1,70,,29777,9,,,1,30,,29755,9,,,1,70,,29767,9,,,1,30,,29784,9,,,1,71,,29768,9,,,1,30,,29775,9,,,1,70,,29793,9,,,1,30,,29772,9,,,1,70,,29765,9,,,1,30,,29785,9,,,1,70,,29764,9,,,1,30,,29786,9,,,1,70,,26926,9,,,1,30,,25975,9,,,1,70,,29776,9,,,1,30,,29797,9,,,1,70,,29771,9,,,1,30,,29792,9,,,1,70,,29752,9,,,1,30,,29782,9,,,1,70,,29773,9,,,1
33701,'3',604,,29798,9,,,1,30,,29831,9,,,1,70,,29816,9,,,1,30,,24994,9,,,1,70,,29836,9,,,1,30,,24303,9,,,1,70,,29812,9,,,1,30,,29840,9,,,1,69,,29819,9,,,1,30,,29821,9,,,1,70,,29810,9,,,1,30,,29829,9,,,1,70,,29820,9,,,1,30,,29833,9,,,1,70,,29802,9,,,1,30,,29839,9,,,1,69,,29827,9,,,1,30,,29814,9,,,1,70,,29824,9,,,1,30,,29804,9,,,1,70,,29803,9,,,1,30,,29815,9,,,1,70,,29818,9,,,1,30,,29809,9,,,1,70,,29808,9,,,1
33701,'8',1056,,29857,9,,,1,70,,29852,9,,,1,30,,29856,9,,,1,70,,29843,9,,,1,30,,29863,9,,,1,70,,29850,9,,,1,30,,29859,9,,,1,70,,29845,9,,,1,30,,29867,9,,,1,70,,29853,9,,,1,30,,29860,9,,,1,70,,29864,9,,,1,30,,29846,9,,,1,70,,26394,9,,,1,30,,29854,9,,,1
40100,'1',627,,24267,5,0,8,1,30,,29918,5,0,8,1,70,,29899,5,0,8,1,30,,29902,5,0,8,1,70,,29904,5,0,8,1,30,,29875,5,0,8,1,70,,29915,5,0,8,1,30,,29898,5,0,8,1,70,,29886,5,0,8,1,30,,23589,5,0,8,1,70,,29882,5,0,8,1,30,,29893,5,0,8,1,70,,29873,5,0,8,1,30,,29907,5,0,8,1,70,,23721,5,0,8,1,30,,29894,5,0,8,1,70,,29905,5,0,8,1,30,,29912,5,0,8,1,70,,29884,5,0,8,1,30,,29913,5,0,8,1,70,,23090,5,0,8,1,30,,22061,5,0,8,1,70,,22754,5,0,8,1,30,,29879,5,0,8,1,100,,25730,5,0,8,1,100,,29911,5,0,8,1,100,,29878,5,0,8,1,100,,29917,5,0,8,1,100,,29895,5,0,8,1,100,,26743,5,0,8,1
40100,'11',1757,,29932,5,0,8,1,100,,29927,5,0,8,1,100,,29924,5,0,8,1,100,,29925,5,0,8,1,100,,29928,5,0,8,1,100,,29929,5,0,8,1,100,,29930,5,0,8,1
40100,'12',1057,,29943,5,0,8,1,100,,29934,5,0,8,1,100,,29942,5,0,8,1,100,,29935,5,0,8,1,100,,29945,5,0,8,1,100,,29946,5,0,8,1,100,,29940,5,0,8,1,100,,25584,5,0,8,1
40100,'14',627,,29987,5,0,8,1,30,,30000,5,0,8,1,70,,29980,5,0,8,1,30,,29984,5,0,8,1,70,,24980,5,0,8,1,30,,29952,5,0,8,1,70,,29998,5,0,8,1,30,,29979,5,0,8,1,70,,29967,5,0,8,1,30,,29962,5,0,8,1,70,,29960,5,0,8,1,30,,29973,5,0,8,1,70,,29950,5,0,8,1,30,,29990,5,0,8,1,70,,29963,5,0,8,1,30,,29974,5,0,8,1,70,,29988,5,0,8,1,30,,29995,5,0,8,1,70,,26101,5,0,8,1,30,,29996,5,0,8,1,70,,29982,5,0,8,1,30,,29969,5,0,8,1,70,,29959,5,0,8,1,30,,29956,5,0,8,1,100,,29985,5,0,8,1,100,,29994,5,0,8,1,100,,29955,5,0,8,1,100,,29999,5,0,8,1,100,,29975,5,0,8,1,100,,29964,5,0,8,1
40100,'3',1757,,30014,5,0,8,1,100,,30009,5,0,8,1,100,,30006,5,0,8,1,100,,30007,5,0,8,1,100,,30010,5,0,8,1,100,,30011,5,0,8,1,100,,30012,5,0,8,1
40100,'8',857,,26736,5,0,8,1,100,,30030,5,0,8,1,70,,30035,5,0,8,1,30,,30046,5,0,8,1,70,,30041,5,0,8,1,30,,30023,5,0,8,1,70,,30047,5,0,8,1,30,,30048,5,0,8,1,70,,30025,5,0,8,1,30,,30042,5,0,8,1,70,,30036,5,0,8,1,30,,30019,5,0,8,1,70,,30040,5,0,8,1,30,,30020,5,0,8,1,70,,30051,5,0,8,1,30,,30043,5,0,8,1,70,,30032,5,0,8,1,30,,30015,5,0,8,1,100,,30024,5,0,8,1,100,,30027,5,0,8,1
40101,'1',557,,30090,5,0,16,1,70,,30101,5,0,16,1,30,,30063,5,0,16,1,70,,30068,5,0,16,1,30,,30085,5,0,16,1,70,,30055,5,0,16,1,30,,30076,5,0,16,1,70,,30084,5,0,16,1,30,,30083,5,0,16,1,70,,30095,5,0,16,1,30,,30058,5,0,16,1,70,,24062,5,0,16,1,30,,30086,5,0,16,1,70,,30061,5,0,16,1,30,,30060,5,0,16,1,70,,30069,5,0,16,1,30,,30066,5,0,16,1,70,,30070,5,0,16,1,30,,30082,5,0,16,1,70,,30075,5,0,16,1,30,,23031,5,0,16,1,70,,30062,5,0,16,1,30,,30057,5,0,16,1,70,,30078,5,0,16,1,30,,22201,5,0,16,1,70,,30073,5,0,16,1,30,,30089,5,0,16,1,100,,30104,5,0,16,1,100,,30098,5,0,16,1,100,,30065,5,0,16,1,100,,30105,5,0,16,1
40101,'11',1857,,30107,5,0,16,1,100,,30110,5,0,16,1,100,,30116,5,0,16,1,100,,30115,5,0,16,1,100,,30108,5,0,16,1
40101,'12',1057,,30121,5,0,16,1,100,,30120,5,0,16,1,100,,30126,5,0,16,1,100,,30129,5,0,16,1,100,,30119,5,0,16,1,100,,30130,5,0,16,1,100,,30122,5,0,16,1
40101,'14',557,,30171,5,0,16,1,70,,30182,5,0,16,1,30,,30143,5,0,16,1,70,,30148,5,0,16,1,30,,25132,5,0,16,1,70,,30133,5,0,16,1,30,,30157,5,0,16,1,70,,25770,5,0,16,1,30,,30165,5,0,16,1,70,,30176,5,0,16,1,30,,30136,5,0,16,1,70,,30139,5,0,16,1,30,,30166,5,0,16,1,70,,30140,5,0,16,1,30,,30138,5,0,16,1,70,,30149,5,0,16,1,30,,27013,5,0,16,1,70,,26041,5,0,16,1,30,,30163,5,0,16,1,70,,30156,5,0,16,1,30,,30151,5,0,16,1,70,,30142,5,0,16,1,30,,30135,5,0,16,1,70,,30159,5,0,16,1,30,,30154,5,0,16,1,70,,30153,5,0,16,1,30,,30169,5,0,16,1,100,,30185,5,0,16,1,100,,30179,5,0,16,1,100,,30145,5,0,16,1,100,,30186,5,0,16,1
40101,'3',1857,,30188,5,0,16,1,100,,30191,5,0,16,1,100,,30197,5,0,16,1,100,,30196,5,0,16,1,100,,30189,5,0,16,1
40101,'8',857,,30201,5,0,16,1,100,,30226,5,0,16,1,100,,30229,5,0,16,1,70,,30230,5,0,16,1,30,,30213,5,0,16,1,70,,30219,5,0,16,1,30,,30220,5,0,16,1,70,,30233,5,0,16,1,30,,30202,5,0,16,1,70,,30217,5,0,16,1,30,,30208,5,0,16,1,70,,30204,5,0,16,1,30,,30211,5,0,16,1,70,,30215,5,0,16,1,30,,30200,5,0,16,1,70,,30227,5,0,16,1,30,,30228,5,0,16,1,70,,30209,5,0,16,1,30,,30207,5,0,16,1
43701,'1',1904,,32688,9,,,1,100,,32681,9,,,1,100,,32686,9,,,1,100,,32685,9,,,1,100,,21801,9,,,1
43701,'11',1904,,32691,9,,,1,100,,32689,9,,,1,100,,32690,9,,,1,100,,32694,9,,,1,100,,32692,9,,,1
43701,'14',1904,,32707,9,,,1,100,,32700,9,,,1,100,,32705,9,,,1,100,,32704,9,,,1,100,,32703,9,,,1
43701,'3',1904,,32710,9,,,1,100,,32708,9,,,1,100,,32709,9,,,1,100,,32713,9,,,1,100,,32711,9,,,1
