31701,'12',620,,35896,21,0,62,1,30,,35885,21,0,62,1,70,,35883,21,0,62,1,30,,35876,21,0,62,1,70,,35880,21,0,62,1,30,,35886,21,0,62,1,70,,35888,21,0,62,1,30,,35873,21,0,62,1,71,,35894,21,0,62,1,30,,35877,21,0,62,1,70,,35878,21,0,62,1,30,,35892,21,0,62,1,70,,35895,21,0,62,1,30,,35889,21,0,62,1,70,,35891,21,0,62,1,30,,35884,21,0,62,1,71,,35882,21,0,62,1,30,,35879,21,0,62,1,70,,35893,21,0,62,1,30,,35890,21,0,62,1,70,,35875,21,0,62,1,30,,35887,21,0,62,1,70,,35874,21,0,62,1,30,,35881,21,0,62,1
31701,'13',620,,35918,21,0,62,1,30,,22658,21,0,62,1,70,,35906,21,0,62,1,30,,35899,21,0,62,1,70,,35903,21,0,62,1,30,,35908,21,0,62,1,70,,35910,21,0,62,1,30,,35897,21,0,62,1,71,,35916,21,0,62,1,30,,35900,21,0,62,1,70,,35901,21,0,62,1,30,,35914,21,0,62,1,70,,35917,21,0,62,1,30,,35911,21,0,62,1,70,,35913,21,0,62,1,30,,35907,21,0,62,1,71,,35905,21,0,62,1,30,,35902,21,0,62,1,70,,35915,21,0,62,1,30,,35912,21,0,62,1,70,,27975,21,0,62,1,30,,35909,21,0,62,1,70,,35898,21,0,62,1,30,,35904,21,0,62,1
31701,'3',620,,35940,21,0,62,1,30,,22678,21,0,62,1,70,,35928,21,0,62,1,30,,35921,21,0,62,1,70,,35925,21,0,62,1,30,,35930,21,0,62,1,70,,35932,21,0,62,1,30,,35919,21,0,62,1,71,,35938,21,0,62,1,30,,35922,21,0,62,1,70,,35923,21,0,62,1,30,,35936,21,0,62,1,70,,35939,21,0,62,1,30,,35933,21,0,62,1,70,,35935,21,0,62,1,30,,35929,21,0,62,1,71,,35927,21,0,62,1,30,,35924,21,0,62,1,70,,35937,21,0,62,1,30,,35934,21,0,62,1,70,,27998,21,0,62,1,30,,35931,21,0,62,1,70,,35920,21,0,62,1,30,,35926,21,0,62,1
31701,'6',620,,35964,21,0,62,1,30,,35953,21,0,62,1,70,,35951,21,0,62,1,30,,35944,21,0,62,1,70,,35948,21,0,62,1,30,,35954,21,0,62,1,70,,35956,21,0,62,1,30,,35941,21,0,62,1,71,,35962,21,0,62,1,30,,35945,21,0,62,1,70,,35946,21,0,62,1,30,,35960,21,0,62,1,70,,35963,21,0,62,1,30,,35957,21,0,62,1,70,,35959,21,0,62,1,30,,35952,21,0,62,1,71,,35950,21,0,62,1,30,,35947,21,0,62,1,70,,35961,21,0,62,1,30,,35958,21,0,62,1,70,,35943,21,0,62,1,30,,35955,21,0,62,1,70,,35942,21,0,62,1,30,,35949,21,0,62,1
41701,'1',625,,40905,15,0,62,1,30,,40894,15,0,62,1,70,,30080,15,0,62,1,30,,32586,15,0,62,1,70,,40904,15,0,62,1,30,,30610,15,0,62,1,70,,40885,15,0,62,1,30,,40902,15,0,62,1,70,,31345,15,0,62,1,30,,40901,15,0,62,1,70,,29900,15,0,62,1,30,,31670,15,0,62,1,70,,40895,15,0,62,1,30,,40889,15,0,62,1,70,,40899,15,0,62,1,30,,40891,15,0,62,1,70,,40900,15,0,62,1,30,,40893,15,0,62,1,70,,29109,15,0,62,1,30,,32248,15,0,62,1,70,,40897,15,0,62,1,30,,40898,15,0,62,1,70,,40887,15,0,62,1,30,,40903,15,0,62,1,70,,21426,15,0,62,1,100,,40892,15,0,62,1,100,,40888,15,0,62,1,100,,40886,15,0,62,1,100,,40896,15,0,62,1,100,,40890,15,0,62,1
41701,'11',625,,40935,15,0,62,1,30,,40918,15,0,62,1,70,,40927,15,0,62,1,30,,40923,15,0,62,1,70,,40934,15,0,62,1,30,,40933,15,0,62,1,70,,40908,15,0,62,1,30,,40931,15,0,62,1,70,,40924,15,0,62,1,30,,40930,15,0,62,1,70,,40929,15,0,62,1,30,,40910,15,0,62,1,70,,40919,15,0,62,1,30,,40913,15,0,62,1,70,,40926,15,0,62,1,30,,40915,15,0,62,1,70,,40928,15,0,62,1,30,,40917,15,0,62,1,70,,40907,15,0,62,1,30,,40906,15,0,62,1,70,,40922,15,0,62,1,30,,40925,15,0,62,1,70,,40911,15,0,62,1,30,,40932,15,0,62,1,70,,40921,15,0,62,1,100,,40916,15,0,62,1,100,,40912,15,0,62,1,100,,40909,15,0,62,1,100,,40920,15,0,62,1,100,,40914,15,0,62,1
41701,'12',1825,,40936,15,0,62,1,100,,40941,15,0,62,1,100,,40940,15,0,62,1,100,,40937,15,0,62,1,100,,40939,15,0,62,1,100,,40938,15,0,62,1
41701,'13',1825,,40942,15,0,62,1,100,,40947,15,0,62,1,100,,40946,15,0,62,1,100,,40943,15,0,62,1,100,,40945,15,0,62,1,100,,40944,15,0,62,1
41701,'14',1125,,40951,15,0,62,1,100,,40953,15,0,62,1,100,,40950,15,0,62,1,100,,40952,15,0,62,1,100,,40954,15,0,62,1,100,,40949,15,0,62,1,100,,40948,15,0,62,1
41701,'16',625,,40976,15,0,62,1,30,,40964,15,0,62,1,70,,30161,15,0,62,1,30,,40968,15,0,62,1,70,,40975,15,0,62,1,30,,30647,15,0,62,1,70,,40955,15,0,62,1,30,,40973,15,0,62,1,70,,31386,15,0,62,1,30,,40972,15,0,62,1,70,,29981,15,0,62,1,30,,31726,15,0,62,1,70,,40965,15,0,62,1,30,,40959,15,0,62,1,70,,40970,15,0,62,1,30,,40961,15,0,62,1,70,,40971,15,0,62,1,30,,40963,15,0,62,1,70,,17746,15,0,62,1,30,,32291,15,0,62,1,70,,40967,15,0,62,1,30,,40969,15,0,62,1,70,,40957,15,0,62,1,30,,40974,15,0,62,1,70,,31209,15,0,62,1,100,,40962,15,0,62,1,100,,40958,15,0,62,1,100,,40956,15,0,62,1,100,,40966,15,0,62,1,100,,40960,15,0,62,1
41701,'3',1825,,40977,15,0,62,1,100,,40982,15,0,62,1,100,,40981,15,0,62,1,100,,40978,15,0,62,1,100,,40980,15,0,62,1,100,,40979,15,0,62,1
41701,'6',1825,,40983,15,0,62,1,100,,40988,15,0,62,1,100,,40987,15,0,62,1,100,,40984,15,0,62,1,100,,40986,15,0,62,1,100,,40985,15,0,62,1
41701,'8',925,,40990,15,0,62,1,130,,41004,15,0,62,1,70,,40991,15,0,62,1,30,,40998,15,0,62,1,70,,40994,15,0,62,1,30,,40992,15,0,62,1,70,,40999,15,0,62,1,100,,41000,15,0,62,1,30,,40989,15,0,62,1,70,,40995,15,0,62,1,30,,40997,15,0,62,1,70,,41001,15,0,62,1,30,,41003,15,0,62,1,70,,40996,15,0,62,1,30,,40993,15,0,62,1,70,,41002,15,0,62,1,100,,30209,15,0,62,1
