31700,'15',618,,13335,5,0,63,1,30,,13324,5,0,63,1,70,,13332,5,0,63,1,30,,13319,5,0,63,1,70,,13317,5,0,63,1,30,,13331,5,0,63,1,70,,13314,5,0,63,1,30,,13326,5,0,63,1,70,,13322,5,0,63,1,30,,13313,5,0,63,1,70,,13334,5,0,63,1,30,,13328,5,0,63,1,70,,13321,5,0,63,1,30,,13336,5,0,63,1,70,,13333,5,0,63,1,30,,13320,5,0,63,1,70,,13325,5,0,63,1,30,,13330,5,0,63,1,70,,13327,5,0,63,1,30,,13316,5,0,63,1,70,,13318,5,0,63,1,30,,13315,5,0,63,1,70,,13323,5,0,63,1,30,,13329,5,0,63,1
31700,'16',618,,13354,5,0,63,1,30,,13345,5,0,63,1,70,,13351,5,0,63,1,30,,13342,5,0,63,1,70,,13340,5,0,63,1,30,,13350,5,0,63,1,70,,13337,5,0,63,1,30,,13346,5,0,63,1,70,,2450,5,0,63,1,30,,4510,5,0,63,1,70,,13353,5,0,63,1,30,,13348,5,0,63,1,70,,13344,5,0,63,1,30,,13355,5,0,63,1,70,,13352,5,0,63,1,30,,13343,5,0,63,1,70,,2920,5,0,63,1,30,,621,5,0,63,1,70,,13347,5,0,63,1,30,,13339,5,0,63,1,70,,13341,5,0,63,1,30,,13338,5,0,63,1,70,,2535,5,0,63,1,30,,13349,5,0,63,1
31700,'17',618,,13372,5,0,63,1,30,,13364,5,0,63,1,70,,13369,5,0,63,1,30,,13361,5,0,63,1,70,,13359,5,0,63,1,30,,13368,5,0,63,1,70,,13356,5,0,63,1,30,,13365,5,0,63,1,70,,2473,5,0,63,1,30,,4520,5,0,63,1,70,,13371,5,0,63,1,30,,4471,5,0,63,1,70,,13363,5,0,63,1,30,,13373,5,0,63,1,70,,13370,5,0,63,1,30,,13362,5,0,63,1,70,,2988,5,0,63,1,30,,645,5,0,63,1,70,,13366,5,0,63,1,30,,13358,5,0,63,1,70,,13360,5,0,63,1,30,,13357,5,0,63,1,70,,2553,5,0,63,1,30,,13367,5,0,63,1
31700,'19',618,,13396,5,0,63,1,30,,13385,5,0,63,1,70,,13393,5,0,63,1,30,,13380,5,0,63,1,70,,13378,5,0,63,1,30,,13392,5,0,63,1,70,,13375,5,0,63,1,30,,13387,5,0,63,1,70,,13383,5,0,63,1,30,,13374,5,0,63,1,70,,13395,5,0,63,1,30,,13389,5,0,63,1,70,,13382,5,0,63,1,30,,13397,5,0,63,1,70,,13394,5,0,63,1,30,,13381,5,0,63,1,70,,13386,5,0,63,1,30,,13391,5,0,63,1,70,,13388,5,0,63,1,30,,13377,5,0,63,1,70,,13379,5,0,63,1,30,,13376,5,0,63,1,70,,13384,5,0,63,1,30,,13390,5,0,63,1
31700,'5',618,,13414,5,0,63,1,30,,13405,5,0,63,1,70,,13411,5,0,63,1,30,,13403,5,0,63,1,70,,13401,5,0,63,1,30,,13410,5,0,63,1,70,,13398,5,0,63,1,30,,13406,5,0,63,1,70,,2496,5,0,63,1,30,,4545,5,0,63,1,70,,13413,5,0,63,1,30,,13408,5,0,63,1,70,,13404,5,0,63,1,30,,13415,5,0,63,1,70,,13412,5,0,63,1,30,,4206,5,0,63,1,70,,3060,5,0,63,1,30,,669,5,0,63,1,70,,13407,5,0,63,1,30,,13400,5,0,63,1,70,,13402,5,0,63,1,30,,13399,5,0,63,1,70,,2571,5,0,63,1,30,,13409,5,0,63,1
31700,'6',618,,13438,5,0,63,1,30,,13427,5,0,63,1,70,,13435,5,0,63,1,30,,13422,5,0,63,1,70,,13420,5,0,63,1,30,,13434,5,0,63,1,70,,13417,5,0,63,1,30,,13429,5,0,63,1,70,,13425,5,0,63,1,30,,13416,5,0,63,1,70,,13437,5,0,63,1,30,,13431,5,0,63,1,70,,13424,5,0,63,1,30,,13439,5,0,63,1,70,,13436,5,0,63,1,30,,13423,5,0,63,1,70,,13428,5,0,63,1,30,,13433,5,0,63,1,70,,13430,5,0,63,1,30,,13419,5,0,63,1,70,,13421,5,0,63,1,30,,13418,5,0,63,1,70,,13426,5,0,63,1,30,,13432,5,0,63,1
41700,'1',1117,,19365,5,0,67,1,100,,19369,5,0,67,1,100,,19367,5,0,67,1,100,,19371,5,0,67,1,100,,19370,5,0,67,1,100,,19366,5,0,67,1,100,,19368,5,0,67,1
41700,'10',617,,19385,5,0,67,1,30,,19397,5,0,67,1,70,,19398,5,0,67,1,30,,19391,5,0,67,1,70,,19395,5,0,67,1,30,,19375,5,0,67,1,70,,19396,5,0,67,1,30,,19394,5,0,67,1,70,,19374,5,0,67,1,30,,19389,5,0,67,1,70,,19376,5,0,67,1,30,,19381,5,0,67,1,70,,19380,5,0,67,1,30,,19373,5,0,67,1,70,,19388,5,0,67,1,30,,19378,5,0,67,1,70,,19382,5,0,67,1,30,,19377,5,0,67,1,70,,19379,5,0,67,1,30,,19400,5,0,67,1,70,,19401,5,0,67,1,30,,19383,5,0,67,1,70,,19386,5,0,67,1,30,,19372,5,0,67,1,70,,19393,5,0,67,1,100,,19384,5,0,67,1,100,,19387,5,0,67,1,100,,19399,5,0,67,1,100,,19390,5,0,67,1,100,,19392,5,0,67,1
41700,'12',917,,19404,5,0,67,1,100,,19413,5,0,67,1,30,,19416,5,0,67,1,70,,19405,5,0,67,1,30,,19407,5,0,67,1,70,,19403,5,0,67,1,30,,19412,5,0,67,1,70,,19406,5,0,67,1,30,,19402,5,0,67,1,70,,19410,5,0,67,1,30,,19418,5,0,67,1,70,,19417,5,0,67,1,30,,19414,5,0,67,1,70,,19419,5,0,67,1,30,,19409,5,0,67,1,70,,19411,5,0,67,1,30,,8620,5,0,67,1,70,,19408,5,0,67,1,100,,19415,5,0,67,1
41700,'15',1817,,19423,5,0,67,1,100,,19424,5,0,67,1,100,,19422,5,0,67,1,100,,19425,5,0,67,1,100,,19421,5,0,67,1,100,,19420,5,0,67,1
41700,'16',1817,,19428,5,0,67,1,100,,19429,5,0,67,1,100,,19427,5,0,67,1,100,,19430,5,0,67,1,100,,19426,5,0,67,1,100,,8450,5,0,67,1
41700,'17',1817,,19433,5,0,67,1,100,,19434,5,0,67,1,100,,19432,5,0,67,1,100,,19435,5,0,67,1,100,,19431,5,0,67,1,100,,8455,5,0,67,1
41700,'19',1817,,19439,5,0,67,1,100,,19440,5,0,67,1,100,,19438,5,0,67,1,100,,19441,5,0,67,1,100,,19437,5,0,67,1,100,,19436,5,0,67,1
41700,'21',617,,19452,5,0,67,1,30,,19463,5,0,67,1,70,,19464,5,0,67,1,30,,19457,5,0,67,1,70,,19461,5,0,67,1,30,,19444,5,0,67,1,70,,19462,5,0,67,1,30,,19460,5,0,67,1,70,,19443,5,0,67,1,30,,19455,5,0,67,1,70,,19445,5,0,67,1,30,,19449,5,0,67,1,70,,19448,5,0,67,1,30,,19442,5,0,67,1,70,,19454,5,0,67,1,30,,19446,5,0,67,1,70,,19450,5,0,67,1,30,,5873,5,0,67,1,70,,19447,5,0,67,1,30,,19466,5,0,67,1,70,,19467,5,0,67,1,30,,7268,5,0,67,1,70,,6407,5,0,67,1,30,,6801,5,0,67,1,70,,19459,5,0,67,1,100,,19451,5,0,67,1,100,,19453,5,0,67,1,100,,19465,5,0,67,1,100,,19456,5,0,67,1,100,,19458,5,0,67,1
41700,'5',1817,,19470,5,0,67,1,100,,19471,5,0,67,1,100,,19469,5,0,67,1,100,,19472,5,0,67,1,100,,19468,5,0,67,1,100,,8460,5,0,67,1
41700,'6',1817,,19476,5,0,67,1,100,,19477,5,0,67,1,100,,19475,5,0,67,1,100,,19478,5,0,67,1,100,,19474,5,0,67,1,100,,19473,5,0,67,1
