30301,'11',627,,27643,5,0,32 33,1,30,,27651,5,0,32 33,1,70,,27656,5,0,32 33,1,30,,27655,5,0,32 33,1,70,,27653,5,0,32 33,1,30,,24481,5,0,32 33,1,70,,22337,5,0,32 33,1,30,,27646,5,0,32 33,1,70,,27654,5,0,32 33,1,30,,27657,5,0,32 33,1,70,,27642,5,0,32 33,1,30,,24711,5,0,32 33,1,70,,27648,5,0,32 33,1,30,,27649,5,0,32 33,1,70,,23973,5,0,32 33,1,30,,21822,5,0,32 33,1,71,,14900,5,0,32 33,1,30,,27647,5,0,32 33,1,70,,27641,5,0,32 33,1,30,,27650,5,0,32 33,1,70,,22338,5,0,32 33,1,30,,27644,5,0,32 33,1,70,,27645,5,0,32 33,1,30,,27652,5,0,32 33,1
30301,'3',627,,27660,5,0,32 33,1,30,,27668,5,0,32 33,1,70,,27673,5,0,32 33,1,30,,27672,5,0,32 33,1,70,,27670,5,0,32 33,1,30,,24589,5,0,32 33,1,70,,22359,5,0,32 33,1,30,,27663,5,0,32 33,1,70,,27671,5,0,32 33,1,30,,27674,5,0,32 33,1,70,,27659,5,0,32 33,1,30,,24815,5,0,32 33,1,70,,27665,5,0,32 33,1,30,,27666,5,0,32 33,1,70,,23999,5,0,32 33,1,30,,21845,5,0,32 33,1,71,,14937,5,0,32 33,1,30,,27664,5,0,32 33,1,70,,27658,5,0,32 33,1,30,,27667,5,0,32 33,1,70,,22360,5,0,32 33,1,30,,27661,5,0,32 33,1,70,,27662,5,0,32 33,1,30,,27669,5,0,32 33,1
41500,'1',649,,31515,12,0,20 14 21 18,1,70,,31492,12,0,20 14 21 18,1,30,,31502,12,0,20 14 21 18,1,70,,31508,12,0,20 14 21 18,1,30,,31498,12,0,20 14 21 18,1,70,,31503,12,0,20 14 21 18,1,30,,31510,12,0,20 14 21 18,1,70,,31496,12,0,20 14 21 18,1,30,,31493,12,0,20 14 21 18,1,70,,25193,12,0,20 14 21 18,1,30,,31501,12,0,20 14 21 18,1,70,,31505,12,0,20 14 21 18,1,30,,31507,12,0,20 14 21 18,1,70,,31509,12,0,20 14 21 18,1,30,,31512,12,0,20 14 21 18,1,70,,31514,12,0,20 14 21 18,1,30,,31500,12,0,20 14 21 18,1,70,,22570,12,0,20 14 21 18,1,30,,31499,12,0,20 14 21 18,1,70,,31489,12,0,20 14 21 18,1,30,,31490,12,0,20 14 21 18,1,70,,31497,12,0,20 14 21 18,1,30,,31513,12,0,20 14 21 18,1,70,,31491,12,0,20 14 21 18,1,100,,31506,12,0,20 14 21 18,1,100,,31494,12,0,20 14 21 18,1,100,,31504,12,0,20 14 21 18,1,100,,31495,12,0,20 14 21 18,1,100,,31511,12,0,20 14 21 18,1
41500,'11',1819,,31518,12,0,20 14 21 18,1,100,,31516,12,0,20 14 21 18,1,100,,31519,12,0,20 14 21 18,1,100,,31520,12,0,20 14 21 18,1,100,,31517,12,0,20 14 21 18,1,100,,31521,12,0,20 14 21 18,1
41500,'12',1119,,31528,12,0,20 14 21 18,1,100,,31526,12,0,20 14 21 18,1,100,,31525,12,0,20 14 21 18,1,100,,31522,12,0,20 14 21 18,1,100,,31523,12,0,20 14 21 18,1,100,,31524,12,0,20 14 21 18,1,100,,31527,12,0,20 14 21 18,1
41500,'14',649,,31557,12,0,20 14 21 18,1,70,,31532,12,0,20 14 21 18,1,30,,31543,12,0,20 14 21 18,1,70,,31549,12,0,20 14 21 18,1,30,,31539,12,0,20 14 21 18,1,70,,31544,12,0,20 14 21 18,1,30,,31551,12,0,20 14 21 18,1,70,,31537,12,0,20 14 21 18,1,30,,31533,12,0,20 14 21 18,1,70,,31552,12,0,20 14 21 18,1,30,,31542,12,0,20 14 21 18,1,70,,31546,12,0,20 14 21 18,1,30,,31548,12,0,20 14 21 18,1,70,,31550,12,0,20 14 21 18,1,30,,31554,12,0,20 14 21 18,1,70,,31556,12,0,20 14 21 18,1,30,,31541,12,0,20 14 21 18,1,70,,31535,12,0,20 14 21 18,1,30,,31540,12,0,20 14 21 18,1,70,,31529,12,0,20 14 21 18,1,30,,31530,12,0,20 14 21 18,1,70,,31538,12,0,20 14 21 18,1,30,,31555,12,0,20 14 21 18,1,70,,31531,12,0,20 14 21 18,1,100,,31547,12,0,20 14 21 18,1,100,,31534,12,0,20 14 21 18,1,100,,31545,12,0,20 14 21 18,1,100,,31536,12,0,20 14 21 18,1,100,,31553,12,0,20 14 21 18,1
41500,'3',1819,,31560,12,0,20 14 21 18,1,100,,31558,12,0,20 14 21 18,1,100,,31561,12,0,20 14 21 18,1,100,,31562,12,0,20 14 21 18,1,100,,31559,12,0,20 14 21 18,1,100,,31563,12,0,20 14 21 18,1
41500,'8',919,,31567,12,0,20 14 21 18,1,100,,31579,12,0,20 14 21 18,1,30,,31573,12,0,20 14 21 18,1,70,,31565,12,0,20 14 21 18,1,30,,31580,12,0,20 14 21 18,1,70,,31576,12,0,20 14 21 18,1,30,,25256,12,0,20 14 21 18,1,70,,31566,12,0,20 14 21 18,1,30,,31570,12,0,20 14 21 18,1,70,,31569,12,0,20 14 21 18,1,30,,31578,12,0,20 14 21 18,1,70,,31572,12,0,20 14 21 18,1,30,,31575,12,0,20 14 21 18,1,70,,26882,12,0,20 14 21 18,1,30,,31571,12,0,20 14 21 18,1,70,,31568,12,0,20 14 21 18,1,30,,31564,12,0,20 14 21 18,1,70,,31577,12,0,20 14 21 18,1,100,,31574,12,0,20 14 21 18,1
41501,'1',659,,31590,31,0,20 14 34,1,70,,31587,31,0,20 14 34,1,30,,31583,31,0,20 14 34,1,70,,21744,31,0,20 14 34,1,30,,31599,31,0,20 14 34,1,70,,31582,31,0,20 14 34,1,30,,31603,31,0,20 14 34,1,71,,23599,31,0,20 14 34,1,70,,31592,31,0,20 14 34,1,30,,31605,31,0,20 14 34,1,70,,31595,31,0,20 14 34,1,30,,31602,31,0,20 14 34,1,70,,31598,31,0,20 14 34,1,30,,31581,31,0,20 14 34,1,70,,31597,31,0,20 14 34,1,31,,31596,31,0,20 14 34,1,70,,31600,31,0,20 14 34,1,30,,31593,31,0,20 14 34,1,70,,31589,31,0,20 14 34,1,30,,31586,31,0,20 14 34,1,70,,31585,31,0,20 14 34,1,30,,31601,31,0,20 14 34,1,70,,31594,31,0,20 14 34,1,30,,31604,31,0,20 14 34,1,98,,31584,31,0,20 14 34,1,100,,31591,31,0,20 14 34,1,100,,31606,31,0,20 14 34,1,100,,31588,31,0,20 14 34,1,100,,21556,31,0,20 14 34,1
41501,'11',1816,,31608,31,0,20 14 34,1,30,,31611,31,0,20 14 34,1,83,,31607,31,0,20 14 34,1,100,,31610,31,0,20 14 34,1,100,,13490,31,0,20 14 34,1,100,,31609,31,0,20 14 34,1,100,,31612,31,0,20 14 34,1
41501,'12',1130,,31613,31,0,20 14 34,1,100,,31616,31,0,20 14 34,1,100,,8486,31,0,20 14 34,1,101,,31614,31,0,20 14 34,1,100,,31617,31,0,20 14 34,1,100,,31615,31,0,20 14 34,1,100,,26908,31,0,20 14 34,1
41501,'14',659,,31626,31,0,20 14 34,1,70,,24564,31,0,20 14 34,1,30,,31620,31,0,20 14 34,1,70,,31631,31,0,20 14 34,1,30,,31637,31,0,20 14 34,1,70,,31619,31,0,20 14 34,1,30,,31641,31,0,20 14 34,1,71,,31632,31,0,20 14 34,1,70,,31628,31,0,20 14 34,1,30,,31643,31,0,20 14 34,1,70,,31633,31,0,20 14 34,1,30,,31640,31,0,20 14 34,1,70,,31636,31,0,20 14 34,1,30,,31618,31,0,20 14 34,1,70,,31635,31,0,20 14 34,1,31,,31634,31,0,20 14 34,1,70,,31638,31,0,20 14 34,1,30,,31629,31,0,20 14 34,1,70,,31624,31,0,20 14 34,1,30,,31623,31,0,20 14 34,1,70,,31622,31,0,20 14 34,1,30,,31639,31,0,20 14 34,1,70,,31630,31,0,20 14 34,1,30,,31642,31,0,20 14 34,1,98,,31621,31,0,20 14 34,1,100,,31627,31,0,20 14 34,1,100,,31644,31,0,20 14 34,1,100,,26226,31,0,20 14 34,1,100,,31625,31,0,20 14 34,1
41501,'3',1816,,31646,31,0,20 14 34,1,30,,31649,31,0,20 14 34,1,83,,31645,31,0,20 14 34,1,100,,31648,31,0,20 14 34,1,100,,13533,31,0,20 14 34,1,100,,31647,31,0,20 14 34,1,100,,31650,31,0,20 14 34,1
41501,'8',1030,,31663,31,0,20 14 34,1,70,,31651,31,0,20 14 34,1,30,,31665,31,0,20 14 34,1,70,,25155,31,0,20 14 34,1,30,,31655,31,0,20 14 34,1,100,,31659,31,0,20 14 34,1,70,,31660,31,0,20 14 34,1,31,,31661,31,0,20 14 34,1,100,,31654,31,0,20 14 34,1,70,,31657,31,0,20 14 34,1,30,,31652,31,0,20 14 34,1,70,,31658,31,0,20 14 34,1,30,,31653,31,0,20 14 34,1,70,,31662,31,0,20 14 34,1,30,,31664,31,0,20 14 34,1,98,,31656,31,0,20 14 34,1
