30800,'11',601,,28033,4,0,59,1,30,,28013,4,0,59,1,70,,28016,4,0,59,1,30,,24338,4,0,59,1,70,,28028,4,0,59,1,30,,28014,4,0,59,1,70,,28030,4,0,59,1,30,,28019,4,0,59,1,70,,28029,4,0,59,1,30,,28020,4,0,59,1,70,,28025,4,0,59,1,30,,28021,4,0,59,1,70,,28027,4,0,59,1,30,,28034,4,0,59,1,70,,28023,4,0,59,1,30,,28031,4,0,59,1,70,,28022,4,0,59,1,31,,28017,4,0,59,1,70,,28032,4,0,59,1,30,,28035,4,0,59,1,70,,28024,4,0,59,1,30,,28018,4,0,59,1,70,,28026,4,0,59,1,30,,28015,4,0,59,1
30800,'3',601,,28056,4,0,59,1,30,,28036,4,0,59,1,70,,28039,4,0,59,1,30,,24359,4,0,59,1,70,,28051,4,0,59,1,30,,28037,4,0,59,1,70,,28053,4,0,59,1,30,,28042,4,0,59,1,70,,28052,4,0,59,1,30,,28043,4,0,59,1,70,,28048,4,0,59,1,30,,28044,4,0,59,1,70,,28050,4,0,59,1,30,,28057,4,0,59,1,70,,28046,4,0,59,1,30,,28054,4,0,59,1,70,,28045,4,0,59,1,31,,28040,4,0,59,1,70,,28055,4,0,59,1,30,,28058,4,0,59,1,70,,28047,4,0,59,1,30,,28041,4,0,59,1,70,,28049,4,0,59,1,30,,28038,4,0,59,1
33701,'1',637,,29638,4,,,1,70,,29649,4,,,1,30,,29641,4,,,1,70,,29642,4,,,1,30,,29670,4,,,1,70,,29661,4,,,1,30,,29671,4,,,1,70,,29662,4,,,1,30,,29669,4,,,1,70,,29677,4,,,1,30,,29643,4,,,1,70,,29664,4,,,1,30,,29654,4,,,1,70,,29672,4,,,1,30,,29676,4,,,1,70,,29657,4,,,1,30,,29644,4,,,1,70,,29653,4,,,1,30,,29660,4,,,1,70,,29675,4,,,1,30,,22119,4,,,1,70,,23663,4,,,1,30,,29640,4,,,1,70,,22831,4,,,1,30,,29637,4,,,1
33701,'11',617,,29722,4,,,1,30,,29681,4,,,1,70,,29719,4,,,1,30,,29704,4,,,1,70,,29694,4,,,1,30,,29711,4,,,1,70,,29703,4,,,1,30,,29680,4,,,1,70,,29718,4,,,1,30,,29682,4,,,1,70,,29687,4,,,1,30,,29713,4,,,1,70,,29715,4,,,1,30,,12807,4,,,1,70,,29692,4,,,1,30,,23341,4,,,1,70,,29716,4,,,1,30,,29686,4,,,1,70,,29698,4,,,1,30,,22155,4,,,1,70,,9524,4,,,1,30,,29709,4,,,1,70,,29706,4,,,1,30,,29688,4,,,1,70,,29707,4,,,1
33701,'12',1037,,29732,4,,,1,70,,29742,4,,,1,30,,29726,4,,,1,70,,29743,4,,,1,30,,29741,4,,,1,70,,29739,4,,,1,30,,29745,4,,,1,70,,29733,4,,,1,30,,29727,4,,,1,70,,29747,4,,,1,30,,29746,4,,,1,70,,29744,4,,,1,30,,29734,4,,,1,70,,29728,4,,,1,30,,29731,4,,,1
33701,'14',637,,29754,4,,,1,70,,29766,4,,,1,30,,29758,4,,,1,70,,29759,4,,,1,30,,29789,4,,,1,70,,29779,4,,,1,30,,29790,4,,,1,70,,29781,4,,,1,30,,29788,4,,,1,70,,29796,4,,,1,30,,29760,4,,,1,70,,29783,4,,,1,30,,29769,4,,,1,70,,29791,4,,,1,30,,29795,4,,,1,70,,25225,4,,,1,30,,29761,4,,,1,70,,25220,4,,,1,30,,29778,4,,,1,70,,29794,4,,,1,30,,29757,4,,,1,70,,29774,4,,,1,30,,29756,4,,,1,70,,29770,4,,,1,30,,29753,4,,,1
33701,'3',617,,29841,4,,,1,30,,29800,4,,,1,70,,29838,4,,,1,30,,29823,4,,,1,70,,29813,4,,,1,30,,29830,4,,,1,70,,29822,4,,,1,30,,29799,4,,,1,70,,29837,4,,,1,30,,29801,4,,,1,70,,29806,4,,,1,30,,29832,4,,,1,70,,29834,4,,,1,30,,12938,4,,,1,70,,29811,4,,,1,30,,23379,4,,,1,70,,29835,4,,,1,30,,29805,4,,,1,70,,29817,4,,,1,30,,22177,4,,,1,70,,9567,4,,,1,30,,29828,4,,,1,70,,29825,4,,,1,30,,29807,4,,,1,70,,29826,4,,,1
33701,'8',1107,,29847,4,,,1,30,,29842,4,,,1,70,,29866,4,,,1,30,,29868,4,,,1,70,,25791,4,,,1,30,,29849,4,,,1,70,,29844,4,,,1,30,,29861,4,,,1,70,,29851,4,,,1,30,,29865,4,,,1,70,,29858,4,,,1,30,,29869,4,,,1,70,,29848,4,,,1,30,,29855,4,,,1,70,,29862,4,,,1
40800,'1',616,,30775,4,0,60 61,1,30,,30762,4,0,60 61,1,70,,24141,4,0,60 61,1,30,,30783,4,0,60 61,1,70,,30764,4,0,60 61,1,30,,30773,4,0,60 61,1,70,,30781,4,0,60 61,1,30,,30768,4,0,60 61,1,70,,30761,4,0,60 61,1,30,,30767,4,0,60 61,1,70,,30778,4,0,60 61,1,30,,30769,4,0,60 61,1,70,,30785,4,0,60 61,1,30,,30772,4,0,60 61,1,70,,30776,4,0,60 61,1,30,,30777,4,0,60 61,1,70,,30784,4,0,60 61,1,30,,30787,4,0,60 61,1,70,,30774,4,0,60 61,1,30,,30770,4,0,60 61,1,70,,30771,4,0,60 61,1,30,,30765,4,0,60 61,1,70,,30779,4,0,60 61,1,30,,30780,4,0,60 61,1,100,,23530,4,0,60 61,1,100,,30766,4,0,60 61,1,100,,30786,4,0,60 61,1,100,,22629,4,0,60 61,1,100,,30763,4,0,60 61,1,100,,30782,4,0,60 61,1
40800,'11',1746,,23147,4,0,60 61,1,100,,30793,4,0,60 61,1,100,,30790,4,0,60 61,1,100,,30791,4,0,60 61,1,100,,30788,4,0,60 61,1,100,,30792,4,0,60 61,1,100,,30789,4,0,60 61,1
40800,'12',1046,,30794,4,0,60 61,1,100,,30796,4,0,60 61,1,100,,30799,4,0,60 61,1,100,,30797,4,0,60 61,1,100,,30801,4,0,60 61,1,100,,30795,4,0,60 61,1,100,,30800,4,0,60 61,1,100,,30798,4,0,60 61,1
40800,'14',616,,30817,4,0,60 61,1,30,,30803,4,0,60 61,1,70,,30819,4,0,60 61,1,30,,30824,4,0,60 61,1,70,,30805,4,0,60 61,1,30,,30815,4,0,60 61,1,70,,30822,4,0,60 61,1,30,,30809,4,0,60 61,1,70,,30802,4,0,60 61,1,30,,30808,4,0,60 61,1,70,,24976,4,0,60 61,1,30,,30810,4,0,60 61,1,70,,30826,4,0,60 61,1,30,,30814,4,0,60 61,1,70,,30818,4,0,60 61,1,30,,26787,4,0,60 61,1,70,,30825,4,0,60 61,1,30,,30828,4,0,60 61,1,70,,30816,4,0,60 61,1,30,,30812,4,0,60 61,1,70,,17982,4,0,60 61,1,30,,30806,4,0,60 61,1,70,,30820,4,0,60 61,1,30,,30821,4,0,60 61,1,100,,30813,4,0,60 61,1,100,,30807,4,0,60 61,1,100,,30827,4,0,60 61,1,100,,30811,4,0,60 61,1,100,,30804,4,0,60 61,1,100,,30823,4,0,60 61,1
40800,'3',1746,,23160,4,0,60 61,1,100,,30834,4,0,60 61,1,100,,30831,4,0,60 61,1,100,,30832,4,0,60 61,1,100,,30829,4,0,60 61,1,100,,30833,4,0,60 61,1,100,,30830,4,0,60 61,1
40800,'8',846,,25489,4,0,60 61,1,100,,30836,4,0,60 61,1,70,,30845,4,0,60 61,1,30,,30850,4,0,60 61,1,70,,30840,4,0,60 61,1,30,,30843,4,0,60 61,1,70,,26064,4,0,60 61,1,30,,30846,4,0,60 61,1,70,,30839,4,0,60 61,1,30,,30849,4,0,60 61,1,70,,30842,4,0,60 61,1,30,,25796,4,0,60 61,1,70,,30835,4,0,60 61,1,30,,30847,4,0,60 61,1,70,,30838,4,0,60 61,1,30,,30848,4,0,60 61,1,70,,30844,4,0,60 61,1,30,,26215,4,0,60 61,1,100,,30837,4,0,60 61,1,100,,30841,4,0,60 61,1
43701,'1',1916,,32680,4,,,1,100,,32687,4,,,1,100,,32684,4,,,1,100,,32683,4,,,1,100,,32682,4,,,1
43701,'11',1916,,32695,4,,,1,100,,32693,4,,,1,100,,32697,4,,,1,100,,32698,4,,,1,100,,32696,4,,,1
43701,'14',1916,,32699,4,,,1,100,,32706,4,,,1,100,,32702,4,,,1,100,,26221,4,,,1,100,,32701,4,,,1
43701,'3',1916,,32714,4,,,1,100,,32712,4,,,1,100,,32716,4,,,1,100,,32717,4,,,1,100,,32715,4,,,1
