31401,'11',646,,28474,11,0,66 14,1,80,,28466,11,0,66 14,1,80,,28476,11,0,66 14,1,40,,28465,11,0,66 14,1,80,,28472,11,0,66 14,1,80,,28479,11,0,66 14,1,41,,28469,11,0,66 14,1,80,,21136,11,0,66 14,1,80,,28478,11,0,66 14,1,40,,28477,11,0,66 14,1,80,,22404,11,0,66 14,1,80,,28468,11,0,66 14,1,41,,28473,11,0,66 14,1,80,,24491,11,0,66 14,1,80,,28471,11,0,66 14,1,40,,28470,11,0,66 14,1,80,,28475,11,0,66 14,1,80,,28467,11,0,66 14,1
31401,'3',646,,28489,11,0,66 14,1,80,,28481,11,0,66 14,1,80,,28491,11,0,66 14,1,40,,28480,11,0,66 14,1,80,,28487,11,0,66 14,1,80,,28494,11,0,66 14,1,41,,28484,11,0,66 14,1,80,,23714,11,0,66 14,1,80,,28493,11,0,66 14,1,40,,28492,11,0,66 14,1,80,,22426,11,0,66 14,1,80,,28483,11,0,66 14,1,41,,28488,11,0,66 14,1,80,,24599,11,0,66 14,1,80,,28486,11,0,66 14,1,40,,28485,11,0,66 14,1,80,,28490,11,0,66 14,1,80,,28482,11,0,66 14,1
33700,'1',712,,29420,15,,,1,30,,29421,15,,,1,70,,29422,15,,,1,30,,29433,15,,,1,70,,29426,15,,,1,30,,29405,15,,,1,70,,24694,15,,,1,30,,29414,15,,,1,70,,29432,15,,,1,30,,27193,15,,,1,70,,29400,15,,,1,30,,29431,15,,,1,70,,29410,15,,,1,30,,29440,15,,,1,70,,29428,15,,,1,30,,29408,15,,,1,70,,29402,15,,,1,30,,29399,15,,,1,70,,29413,15,,,1,30,,29429,15,,,1,70,,29430,15,,,1,30,,29439,15,,,1,70,,29411,15,,,1,30,,29441,15,,,1,70,,29435,15,,,1
33700,'11',642,,29459,15,,,1,70,,29485,15,,,1,30,,29471,15,,,1,70,,29456,15,,,1,30,,29444,15,,,1,70,,29466,15,,,1,30,,29476,15,,,1,70,,24144,15,,,1,30,,29470,15,,,1,70,,29457,15,,,1,30,,29455,15,,,1,70,,29447,15,,,1,30,,29443,15,,,1,70,,29452,15,,,1,30,,29469,15,,,1,70,,29446,15,,,1,30,,29477,15,,,1,70,,29453,15,,,1,30,,29475,15,,,1,70,,29451,15,,,1,30,,29479,15,,,1,70,,29478,15,,,1,30,,29473,15,,,1,70,,29468,15,,,1,30,,22778,15,,,1
33700,'12',1112,,29513,15,,,1,30,,29492,15,,,1,70,,29498,15,,,1,30,,29499,15,,,1,70,,29511,15,,,1,30,,29515,15,,,1,70,,25357,15,,,1,30,,29495,15,,,1,70,,29496,15,,,1,30,,29509,15,,,1,70,,29500,15,,,1,30,,29512,15,,,1,70,,29505,15,,,1,30,,29494,15,,,1,70,,29514,15,,,1
33700,'14',712,,29539,15,,,1,30,,29540,15,,,1,70,,29541,15,,,1,30,,29553,15,,,1,70,,29545,15,,,1,30,,29522,15,,,1,70,,29544,15,,,1,30,,29531,15,,,1,70,,29552,15,,,1,30,,29554,15,,,1,70,,29517,15,,,1,30,,29551,15,,,1,70,,29528,15,,,1,30,,29561,15,,,1,70,,29547,15,,,1,30,,29525,15,,,1,70,,29519,15,,,1,30,,29516,15,,,1,70,,20961,15,,,1,30,,29548,15,,,1,70,,29550,15,,,1,30,,29560,15,,,1,70,,29529,15,,,1,30,,29562,15,,,1,70,,29556,15,,,1
33700,'3',642,,29580,15,,,1,70,,29606,15,,,1,30,,29592,15,,,1,70,,29577,15,,,1,30,,29565,15,,,1,70,,29587,15,,,1,30,,29597,15,,,1,70,,24154,15,,,1,30,,29591,15,,,1,70,,29578,15,,,1,30,,29576,15,,,1,70,,29568,15,,,1,30,,29564,15,,,1,70,,29573,15,,,1,30,,29590,15,,,1,70,,29567,15,,,1,30,,29598,15,,,1,70,,29574,15,,,1,30,,29596,15,,,1,70,,29572,15,,,1,30,,29600,15,,,1,70,,29599,15,,,1,30,,29594,15,,,1,70,,29589,15,,,1,30,,22799,15,,,1
33700,'8',1142,,29612,15,,,1,70,,29609,15,,,1,30,,29616,15,,,1,70,,29632,15,,,1,30,,29614,15,,,1,70,,29608,15,,,1,30,,29610,15,,,1,70,,29633,15,,,1,30,,29631,15,,,1,70,,29619,15,,,1,30,,29621,15,,,1,70,,29627,15,,,1,30,,29628,15,,,1,70,,25161,15,,,1,30,,29615,15,,,1
41401,'1',645,,31463,11,0,66 14,1,80,,31465,11,0,66 14,1,80,,31471,11,0,66 14,1,40,,27224,11,0,66 14,1,80,,31468,11,0,66 14,1,80,,31459,11,0,66 14,1,41,,31461,11,0,66 14,1,80,,31458,11,0,66 14,1,80,,31467,11,0,66 14,1,40,,31460,11,0,66 14,1,80,,22383,11,0,66 14,1,80,,31470,11,0,66 14,1,41,,31466,11,0,66 14,1,80,,31472,11,0,66 14,1,80,,31462,11,0,66 14,1,40,,31457,11,0,66 14,1,80,,31469,11,0,66 14,1,80,,31464,11,0,66 14,1
41401,'14',645,,31480,11,0,66 14,1,80,,31481,11,0,66 14,1,80,,31487,11,0,66 14,1,40,,31478,11,0,66 14,1,80,,31484,11,0,66 14,1,80,,31475,11,0,66 14,1,41,,26628,11,0,66 14,1,80,,31474,11,0,66 14,1,80,,31483,11,0,66 14,1,40,,31476,11,0,66 14,1,80,,31477,11,0,66 14,1,80,,31486,11,0,66 14,1,41,,31482,11,0,66 14,1,80,,31488,11,0,66 14,1,80,,31479,11,0,66 14,1,40,,31473,11,0,66 14,1,80,,31485,11,0,66 14,1,80,,25376,11,0,66 14,1
43700,'1',1929,,32644,7,,,1,100,,32648,7,,,1,100,,32651,7,,,1,100,,32645,7,,,1,100,,32650,7,,,1
43700,'11',1929,,32659,7,,,1,100,,32656,7,,,1,100,,32658,7,,,1,100,,32652,7,,,1,100,,32657,7,,,1
43700,'14',1929,,32663,7,,,1,100,,32667,7,,,1,100,,32670,7,,,1,100,,32664,7,,,1,100,,32669,7,,,1
43700,'3',1929,,32678,7,,,1,100,,32675,7,,,1,100,,32677,7,,,1,100,,32671,7,,,1,100,,32676,7,,,1
