30300,'11',621,,27599,14,,,1,30,,27596,14,,,1,70,,27597,14,,,1,30,,27615,14,,,1,70,,27608,14,,,1,30,,27617,14,,,1,70,,27616,14,,,1,30,,27600,14,,,1,70,,27606,14,,,1,30,,27611,14,,,1,70,,27595,14,,,1,30,,27607,14,,,1,70,,27609,14,,,1,30,,27603,14,,,1,70,,27601,14,,,1,30,,27605,14,,,1,70,,27602,14,,,1,30,,27598,14,,,1,70,,27614,14,,,1,30,,27610,14,,,1,70,,27604,14,,,1,30,,27612,14,,,1,70,,23691,14,,,1,30,,27613,14,,,1
30300,'3',621,,27622,14,,,1,30,,27619,14,,,1,70,,27620,14,,,1,30,,27638,14,,,1,70,,27631,14,,,1,30,,27640,14,,,1,70,,27639,14,,,1,30,,27623,14,,,1,70,,27629,14,,,1,30,,27634,14,,,1,70,,27618,14,,,1,30,,27630,14,,,1,70,,27632,14,,,1,30,,27626,14,,,1,70,,27624,14,,,1,30,,27628,14,,,1,70,,27625,14,,,1,30,,27621,14,,,1,70,,27637,14,,,1,30,,27633,14,,,1,70,,27627,14,,,1,30,,27635,14,,,1,70,,23711,14,,,1,30,,27636,14,,,1
31500,'11',644,,28518,33,,,1,70,,28503,33,,,1,30,,28496,33,,,1,70,,28501,33,,,1,30,,28498,33,,,1,70,,28512,33,,,1,30,,28502,33,,,1,70,,28513,33,,,1,30,,28510,33,,,1,70,,28506,33,,,1,30,,28507,33,,,1,70,,28516,33,,,1,30,,28517,33,,,1,70,,28515,33,,,1,30,,28497,33,,,1,72,,28504,33,,,1,30,,28499,33,,,1,70,,28511,33,,,1,30,,28495,33,,,1,70,,28500,33,,,1,30,,28509,33,,,1,70,,28505,33,,,1,30,,28514,33,,,1,70,,28508,33,,,1
31500,'3',644,,28542,33,,,1,70,,28527,33,,,1,30,,28520,33,,,1,70,,28525,33,,,1,30,,28522,33,,,1,70,,28536,33,,,1,30,,28526,33,,,1,70,,28537,33,,,1,30,,28534,33,,,1,70,,28530,33,,,1,30,,28531,33,,,1,70,,28540,33,,,1,30,,28541,33,,,1,70,,28539,33,,,1,30,,28521,33,,,1,72,,28528,33,,,1,30,,28523,33,,,1,70,,28535,33,,,1,30,,28519,33,,,1,70,,28524,33,,,1,30,,28533,33,,,1,70,,28529,33,,,1,30,,28538,33,,,1,70,,28532,33,,,1
41500,'1',703,,31515,42,0,20 14 21 18,1,30,,31492,42,0,20 14 21 18,1,70,,31502,42,0,20 14 21 18,1,30,,31508,42,0,20 14 21 18,1,70,,31498,42,0,20 14 21 18,1,30,,31503,42,0,20 14 21 18,1,70,,31510,42,0,20 14 21 18,1,31,,31496,42,0,20 14 21 18,1,70,,31493,42,0,20 14 21 18,1,30,,25193,42,0,20 14 21 18,1,70,,31501,42,0,20 14 21 18,1,30,,31505,42,0,20 14 21 18,1,70,,31507,42,0,20 14 21 18,1,30,,31509,42,0,20 14 21 18,1,70,,31512,42,0,20 14 21 18,1,30,,31514,42,0,20 14 21 18,1,70,,31500,42,0,20 14 21 18,1,30,,22570,42,0,20 14 21 18,1,70,,31499,42,0,20 14 21 18,1,30,,31489,42,0,20 14 21 18,1,70,,31490,42,0,20 14 21 18,1,30,,31497,42,0,20 14 21 18,1,70,,31513,42,0,20 14 21 18,1,30,,31491,42,0,20 14 21 18,1,99,,31506,42,0,20 14 21 18,1,100,,31494,42,0,20 14 21 18,1,100,,31504,42,0,20 14 21 18,1,100,,31495,42,0,20 14 21 18,1,100,,31511,42,0,20 14 21 18,1
41500,'11',1834,,31518,42,0,20 14 21 18,1,99,,31516,42,0,20 14 21 18,1,100,,31519,42,0,20 14 21 18,1,100,,31520,42,0,20 14 21 18,1,100,,31517,42,0,20 14 21 18,1,100,,31521,42,0,20 14 21 18,1
41500,'12',1134,,31528,42,0,20 14 21 18,1,100,,31526,42,0,20 14 21 18,1,100,,31525,42,0,20 14 21 18,1,100,,31522,42,0,20 14 21 18,1,100,,31523,42,0,20 14 21 18,1,100,,31524,42,0,20 14 21 18,1,100,,31527,42,0,20 14 21 18,1
41500,'14',703,,31557,42,0,20 14 21 18,1,30,,31532,42,0,20 14 21 18,1,70,,31543,42,0,20 14 21 18,1,30,,31549,42,0,20 14 21 18,1,70,,31539,42,0,20 14 21 18,1,30,,31544,42,0,20 14 21 18,1,70,,31551,42,0,20 14 21 18,1,31,,31537,42,0,20 14 21 18,1,70,,31533,42,0,20 14 21 18,1,30,,31552,42,0,20 14 21 18,1,70,,31542,42,0,20 14 21 18,1,30,,31546,42,0,20 14 21 18,1,70,,31548,42,0,20 14 21 18,1,30,,31550,42,0,20 14 21 18,1,70,,31554,42,0,20 14 21 18,1,30,,31556,42,0,20 14 21 18,1,70,,31541,42,0,20 14 21 18,1,30,,31535,42,0,20 14 21 18,1,70,,31540,42,0,20 14 21 18,1,30,,31529,42,0,20 14 21 18,1,70,,31530,42,0,20 14 21 18,1,30,,31538,42,0,20 14 21 18,1,70,,31555,42,0,20 14 21 18,1,30,,31531,42,0,20 14 21 18,1,99,,31547,42,0,20 14 21 18,1,100,,31534,42,0,20 14 21 18,1,100,,31545,42,0,20 14 21 18,1,100,,31536,42,0,20 14 21 18,1,100,,31553,42,0,20 14 21 18,1
41500,'3',1834,,31560,42,0,20 14 21 18,1,99,,31558,42,0,20 14 21 18,1,100,,31561,42,0,20 14 21 18,1,100,,31562,42,0,20 14 21 18,1,100,,31559,42,0,20 14 21 18,1,100,,31563,42,0,20 14 21 18,1
41500,'8',933,,31567,42,0,20 14 21 18,1,101,,31579,42,0,20 14 21 18,1,70,,31573,42,0,20 14 21 18,1,30,,31565,42,0,20 14 21 18,1,70,,31580,42,0,20 14 21 18,1,30,,31576,42,0,20 14 21 18,1,70,,25256,42,0,20 14 21 18,1,30,,31566,42,0,20 14 21 18,1,70,,31570,42,0,20 14 21 18,1,30,,31569,42,0,20 14 21 18,1,70,,31578,42,0,20 14 21 18,1,30,,31572,42,0,20 14 21 18,1,70,,31575,42,0,20 14 21 18,1,30,,26882,42,0,20 14 21 18,1,70,,31571,42,0,20 14 21 18,1,30,,31568,42,0,20 14 21 18,1,70,,31564,42,0,20 14 21 18,1,30,,31577,42,0,20 14 21 18,1,99,,31574,42,0,20 14 21 18,1
42301,'1',734,,32457,15,0,20 30 31,1,100,,32445,15,0,20 30 31,1,100,,32455,15,0,20 30 31,1,100,,32448,15,0,20 30 31,1,100,,32454,15,0,20 30 31,1,100,,32451,15,0,20 30 31,1,100,,32456,15,0,20 30 31,1,102,,32443,15,0,20 30 31,1,100,,32450,15,0,20 30 31,1,100,,32444,15,0,20 30 31,1,100,,32447,15,0,20 30 31,1,100,,32452,15,0,20 30 31,1,99,,32449,15,0,20 30 31,1,100,,32446,15,0,20 30 31,1,100,,32453,15,0,20 30 31,1,100,,24263,15,0,20 30 31,1
