30901,'12',630,,34469,29,0,25 14 26,1,70,,34473,29,0,25 14 26,1,32,,34486,29,0,25 14 26,1,70,,34470,29,0,25 14 26,1,30,,34476,29,0,25 14 26,1,70,,34481,29,0,25 14 26,1,30,,34492,29,0,25 14 26,1,70,,34487,29,0,25 14 26,1,30,,34491,29,0,25 14 26,1,70,,34479,29,0,25 14 26,1,30,,34489,29,0,25 14 26,1,70,,34475,29,0,25 14 26,1,30,,34488,29,0,25 14 26,1,70,,34483,29,0,25 14 26,1,30,,34472,29,0,25 14 26,1,70,,34471,29,0,25 14 26,1,30,,34474,29,0,25 14 26,1,81,,34490,29,0,25 14 26,1,30,,34477,29,0,25 14 26,1,70,,34485,29,0,25 14 26,1,30,,34478,29,0,25 14 26,1,70,,34482,29,0,25 14 26,1,30,,34480,29,0,25 14 26,1,70,,34493,29,0,25 14 26,1,23,,34484,25,0,25 14 26,1
30901,'13',630,,34494,29,0,25 14 26,1,70,,34498,29,0,25 14 26,1,32,,34511,29,0,25 14 26,1,70,,34495,29,0,25 14 26,1,30,,34501,29,0,25 14 26,1,70,,34506,29,0,25 14 26,1,30,,27614,29,0,25 14 26,1,70,,23691,29,0,25 14 26,1,30,,34515,29,0,25 14 26,1,70,,34504,29,0,25 14 26,1,30,,34513,29,0,25 14 26,1,70,,34500,29,0,25 14 26,1,30,,34512,29,0,25 14 26,1,70,,34508,29,0,25 14 26,1,30,,34497,29,0,25 14 26,1,70,,34496,29,0,25 14 26,1,30,,34499,29,0,25 14 26,1,81,,34514,29,0,25 14 26,1,30,,34502,29,0,25 14 26,1,70,,34510,29,0,25 14 26,1,30,,34503,29,0,25 14 26,1,70,,34507,29,0,25 14 26,1,30,,34505,29,0,25 14 26,1,70,,34516,29,0,25 14 26,1,23,,34509,25,0,25 14 26,1
30901,'3',630,,34517,29,0,25 14 26,1,70,,34521,29,0,25 14 26,1,32,,34534,29,0,25 14 26,1,70,,34518,29,0,25 14 26,1,30,,34524,29,0,25 14 26,1,70,,34529,29,0,25 14 26,1,30,,27637,29,0,25 14 26,1,70,,23711,29,0,25 14 26,1,30,,34538,29,0,25 14 26,1,70,,34527,29,0,25 14 26,1,30,,34536,29,0,25 14 26,1,70,,34523,29,0,25 14 26,1,30,,34535,29,0,25 14 26,1,70,,34531,29,0,25 14 26,1,30,,34520,29,0,25 14 26,1,70,,34519,29,0,25 14 26,1,30,,34522,29,0,25 14 26,1,81,,34537,29,0,25 14 26,1,30,,34525,29,0,25 14 26,1,70,,34533,29,0,25 14 26,1,30,,34526,29,0,25 14 26,1,70,,34530,29,0,25 14 26,1,30,,34528,29,0,25 14 26,1,70,,34539,29,0,25 14 26,1,23,,34532,25,0,25 14 26,1
30901,'6',630,,34540,29,0,25 14 26,1,70,,34544,29,0,25 14 26,1,32,,34557,29,0,25 14 26,1,70,,34541,29,0,25 14 26,1,30,,34547,29,0,25 14 26,1,70,,34552,29,0,25 14 26,1,30,,34563,29,0,25 14 26,1,70,,34558,29,0,25 14 26,1,30,,34562,29,0,25 14 26,1,70,,34550,29,0,25 14 26,1,30,,34560,29,0,25 14 26,1,70,,34546,29,0,25 14 26,1,30,,34559,29,0,25 14 26,1,70,,34554,29,0,25 14 26,1,30,,34543,29,0,25 14 26,1,70,,34542,29,0,25 14 26,1,30,,34545,29,0,25 14 26,1,81,,34561,29,0,25 14 26,1,30,,34548,29,0,25 14 26,1,70,,34556,29,0,25 14 26,1,30,,34549,29,0,25 14 26,1,70,,34553,29,0,25 14 26,1,30,,34551,29,0,25 14 26,1,70,,34564,29,0,25 14 26,1,23,,34555,25,0,25 14 26,1
31201,'12',645,,35035,23,,,1,73,,35034,23,,,1,30,,35040,23,,,1,70,,35024,23,,,1,30,,35044,23,,,1,70,,35039,23,,,1,30,,35042,23,,,1,70,,35038,23,,,1,30,,35032,23,,,1,70,,35041,23,,,1,30,,35037,23,,,1,70,,35043,23,,,1,30,,35025,23,,,1,70,,35036,23,,,1,30,,35028,23,,,1,68,,35045,23,,,1,84,,35027,23,,,1,30,,35030,23,,,1,70,,35031,23,,,1,30,,35026,23,,,1,70,,35023,23,,,1,30,,35029,23,,,1,70,,35033,23,,,1
31201,'13',645,,29247,23,,,1,73,,35056,23,,,1,30,,29475,23,,,1,70,,35047,23,,,1,30,,35064,23,,,1,70,,35060,23,,,1,30,,35062,23,,,1,70,,35059,23,,,1,30,,35054,23,,,1,70,,35061,23,,,1,30,,35058,23,,,1,70,,35063,23,,,1,30,,35048,23,,,1,70,,35057,23,,,1,30,,35051,23,,,1,68,,35065,23,,,1,84,,35050,23,,,1,30,,35052,23,,,1,70,,35053,23,,,1,30,,35049,23,,,1,70,,35046,23,,,1,30,,24711,23,,,1,70,,35055,23,,,1
31201,'3',645,,29266,23,,,1,73,,35076,23,,,1,30,,29596,23,,,1,70,,35067,23,,,1,30,,35084,23,,,1,70,,35080,23,,,1,30,,35082,23,,,1,70,,35079,23,,,1,30,,35074,23,,,1,70,,35081,23,,,1,30,,35078,23,,,1,70,,35083,23,,,1,30,,35068,23,,,1,70,,35077,23,,,1,30,,35071,23,,,1,68,,35085,23,,,1,84,,35070,23,,,1,30,,35072,23,,,1,70,,35073,23,,,1,30,,35069,23,,,1,70,,35066,23,,,1,30,,24815,23,,,1,70,,35075,23,,,1
31201,'6',645,,35098,23,,,1,73,,35097,23,,,1,30,,35103,23,,,1,70,,35087,23,,,1,30,,35107,23,,,1,70,,35102,23,,,1,30,,35105,23,,,1,70,,35101,23,,,1,30,,35095,23,,,1,70,,35104,23,,,1,30,,35100,23,,,1,70,,35106,23,,,1,30,,35088,23,,,1,70,,35099,23,,,1,30,,35091,23,,,1,68,,35108,23,,,1,84,,35090,23,,,1,30,,35093,23,,,1,70,,35094,23,,,1,30,,35089,23,,,1,70,,35086,23,,,1,30,,35092,23,,,1,70,,35096,23,,,1
40901,'1',659,,39494,29,0,25 12,1,70,,39496,29,0,25 12,1,30,,39491,29,0,25 12,1,70,,39475,29,0,25 12,1,30,,39477,29,0,25 12,1,70,,39485,29,0,25 12,1,30,,39479,29,0,25 12,1,70,,30685,29,0,25 12,1,30,,39482,29,0,25 12,1,70,,39488,29,0,25 12,1,30,,39478,29,0,25 12,1,70,,39497,29,0,25 12,1,30,,39498,29,0,25 12,1,70,,39490,29,0,25 12,1,30,,24694,29,0,25 12,1,70,,31595,29,0,25 12,1,30,,39474,29,0,25 12,1,70,,39481,29,0,25 12,1,30,,39486,29,0,25 12,1,70,,39476,29,0,25 12,1,30,,39484,29,0,25 12,1,70,,39489,29,0,25 12,1,30,,39495,29,0,25 12,1,70,,23651,29,0,25 12,1,30,,39487,29,0,25 12,1,99,,39492,29,0,25 12,1,100,,39483,29,0,25 12,1,100,,39480,29,0,25 12,1,100,,39493,29,0,25 12,1
40901,'11',659,,39523,29,0,25 12,1,70,,39525,29,0,25 12,1,30,,39519,29,0,25 12,1,70,,39501,29,0,25 12,1,30,,39503,29,0,25 12,1,70,,39512,29,0,25 12,1,30,,39505,29,0,25 12,1,70,,39511,29,0,25 12,1,30,,39508,29,0,25 12,1,70,,39516,29,0,25 12,1,30,,39504,29,0,25 12,1,70,,39526,29,0,25 12,1,30,,39527,29,0,25 12,1,70,,39518,29,0,25 12,1,30,,39521,29,0,25 12,1,70,,39515,29,0,25 12,1,30,,39499,29,0,25 12,1,70,,39507,29,0,25 12,1,30,,39513,29,0,25 12,1,70,,39502,29,0,25 12,1,30,,39510,29,0,25 12,1,70,,39517,29,0,25 12,1,30,,39524,29,0,25 12,1,70,,39500,29,0,25 12,1,30,,39514,29,0,25 12,1,99,,39520,29,0,25 12,1,100,,39509,29,0,25 12,1,100,,39506,29,0,25 12,1,100,,39522,29,0,25 12,1
40901,'12',1859,,39532,29,0,25 12,1,99,,39531,29,0,25 12,1,100,,39528,29,0,25 12,1,100,,39530,29,0,25 12,1,100,,39529,29,0,25 12,1
40901,'13',1859,,39536,29,0,25 12,1,99,,39535,29,0,25 12,1,100,,39533,29,0,25 12,1,100,,39534,29,0,25 12,1,100,,23553,29,0,25 12,1
40901,'14',1059,,39538,29,0,25 12,1,100,,39541,29,0,25 12,1,100,,39539,29,0,25 12,1,100,,39542,29,0,25 12,1,100,,30452,29,0,25 12,1,100,,39540,29,0,25 12,1,100,,39543,29,0,25 12,1,100,,39537,29,0,25 12,1
40901,'16',659,,39564,29,0,25 12,1,70,,39566,29,0,25 12,1,30,,39561,29,0,25 12,1,70,,39545,29,0,25 12,1,30,,39547,29,0,25 12,1,70,,39555,29,0,25 12,1,30,,39549,29,0,25 12,1,70,,30722,29,0,25 12,1,30,,39552,29,0,25 12,1,70,,39558,29,0,25 12,1,30,,39548,29,0,25 12,1,70,,39567,29,0,25 12,1,30,,39568,29,0,25 12,1,70,,39560,29,0,25 12,1,30,,29544,29,0,25 12,1,70,,31633,29,0,25 12,1,30,,39544,29,0,25 12,1,70,,39551,29,0,25 12,1,30,,39556,29,0,25 12,1,70,,39546,29,0,25 12,1,30,,39554,29,0,25 12,1,70,,39559,29,0,25 12,1,30,,39565,29,0,25 12,1,70,,29526,29,0,25 12,1,30,,39557,29,0,25 12,1,99,,39562,29,0,25 12,1,100,,39553,29,0,25 12,1,100,,39550,29,0,25 12,1,100,,39563,29,0,25 12,1
40901,'3',1859,,39572,29,0,25 12,1,99,,39571,29,0,25 12,1,100,,39569,29,0,25 12,1,100,,39570,29,0,25 12,1,100,,23574,29,0,25 12,1
40901,'6',1859,,39577,29,0,25 12,1,99,,39576,29,0,25 12,1,100,,39573,29,0,25 12,1,100,,39575,29,0,25 12,1,100,,39574,29,0,25 12,1
40901,'8',859,,39590,29,0,25 12,1,100,,39589,29,0,25 12,1,100,,39595,29,0,25 12,1,70,,39580,29,0,25 12,1,30,,39581,29,0,25 12,1,70,,39587,29,0,25 12,1,30,,39583,29,0,25 12,1,70,,39582,29,0,25 12,1,30,,39594,29,0,25 12,1,70,,39591,29,0,25 12,1,30,,39584,29,0,25 12,1,70,,39592,29,0,25 12,1,30,,39588,29,0,25 12,1,70,,39593,29,0,25 12,1,30,,32416,29,0,25 12,1,70,,39579,29,0,25 12,1,30,,39596,29,0,25 12,1,70,,39578,29,0,25 12,1,30,,39586,29,0,25 12,1,99,,39585,29,0,25 12,1
