30400,'15',705,,9878,12,0,39 40 41,1,30,,9884,12,0,39 40 41,1,70,,9873,12,0,39 40 41,1,30,,9871,12,0,39 40 41,1,70,,9870,12,0,39 40 41,1,30,,9882,12,0,39 40 41,1,71,,9880,12,0,39 40 41,1,30,,9886,12,0,39 40 41,1,70,,9885,12,0,39 40 41,1,30,,9883,12,0,39 40 41,1,70,,9867,12,0,39 40 41,1,30,,9869,12,0,39 40 41,1,70,,9881,12,0,39 40 41,1,30,,9889,12,0,39 40 41,1,71,,9872,12,0,39 40 41,1,30,,9877,12,0,39 40 41,1,70,,9879,12,0,39 40 41,1,30,,9876,12,0,39 40 41,1,70,,9874,12,0,39 40 41,1,30,,9887,12,0,39 40 41,1,70,,9868,12,0,39 40 41,1,30,,9875,12,0,39 40 41,1,70,,9888,12,0,39 40 41,1
30400,'16',705,,9900,12,0,39 40 41,1,30,,9905,12,0,39 40 41,1,70,,9895,12,0,39 40 41,1,30,,2039,12,0,39 40 41,1,70,,9893,12,0,39 40 41,1,30,,9903,12,0,39 40 41,1,71,,2353,12,0,39 40 41,1,30,,9907,12,0,39 40 41,1,70,,9906,12,0,39 40 41,1,30,,9904,12,0,39 40 41,1,70,,9890,12,0,39 40 41,1,30,,9892,12,0,39 40 41,1,70,,9902,12,0,39 40 41,1,30,,9910,12,0,39 40 41,1,71,,9894,12,0,39 40 41,1,30,,9899,12,0,39 40 41,1,70,,9901,12,0,39 40 41,1,30,,9898,12,0,39 40 41,1,70,,9896,12,0,39 40 41,1,30,,9908,12,0,39 40 41,1,70,,9891,12,0,39 40 41,1,30,,9897,12,0,39 40 41,1,70,,9909,12,0,39 40 41,1
30400,'17',705,,9921,12,0,39 40 41,1,30,,9926,12,0,39 40 41,1,70,,9916,12,0,39 40 41,1,30,,2065,12,0,39 40 41,1,70,,9914,12,0,39 40 41,1,30,,9924,12,0,39 40 41,1,71,,2378,12,0,39 40 41,1,30,,9928,12,0,39 40 41,1,70,,9927,12,0,39 40 41,1,30,,9925,12,0,39 40 41,1,70,,9911,12,0,39 40 41,1,30,,9913,12,0,39 40 41,1,70,,9923,12,0,39 40 41,1,30,,9931,12,0,39 40 41,1,71,,9915,12,0,39 40 41,1,30,,9920,12,0,39 40 41,1,70,,9922,12,0,39 40 41,1,30,,9919,12,0,39 40 41,1,70,,9917,12,0,39 40 41,1,30,,9929,12,0,39 40 41,1,70,,9912,12,0,39 40 41,1,30,,9918,12,0,39 40 41,1,70,,9930,12,0,39 40 41,1
30400,'19',705,,9942,12,0,39 40 41,1,30,,9948,12,0,39 40 41,1,70,,9937,12,0,39 40 41,1,30,,9935,12,0,39 40 41,1,70,,9934,12,0,39 40 41,1,30,,9946,12,0,39 40 41,1,71,,9944,12,0,39 40 41,1,30,,9950,12,0,39 40 41,1,70,,9949,12,0,39 40 41,1,30,,9947,12,0,39 40 41,1,70,,9932,12,0,39 40 41,1,30,,9933,12,0,39 40 41,1,70,,9945,12,0,39 40 41,1,30,,9953,12,0,39 40 41,1,71,,9936,12,0,39 40 41,1,30,,9941,12,0,39 40 41,1,70,,9943,12,0,39 40 41,1,30,,9940,12,0,39 40 41,1,70,,9938,12,0,39 40 41,1,30,,9951,12,0,39 40 41,1,70,,6870,12,0,39 40 41,1,30,,9939,12,0,39 40 41,1,70,,9952,12,0,39 40 41,1
30400,'5',705,,9964,12,0,39 40 41,1,30,,9969,12,0,39 40 41,1,70,,9959,12,0,39 40 41,1,30,,2091,12,0,39 40 41,1,70,,9957,12,0,39 40 41,1,30,,9967,12,0,39 40 41,1,71,,2403,12,0,39 40 41,1,30,,9971,12,0,39 40 41,1,70,,9970,12,0,39 40 41,1,30,,9968,12,0,39 40 41,1,70,,9954,12,0,39 40 41,1,30,,9956,12,0,39 40 41,1,70,,9966,12,0,39 40 41,1,30,,9974,12,0,39 40 41,1,71,,9958,12,0,39 40 41,1,30,,9963,12,0,39 40 41,1,70,,9965,12,0,39 40 41,1,30,,9962,12,0,39 40 41,1,70,,9960,12,0,39 40 41,1,30,,9972,12,0,39 40 41,1,70,,9955,12,0,39 40 41,1,30,,9961,12,0,39 40 41,1,70,,9973,12,0,39 40 41,1
30400,'6',705,,9986,12,0,39 40 41,1,30,,9992,12,0,39 40 41,1,70,,9981,12,0,39 40 41,1,30,,9979,12,0,39 40 41,1,70,,9978,12,0,39 40 41,1,30,,9990,12,0,39 40 41,1,71,,9988,12,0,39 40 41,1,30,,9994,12,0,39 40 41,1,70,,9993,12,0,39 40 41,1,30,,9991,12,0,39 40 41,1,70,,9975,12,0,39 40 41,1,30,,9977,12,0,39 40 41,1,70,,9989,12,0,39 40 41,1,30,,9997,12,0,39 40 41,1,71,,9980,12,0,39 40 41,1,30,,9985,12,0,39 40 41,1,70,,9987,12,0,39 40 41,1,30,,9984,12,0,39 40 41,1,70,,9982,12,0,39 40 41,1,30,,9995,12,0,39 40 41,1,70,,9976,12,0,39 40 41,1,30,,9983,12,0,39 40 41,1,70,,9996,12,0,39 40 41,1
40400,'1',1121,,2871,12,0,39 40 42 18,1,100,,17450,12,0,39 40 42 18,1,100,,1943,12,0,39 40 42 18,1,99,,17448,12,0,39 40 42 18,1,100,,17449,12,0,39 40 42 18,1,100,,17447,12,0,39 40 42 18,1,100,,1942,12,0,39 40 42 18,1
40400,'10',620,,17467,12,0,39 40 42 18,1,30,,17476,12,0,39 40 42 18,1,70,,17465,12,0,39 40 42 18,1,30,,17475,12,0,39 40 42 18,1,70,,17480,12,0,39 40 42 18,1,30,,17470,12,0,39 40 42 18,1,70,,17469,12,0,39 40 42 18,1,30,,17464,12,0,39 40 42 18,1,71,,17468,12,0,39 40 42 18,1,30,,17455,12,0,39 40 42 18,1,70,,17461,12,0,39 40 42 18,1,30,,17473,12,0,39 40 42 18,1,70,,17456,12,0,39 40 42 18,1,30,,17466,12,0,39 40 42 18,1,70,,17472,12,0,39 40 42 18,1,30,,17451,12,0,39 40 42 18,1,69,,17471,12,0,39 40 42 18,1,30,,17462,12,0,39 40 42 18,1,70,,17479,12,0,39 40 42 18,1,30,,17460,12,0,39 40 42 18,1,70,,17477,12,0,39 40 42 18,1,30,,17459,12,0,39 40 42 18,1,70,,17478,12,0,39 40 42 18,1,30,,17463,12,0,39 40 42 18,1,70,,17453,12,0,39 40 42 18,1,100,,17454,12,0,39 40 42 18,1,100,,17474,12,0,39 40 42 18,1,100,,17458,12,0,39 40 42 18,1,100,,17457,12,0,39 40 42 18,1,100,,17452,12,0,39 40 42 18,1
40400,'12',920,,17482,12,0,39 40 42 18,1,101,,6680,12,0,39 40 42 18,1,30,,17490,12,0,39 40 42 18,1,70,,17483,12,0,39 40 42 18,1,30,,17496,12,0,39 40 42 18,1,70,,5946,12,0,39 40 42 18,1,30,,17484,12,0,39 40 42 18,1,70,,17487,12,0,39 40 42 18,1,30,,17495,12,0,39 40 42 18,1,69,,17488,12,0,39 40 42 18,1,30,,17494,12,0,39 40 42 18,1,70,,8622,12,0,39 40 42 18,1,30,,17491,12,0,39 40 42 18,1,70,,17489,12,0,39 40 42 18,1,30,,17486,12,0,39 40 42 18,1,70,,17493,12,0,39 40 42 18,1,30,,17492,12,0,39 40 42 18,1,70,,17485,12,0,39 40 42 18,1,100,,17481,12,0,39 40 42 18,1
40400,'15',1820,,17497,12,0,39 40 42 18,1,100,,17502,12,0,39 40 42 18,1,100,,17501,12,0,39 40 42 18,1,100,,17500,12,0,39 40 42 18,1,100,,17498,12,0,39 40 42 18,1,100,,17499,12,0,39 40 42 18,1
40400,'16',1820,,1752,12,0,39 40 42 18,1,100,,17507,12,0,39 40 42 18,1,100,,17506,12,0,39 40 42 18,1,100,,17505,12,0,39 40 42 18,1,100,,17503,12,0,39 40 42 18,1,100,,17504,12,0,39 40 42 18,1
40400,'17',1820,,1775,12,0,39 40 42 18,1,100,,17511,12,0,39 40 42 18,1,100,,17510,12,0,39 40 42 18,1,100,,17509,12,0,39 40 42 18,1,100,,17508,12,0,39 40 42 18,1,100,,4257,12,0,39 40 42 18,1
40400,'19',1820,,17512,12,0,39 40 42 18,1,100,,17516,12,0,39 40 42 18,1,100,,8574,12,0,39 40 42 18,1,100,,17515,12,0,39 40 42 18,1,100,,17513,12,0,39 40 42 18,1,100,,17514,12,0,39 40 42 18,1
40400,'21',620,,17531,12,0,39 40 42 18,1,30,,17538,12,0,39 40 42 18,1,70,,6051,12,0,39 40 42 18,1,30,,17537,12,0,39 40 42 18,1,70,,17542,12,0,39 40 42 18,1,30,,6902,12,0,39 40 42 18,1,70,,17532,12,0,39 40 42 18,1,30,,17529,12,0,39 40 42 18,1,71,,5896,12,0,39 40 42 18,1,30,,17521,12,0,39 40 42 18,1,70,,17527,12,0,39 40 42 18,1,30,,17535,12,0,39 40 42 18,1,70,,17522,12,0,39 40 42 18,1,30,,17530,12,0,39 40 42 18,1,70,,17534,12,0,39 40 42 18,1,30,,17517,12,0,39 40 42 18,1,69,,17533,12,0,39 40 42 18,1,30,,6887,12,0,39 40 42 18,1,70,,17541,12,0,39 40 42 18,1,30,,17526,12,0,39 40 42 18,1,70,,17539,12,0,39 40 42 18,1,30,,17525,12,0,39 40 42 18,1,70,,17540,12,0,39 40 42 18,1,30,,17528,12,0,39 40 42 18,1,70,,17519,12,0,39 40 42 18,1,100,,17520,12,0,39 40 42 18,1,100,,17536,12,0,39 40 42 18,1,100,,17524,12,0,39 40 42 18,1,100,,17523,12,0,39 40 42 18,1,100,,17518,12,0,39 40 42 18,1
40400,'5',1820,,1798,12,0,39 40 42 18,1,100,,17547,12,0,39 40 42 18,1,100,,17546,12,0,39 40 42 18,1,100,,17545,12,0,39 40 42 18,1,100,,17543,12,0,39 40 42 18,1,100,,17544,12,0,39 40 42 18,1
40400,'6',1820,,17548,12,0,39 40 42 18,1,100,,17553,12,0,39 40 42 18,1,100,,17552,12,0,39 40 42 18,1,100,,17551,12,0,39 40 42 18,1,100,,17549,12,0,39 40 42 18,1,100,,17550,12,0,39 40 42 18,1
