30201,'12',621,,33215,5,0,24,1,30,,33224,5,0,24,1,70,,33225,5,0,24,1,30,,33230,5,0,24,1,70,,33218,5,0,24,1,30,,33235,5,0,24,1,70,,33219,5,0,24,1,30,,33229,5,0,24,1,70,,33231,5,0,24,1,30,,33237,5,0,24,1,70,,33216,5,0,24,1,30,,33217,5,0,24,1,70,,33232,5,0,24,1,30,,33226,5,0,24,1,70,,33223,5,0,24,1,30,,33227,5,0,24,1,73,,33228,5,0,24,1,78,,33221,5,0,24,1,30,,33220,5,0,24,1,70,,33234,5,0,24,1,30,,33233,5,0,24,1,70,,33238,5,0,24,1,30,,33222,5,0,24,1,70,,33236,5,0,24,1
30201,'13',621,,33239,5,0,24,1,30,,33248,5,0,24,1,70,,33249,5,0,24,1,30,,33254,5,0,24,1,70,,33242,5,0,24,1,30,,33258,5,0,24,1,70,,33243,5,0,24,1,30,,33253,5,0,24,1,70,,33255,5,0,24,1,30,,33260,5,0,24,1,70,,33240,5,0,24,1,30,,33241,5,0,24,1,70,,33256,5,0,24,1,30,,33250,5,0,24,1,70,,33247,5,0,24,1,30,,33251,5,0,24,1,73,,33252,5,0,24,1,78,,33245,5,0,24,1,30,,33244,5,0,24,1,70,,33257,5,0,24,1,30,,29290,5,0,24,1,70,,28820,5,0,24,1,30,,33246,5,0,24,1,70,,33259,5,0,24,1
30201,'3',621,,33261,5,0,24,1,30,,33270,5,0,24,1,70,,33271,5,0,24,1,30,,33276,5,0,24,1,70,,33264,5,0,24,1,30,,33280,5,0,24,1,70,,33265,5,0,24,1,30,,33275,5,0,24,1,70,,33277,5,0,24,1,30,,33282,5,0,24,1,70,,33262,5,0,24,1,30,,33263,5,0,24,1,70,,33278,5,0,24,1,30,,33272,5,0,24,1,70,,33269,5,0,24,1,30,,33273,5,0,24,1,73,,33274,5,0,24,1,78,,33267,5,0,24,1,30,,33266,5,0,24,1,70,,33279,5,0,24,1,30,,29309,5,0,24,1,70,,28843,5,0,24,1,30,,33268,5,0,24,1,70,,33281,5,0,24,1
30201,'6',621,,33283,5,0,24,1,30,,33292,5,0,24,1,70,,33293,5,0,24,1,30,,33298,5,0,24,1,70,,33286,5,0,24,1,30,,33303,5,0,24,1,70,,33287,5,0,24,1,30,,33297,5,0,24,1,70,,33299,5,0,24,1,30,,33305,5,0,24,1,70,,33284,5,0,24,1,30,,33285,5,0,24,1,70,,33300,5,0,24,1,30,,33294,5,0,24,1,70,,33291,5,0,24,1,30,,33295,5,0,24,1,73,,33296,5,0,24,1,78,,33289,5,0,24,1,30,,33288,5,0,24,1,70,,33302,5,0,24,1,30,,33301,5,0,24,1,70,,33306,5,0,24,1,30,,33290,5,0,24,1,70,,33304,5,0,24,1
30901,'12',620,,34469,9,0,25 14 26,1,30,,34473,9,0,25 14 26,1,71,,34486,9,0,25 14 26,1,30,,34470,9,0,25 14 26,1,70,,34476,9,0,25 14 26,1,30,,34481,9,0,25 14 26,1,70,,34492,9,0,25 14 26,1,30,,34487,9,0,25 14 26,1,70,,34491,9,0,25 14 26,1,30,,34479,9,0,25 14 26,1,70,,34489,9,0,25 14 26,1,30,,34475,9,0,25 14 26,1,70,,34488,9,0,25 14 26,1,30,,34483,9,0,25 14 26,1,70,,34472,9,0,25 14 26,1,30,,34471,9,0,25 14 26,1,70,,34474,9,0,25 14 26,1,38,,34490,9,0,25 14 26,1,70,,34477,9,0,25 14 26,1,30,,34485,9,0,25 14 26,1,70,,34478,9,0,25 14 26,1,30,,34482,9,0,25 14 26,1,70,,34480,9,0,25 14 26,1,30,,34493,9,0,25 14 26,1,66,,34484,5,0,25 14 26,1
30901,'13',620,,34494,9,0,25 14 26,1,30,,34498,9,0,25 14 26,1,71,,34511,9,0,25 14 26,1,30,,34495,9,0,25 14 26,1,70,,34501,9,0,25 14 26,1,30,,34506,9,0,25 14 26,1,70,,27614,9,0,25 14 26,1,30,,23691,9,0,25 14 26,1,70,,34515,9,0,25 14 26,1,30,,34504,9,0,25 14 26,1,70,,34513,9,0,25 14 26,1,30,,34500,9,0,25 14 26,1,70,,34512,9,0,25 14 26,1,30,,34508,9,0,25 14 26,1,70,,34497,9,0,25 14 26,1,30,,34496,9,0,25 14 26,1,70,,34499,9,0,25 14 26,1,38,,34514,9,0,25 14 26,1,70,,34502,9,0,25 14 26,1,30,,34510,9,0,25 14 26,1,70,,34503,9,0,25 14 26,1,30,,34507,9,0,25 14 26,1,70,,34505,9,0,25 14 26,1,30,,34516,9,0,25 14 26,1,66,,34509,5,0,25 14 26,1
30901,'3',620,,34517,9,0,25 14 26,1,30,,34521,9,0,25 14 26,1,71,,34534,9,0,25 14 26,1,30,,34518,9,0,25 14 26,1,70,,34524,9,0,25 14 26,1,30,,34529,9,0,25 14 26,1,70,,27637,9,0,25 14 26,1,30,,23711,9,0,25 14 26,1,70,,34538,9,0,25 14 26,1,30,,34527,9,0,25 14 26,1,70,,34536,9,0,25 14 26,1,30,,34523,9,0,25 14 26,1,70,,34535,9,0,25 14 26,1,30,,34531,9,0,25 14 26,1,70,,34520,9,0,25 14 26,1,30,,34519,9,0,25 14 26,1,70,,34522,9,0,25 14 26,1,38,,34537,9,0,25 14 26,1,70,,34525,9,0,25 14 26,1,30,,34533,9,0,25 14 26,1,70,,34526,9,0,25 14 26,1,30,,34530,9,0,25 14 26,1,70,,34528,9,0,25 14 26,1,30,,34539,9,0,25 14 26,1,66,,34532,5,0,25 14 26,1
30901,'6',620,,34540,9,0,25 14 26,1,30,,34544,9,0,25 14 26,1,71,,34557,9,0,25 14 26,1,30,,34541,9,0,25 14 26,1,70,,34547,9,0,25 14 26,1,30,,34552,9,0,25 14 26,1,70,,34563,9,0,25 14 26,1,30,,34558,9,0,25 14 26,1,70,,34562,9,0,25 14 26,1,30,,34550,9,0,25 14 26,1,70,,34560,9,0,25 14 26,1,30,,34546,9,0,25 14 26,1,70,,34559,9,0,25 14 26,1,30,,34554,9,0,25 14 26,1,70,,34543,9,0,25 14 26,1,30,,34542,9,0,25 14 26,1,70,,34545,9,0,25 14 26,1,38,,34561,9,0,25 14 26,1,70,,34548,9,0,25 14 26,1,30,,34556,9,0,25 14 26,1,70,,34549,9,0,25 14 26,1,30,,34553,9,0,25 14 26,1,70,,34551,9,0,25 14 26,1,30,,34564,9,0,25 14 26,1,66,,34555,5,0,25 14 26,1
40201,'1',648,,38428,5,0,24,1,70,,38425,5,0,24,1,30,,38426,5,0,24,1,70,,38427,5,0,24,1,30,,38437,5,0,24,1,70,,38432,5,0,24,1,30,,38441,5,0,24,1,70,,38423,5,0,24,1,30,,38430,5,0,24,1,70,,38436,5,0,24,1,30,,38419,5,0,24,1,70,,38433,5,0,24,1,30,,38438,5,0,24,1,70,,31028,5,0,24,1,30,,38418,5,0,24,1,70,,38415,5,0,24,1,30,,38424,5,0,24,1,70,,38431,5,0,24,1,30,,38435,5,0,24,1,70,,38421,5,0,24,1,30,,31249,5,0,24,1,70,,38417,5,0,24,1,30,,38422,5,0,24,1,70,,38442,5,0,24,1,30,,38434,5,0,24,1,100,,38429,5,0,24,1,100,,38440,5,0,24,1,100,,38420,5,0,24,1,100,,38439,5,0,24,1,100,,38416,5,0,24,1
40201,'11',648,,38459,5,0,24,1,70,,38456,5,0,24,1,30,,38457,5,0,24,1,70,,38458,5,0,24,1,30,,38454,5,0,24,1,70,,38463,5,0,24,1,30,,38471,5,0,24,1,70,,38453,5,0,24,1,30,,38461,5,0,24,1,70,,38467,5,0,24,1,30,,38449,5,0,24,1,70,,38464,5,0,24,1,30,,38468,5,0,24,1,70,,38443,5,0,24,1,30,,38448,5,0,24,1,70,,38444,5,0,24,1,30,,38455,5,0,24,1,70,,38462,5,0,24,1,30,,38466,5,0,24,1,70,,38451,5,0,24,1,30,,38446,5,0,24,1,70,,38447,5,0,24,1,30,,38452,5,0,24,1,70,,38472,5,0,24,1,30,,38465,5,0,24,1,100,,38460,5,0,24,1,100,,38470,5,0,24,1,100,,38450,5,0,24,1,100,,38469,5,0,24,1,100,,38445,5,0,24,1
40201,'12',1848,,38476,5,0,24,1,100,,38473,5,0,24,1,100,,38474,5,0,24,1,100,,38478,5,0,24,1,100,,38475,5,0,24,1,100,,38477,5,0,24,1
40201,'13',1848,,38482,5,0,24,1,100,,38479,5,0,24,1,100,,38480,5,0,24,1,100,,38484,5,0,24,1,100,,38481,5,0,24,1,100,,38483,5,0,24,1
40201,'14',1148,,38488,5,0,24,1,100,,29737,5,0,24,1,100,,38487,5,0,24,1,100,,38486,5,0,24,1,100,,38490,5,0,24,1,100,,38485,5,0,24,1,100,,38489,5,0,24,1
40201,'16',648,,38504,5,0,24,1,70,,38501,5,0,24,1,30,,38502,5,0,24,1,70,,38503,5,0,24,1,30,,38513,5,0,24,1,70,,38508,5,0,24,1,30,,38517,5,0,24,1,70,,38499,5,0,24,1,30,,38506,5,0,24,1,70,,38512,5,0,24,1,30,,38495,5,0,24,1,70,,38509,5,0,24,1,30,,38514,5,0,24,1,70,,31065,5,0,24,1,30,,38494,5,0,24,1,70,,38491,5,0,24,1,30,,38500,5,0,24,1,70,,38507,5,0,24,1,30,,38511,5,0,24,1,70,,38497,5,0,24,1,30,,31288,5,0,24,1,70,,38493,5,0,24,1,30,,38498,5,0,24,1,70,,38518,5,0,24,1,30,,38510,5,0,24,1,100,,38505,5,0,24,1,100,,38516,5,0,24,1,100,,38496,5,0,24,1,100,,38515,5,0,24,1,100,,38492,5,0,24,1
40201,'3',1848,,38522,5,0,24,1,100,,38519,5,0,24,1,100,,38520,5,0,24,1,100,,38524,5,0,24,1,100,,38521,5,0,24,1,100,,38523,5,0,24,1
40201,'6',1848,,38528,5,0,24,1,100,,38525,5,0,24,1,100,,38526,5,0,24,1,100,,38530,5,0,24,1,100,,38527,5,0,24,1,100,,38529,5,0,24,1
40201,'8',948,,38533,5,0,24,1,100,,38534,5,0,24,1,70,,38536,5,0,24,1,30,,25796,5,0,24,1,70,,38545,5,0,24,1,30,,38542,5,0,24,1,70,,38540,5,0,24,1,30,,38539,5,0,24,1,70,,38547,5,0,24,1,30,,38532,5,0,24,1,70,,38544,5,0,24,1,30,,38543,5,0,24,1,70,,38535,5,0,24,1,30,,38538,5,0,24,1,70,,38531,5,0,24,1,30,,38548,5,0,24,1,70,,38541,5,0,24,1,30,,38546,5,0,24,1,100,,38537,5,0,24,1
40901,'1',648,,39494,9,0,25 12,1,70,,39496,9,0,25 12,1,30,,39491,9,0,25 12,1,70,,39475,9,0,25 12,1,30,,39477,9,0,25 12,1,70,,39485,9,0,25 12,1,30,,39479,9,0,25 12,1,70,,30685,9,0,25 12,1,30,,39482,9,0,25 12,1,70,,39488,9,0,25 12,1,30,,39478,9,0,25 12,1,70,,39497,9,0,25 12,1,30,,39498,9,0,25 12,1,70,,39490,9,0,25 12,1,30,,24694,9,0,25 12,1,70,,31595,9,0,25 12,1,30,,39474,9,0,25 12,1,70,,39481,9,0,25 12,1,30,,39486,9,0,25 12,1,70,,39476,9,0,25 12,1,30,,39484,9,0,25 12,1,70,,39489,9,0,25 12,1,30,,39495,9,0,25 12,1,70,,23651,9,0,25 12,1,30,,39487,9,0,25 12,1,100,,39492,9,0,25 12,1,100,,39483,9,0,25 12,1,100,,39480,9,0,25 12,1,100,,39493,9,0,25 12,1
40901,'11',648,,39523,9,0,25 12,1,70,,39525,9,0,25 12,1,30,,39519,9,0,25 12,1,70,,39501,9,0,25 12,1,30,,39503,9,0,25 12,1,70,,39512,9,0,25 12,1,30,,39505,9,0,25 12,1,70,,39511,9,0,25 12,1,30,,39508,9,0,25 12,1,70,,39516,9,0,25 12,1,30,,39504,9,0,25 12,1,70,,39526,9,0,25 12,1,30,,39527,9,0,25 12,1,70,,39518,9,0,25 12,1,30,,39521,9,0,25 12,1,70,,39515,9,0,25 12,1,30,,39499,9,0,25 12,1,70,,39507,9,0,25 12,1,30,,39513,9,0,25 12,1,70,,39502,9,0,25 12,1,30,,39510,9,0,25 12,1,70,,39517,9,0,25 12,1,30,,39524,9,0,25 12,1,70,,39500,9,0,25 12,1,30,,39514,9,0,25 12,1,100,,39520,9,0,25 12,1,100,,39509,9,0,25 12,1,100,,39506,9,0,25 12,1,100,,39522,9,0,25 12,1
40901,'12',1848,,39532,9,0,25 12,1,100,,39531,9,0,25 12,1,100,,39528,9,0,25 12,1,100,,39530,9,0,25 12,1,100,,39529,9,0,25 12,1
40901,'13',1848,,39536,9,0,25 12,1,100,,39535,9,0,25 12,1,100,,39533,9,0,25 12,1,100,,39534,9,0,25 12,1,100,,23553,9,0,25 12,1
40901,'14',1048,,39538,9,0,25 12,1,100,,39541,9,0,25 12,1,100,,39539,9,0,25 12,1,100,,39542,9,0,25 12,1,100,,30452,9,0,25 12,1,100,,39540,9,0,25 12,1,100,,39543,9,0,25 12,1,100,,39537,9,0,25 12,1
40901,'16',648,,39564,9,0,25 12,1,70,,39566,9,0,25 12,1,30,,39561,9,0,25 12,1,70,,39545,9,0,25 12,1,30,,39547,9,0,25 12,1,70,,39555,9,0,25 12,1,30,,39549,9,0,25 12,1,70,,30722,9,0,25 12,1,30,,39552,9,0,25 12,1,70,,39558,9,0,25 12,1,30,,39548,9,0,25 12,1,70,,39567,9,0,25 12,1,30,,39568,9,0,25 12,1,70,,39560,9,0,25 12,1,30,,29544,9,0,25 12,1,70,,31633,9,0,25 12,1,30,,39544,9,0,25 12,1,70,,39551,9,0,25 12,1,30,,39556,9,0,25 12,1,70,,39546,9,0,25 12,1,30,,39554,9,0,25 12,1,70,,39559,9,0,25 12,1,30,,39565,9,0,25 12,1,70,,29526,9,0,25 12,1,30,,39557,9,0,25 12,1,100,,39562,9,0,25 12,1,100,,39553,9,0,25 12,1,100,,39550,9,0,25 12,1,100,,39563,9,0,25 12,1
40901,'3',1848,,39572,9,0,25 12,1,100,,39571,9,0,25 12,1,100,,39569,9,0,25 12,1,100,,39570,9,0,25 12,1,100,,23574,9,0,25 12,1
40901,'6',1848,,39577,9,0,25 12,1,100,,39576,9,0,25 12,1,100,,39573,9,0,25 12,1,100,,39575,9,0,25 12,1,100,,39574,9,0,25 12,1
40901,'8',848,,39590,9,0,25 12,1,100,,39589,9,0,25 12,1,100,,39595,9,0,25 12,1,70,,39580,9,0,25 12,1,30,,39581,9,0,25 12,1,70,,39587,9,0,25 12,1,30,,39583,9,0,25 12,1,70,,39582,9,0,25 12,1,30,,39594,9,0,25 12,1,70,,39591,9,0,25 12,1,30,,39584,9,0,25 12,1,70,,39592,9,0,25 12,1,30,,39588,9,0,25 12,1,70,,39593,9,0,25 12,1,30,,32416,9,0,25 12,1,70,,39579,9,0,25 12,1,30,,39596,9,0,25 12,1,70,,39578,9,0,25 12,1,30,,39586,9,0,25 12,1,100,,39585,9,0,25 12,1
