30100,'11',620,,27361,8,0,5 6,1,30,,27337,8,0,5 6,1,70,,27355,8,0,5 6,1,30,,27370,8,0,5 6,1,70,,27336,8,0,5 6,1,30,,6785,8,0,5 6,1,70,,27357,8,0,5 6,1,30,,22225,8,0,5 6,1,70,,27367,8,0,5 6,1,30,,24152,8,0,5 6,1,70,,27356,8,0,5 6,1,30,,27363,8,0,5 6,1,70,,27349,8,0,5 6,1,30,,27359,8,0,5 6,1,70,,27348,8,0,5 6,1,30,,27333,8,0,5 6,1,70,,22859,8,0,5 6,1,30,,27365,8,0,5 6,1,70,,27358,8,0,5 6,1,30,,27344,8,0,5 6,1,70,,27345,8,0,5 6,1,30,,27369,8,0,5 6,1,70,,27347,8,0,5 6,1
30100,'3',620,,27399,8,0,5 6,1,30,,27375,8,0,5 6,1,70,,27393,8,0,5 6,1,30,,27408,8,0,5 6,1,70,,27374,8,0,5 6,1,30,,6829,8,0,5 6,1,70,,27395,8,0,5 6,1,30,,22244,8,0,5 6,1,70,,27405,8,0,5 6,1,30,,24162,8,0,5 6,1,70,,27394,8,0,5 6,1,30,,27401,8,0,5 6,1,70,,27387,8,0,5 6,1,30,,27397,8,0,5 6,1,70,,27386,8,0,5 6,1,30,,27371,8,0,5 6,1,70,,22879,8,0,5 6,1,30,,27403,8,0,5 6,1,70,,27396,8,0,5 6,1,30,,27382,8,0,5 6,1,70,,27383,8,0,5 6,1,30,,27407,8,0,5 6,1,70,,27385,8,0,5 6,1
30101,'11',636,,27435,38,0,5 15,1,70,,27442,38,0,5 15,1,30,,27415,38,0,5 15,1,70,,27427,38,0,5 15,1,30,,27413,38,0,5 15,1,70,,27431,38,0,5 15,1,30,,21483,38,0,5 15,1,70,,27430,38,0,5 15,1,30,,27446,38,0,5 15,1,70,,27457,38,0,5 15,1,30,,27418,38,0,5 15,1,70,,27412,38,0,5 15,1,30,,27424,38,0,5 15,1,70,,27452,38,0,5 15,1,30,,27428,38,0,5 15,1,70,,27421,38,0,5 15,1,30,,27438,38,0,5 15,1,70,,27420,38,0,5 15,1,30,,27409,38,0,5 15,1,70,,27450,38,0,5 15,1,30,,27445,38,0,5 15,1,70,,27444,38,0,5 15,1,30,,27411,38,0,5 15,1,70,,27417,38,0,5 15,1
30101,'3',636,,27484,38,0,5 15,1,70,,27491,38,0,5 15,1,30,,27464,38,0,5 15,1,70,,27476,38,0,5 15,1,30,,27462,38,0,5 15,1,70,,27480,38,0,5 15,1,30,,21522,38,0,5 15,1,70,,27479,38,0,5 15,1,30,,27495,38,0,5 15,1,70,,27506,38,0,5 15,1,30,,27467,38,0,5 15,1,70,,27461,38,0,5 15,1,30,,27473,38,0,5 15,1,70,,27501,38,0,5 15,1,30,,27477,38,0,5 15,1,70,,27470,38,0,5 15,1,30,,27487,38,0,5 15,1,70,,27469,38,0,5 15,1,30,,27458,38,0,5 15,1,70,,27499,38,0,5 15,1,30,,27494,38,0,5 15,1,70,,27493,38,0,5 15,1,30,,27460,38,0,5 15,1,70,,27466,38,0,5 15,1
33700,'1',735,,29436,8,,,1,70,,29427,8,,,1,30,,29401,8,,,1,70,,29407,8,,,1,30,,29442,8,,,1,70,,29412,8,,,1,30,,24259,8,,,1,70,,29438,8,,,1,30,,29425,8,,,1,70,,29416,8,,,1,30,,29406,8,,,1,70,,29419,8,,,1,30,,29423,8,,,1,70,,29417,8,,,1,30,,26406,8,,,1,70,,29415,8,,,1,30,,29404,8,,,1,70,,23725,8,,,1,30,,29403,8,,,1,70,,29437,8,,,1,30,,29409,8,,,1,70,,29434,8,,,1,30,,29424,8,,,1,70,,29418,8,,,1,30,,23651,8,,,1
33700,'11',705,,29460,8,,,1,30,,29483,8,,,1,70,,29474,8,,,1,30,,29465,8,,,1,70,,29462,8,,,1,30,,29445,8,,,1,70,,29481,8,,,1,30,,23332,8,,,1,70,,29450,8,,,1,30,,29482,8,,,1,70,,29484,8,,,1,30,,29454,8,,,1,70,,21466,8,,,1,30,,29467,8,,,1,70,,29449,8,,,1,30,,29463,8,,,1,70,,29448,8,,,1,30,,29480,8,,,1,70,,29461,8,,,1,30,,29458,8,,,1,70,,29464,8,,,1,30,,19106,8,,,1,70,,29486,8,,,1,30,,12268,8,,,1,70,,29472,8,,,1
33700,'12',1135,,29488,8,,,1,70,,29489,8,,,1,30,,29501,8,,,1,70,,29502,8,,,1,30,,29510,8,,,1,70,,29487,8,,,1,30,,29497,8,,,1,70,,29508,8,,,1,30,,29506,8,,,1,70,,29507,8,,,1,30,,29491,8,,,1,70,,29503,8,,,1,30,,29493,8,,,1,70,,29490,8,,,1,30,,29504,8,,,1
33700,'14',735,,29557,8,,,1,70,,29546,8,,,1,30,,29518,8,,,1,70,,29524,8,,,1,30,,29563,8,,,1,70,,29530,8,,,1,30,,29533,8,,,1,70,,29559,8,,,1,30,,26866,8,,,1,70,,29535,8,,,1,30,,29523,8,,,1,70,,29538,8,,,1,30,,29542,8,,,1,70,,29536,8,,,1,30,,29549,8,,,1,70,,29532,8,,,1,30,,29521,8,,,1,70,,29534,8,,,1,30,,29520,8,,,1,70,,29558,8,,,1,30,,29527,8,,,1,70,,29555,8,,,1,30,,29543,8,,,1,70,,29537,8,,,1,30,,29526,8,,,1
33700,'3',705,,29581,8,,,1,30,,29604,8,,,1,70,,29595,8,,,1,30,,29586,8,,,1,70,,29583,8,,,1,30,,29566,8,,,1,70,,29602,8,,,1,30,,23370,8,,,1,70,,29571,8,,,1,30,,29603,8,,,1,70,,29605,8,,,1,30,,29575,8,,,1,70,,21505,8,,,1,30,,29588,8,,,1,70,,29570,8,,,1,30,,29584,8,,,1,70,,29569,8,,,1,30,,29601,8,,,1,70,,29582,8,,,1,30,,29579,8,,,1,70,,29585,8,,,1,30,,19153,8,,,1,70,,29607,8,,,1,30,,12301,8,,,1,70,,29593,8,,,1
33700,'8',1205,,25555,8,,,1,30,,29618,8,,,1,70,,29624,8,,,1,30,,29626,8,,,1,70,,29617,8,,,1,30,,29629,8,,,1,70,,29634,8,,,1,30,,29630,8,,,1,70,,29613,8,,,1,30,,29611,8,,,1,70,,29635,8,,,1,30,,29622,8,,,1,70,,29620,8,,,1,30,,29625,8,,,1,70,,29623,8,,,1
40100,'1',620,,29888,8,0,8,1,30,,29890,8,0,8,1,70,,29908,8,0,8,1,30,,29891,8,0,8,1,70,,29871,8,0,8,1,30,,29897,8,0,8,1,70,,29910,8,0,8,1,30,,29914,8,0,8,1,71,,29887,8,0,8,1,30,,29916,8,0,8,1,70,,29919,8,0,8,1,30,,23084,8,0,8,1,70,,29889,8,0,8,1,30,,29909,8,0,8,1,70,,29877,8,0,8,1,30,,24668,8,0,8,1,69,,29903,8,0,8,1,30,,29881,8,0,8,1,70,,29874,8,0,8,1,30,,29901,8,0,8,1,70,,29900,8,0,8,1,30,,29892,8,0,8,1,70,,29876,8,0,8,1,30,,29880,8,0,8,1,100,,29906,8,0,8,1,99,,29883,8,0,8,1,100,,29885,8,0,8,1,100,,29872,8,0,8,1,100,,29870,8,0,8,1,100,,29896,8,0,8,1
40100,'11',1750,,29931,8,0,8,1,100,,29920,8,0,8,1,99,,29923,8,0,8,1,100,,29922,8,0,8,1,100,,24724,8,0,8,1,100,,29926,8,0,8,1,100,,29921,8,0,8,1
40100,'12',1051,,29938,8,0,8,1,100,,29939,8,0,8,1,100,,29936,8,0,8,1,100,,29933,8,0,8,1,99,,29937,8,0,8,1,100,,29941,8,0,8,1,100,,25360,8,0,8,1,100,,29944,8,0,8,1
40100,'14',620,,24954,8,0,8,1,30,,29970,8,0,8,1,70,,29991,8,0,8,1,30,,29971,8,0,8,1,70,,29948,8,0,8,1,30,,29978,8,0,8,1,70,,29993,8,0,8,1,30,,29997,8,0,8,1,71,,29968,8,0,8,1,30,,24808,8,0,8,1,70,,30001,8,0,8,1,30,,29977,8,0,8,1,70,,25531,8,0,8,1,30,,29992,8,0,8,1,70,,29954,8,0,8,1,30,,29965,8,0,8,1,69,,29986,8,0,8,1,30,,29958,8,0,8,1,70,,29951,8,0,8,1,30,,29983,8,0,8,1,70,,29981,8,0,8,1,30,,29972,8,0,8,1,70,,29953,8,0,8,1,30,,29957,8,0,8,1,100,,29989,8,0,8,1,99,,29961,8,0,8,1,100,,29966,8,0,8,1,100,,29949,8,0,8,1,100,,29947,8,0,8,1,100,,29976,8,0,8,1
40100,'3',1750,,30013,8,0,8,1,100,,30002,8,0,8,1,99,,30005,8,0,8,1,100,,30004,8,0,8,1,100,,24826,8,0,8,1,100,,30008,8,0,8,1,100,,30003,8,0,8,1
40100,'8',850,,30016,8,0,8,1,100,,30021,8,0,8,1,71,,30033,8,0,8,1,30,,30031,8,0,8,1,70,,30039,8,0,8,1,30,,30017,8,0,8,1,70,,30045,8,0,8,1,30,,30029,8,0,8,1,70,,30037,8,0,8,1,30,,30052,8,0,8,1,69,,30038,8,0,8,1,30,,30022,8,0,8,1,70,,30034,8,0,8,1,30,,30044,8,0,8,1,70,,30050,8,0,8,1,30,,30018,8,0,8,1,70,,30053,8,0,8,1,30,,30028,8,0,8,1,100,,30026,8,0,8,1,99,,30049,8,0,8,1
40101,'1',649,,23186,38,0,16,1,70,,30054,38,0,16,1,30,,30088,38,0,16,1,70,,30091,38,0,16,1,30,,30100,38,0,16,1,70,,23738,38,0,16,1,30,,30097,38,0,16,1,70,,23845,38,0,16,1,30,,30067,38,0,16,1,70,,30099,38,0,16,1,30,,30056,38,0,16,1,70,,30093,38,0,16,1,30,,30072,38,0,16,1,70,,30103,38,0,16,1,30,,30092,38,0,16,1,70,,30064,38,0,16,1,30,,30094,38,0,16,1,70,,30096,38,0,16,1,30,,30059,38,0,16,1,70,,30079,38,0,16,1,30,,30102,38,0,16,1,70,,30077,38,0,16,1,30,,30081,38,0,16,1,70,,30071,38,0,16,1,30,,23124,38,0,16,1,100,,30080,38,0,16,1,100,,30087,38,0,16,1,100,,30074,38,0,16,1,100,,24200,38,0,16,1,100,,23436,38,0,5,1
40101,'11',1849,,30112,38,0,16,1,100,,30113,38,0,16,1,100,,30106,38,0,16,1,100,,30114,38,0,16,1,100,,30109,38,0,16,1,100,,30111,38,0,5,1
40101,'12',1049,,30124,38,0,16,1,100,,30123,38,0,16,1,100,,30127,38,0,16,1,100,,30118,38,0,16,1,100,,30117,38,0,16,1,100,,30128,38,0,16,1,100,,30131,38,0,16,1,100,,30125,38,0,5,1
40101,'14',649,,30168,38,0,16,1,70,,30132,38,0,16,1,30,,26051,38,0,16,1,70,,30172,38,0,16,1,30,,30181,38,0,16,1,70,,30170,38,0,16,1,30,,30178,38,0,16,1,70,,30141,38,0,16,1,30,,30147,38,0,16,1,70,,30180,38,0,16,1,30,,30134,38,0,16,1,70,,30174,38,0,16,1,30,,30152,38,0,16,1,70,,30184,38,0,16,1,30,,30173,38,0,16,1,70,,30144,38,0,16,1,30,,30175,38,0,16,1,70,,30177,38,0,16,1,30,,30137,38,0,16,1,70,,30160,38,0,16,1,30,,30183,38,0,16,1,70,,30158,38,0,16,1,30,,30162,38,0,16,1,70,,25982,38,0,16,1,30,,30146,38,0,16,1,100,,30161,38,0,16,1,100,,30167,38,0,16,1,100,,30155,38,0,16,1,100,,30150,38,0,16,1,100,,30164,38,0,5,1
40101,'3',1849,,30193,38,0,16,1,100,,30194,38,0,16,1,100,,30187,38,0,16,1,100,,30195,38,0,16,1,100,,30190,38,0,16,1,100,,30192,38,0,5,1
40101,'8',849,,30221,38,0,16,1,100,,30198,38,0,16,1,100,,30225,38,0,16,1,70,,30212,38,0,16,1,30,,30231,38,0,16,1,70,,30205,38,0,16,1,30,,30216,38,0,16,1,70,,30199,38,0,16,1,30,,30218,38,0,16,1,70,,30214,38,0,16,1,30,,30232,38,0,16,1,70,,30224,38,0,16,1,30,,30235,38,0,16,1,70,,30234,38,0,16,1,30,,30203,38,0,16,1,70,,30206,38,0,16,1,30,,30223,38,0,16,1,70,,30236,38,0,16,1,30,,30222,38,0,16,1,100,,30210,38,0,16,1
43700,'1',1950,,32647,8,,,1,100,,32643,8,,,1,100,,32642,8,,,1,100,,32649,8,,,1,100,,32646,8,,,1
43700,'11',1950,,32655,8,,,1,100,,32653,8,,,1,100,,32660,8,,,1,100,,32654,8,,,1,100,,22911,8,,,1
43700,'14',1950,,32666,8,,,1,100,,32662,8,,,1,100,,32661,8,,,1,100,,32668,8,,,1,100,,32665,8,,,1
43700,'3',1950,,32674,8,,,1,100,,32672,8,,,1,100,,32679,8,,,1,100,,32673,8,,,1,100,,22935,8,,,1
