30100,'15',610,,8846,17,0,5 6,1,30,,8861,17,0,5 6,1,70,,8850,17,0,5 6,1,30,,8836,17,0,5 6,1,70,,8845,17,0,5 6,1,30,,8839,17,0,5 6,1,70,,8827,17,0,5 6,1,30,,8841,17,0,5 6,1,70,,8849,17,0,5 6,1,30,,8834,17,0,5 6,1,70,,8853,17,0,5 6,1,30,,8857,17,0,5 6,1,70,,8828,17,0,5 6,1,30,,8843,17,0,5 6,1,70,,8871,17,0,5 6,1,30,,8831,17,0,5 6,1,70,,8851,17,0,5 6,1,30,,8838,17,0,5 6,1,70,,8837,17,0,5 6,1,30,,8854,17,0,5 6,1,70,,8855,17,0,5 6,1,30,,8858,17,0,5 6,1,70,,8840,17,0,5 6,1,30,,8829,17,0,5 6,1
30100,'16',610,,2451,17,0,5 6,1,30,,8895,17,0,5 6,1,70,,8887,17,0,5 6,1,30,,8879,17,0,5 6,1,70,,8885,17,0,5 6,1,30,,8881,17,0,5 6,1,70,,8873,17,0,5 6,1,30,,8883,17,0,5 6,1,70,,1097,17,0,5 6,1,30,,6860,17,0,5 6,1,70,,8890,17,0,5 6,1,30,,8893,17,0,5 6,1,70,,5228,17,0,5 6,1,30,,2909,17,0,5 6,1,70,,8905,17,0,5 6,1,30,,8875,17,0,5 6,1,70,,8888,17,0,5 6,1,30,,2345,17,0,5 6,1,70,,8880,17,0,5 6,1,30,,8891,17,0,5 6,1,70,,8892,17,0,5 6,1,30,,1201,17,0,5 6,1,70,,8882,17,0,5 6,1,30,,4441,17,0,5 6,1
30100,'17',610,,2474,17,0,5 6,1,30,,8928,17,0,5 6,1,70,,8920,17,0,5 6,1,30,,8912,17,0,5 6,1,70,,8918,17,0,5 6,1,30,,8914,17,0,5 6,1,70,,8907,17,0,5 6,1,30,,8916,17,0,5 6,1,70,,1122,17,0,5 6,1,30,,6865,17,0,5 6,1,70,,8923,17,0,5 6,1,30,,8926,17,0,5 6,1,70,,5278,17,0,5 6,1,30,,2975,17,0,5 6,1,70,,8938,17,0,5 6,1,30,,8908,17,0,5 6,1,70,,8921,17,0,5 6,1,30,,2371,17,0,5 6,1,70,,8913,17,0,5 6,1,30,,8924,17,0,5 6,1,70,,8925,17,0,5 6,1,30,,1225,17,0,5 6,1,70,,8915,17,0,5 6,1,30,,4451,17,0,5 6,1
30100,'19',610,,8959,17,0,5 6,1,30,,8974,17,0,5 6,1,70,,8963,17,0,5 6,1,30,,8950,17,0,5 6,1,70,,5651,17,0,5 6,1,30,,8953,17,0,5 6,1,70,,8941,17,0,5 6,1,30,,8955,17,0,5 6,1,70,,8962,17,0,5 6,1,30,,8948,17,0,5 6,1,70,,8966,17,0,5 6,1,30,,8970,17,0,5 6,1,70,,8942,17,0,5 6,1,30,,8957,17,0,5 6,1,70,,8983,17,0,5 6,1,30,,8945,17,0,5 6,1,70,,8964,17,0,5 6,1,30,,8952,17,0,5 6,1,70,,8951,17,0,5 6,1,30,,8967,17,0,5 6,1,70,,8968,17,0,5 6,1,30,,8971,17,0,5 6,1,70,,8954,17,0,5 6,1,30,,8943,17,0,5 6,1
30100,'5',610,,2497,17,0,5 6,1,30,,9004,17,0,5 6,1,70,,8997,17,0,5 6,1,30,,4998,17,0,5 6,1,70,,8995,17,0,5 6,1,30,,8991,17,0,5 6,1,70,,8985,17,0,5 6,1,30,,8993,17,0,5 6,1,70,,1147,17,0,5 6,1,30,,6907,17,0,5 6,1,70,,9000,17,0,5 6,1,30,,9002,17,0,5 6,1,70,,5408,17,0,5 6,1,30,,3043,17,0,5 6,1,70,,9014,17,0,5 6,1,30,,8986,17,0,5 6,1,70,,8998,17,0,5 6,1,30,,2396,17,0,5 6,1,70,,8990,17,0,5 6,1,30,,4214,17,0,5 6,1,70,,9001,17,0,5 6,1,30,,1249,17,0,5 6,1,70,,8992,17,0,5 6,1,30,,4474,17,0,5 6,1
30100,'6',610,,9036,17,0,5 6,1,30,,9051,17,0,5 6,1,70,,9040,17,0,5 6,1,30,,9026,17,0,5 6,1,70,,9035,17,0,5 6,1,30,,9029,17,0,5 6,1,70,,9017,17,0,5 6,1,30,,9031,17,0,5 6,1,70,,9039,17,0,5 6,1,30,,9024,17,0,5 6,1,70,,9043,17,0,5 6,1,30,,9047,17,0,5 6,1,70,,9018,17,0,5 6,1,30,,9033,17,0,5 6,1,70,,9061,17,0,5 6,1,30,,9021,17,0,5 6,1,70,,9041,17,0,5 6,1,30,,9028,17,0,5 6,1,70,,9027,17,0,5 6,1,30,,9044,17,0,5 6,1,70,,9045,17,0,5 6,1,30,,9048,17,0,5 6,1,70,,9030,17,0,5 6,1,30,,9019,17,0,5 6,1
40100,'1',1104,,16776,17,0,8,1,100,,16774,17,0,8,1,100,,219,17,0,8,1,100,,16770,17,0,8,1,100,,16769,17,0,8,1,100,,16772,17,0,8,1,100,,16775,17,0,8,1,100,,16771,17,0,8,1
40100,'10',634,,16792,17,0,8,1,70,,16826,17,0,8,1,30,,16808,17,0,8,1,70,,16820,17,0,8,1,30,,16811,17,0,8,1,70,,16818,17,0,8,1,30,,16803,17,0,8,1,70,,16819,17,0,8,1,30,,16828,17,0,8,1,70,,16832,17,0,8,1,30,,16804,17,0,8,1,70,,16790,17,0,8,1,30,,16807,17,0,8,1,70,,16784,17,0,8,1,30,,16781,17,0,8,1,70,,16815,17,0,8,1,30,,16778,17,0,8,1,70,,16823,17,0,8,1,30,,16799,17,0,8,1,70,,16797,17,0,8,1,30,,16806,17,0,8,1,70,,16783,17,0,8,1,30,,16780,17,0,8,1,70,,16805,17,0,8,1,100,,16812,17,0,8,1,100,,16835,17,0,8,1,100,,16789,17,0,8,1,100,,16788,17,0,8,1,100,,16785,17,0,8,1,100,,16794,17,0,8,1
40100,'12',904,,16860,17,0,8,1,100,,16864,17,0,8,1,30,,16843,17,0,8,1,70,,16870,17,0,8,1,30,,16862,17,0,8,1,70,,16854,17,0,8,1,30,,16851,17,0,8,1,70,,16868,17,0,8,1,30,,16852,17,0,8,1,70,,6122,17,0,8,1,30,,16866,17,0,8,1,70,,7866,17,0,8,1,30,,16837,17,0,8,1,70,,16849,17,0,8,1,30,,16842,17,0,8,1,70,,16872,17,0,8,1,30,,16867,17,0,8,1,70,,16869,17,0,8,1,100,,16859,17,0,8,1,100,,16865,17,0,8,1
40100,'15',1804,,16877,17,0,8,1,100,,16883,17,0,8,1,100,,16885,17,0,8,1,100,,16886,17,0,8,1,100,,16881,17,0,8,1,100,,16879,17,0,8,1,100,,16882,17,0,8,1
40100,'16',1804,,615,17,0,8,1,100,,16894,17,0,8,1,100,,16896,17,0,8,1,100,,16897,17,0,8,1,100,,284,17,0,8,1,100,,16893,17,0,8,1,100,,16892,17,0,8,1
40100,'17',1804,,639,17,0,8,1,100,,16905,17,0,8,1,100,,16907,17,0,8,1,100,,16908,17,0,8,1,100,,334,17,0,8,1,100,,16903,17,0,8,1,100,,16904,17,0,8,1
40100,'19',1804,,16913,17,0,8,1,100,,16919,17,0,8,1,100,,16921,17,0,8,1,100,,16922,17,0,8,1,100,,16917,17,0,8,1,100,,16915,17,0,8,1,100,,16918,17,0,8,1
40100,'21',634,,16934,17,0,8,1,70,,16962,17,0,8,1,30,,16945,17,0,8,1,70,,16956,17,0,8,1,30,,16948,17,0,8,1,70,,16954,17,0,8,1,30,,16942,17,0,8,1,70,,16955,17,0,8,1,30,,16964,17,0,8,1,70,,16968,17,0,8,1,30,,16943,17,0,8,1,70,,16933,17,0,8,1,30,,7358,17,0,8,1,70,,16928,17,0,8,1,30,,6472,17,0,8,1,70,,16951,17,0,8,1,30,,7825,17,0,8,1,70,,16959,17,0,8,1,30,,16939,17,0,8,1,70,,7576,17,0,8,1,30,,7225,17,0,8,1,70,,16927,17,0,8,1,30,,16925,17,0,8,1,70,,16944,17,0,8,1,100,,16949,17,0,8,1,100,,16971,17,0,8,1,100,,16932,17,0,8,1,100,,16931,17,0,8,1,100,,16929,17,0,8,1,100,,16936,17,0,8,1
40100,'5',1804,,663,17,0,8,1,100,,16980,17,0,8,1,100,,16982,17,0,8,1,100,,16983,17,0,8,1,100,,384,17,0,8,1,100,,16978,17,0,8,1,100,,16979,17,0,8,1
40100,'6',1804,,16988,17,0,8,1,100,,16994,17,0,8,1,100,,16996,17,0,8,1,100,,16997,17,0,8,1,100,,16992,17,0,8,1,100,,16990,17,0,8,1,100,,16993,17,0,8,1
