30401,'12',640,,33600,6,0,49,1,70,,33598,6,0,49,1,30,,33593,6,0,49,1,70,,33577,6,0,49,1,30,,33581,6,0,49,1,70,,33589,6,0,49,1,30,,33591,6,0,49,1,70,,33601,6,0,49,1,30,,33580,6,0,49,1,70,,33584,6,0,49,1,30,,33578,6,0,49,1,70,,33592,6,0,49,1,30,,33585,6,0,49,1,70,,33586,6,0,49,1,30,,33582,6,0,49,1,71,,33595,6,0,49,1,30,,33588,6,0,49,1,70,,33590,6,0,49,1,30,,33596,6,0,49,1,70,,33587,6,0,49,1,30,,33599,6,0,49,1,70,,33594,6,0,49,1,30,,33583,6,0,49,1,70,,33579,6,0,49,1,30,,33597,6,0,49,1
30401,'13',640,,27613,6,0,49,1,70,,33620,6,0,49,1,30,,33615,6,0,49,1,70,,22338,6,0,49,1,30,,33605,6,0,49,1,70,,33612,6,0,49,1,30,,33613,6,0,49,1,70,,33622,6,0,49,1,30,,33604,6,0,49,1,70,,33607,6,0,49,1,30,,33602,6,0,49,1,70,,33614,6,0,49,1,30,,33608,6,0,49,1,70,,33609,6,0,49,1,30,,21594,6,0,49,1,71,,33617,6,0,49,1,30,,33611,6,0,49,1,70,,28194,6,0,49,1,30,,33618,6,0,49,1,70,,33610,6,0,49,1,30,,33621,6,0,49,1,70,,33616,6,0,49,1,30,,33606,6,0,49,1,70,,33603,6,0,49,1,30,,33619,6,0,49,1
30401,'3',640,,27636,6,0,49,1,70,,33641,6,0,49,1,30,,33636,6,0,49,1,70,,22360,6,0,49,1,30,,33626,6,0,49,1,70,,33633,6,0,49,1,30,,33634,6,0,49,1,70,,33643,6,0,49,1,30,,33625,6,0,49,1,70,,33628,6,0,49,1,30,,33623,6,0,49,1,70,,33635,6,0,49,1,30,,33629,6,0,49,1,70,,33630,6,0,49,1,30,,21637,6,0,49,1,71,,33638,6,0,49,1,30,,33632,6,0,49,1,70,,28215,6,0,49,1,30,,33639,6,0,49,1,70,,33631,6,0,49,1,30,,33642,6,0,49,1,70,,33637,6,0,49,1,30,,33627,6,0,49,1,70,,33624,6,0,49,1,30,,33640,6,0,49,1
30401,'6',640,,33667,6,0,49,1,70,,33665,6,0,49,1,30,,33660,6,0,49,1,70,,33644,6,0,49,1,30,,33648,6,0,49,1,70,,33656,6,0,49,1,30,,33658,6,0,49,1,70,,33668,6,0,49,1,30,,33647,6,0,49,1,70,,33651,6,0,49,1,30,,33645,6,0,49,1,70,,33659,6,0,49,1,30,,33652,6,0,49,1,70,,33653,6,0,49,1,30,,33649,6,0,49,1,71,,33662,6,0,49,1,30,,33655,6,0,49,1,70,,33657,6,0,49,1,30,,33663,6,0,49,1,70,,33654,6,0,49,1,30,,33666,6,0,49,1,70,,33661,6,0,49,1,30,,33650,6,0,49,1,70,,33646,6,0,49,1,30,,33664,6,0,49,1
40401,'1',702,,38683,6,0,39 51,1,30,,38685,6,0,39 51,1,70,,38681,6,0,39 51,1,30,,38682,6,0,39 51,1,70,,38708,6,0,39 51,1,30,,38707,6,0,39 51,1,70,,38700,6,0,39 51,1,31,,38697,6,0,39 51,1,70,,30770,6,0,39 51,1,30,,38689,6,0,39 51,1,70,,38703,6,0,39 51,1,30,,38686,6,0,39 51,1,70,,38690,6,0,39 51,1,30,,38706,6,0,39 51,1,70,,38696,6,0,39 51,1,30,,38702,6,0,39 51,1,70,,38693,6,0,39 51,1,30,,38695,6,0,39 51,1,70,,38701,6,0,39 51,1,30,,38694,6,0,39 51,1,70,,38705,6,0,39 51,1,30,,38698,6,0,39 51,1,70,,38684,6,0,39 51,1,30,,38688,6,0,39 51,1,70,,38691,6,0,39 51,1,99,,38704,6,0,39 51,1,100,,38699,6,0,39 51,1,100,,38692,6,0,39 51,1,100,,38687,6,0,39 51,1
40401,'11',702,,38711,6,0,39 51,1,30,,38713,6,0,39 51,1,70,,38709,6,0,39 51,1,30,,38710,6,0,39 51,1,70,,38737,6,0,39 51,1,30,,38736,6,0,39 51,1,70,,38729,6,0,39 51,1,31,,38726,6,0,39 51,1,70,,38716,6,0,39 51,1,30,,38718,6,0,39 51,1,70,,38732,6,0,39 51,1,30,,38714,6,0,39 51,1,70,,38719,6,0,39 51,1,30,,38735,6,0,39 51,1,70,,38725,6,0,39 51,1,30,,38731,6,0,39 51,1,70,,38722,6,0,39 51,1,30,,38724,6,0,39 51,1,70,,38730,6,0,39 51,1,30,,38723,6,0,39 51,1,70,,38734,6,0,39 51,1,30,,38727,6,0,39 51,1,70,,38712,6,0,39 51,1,30,,38717,6,0,39 51,1,70,,38720,6,0,39 51,1,99,,38733,6,0,39 51,1,100,,38728,6,0,39 51,1,100,,38721,6,0,39 51,1,100,,38715,6,0,39 51,1
40401,'12',1903,,38741,6,0,39 51,1,99,,38739,6,0,39 51,1,100,,38738,6,0,39 51,1,100,,38742,6,0,39 51,1,100,,38740,6,0,39 51,1
40401,'13',1903,,38746,6,0,39 51,1,99,,38744,6,0,39 51,1,100,,38743,6,0,39 51,1,100,,38747,6,0,39 51,1,100,,38745,6,0,39 51,1
40401,'14',1103,,38752,6,0,39 51,1,100,,38751,6,0,39 51,1,100,,38748,6,0,39 51,1,100,,38754,6,0,39 51,1,100,,38749,6,0,39 51,1,100,,38753,6,0,39 51,1,100,,38755,6,0,39 51,1,100,,38750,6,0,39 51,1
40401,'16',702,,38758,6,0,39 51,1,30,,38760,6,0,39 51,1,70,,38756,6,0,39 51,1,30,,38757,6,0,39 51,1,70,,38783,6,0,39 51,1,30,,38782,6,0,39 51,1,70,,38775,6,0,39 51,1,31,,38772,6,0,39 51,1,70,,30812,6,0,39 51,1,30,,38764,6,0,39 51,1,70,,38778,6,0,39 51,1,30,,38761,6,0,39 51,1,70,,38765,6,0,39 51,1,30,,38781,6,0,39 51,1,70,,38771,6,0,39 51,1,30,,38777,6,0,39 51,1,70,,38768,6,0,39 51,1,30,,38770,6,0,39 51,1,70,,38776,6,0,39 51,1,30,,38769,6,0,39 51,1,70,,38780,6,0,39 51,1,30,,38773,6,0,39 51,1,70,,38759,6,0,39 51,1,30,,38763,6,0,39 51,1,70,,38766,6,0,39 51,1,99,,38779,6,0,39 51,1,100,,38774,6,0,39 51,1,100,,38767,6,0,39 51,1,100,,38762,6,0,39 51,1
40401,'3',1903,,38787,6,0,39 51,1,99,,38785,6,0,39 51,1,100,,38784,6,0,39 51,1,100,,38788,6,0,39 51,1,100,,38786,6,0,39 51,1
40401,'6',1903,,38792,6,0,39 51,1,99,,38790,6,0,39 51,1,100,,38789,6,0,39 51,1,100,,38793,6,0,39 51,1,100,,38791,6,0,39 51,1
40401,'8',902,,38807,6,0,39 51,1,100,,38811,6,0,39 51,1,31,,38810,6,0,39 51,1,70,,38795,6,0,39 51,1,30,,38797,6,0,39 51,1,70,,38801,6,0,39 51,1,30,,38802,6,0,39 51,1,70,,38803,6,0,39 51,1,30,,38796,6,0,39 51,1,70,,38794,6,0,39 51,1,30,,38812,6,0,39 51,1,70,,38804,6,0,39 51,1,30,,38798,6,0,39 51,1,70,,38813,6,0,39 51,1,30,,38806,6,0,39 51,1,70,,38808,6,0,39 51,1,30,,38805,6,0,39 51,1,70,,38809,6,0,39 51,1,100,,38799,6,0,39 51,1,99,,38800,6,0,39 51,1
