30400,'12',708,,33509,18,0,39 40 41,1,30,,33512,18,0,39 40 41,1,70,,33503,18,0,39 40 41,1,30,,33505,18,0,39 40 41,1,70,,33493,18,0,39 40 41,1,30,,33506,18,0,39 40 41,1,72,,33495,18,0,39 40 41,1,30,,33508,18,0,39 40 41,1,70,,33507,18,0,39 40 41,1,30,,33492,18,0,39 40 41,1,70,,33497,18,0,39 40 41,1,30,,33499,18,0,39 40 41,1,70,,33504,18,0,39 40 41,1,30,,33511,18,0,39 40 41,1,70,,33498,18,0,39 40 41,1,30,,33500,18,0,39 40 41,1,70,,33491,18,0,39 40 41,1,30,,33496,18,0,39 40 41,1,70,,33494,18,0,39 40 41,1,30,,33513,18,0,39 40 41,1,70,,33502,18,0,39 40 41,1,30,,33501,18,0,39 40 41,1,70,,33510,18,0,39 40 41,1
30400,'13',708,,33529,18,0,39 40 41,1,30,,33532,18,0,39 40 41,1,70,,33524,18,0,39 40 41,1,30,,33525,18,0,39 40 41,1,70,,29321,18,0,39 40 41,1,30,,33526,18,0,39 40 41,1,72,,33516,18,0,39 40 41,1,30,,33528,18,0,39 40 41,1,70,,33527,18,0,39 40 41,1,30,,28018,18,0,39 40 41,1,70,,33518,18,0,39 40 41,1,30,,33520,18,0,39 40 41,1,70,,27980,18,0,39 40 41,1,30,,33531,18,0,39 40 41,1,70,,33519,18,0,39 40 41,1,30,,33521,18,0,39 40 41,1,70,,33514,18,0,39 40 41,1,30,,33517,18,0,39 40 41,1,70,,33515,18,0,39 40 41,1,30,,33533,18,0,39 40 41,1,70,,33523,18,0,39 40 41,1,30,,33522,18,0,39 40 41,1,70,,33530,18,0,39 40 41,1
30400,'3',708,,33549,18,0,39 40 41,1,30,,33552,18,0,39 40 41,1,70,,33544,18,0,39 40 41,1,30,,33545,18,0,39 40 41,1,70,,29342,18,0,39 40 41,1,30,,33546,18,0,39 40 41,1,72,,33536,18,0,39 40 41,1,30,,33548,18,0,39 40 41,1,70,,33547,18,0,39 40 41,1,30,,28041,18,0,39 40 41,1,70,,33538,18,0,39 40 41,1,30,,33540,18,0,39 40 41,1,70,,28003,18,0,39 40 41,1,30,,33551,18,0,39 40 41,1,70,,33539,18,0,39 40 41,1,30,,33541,18,0,39 40 41,1,70,,33534,18,0,39 40 41,1,30,,33537,18,0,39 40 41,1,70,,33535,18,0,39 40 41,1,30,,33553,18,0,39 40 41,1,70,,33543,18,0,39 40 41,1,30,,33542,18,0,39 40 41,1,70,,33550,18,0,39 40 41,1
30400,'6',708,,33572,18,0,39 40 41,1,30,,33575,18,0,39 40 41,1,70,,33566,18,0,39 40 41,1,30,,33568,18,0,39 40 41,1,70,,33556,18,0,39 40 41,1,30,,33569,18,0,39 40 41,1,72,,33558,18,0,39 40 41,1,30,,33571,18,0,39 40 41,1,70,,33570,18,0,39 40 41,1,30,,33555,18,0,39 40 41,1,70,,33560,18,0,39 40 41,1,30,,33562,18,0,39 40 41,1,70,,33567,18,0,39 40 41,1,30,,33574,18,0,39 40 41,1,70,,33561,18,0,39 40 41,1,30,,33563,18,0,39 40 41,1,70,,33554,18,0,39 40 41,1,30,,33559,18,0,39 40 41,1,70,,33557,18,0,39 40 41,1,30,,33576,18,0,39 40 41,1,70,,33565,18,0,39 40 41,1,30,,33564,18,0,39 40 41,1,70,,33573,18,0,39 40 41,1
40400,'1',623,,38560,18,0,39 40 42 18,1,30,,38561,18,0,39 40 42 18,1,70,,38549,18,0,39 40 42 18,1,30,,38570,18,0,39 40 42 18,1,70,,38572,18,0,39 40 42 18,1,30,,38564,18,0,39 40 42 18,1,70,,38558,18,0,39 40 42 18,1,30,,38553,18,0,39 40 42 18,1,71,,38562,18,0,39 40 42 18,1,30,,31463,18,0,39 40 42 18,1,70,,38557,18,0,39 40 42 18,1,30,,38573,18,0,39 40 42 18,1,70,,38567,18,0,39 40 42 18,1,30,,38552,18,0,39 40 42 18,1,70,,38574,18,0,39 40 42 18,1,30,,38551,18,0,39 40 42 18,1,69,,29896,18,0,39 40 42 18,1,30,,38550,18,0,39 40 42 18,1,70,,38568,18,0,39 40 42 18,1,30,,38563,18,0,39 40 42 18,1,70,,38571,18,0,39 40 42 18,1,30,,31341,18,0,39 40 42 18,1,70,,38565,18,0,39 40 42 18,1,30,,38559,18,0,39 40 42 18,1,70,,38566,18,0,39 40 42 18,1,100,,38569,18,0,39 40 42 18,1,100,,38556,18,0,39 40 42 18,1,100,,38554,18,0,39 40 42 18,1,100,,38555,18,0,39 40 42 18,1,100,,31995,18,0,39 40 42 18,1
40400,'11',623,,38589,18,0,39 40 42 18,1,30,,38590,18,0,39 40 42 18,1,70,,38575,18,0,39 40 42 18,1,30,,38600,18,0,39 40 42 18,1,70,,38602,18,0,39 40 42 18,1,30,,38593,18,0,39 40 42 18,1,70,,38584,18,0,39 40 42 18,1,30,,38579,18,0,39 40 42 18,1,71,,38591,18,0,39 40 42 18,1,30,,38588,18,0,39 40 42 18,1,70,,38583,18,0,39 40 42 18,1,30,,38603,18,0,39 40 42 18,1,70,,38596,18,0,39 40 42 18,1,30,,38578,18,0,39 40 42 18,1,70,,38604,18,0,39 40 42 18,1,30,,38577,18,0,39 40 42 18,1,69,,38597,18,0,39 40 42 18,1,30,,38576,18,0,39 40 42 18,1,70,,38598,18,0,39 40 42 18,1,30,,38592,18,0,39 40 42 18,1,70,,38601,18,0,39 40 42 18,1,30,,38586,18,0,39 40 42 18,1,70,,38594,18,0,39 40 42 18,1,30,,38587,18,0,39 40 42 18,1,70,,38595,18,0,39 40 42 18,1,100,,38599,18,0,39 40 42 18,1,100,,38582,18,0,39 40 42 18,1,100,,38580,18,0,39 40 42 18,1,100,,38581,18,0,39 40 42 18,1,100,,38585,18,0,39 40 42 18,1
40400,'12',1823,,38608,18,0,39 40 42 18,1,100,,38606,18,0,39 40 42 18,1,100,,38609,18,0,39 40 42 18,1,100,,38605,18,0,39 40 42 18,1,100,,38610,18,0,39 40 42 18,1,100,,38607,18,0,39 40 42 18,1
40400,'13',1823,,38614,18,0,39 40 42 18,1,100,,38612,18,0,39 40 42 18,1,100,,38615,18,0,39 40 42 18,1,100,,38611,18,0,39 40 42 18,1,100,,38616,18,0,39 40 42 18,1,100,,38613,18,0,39 40 42 18,1
40400,'14',1124,,38619,18,0,39 40 42 18,1,100,,38617,18,0,39 40 42 18,1,100,,38620,18,0,39 40 42 18,1,99,,38618,18,0,39 40 42 18,1,100,,38623,18,0,39 40 42 18,1,100,,38621,18,0,39 40 42 18,1,100,,38622,18,0,39 40 42 18,1
40400,'16',623,,38635,18,0,39 40 42 18,1,30,,38636,18,0,39 40 42 18,1,70,,38624,18,0,39 40 42 18,1,30,,38645,18,0,39 40 42 18,1,70,,38647,18,0,39 40 42 18,1,30,,38639,18,0,39 40 42 18,1,70,,38633,18,0,39 40 42 18,1,30,,38628,18,0,39 40 42 18,1,71,,38637,18,0,39 40 42 18,1,30,,31480,18,0,39 40 42 18,1,70,,38632,18,0,39 40 42 18,1,30,,38648,18,0,39 40 42 18,1,70,,38642,18,0,39 40 42 18,1,30,,38627,18,0,39 40 42 18,1,70,,38649,18,0,39 40 42 18,1,30,,38626,18,0,39 40 42 18,1,69,,29976,18,0,39 40 42 18,1,30,,38625,18,0,39 40 42 18,1,70,,38643,18,0,39 40 42 18,1,30,,38638,18,0,39 40 42 18,1,70,,38646,18,0,39 40 42 18,1,30,,31382,18,0,39 40 42 18,1,70,,38640,18,0,39 40 42 18,1,30,,38634,18,0,39 40 42 18,1,70,,38641,18,0,39 40 42 18,1,100,,38644,18,0,39 40 42 18,1,100,,38631,18,0,39 40 42 18,1,100,,38629,18,0,39 40 42 18,1,100,,38630,18,0,39 40 42 18,1,100,,32032,18,0,39 40 42 18,1
40400,'3',1823,,38653,18,0,39 40 42 18,1,100,,38651,18,0,39 40 42 18,1,100,,38654,18,0,39 40 42 18,1,100,,38650,18,0,39 40 42 18,1,100,,38655,18,0,39 40 42 18,1,100,,38652,18,0,39 40 42 18,1
40400,'6',1823,,38659,18,0,39 40 42 18,1,100,,38657,18,0,39 40 42 18,1,100,,38660,18,0,39 40 42 18,1,100,,38656,18,0,39 40 42 18,1,100,,38661,18,0,39 40 42 18,1,100,,38658,18,0,39 40 42 18,1
40400,'8',923,,38680,18,0,39 40 42 18,1,101,,38669,18,0,39 40 42 18,1,30,,38679,18,0,39 40 42 18,1,70,,38673,18,0,39 40 42 18,1,30,,38672,18,0,39 40 42 18,1,70,,38674,18,0,39 40 42 18,1,30,,38670,18,0,39 40 42 18,1,70,,38666,18,0,39 40 42 18,1,30,,38676,18,0,39 40 42 18,1,69,,38677,18,0,39 40 42 18,1,30,,38671,18,0,39 40 42 18,1,70,,38668,18,0,39 40 42 18,1,30,,38663,18,0,39 40 42 18,1,70,,38664,18,0,39 40 42 18,1,30,,38665,18,0,39 40 42 18,1,70,,38675,18,0,39 40 42 18,1,30,,38678,18,0,39 40 42 18,1,70,,38667,18,0,39 40 42 18,1,100,,38662,18,0,39 40 42 18,1
