30500,'15',618,,10162,8,0,58,1,30,,10150,8,0,58,1,70,,10160,8,0,58,1,30,,10145,8,0,58,1,70,,10141,8,0,58,1,30,,10139,8,0,58,1,70,,10147,8,0,58,1,30,,10158,8,0,58,1,70,,10154,8,0,58,1,30,,10153,8,0,58,1,70,,10161,8,0,58,1,30,,10156,8,0,58,1,70,,10143,8,0,58,1,30,,10144,8,0,58,1,70,,10148,8,0,58,1,30,,10155,8,0,58,1,70,,10146,8,0,58,1,30,,10159,8,0,58,1,70,,10157,8,0,58,1,30,,10140,8,0,58,1,70,,10142,8,0,58,1,30,,10152,8,0,58,1,70,,10151,8,0,58,1
30500,'16',618,,10183,8,0,58,1,30,,10174,8,0,58,1,70,,2362,8,0,58,1,30,,10169,8,0,58,1,70,,10165,8,0,58,1,30,,10163,8,0,58,1,70,,10171,8,0,58,1,30,,1106,8,0,58,1,70,,10177,8,0,58,1,30,,5266,8,0,58,1,70,,10182,8,0,58,1,30,,10179,8,0,58,1,70,,10167,8,0,58,1,30,,10168,8,0,58,1,70,,10172,8,0,58,1,30,,10178,8,0,58,1,70,,10170,8,0,58,1,30,,10181,8,0,58,1,70,,10180,8,0,58,1,30,,10164,8,0,58,1,70,,10166,8,0,58,1,30,,10176,8,0,58,1,70,,10175,8,0,58,1
30500,'17',618,,10201,8,0,58,1,30,,10193,8,0,58,1,70,,2387,8,0,58,1,30,,10188,8,0,58,1,70,,8470,8,0,58,1,30,,10184,8,0,58,1,70,,10190,8,0,58,1,30,,1131,8,0,58,1,70,,10196,8,0,58,1,30,,5316,8,0,58,1,70,,10200,8,0,58,1,30,,10197,8,0,58,1,70,,4245,8,0,58,1,30,,10187,8,0,58,1,70,,10191,8,0,58,1,30,,8558,8,0,58,1,70,,10189,8,0,58,1,30,,10199,8,0,58,1,70,,10198,8,0,58,1,30,,10185,8,0,58,1,70,,10186,8,0,58,1,30,,10195,8,0,58,1,70,,10194,8,0,58,1
30500,'19',618,,10225,8,0,58,1,30,,10213,8,0,58,1,70,,10223,8,0,58,1,30,,10208,8,0,58,1,70,,10204,8,0,58,1,30,,10202,8,0,58,1,70,,10210,8,0,58,1,30,,10221,8,0,58,1,70,,10217,8,0,58,1,30,,10216,8,0,58,1,70,,10224,8,0,58,1,30,,10219,8,0,58,1,70,,10206,8,0,58,1,30,,10207,8,0,58,1,70,,10211,8,0,58,1,30,,10218,8,0,58,1,70,,10209,8,0,58,1,30,,10222,8,0,58,1,70,,10220,8,0,58,1,30,,10203,8,0,58,1,70,,10205,8,0,58,1,30,,10215,8,0,58,1,70,,10214,8,0,58,1
30500,'5',618,,10243,8,0,58,1,30,,10235,8,0,58,1,70,,2412,8,0,58,1,30,,10231,8,0,58,1,70,,8522,8,0,58,1,30,,10226,8,0,58,1,70,,10233,8,0,58,1,30,,1156,8,0,58,1,70,,10238,8,0,58,1,30,,5446,8,0,58,1,70,,10242,8,0,58,1,30,,10239,8,0,58,1,70,,10229,8,0,58,1,30,,10230,8,0,58,1,70,,10234,8,0,58,1,30,,8609,8,0,58,1,70,,10232,8,0,58,1,30,,10241,8,0,58,1,70,,10240,8,0,58,1,30,,10227,8,0,58,1,70,,10228,8,0,58,1,30,,10237,8,0,58,1,70,,10236,8,0,58,1
30500,'6',618,,10267,8,0,58,1,30,,10255,8,0,58,1,70,,10265,8,0,58,1,30,,10250,8,0,58,1,70,,10246,8,0,58,1,30,,10244,8,0,58,1,70,,10252,8,0,58,1,30,,10263,8,0,58,1,70,,10259,8,0,58,1,30,,10258,8,0,58,1,70,,10266,8,0,58,1,30,,10261,8,0,58,1,70,,10248,8,0,58,1,30,,10249,8,0,58,1,70,,10253,8,0,58,1,30,,10260,8,0,58,1,70,,10251,8,0,58,1,30,,10264,8,0,58,1,70,,10262,8,0,58,1,30,,10245,8,0,58,1,70,,10247,8,0,58,1,30,,10257,8,0,58,1,70,,10256,8,0,58,1
41200,'1',1118,,18491,8,0,23,1,100,,781,8,0,23,1,100,,18492,8,0,23,1,99,,4503,8,0,23,1,100,,18490,8,0,23,1,100,,6133,8,0,23,1,100,,18493,8,0,23,1
41200,'10',617,,18521,8,0,23,1,30,,18520,8,0,23,1,70,,18503,8,0,23,1,30,,18511,8,0,23,1,70,,18502,8,0,23,1,30,,18512,8,0,23,1,70,,18522,8,0,23,1,30,,18510,8,0,23,1,71,,18518,8,0,23,1,30,,18516,8,0,23,1,70,,18497,8,0,23,1,30,,18509,8,0,23,1,70,,18519,8,0,23,1,30,,18500,8,0,23,1,70,,18501,8,0,23,1,30,,18494,8,0,23,1,69,,18513,8,0,23,1,30,,18495,8,0,23,1,70,,18514,8,0,23,1,30,,18506,8,0,23,1,70,,18496,8,0,23,1,30,,18508,8,0,23,1,70,,18499,8,0,23,1,30,,18523,8,0,23,1,70,,18507,8,0,23,1,100,,18515,8,0,23,1,100,,18517,8,0,23,1,100,,18504,8,0,23,1,100,,18498,8,0,23,1,100,,18505,8,0,23,1
41200,'12',917,,18539,8,0,23,1,101,,18534,8,0,23,1,30,,18536,8,0,23,1,70,,6099,8,0,23,1,30,,18525,8,0,23,1,70,,18527,8,0,23,1,30,,18533,8,0,23,1,70,,18540,8,0,23,1,30,,18529,8,0,23,1,69,,18537,8,0,23,1,30,,18526,8,0,23,1,70,,18535,8,0,23,1,30,,18538,8,0,23,1,70,,18524,8,0,23,1,30,,18530,8,0,23,1,70,,18532,8,0,23,1,30,,18528,8,0,23,1,70,,18531,8,0,23,1,100,,6756,8,0,23,1
41200,'15',1817,,18542,8,0,23,1,100,,18544,8,0,23,1,100,,18543,8,0,23,1,100,,18546,8,0,23,1,100,,18545,8,0,23,1,100,,18541,8,0,23,1
41200,'16',1817,,18548,8,0,23,1,100,,18550,8,0,23,1,100,,18549,8,0,23,1,100,,18552,8,0,23,1,100,,18551,8,0,23,1,100,,18547,8,0,23,1
41200,'17',1817,,18554,8,0,23,1,100,,18556,8,0,23,1,100,,18555,8,0,23,1,100,,18558,8,0,23,1,100,,18557,8,0,23,1,100,,18553,8,0,23,1
41200,'19',1817,,18560,8,0,23,1,100,,18562,8,0,23,1,100,,18561,8,0,23,1,100,,18564,8,0,23,1,100,,18563,8,0,23,1,100,,18559,8,0,23,1
41200,'21',617,,18591,8,0,23,1,30,,18590,8,0,23,1,70,,18573,8,0,23,1,30,,18581,8,0,23,1,70,,18572,8,0,23,1,30,,18582,8,0,23,1,70,,18592,8,0,23,1,30,,18580,8,0,23,1,71,,18588,8,0,23,1,30,,18586,8,0,23,1,70,,18567,8,0,23,1,30,,18579,8,0,23,1,70,,18589,8,0,23,1,30,,18570,8,0,23,1,70,,18571,8,0,23,1,30,,6021,8,0,23,1,69,,18583,8,0,23,1,30,,18565,8,0,23,1,70,,18584,8,0,23,1,30,,18576,8,0,23,1,70,,18566,8,0,23,1,30,,18578,8,0,23,1,70,,18569,8,0,23,1,30,,18593,8,0,23,1,70,,18577,8,0,23,1,100,,18585,8,0,23,1,100,,18587,8,0,23,1,100,,18574,8,0,23,1,100,,18568,8,0,23,1,100,,18575,8,0,23,1
41200,'5',1817,,18595,8,0,23,1,100,,18597,8,0,23,1,100,,18596,8,0,23,1,100,,18599,8,0,23,1,100,,18598,8,0,23,1,100,,18594,8,0,23,1
41200,'6',1817,,18601,8,0,23,1,100,,18603,8,0,23,1,100,,18602,8,0,23,1,100,,18605,8,0,23,1,100,,18604,8,0,23,1,100,,18600,8,0,23,1
