30200,'15',623,,9361,17,0,11,1,30,,9355,17,0,11,1,70,,9347,17,0,11,1,30,,9345,17,0,11,1,70,,9354,17,0,11,1,30,,9351,17,0,11,1,70,,9363,17,0,11,1,30,,9358,17,0,11,1,72,,9356,17,0,11,1,30,,9344,17,0,11,1,70,,9342,17,0,11,1,30,,9348,17,0,11,1,70,,9357,17,0,11,1,30,,9343,17,0,11,1,70,,9350,17,0,11,1,30,,9353,17,0,11,1,69,,9346,17,0,11,1,30,,9352,17,0,11,1,70,,9349,17,0,11,1,30,,9364,17,0,11,1,70,,9359,17,0,11,1,30,,9362,17,0,11,1,70,,9360,17,0,11,1
30200,'16',623,,9383,17,0,11,1,30,,5269,17,0,11,1,70,,9370,17,0,11,1,30,,9368,17,0,11,1,70,,9377,17,0,11,1,30,,9374,17,0,11,1,70,,9385,17,0,11,1,30,,9380,17,0,11,1,72,,9378,17,0,11,1,30,,9367,17,0,11,1,70,,9365,17,0,11,1,30,,9371,17,0,11,1,70,,9379,17,0,11,1,30,,9366,17,0,11,1,70,,9373,17,0,11,1,30,,9376,17,0,11,1,69,,9369,17,0,11,1,30,,9375,17,0,11,1,70,,9372,17,0,11,1,30,,9386,17,0,11,1,70,,9381,17,0,11,1,30,,9384,17,0,11,1,70,,9382,17,0,11,1
30200,'17',623,,9404,17,0,11,1,30,,5319,17,0,11,1,70,,4462,17,0,11,1,30,,9390,17,0,11,1,70,,9398,17,0,11,1,30,,9395,17,0,11,1,70,,9406,17,0,11,1,30,,9401,17,0,11,1,72,,9399,17,0,11,1,30,,9389,17,0,11,1,70,,9387,17,0,11,1,30,,9392,17,0,11,1,70,,9400,17,0,11,1,30,,9388,17,0,11,1,70,,9394,17,0,11,1,30,,9397,17,0,11,1,69,,9391,17,0,11,1,30,,9396,17,0,11,1,70,,9393,17,0,11,1,30,,9407,17,0,11,1,70,,9402,17,0,11,1,30,,9405,17,0,11,1,70,,9403,17,0,11,1
30200,'19',623,,9425,17,0,11,1,30,,9419,17,0,11,1,70,,9412,17,0,11,1,30,,9410,17,0,11,1,70,,8079,17,0,11,1,30,,9416,17,0,11,1,70,,9427,17,0,11,1,30,,9422,17,0,11,1,72,,9420,17,0,11,1,30,,9409,17,0,11,1,70,,6002,17,0,11,1,30,,9413,17,0,11,1,70,,9421,17,0,11,1,30,,9408,17,0,11,1,70,,9415,17,0,11,1,30,,9418,17,0,11,1,69,,9411,17,0,11,1,30,,9417,17,0,11,1,70,,9414,17,0,11,1,30,,9428,17,0,11,1,70,,9423,17,0,11,1,30,,9426,17,0,11,1,70,,9424,17,0,11,1
30200,'5',623,,9447,17,0,11,1,30,,5449,17,0,11,1,70,,9434,17,0,11,1,30,,9432,17,0,11,1,70,,9441,17,0,11,1,30,,9438,17,0,11,1,70,,9449,17,0,11,1,30,,9444,17,0,11,1,72,,9442,17,0,11,1,30,,9431,17,0,11,1,70,,9429,17,0,11,1,30,,9435,17,0,11,1,70,,9443,17,0,11,1,30,,9430,17,0,11,1,70,,9437,17,0,11,1,30,,9440,17,0,11,1,69,,9433,17,0,11,1,30,,9439,17,0,11,1,70,,9436,17,0,11,1,30,,9450,17,0,11,1,70,,9445,17,0,11,1,30,,9448,17,0,11,1,70,,9446,17,0,11,1
30200,'6',623,,9470,17,0,11,1,30,,9464,17,0,11,1,70,,9456,17,0,11,1,30,,9454,17,0,11,1,70,,9463,17,0,11,1,30,,9460,17,0,11,1,70,,9472,17,0,11,1,30,,9467,17,0,11,1,72,,9465,17,0,11,1,30,,9453,17,0,11,1,70,,9451,17,0,11,1,30,,9457,17,0,11,1,70,,9466,17,0,11,1,30,,9452,17,0,11,1,70,,9459,17,0,11,1,30,,9462,17,0,11,1,69,,9455,17,0,11,1,30,,9461,17,0,11,1,70,,9458,17,0,11,1,30,,9473,17,0,11,1,70,,9468,17,0,11,1,30,,9471,17,0,11,1,70,,9469,17,0,11,1
30500,'15',605,,10149,26,0,22,1,30,,10162,37,0,22,1,70,,10150,37,0,22,1,30,,10160,37,0,22,1,70,,10145,37,0,22,1,30,,10141,37,0,22,1,70,,10139,37,0,22,1,30,,10147,37,0,22,1,70,,10158,37,0,22,1,30,,10154,37,0,22,1,70,,10153,37,0,22,1,30,,10161,37,0,22,1,70,,10156,37,0,22,1,30,,10143,37,0,22,1,70,,10144,37,0,22,1,30,,10148,37,0,22,1,70,,10155,37,0,22,1,30,,10146,37,0,22,1,70,,10159,37,0,22,1,30,,10157,37,0,22,1,70,,10140,37,0,22,1,30,,10142,37,0,22,1,70,,10152,37,0,22,1,30,,10151,37,0,22,1
30500,'16',605,,10173,26,0,22,1,30,,10183,37,0,22,1,70,,10174,37,0,22,1,30,,2362,37,0,22,1,70,,10169,37,0,22,1,30,,10165,37,0,22,1,70,,10163,37,0,22,1,30,,10171,37,0,22,1,70,,1106,37,0,22,1,30,,10177,37,0,22,1,70,,5266,37,0,22,1,30,,10182,37,0,22,1,70,,10179,37,0,22,1,30,,10167,37,0,22,1,70,,10168,37,0,22,1,30,,10172,37,0,22,1,70,,10178,37,0,22,1,30,,10170,37,0,22,1,70,,10181,37,0,22,1,30,,10180,37,0,22,1,70,,10164,37,0,22,1,30,,10166,37,0,22,1,70,,10176,37,0,22,1,30,,10175,37,0,22,1
30500,'17',605,,10192,26,0,22,1,30,,10201,37,0,22,1,70,,10193,37,0,22,1,30,,2387,37,0,22,1,70,,10188,37,0,22,1,30,,8470,37,0,22,1,70,,10184,37,0,22,1,30,,10190,37,0,22,1,70,,1131,37,0,22,1,30,,10196,37,0,22,1,70,,5316,37,0,22,1,30,,10200,37,0,22,1,70,,10197,37,0,22,1,30,,4245,37,0,22,1,70,,10187,37,0,22,1,30,,10191,37,0,22,1,70,,8558,37,0,22,1,30,,10189,37,0,22,1,70,,10199,37,0,22,1,30,,10198,37,0,22,1,70,,10185,37,0,22,1,30,,10186,37,0,22,1,70,,10195,37,0,22,1,30,,10194,37,0,22,1
30500,'19',605,,10212,26,0,22,1,30,,10225,37,0,22,1,70,,10213,37,0,22,1,30,,10223,37,0,22,1,70,,10208,37,0,22,1,30,,10204,37,0,22,1,70,,10202,37,0,22,1,30,,10210,37,0,22,1,70,,10221,37,0,22,1,30,,10217,37,0,22,1,70,,10216,37,0,22,1,30,,10224,37,0,22,1,70,,10219,37,0,22,1,30,,10206,37,0,22,1,70,,10207,37,0,22,1,30,,10211,37,0,22,1,70,,10218,37,0,22,1,30,,10209,37,0,22,1,70,,10222,37,0,22,1,30,,10220,37,0,22,1,70,,10203,37,0,22,1,30,,10205,37,0,22,1,70,,10215,37,0,22,1,30,,10214,37,0,22,1
30500,'5',605,,5150,26,0,22,1,30,,10243,37,0,22,1,70,,10235,37,0,22,1,30,,2412,37,0,22,1,70,,10231,37,0,22,1,30,,8522,37,0,22,1,70,,10226,37,0,22,1,30,,10233,37,0,22,1,70,,1156,37,0,22,1,30,,10238,37,0,22,1,70,,5446,37,0,22,1,30,,10242,37,0,22,1,70,,10239,37,0,22,1,30,,10229,37,0,22,1,70,,10230,37,0,22,1,30,,10234,37,0,22,1,70,,8609,37,0,22,1,30,,10232,37,0,22,1,70,,10241,37,0,22,1,30,,10240,37,0,22,1,70,,10227,37,0,22,1,30,,10228,37,0,22,1,70,,10237,37,0,22,1,30,,10236,37,0,22,1
30500,'6',605,,10254,26,0,22,1,30,,10267,37,0,22,1,70,,10255,37,0,22,1,30,,10265,37,0,22,1,70,,10250,37,0,22,1,30,,10246,37,0,22,1,70,,10244,37,0,22,1,30,,10252,37,0,22,1,70,,10263,37,0,22,1,30,,10259,37,0,22,1,70,,10258,37,0,22,1,30,,10266,37,0,22,1,70,,10261,37,0,22,1,30,,10248,37,0,22,1,70,,10249,37,0,22,1,30,,10253,37,0,22,1,70,,10260,37,0,22,1,30,,10251,37,0,22,1,70,,10264,37,0,22,1,30,,10262,37,0,22,1,70,,10245,37,0,22,1,30,,10247,37,0,22,1,70,,10257,37,0,22,1,30,,10256,37,0,22,1
40200,'1',1053,,17225,17,0,13 14,1,100,,17223,17,0,13 14,1,100,,17229,17,0,13 14,1,100,,5203,17,0,13 14,1,100,,17224,17,0,13 14,1,100,,17226,17,0,13 14,1,100,,17227,17,0,13 14,1,100,,17228,17,0,13 14,1
40200,'10',623,,17238,17,0,13 14,1,30,,17249,17,0,13 14,1,70,,17254,17,0,13 14,1,30,,17244,17,0,13 14,1,70,,17231,17,0,13 14,1,30,,17241,17,0,13 14,1,70,,17236,17,0,13 14,1,30,,17255,17,0,13 14,1,70,,17256,17,0,13 14,1,30,,17242,17,0,13 14,1,70,,17246,17,0,13 14,1,30,,17234,17,0,13 14,1,70,,17232,17,0,13 14,1,30,,17247,17,0,13 14,1,70,,17230,17,0,13 14,1,30,,17252,17,0,13 14,1,70,,17257,17,0,13 14,1,30,,17233,17,0,13 14,1,70,,17239,17,0,13 14,1,30,,17243,17,0,13 14,1,70,,17248,17,0,13 14,1,30,,17245,17,0,13 14,1,70,,17251,17,0,13 14,1,30,,17237,17,0,13 14,1,100,,17258,17,0,13 14,1,98,,17250,17,0,13 14,1,100,,17235,17,0,13 14,1,100,,17253,17,0,13 14,1,100,,17240,17,0,13 14,1
40200,'12',853,,17264,17,0,13 14,1,100,,17277,17,0,13 14,1,70,,17278,17,0,13 14,1,30,,17263,17,0,13 14,1,70,,17271,17,0,13 14,1,30,,17272,17,0,13 14,1,70,,17274,17,0,13 14,1,30,,17267,17,0,13 14,1,70,,17260,17,0,13 14,1,30,,17275,17,0,13 14,1,70,,17259,17,0,13 14,1,30,,17265,17,0,13 14,1,70,,17270,17,0,13 14,1,30,,17273,17,0,13 14,1,70,,17262,17,0,13 14,1,30,,17261,17,0,13 14,1,70,,17268,17,0,13 14,1,30,,17266,17,0,13 14,1,100,,17276,17,0,13 14,1,98,,17269,17,0,13 14,1
40200,'15',1753,,17279,17,0,13 14,1,100,,17281,17,0,13 14,1,98,,17280,17,0,13 14,1,100,,17282,17,0,13 14,1,100,,17283,17,0,13 14,1,100,,17284,17,0,13 14,1
40200,'16',1753,,17285,17,0,13 14,1,100,,17286,17,0,13 14,1,98,,5255,17,0,13 14,1,100,,17287,17,0,13 14,1,100,,17288,17,0,13 14,1,100,,17289,17,0,13 14,1
40200,'17',1753,,17290,17,0,13 14,1,100,,17291,17,0,13 14,1,98,,5305,17,0,13 14,1,100,,17292,17,0,13 14,1,100,,17293,17,0,13 14,1,100,,17294,17,0,13 14,1
40200,'19',1753,,17295,17,0,13 14,1,100,,6469,17,0,13 14,1,98,,17296,17,0,13 14,1,100,,17297,17,0,13 14,1,100,,17298,17,0,13 14,1,100,,17299,17,0,13 14,1
40200,'21',623,,17308,17,0,13 14,1,30,,17319,17,0,13 14,1,70,,17324,17,0,13 14,1,30,,17314,17,0,13 14,1,70,,17301,17,0,13 14,1,30,,17311,17,0,13 14,1,70,,17306,17,0,13 14,1,30,,17325,17,0,13 14,1,70,,17326,17,0,13 14,1,30,,17312,17,0,13 14,1,70,,17316,17,0,13 14,1,30,,17304,17,0,13 14,1,70,,17302,17,0,13 14,1,30,,17317,17,0,13 14,1,70,,17300,17,0,13 14,1,30,,17322,17,0,13 14,1,70,,17327,17,0,13 14,1,30,,17303,17,0,13 14,1,70,,17309,17,0,13 14,1,30,,17313,17,0,13 14,1,70,,17318,17,0,13 14,1,30,,17315,17,0,13 14,1,70,,17321,17,0,13 14,1,30,,17307,17,0,13 14,1,100,,17328,17,0,13 14,1,98,,17320,17,0,13 14,1,100,,17305,17,0,13 14,1,100,,17323,17,0,13 14,1,100,,17310,17,0,13 14,1
40200,'5',1753,,17329,17,0,13 14,1,100,,17330,17,0,13 14,1,98,,5435,17,0,13 14,1,100,,17331,17,0,13 14,1,100,,17332,17,0,13 14,1,100,,17333,17,0,13 14,1
40200,'6',1753,,17334,17,0,13 14,1,100,,17336,17,0,13 14,1,98,,17335,17,0,13 14,1,100,,17337,17,0,13 14,1,100,,17338,17,0,13 14,1,100,,17339,17,0,13 14,1
