30501,'12',631,,33786,32,0,27,1,70,,33763,32,0,27,1,30,,33779,32,0,27,1,70,,33766,32,0,27,1,30,,33777,32,0,27,1,70,,33769,32,0,27,1,30,,33774,32,0,27,1,70,,33784,32,0,27,1,30,,33772,32,0,27,1,70,,33770,32,0,27,1,30,,33787,32,0,27,1,70,,33775,32,0,27,1,30,,33767,32,0,27,1,70,,33765,32,0,27,1,30,,33782,32,0,27,1,70,,33783,32,0,27,1,30,,33768,32,0,27,1,70,,33781,32,0,27,1,30,,33778,32,0,27,1,70,,33771,32,0,27,1,30,,33764,32,0,27,1,70,,33780,32,0,27,1,30,,33773,32,0,27,1,70,,33785,32,0,27,1
30501,'13',631,,33810,32,0,27,1,70,,33788,32,0,27,1,30,,33804,32,0,27,1,70,,33791,32,0,27,1,30,,33802,32,0,27,1,70,,33794,32,0,27,1,30,,33799,32,0,27,1,70,,33809,32,0,27,1,30,,33797,32,0,27,1,70,,33795,32,0,27,1,30,,33811,32,0,27,1,70,,33800,32,0,27,1,30,,33792,32,0,27,1,70,,33790,32,0,27,1,30,,33807,32,0,27,1,70,,33808,32,0,27,1,30,,33793,32,0,27,1,70,,33806,32,0,27,1,30,,33803,32,0,27,1,70,,33796,32,0,27,1,30,,33789,32,0,27,1,70,,33805,32,0,27,1,30,,33798,32,0,27,1,70,,28368,32,0,27,1
30501,'3',631,,33834,32,0,27,1,70,,33812,32,0,27,1,30,,33828,32,0,27,1,70,,33815,32,0,27,1,30,,33826,32,0,27,1,70,,33818,32,0,27,1,30,,33823,32,0,27,1,70,,33833,32,0,27,1,30,,33821,32,0,27,1,70,,33819,32,0,27,1,30,,33835,32,0,27,1,70,,33824,32,0,27,1,30,,33816,32,0,27,1,70,,33814,32,0,27,1,30,,33831,32,0,27,1,70,,33832,32,0,27,1,30,,33817,32,0,27,1,70,,33830,32,0,27,1,30,,33827,32,0,27,1,70,,33820,32,0,27,1,30,,33813,32,0,27,1,70,,33829,32,0,27,1,30,,33822,32,0,27,1,70,,28386,32,0,27,1
30501,'6',631,,33859,32,0,27,1,70,,33836,32,0,27,1,30,,33852,32,0,27,1,70,,33839,32,0,27,1,30,,33850,32,0,27,1,70,,33842,32,0,27,1,30,,33847,32,0,27,1,70,,33857,32,0,27,1,30,,33845,32,0,27,1,70,,33843,32,0,27,1,30,,33860,32,0,27,1,70,,33848,32,0,27,1,30,,33840,32,0,27,1,70,,33838,32,0,27,1,30,,33855,32,0,27,1,70,,33856,32,0,27,1,30,,33841,32,0,27,1,70,,33854,32,0,27,1,30,,33851,32,0,27,1,70,,33844,32,0,27,1,30,,33837,32,0,27,1,70,,33853,32,0,27,1,30,,33846,32,0,27,1,70,,33858,32,0,27,1
30601,'12',633,,33972,16,0,9 12,1,70,,33966,16,0,9 12,1,30,,33953,16,0,9 12,1,70,,33970,16,0,9 12,1,30,,33958,16,0,9 12,1,70,,33968,16,0,9 12,1,30,,33974,16,0,9 12,1,70,,33975,16,0,9 12,1,31,,33969,16,0,9 12,1,70,,33957,16,0,9 12,1,30,,33960,16,0,9 12,1,70,,33955,16,0,9 12,1,30,,33952,16,0,9 12,1,70,,33956,16,0,9 12,1,30,,33971,16,0,9 12,1,70,,33962,16,0,9 12,1,30,,33961,16,0,9 12,1,25,,33959,16,0,9 12,1,45,,33967,16,0,9 12,1,30,,33973,16,0,9 12,1,70,,33965,16,0,9 12,1,30,,33963,16,0,9 12,1,70,,33964,16,0,9 12,1,30,,33951,16,0,9 12,1,70,,33954,16,0,9 12,1
30601,'13',633,,33994,16,0,9 12,1,70,,33988,16,0,9 12,1,30,,33977,16,0,9 12,1,70,,33992,16,0,9 12,1,30,,33982,16,0,9 12,1,70,,33990,16,0,9 12,1,30,,33995,16,0,9 12,1,70,,33996,16,0,9 12,1,31,,33991,16,0,9 12,1,70,,33981,16,0,9 12,1,30,,28401,16,0,9 12,1,70,,33979,16,0,9 12,1,30,,33976,16,0,9 12,1,70,,33980,16,0,9 12,1,30,,33993,16,0,9 12,1,70,,33985,16,0,9 12,1,30,,33984,16,0,9 12,1,25,,33983,16,0,9 12,1,45,,33989,16,0,9 12,1,30,,28711,16,0,9 12,1,70,,28692,16,0,9 12,1,30,,33986,16,0,9 12,1,70,,33987,16,0,9 12,1,30,,28678,16,0,9 12,1,70,,33978,16,0,9 12,1
30601,'3',633,,34015,16,0,9 12,1,70,,34009,16,0,9 12,1,30,,33998,16,0,9 12,1,70,,34013,16,0,9 12,1,30,,34003,16,0,9 12,1,70,,34011,16,0,9 12,1,30,,34016,16,0,9 12,1,70,,34017,16,0,9 12,1,31,,34012,16,0,9 12,1,70,,34002,16,0,9 12,1,30,,28422,16,0,9 12,1,70,,34000,16,0,9 12,1,30,,33997,16,0,9 12,1,70,,34001,16,0,9 12,1,30,,34014,16,0,9 12,1,70,,34006,16,0,9 12,1,30,,34005,16,0,9 12,1,25,,34004,16,0,9 12,1,45,,34010,16,0,9 12,1,30,,28755,16,0,9 12,1,70,,28736,16,0,9 12,1,30,,34007,16,0,9 12,1,70,,34008,16,0,9 12,1,30,,28722,16,0,9 12,1,70,,33999,16,0,9 12,1
30601,'6',633,,34039,16,0,9 12,1,70,,34033,16,0,9 12,1,30,,34020,16,0,9 12,1,70,,34037,16,0,9 12,1,30,,34025,16,0,9 12,1,70,,34035,16,0,9 12,1,30,,34041,16,0,9 12,1,70,,34042,16,0,9 12,1,31,,34036,16,0,9 12,1,70,,34024,16,0,9 12,1,30,,34027,16,0,9 12,1,70,,34022,16,0,9 12,1,30,,34019,16,0,9 12,1,70,,34023,16,0,9 12,1,30,,34038,16,0,9 12,1,70,,34029,16,0,9 12,1,30,,34028,16,0,9 12,1,25,,34026,16,0,9 12,1,45,,34034,16,0,9 12,1,30,,34040,16,0,9 12,1,70,,34032,16,0,9 12,1,30,,34030,16,0,9 12,1,70,,34031,16,0,9 12,1,30,,34018,16,0,9 12,1,70,,34021,16,0,9 12,1
40601,'1',701,,38965,16,0,9 12,1,30,,38943,16,0,9 12,1,70,,32093,16,0,9 12,1,30,,38953,16,0,9 12,1,70,,38945,16,0,9 12,1,30,,38955,16,0,9 12,1,70,,38961,16,0,9 12,1,30,,32509,16,0,9 12,1,70,,38962,16,0,9 12,1,30,,38946,16,0,9 12,1,70,,38957,16,0,9 12,1,30,,38951,16,0,9 12,1,70,,38949,16,0,9 12,1,30,,38942,16,0,9 12,1,70,,38950,16,0,9 12,1,30,,38947,16,0,9 12,1,70,,38967,16,0,9 12,1,30,,38952,16,0,9 12,1,70,,38958,16,0,9 12,1,30,,38954,16,0,9 12,1,70,,38963,16,0,9 12,1,30,,38966,16,0,9 12,1,70,,38964,16,0,9 12,1,30,,38959,16,0,9 12,1,100,,38944,16,0,9 12,1,100,,38960,16,0,9 12,1,100,,38948,16,0,9 12,1,100,,38956,16,0,9 12,1,100,,23235,16,0,9 12,1
40601,'11',701,,38994,16,0,9 12,1,30,,38969,16,0,9 12,1,70,,38989,16,0,9 12,1,30,,38979,16,0,9 12,1,70,,38971,16,0,9 12,1,30,,38981,16,0,9 12,1,70,,38987,16,0,9 12,1,30,,38992,16,0,9 12,1,70,,38990,16,0,9 12,1,30,,38972,16,0,9 12,1,70,,38983,16,0,9 12,1,30,,38977,16,0,9 12,1,70,,38975,16,0,9 12,1,30,,38968,16,0,9 12,1,70,,38976,16,0,9 12,1,30,,38973,16,0,9 12,1,70,,38996,16,0,9 12,1,30,,38978,16,0,9 12,1,70,,38984,16,0,9 12,1,30,,38980,16,0,9 12,1,70,,38991,16,0,9 12,1,30,,38995,16,0,9 12,1,70,,38993,16,0,9 12,1,30,,38985,16,0,9 12,1,100,,38970,16,0,9 12,1,100,,38986,16,0,9 12,1,100,,38974,16,0,9 12,1,100,,38982,16,0,9 12,1,100,,38988,16,0,9 12,1
40601,'12',1831,,39001,16,0,9 12,1,100,,39002,16,0,9 12,1,100,,38998,16,0,9 12,1,100,,38999,16,0,9 12,1,100,,39000,16,0,9 12,1,100,,38997,16,0,9 12,1
40601,'13',1831,,39006,16,0,9 12,1,100,,39007,16,0,9 12,1,100,,39004,16,0,9 12,1,100,,39005,16,0,9 12,1,100,,23354,16,0,9 12,1,100,,39003,16,0,9 12,1
40601,'14',1131,,39010,16,0,9 12,1,100,,39009,16,0,9 12,1,100,,39012,16,0,9 12,1,100,,39014,16,0,9 12,1,100,,39013,16,0,9 12,1,100,,39008,16,0,9 12,1,100,,39011,16,0,9 12,1
40601,'16',701,,39039,16,0,9 12,1,30,,39016,16,0,9 12,1,70,,25392,16,0,9 12,1,30,,39026,16,0,9 12,1,70,,39018,16,0,9 12,1,30,,39028,16,0,9 12,1,70,,39034,16,0,9 12,1,30,,39037,16,0,9 12,1,70,,39035,16,0,9 12,1,30,,39019,16,0,9 12,1,70,,39030,16,0,9 12,1,30,,39024,16,0,9 12,1,70,,39022,16,0,9 12,1,30,,39015,16,0,9 12,1,70,,39023,16,0,9 12,1,30,,39020,16,0,9 12,1,70,,39041,16,0,9 12,1,30,,39025,16,0,9 12,1,70,,39031,16,0,9 12,1,30,,39027,16,0,9 12,1,70,,39036,16,0,9 12,1,30,,39040,16,0,9 12,1,70,,39038,16,0,9 12,1,30,,39032,16,0,9 12,1,100,,39017,16,0,9 12,1,100,,39033,16,0,9 12,1,100,,39021,16,0,9 12,1,100,,39029,16,0,9 12,1,100,,31856,16,0,9 12,1
40601,'3',1831,,39045,16,0,9 12,1,100,,39046,16,0,9 12,1,100,,39043,16,0,9 12,1,100,,39044,16,0,9 12,1,100,,23392,16,0,9 12,1,100,,39042,16,0,9 12,1
40601,'6',1831,,39051,16,0,9 12,1,100,,39052,16,0,9 12,1,100,,39048,16,0,9 12,1,100,,39049,16,0,9 12,1,100,,39050,16,0,9 12,1,100,,39047,16,0,9 12,1
40601,'8',931,,30022,16,0,9 12,1,100,,39062,16,0,9 12,1,70,,39059,16,0,9 12,1,30,,39057,16,0,9 12,1,70,,39056,16,0,9 12,1,30,,39066,16,0,9 12,1,70,,39055,16,0,9 12,1,30,,39053,16,0,9 12,1,70,,39063,16,0,9 12,1,30,,39060,16,0,9 12,1,70,,31890,16,0,9 12,1,30,,39054,16,0,9 12,1,70,,39058,16,0,9 12,1,30,,39065,16,0,9 12,1,70,,39061,16,0,9 12,1,30,,39064,16,0,9 12,1,70,,25154,16,0,9 12,1,30,,39068,16,0,9 12,1,100,,39067,16,0,9 12,1
41201,'1',626,,39929,35,,,1,30,,39924,35,,,1,70,,39914,35,,,1,30,,39933,35,,,1,70,,39918,35,,,1,30,,31492,35,,,1,70,,39913,35,,,1,30,,39928,35,,,1,71,,39930,35,,,1,30,,39916,35,,,1,70,,39919,35,,,1,30,,39931,35,,,1,70,,39920,35,,,1,30,,39922,35,,,1,70,,39939,35,,,1,30,,39923,35,,,1,70,,39921,35,,,1,30,,39937,35,,,1,70,,39926,35,,,1,30,,39912,35,,,1,70,,39936,35,,,1,30,,39935,35,,,1,70,,39938,35,,,1,30,,39932,35,,,1,70,,39925,35,,,1,100,,39927,35,,,1,100,,31591,35,,,1,100,,39917,35,,,1,100,,39934,35,,,1,100,,39915,35,,,1
41201,'11',626,,39959,35,,,1,30,,39953,35,,,1,70,,39942,35,,,1,30,,39963,35,,,1,70,,39947,35,,,1,30,,39943,35,,,1,70,,39941,35,,,1,30,,39958,35,,,1,71,,39960,35,,,1,30,,39945,35,,,1,70,,39948,35,,,1,30,,39961,35,,,1,70,,39949,35,,,1,30,,39951,35,,,1,70,,39969,35,,,1,30,,39952,35,,,1,70,,39950,35,,,1,30,,39967,35,,,1,70,,39955,35,,,1,30,,39940,35,,,1,70,,39966,35,,,1,30,,39965,35,,,1,70,,39968,35,,,1,30,,39962,35,,,1,70,,39954,35,,,1,100,,39957,35,,,1,100,,39956,35,,,1,100,,39946,35,,,1,100,,39964,35,,,1,100,,39944,35,,,1
41201,'12',1827,,39971,35,,,1,100,,39972,35,,,1,100,,39975,35,,,1,100,,39973,35,,,1,100,,39970,35,,,1,100,,39974,35,,,1
41201,'13',1827,,24112,35,,,1,100,,27610,35,,,1,100,,39979,35,,,1,100,,39977,35,,,1,100,,39976,35,,,1,100,,39978,35,,,1
41201,'14',1127,,39986,35,,,1,100,,39987,35,,,1,100,,39984,35,,,1,100,,39982,35,,,1,100,,39981,35,,,1,100,,39985,35,,,1,100,,39980,35,,,1
41201,'16',626,,40005,35,,,1,30,,40000,35,,,1,70,,39990,35,,,1,30,,40009,35,,,1,70,,39994,35,,,1,30,,31532,35,,,1,70,,39989,35,,,1,30,,40004,35,,,1,71,,40006,35,,,1,30,,39992,35,,,1,70,,39995,35,,,1,30,,40007,35,,,1,70,,39996,35,,,1,30,,39998,35,,,1,70,,40015,35,,,1,30,,39999,35,,,1,70,,39997,35,,,1,30,,40013,35,,,1,70,,40002,35,,,1,30,,39988,35,,,1,70,,40012,35,,,1,30,,40011,35,,,1,70,,40014,35,,,1,30,,40008,35,,,1,70,,40001,35,,,1,100,,40003,35,,,1,100,,31627,35,,,1,100,,39993,35,,,1,100,,40010,35,,,1,100,,39991,35,,,1
41201,'3',1827,,24124,35,,,1,100,,27633,35,,,1,100,,40019,35,,,1,100,,40017,35,,,1,100,,40016,35,,,1,100,,40018,35,,,1
41201,'6',1827,,40021,35,,,1,100,,40022,35,,,1,100,,40025,35,,,1,100,,40023,35,,,1,100,,40020,35,,,1,100,,40024,35,,,1
41201,'8',926,,40044,35,,,1,101,,40026,35,,,1,30,,40034,35,,,1,70,,40029,35,,,1,30,,40038,35,,,1,70,,40031,35,,,1,30,,40039,35,,,1,70,,40028,35,,,1,30,,40037,35,,,1,70,,30497,35,,,1,30,,40036,35,,,1,70,,40027,35,,,1,30,,40035,35,,,1,70,,40030,35,,,1,30,,40041,35,,,1,70,,40033,35,,,1,30,,40032,35,,,1,70,,40040,35,,,1,100,,40042,35,,,1,100,,40043,35,,,1
