30101,'11',550,,27449,9,0,5 15,1,70,,27410,9,0,5 15,1,30,,27441,9,0,5 15,1,70,,27433,9,0,5 15,1,30,,27454,9,0,5 15,1,70,,27437,9,0,5 15,1,30,,27414,9,0,5 15,1,70,,27439,9,0,5 15,1,30,,27447,9,0,5 15,1,71,,27434,9,0,5 15,1,30,,27453,9,0,5 15,1,70,,27455,9,0,5 15,1,30,,27448,9,0,5 15,1,70,,27436,9,0,5 15,1,30,,27425,9,0,5 15,1,70,,27423,9,0,5 15,1,30,,27440,9,0,5 15,1,70,,27416,9,0,5 15,1,30,,27419,9,0,5 15,1,70,,27451,9,0,5 15,1,30,,27432,9,0,5 15,1,70,,27422,9,0,5 15,1,30,,27456,9,0,5 15,1,70,,27443,9,0,5 15,1,30,,27426,9,0,5 15,1,70,,27429,9,0,5 15,1
30101,'3',550,,27498,9,0,5 15,1,70,,27459,9,0,5 15,1,30,,27490,9,0,5 15,1,70,,27482,9,0,5 15,1,30,,27503,9,0,5 15,1,70,,27486,9,0,5 15,1,30,,27463,9,0,5 15,1,70,,27488,9,0,5 15,1,30,,27496,9,0,5 15,1,71,,27483,9,0,5 15,1,30,,27502,9,0,5 15,1,70,,27504,9,0,5 15,1,30,,27497,9,0,5 15,1,70,,27485,9,0,5 15,1,30,,27474,9,0,5 15,1,70,,27472,9,0,5 15,1,30,,27489,9,0,5 15,1,70,,27465,9,0,5 15,1,30,,27468,9,0,5 15,1,70,,27500,9,0,5 15,1,30,,27481,9,0,5 15,1,70,,27471,9,0,5 15,1,30,,27505,9,0,5 15,1,70,,27492,9,0,5 15,1,30,,27475,9,0,5 15,1,70,,27478,9,0,5 15,1
33701,'1',627,,29668,13,,,1,30,,24880,13,,,1,71,,29646,13,,,1,30,,16772,13,,,1,70,,29659,13,,,1,30,,29639,13,,,1,70,,29650,13,,,1,30,,29665,13,,,1,72,,29651,13,,,1,70,,24683,13,,,1,30,,29674,13,,,1,70,,29656,13,,,1,30,,29648,13,,,1,70,,29666,13,,,1,30,,29647,13,,,1,70,,29667,13,,,1,30,,29652,13,,,1,70,,29645,13,,,1,30,,29658,13,,,1,70,,29678,13,,,1,30,,29655,13,,,1,70,,29673,13,,,1,30,,29636,13,,,1,70,,29663,13,,,1,30,,23306,13,,,1
33701,'11',607,,29679,13,,,1,30,,29712,13,,,1,70,,29697,13,,,1,30,,24896,13,,,1,70,,29717,13,,,1,30,,24283,13,,,1,70,,29693,13,,,1,30,,29721,13,,,1,70,,29700,13,,,1,30,,29702,13,,,1,70,,29691,13,,,1,30,,29710,13,,,1,70,,29701,13,,,1,30,,29714,13,,,1,70,,29683,13,,,1,30,,29720,13,,,1,69,,29708,13,,,1,30,,29695,13,,,1,70,,29705,13,,,1,30,,29685,13,,,1,70,,29684,13,,,1,30,,29696,13,,,1,70,,29699,13,,,1,30,,29690,13,,,1,70,,29689,13,,,1
33701,'12',1030,,29723,13,,,1,70,,29730,13,,,1,30,,29749,13,,,1,70,,29735,13,,,1,30,,29729,13,,,1,70,,29724,13,,,1,30,,29751,13,,,1,70,,29725,13,,,1,30,,29748,13,,,1,70,,29736,13,,,1,30,,29738,13,,,1,70,,29737,13,,,1,30,,29740,13,,,1,70,,29750,13,,,1,30,,26030,13,,,1
33701,'14',627,,29787,13,,,1,30,,29762,13,,,1,71,,29763,13,,,1,30,,29780,13,,,1,70,,29777,13,,,1,30,,29755,13,,,1,70,,29767,13,,,1,30,,29784,13,,,1,72,,29768,13,,,1,70,,29775,13,,,1,30,,29793,13,,,1,70,,29772,13,,,1,30,,29765,13,,,1,70,,29785,13,,,1,30,,29764,13,,,1,70,,29786,13,,,1,30,,26926,13,,,1,70,,25975,13,,,1,30,,29776,13,,,1,70,,29797,13,,,1,30,,29771,13,,,1,70,,29792,13,,,1,30,,29752,13,,,1,70,,29782,13,,,1,30,,29773,13,,,1
33701,'3',607,,29798,13,,,1,30,,29831,13,,,1,70,,29816,13,,,1,30,,24994,13,,,1,70,,29836,13,,,1,30,,24303,13,,,1,70,,29812,13,,,1,30,,29840,13,,,1,70,,29819,13,,,1,30,,29821,13,,,1,70,,29810,13,,,1,30,,29829,13,,,1,70,,29820,13,,,1,30,,29833,13,,,1,70,,29802,13,,,1,30,,29839,13,,,1,69,,29827,13,,,1,30,,29814,13,,,1,70,,29824,13,,,1,30,,29804,13,,,1,70,,29803,13,,,1,30,,29815,13,,,1,70,,29818,13,,,1,30,,29809,13,,,1,70,,29808,13,,,1
33701,'8',1100,,29857,13,,,1,30,,29852,13,,,1,70,,29856,13,,,1,30,,29843,13,,,1,70,,29863,13,,,1,30,,29850,13,,,1,70,,29859,13,,,1,30,,29845,13,,,1,70,,29867,13,,,1,30,,29853,13,,,1,70,,29860,13,,,1,30,,29864,13,,,1,70,,29846,13,,,1,30,,26394,13,,,1,70,,29854,13,,,1
40101,'1',600,,30090,9,0,16,1,30,,30101,9,0,16,1,70,,30063,9,0,16,1,30,,30068,9,0,16,1,70,,30085,9,0,16,1,30,,30055,9,0,16,1,70,,30076,9,0,16,1,30,,30084,9,0,16,1,70,,30083,9,0,16,1,30,,30095,9,0,16,1,70,,30058,9,0,16,1,30,,24062,9,0,16,1,70,,30086,9,0,16,1,30,,30061,9,0,16,1,70,,30060,9,0,16,1,30,,30069,9,0,16,1,70,,30066,9,0,16,1,30,,30070,9,0,16,1,70,,30082,9,0,16,1,30,,30075,9,0,16,1,70,,23031,9,0,16,1,30,,30062,9,0,16,1,70,,30057,9,0,16,1,30,,30078,9,0,16,1,70,,22201,9,0,16,1,30,,30073,9,0,16,1,70,,30089,9,0,16,1,100,,30104,9,0,16,1,100,,30098,9,0,16,1,100,,30065,9,0,16,1,100,,30105,9,0,16,1
40101,'11',1900,,30107,9,0,16,1,100,,30110,9,0,16,1,100,,30116,9,0,16,1,100,,30115,9,0,16,1,100,,30108,9,0,16,1
40101,'12',1100,,30121,9,0,16,1,100,,30120,9,0,16,1,100,,30126,9,0,16,1,100,,30129,9,0,16,1,100,,30119,9,0,16,1,100,,30130,9,0,16,1,100,,30122,9,0,16,1
40101,'14',600,,30171,9,0,16,1,30,,30182,9,0,16,1,70,,30143,9,0,16,1,30,,30148,9,0,16,1,70,,25132,9,0,16,1,30,,30133,9,0,16,1,70,,30157,9,0,16,1,30,,25770,9,0,16,1,70,,30165,9,0,16,1,30,,30176,9,0,16,1,70,,30136,9,0,16,1,30,,30139,9,0,16,1,70,,30166,9,0,16,1,30,,30140,9,0,16,1,70,,30138,9,0,16,1,30,,30149,9,0,16,1,70,,27013,9,0,16,1,30,,26041,9,0,16,1,70,,30163,9,0,16,1,30,,30156,9,0,16,1,70,,30151,9,0,16,1,30,,30142,9,0,16,1,70,,30135,9,0,16,1,30,,30159,9,0,16,1,70,,30154,9,0,16,1,30,,30153,9,0,16,1,70,,30169,9,0,16,1,100,,30185,9,0,16,1,100,,30179,9,0,16,1,100,,30145,9,0,16,1,100,,30186,9,0,16,1
40101,'3',1900,,30188,9,0,16,1,100,,30191,9,0,16,1,100,,30197,9,0,16,1,100,,30196,9,0,16,1,100,,30189,9,0,16,1
40101,'8',900,,30201,9,0,16,1,100,,30226,9,0,16,1,100,,30229,9,0,16,1,30,,30230,9,0,16,1,70,,30213,9,0,16,1,30,,30219,9,0,16,1,70,,30220,9,0,16,1,30,,30233,9,0,16,1,70,,30202,9,0,16,1,30,,30217,9,0,16,1,70,,30208,9,0,16,1,30,,30204,9,0,16,1,70,,30211,9,0,16,1,30,,30215,9,0,16,1,70,,30200,9,0,16,1,30,,30227,9,0,16,1,70,,30228,9,0,16,1,30,,30209,9,0,16,1,70,,30207,9,0,16,1
43701,'1',1907,,32688,13,,,1,100,,32681,13,,,1,100,,32686,13,,,1,100,,32685,13,,,1,100,,21801,13,,,1
43701,'11',1907,,32691,13,,,1,100,,32689,13,,,1,100,,32690,13,,,1,100,,32694,13,,,1,100,,32692,13,,,1
43701,'14',1907,,32707,13,,,1,100,,32700,13,,,1,100,,32705,13,,,1,100,,32704,13,,,1,100,,32703,13,,,1
43701,'3',1907,,32710,13,,,1,100,,32708,13,,,1,100,,32709,13,,,1,100,,32713,13,,,1,100,,32711,13,,,1
