31000,'11',651,,28203,13,0,17 18,1,70,,28194,13,0,17 18,1,30,,28191,13,0,17 18,1,70,,28196,13,0,17 18,1,30,,28189,13,0,17 18,1,70,,28201,13,0,17 18,1,30,,28188,13,0,17 18,1,70,,28204,13,0,17 18,1,30,,28186,13,0,17 18,1,70,,28199,13,0,17 18,1,30,,28193,13,0,17 18,1,70,,28192,13,0,17 18,1,30,,28198,13,0,17 18,1,70,,28200,13,0,17 18,1,30,,22412,13,0,17 18,1,72,,28187,13,0,17 18,1,30,,28202,13,0,17 18,1,70,,28197,13,0,17 18,1,30,,28185,13,0,17 18,1,70,,28190,13,0,17 18,1,30,,28195,13,0,17 18,1,70,,23551,13,0,17 18,1,30,,28205,13,0,17 18,1
31000,'3',651,,28224,13,0,17 18,1,70,,28215,13,0,17 18,1,30,,28212,13,0,17 18,1,70,,28217,13,0,17 18,1,30,,28210,13,0,17 18,1,70,,28222,13,0,17 18,1,30,,28209,13,0,17 18,1,70,,28225,13,0,17 18,1,30,,28207,13,0,17 18,1,70,,28220,13,0,17 18,1,30,,28214,13,0,17 18,1,70,,28213,13,0,17 18,1,30,,28219,13,0,17 18,1,70,,28221,13,0,17 18,1,30,,22434,13,0,17 18,1,72,,28208,13,0,17 18,1,30,,28223,13,0,17 18,1,70,,28218,13,0,17 18,1,30,,28206,13,0,17 18,1,70,,28211,13,0,17 18,1,30,,28216,13,0,17 18,1,70,,23572,13,0,17 18,1,30,,28226,13,0,17 18,1
31600,'11',650,,28606,13,0,19,1,55,,28605,13,0,19,1,15,,28602,13,0,19,1,15,,28620,13,0,19,1,15,,28598,13,0,19,1,55,,24111,13,0,19,1,15,,28617,13,0,19,1,15,,13762,13,0,19,1,15,,28601,13,0,19,1,55,,28588,13,0,19,1,15,,28597,13,0,19,1,15,,28590,13,0,19,1,15,,28625,13,0,19,1,56,,28589,13,0,19,1,15,,28626,13,0,19,1,15,,28595,13,0,19,1,15,,28609,13,0,19,1,55,,28587,13,0,19,1,15,,28607,13,0,19,1,15,,28627,13,0,19,1,15,,28622,13,0,19,1,55,,28628,13,0,19,1,15,,22781,13,0,19,1,15,,28600,13,0,19,1,15,,28608,13,0,19,1,55,,28618,13,0,19,1,15,,28613,13,0,19,1,15,,28594,13,0,19,1,15,,28592,13,0,19,1,56,,23477,13,0,19,1,15,,28623,13,0,19,1,15,,28591,13,0,19,1,15,,28593,13,0,19,1,55,,28610,13,0,19,1,15,,28614,13,0,19,1,15,,28611,13,0,19,1,15,,28604,13,0,19,1,55,,28621,13,0,19,1,15,,28624,13,0,19,1,15,,28616,13,0,19,1,15,,28619,13,0,19,1,55,,28612,13,0,19,1,15,,28603,13,0,19,1,15,,28596,13,0,19,1,15,,28599,13,0,19,1,55,,22723,13,0,19,1,15,,28615,13,0,19,1
31600,'3',650,,28648,13,0,19,1,55,,28647,13,0,19,1,15,,28644,13,0,19,1,15,,28662,13,0,19,1,15,,28640,13,0,19,1,55,,24123,13,0,19,1,15,,28659,13,0,19,1,15,,13810,13,0,19,1,15,,28643,13,0,19,1,55,,28630,13,0,19,1,15,,28639,13,0,19,1,15,,28632,13,0,19,1,15,,28667,13,0,19,1,56,,28631,13,0,19,1,15,,28668,13,0,19,1,15,,28637,13,0,19,1,15,,28651,13,0,19,1,55,,28629,13,0,19,1,15,,28649,13,0,19,1,15,,28669,13,0,19,1,15,,28664,13,0,19,1,55,,28670,13,0,19,1,15,,22802,13,0,19,1,15,,28642,13,0,19,1,15,,28650,13,0,19,1,55,,28660,13,0,19,1,15,,28655,13,0,19,1,15,,28636,13,0,19,1,15,,28634,13,0,19,1,56,,23514,13,0,19,1,15,,28665,13,0,19,1,15,,28633,13,0,19,1,15,,28635,13,0,19,1,55,,28652,13,0,19,1,15,,28656,13,0,19,1,15,,28653,13,0,19,1,15,,28646,13,0,19,1,55,,28663,13,0,19,1,15,,28666,13,0,19,1,15,,28658,13,0,19,1,15,,28661,13,0,19,1,55,,28654,13,0,19,1,15,,28645,13,0,19,1,15,,28638,13,0,19,1,15,,28641,13,0,19,1,55,,22745,13,0,19,1,15,,28657,13,0,19,1
41000,'1',651,,31130,13,,,1,70,,31119,13,,,1,30,,31131,13,,,1,70,,31132,13,,,1,30,,31115,13,,,1,70,,31120,13,,,1,30,,24198,13,,,1,71,,31116,13,,,1,30,,31126,13,,,1,70,,31122,13,,,1,30,,31129,13,,,1,70,,31127,13,,,1,30,,31128,13,,,1,70,,31123,13,,,1,30,,31118,13,,,1,70,,31117,13,,,1,30,,31114,13,,,1,70,,24879,13,,,1,30,,31121,13,,,1,70,,31113,13,,,1,30,,31124,13,,,1,70,,31125,13,,,1,30,,23526,13,,,1
41000,'12',1052,,31135,13,,,1,100,,31138,13,,,1,100,,31133,13,,,1,100,,31136,13,,,1,100,,31137,13,,,1,100,,25514,13,,,1,100,,31134,13,,,1,100,,31139,13,,,1
41000,'14',651,,31155,13,,,1,70,,31146,13,,,1,30,,31156,13,,,1,70,,31157,13,,,1,30,,25098,13,,,1,70,,31147,13,,,1,30,,31142,13,,,1,71,,26631,13,,,1,30,,31151,13,,,1,70,,31148,13,,,1,30,,31154,13,,,1,70,,31152,13,,,1,30,,31153,13,,,1,70,,31149,13,,,1,30,,31145,13,,,1,70,,31144,13,,,1,30,,26840,13,,,1,70,,31140,13,,,1,30,,20047,13,,,1,70,,31141,13,,,1,30,,31150,13,,,1,70,,25240,13,,,1,30,,31143,13,,,1
41000,'8',851,,31176,13,,,1,100,,31160,13,,,1,71,,31174,13,,,1,30,,31170,13,,,1,70,,31163,13,,,1,30,,31164,13,,,1,70,,31171,13,,,1,30,,31173,13,,,1,70,,31159,13,,,1,30,,31162,13,,,1,70,,31172,13,,,1,30,,31166,13,,,1,70,,31177,13,,,1,30,,31175,13,,,1,70,,31168,13,,,1,30,,31158,13,,,1,70,,31165,13,,,1,30,,31167,13,,,1,100,,31169,13,,,1,99,,31161,13,,,1
41600,'1',720,,31669,13,0,19,1,30,,31674,13,0,19,1,70,,31678,13,0,19,1,30,,31668,13,0,19,1,70,,31671,13,0,19,1,30,,31693,13,0,19,1,71,,31667,13,0,19,1,30,,31685,13,0,19,1,70,,31679,13,0,19,1,30,,31694,13,0,19,1,70,,31687,13,0,19,1,30,,22957,13,0,19,1,70,,31676,13,0,19,1,30,,31675,13,0,19,1,70,,31692,13,0,19,1,30,,31682,13,0,19,1,70,,31688,13,0,19,1,30,,31677,13,0,19,1,70,,23655,13,0,19,1,30,,31670,13,0,19,1,70,,31683,13,0,19,1,30,,31673,13,0,19,1,70,,31689,13,0,19,1,30,,31691,13,0,19,1,69,,31696,13,0,19,1,30,,31695,13,0,19,1,70,,31686,13,0,19,1,30,,31666,13,0,19,1,70,,31684,13,0,19,1,30,,31680,13,0,19,1,70,,31672,13,0,19,1,30,,31690,13,0,19,1,70,,31681,13,0,19,1
41600,'11',1851,,31701,13,0,19,1,69,,31703,13,0,19,1,30,,31700,13,0,19,1,70,,31699,13,0,19,1,30,,23203,13,0,19,1,70,,31698,13,0,19,1,30,,31705,13,0,19,1,70,,31697,13,0,19,1,30,,31704,13,0,19,1,70,,31702,13,0,19,1
41600,'12',1051,,31715,13,0,19,1,70,,31710,13,0,19,1,30,,31713,13,0,19,1,70,,31708,13,0,19,1,30,,31717,13,0,19,1,70,,31716,13,0,19,1,30,,31718,13,0,19,1,70,,31714,13,0,19,1,30,,31711,13,0,19,1,70,,31707,13,0,19,1,30,,31709,13,0,19,1,70,,31719,13,0,19,1,30,,31712,13,0,19,1,70,,31720,13,0,19,1,30,,31706,13,0,19,1
41600,'14',720,,31724,13,0,19,1,30,,31731,13,0,19,1,70,,31735,13,0,19,1,30,,31723,13,0,19,1,70,,31727,13,0,19,1,30,,31748,13,0,19,1,71,,31722,13,0,19,1,30,,31741,13,0,19,1,70,,31736,13,0,19,1,30,,31749,13,0,19,1,70,,31743,13,0,19,1,30,,31725,13,0,19,1,70,,31733,13,0,19,1,30,,31732,13,0,19,1,70,,31747,13,0,19,1,30,,31738,13,0,19,1,70,,31744,13,0,19,1,30,,31734,13,0,19,1,70,,31730,13,0,19,1,30,,31726,13,0,19,1,70,,31739,13,0,19,1,30,,31729,13,0,19,1,70,,31745,13,0,19,1,30,,31746,13,0,19,1,69,,31751,13,0,19,1,30,,31750,13,0,19,1,70,,31742,13,0,19,1,30,,31721,13,0,19,1,70,,31740,13,0,19,1,30,,31737,13,0,19,1,70,,31728,13,0,19,1,30,,5913,13,0,19,1,70,,7358,13,0,19,1
41600,'3',1851,,31756,13,0,19,1,69,,31758,13,0,19,1,30,,31755,13,0,19,1,70,,31754,13,0,19,1,30,,23218,13,0,19,1,70,,31753,13,0,19,1,30,,31760,13,0,19,1,70,,31752,13,0,19,1,30,,31759,13,0,19,1,70,,31757,13,0,19,1
41600,'8',850,,31779,13,0,19,1,70,,31772,13,0,19,1,30,,25999,13,0,19,1,71,,31778,13,0,19,1,30,,31782,13,0,19,1,70,,31767,13,0,19,1,30,,31768,13,0,19,1,70,,31780,13,0,19,1,30,,31777,13,0,19,1,70,,31781,13,0,19,1,30,,31762,13,0,19,1,70,,31773,13,0,19,1,30,,31770,13,0,19,1,70,,31771,13,0,19,1,30,,31765,13,0,19,1,70,,31769,13,0,19,1,30,,31776,13,0,19,1,70,,31764,13,0,19,1,30,,31763,13,0,19,1,70,,31774,13,0,19,1,30,,31775,13,0,19,1,69,,31766,13,0,19,1,30,,31761,13,0,19,1
