30600,'15',602,,10412,6,0,7,1,30,,10400,6,0,7,1,70,,10397,6,0,7,1,30,,10407,6,0,7,1,70,,10405,6,0,7,1,30,,10417,6,0,7,1,70,,10403,6,0,7,1,30,,10408,6,0,7,1,70,,10406,6,0,7,1,30,,10404,6,0,7,1,70,,10399,6,0,7,1,30,,10402,6,0,7,1,70,,10415,6,0,7,1,30,,10418,6,0,7,1,70,,10395,6,0,7,1,30,,10398,6,0,7,1,70,,10414,6,0,7,1,30,,10396,6,0,7,1,70,,10413,6,0,7,1,30,,10416,6,0,7,1,70,,10401,6,0,7,1,30,,10411,6,0,7,1,70,,10409,6,0,7,1,30,,10410,6,0,7,1
30600,'16',602,,10432,6,0,7,1,30,,10423,6,0,7,1,70,,10420,6,0,7,1,30,,10428,6,0,7,1,70,,10426,6,0,7,1,30,,10437,6,0,7,1,70,,10424,6,0,7,1,30,,10429,6,0,7,1,70,,10427,6,0,7,1,30,,10425,6,0,7,1,70,,10422,6,0,7,1,30,,1580,6,0,7,1,70,,10435,6,0,7,1,30,,10438,6,0,7,1,70,,10419,6,0,7,1,30,,10421,6,0,7,1,70,,10434,6,0,7,1,30,,1946,6,0,7,1,70,,10433,6,0,7,1,30,,10436,6,0,7,1,70,,2252,6,0,7,1,30,,10431,6,0,7,1,70,,1299,6,0,7,1,30,,10430,6,0,7,1
30600,'17',602,,10452,6,0,7,1,30,,10443,6,0,7,1,70,,10440,6,0,7,1,30,,10448,6,0,7,1,70,,10446,6,0,7,1,30,,10457,6,0,7,1,70,,10444,6,0,7,1,30,,10449,6,0,7,1,70,,10447,6,0,7,1,30,,10445,6,0,7,1,70,,10442,6,0,7,1,30,,1602,6,0,7,1,70,,10455,6,0,7,1,30,,10458,6,0,7,1,70,,10439,6,0,7,1,30,,10441,6,0,7,1,70,,10454,6,0,7,1,30,,1969,6,0,7,1,70,,10453,6,0,7,1,30,,10456,6,0,7,1,70,,2277,6,0,7,1,30,,10451,6,0,7,1,70,,1324,6,0,7,1,30,,10450,6,0,7,1
30600,'19',602,,10474,6,0,7,1,30,,10464,6,0,7,1,70,,10461,6,0,7,1,30,,10470,6,0,7,1,70,,5653,6,0,7,1,30,,10479,6,0,7,1,70,,10467,6,0,7,1,30,,10471,6,0,7,1,70,,10469,6,0,7,1,30,,10468,6,0,7,1,70,,10463,6,0,7,1,30,,10466,6,0,7,1,70,,10477,6,0,7,1,30,,10480,6,0,7,1,70,,10459,6,0,7,1,30,,10462,6,0,7,1,70,,10476,6,0,7,1,30,,10460,6,0,7,1,70,,10475,6,0,7,1,30,,10478,6,0,7,1,70,,10465,6,0,7,1,30,,10473,6,0,7,1,70,,10472,6,0,7,1,30,,7055,6,0,7,1
30600,'5',602,,10493,6,0,7,1,30,,10485,6,0,7,1,70,,10482,6,0,7,1,30,,10490,6,0,7,1,70,,10488,6,0,7,1,30,,10498,6,0,7,1,70,,10486,6,0,7,1,30,,10491,6,0,7,1,70,,10489,6,0,7,1,30,,10487,6,0,7,1,70,,10484,6,0,7,1,30,,1626,6,0,7,1,70,,10496,6,0,7,1,30,,10499,6,0,7,1,70,,10481,6,0,7,1,30,,10483,6,0,7,1,70,,10495,6,0,7,1,30,,1992,6,0,7,1,70,,10494,6,0,7,1,30,,10497,6,0,7,1,70,,2302,6,0,7,1,30,,4353,6,0,7,1,70,,1349,6,0,7,1,30,,10492,6,0,7,1
30600,'6',602,,10517,6,0,7,1,30,,10505,6,0,7,1,70,,10502,6,0,7,1,30,,10512,6,0,7,1,70,,10510,6,0,7,1,30,,10522,6,0,7,1,70,,10508,6,0,7,1,30,,10513,6,0,7,1,70,,10511,6,0,7,1,30,,10509,6,0,7,1,70,,10504,6,0,7,1,30,,10507,6,0,7,1,70,,10520,6,0,7,1,30,,10523,6,0,7,1,70,,10500,6,0,7,1,30,,10503,6,0,7,1,70,,10519,6,0,7,1,30,,10501,6,0,7,1,70,,10518,6,0,7,1,30,,10521,6,0,7,1,70,,10506,6,0,7,1,30,,10516,6,0,7,1,70,,10514,6,0,7,1,30,,10515,6,0,7,1
40600,'1',1117,,17670,6,0,9 10,1,100,,17669,6,0,9 10,1,100,,17671,6,0,9 10,1,100,,17668,6,0,9 10,1,100,,17672,6,0,9 10,1,100,,17666,6,0,9 10,1,100,,17667,6,0,9 10,1
40600,'10',617,,17683,6,0,9 10,1,30,,17676,6,0,9 10,1,70,,17675,6,0,9 10,1,30,,17684,6,0,9 10,1,70,,17699,6,0,9 10,1,30,,17702,6,0,9 10,1,70,,17673,6,0,9 10,1,30,,17700,6,0,9 10,1,70,,17690,6,0,9 10,1,30,,17692,6,0,9 10,1,70,,17687,6,0,9 10,1,30,,17686,6,0,9 10,1,70,,17697,6,0,9 10,1,30,,17696,6,0,9 10,1,70,,17691,6,0,9 10,1,30,,17698,6,0,9 10,1,70,,17693,6,0,9 10,1,30,,17695,6,0,9 10,1,70,,17677,6,0,9 10,1,30,,17680,6,0,9 10,1,70,,17674,6,0,9 10,1,30,,17681,6,0,9 10,1,70,,17694,6,0,9 10,1,30,,17682,6,0,9 10,1,70,,17678,6,0,9 10,1,100,,17701,6,0,9 10,1,100,,17688,6,0,9 10,1,100,,17679,6,0,9 10,1,100,,17689,6,0,9 10,1,100,,17685,6,0,9 10,1
40600,'12',917,,17707,6,0,9 10,1,100,,17720,6,0,9 10,1,30,,17703,6,0,9 10,1,70,,17717,6,0,9 10,1,30,,17721,6,0,9 10,1,70,,17716,6,0,9 10,1,30,,17706,6,0,9 10,1,70,,17719,6,0,9 10,1,30,,17710,6,0,9 10,1,70,,17708,6,0,9 10,1,30,,17709,6,0,9 10,1,70,,17711,6,0,9 10,1,30,,17713,6,0,9 10,1,70,,17715,6,0,9 10,1,30,,17714,6,0,9 10,1,70,,17712,6,0,9 10,1,30,,17718,6,0,9 10,1,70,,17704,6,0,9 10,1,100,,17705,6,0,9 10,1
40600,'15',1817,,17726,6,0,9 10,1,100,,17723,6,0,9 10,1,100,,17725,6,0,9 10,1,100,,17722,6,0,9 10,1,100,,17727,6,0,9 10,1,100,,17724,6,0,9 10,1
40600,'16',1817,,17731,6,0,9 10,1,100,,17729,6,0,9 10,1,100,,4377,6,0,9 10,1,100,,17728,6,0,9 10,1,100,,5260,6,0,9 10,1,100,,17730,6,0,9 10,1
40600,'17',1817,,17735,6,0,9 10,1,100,,17733,6,0,9 10,1,100,,4394,6,0,9 10,1,100,,17732,6,0,9 10,1,100,,5310,6,0,9 10,1,100,,17734,6,0,9 10,1
40600,'19',1817,,17740,6,0,9 10,1,100,,17737,6,0,9 10,1,100,,17739,6,0,9 10,1,100,,17736,6,0,9 10,1,100,,17741,6,0,9 10,1,100,,17738,6,0,9 10,1
40600,'21',617,,17752,6,0,9 10,1,30,,17745,6,0,9 10,1,70,,17744,6,0,9 10,1,30,,17753,6,0,9 10,1,70,,17767,6,0,9 10,1,30,,17770,6,0,9 10,1,70,,17742,6,0,9 10,1,30,,17768,6,0,9 10,1,70,,17758,6,0,9 10,1,30,,17760,6,0,9 10,1,70,,17755,6,0,9 10,1,30,,17754,6,0,9 10,1,70,,17765,6,0,9 10,1,30,,17764,6,0,9 10,1,70,,17759,6,0,9 10,1,30,,17766,6,0,9 10,1,70,,17761,6,0,9 10,1,30,,17763,6,0,9 10,1,70,,17746,6,0,9 10,1,30,,17749,6,0,9 10,1,70,,17743,6,0,9 10,1,30,,17750,6,0,9 10,1,70,,17762,6,0,9 10,1,30,,17751,6,0,9 10,1,70,,17747,6,0,9 10,1,100,,17769,6,0,9 10,1,100,,17756,6,0,9 10,1,100,,17748,6,0,9 10,1,100,,17757,6,0,9 10,1,100,,8229,6,0,9 10,1
40600,'5',1817,,17774,6,0,9 10,1,100,,17772,6,0,9 10,1,100,,4417,6,0,9 10,1,100,,17771,6,0,9 10,1,100,,5440,6,0,9 10,1,100,,17773,6,0,9 10,1
40600,'6',1817,,17779,6,0,9 10,1,100,,17776,6,0,9 10,1,100,,17778,6,0,9 10,1,100,,17775,6,0,9 10,1,100,,17780,6,0,9 10,1,100,,17777,6,0,9 10,1
