31100,'12',621,,34754,12,0,43 44,1,30,,34760,12,0,43 44,1,70,,34764,12,0,43 44,1,30,,34771,12,0,43 44,1,70,,34773,12,0,43 44,1,30,,34766,12,0,43 44,1,70,,34765,12,0,43 44,1,30,,34763,12,0,43 44,1,70,,34758,12,0,43 44,1,30,,34770,12,0,43 44,1,70,,34762,12,0,43 44,1,30,,34755,12,0,43 44,1,70,,34768,12,0,43 44,1,30,,34767,12,0,43 44,1,70,,34769,12,0,43 44,1,30,,34751,12,0,43 44,1,71,,34756,12,0,43 44,1,30,,34761,12,0,43 44,1,70,,34772,12,0,43 44,1,30,,34752,12,0,43 44,1,70,,34753,12,0,43 44,1,30,,34774,12,0,43 44,1,70,,34759,12,0,43 44,1,30,,34757,12,0,43 44,1
31100,'13',621,,34778,12,0,43 44,1,30,,34784,12,0,43 44,1,70,,34788,12,0,43 44,1,30,,27817,12,0,43 44,1,70,,34796,12,0,43 44,1,30,,34790,12,0,43 44,1,70,,34789,12,0,43 44,1,30,,34787,12,0,43 44,1,70,,34782,12,0,43 44,1,30,,34794,12,0,43 44,1,70,,34786,12,0,43 44,1,30,,34779,12,0,43 44,1,70,,34792,12,0,43 44,1,30,,34791,12,0,43 44,1,70,,34793,12,0,43 44,1,30,,34775,12,0,43 44,1,71,,34780,12,0,43 44,1,30,,34785,12,0,43 44,1,70,,34795,12,0,43 44,1,30,,34776,12,0,43 44,1,70,,34777,12,0,43 44,1,30,,34797,12,0,43 44,1,70,,34783,12,0,43 44,1,30,,34781,12,0,43 44,1
31100,'3',621,,34801,12,0,43 44,1,30,,34807,12,0,43 44,1,70,,34811,12,0,43 44,1,30,,27840,12,0,43 44,1,70,,34819,12,0,43 44,1,30,,34813,12,0,43 44,1,70,,34812,12,0,43 44,1,30,,34810,12,0,43 44,1,70,,34805,12,0,43 44,1,30,,34817,12,0,43 44,1,70,,34809,12,0,43 44,1,30,,34802,12,0,43 44,1,70,,34815,12,0,43 44,1,30,,34814,12,0,43 44,1,70,,34816,12,0,43 44,1,30,,34798,12,0,43 44,1,71,,34803,12,0,43 44,1,30,,34808,12,0,43 44,1,70,,34818,12,0,43 44,1,30,,34799,12,0,43 44,1,70,,34800,12,0,43 44,1,30,,34820,12,0,43 44,1,70,,34806,12,0,43 44,1,30,,34804,12,0,43 44,1
31100,'6',621,,34824,12,0,43 44,1,30,,34830,12,0,43 44,1,70,,34834,12,0,43 44,1,30,,34841,12,0,43 44,1,70,,34843,12,0,43 44,1,30,,34836,12,0,43 44,1,70,,34835,12,0,43 44,1,30,,34833,12,0,43 44,1,70,,34828,12,0,43 44,1,30,,34840,12,0,43 44,1,70,,34832,12,0,43 44,1,30,,34825,12,0,43 44,1,70,,34838,12,0,43 44,1,30,,34837,12,0,43 44,1,70,,34839,12,0,43 44,1,30,,34821,12,0,43 44,1,71,,34826,12,0,43 44,1,30,,34831,12,0,43 44,1,70,,34842,12,0,43 44,1,30,,34822,12,0,43 44,1,70,,34823,12,0,43 44,1,30,,34844,12,0,43 44,1,70,,34829,12,0,43 44,1,30,,34827,12,0,43 44,1
31700,'12',620,,35780,10,0,63,1,30,,35778,10,0,63,1,70,,35793,10,0,63,1,30,,35787,10,0,63,1,70,,35789,10,0,63,1,30,,35781,10,0,63,1,70,,35785,10,0,63,1,30,,35798,10,0,63,1,70,,35796,10,0,63,1,30,,35800,10,0,63,1,70,,35791,10,0,63,1,30,,35784,10,0,63,1,70,,35792,10,0,63,1,30,,35786,10,0,63,1,70,,35783,10,0,63,1,30,,35788,10,0,63,1,70,,35779,10,0,63,1,30,,35799,10,0,63,1,70,,35795,10,0,63,1,30,,35790,10,0,63,1,70,,35782,10,0,63,1,30,,35794,10,0,63,1,70,,35777,10,0,63,1,30,,35797,10,0,63,1
31700,'13',620,,35804,10,0,63,1,30,,35802,10,0,63,1,70,,35817,10,0,63,1,30,,35811,10,0,63,1,70,,35813,10,0,63,1,30,,35805,10,0,63,1,70,,35809,10,0,63,1,30,,35822,10,0,63,1,70,,35820,10,0,63,1,30,,35824,10,0,63,1,70,,35815,10,0,63,1,30,,35808,10,0,63,1,70,,35816,10,0,63,1,30,,35810,10,0,63,1,70,,35807,10,0,63,1,30,,35812,10,0,63,1,70,,35803,10,0,63,1,30,,35823,10,0,63,1,70,,35819,10,0,63,1,30,,35814,10,0,63,1,70,,35806,10,0,63,1,30,,35818,10,0,63,1,70,,35801,10,0,63,1,30,,35821,10,0,63,1
31700,'3',620,,35828,10,0,63,1,30,,35826,10,0,63,1,70,,35841,10,0,63,1,30,,35835,10,0,63,1,70,,35837,10,0,63,1,30,,35829,10,0,63,1,70,,35833,10,0,63,1,30,,35846,10,0,63,1,70,,35844,10,0,63,1,30,,35848,10,0,63,1,70,,35839,10,0,63,1,30,,35832,10,0,63,1,70,,35840,10,0,63,1,30,,35834,10,0,63,1,70,,35831,10,0,63,1,30,,35836,10,0,63,1,70,,35827,10,0,63,1,30,,35847,10,0,63,1,70,,35843,10,0,63,1,30,,35838,10,0,63,1,70,,35830,10,0,63,1,30,,35842,10,0,63,1,70,,35825,10,0,63,1,30,,35845,10,0,63,1
31700,'6',620,,35852,10,0,63,1,30,,35850,10,0,63,1,70,,35865,10,0,63,1,30,,35859,10,0,63,1,70,,35861,10,0,63,1,30,,35853,10,0,63,1,70,,35857,10,0,63,1,30,,35870,10,0,63,1,70,,35868,10,0,63,1,30,,35872,10,0,63,1,70,,35863,10,0,63,1,30,,35856,10,0,63,1,70,,35864,10,0,63,1,30,,35858,10,0,63,1,70,,35855,10,0,63,1,30,,35860,10,0,63,1,70,,35851,10,0,63,1,30,,35871,10,0,63,1,70,,35867,10,0,63,1,30,,35862,10,0,63,1,70,,35854,10,0,63,1,30,,35866,10,0,63,1,70,,35849,10,0,63,1,30,,35869,10,0,63,1
41700,'1',619,,40762,10,0,67,1,30,,40769,10,0,67,1,70,,40763,10,0,67,1,30,,40774,10,0,67,1,70,,40775,10,0,67,1,30,,40782,10,0,67,1,70,,40768,10,0,67,1,30,,40767,10,0,67,1,70,,40783,10,0,67,1,30,,40765,10,0,67,1,70,,40778,10,0,67,1,30,,40771,10,0,67,1,70,,30428,10,0,67,1,30,,40764,10,0,67,1,70,,40781,10,0,67,1,30,,29674,10,0,67,1,70,,40772,10,0,67,1,30,,40773,10,0,67,1,70,,40761,10,0,67,1,30,,30086,10,0,67,1,70,,40766,10,0,67,1,30,,30078,10,0,67,1,70,,40776,10,0,67,1,30,,40777,10,0,67,1,70,,40779,10,0,67,1,100,,40760,10,0,67,1,100,,40770,10,0,67,1,100,,40759,10,0,67,1,100,,40780,10,0,67,1,100,,30781,10,0,67,1
41700,'11',619,,40787,10,0,67,1,30,,40795,10,0,67,1,70,,40788,10,0,67,1,30,,40801,10,0,67,1,70,,40802,10,0,67,1,30,,40811,10,0,67,1,70,,40793,10,0,67,1,30,,40792,10,0,67,1,70,,40813,10,0,67,1,30,,40790,10,0,67,1,70,,40806,10,0,67,1,30,,40797,10,0,67,1,70,,40794,10,0,67,1,30,,40789,10,0,67,1,70,,40810,10,0,67,1,30,,40812,10,0,67,1,70,,40799,10,0,67,1,30,,40800,10,0,67,1,70,,40786,10,0,67,1,30,,40804,10,0,67,1,70,,40791,10,0,67,1,30,,40798,10,0,67,1,70,,40803,10,0,67,1,30,,40805,10,0,67,1,70,,40808,10,0,67,1,100,,40785,10,0,67,1,100,,40796,10,0,67,1,100,,40784,10,0,67,1,100,,40809,10,0,67,1,100,,40807,10,0,67,1
41700,'12',1819,,40818,10,0,67,1,100,,40814,10,0,67,1,100,,40817,10,0,67,1,100,,40819,10,0,67,1,100,,40816,10,0,67,1,100,,40815,10,0,67,1
41700,'13',1819,,40824,10,0,67,1,100,,40820,10,0,67,1,100,,40823,10,0,67,1,100,,40825,10,0,67,1,100,,40822,10,0,67,1,100,,40821,10,0,67,1
41700,'14',1119,,40830,10,0,67,1,100,,29507,10,0,67,1,100,,40831,10,0,67,1,100,,40829,10,0,67,1,100,,40826,10,0,67,1,100,,40828,10,0,67,1,100,,40827,10,0,67,1
41700,'16',619,,40835,10,0,67,1,30,,40842,10,0,67,1,70,,40836,10,0,67,1,30,,40847,10,0,67,1,70,,40848,10,0,67,1,30,,40855,10,0,67,1,70,,40841,10,0,67,1,30,,40840,10,0,67,1,70,,40856,10,0,67,1,30,,40838,10,0,67,1,70,,40851,10,0,67,1,30,,40844,10,0,67,1,70,,30468,10,0,67,1,30,,40837,10,0,67,1,70,,40854,10,0,67,1,30,,29793,10,0,67,1,70,,40845,10,0,67,1,30,,40846,10,0,67,1,70,,40834,10,0,67,1,30,,30166,10,0,67,1,70,,40839,10,0,67,1,30,,30159,10,0,67,1,70,,40849,10,0,67,1,30,,40850,10,0,67,1,70,,40852,10,0,67,1,100,,40833,10,0,67,1,100,,40843,10,0,67,1,100,,40832,10,0,67,1,100,,40853,10,0,67,1,100,,30822,10,0,67,1
41700,'3',1819,,40861,10,0,67,1,100,,40857,10,0,67,1,100,,40860,10,0,67,1,100,,40862,10,0,67,1,100,,40859,10,0,67,1,100,,40858,10,0,67,1
41700,'6',1819,,40867,10,0,67,1,100,,40863,10,0,67,1,100,,40866,10,0,67,1,100,,40868,10,0,67,1,100,,40865,10,0,67,1,100,,40864,10,0,67,1
41700,'8',919,,40880,10,0,67,1,100,,32423,10,0,67,1,30,,40870,10,0,67,1,70,,40869,10,0,67,1,30,,40882,10,0,67,1,70,,40876,10,0,67,1,30,,40872,10,0,67,1,70,,40875,10,0,67,1,30,,40878,10,0,67,1,70,,40881,10,0,67,1,30,,40871,10,0,67,1,70,,40874,10,0,67,1,30,,30924,10,0,67,1,70,,40883,10,0,67,1,30,,40884,10,0,67,1,70,,40873,10,0,67,1,30,,40877,10,0,67,1,70,,40879,10,0,67,1,100,,31236,10,0,67,1
