30201,'12',620,,33215,3,0,24,1,30,,33224,3,0,24,1,70,,33225,3,0,24,1,30,,33230,3,0,24,1,70,,33218,3,0,24,1,30,,33235,3,0,24,1,70,,33219,3,0,24,1,30,,33229,3,0,24,1,70,,33231,3,0,24,1,30,,33237,3,0,24,1,70,,33216,3,0,24,1,30,,33217,3,0,24,1,70,,33232,3,0,24,1,30,,33226,3,0,24,1,70,,33223,3,0,24,1,30,,33227,3,0,24,1,73,,33228,3,0,24,1,78,,33221,3,0,24,1,30,,33220,3,0,24,1,70,,33234,3,0,24,1,30,,33233,3,0,24,1,70,,33238,3,0,24,1,30,,33222,3,0,24,1,70,,33236,3,0,24,1
30201,'13',620,,33239,3,0,24,1,30,,33248,3,0,24,1,70,,33249,3,0,24,1,30,,33254,3,0,24,1,70,,33242,3,0,24,1,30,,33258,3,0,24,1,70,,33243,3,0,24,1,30,,33253,3,0,24,1,70,,33255,3,0,24,1,30,,33260,3,0,24,1,70,,33240,3,0,24,1,30,,33241,3,0,24,1,70,,33256,3,0,24,1,30,,33250,3,0,24,1,70,,33247,3,0,24,1,30,,33251,3,0,24,1,73,,33252,3,0,24,1,78,,33245,3,0,24,1,30,,33244,3,0,24,1,70,,33257,3,0,24,1,30,,29290,3,0,24,1,70,,28820,3,0,24,1,30,,33246,3,0,24,1,70,,33259,3,0,24,1
30201,'3',620,,33261,3,0,24,1,30,,33270,3,0,24,1,70,,33271,3,0,24,1,30,,33276,3,0,24,1,70,,33264,3,0,24,1,30,,33280,3,0,24,1,70,,33265,3,0,24,1,30,,33275,3,0,24,1,70,,33277,3,0,24,1,30,,33282,3,0,24,1,70,,33262,3,0,24,1,30,,33263,3,0,24,1,70,,33278,3,0,24,1,30,,33272,3,0,24,1,70,,33269,3,0,24,1,30,,33273,3,0,24,1,73,,33274,3,0,24,1,78,,33267,3,0,24,1,30,,33266,3,0,24,1,70,,33279,3,0,24,1,30,,29309,3,0,24,1,70,,28843,3,0,24,1,30,,33268,3,0,24,1,70,,33281,3,0,24,1
30201,'6',620,,33283,3,0,24,1,30,,33292,3,0,24,1,70,,33293,3,0,24,1,30,,33298,3,0,24,1,70,,33286,3,0,24,1,30,,33303,3,0,24,1,70,,33287,3,0,24,1,30,,33297,3,0,24,1,70,,33299,3,0,24,1,30,,33305,3,0,24,1,70,,33284,3,0,24,1,30,,33285,3,0,24,1,70,,33300,3,0,24,1,30,,33294,3,0,24,1,70,,33291,3,0,24,1,30,,33295,3,0,24,1,73,,33296,3,0,24,1,78,,33289,3,0,24,1,30,,33288,3,0,24,1,70,,33302,3,0,24,1,30,,33301,3,0,24,1,70,,33306,3,0,24,1,30,,33290,3,0,24,1,70,,33304,3,0,24,1
30901,'12',620,,34469,7,0,25 14 26,1,30,,34473,7,0,25 14 26,1,70,,34486,7,0,25 14 26,1,30,,34470,7,0,25 14 26,1,70,,34476,7,0,25 14 26,1,30,,34481,7,0,25 14 26,1,70,,34492,7,0,25 14 26,1,30,,34487,7,0,25 14 26,1,70,,34491,7,0,25 14 26,1,30,,34479,7,0,25 14 26,1,70,,34489,7,0,25 14 26,1,30,,34475,7,0,25 14 26,1,70,,34488,7,0,25 14 26,1,30,,34483,7,0,25 14 26,1,70,,34472,7,0,25 14 26,1,30,,34471,7,0,25 14 26,1,70,,34474,7,0,25 14 26,1,38,,34490,7,0,25 14 26,1,70,,34477,7,0,25 14 26,1,30,,34485,7,0,25 14 26,1,70,,34478,7,0,25 14 26,1,30,,34482,7,0,25 14 26,1,70,,34480,7,0,25 14 26,1,30,,34493,7,0,25 14 26,1,66,,34484,3,0,25 14 26,1
30901,'13',620,,34494,7,0,25 14 26,1,30,,34498,7,0,25 14 26,1,70,,34511,7,0,25 14 26,1,30,,34495,7,0,25 14 26,1,70,,34501,7,0,25 14 26,1,30,,34506,7,0,25 14 26,1,70,,27614,7,0,25 14 26,1,30,,23691,7,0,25 14 26,1,70,,34515,7,0,25 14 26,1,30,,34504,7,0,25 14 26,1,70,,34513,7,0,25 14 26,1,30,,34500,7,0,25 14 26,1,70,,34512,7,0,25 14 26,1,30,,34508,7,0,25 14 26,1,70,,34497,7,0,25 14 26,1,30,,34496,7,0,25 14 26,1,70,,34499,7,0,25 14 26,1,38,,34514,7,0,25 14 26,1,70,,34502,7,0,25 14 26,1,30,,34510,7,0,25 14 26,1,70,,34503,7,0,25 14 26,1,30,,34507,7,0,25 14 26,1,70,,34505,7,0,25 14 26,1,30,,34516,7,0,25 14 26,1,66,,34509,3,0,25 14 26,1
30901,'3',620,,34517,7,0,25 14 26,1,30,,34521,7,0,25 14 26,1,70,,34534,7,0,25 14 26,1,30,,34518,7,0,25 14 26,1,70,,34524,7,0,25 14 26,1,30,,34529,7,0,25 14 26,1,70,,27637,7,0,25 14 26,1,30,,23711,7,0,25 14 26,1,70,,34538,7,0,25 14 26,1,30,,34527,7,0,25 14 26,1,70,,34536,7,0,25 14 26,1,30,,34523,7,0,25 14 26,1,70,,34535,7,0,25 14 26,1,30,,34531,7,0,25 14 26,1,70,,34520,7,0,25 14 26,1,30,,34519,7,0,25 14 26,1,70,,34522,7,0,25 14 26,1,38,,34537,7,0,25 14 26,1,70,,34525,7,0,25 14 26,1,30,,34533,7,0,25 14 26,1,70,,34526,7,0,25 14 26,1,30,,34530,7,0,25 14 26,1,70,,34528,7,0,25 14 26,1,30,,34539,7,0,25 14 26,1,66,,34532,3,0,25 14 26,1
30901,'6',620,,34540,7,0,25 14 26,1,30,,34544,7,0,25 14 26,1,70,,34557,7,0,25 14 26,1,30,,34541,7,0,25 14 26,1,70,,34547,7,0,25 14 26,1,30,,34552,7,0,25 14 26,1,70,,34563,7,0,25 14 26,1,30,,34558,7,0,25 14 26,1,70,,34562,7,0,25 14 26,1,30,,34550,7,0,25 14 26,1,70,,34560,7,0,25 14 26,1,30,,34546,7,0,25 14 26,1,70,,34559,7,0,25 14 26,1,30,,34554,7,0,25 14 26,1,70,,34543,7,0,25 14 26,1,30,,34542,7,0,25 14 26,1,70,,34545,7,0,25 14 26,1,38,,34561,7,0,25 14 26,1,70,,34548,7,0,25 14 26,1,30,,34556,7,0,25 14 26,1,70,,34549,7,0,25 14 26,1,30,,34553,7,0,25 14 26,1,70,,34551,7,0,25 14 26,1,30,,34564,7,0,25 14 26,1,66,,34555,3,0,25 14 26,1
40201,'1',647,,38428,3,0,24,1,70,,38425,3,0,24,1,30,,38426,3,0,24,1,70,,38427,3,0,24,1,30,,38437,3,0,24,1,70,,38432,3,0,24,1,30,,38441,3,0,24,1,70,,38423,3,0,24,1,30,,38430,3,0,24,1,70,,38436,3,0,24,1,30,,38419,3,0,24,1,70,,38433,3,0,24,1,30,,38438,3,0,24,1,70,,31028,3,0,24,1,30,,38418,3,0,24,1,70,,38415,3,0,24,1,30,,38424,3,0,24,1,70,,38431,3,0,24,1,30,,38435,3,0,24,1,70,,38421,3,0,24,1,30,,31249,3,0,24,1,70,,38417,3,0,24,1,30,,38422,3,0,24,1,70,,38442,3,0,24,1,30,,38434,3,0,24,1,100,,38429,3,0,24,1,100,,38440,3,0,24,1,100,,38420,3,0,24,1,100,,38439,3,0,24,1,100,,38416,3,0,24,1
40201,'11',647,,38459,3,0,24,1,70,,38456,3,0,24,1,30,,38457,3,0,24,1,70,,38458,3,0,24,1,30,,38454,3,0,24,1,70,,38463,3,0,24,1,30,,38471,3,0,24,1,70,,38453,3,0,24,1,30,,38461,3,0,24,1,70,,38467,3,0,24,1,30,,38449,3,0,24,1,70,,38464,3,0,24,1,30,,38468,3,0,24,1,70,,38443,3,0,24,1,30,,38448,3,0,24,1,70,,38444,3,0,24,1,30,,38455,3,0,24,1,70,,38462,3,0,24,1,30,,38466,3,0,24,1,70,,38451,3,0,24,1,30,,38446,3,0,24,1,70,,38447,3,0,24,1,30,,38452,3,0,24,1,70,,38472,3,0,24,1,30,,38465,3,0,24,1,100,,38460,3,0,24,1,100,,38470,3,0,24,1,100,,38450,3,0,24,1,100,,38469,3,0,24,1,100,,38445,3,0,24,1
40201,'12',1847,,38476,3,0,24,1,100,,38473,3,0,24,1,100,,38474,3,0,24,1,100,,38478,3,0,24,1,100,,38475,3,0,24,1,100,,38477,3,0,24,1
40201,'13',1847,,38482,3,0,24,1,100,,38479,3,0,24,1,100,,38480,3,0,24,1,100,,38484,3,0,24,1,100,,38481,3,0,24,1,100,,38483,3,0,24,1
40201,'14',1147,,38488,3,0,24,1,100,,29737,3,0,24,1,100,,38487,3,0,24,1,100,,38486,3,0,24,1,100,,38490,3,0,24,1,100,,38485,3,0,24,1,100,,38489,3,0,24,1
40201,'16',647,,38504,3,0,24,1,70,,38501,3,0,24,1,30,,38502,3,0,24,1,70,,38503,3,0,24,1,30,,38513,3,0,24,1,70,,38508,3,0,24,1,30,,38517,3,0,24,1,70,,38499,3,0,24,1,30,,38506,3,0,24,1,70,,38512,3,0,24,1,30,,38495,3,0,24,1,70,,38509,3,0,24,1,30,,38514,3,0,24,1,70,,31065,3,0,24,1,30,,38494,3,0,24,1,70,,38491,3,0,24,1,30,,38500,3,0,24,1,70,,38507,3,0,24,1,30,,38511,3,0,24,1,70,,38497,3,0,24,1,30,,31288,3,0,24,1,70,,38493,3,0,24,1,30,,38498,3,0,24,1,70,,38518,3,0,24,1,30,,38510,3,0,24,1,100,,38505,3,0,24,1,100,,38516,3,0,24,1,100,,38496,3,0,24,1,100,,38515,3,0,24,1,100,,38492,3,0,24,1
40201,'3',1847,,38522,3,0,24,1,100,,38519,3,0,24,1,100,,38520,3,0,24,1,100,,38524,3,0,24,1,100,,38521,3,0,24,1,100,,38523,3,0,24,1
40201,'6',1847,,38528,3,0,24,1,100,,38525,3,0,24,1,100,,38526,3,0,24,1,100,,38530,3,0,24,1,100,,38527,3,0,24,1,100,,38529,3,0,24,1
40201,'8',947,,38533,3,0,24,1,100,,38534,3,0,24,1,70,,38536,3,0,24,1,30,,25796,3,0,24,1,70,,38545,3,0,24,1,30,,38542,3,0,24,1,70,,38540,3,0,24,1,30,,38539,3,0,24,1,70,,38547,3,0,24,1,30,,38532,3,0,24,1,70,,38544,3,0,24,1,30,,38543,3,0,24,1,70,,38535,3,0,24,1,30,,38538,3,0,24,1,70,,38531,3,0,24,1,30,,38548,3,0,24,1,70,,38541,3,0,24,1,30,,38546,3,0,24,1,100,,38537,3,0,24,1
40901,'1',648,,39494,7,0,25 12,1,70,,39496,7,0,25 12,1,30,,39491,7,0,25 12,1,70,,39475,7,0,25 12,1,30,,39477,7,0,25 12,1,70,,39485,7,0,25 12,1,30,,39479,7,0,25 12,1,70,,30685,7,0,25 12,1,30,,39482,7,0,25 12,1,70,,39488,7,0,25 12,1,30,,39478,7,0,25 12,1,70,,39497,7,0,25 12,1,30,,39498,7,0,25 12,1,70,,39490,7,0,25 12,1,30,,24694,7,0,25 12,1,70,,31595,7,0,25 12,1,30,,39474,7,0,25 12,1,70,,39481,7,0,25 12,1,30,,39486,7,0,25 12,1,70,,39476,7,0,25 12,1,30,,39484,7,0,25 12,1,70,,39489,7,0,25 12,1,30,,39495,7,0,25 12,1,70,,23651,7,0,25 12,1,30,,39487,7,0,25 12,1,100,,39492,7,0,25 12,1,100,,39483,7,0,25 12,1,100,,39480,7,0,25 12,1,100,,39493,7,0,25 12,1
40901,'11',648,,39523,7,0,25 12,1,70,,39525,7,0,25 12,1,30,,39519,7,0,25 12,1,70,,39501,7,0,25 12,1,30,,39503,7,0,25 12,1,70,,39512,7,0,25 12,1,30,,39505,7,0,25 12,1,70,,39511,7,0,25 12,1,30,,39508,7,0,25 12,1,70,,39516,7,0,25 12,1,30,,39504,7,0,25 12,1,70,,39526,7,0,25 12,1,30,,39527,7,0,25 12,1,70,,39518,7,0,25 12,1,30,,39521,7,0,25 12,1,70,,39515,7,0,25 12,1,30,,39499,7,0,25 12,1,70,,39507,7,0,25 12,1,30,,39513,7,0,25 12,1,70,,39502,7,0,25 12,1,30,,39510,7,0,25 12,1,70,,39517,7,0,25 12,1,30,,39524,7,0,25 12,1,70,,39500,7,0,25 12,1,30,,39514,7,0,25 12,1,100,,39520,7,0,25 12,1,100,,39509,7,0,25 12,1,100,,39506,7,0,25 12,1,100,,39522,7,0,25 12,1
40901,'12',1848,,39532,7,0,25 12,1,100,,39531,7,0,25 12,1,100,,39528,7,0,25 12,1,100,,39530,7,0,25 12,1,100,,39529,7,0,25 12,1
40901,'13',1848,,39536,7,0,25 12,1,100,,39535,7,0,25 12,1,100,,39533,7,0,25 12,1,100,,39534,7,0,25 12,1,100,,23553,7,0,25 12,1
40901,'14',1048,,39538,7,0,25 12,1,100,,39541,7,0,25 12,1,100,,39539,7,0,25 12,1,100,,39542,7,0,25 12,1,100,,30452,7,0,25 12,1,100,,39540,7,0,25 12,1,100,,39543,7,0,25 12,1,100,,39537,7,0,25 12,1
40901,'16',648,,39564,7,0,25 12,1,70,,39566,7,0,25 12,1,30,,39561,7,0,25 12,1,70,,39545,7,0,25 12,1,30,,39547,7,0,25 12,1,70,,39555,7,0,25 12,1,30,,39549,7,0,25 12,1,70,,30722,7,0,25 12,1,30,,39552,7,0,25 12,1,70,,39558,7,0,25 12,1,30,,39548,7,0,25 12,1,70,,39567,7,0,25 12,1,30,,39568,7,0,25 12,1,70,,39560,7,0,25 12,1,30,,29544,7,0,25 12,1,70,,31633,7,0,25 12,1,30,,39544,7,0,25 12,1,70,,39551,7,0,25 12,1,30,,39556,7,0,25 12,1,70,,39546,7,0,25 12,1,30,,39554,7,0,25 12,1,70,,39559,7,0,25 12,1,30,,39565,7,0,25 12,1,70,,29526,7,0,25 12,1,30,,39557,7,0,25 12,1,100,,39562,7,0,25 12,1,100,,39553,7,0,25 12,1,100,,39550,7,0,25 12,1,100,,39563,7,0,25 12,1
40901,'3',1848,,39572,7,0,25 12,1,100,,39571,7,0,25 12,1,100,,39569,7,0,25 12,1,100,,39570,7,0,25 12,1,100,,23574,7,0,25 12,1
40901,'6',1848,,39577,7,0,25 12,1,100,,39576,7,0,25 12,1,100,,39573,7,0,25 12,1,100,,39575,7,0,25 12,1,100,,39574,7,0,25 12,1
40901,'8',848,,39590,7,0,25 12,1,100,,39589,7,0,25 12,1,100,,39595,7,0,25 12,1,70,,39580,7,0,25 12,1,30,,39581,7,0,25 12,1,70,,39587,7,0,25 12,1,30,,39583,7,0,25 12,1,70,,39582,7,0,25 12,1,30,,39594,7,0,25 12,1,70,,39591,7,0,25 12,1,30,,39584,7,0,25 12,1,70,,39592,7,0,25 12,1,30,,39588,7,0,25 12,1,70,,39593,7,0,25 12,1,30,,32416,7,0,25 12,1,70,,39579,7,0,25 12,1,30,,39596,7,0,25 12,1,70,,39578,7,0,25 12,1,30,,39586,7,0,25 12,1,100,,39585,7,0,25 12,1
