30701,'11',651,,27985,6,,,1,70,,27979,6,,,1,30,,27973,6,,,1,70,,27967,6,,,1,30,,27977,6,,,1,70,,27989,6,,,1,30,,27976,6,,,1,71,,27975,6,,,1,30,,27974,6,,,1,70,,27981,6,,,1,30,,27986,6,,,1,70,,27982,6,,,1,30,,27988,6,,,1,70,,27984,6,,,1,30,,22480,6,,,1,70,,27971,6,,,1,30,,27969,6,,,1,70,,27983,6,,,1,30,,27972,6,,,1,70,,27987,6,,,1,30,,27968,6,,,1,70,,27978,6,,,1,30,,27970,6,,,1
30701,'3',651,,28008,6,,,1,70,,28002,6,,,1,30,,27996,6,,,1,70,,27990,6,,,1,30,,28000,6,,,1,70,,28012,6,,,1,30,,27999,6,,,1,71,,27998,6,,,1,30,,27997,6,,,1,70,,28004,6,,,1,30,,28009,6,,,1,70,,28005,6,,,1,30,,28011,6,,,1,70,,28007,6,,,1,30,,20372,6,,,1,70,,27994,6,,,1,30,,27992,6,,,1,70,,28006,6,,,1,30,,27995,6,,,1,70,,28010,6,,,1,30,,27991,6,,,1,70,,28001,6,,,1,30,,27993,6,,,1
30801,'11',635,,28068,1,0,64 38,1,70,,28067,1,0,64 38,1,30,,28064,1,0,64 38,1,70,,28059,1,0,64 38,1,30,,28060,1,0,64 38,1,70,,28069,1,0,64 38,1,30,,28073,1,0,64 38,1,70,,28076,1,0,64 38,1,30,,28063,1,0,64 38,1,70,,28065,1,0,64 38,1,30,,28077,1,0,64 38,1,70,,28074,1,0,64 38,1,30,,28062,1,0,64 38,1,70,,4764,1,0,64 38,1,30,,23742,1,0,64 38,1,70,,28061,1,0,64 38,1,40,,28075,1,0,64 38,1,70,,23354,1,0,64 38,1,30,,28066,1,0,64 38,1,70,,19547,1,0,64 38,1,30,,28072,1,0,64 38,1,70,,28071,1,0,64 38,1,30,,28070,1,0,64 38,1
30801,'3',635,,28087,1,0,64 38,1,70,,28086,1,0,64 38,1,30,,28083,1,0,64 38,1,70,,28078,1,0,64 38,1,30,,28079,1,0,64 38,1,70,,28088,1,0,64 38,1,30,,28092,1,0,64 38,1,70,,28095,1,0,64 38,1,30,,28082,1,0,64 38,1,70,,28084,1,0,64 38,1,30,,28096,1,0,64 38,1,70,,28093,1,0,64 38,1,30,,28081,1,0,64 38,1,70,,4788,1,0,64 38,1,30,,23765,1,0,64 38,1,70,,28080,1,0,64 38,1,40,,28094,1,0,64 38,1,70,,23392,1,0,64 38,1,30,,28085,1,0,64 38,1,70,,19586,1,0,64 38,1,30,,28091,1,0,64 38,1,70,,28090,1,0,64 38,1,30,,28089,1,0,64 38,1
30900,'11',630,,28116,32,4,,1,70,,28102,32,4,,1,31,,28118,32,4,,1,70,,22716,32,4,,1,30,,28109,32,4,,1,70,,28117,32,4,,1,30,,28105,32,4,,1,70,,28112,32,4,,1,31,,28114,32,4,,1,70,,28099,32,4,,1,30,,28104,32,4,,1,70,,28100,32,4,,1,30,,28108,32,4,,1,70,,28106,32,4,,1,30,,28110,32,4,,1,70,,28098,32,4,,1,35,,28115,32,4,,1,70,,28101,32,4,,1,30,,28097,32,4,,1,70,,28113,32,4,,1,30,,28103,32,4,,1,70,,28111,32,4,,1,30,,28107,32,4,,1
30900,'3',630,,28138,32,4,,1,70,,28124,32,4,,1,31,,28140,32,4,,1,70,,22738,32,4,,1,30,,28131,32,4,,1,70,,28139,32,4,,1,30,,28127,32,4,,1,70,,28134,32,4,,1,31,,28136,32,4,,1,70,,28121,32,4,,1,30,,28126,32,4,,1,70,,28122,32,4,,1,30,,28130,32,4,,1,70,,28128,32,4,,1,30,,28132,32,4,,1,70,,28120,32,4,,1,35,,28137,32,4,,1,70,,28123,32,4,,1,30,,28119,32,4,,1,70,,28135,32,4,,1,30,,28125,32,4,,1,70,,28133,32,4,,1,30,,28129,32,4,,1
40800,'1',636,,30775,51,4,,1,70,,30762,51,4,,1,30,,24141,51,4,,1,70,,30783,51,4,,1,30,,30764,51,4,,1,70,,30773,51,4,,1,30,,30781,51,4,,1,70,,30768,51,4,,1,32,,30761,51,4,,1,70,,30767,51,4,,1,30,,30778,51,4,,1,70,,30769,51,4,,1,30,,30785,51,4,,1,70,,30772,51,4,,1,30,,30776,51,4,,1,70,,30777,51,4,,1,30,,30784,51,4,,1,70,,30787,51,4,,1,30,,30774,51,4,,1,70,,30770,51,4,,1,30,,30771,51,4,,1,70,,30765,51,4,,1,30,,30779,51,4,,1,70,,30780,51,4,,1,100,,23530,51,4,,1,100,,30766,51,4,,1,100,,30786,51,4,,1,100,,22629,51,4,,1,100,,30763,51,4,,1,100,,30782,51,4,,1
40800,'11',1808,,23147,51,4,,1,100,,30793,51,4,,1,100,,30790,51,4,,1,100,,30791,51,4,,1,100,,30788,51,4,,1,100,,30792,51,4,,1,100,,30789,51,4,,1
40800,'12',1108,,30794,51,4,,1,100,,30796,51,4,,1,100,,30799,51,4,,1,100,,30797,51,4,,1,100,,30801,51,4,,1,100,,30795,51,4,,1,100,,30800,51,4,,1,100,,30798,51,4,,1
40800,'14',636,,30817,51,4,,1,70,,30803,51,4,,1,30,,30819,51,4,,1,70,,30824,51,4,,1,30,,30805,51,4,,1,70,,30815,51,4,,1,30,,30822,51,4,,1,70,,30809,51,4,,1,32,,30802,51,4,,1,70,,30808,51,4,,1,30,,24976,51,4,,1,70,,30810,51,4,,1,30,,30826,51,4,,1,70,,30814,51,4,,1,30,,30818,51,4,,1,70,,26787,51,4,,1,30,,30825,51,4,,1,70,,30828,51,4,,1,30,,30816,51,4,,1,70,,30812,51,4,,1,30,,17982,51,4,,1,70,,30806,51,4,,1,30,,30820,51,4,,1,70,,30821,51,4,,1,100,,30813,51,4,,1,100,,30807,51,4,,1,100,,30827,51,4,,1,100,,30811,51,4,,1,100,,30804,51,4,,1,100,,30823,51,4,,1
40800,'3',1808,,23160,51,4,,1,100,,30834,51,4,,1,100,,30831,51,4,,1,100,,30832,51,4,,1,100,,30829,51,4,,1,100,,30833,51,4,,1,100,,30830,51,4,,1
40800,'8',906,,25489,51,4,,1,100,,30836,51,4,,1,32,,30845,51,4,,1,70,,30850,51,4,,1,30,,30840,51,4,,1,70,,30843,51,4,,1,30,,26064,51,4,,1,70,,30846,51,4,,1,30,,30839,51,4,,1,70,,30849,51,4,,1,30,,30842,51,4,,1,70,,25796,51,4,,1,30,,30835,51,4,,1,70,,30847,51,4,,1,30,,30838,51,4,,1,70,,30848,51,4,,1,30,,30844,51,4,,1,70,,26215,51,4,,1,100,,30837,51,4,,1,100,,30841,51,4,,1
40801,'1',650,,30863,1,0,64 38,1,70,,30861,1,0,64 38,1,30,,30873,1,0,64 38,1,70,,30854,1,0,64 38,1,30,,30853,1,0,64 38,1,70,,30855,1,0,64 38,1,30,,22382,1,0,64 38,1,70,,30859,1,0,64 38,1,30,,30864,1,0,64 38,1,70,,30851,1,0,64 38,1,30,,22390,1,0,64 38,1,70,,30865,1,0,64 38,1,30,,23596,1,0,64 38,1,70,,24133,1,0,64 38,1,30,,30871,1,0,64 38,1,70,,30869,1,0,64 38,1,30,,22327,1,0,64 38,1,70,,30872,1,0,64 38,1,30,,30870,1,0,64 38,1,70,,30862,1,0,64 38,1,30,,30852,1,0,64 38,1,70,,30860,1,0,64 38,1,30,,30858,1,0,64 38,1,70,,30867,1,0,64 38,1,100,,30866,1,0,64 38,1,100,,21675,1,0,64 38,1,100,,30857,1,0,64 38,1,100,,30868,1,0,64 38,1,100,,30856,1,0,64 38,1
40801,'11',1820,,30875,1,0,64 38,1,100,,30879,1,0,64 38,1,100,,30877,1,0,64 38,1,100,,30878,1,0,64 38,1,100,,30876,1,0,64 38,1,100,,30874,1,0,64 38,1
40801,'12',1120,,30881,1,0,64 38,1,100,,30883,1,0,64 38,1,100,,30884,1,0,64 38,1,100,,30885,1,0,64 38,1,100,,30886,1,0,64 38,1,100,,30880,1,0,64 38,1,100,,30882,1,0,64 38,1
40801,'14',650,,30903,1,0,64 38,1,70,,30901,1,0,64 38,1,30,,30913,1,0,64 38,1,70,,30889,1,0,64 38,1,30,,30888,1,0,64 38,1,70,,30890,1,0,64 38,1,30,,30891,1,0,64 38,1,70,,25113,1,0,64 38,1,30,,30904,1,0,64 38,1,70,,18980,1,0,64 38,1,30,,30898,1,0,64 38,1,70,,30905,1,0,64 38,1,30,,30899,1,0,64 38,1,70,,30893,1,0,64 38,1,30,,30911,1,0,64 38,1,70,,30909,1,0,64 38,1,30,,30900,1,0,64 38,1,70,,30912,1,0,64 38,1,30,,30910,1,0,64 38,1,70,,30902,1,0,64 38,1,30,,30887,1,0,64 38,1,70,,30896,1,0,64 38,1,30,,30895,1,0,64 38,1,70,,30907,1,0,64 38,1,100,,30906,1,0,64 38,1,100,,30897,1,0,64 38,1,100,,30894,1,0,64 38,1,100,,30908,1,0,64 38,1,100,,30892,1,0,64 38,1
40801,'3',1820,,30915,1,0,64 38,1,100,,30919,1,0,64 38,1,100,,30917,1,0,64 38,1,100,,30918,1,0,64 38,1,100,,30916,1,0,64 38,1,100,,30914,1,0,64 38,1
40801,'8',920,,30922,1,0,64 38,1,100,,30920,1,0,64 38,1,30,,30929,1,0,64 38,1,70,,30937,1,0,64 38,1,30,,30928,1,0,64 38,1,70,,30923,1,0,64 38,1,30,,30930,1,0,64 38,1,70,,30934,1,0,64 38,1,30,,30932,1,0,64 38,1,70,,30926,1,0,64 38,1,30,,30936,1,0,64 38,1,70,,30924,1,0,64 38,1,30,,30925,1,0,64 38,1,70,,30927,1,0,64 38,1,30,,30921,1,0,64 38,1,70,,30931,1,0,64 38,1,30,,30935,1,0,64 38,1,70,,30938,1,0,64 38,1,100,,30933,1,0,64 38,1
40900,'1',704,,30954,32,4,,1,30,,30948,32,4,,1,70,,30950,32,4,,1,30,,30946,32,4,,1,70,,30945,32,4,,1,30,,30962,32,4,,1,70,,30939,32,4,,1,33,,26672,32,4,,1,70,,22521,32,4,,1,30,,30961,32,4,,1,70,,30949,32,4,,1,30,,30960,32,4,,1,70,,30942,32,4,,1,30,,30943,32,4,,1,70,,30964,32,4,,1,30,,30956,32,4,,1,70,,30941,32,4,,1,30,,30959,32,4,,1,70,,30951,32,4,,1,30,,30953,32,4,,1,70,,30963,32,4,,1,30,,30955,32,4,,1,70,,30947,32,4,,1,100,,21683,32,4,,1,96,,30952,32,4,,1,100,,30940,32,4,,1,100,,30957,32,4,,1,100,,30958,32,4,,1,100,,30944,32,4,,1
40900,'11',1807,,30968,32,4,,1,100,,30970,32,4,,1,96,,30971,32,4,,1,100,,30965,32,4,,1,100,,30969,32,4,,1,100,,30966,32,4,,1,100,,30967,32,4,,1
40900,'12',1107,,27297,32,4,,1,100,,30978,32,4,,1,100,,30976,32,4,,1,100,,30977,32,4,,1,100,,30973,32,4,,1,100,,30972,32,4,,1,100,,30975,32,4,,1,100,,30974,32,4,,1
40900,'14',704,,26189,32,4,,1,30,,30989,32,4,,1,70,,26547,32,4,,1,30,,30987,32,4,,1,70,,30986,32,4,,1,30,,31002,32,4,,1,70,,30979,32,4,,1,33,,30985,32,4,,1,70,,30993,32,4,,1,30,,31001,32,4,,1,70,,30990,32,4,,1,30,,31000,32,4,,1,70,,30982,32,4,,1,30,,30983,32,4,,1,70,,31004,32,4,,1,30,,30996,32,4,,1,70,,30981,32,4,,1,30,,30999,32,4,,1,70,,30991,32,4,,1,30,,26114,32,4,,1,70,,31003,32,4,,1,30,,30995,32,4,,1,70,,30988,32,4,,1,100,,30994,32,4,,1,96,,30992,32,4,,1,100,,30980,32,4,,1,100,,30997,32,4,,1,100,,30998,32,4,,1,100,,30984,32,4,,1
40900,'3',1807,,31008,32,4,,1,100,,31010,32,4,,1,96,,31011,32,4,,1,100,,31005,32,4,,1,100,,31009,32,4,,1,100,,31006,32,4,,1,100,,31007,32,4,,1
40900,'8',904,,31020,32,4,,1,133,,31013,32,4,,1,70,,31017,32,4,,1,30,,31022,32,4,,1,70,,31024,32,4,,1,30,,31014,32,4,,1,70,,31025,32,4,,1,100,,31023,32,4,,1,30,,26059,32,4,,1,70,,25334,32,4,,1,30,,31016,32,4,,1,70,,31019,32,4,,1,30,,31015,32,4,,1,70,,26141,32,4,,1,30,,31012,32,4,,1,70,,31021,32,4,,1,100,,24648,32,4,,1,96,,31018,32,4,,1
41701,'1',620,,31991,1,0,62,1,30,,32011,1,0,62,1,70,,31997,1,0,62,1,30,,23600,1,0,62,1,70,,22835,1,0,62,1,30,,32000,1,0,62,1,70,,31998,1,0,62,1,30,,31992,1,0,62,1,70,,26889,1,0,62,1,30,,32013,1,0,62,1,70,,32014,1,0,62,1,30,,31993,1,0,62,1,70,,32002,1,0,62,1,30,,32005,1,0,62,1,70,,32001,1,0,62,1,30,,31999,1,0,62,1,70,,32003,1,0,62,1,30,,32008,1,0,62,1,70,,31994,1,0,62,1,30,,32012,1,0,62,1,70,,31990,1,0,62,1,30,,32010,1,0,62,1,70,,32009,1,0,62,1,30,,32007,1,0,62,1,70,,32006,1,0,62,1,100,,32004,1,0,62,1,100,,31996,1,0,62,1,100,,22901,1,0,62,1,100,,22196,1,0,62,1,100,,31995,1,0,62,1
41701,'11',1820,,32015,1,0,62,1,100,,32016,1,0,62,1,100,,32017,1,0,62,1,100,,32018,1,0,62,1,100,,32019,1,0,62,1,100,,25274,1,0,62,1
41701,'12',1120,,32021,1,0,62,1,100,,32025,1,0,62,1,100,,32024,1,0,62,1,100,,32022,1,0,62,1,100,,32023,1,0,62,1,100,,32020,1,0,62,1,100,,32026,1,0,62,1
41701,'14',620,,32029,1,0,62,1,30,,32051,1,0,62,1,70,,32035,1,0,62,1,30,,32041,1,0,62,1,70,,32036,1,0,62,1,30,,32038,1,0,62,1,70,,25386,1,0,62,1,30,,32030,1,0,62,1,70,,32028,1,0,62,1,30,,32053,1,0,62,1,70,,32054,1,0,62,1,30,,32031,1,0,62,1,70,,32040,1,0,62,1,30,,32044,1,0,62,1,70,,32039,1,0,62,1,30,,32037,1,0,62,1,70,,32042,1,0,62,1,30,,32048,1,0,62,1,70,,24778,1,0,62,1,30,,32052,1,0,62,1,70,,32027,1,0,62,1,30,,32050,1,0,62,1,70,,32049,1,0,62,1,30,,32047,1,0,62,1,70,,32046,1,0,62,1,100,,32043,1,0,62,1,100,,32034,1,0,62,1,100,,32045,1,0,62,1,100,,32033,1,0,62,1,100,,32032,1,0,62,1
41701,'3',1820,,32055,1,0,62,1,100,,32056,1,0,62,1,100,,32057,1,0,62,1,100,,32058,1,0,62,1,100,,32059,1,0,62,1,100,,25323,1,0,62,1
41701,'8',920,,32075,1,0,62,1,130,,32063,1,0,62,1,70,,32071,1,0,62,1,30,,32068,1,0,62,1,70,,32069,1,0,62,1,30,,32074,1,0,62,1,70,,32060,1,0,62,1,100,,32072,1,0,62,1,30,,32061,1,0,62,1,70,,32070,1,0,62,1,30,,32064,1,0,62,1,70,,32065,1,0,62,1,30,,32067,1,0,62,1,70,,32066,1,0,62,1,30,,32062,1,0,62,1,70,,32073,1,0,62,1,100,,25341,1,0,62,1
