30100,'12',617,,32810,24,0,5 6,1,30,,32795,24,0,5 6,1,70,,32770,24,0,5 6,1,30,,32777,24,0,5 6,1,70,,32812,24,0,5 6,1,30,,32785,24,0,5 6,1,70,,32790,24,0,5 6,1,30,,32786,24,0,5 6,1,70,,32789,24,0,5 6,1,30,,32804,24,0,5 6,1,70,,32771,24,0,5 6,1,30,,32778,24,0,5 6,1,70,,32776,24,0,5 6,1,30,,32774,24,0,5 6,1,70,,32768,24,0,5 6,1,30,,32794,24,0,5 6,1,70,,32773,24,0,5 6,1,30,,32806,24,0,5 6,1,70,,32802,24,0,5 6,1,30,,32803,24,0,5 6,1,70,,32780,24,0,5 6,1,30,,32807,24,0,5 6,1,70,,32796,24,0,5 6,1,30,,32787,24,0,5 6,1
30100,'13',617,,32852,24,0,5 6,1,30,,32839,24,0,5 6,1,70,,32816,24,0,5 6,1,30,,32823,24,0,5 6,1,70,,32854,24,0,5 6,1,30,,32831,24,0,5 6,1,70,,32836,24,0,5 6,1,30,,32832,24,0,5 6,1,70,,32835,24,0,5 6,1,30,,32847,24,0,5 6,1,70,,32817,24,0,5 6,1,30,,32824,24,0,5 6,1,70,,32822,24,0,5 6,1,30,,32820,24,0,5 6,1,70,,32814,24,0,5 6,1,30,,32838,24,0,5 6,1,70,,32819,24,0,5 6,1,30,,32848,24,0,5 6,1,70,,32845,24,0,5 6,1,30,,32846,24,0,5 6,1,70,,32826,24,0,5 6,1,30,,32849,24,0,5 6,1,70,,32840,24,0,5 6,1,30,,32833,24,0,5 6,1
30100,'3',617,,32894,24,0,5 6,1,30,,32881,24,0,5 6,1,70,,32858,24,0,5 6,1,30,,32865,24,0,5 6,1,70,,32896,24,0,5 6,1,30,,32873,24,0,5 6,1,70,,32878,24,0,5 6,1,30,,32874,24,0,5 6,1,70,,32877,24,0,5 6,1,30,,32889,24,0,5 6,1,70,,32859,24,0,5 6,1,30,,32866,24,0,5 6,1,70,,32864,24,0,5 6,1,30,,32862,24,0,5 6,1,70,,32856,24,0,5 6,1,30,,32880,24,0,5 6,1,70,,32861,24,0,5 6,1,30,,32890,24,0,5 6,1,70,,32887,24,0,5 6,1,30,,32888,24,0,5 6,1,70,,32868,24,0,5 6,1,30,,32891,24,0,5 6,1,70,,32882,24,0,5 6,1,30,,32875,24,0,5 6,1
30100,'6',617,,32941,24,0,5 6,1,30,,32926,24,0,5 6,1,70,,32901,24,0,5 6,1,30,,32908,24,0,5 6,1,70,,32943,24,0,5 6,1,30,,32916,24,0,5 6,1,70,,32921,24,0,5 6,1,30,,32917,24,0,5 6,1,70,,32920,24,0,5 6,1,30,,32935,24,0,5 6,1,70,,32902,24,0,5 6,1,30,,32909,24,0,5 6,1,70,,32907,24,0,5 6,1,30,,32905,24,0,5 6,1,70,,32899,24,0,5 6,1,30,,32925,24,0,5 6,1,70,,32904,24,0,5 6,1,30,,32937,24,0,5 6,1,70,,32933,24,0,5 6,1,30,,32934,24,0,5 6,1,70,,32911,24,0,5 6,1,30,,32938,24,0,5 6,1,70,,32927,24,0,5 6,1,30,,32918,24,0,5 6,1
40100,'1',641,,31498,24,0,8,1,70,,37760,24,0,8,1,30,,37775,24,0,8,1,70,,37763,24,0,8,1,30,,37783,24,0,8,1,70,,37779,24,0,8,1,30,,37772,24,0,8,1,70,,37793,24,0,8,1,30,,37752,24,0,8,1,70,,37792,24,0,8,1,30,,37789,24,0,8,1,70,,37771,24,0,8,1,30,,37745,24,0,8,1,70,,32649,24,0,8,1,30,,37750,24,0,8,1,70,,37754,24,0,8,1,30,,37770,24,0,8,1,70,,37768,24,0,8,1,30,,37747,24,0,8,1,70,,37774,24,0,8,1,30,,37787,24,0,8,1,70,,37781,24,0,8,1,30,,31183,24,0,8,1,70,,37756,24,0,8,1,100,,37778,24,0,8,1,100,,37765,24,0,8,1,100,,37777,24,0,8,1,100,,37759,24,0,8,1,100,,37757,24,0,8,1,100,,31193,24,0,8,1
40100,'11',641,,37826,24,0,8,1,70,,37811,24,0,8,1,30,,37832,24,0,8,1,70,,37816,24,0,8,1,30,,37842,24,0,8,1,70,,37837,24,0,8,1,30,,37827,24,0,8,1,70,,37852,24,0,8,1,30,,37803,24,0,8,1,70,,37851,24,0,8,1,30,,37848,24,0,8,1,70,,37825,24,0,8,1,30,,37796,24,0,8,1,70,,37831,24,0,8,1,30,,37801,24,0,8,1,70,,37805,24,0,8,1,30,,37824,24,0,8,1,70,,37822,24,0,8,1,30,,37798,24,0,8,1,70,,37830,24,0,8,1,30,,37846,24,0,8,1,70,,37839,24,0,8,1,30,,37815,24,0,8,1,70,,37807,24,0,8,1,100,,37836,24,0,8,1,100,,37819,24,0,8,1,100,,37834,24,0,8,1,100,,37810,24,0,8,1,100,,37808,24,0,8,1,100,,37853,24,0,8,1
40100,'12',1811,,37861,24,0,8,1,100,,37858,24,0,8,1,100,,37867,24,0,8,1,100,,37865,24,0,8,1,100,,37866,24,0,8,1,100,,37859,24,0,8,1,100,,37857,24,0,8,1
40100,'13',1811,,37873,24,0,8,1,100,,37870,24,0,8,1,100,,37879,24,0,8,1,100,,37877,24,0,8,1,100,,37878,24,0,8,1,100,,37871,24,0,8,1,100,,27848,24,0,8,1
40100,'14',1111,,37890,24,0,8,1,100,,37892,24,0,8,1,100,,37884,24,0,8,1,100,,37882,24,0,8,1,100,,37889,24,0,8,1,100,,37893,24,0,8,1,100,,37891,24,0,8,1,100,,37886,24,0,8,1
40100,'16',641,,31539,24,0,8,1,70,,37912,24,0,8,1,30,,37927,24,0,8,1,70,,37915,24,0,8,1,30,,37935,24,0,8,1,70,,37931,24,0,8,1,30,,37924,24,0,8,1,70,,37945,24,0,8,1,30,,37904,24,0,8,1,70,,37944,24,0,8,1,30,,37941,24,0,8,1,70,,37923,24,0,8,1,30,,37897,24,0,8,1,70,,32668,24,0,8,1,30,,37902,24,0,8,1,70,,37906,24,0,8,1,30,,37922,24,0,8,1,70,,37920,24,0,8,1,30,,37899,24,0,8,1,70,,37926,24,0,8,1,30,,37939,24,0,8,1,70,,37933,24,0,8,1,30,,26849,24,0,8,1,70,,37908,24,0,8,1,100,,37930,24,0,8,1,100,,37917,24,0,8,1,100,,37929,24,0,8,1,100,,37911,24,0,8,1,100,,37909,24,0,8,1,100,,31222,24,0,8,1
40100,'3',1811,,37951,24,0,8,1,100,,37948,24,0,8,1,100,,37957,24,0,8,1,100,,37955,24,0,8,1,100,,37956,24,0,8,1,100,,37949,24,0,8,1,100,,27869,24,0,8,1
40100,'6',1811,,37965,24,0,8,1,100,,37962,24,0,8,1,100,,37971,24,0,8,1,100,,37969,24,0,8,1,100,,37970,24,0,8,1,100,,37963,24,0,8,1,100,,37961,24,0,8,1
40100,'8',911,,37973,24,0,8,1,100,,37986,24,0,8,1,30,,38003,24,0,8,1,70,,37977,24,0,8,1,30,,37993,24,0,8,1,70,,32420,24,0,8,1,30,,37972,24,0,8,1,70,,37996,24,0,8,1,30,,38007,24,0,8,1,70,,38001,24,0,8,1,30,,38006,24,0,8,1,70,,37989,24,0,8,1,30,,38005,24,0,8,1,70,,37991,24,0,8,1,30,,37988,24,0,8,1,70,,37990,24,0,8,1,30,,37974,24,0,8,1,70,,38002,24,0,8,1,100,,37981,24,0,8,1,100,,37980,24,0,8,1
