30601,'12',626,,33972,4,0,9 12,1,30,,33966,4,0,9 12,1,70,,33953,4,0,9 12,1,30,,33970,4,0,9 12,1,70,,33958,4,0,9 12,1,30,,33968,4,0,9 12,1,70,,33974,4,0,9 12,1,30,,33975,4,0,9 12,1,70,,33969,4,0,9 12,1,30,,33957,4,0,9 12,1,70,,33960,4,0,9 12,1,30,,33955,4,0,9 12,1,70,,33952,4,0,9 12,1,30,,33956,4,0,9 12,1,70,,33971,4,0,9 12,1,30,,33962,4,0,9 12,1,70,,33961,4,0,9 12,1,25,,33959,4,0,9 12,1,5,,33967,4,0,9 12,1,70,,33973,4,0,9 12,1,30,,33965,4,0,9 12,1,70,,33963,4,0,9 12,1,30,,33964,4,0,9 12,1,70,,33951,4,0,9 12,1,30,,33954,4,0,9 12,1
30601,'13',626,,33994,4,0,9 12,1,30,,33988,4,0,9 12,1,70,,33977,4,0,9 12,1,30,,33992,4,0,9 12,1,70,,33982,4,0,9 12,1,30,,33990,4,0,9 12,1,70,,33995,4,0,9 12,1,30,,33996,4,0,9 12,1,70,,33991,4,0,9 12,1,30,,33981,4,0,9 12,1,70,,28401,4,0,9 12,1,30,,33979,4,0,9 12,1,70,,33976,4,0,9 12,1,30,,33980,4,0,9 12,1,70,,33993,4,0,9 12,1,30,,33985,4,0,9 12,1,70,,33984,4,0,9 12,1,25,,33983,4,0,9 12,1,5,,33989,4,0,9 12,1,70,,28711,4,0,9 12,1,30,,28692,4,0,9 12,1,70,,33986,4,0,9 12,1,30,,33987,4,0,9 12,1,70,,28678,4,0,9 12,1,30,,33978,4,0,9 12,1
30601,'3',626,,34015,4,0,9 12,1,30,,34009,4,0,9 12,1,70,,33998,4,0,9 12,1,30,,34013,4,0,9 12,1,70,,34003,4,0,9 12,1,30,,34011,4,0,9 12,1,70,,34016,4,0,9 12,1,30,,34017,4,0,9 12,1,70,,34012,4,0,9 12,1,30,,34002,4,0,9 12,1,70,,28422,4,0,9 12,1,30,,34000,4,0,9 12,1,70,,33997,4,0,9 12,1,30,,34001,4,0,9 12,1,70,,34014,4,0,9 12,1,30,,34006,4,0,9 12,1,70,,34005,4,0,9 12,1,25,,34004,4,0,9 12,1,5,,34010,4,0,9 12,1,70,,28755,4,0,9 12,1,30,,28736,4,0,9 12,1,70,,34007,4,0,9 12,1,30,,34008,4,0,9 12,1,70,,28722,4,0,9 12,1,30,,33999,4,0,9 12,1
30601,'6',626,,34039,4,0,9 12,1,30,,34033,4,0,9 12,1,70,,34020,4,0,9 12,1,30,,34037,4,0,9 12,1,70,,34025,4,0,9 12,1,30,,34035,4,0,9 12,1,70,,34041,4,0,9 12,1,30,,34042,4,0,9 12,1,70,,34036,4,0,9 12,1,30,,34024,4,0,9 12,1,70,,34027,4,0,9 12,1,30,,34022,4,0,9 12,1,70,,34019,4,0,9 12,1,30,,34023,4,0,9 12,1,70,,34038,4,0,9 12,1,30,,34029,4,0,9 12,1,70,,34028,4,0,9 12,1,25,,34026,4,0,9 12,1,5,,34034,4,0,9 12,1,70,,34040,4,0,9 12,1,30,,34032,4,0,9 12,1,70,,34030,4,0,9 12,1,30,,34031,4,0,9 12,1,70,,34018,4,0,9 12,1,30,,34021,4,0,9 12,1
40601,'1',654,,38965,4,0,9 12,1,70,,38943,4,0,9 12,1,30,,32093,4,0,9 12,1,70,,38953,4,0,9 12,1,30,,38945,4,0,9 12,1,70,,38955,4,0,9 12,1,30,,38961,4,0,9 12,1,70,,32509,4,0,9 12,1,30,,38962,4,0,9 12,1,70,,38946,4,0,9 12,1,30,,38957,4,0,9 12,1,70,,38951,4,0,9 12,1,30,,38949,4,0,9 12,1,70,,38942,4,0,9 12,1,30,,38950,4,0,9 12,1,70,,38947,4,0,9 12,1,30,,38967,4,0,9 12,1,70,,38952,4,0,9 12,1,30,,38958,4,0,9 12,1,70,,38954,4,0,9 12,1,30,,38963,4,0,9 12,1,70,,38966,4,0,9 12,1,30,,38964,4,0,9 12,1,70,,38959,4,0,9 12,1,100,,38944,4,0,9 12,1,100,,38960,4,0,9 12,1,100,,38948,4,0,9 12,1,100,,38956,4,0,9 12,1,100,,23235,4,0,9 12,1
40601,'11',654,,38994,4,0,9 12,1,70,,38969,4,0,9 12,1,30,,38989,4,0,9 12,1,70,,38979,4,0,9 12,1,30,,38971,4,0,9 12,1,70,,38981,4,0,9 12,1,30,,38987,4,0,9 12,1,70,,38992,4,0,9 12,1,30,,38990,4,0,9 12,1,70,,38972,4,0,9 12,1,30,,38983,4,0,9 12,1,70,,38977,4,0,9 12,1,30,,38975,4,0,9 12,1,70,,38968,4,0,9 12,1,30,,38976,4,0,9 12,1,70,,38973,4,0,9 12,1,30,,38996,4,0,9 12,1,70,,38978,4,0,9 12,1,30,,38984,4,0,9 12,1,70,,38980,4,0,9 12,1,30,,38991,4,0,9 12,1,70,,38995,4,0,9 12,1,30,,38993,4,0,9 12,1,70,,38985,4,0,9 12,1,100,,38970,4,0,9 12,1,100,,38986,4,0,9 12,1,100,,38974,4,0,9 12,1,100,,38982,4,0,9 12,1,100,,38988,4,0,9 12,1
40601,'12',1824,,39001,4,0,9 12,1,100,,39002,4,0,9 12,1,100,,38998,4,0,9 12,1,100,,38999,4,0,9 12,1,100,,39000,4,0,9 12,1,100,,38997,4,0,9 12,1
40601,'13',1824,,39006,4,0,9 12,1,100,,39007,4,0,9 12,1,100,,39004,4,0,9 12,1,100,,39005,4,0,9 12,1,100,,23354,4,0,9 12,1,100,,39003,4,0,9 12,1
40601,'14',1124,,39010,4,0,9 12,1,100,,39009,4,0,9 12,1,100,,39012,4,0,9 12,1,100,,39014,4,0,9 12,1,100,,39013,4,0,9 12,1,100,,39008,4,0,9 12,1,100,,39011,4,0,9 12,1
40601,'16',654,,39039,4,0,9 12,1,70,,39016,4,0,9 12,1,30,,25392,4,0,9 12,1,70,,39026,4,0,9 12,1,30,,39018,4,0,9 12,1,70,,39028,4,0,9 12,1,30,,39034,4,0,9 12,1,70,,39037,4,0,9 12,1,30,,39035,4,0,9 12,1,70,,39019,4,0,9 12,1,30,,39030,4,0,9 12,1,70,,39024,4,0,9 12,1,30,,39022,4,0,9 12,1,70,,39015,4,0,9 12,1,30,,39023,4,0,9 12,1,70,,39020,4,0,9 12,1,30,,39041,4,0,9 12,1,70,,39025,4,0,9 12,1,30,,39031,4,0,9 12,1,70,,39027,4,0,9 12,1,30,,39036,4,0,9 12,1,70,,39040,4,0,9 12,1,30,,39038,4,0,9 12,1,70,,39032,4,0,9 12,1,100,,39017,4,0,9 12,1,100,,39033,4,0,9 12,1,100,,39021,4,0,9 12,1,100,,39029,4,0,9 12,1,100,,31856,4,0,9 12,1
40601,'3',1824,,39045,4,0,9 12,1,100,,39046,4,0,9 12,1,100,,39043,4,0,9 12,1,100,,39044,4,0,9 12,1,100,,23392,4,0,9 12,1,100,,39042,4,0,9 12,1
40601,'6',1824,,39051,4,0,9 12,1,100,,39052,4,0,9 12,1,100,,39048,4,0,9 12,1,100,,39049,4,0,9 12,1,100,,39050,4,0,9 12,1,100,,39047,4,0,9 12,1
40601,'8',924,,30022,4,0,9 12,1,100,,39062,4,0,9 12,1,30,,39059,4,0,9 12,1,70,,39057,4,0,9 12,1,30,,39056,4,0,9 12,1,70,,39066,4,0,9 12,1,30,,39055,4,0,9 12,1,70,,39053,4,0,9 12,1,30,,39063,4,0,9 12,1,70,,39060,4,0,9 12,1,30,,31890,4,0,9 12,1,70,,39054,4,0,9 12,1,30,,39058,4,0,9 12,1,70,,39065,4,0,9 12,1,30,,39061,4,0,9 12,1,70,,39064,4,0,9 12,1,30,,25154,4,0,9 12,1,70,,39068,4,0,9 12,1,100,,39067,4,0,9 12,1
