30900,'15',623,,11181,14,0,23,1,30,,11199,14,0,23,1,70,,11201,14,0,23,1,30,,11185,14,0,23,1,70,,11188,14,0,23,1,30,,11179,14,0,23,1,70,,11194,14,0,23,1,30,,11182,14,0,23,1,71,,11187,14,0,23,1,30,,11190,14,0,23,1,70,,11186,14,0,23,1,30,,11195,14,0,23,1,70,,11183,14,0,23,1,30,,11197,14,0,23,1,70,,11191,14,0,23,1,30,,11198,14,0,23,1,74,,11180,14,0,23,1,30,,11196,14,0,23,1,70,,11200,14,0,23,1,30,,11193,14,0,23,1,70,,11189,14,0,23,1,30,,11192,14,0,23,1,70,,11184,14,0,23,1
30900,'16',623,,11204,14,0,23,1,30,,11220,14,0,23,1,70,,11222,14,0,23,1,30,,11208,14,0,23,1,70,,7321,14,0,23,1,30,,11202,14,0,23,1,70,,11215,14,0,23,1,30,,11205,14,0,23,1,71,,5250,14,0,23,1,30,,11211,14,0,23,1,70,,11209,14,0,23,1,30,,11216,14,0,23,1,70,,11206,14,0,23,1,30,,11218,14,0,23,1,70,,11212,14,0,23,1,30,,11219,14,0,23,1,74,,11203,14,0,23,1,30,,11217,14,0,23,1,70,,11221,14,0,23,1,30,,11214,14,0,23,1,70,,11210,14,0,23,1,30,,11213,14,0,23,1,70,,11207,14,0,23,1
30900,'17',623,,11224,14,0,23,1,30,,11240,14,0,23,1,70,,11242,14,0,23,1,30,,11228,14,0,23,1,70,,7329,14,0,23,1,30,,11223,14,0,23,1,70,,11235,14,0,23,1,30,,11225,14,0,23,1,71,,5300,14,0,23,1,30,,11231,14,0,23,1,70,,11229,14,0,23,1,30,,11236,14,0,23,1,70,,11226,14,0,23,1,30,,11238,14,0,23,1,70,,11232,14,0,23,1,30,,11239,14,0,23,1,74,,3190,14,0,23,1,30,,11237,14,0,23,1,70,,11241,14,0,23,1,30,,11234,14,0,23,1,70,,11230,14,0,23,1,30,,11233,14,0,23,1,70,,11227,14,0,23,1
30900,'19',623,,5331,14,0,23,1,30,,11262,14,0,23,1,70,,11264,14,0,23,1,30,,11248,14,0,23,1,70,,11251,14,0,23,1,30,,11243,14,0,23,1,70,,11257,14,0,23,1,30,,11245,14,0,23,1,71,,11250,14,0,23,1,30,,11253,14,0,23,1,70,,11249,14,0,23,1,30,,11258,14,0,23,1,70,,11246,14,0,23,1,30,,11260,14,0,23,1,70,,11254,14,0,23,1,30,,11261,14,0,23,1,74,,11244,14,0,23,1,30,,11259,14,0,23,1,70,,11263,14,0,23,1,30,,11256,14,0,23,1,70,,11252,14,0,23,1,30,,11255,14,0,23,1,70,,11247,14,0,23,1
30900,'5',623,,11267,14,0,23,1,30,,11282,14,0,23,1,70,,11284,14,0,23,1,30,,11271,14,0,23,1,70,,7372,14,0,23,1,30,,11265,14,0,23,1,70,,11277,14,0,23,1,30,,11268,14,0,23,1,71,,5430,14,0,23,1,30,,11274,14,0,23,1,70,,11272,14,0,23,1,30,,11278,14,0,23,1,70,,11269,14,0,23,1,30,,11280,14,0,23,1,70,,11275,14,0,23,1,30,,11281,14,0,23,1,74,,11266,14,0,23,1,30,,11279,14,0,23,1,70,,11283,14,0,23,1,30,,11276,14,0,23,1,70,,11273,14,0,23,1,30,,5021,14,0,23,1,70,,11270,14,0,23,1
30900,'6',623,,11287,14,0,23,1,30,,11305,14,0,23,1,70,,11307,14,0,23,1,30,,11291,14,0,23,1,70,,11294,14,0,23,1,30,,11285,14,0,23,1,70,,11300,14,0,23,1,30,,11288,14,0,23,1,71,,11293,14,0,23,1,30,,11296,14,0,23,1,70,,11292,14,0,23,1,30,,11301,14,0,23,1,70,,11289,14,0,23,1,30,,11303,14,0,23,1,70,,11297,14,0,23,1,30,,11304,14,0,23,1,74,,11286,14,0,23,1,30,,11302,14,0,23,1,70,,11306,14,0,23,1,30,,11299,14,0,23,1,70,,11295,14,0,23,1,30,,11298,14,0,23,1,70,,11290,14,0,23,1
40900,'1',1058,,18129,14,0,23,1,100,,18131,14,0,23,1,100,,18132,14,0,23,1,100,,18128,14,0,23,1,100,,18135,14,0,23,1,100,,18130,14,0,23,1,100,,18133,14,0,23,1,100,,18134,14,0,23,1
40900,'10',657,,18162,14,0,23,1,70,,18151,14,0,23,1,30,,18154,14,0,23,1,70,,18144,14,0,23,1,30,,18141,14,0,23,1,70,,18146,14,0,23,1,30,,18163,14,0,23,1,71,,18155,14,0,23,1,30,,18149,14,0,23,1,70,,18153,14,0,23,1,30,,18143,14,0,23,1,70,,18160,14,0,23,1,30,,18150,14,0,23,1,70,,18164,14,0,23,1,30,,18147,14,0,23,1,70,,18138,14,0,23,1,30,,18139,14,0,23,1,70,,18148,14,0,23,1,30,,18157,14,0,23,1,70,,18136,14,0,23,1,30,,18161,14,0,23,1,70,,18152,14,0,23,1,30,,18156,14,0,23,1,100,,18145,14,0,23,1,99,,18158,14,0,23,1,100,,18159,14,0,23,1,100,,18142,14,0,23,1,100,,18140,14,0,23,1,100,,18137,14,0,23,1
40900,'12',857,,18172,14,0,23,1,100,,18183,14,0,23,1,71,,18171,14,0,23,1,30,,18175,14,0,23,1,70,,18180,14,0,23,1,30,,18166,14,0,23,1,70,,8796,14,0,23,1,30,,18168,14,0,23,1,70,,18177,14,0,23,1,30,,18176,14,0,23,1,70,,18181,14,0,23,1,30,,18165,14,0,23,1,70,,18178,14,0,23,1,30,,18179,14,0,23,1,70,,18167,14,0,23,1,30,,18173,14,0,23,1,70,,18169,14,0,23,1,30,,18170,14,0,23,1,100,,18174,14,0,23,1,99,,18182,14,0,23,1
40900,'15',1758,,18190,14,0,23,1,100,,18189,14,0,23,1,99,,18184,14,0,23,1,100,,18186,14,0,23,1,100,,18185,14,0,23,1,100,,18188,14,0,23,1,100,,18187,14,0,23,1
40900,'16',1758,,18195,14,0,23,1,100,,18194,14,0,23,1,99,,18191,14,0,23,1,100,,18192,14,0,23,1,100,,1183,14,0,23,1,100,,18193,14,0,23,1,100,,419,14,0,23,1
40900,'17',1758,,18200,14,0,23,1,100,,18199,14,0,23,1,99,,18196,14,0,23,1,100,,18197,14,0,23,1,100,,1207,14,0,23,1,100,,18198,14,0,23,1,100,,442,14,0,23,1
40900,'19',1758,,18207,14,0,23,1,100,,18206,14,0,23,1,99,,18201,14,0,23,1,100,,18203,14,0,23,1,100,,18202,14,0,23,1,100,,18205,14,0,23,1,100,,18204,14,0,23,1
40900,'21',657,,18231,14,0,23,1,70,,7226,14,0,23,1,30,,18223,14,0,23,1,70,,18214,14,0,23,1,30,,18212,14,0,23,1,70,,18216,14,0,23,1,30,,18232,14,0,23,1,71,,18224,14,0,23,1,30,,18219,14,0,23,1,70,,18222,14,0,23,1,30,,7753,14,0,23,1,70,,18229,14,0,23,1,30,,18220,14,0,23,1,70,,18233,14,0,23,1,30,,18217,14,0,23,1,70,,18210,14,0,23,1,30,,18211,14,0,23,1,70,,18218,14,0,23,1,30,,18226,14,0,23,1,70,,18208,14,0,23,1,30,,18230,14,0,23,1,70,,18221,14,0,23,1,30,,18225,14,0,23,1,100,,18215,14,0,23,1,99,,18227,14,0,23,1,100,,18228,14,0,23,1,100,,18213,14,0,23,1,100,,7907,14,0,23,1,100,,18209,14,0,23,1
40900,'5',1758,,18238,14,0,23,1,100,,18237,14,0,23,1,99,,18234,14,0,23,1,100,,18235,14,0,23,1,100,,1231,14,0,23,1,100,,18236,14,0,23,1,100,,465,14,0,23,1
40900,'6',1758,,18245,14,0,23,1,100,,18244,14,0,23,1,99,,18239,14,0,23,1,100,,18241,14,0,23,1,100,,18240,14,0,23,1,100,,18243,14,0,23,1,100,,18242,14,0,23,1
