32101,'15',721,,14183,21,0,56,1,100,,14182,21,0,56,1,100,,14189,21,0,56,1,100,,14184,21,0,56,1,100,,14187,21,0,56,1,100,,14179,21,0,56,1,100,,14188,21,0,56,1,102,,14185,21,0,56,1,100,,14190,21,0,56,1,100,,14186,21,0,56,1,100,,14180,21,0,56,1,100,,14181,21,0,56,1
32101,'16',721,,14194,21,0,56,1,100,,14193,21,0,56,1,100,,14198,21,0,56,1,100,,427,21,0,56,1,100,,14196,21,0,56,1,100,,14191,21,0,56,1,100,,5271,21,0,56,1,102,,14197,21,0,56,1,100,,14195,21,0,56,1,100,,14192,21,0,56,1,100,,3553,21,0,56,1,100,,617,21,0,56,1
32101,'17',721,,14202,21,0,56,1,100,,14201,21,0,56,1,100,,14206,21,0,56,1,100,,450,21,0,56,1,100,,14204,21,0,56,1,100,,14199,21,0,56,1,100,,5321,21,0,56,1,102,,14205,21,0,56,1,100,,14203,21,0,56,1,100,,14200,21,0,56,1,100,,3578,21,0,56,1,100,,641,21,0,56,1
32101,'19',721,,14211,21,0,56,1,100,,14210,21,0,56,1,100,,14217,21,0,56,1,100,,14212,21,0,56,1,100,,14215,21,0,56,1,100,,14208,21,0,56,1,100,,14216,21,0,56,1,102,,14214,21,0,56,1,100,,14209,21,0,56,1,100,,14207,21,0,56,1,100,,14213,21,0,56,1,100,,14218,21,0,56,1
32101,'5',721,,14223,21,0,56,1,100,,14222,21,0,56,1,100,,14226,21,0,56,1,100,,473,21,0,56,1,100,,14225,21,0,56,1,100,,14220,21,0,56,1,100,,5451,21,0,56,1,102,,14224,21,0,56,1,100,,14221,21,0,56,1,100,,14219,21,0,56,1,100,,954,21,0,56,1,100,,14227,21,0,56,1
32101,'6',721,,14232,21,0,56,1,100,,14231,21,0,56,1,100,,14238,21,0,56,1,100,,14233,21,0,56,1,100,,14236,21,0,56,1,100,,14228,21,0,56,1,100,,14237,21,0,56,1,102,,14234,21,0,56,1,100,,14239,21,0,56,1,100,,14235,21,0,56,1,100,,14229,21,0,56,1,100,,14230,21,0,56,1
42101,'1',1121,,20150,21,0,56,1,100,,778,21,0,56,1,100,,20154,21,0,56,1,101,,20153,21,0,56,1,100,,20152,21,0,56,1,100,,20149,21,0,56,1,100,,20151,21,0,56,1
42101,'10',721,,20170,21,0,56,1,100,,20160,21,0,56,1,100,,20155,21,0,56,1,100,,20169,21,0,56,1,100,,20159,21,0,56,1,100,,20167,21,0,56,1,100,,20164,21,0,56,1,101,,20156,21,0,56,1,100,,20162,21,0,56,1,100,,20171,21,0,56,1,100,,20158,21,0,56,1,100,,20163,21,0,56,1,100,,20166,21,0,56,1,100,,20161,21,0,56,1,100,,20168,21,0,56,1,100,,20157,21,0,56,1,100,,20165,21,0,56,1
42101,'12',921,,5966,21,0,56,1,100,,20180,21,0,56,1,100,,20179,21,0,56,1,100,,20172,21,0,56,1,100,,20182,21,0,56,1,101,,20181,21,0,56,1,100,,20177,21,0,56,1,100,,20175,21,0,56,1,100,,20174,21,0,56,1,100,,20173,21,0,56,1,100,,20178,21,0,56,1,100,,20176,21,0,56,1
42101,'15',1922,,20187,21,0,56,1,100,,20183,21,0,56,1,100,,20186,21,0,56,1,100,,20185,21,0,56,1,100,,20184,21,0,56,1
42101,'16',1922,,20192,21,0,56,1,100,,20188,21,0,56,1,100,,20191,21,0,56,1,100,,20190,21,0,56,1,100,,20189,21,0,56,1
42101,'17',1922,,20197,21,0,56,1,100,,20193,21,0,56,1,100,,20196,21,0,56,1,100,,20195,21,0,56,1,100,,20194,21,0,56,1
42101,'19',1922,,20202,21,0,56,1,100,,20198,21,0,56,1,100,,20201,21,0,56,1,100,,20200,21,0,56,1,100,,20199,21,0,56,1
42101,'21',721,,20216,21,0,56,1,100,,20208,21,0,56,1,100,,20203,21,0,56,1,100,,20215,21,0,56,1,100,,20207,21,0,56,1,100,,20214,21,0,56,1,100,,20211,21,0,56,1,101,,20204,21,0,56,1,100,,7756,21,0,56,1,100,,20217,21,0,56,1,100,,20206,21,0,56,1,100,,20210,21,0,56,1,100,,20213,21,0,56,1,100,,20209,21,0,56,1,100,,5684,21,0,56,1,100,,20205,21,0,56,1,100,,20212,21,0,56,1
42101,'5',1922,,20222,21,0,56,1,100,,20218,21,0,56,1,100,,20221,21,0,56,1,100,,20220,21,0,56,1,100,,20219,21,0,56,1
42101,'6',1922,,20227,21,0,56,1,100,,20223,21,0,56,1,100,,20226,21,0,56,1,100,,20225,21,0,56,1,100,,20224,21,0,56,1
