31401,'15',648,,16766,0,66 14,1,80,,16764,0,66 14,1,80,,16776,0,66 14,1,40,,16762,0,66 14,1,80,,16760,0,66 14,1,80,,16769,0,66 14,1,41,,16763,0,66 14,1,80,,16775,0,66 14,1,80,,16773,0,66 14,1,40,,16770,0,66 14,1,80,,16774,0,66 14,1,80,,16767,0,66 14,1,41,,16771,0,66 14,1,80,,16765,0,66 14,1,80,,16768,0,66 14,1,40,,16761,0,66 14,1,80,,16777,0,66 14,1,80,,16772,0,66 14,1
31401,'16',648,,16781,0,66 14,1,80,,6291,0,66 14,1,80,,16788,0,66 14,1,40,,7605,0,66 14,1,80,,16778,0,66 14,1,80,,10365,0,66 14,1,41,,16779,0,66 14,1,80,,16787,0,66 14,1,80,,16786,0,66 14,1,40,,16783,0,66 14,1,80,,6398,0,66 14,1,80,,16782,0,66 14,1,41,,16784,0,66 14,1,80,,16780,0,66 14,1,80,,5799,0,66 14,1,40,,5459,0,66 14,1,80,,16789,0,66 14,1,80,,16785,0,66 14,1
31401,'17',648,,16793,0,66 14,1,80,,846,0,66 14,1,80,,16798,0,66 14,1,40,,7628,0,66 14,1,80,,16790,0,66 14,1,80,,10409,0,66 14,1,41,,16791,0,66 14,1,80,,16797,0,66 14,1,80,,16796,0,66 14,1,40,,9834,0,66 14,1,80,,6420,0,66 14,1,80,,16794,0,66 14,1,41,,189,0,66 14,1,80,,16792,0,66 14,1,80,,5817,0,66 14,1,40,,51,0,66 14,1,80,,16799,0,66 14,1,80,,16795,0,66 14,1
31401,'19',648,,16806,0,66 14,1,80,,16804,0,66 14,1,80,,16816,0,66 14,1,40,,16802,0,66 14,1,80,,16800,0,66 14,1,80,,16809,0,66 14,1,41,,16803,0,66 14,1,80,,16815,0,66 14,1,80,,16813,0,66 14,1,40,,16810,0,66 14,1,80,,16814,0,66 14,1,80,,16807,0,66 14,1,41,,16811,0,66 14,1,80,,16805,0,66 14,1,80,,16808,0,66 14,1,40,,16801,0,66 14,1,80,,16817,0,66 14,1,80,,16812,0,66 14,1
31401,'5',648,,16820,0,66 14,1,80,,823,0,66 14,1,80,,16827,0,66 14,1,40,,7646,0,66 14,1,80,,16818,0,66 14,1,80,,10516,0,66 14,1,41,,16819,0,66 14,1,80,,16826,0,66 14,1,80,,16825,0,66 14,1,40,,16822,0,66 14,1,80,,6440,0,66 14,1,80,,16821,0,66 14,1,41,,16823,0,66 14,1,80,,9338,0,66 14,1,80,,5832,0,66 14,1,40,,4,0,66 14,1,80,,16828,0,66 14,1,80,,16824,0,66 14,1
31401,'6',648,,16835,0,66 14,1,80,,16833,0,66 14,1,80,,16845,0,66 14,1,40,,16831,0,66 14,1,80,,16829,0,66 14,1,80,,16838,0,66 14,1,41,,16832,0,66 14,1,80,,16844,0,66 14,1,80,,16842,0,66 14,1,40,,16839,0,66 14,1,80,,16843,0,66 14,1,80,,16836,0,66 14,1,41,,16840,0,66 14,1,80,,16834,0,66 14,1,80,,16837,0,66 14,1,40,,16830,0,66 14,1,80,,16846,0,66 14,1,80,,16841,0,66 14,1
31700,'15',627,,17761,0,63,1,30,,17750,0,63,1,70,,17758,0,63,1,30,,17745,0,63,1,70,,17743,0,63,1,30,,17757,0,63,1,70,,17740,0,63,1,30,,17752,0,63,1,70,,17748,0,63,1,30,,17739,0,63,1,70,,17760,0,63,1,30,,17754,0,63,1,70,,17747,0,63,1,30,,17762,0,63,1,70,,17759,0,63,1,30,,17746,0,63,1,70,,17751,0,63,1,30,,17756,0,63,1,70,,17753,0,63,1,30,,17742,0,63,1,70,,17744,0,63,1,30,,17741,0,63,1,70,,17749,0,63,1,30,,17755,0,63,1
31700,'16',627,,17780,0,63,1,30,,17771,0,63,1,70,,17777,0,63,1,30,,17768,0,63,1,70,,17766,0,63,1,30,,17776,0,63,1,70,,17763,0,63,1,30,,17772,0,63,1,70,,7617,0,63,1,30,,9419,0,63,1,70,,17779,0,63,1,30,,17774,0,63,1,70,,17770,0,63,1,30,,17781,0,63,1,70,,17778,0,63,1,30,,17769,0,63,1,70,,8040,0,63,1,30,,5965,0,63,1,70,,17773,0,63,1,30,,17765,0,63,1,70,,17767,0,63,1,30,,17764,0,63,1,70,,7693,0,63,1,30,,17775,0,63,1
31700,'17',627,,17798,0,63,1,30,,17790,0,63,1,70,,17795,0,63,1,30,,17787,0,63,1,70,,17785,0,63,1,30,,17794,0,63,1,70,,17782,0,63,1,30,,17791,0,63,1,70,,520,0,63,1,30,,9429,0,63,1,70,,17797,0,63,1,30,,9385,0,63,1,70,,17789,0,63,1,30,,17799,0,63,1,70,,17796,0,63,1,30,,17788,0,63,1,70,,8099,0,63,1,30,,2550,0,63,1,70,,17792,0,63,1,30,,17784,0,63,1,70,,17786,0,63,1,30,,17783,0,63,1,70,,175,0,63,1,30,,17793,0,63,1
31700,'19',627,,17822,0,63,1,30,,17811,0,63,1,70,,17819,0,63,1,30,,17806,0,63,1,70,,17804,0,63,1,30,,17818,0,63,1,70,,17801,0,63,1,30,,17813,0,63,1,70,,17809,0,63,1,30,,17800,0,63,1,70,,17821,0,63,1,30,,17815,0,63,1,70,,17808,0,63,1,30,,17823,0,63,1,70,,17820,0,63,1,30,,17807,0,63,1,70,,17812,0,63,1,30,,17817,0,63,1,70,,17814,0,63,1,30,,17803,0,63,1,70,,17805,0,63,1,30,,17802,0,63,1,70,,17810,0,63,1,30,,17816,0,63,1
31700,'5',627,,17840,0,63,1,30,,17831,0,63,1,70,,17837,0,63,1,30,,17829,0,63,1,70,,17827,0,63,1,30,,17836,0,63,1,70,,17824,0,63,1,30,,17832,0,63,1,70,,496,0,63,1,30,,9448,0,63,1,70,,17839,0,63,1,30,,17834,0,63,1,70,,17830,0,63,1,30,,17841,0,63,1,70,,17838,0,63,1,30,,9168,0,63,1,70,,8157,0,63,1,30,,2526,0,63,1,70,,17833,0,63,1,30,,17826,0,63,1,70,,17828,0,63,1,30,,17825,0,63,1,70,,125,0,63,1,30,,17835,0,63,1
31700,'6',627,,17864,0,63,1,30,,17853,0,63,1,70,,17861,0,63,1,30,,17848,0,63,1,70,,17846,0,63,1,30,,17860,0,63,1,70,,17843,0,63,1,30,,17855,0,63,1,70,,17851,0,63,1,30,,17842,0,63,1,70,,17863,0,63,1,30,,17857,0,63,1,70,,17850,0,63,1,30,,17865,0,63,1,70,,17862,0,63,1,30,,17849,0,63,1,70,,17854,0,63,1,30,,17859,0,63,1,70,,17856,0,63,1,30,,17845,0,63,1,70,,17847,0,63,1,30,,17844,0,63,1,70,,17852,0,63,1,30,,17858,0,63,1
41401,'10',647,,23196,0,66 14,1,80,,23194,0,66 14,1,80,,23182,0,66 14,1,40,,23199,0,66 14,1,80,,23198,0,66 14,1,80,,23193,0,66 14,1,41,,23183,0,66 14,1,80,,23195,0,66 14,1,80,,23189,0,66 14,1,40,,23192,0,66 14,1,80,,23188,0,66 14,1,80,,23187,0,66 14,1,41,,23184,0,66 14,1,80,,23190,0,66 14,1,80,,23185,0,66 14,1,40,,23197,0,66 14,1,80,,23191,0,66 14,1,80,,23186,0,66 14,1
41401,'21',647,,23212,0,66 14,1,80,,23210,0,66 14,1,80,,23200,0,66 14,1,40,,23215,0,66 14,1,80,,23214,0,66 14,1,80,,23209,0,66 14,1,41,,23201,0,66 14,1,80,,23211,0,66 14,1,80,,23207,0,66 14,1,40,,10789,0,66 14,1,80,,23206,0,66 14,1,80,,23205,0,66 14,1,41,,23202,0,66 14,1,80,,23208,0,66 14,1,80,,23203,0,66 14,1,40,,23213,0,66 14,1,80,,10206,0,66 14,1,80,,23204,0,66 14,1
41700,'1',1126,,23791,0,67,1,100,,23795,0,67,1,100,,23793,0,67,1,100,,23797,0,67,1,100,,23796,0,67,1,100,,23792,0,67,1,100,,23794,0,67,1
41700,'10',626,,23811,0,67,1,30,,23823,0,67,1,70,,23824,0,67,1,30,,23817,0,67,1,70,,23821,0,67,1,30,,23801,0,67,1,70,,23822,0,67,1,30,,23820,0,67,1,70,,23800,0,67,1,30,,23815,0,67,1,70,,23802,0,67,1,30,,23807,0,67,1,70,,23806,0,67,1,30,,23799,0,67,1,70,,23814,0,67,1,30,,23804,0,67,1,70,,23808,0,67,1,30,,23803,0,67,1,70,,23805,0,67,1,30,,23826,0,67,1,70,,23827,0,67,1,30,,23809,0,67,1,70,,23812,0,67,1,30,,23798,0,67,1,70,,23819,0,67,1,100,,23810,0,67,1,100,,23813,0,67,1,100,,23825,0,67,1,100,,23816,0,67,1,100,,23818,0,67,1
41700,'12',926,,23830,0,67,1,100,,23839,0,67,1,30,,23842,0,67,1,70,,23831,0,67,1,30,,23833,0,67,1,70,,23829,0,67,1,30,,23838,0,67,1,70,,23832,0,67,1,30,,23828,0,67,1,70,,23836,0,67,1,30,,23844,0,67,1,70,,23843,0,67,1,30,,23840,0,67,1,70,,23845,0,67,1,30,,23835,0,67,1,70,,23837,0,67,1,30,,13071,0,67,1,70,,23834,0,67,1,100,,23841,0,67,1
41700,'15',1826,,23849,0,67,1,100,,23850,0,67,1,100,,23848,0,67,1,100,,23851,0,67,1,100,,23847,0,67,1,100,,23846,0,67,1
41700,'16',1826,,23854,0,67,1,100,,23855,0,67,1,100,,23853,0,67,1,100,,23856,0,67,1,100,,23852,0,67,1,100,,12924,0,67,1
41700,'17',1826,,23859,0,67,1,100,,23860,0,67,1,100,,23858,0,67,1,100,,23861,0,67,1,100,,23857,0,67,1,100,,12929,0,67,1
41700,'19',1826,,23865,0,67,1,100,,23866,0,67,1,100,,23864,0,67,1,100,,23867,0,67,1,100,,23863,0,67,1,100,,23862,0,67,1
41700,'21',626,,23878,0,67,1,30,,23889,0,67,1,70,,23890,0,67,1,30,,23883,0,67,1,70,,23887,0,67,1,30,,23870,0,67,1,70,,23888,0,67,1,30,,23886,0,67,1,70,,23869,0,67,1,30,,23881,0,67,1,70,,23871,0,67,1,30,,23875,0,67,1,70,,23874,0,67,1,30,,23868,0,67,1,70,,23880,0,67,1,30,,23872,0,67,1,70,,23876,0,67,1,30,,10627,0,67,1,70,,23873,0,67,1,30,,23892,0,67,1,70,,23893,0,67,1,30,,11875,0,67,1,70,,11096,0,67,1,30,,11452,0,67,1,70,,23885,0,67,1,100,,23877,0,67,1,100,,23879,0,67,1,100,,23891,0,67,1,100,,23882,0,67,1,100,,23884,0,67,1
41700,'5',1826,,23896,0,67,1,100,,23897,0,67,1,100,,23895,0,67,1,100,,23898,0,67,1,100,,23894,0,67,1,100,,12932,0,67,1
41700,'6',1826,,23902,0,67,1,100,,23903,0,67,1,100,,23901,0,67,1,100,,23904,0,67,1,100,,23900,0,67,1,100,,23899,0,67,1
