30801,'11',645,,28068,27,0,64 38,1,70,,28067,27,0,64 38,1,30,,28064,27,0,64 38,1,70,,28059,27,0,64 38,1,30,,28060,27,0,64 38,1,70,,28069,27,0,64 38,1,30,,28073,27,0,64 38,1,70,,28076,27,0,64 38,1,30,,28063,27,0,64 38,1,70,,28065,27,0,64 38,1,30,,28077,27,0,64 38,1,70,,28074,27,0,64 38,1,30,,28062,27,0,64 38,1,70,,4764,27,0,64 38,1,30,,23742,27,0,64 38,1,70,,28061,27,0,64 38,1,40,,28075,27,0,64 38,1,70,,23354,27,0,64 38,1,30,,28066,27,0,64 38,1,70,,19547,27,0,64 38,1,30,,28072,27,0,64 38,1,70,,28071,27,0,64 38,1,30,,28070,27,0,64 38,1
30801,'3',645,,28087,27,0,64 38,1,70,,28086,27,0,64 38,1,30,,28083,27,0,64 38,1,70,,28078,27,0,64 38,1,30,,28079,27,0,64 38,1,70,,28088,27,0,64 38,1,30,,28092,27,0,64 38,1,70,,28095,27,0,64 38,1,30,,28082,27,0,64 38,1,70,,28084,27,0,64 38,1,30,,28096,27,0,64 38,1,70,,28093,27,0,64 38,1,30,,28081,27,0,64 38,1,70,,4788,27,0,64 38,1,30,,23765,27,0,64 38,1,70,,28080,27,0,64 38,1,40,,28094,27,0,64 38,1,70,,23392,27,0,64 38,1,30,,28085,27,0,64 38,1,70,,19586,27,0,64 38,1,30,,28091,27,0,64 38,1,70,,28090,27,0,64 38,1,30,,28089,27,0,64 38,1
33700,'1',715,,29420,21,,,1,30,,29421,21,,,1,70,,29422,21,,,1,30,,29433,21,,,1,70,,29426,21,,,1,30,,29405,21,,,1,70,,24694,21,,,1,30,,29414,21,,,1,70,,29432,21,,,1,30,,27193,21,,,1,70,,29400,21,,,1,30,,29431,21,,,1,70,,29410,21,,,1,30,,29440,21,,,1,70,,29428,21,,,1,30,,29408,21,,,1,70,,29402,21,,,1,30,,29399,21,,,1,70,,29413,21,,,1,30,,29429,21,,,1,70,,29430,21,,,1,30,,29439,21,,,1,70,,29411,21,,,1,30,,29441,21,,,1,70,,29435,21,,,1
33700,'11',645,,29459,21,,,1,70,,29485,21,,,1,30,,29471,21,,,1,70,,29456,21,,,1,30,,29444,21,,,1,70,,29466,21,,,1,30,,29476,21,,,1,70,,24144,21,,,1,30,,29470,21,,,1,70,,29457,21,,,1,30,,29455,21,,,1,70,,29447,21,,,1,30,,29443,21,,,1,70,,29452,21,,,1,30,,29469,21,,,1,70,,29446,21,,,1,30,,29477,21,,,1,70,,29453,21,,,1,30,,29475,21,,,1,70,,29451,21,,,1,30,,29479,21,,,1,70,,29478,21,,,1,30,,29473,21,,,1,70,,29468,21,,,1,30,,22778,21,,,1
33700,'12',1115,,29513,21,,,1,30,,29492,21,,,1,70,,29498,21,,,1,30,,29499,21,,,1,70,,29511,21,,,1,30,,29515,21,,,1,70,,25357,21,,,1,30,,29495,21,,,1,70,,29496,21,,,1,30,,29509,21,,,1,70,,29500,21,,,1,30,,29512,21,,,1,70,,29505,21,,,1,30,,29494,21,,,1,70,,29514,21,,,1
33700,'14',715,,29539,21,,,1,30,,29540,21,,,1,70,,29541,21,,,1,30,,29553,21,,,1,70,,29545,21,,,1,30,,29522,21,,,1,70,,29544,21,,,1,30,,29531,21,,,1,70,,29552,21,,,1,30,,29554,21,,,1,70,,29517,21,,,1,30,,29551,21,,,1,70,,29528,21,,,1,30,,29561,21,,,1,70,,29547,21,,,1,30,,29525,21,,,1,70,,29519,21,,,1,30,,29516,21,,,1,70,,20961,21,,,1,30,,29548,21,,,1,70,,29550,21,,,1,30,,29560,21,,,1,70,,29529,21,,,1,30,,29562,21,,,1,70,,29556,21,,,1
33700,'3',645,,29580,21,,,1,70,,29606,21,,,1,30,,29592,21,,,1,70,,29577,21,,,1,30,,29565,21,,,1,70,,29587,21,,,1,30,,29597,21,,,1,70,,24154,21,,,1,30,,29591,21,,,1,70,,29578,21,,,1,30,,29576,21,,,1,70,,29568,21,,,1,30,,29564,21,,,1,70,,29573,21,,,1,30,,29590,21,,,1,70,,29567,21,,,1,30,,29598,21,,,1,70,,29574,21,,,1,30,,29596,21,,,1,70,,29572,21,,,1,30,,29600,21,,,1,70,,29599,21,,,1,30,,29594,21,,,1,70,,29589,21,,,1,30,,22799,21,,,1
33700,'8',1145,,29612,21,,,1,70,,29609,21,,,1,30,,29616,21,,,1,70,,29632,21,,,1,30,,29614,21,,,1,70,,29608,21,,,1,30,,29610,21,,,1,70,,29633,21,,,1,30,,29631,21,,,1,70,,29619,21,,,1,30,,29621,21,,,1,70,,29627,21,,,1,30,,29628,21,,,1,70,,25161,21,,,1,30,,29615,21,,,1
40801,'1',659,,30863,27,0,64 38,1,71,,30861,27,0,64 38,1,70,,30873,27,0,64 38,1,30,,30854,27,0,64 38,1,70,,30853,27,0,64 38,1,30,,30855,27,0,64 38,1,70,,22382,27,0,64 38,1,30,,30859,27,0,64 38,1,70,,30864,27,0,64 38,1,30,,30851,27,0,64 38,1,70,,22390,27,0,64 38,1,30,,30865,27,0,64 38,1,70,,23596,27,0,64 38,1,30,,24133,27,0,64 38,1,70,,30871,27,0,64 38,1,30,,30869,27,0,64 38,1,70,,22327,27,0,64 38,1,30,,30872,27,0,64 38,1,70,,30870,27,0,64 38,1,30,,30862,27,0,64 38,1,70,,30852,27,0,64 38,1,30,,30860,27,0,64 38,1,70,,30858,27,0,64 38,1,30,,30867,27,0,64 38,1,99,,30866,27,0,64 38,1,100,,21675,27,0,64 38,1,100,,30857,27,0,64 38,1,100,,30868,27,0,64 38,1,100,,30856,27,0,64 38,1
40801,'11',1830,,30875,27,0,64 38,1,99,,30879,27,0,64 38,1,100,,30877,27,0,64 38,1,100,,30878,27,0,64 38,1,100,,30876,27,0,64 38,1,100,,30874,27,0,64 38,1
40801,'12',1130,,30881,27,0,64 38,1,100,,30883,27,0,64 38,1,100,,30884,27,0,64 38,1,100,,30885,27,0,64 38,1,100,,30886,27,0,64 38,1,100,,30880,27,0,64 38,1,100,,30882,27,0,64 38,1
40801,'14',659,,30903,27,0,64 38,1,71,,30901,27,0,64 38,1,70,,30913,27,0,64 38,1,30,,30889,27,0,64 38,1,70,,30888,27,0,64 38,1,30,,30890,27,0,64 38,1,70,,30891,27,0,64 38,1,30,,25113,27,0,64 38,1,70,,30904,27,0,64 38,1,30,,18980,27,0,64 38,1,70,,30898,27,0,64 38,1,30,,30905,27,0,64 38,1,70,,30899,27,0,64 38,1,30,,30893,27,0,64 38,1,70,,30911,27,0,64 38,1,30,,30909,27,0,64 38,1,70,,30900,27,0,64 38,1,30,,30912,27,0,64 38,1,70,,30910,27,0,64 38,1,30,,30902,27,0,64 38,1,70,,30887,27,0,64 38,1,30,,30896,27,0,64 38,1,70,,30895,27,0,64 38,1,30,,30907,27,0,64 38,1,99,,30906,27,0,64 38,1,100,,30897,27,0,64 38,1,100,,30894,27,0,64 38,1,100,,30908,27,0,64 38,1,100,,30892,27,0,64 38,1
40801,'3',1830,,30915,27,0,64 38,1,99,,30919,27,0,64 38,1,100,,30917,27,0,64 38,1,100,,30918,27,0,64 38,1,100,,30916,27,0,64 38,1,100,,30914,27,0,64 38,1
40801,'8',930,,30922,27,0,64 38,1,100,,30920,27,0,64 38,1,70,,30929,27,0,64 38,1,30,,30937,27,0,64 38,1,70,,30928,27,0,64 38,1,30,,30923,27,0,64 38,1,70,,30930,27,0,64 38,1,30,,30934,27,0,64 38,1,70,,30932,27,0,64 38,1,30,,30926,27,0,64 38,1,70,,30936,27,0,64 38,1,30,,30924,27,0,64 38,1,70,,30925,27,0,64 38,1,30,,30927,27,0,64 38,1,70,,30921,27,0,64 38,1,30,,30931,27,0,64 38,1,70,,30935,27,0,64 38,1,30,,30938,27,0,64 38,1,99,,30933,27,0,64 38,1
43700,'1',1932,,32644,13,,,1,100,,32648,13,,,1,100,,32651,13,,,1,100,,32645,13,,,1,100,,32650,13,,,1
43700,'11',1932,,32659,13,,,1,100,,32656,13,,,1,100,,32658,13,,,1,100,,32652,13,,,1,100,,32657,13,,,1
43700,'14',1932,,32663,13,,,1,100,,32667,13,,,1,100,,32670,13,,,1,100,,32664,13,,,1,100,,32669,13,,,1
43700,'3',1932,,32678,13,,,1,100,,32675,13,,,1,100,,32677,13,,,1,100,,32671,13,,,1,100,,32676,13,,,1
