31700,'1',624,,3323,19,0,63,1,30,,3321,19,0,63,1,70,,3325,19,0,63,1,30,,3332,19,0,63,1,70,,3333,19,0,63,1,30,,3322,19,0,63,1,70,,3328,19,0,63,1,30,,3316,19,0,63,1,70,,3318,19,0,63,1,30,,3329,19,0,63,1,70,,3335,19,0,63,1,30,,3338,19,0,63,1,70,,3317,19,0,63,1,30,,3324,19,0,63,1,70,,3331,19,0,63,1,30,,3315,19,0,63,1,70,,3336,19,0,63,1,30,,3326,19,0,63,1,70,,3334,19,0,63,1,30,,3337,19,0,63,1,70,,3330,19,0,63,1,30,,3320,19,0,63,1,70,,3327,19,0,63,1,30,,3319,19,0,63,1
31700,'10',624,,3347,19,0,63,1,30,,3345,19,0,63,1,70,,3349,19,0,63,1,30,,3356,19,0,63,1,70,,3357,19,0,63,1,30,,3346,19,0,63,1,70,,3352,19,0,63,1,30,,3340,19,0,63,1,70,,3342,19,0,63,1,30,,3353,19,0,63,1,70,,3359,19,0,63,1,30,,3362,19,0,63,1,70,,3341,19,0,63,1,30,,3348,19,0,63,1,70,,3355,19,0,63,1,30,,3339,19,0,63,1,70,,3360,19,0,63,1,30,,3350,19,0,63,1,70,,3358,19,0,63,1,30,,3361,19,0,63,1,70,,3354,19,0,63,1,30,,3344,19,0,63,1,70,,3351,19,0,63,1,30,,3343,19,0,63,1
31700,'11',624,,3371,19,0,63,1,30,,3369,19,0,63,1,70,,3373,19,0,63,1,30,,3380,19,0,63,1,70,,3381,19,0,63,1,30,,3370,19,0,63,1,70,,3376,19,0,63,1,30,,3364,19,0,63,1,70,,3366,19,0,63,1,30,,3377,19,0,63,1,70,,3383,19,0,63,1,30,,3386,19,0,63,1,70,,3365,19,0,63,1,30,,3372,19,0,63,1,70,,3379,19,0,63,1,30,,3363,19,0,63,1,70,,3384,19,0,63,1,30,,3374,19,0,63,1,70,,3382,19,0,63,1,30,,3385,19,0,63,1,70,,3378,19,0,63,1,30,,3368,19,0,63,1,70,,3375,19,0,63,1,30,,3367,19,0,63,1
31700,'3',624,,3395,19,0,63,1,30,,3393,19,0,63,1,70,,3397,19,0,63,1,30,,3404,19,0,63,1,70,,3405,19,0,63,1,30,,3394,19,0,63,1,70,,3400,19,0,63,1,30,,3388,19,0,63,1,70,,3390,19,0,63,1,30,,3401,19,0,63,1,70,,3407,19,0,63,1,30,,3410,19,0,63,1,70,,3389,19,0,63,1,30,,3396,19,0,63,1,70,,3403,19,0,63,1,30,,3387,19,0,63,1,70,,3408,19,0,63,1,30,,3398,19,0,63,1,70,,3406,19,0,63,1,30,,3409,19,0,63,1,70,,3402,19,0,63,1,30,,3392,19,0,63,1,70,,3399,19,0,63,1,30,,3391,19,0,63,1
41700,'1',1823,,7642,19,0,67,1,100,,7643,19,0,67,1,100,,7639,19,0,67,1,100,,7640,19,0,67,1,100,,7641,19,0,67,1,100,,7638,19,0,67,1
41700,'10',1823,,7648,19,0,67,1,100,,7649,19,0,67,1,100,,7645,19,0,67,1,100,,7646,19,0,67,1,100,,7647,19,0,67,1,100,,7644,19,0,67,1
41700,'11',1823,,7654,19,0,67,1,100,,7655,19,0,67,1,100,,7651,19,0,67,1,100,,7652,19,0,67,1,100,,7653,19,0,67,1,100,,7650,19,0,67,1
41700,'12',1123,,7656,19,0,67,1,100,,7660,19,0,67,1,100,,7658,19,0,67,1,100,,7662,19,0,67,1,100,,7661,19,0,67,1,100,,7657,19,0,67,1,100,,7659,19,0,67,1
41700,'14',623,,7672,19,0,67,1,30,,7688,19,0,67,1,70,,7665,19,0,67,1,30,,7690,19,0,67,1,70,,7682,19,0,67,1,30,,7680,19,0,67,1,70,,7681,19,0,67,1,30,,7669,19,0,67,1,70,,7684,19,0,67,1,30,,7671,19,0,67,1,70,,7675,19,0,67,1,30,,7676,19,0,67,1,70,,7691,19,0,67,1,30,,7686,19,0,67,1,70,,7664,19,0,67,1,30,,7687,19,0,67,1,70,,7692,19,0,67,1,30,,7663,19,0,67,1,70,,7673,19,0,67,1,30,,7677,19,0,67,1,70,,7666,19,0,67,1,30,,7689,19,0,67,1,70,,7667,19,0,67,1,30,,7683,19,0,67,1,70,,7674,19,0,67,1,100,,7685,19,0,67,1,100,,7668,19,0,67,1,100,,7679,19,0,67,1,100,,7678,19,0,67,1,100,,7670,19,0,67,1
41700,'3',1823,,7697,19,0,67,1,100,,7698,19,0,67,1,100,,7694,19,0,67,1,100,,7695,19,0,67,1,100,,7696,19,0,67,1,100,,7693,19,0,67,1
41700,'7',923,,7707,19,0,67,1,100,,7704,19,0,67,1,30,,7700,19,0,67,1,70,,7699,19,0,67,1,30,,7712,19,0,67,1,70,,7708,19,0,67,1,30,,7703,19,0,67,1,70,,7706,19,0,67,1,30,,7717,19,0,67,1,70,,7714,19,0,67,1,30,,7702,19,0,67,1,70,,7705,19,0,67,1,30,,7710,19,0,67,1,70,,7709,19,0,67,1,30,,7716,19,0,67,1,70,,7701,19,0,67,1,30,,7711,19,0,67,1,70,,7715,19,0,67,1,100,,7713,19,0,67,1
