30701,'12',652,,34135,9,,,1,70,,34148,9,,,1,30,,34147,9,,,1,70,,34156,9,,,1,30,,34138,9,,,1,70,,34151,9,,,1,30,,34140,9,,,1,71,,34149,9,,,1,30,,34136,9,,,1,70,,34143,9,,,1,30,,34145,9,,,1,70,,34133,9,,,1,30,,34134,9,,,1,70,,34142,9,,,1,30,,34152,9,,,1,70,,34155,9,,,1,30,,34154,9,,,1,70,,34141,9,,,1,30,,34146,9,,,1,70,,34139,9,,,1,30,,34153,9,,,1,70,,34150,9,,,1,30,,34137,9,,,1
30701,'13',652,,34159,9,,,1,70,,34170,9,,,1,30,,34169,9,,,1,70,,34178,9,,,1,30,,34162,9,,,1,70,,34173,9,,,1,30,,34164,9,,,1,71,,34171,9,,,1,30,,34160,9,,,1,70,,34166,9,,,1,30,,28152,9,,,1,70,,34157,9,,,1,30,,34158,9,,,1,70,,6785,9,,,1,30,,34174,9,,,1,70,,34177,9,,,1,30,,34176,9,,,1,70,,34165,9,,,1,30,,34168,9,,,1,70,,34163,9,,,1,30,,34175,9,,,1,70,,34172,9,,,1,30,,34161,9,,,1
30701,'3',652,,34181,9,,,1,70,,34192,9,,,1,30,,34191,9,,,1,70,,34200,9,,,1,30,,34184,9,,,1,70,,34195,9,,,1,30,,34186,9,,,1,71,,34193,9,,,1,30,,34182,9,,,1,70,,34188,9,,,1,30,,28174,9,,,1,70,,34179,9,,,1,30,,34180,9,,,1,70,,6829,9,,,1,30,,34196,9,,,1,70,,34199,9,,,1,30,,34198,9,,,1,70,,34187,9,,,1,30,,34190,9,,,1,70,,34185,9,,,1,30,,34197,9,,,1,70,,34194,9,,,1,30,,34183,9,,,1
30701,'6',652,,34203,9,,,1,70,,34216,9,,,1,30,,34215,9,,,1,70,,34224,9,,,1,30,,34206,9,,,1,70,,34219,9,,,1,30,,34208,9,,,1,71,,34217,9,,,1,30,,34204,9,,,1,70,,34211,9,,,1,30,,34213,9,,,1,70,,34201,9,,,1,30,,34202,9,,,1,70,,34210,9,,,1,30,,34220,9,,,1,70,,34223,9,,,1,30,,34222,9,,,1,70,,34209,9,,,1,30,,34214,9,,,1,70,,34207,9,,,1,30,,34221,9,,,1,70,,34218,9,,,1,30,,34205,9,,,1
41701,'1',621,,40905,4,0,62,1,30,,40894,4,0,62,1,70,,30080,4,0,62,1,30,,32586,4,0,62,1,70,,40904,4,0,62,1,30,,30610,4,0,62,1,70,,40885,4,0,62,1,30,,40902,4,0,62,1,70,,31345,4,0,62,1,30,,40901,4,0,62,1,70,,29900,4,0,62,1,30,,31670,4,0,62,1,70,,40895,4,0,62,1,30,,40889,4,0,62,1,70,,40899,4,0,62,1,30,,40891,4,0,62,1,70,,40900,4,0,62,1,30,,40893,4,0,62,1,70,,29109,4,0,62,1,30,,32248,4,0,62,1,70,,40897,4,0,62,1,30,,40898,4,0,62,1,70,,40887,4,0,62,1,30,,40903,4,0,62,1,70,,21426,4,0,62,1,100,,40892,4,0,62,1,100,,40888,4,0,62,1,100,,40886,4,0,62,1,100,,40896,4,0,62,1,100,,40890,4,0,62,1
41701,'11',621,,40935,4,0,62,1,30,,40918,4,0,62,1,70,,40927,4,0,62,1,30,,40923,4,0,62,1,70,,40934,4,0,62,1,30,,40933,4,0,62,1,70,,40908,4,0,62,1,30,,40931,4,0,62,1,70,,40924,4,0,62,1,30,,40930,4,0,62,1,70,,40929,4,0,62,1,30,,40910,4,0,62,1,70,,40919,4,0,62,1,30,,40913,4,0,62,1,70,,40926,4,0,62,1,30,,40915,4,0,62,1,70,,40928,4,0,62,1,30,,40917,4,0,62,1,70,,40907,4,0,62,1,30,,40906,4,0,62,1,70,,40922,4,0,62,1,30,,40925,4,0,62,1,70,,40911,4,0,62,1,30,,40932,4,0,62,1,70,,40921,4,0,62,1,100,,40916,4,0,62,1,100,,40912,4,0,62,1,100,,40909,4,0,62,1,100,,40920,4,0,62,1,100,,40914,4,0,62,1
41701,'12',1821,,40936,4,0,62,1,100,,40941,4,0,62,1,100,,40940,4,0,62,1,100,,40937,4,0,62,1,100,,40939,4,0,62,1,100,,40938,4,0,62,1
41701,'13',1821,,40942,4,0,62,1,100,,40947,4,0,62,1,100,,40946,4,0,62,1,100,,40943,4,0,62,1,100,,40945,4,0,62,1,100,,40944,4,0,62,1
41701,'14',1121,,40951,4,0,62,1,100,,40953,4,0,62,1,100,,40950,4,0,62,1,100,,40952,4,0,62,1,100,,40954,4,0,62,1,100,,40949,4,0,62,1,100,,40948,4,0,62,1
41701,'16',621,,40976,4,0,62,1,30,,40964,4,0,62,1,70,,30161,4,0,62,1,30,,40968,4,0,62,1,70,,40975,4,0,62,1,30,,30647,4,0,62,1,70,,40955,4,0,62,1,30,,40973,4,0,62,1,70,,31386,4,0,62,1,30,,40972,4,0,62,1,70,,29981,4,0,62,1,30,,31726,4,0,62,1,70,,40965,4,0,62,1,30,,40959,4,0,62,1,70,,40970,4,0,62,1,30,,40961,4,0,62,1,70,,40971,4,0,62,1,30,,40963,4,0,62,1,70,,17746,4,0,62,1,30,,32291,4,0,62,1,70,,40967,4,0,62,1,30,,40969,4,0,62,1,70,,40957,4,0,62,1,30,,40974,4,0,62,1,70,,31209,4,0,62,1,100,,40962,4,0,62,1,100,,40958,4,0,62,1,100,,40956,4,0,62,1,100,,40966,4,0,62,1,100,,40960,4,0,62,1
41701,'3',1821,,40977,4,0,62,1,100,,40982,4,0,62,1,100,,40981,4,0,62,1,100,,40978,4,0,62,1,100,,40980,4,0,62,1,100,,40979,4,0,62,1
41701,'6',1821,,40983,4,0,62,1,100,,40988,4,0,62,1,100,,40987,4,0,62,1,100,,40984,4,0,62,1,100,,40986,4,0,62,1,100,,40985,4,0,62,1
41701,'8',921,,40990,4,0,62,1,130,,41004,4,0,62,1,70,,40991,4,0,62,1,30,,40998,4,0,62,1,70,,40994,4,0,62,1,30,,40992,4,0,62,1,70,,40999,4,0,62,1,100,,41000,4,0,62,1,30,,40989,4,0,62,1,70,,40995,4,0,62,1,30,,40997,4,0,62,1,70,,41001,4,0,62,1,30,,41003,4,0,62,1,70,,40996,4,0,62,1,30,,40993,4,0,62,1,70,,41002,4,0,62,1,100,,30209,4,0,62,1
