31701,'1',619,,3422,19,0,62,1,30,,3431,19,0,62,1,70,,3419,19,0,62,1,30,,3427,19,0,62,1,70,,3412,19,0,62,1,30,,3415,19,0,62,1,70,,3434,19,0,62,1,30,,3423,19,0,62,1,71,,3418,19,0,62,1,30,,3432,19,0,62,1,70,,3413,19,0,62,1,30,,3420,19,0,62,1,70,,3417,19,0,62,1,30,,3424,19,0,62,1,70,,3429,19,0,62,1,30,,3421,19,0,62,1,71,,3426,19,0,62,1,30,,3411,19,0,62,1,70,,3425,19,0,62,1,30,,3430,19,0,62,1,70,,3414,19,0,62,1,30,,3433,19,0,62,1,70,,3416,19,0,62,1,30,,3428,19,0,62,1
31701,'10',619,,3446,19,0,62,1,30,,3455,19,0,62,1,70,,3443,19,0,62,1,30,,3451,19,0,62,1,70,,3436,19,0,62,1,30,,3439,19,0,62,1,70,,3458,19,0,62,1,30,,3447,19,0,62,1,71,,3442,19,0,62,1,30,,3456,19,0,62,1,70,,3437,19,0,62,1,30,,3444,19,0,62,1,70,,3441,19,0,62,1,30,,3448,19,0,62,1,70,,3453,19,0,62,1,30,,3445,19,0,62,1,71,,3450,19,0,62,1,30,,3435,19,0,62,1,70,,3449,19,0,62,1,30,,3454,19,0,62,1,70,,3438,19,0,62,1,30,,3457,19,0,62,1,70,,3440,19,0,62,1,30,,3452,19,0,62,1
31701,'11',619,,3470,19,0,62,1,30,,3479,19,0,62,1,70,,3467,19,0,62,1,30,,3475,19,0,62,1,70,,3460,19,0,62,1,30,,3463,19,0,62,1,70,,3482,19,0,62,1,30,,3471,19,0,62,1,71,,3466,19,0,62,1,30,,3480,19,0,62,1,70,,3461,19,0,62,1,30,,3468,19,0,62,1,70,,3465,19,0,62,1,30,,3472,19,0,62,1,70,,3477,19,0,62,1,30,,3469,19,0,62,1,71,,3474,19,0,62,1,30,,3459,19,0,62,1,70,,3473,19,0,62,1,30,,3478,19,0,62,1,70,,3462,19,0,62,1,30,,3481,19,0,62,1,70,,3464,19,0,62,1,30,,3476,19,0,62,1
31701,'3',619,,3494,19,0,62,1,30,,3503,19,0,62,1,70,,3491,19,0,62,1,30,,3499,19,0,62,1,70,,3484,19,0,62,1,30,,3487,19,0,62,1,70,,3506,19,0,62,1,30,,3495,19,0,62,1,71,,3490,19,0,62,1,30,,3504,19,0,62,1,70,,3485,19,0,62,1,30,,3492,19,0,62,1,70,,3489,19,0,62,1,30,,3496,19,0,62,1,70,,3501,19,0,62,1,30,,3493,19,0,62,1,71,,3498,19,0,62,1,30,,3483,19,0,62,1,70,,3497,19,0,62,1,30,,3502,19,0,62,1,70,,3486,19,0,62,1,30,,3505,19,0,62,1,70,,3488,19,0,62,1,30,,3500,19,0,62,1
41701,'1',1824,,7718,13,0,62,1,100,,7722,13,0,62,1,100,,7721,13,0,62,1,100,,7723,13,0,62,1,100,,7720,13,0,62,1,100,,7719,13,0,62,1
41701,'10',1824,,7724,13,0,62,1,100,,7728,13,0,62,1,100,,7727,13,0,62,1,100,,7729,13,0,62,1,100,,7726,13,0,62,1,100,,7725,13,0,62,1
41701,'11',1824,,7730,13,0,62,1,100,,7734,13,0,62,1,100,,7733,13,0,62,1,100,,7735,13,0,62,1,100,,7732,13,0,62,1,100,,7731,13,0,62,1
41701,'12',1124,,7738,13,0,62,1,100,,7742,13,0,62,1,100,,7737,13,0,62,1,100,,7736,13,0,62,1,100,,7739,13,0,62,1,100,,7741,13,0,62,1,100,,7740,13,0,62,1
41701,'14',624,,7767,13,0,62,1,30,,7745,13,0,62,1,70,,7748,13,0,62,1,30,,7753,13,0,62,1,70,,7743,13,0,62,1,30,,7765,13,0,62,1,70,,7771,13,0,62,1,30,,7763,13,0,62,1,70,,7769,13,0,62,1,30,,7746,13,0,62,1,70,,7754,13,0,62,1,30,,7758,13,0,62,1,70,,7747,13,0,62,1,30,,7770,13,0,62,1,70,,7772,13,0,62,1,30,,7750,13,0,62,1,70,,7760,13,0,62,1,30,,7766,13,0,62,1,70,,7757,13,0,62,1,30,,7762,13,0,62,1,70,,7768,13,0,62,1,30,,7752,13,0,62,1,70,,7756,13,0,62,1,30,,7744,13,0,62,1,70,,7755,13,0,62,1,100,,7759,13,0,62,1,100,,7764,13,0,62,1,100,,7761,13,0,62,1,100,,7749,13,0,62,1,100,,7751,13,0,62,1
41701,'3',1824,,7773,13,0,62,1,100,,7777,13,0,62,1,100,,7776,13,0,62,1,100,,7778,13,0,62,1,100,,7775,13,0,62,1,100,,7774,13,0,62,1
41701,'7',924,,7782,13,0,62,1,100,,7788,13,0,62,1,30,,7785,13,0,62,1,70,,7787,13,0,62,1,30,,7792,13,0,62,1,70,,7784,13,0,62,1,30,,7779,13,0,62,1,70,,7796,13,0,62,1,30,,7794,13,0,62,1,70,,7790,13,0,62,1,30,,7795,13,0,62,1,70,,7783,13,0,62,1,30,,7789,13,0,62,1,70,,7791,13,0,62,1,30,,7797,13,0,62,1,70,,7793,13,0,62,1,30,,7786,13,0,62,1,70,,7780,13,0,62,1,100,,7781,13,0,62,1
