31700,'12',622,,35780,16,0,63,1,30,,35778,16,0,63,1,70,,35793,16,0,63,1,30,,35787,16,0,63,1,70,,35789,16,0,63,1,30,,35781,16,0,63,1,70,,35785,16,0,63,1,30,,35798,16,0,63,1,70,,35796,16,0,63,1,30,,35800,16,0,63,1,70,,35791,16,0,63,1,30,,35784,16,0,63,1,70,,35792,16,0,63,1,30,,35786,16,0,63,1,70,,35783,16,0,63,1,30,,35788,16,0,63,1,70,,35779,16,0,63,1,30,,35799,16,0,63,1,70,,35795,16,0,63,1,30,,35790,16,0,63,1,70,,35782,16,0,63,1,30,,35794,16,0,63,1,70,,35777,16,0,63,1,30,,35797,16,0,63,1
31700,'13',622,,35804,16,0,63,1,30,,35802,16,0,63,1,70,,35817,16,0,63,1,30,,35811,16,0,63,1,70,,35813,16,0,63,1,30,,35805,16,0,63,1,70,,35809,16,0,63,1,30,,35822,16,0,63,1,70,,35820,16,0,63,1,30,,35824,16,0,63,1,70,,35815,16,0,63,1,30,,35808,16,0,63,1,70,,35816,16,0,63,1,30,,35810,16,0,63,1,70,,35807,16,0,63,1,30,,35812,16,0,63,1,70,,35803,16,0,63,1,30,,35823,16,0,63,1,70,,35819,16,0,63,1,30,,35814,16,0,63,1,70,,35806,16,0,63,1,30,,35818,16,0,63,1,70,,35801,16,0,63,1,30,,35821,16,0,63,1
31700,'3',622,,35828,16,0,63,1,30,,35826,16,0,63,1,70,,35841,16,0,63,1,30,,35835,16,0,63,1,70,,35837,16,0,63,1,30,,35829,16,0,63,1,70,,35833,16,0,63,1,30,,35846,16,0,63,1,70,,35844,16,0,63,1,30,,35848,16,0,63,1,70,,35839,16,0,63,1,30,,35832,16,0,63,1,70,,35840,16,0,63,1,30,,35834,16,0,63,1,70,,35831,16,0,63,1,30,,35836,16,0,63,1,70,,35827,16,0,63,1,30,,35847,16,0,63,1,70,,35843,16,0,63,1,30,,35838,16,0,63,1,70,,35830,16,0,63,1,30,,35842,16,0,63,1,70,,35825,16,0,63,1,30,,35845,16,0,63,1
31700,'6',622,,35852,16,0,63,1,30,,35850,16,0,63,1,70,,35865,16,0,63,1,30,,35859,16,0,63,1,70,,35861,16,0,63,1,30,,35853,16,0,63,1,70,,35857,16,0,63,1,30,,35870,16,0,63,1,70,,35868,16,0,63,1,30,,35872,16,0,63,1,70,,35863,16,0,63,1,30,,35856,16,0,63,1,70,,35864,16,0,63,1,30,,35858,16,0,63,1,70,,35855,16,0,63,1,30,,35860,16,0,63,1,70,,35851,16,0,63,1,30,,35871,16,0,63,1,70,,35867,16,0,63,1,30,,35862,16,0,63,1,70,,35854,16,0,63,1,30,,35866,16,0,63,1,70,,35849,16,0,63,1,30,,35869,16,0,63,1
31801,'12',614,,36057,26,0,45 50,1,30,,36068,26,0,45 50,1,71,,36059,26,0,45 50,1,30,,36064,26,0,45 50,1,70,,36069,26,0,45 50,1,30,,36076,26,0,45 50,1,70,,36071,26,0,45 50,1,30,,36058,26,0,45 50,1,71,,36078,26,0,45 50,1,30,,36075,26,0,45 50,1,70,,36062,26,0,45 50,1,30,,36060,26,0,45 50,1,70,,36067,26,0,45 50,1,30,,36077,26,0,45 50,1,70,,36065,26,0,45 50,1,30,,36074,26,0,45 50,1,68,,36066,26,0,45 50,1,30,,36070,26,0,45 50,1,70,,36063,26,0,45 50,1,30,,36072,26,0,45 50,1,70,,36073,26,0,45 50,1,30,,36061,26,0,45 50,1,70,,36053,26,0,45 50,1,30,,36056,26,0,45 50,1,71,,36055,26,0,45 50,1,29,,36054,26,0,45 50,1
31801,'13',614,,36083,26,0,45 50,1,30,,36092,26,0,45 50,1,71,,36085,26,0,45 50,1,30,,36089,26,0,45 50,1,70,,36093,26,0,45 50,1,30,,36099,26,0,45 50,1,70,,36095,26,0,45 50,1,30,,36084,26,0,45 50,1,71,,36101,26,0,45 50,1,30,,36098,26,0,45 50,1,70,,21825,26,0,45 50,1,30,,36086,26,0,45 50,1,70,,36091,26,0,45 50,1,30,,36100,26,0,45 50,1,70,,9655,26,0,45 50,1,30,,28819,26,0,45 50,1,68,,36090,26,0,45 50,1,30,,36094,26,0,45 50,1,70,,36088,26,0,45 50,1,30,,36096,26,0,45 50,1,70,,36097,26,0,45 50,1,30,,36087,26,0,45 50,1,70,,36079,26,0,45 50,1,30,,36082,26,0,45 50,1,71,,36081,26,0,45 50,1,29,,36080,26,0,45 50,1
31801,'3',614,,36106,26,0,45 50,1,30,,36115,26,0,45 50,1,71,,36108,26,0,45 50,1,30,,36112,26,0,45 50,1,70,,36116,26,0,45 50,1,30,,36122,26,0,45 50,1,70,,36118,26,0,45 50,1,30,,36107,26,0,45 50,1,71,,36124,26,0,45 50,1,30,,36121,26,0,45 50,1,70,,21848,26,0,45 50,1,30,,36109,26,0,45 50,1,70,,36114,26,0,45 50,1,30,,36123,26,0,45 50,1,70,,9697,26,0,45 50,1,30,,28842,26,0,45 50,1,68,,36113,26,0,45 50,1,30,,36117,26,0,45 50,1,70,,36111,26,0,45 50,1,30,,36119,26,0,45 50,1,70,,36120,26,0,45 50,1,30,,36110,26,0,45 50,1,70,,36102,26,0,45 50,1,30,,36105,26,0,45 50,1,71,,36104,26,0,45 50,1,29,,36103,26,0,45 50,1
31801,'6',614,,36129,26,0,45 50,1,30,,36140,26,0,45 50,1,71,,36131,26,0,45 50,1,30,,36136,26,0,45 50,1,70,,36141,26,0,45 50,1,30,,36148,26,0,45 50,1,70,,36143,26,0,45 50,1,30,,36130,26,0,45 50,1,71,,36150,26,0,45 50,1,30,,36147,26,0,45 50,1,70,,36134,26,0,45 50,1,30,,36132,26,0,45 50,1,70,,36139,26,0,45 50,1,30,,36149,26,0,45 50,1,70,,36137,26,0,45 50,1,30,,36146,26,0,45 50,1,68,,36138,26,0,45 50,1,30,,36142,26,0,45 50,1,70,,36135,26,0,45 50,1,30,,36144,26,0,45 50,1,70,,36145,26,0,45 50,1,30,,36133,26,0,45 50,1,70,,36125,26,0,45 50,1,30,,36128,26,0,45 50,1,71,,36127,26,0,45 50,1,29,,36126,26,0,45 50,1
41700,'1',622,,40762,16,0,67,1,30,,40769,16,0,67,1,70,,40763,16,0,67,1,30,,40774,16,0,67,1,70,,40775,16,0,67,1,30,,40782,16,0,67,1,70,,40768,16,0,67,1,30,,40767,16,0,67,1,70,,40783,16,0,67,1,30,,40765,16,0,67,1,70,,40778,16,0,67,1,30,,40771,16,0,67,1,70,,30428,16,0,67,1,30,,40764,16,0,67,1,70,,40781,16,0,67,1,30,,29674,16,0,67,1,70,,40772,16,0,67,1,30,,40773,16,0,67,1,70,,40761,16,0,67,1,30,,30086,16,0,67,1,70,,40766,16,0,67,1,30,,30078,16,0,67,1,70,,40776,16,0,67,1,30,,40777,16,0,67,1,70,,40779,16,0,67,1,100,,40760,16,0,67,1,100,,40770,16,0,67,1,100,,40759,16,0,67,1,100,,40780,16,0,67,1,100,,30781,16,0,67,1
41700,'11',622,,40787,16,0,67,1,30,,40795,16,0,67,1,70,,40788,16,0,67,1,30,,40801,16,0,67,1,70,,40802,16,0,67,1,30,,40811,16,0,67,1,70,,40793,16,0,67,1,30,,40792,16,0,67,1,70,,40813,16,0,67,1,30,,40790,16,0,67,1,70,,40806,16,0,67,1,30,,40797,16,0,67,1,70,,40794,16,0,67,1,30,,40789,16,0,67,1,70,,40810,16,0,67,1,30,,40812,16,0,67,1,70,,40799,16,0,67,1,30,,40800,16,0,67,1,70,,40786,16,0,67,1,30,,40804,16,0,67,1,70,,40791,16,0,67,1,30,,40798,16,0,67,1,70,,40803,16,0,67,1,30,,40805,16,0,67,1,70,,40808,16,0,67,1,100,,40785,16,0,67,1,100,,40796,16,0,67,1,100,,40784,16,0,67,1,100,,40809,16,0,67,1,100,,40807,16,0,67,1
41700,'12',1822,,40818,16,0,67,1,100,,40814,16,0,67,1,100,,40817,16,0,67,1,100,,40819,16,0,67,1,100,,40816,16,0,67,1,100,,40815,16,0,67,1
41700,'13',1822,,40824,16,0,67,1,100,,40820,16,0,67,1,100,,40823,16,0,67,1,100,,40825,16,0,67,1,100,,40822,16,0,67,1,100,,40821,16,0,67,1
41700,'14',1122,,40830,16,0,67,1,100,,29507,16,0,67,1,100,,40831,16,0,67,1,100,,40829,16,0,67,1,100,,40826,16,0,67,1,100,,40828,16,0,67,1,100,,40827,16,0,67,1
41700,'16',622,,40835,16,0,67,1,30,,40842,16,0,67,1,70,,40836,16,0,67,1,30,,40847,16,0,67,1,70,,40848,16,0,67,1,30,,40855,16,0,67,1,70,,40841,16,0,67,1,30,,40840,16,0,67,1,70,,40856,16,0,67,1,30,,40838,16,0,67,1,70,,40851,16,0,67,1,30,,40844,16,0,67,1,70,,30468,16,0,67,1,30,,40837,16,0,67,1,70,,40854,16,0,67,1,30,,29793,16,0,67,1,70,,40845,16,0,67,1,30,,40846,16,0,67,1,70,,40834,16,0,67,1,30,,30166,16,0,67,1,70,,40839,16,0,67,1,30,,30159,16,0,67,1,70,,40849,16,0,67,1,30,,40850,16,0,67,1,70,,40852,16,0,67,1,100,,40833,16,0,67,1,100,,40843,16,0,67,1,100,,40832,16,0,67,1,100,,40853,16,0,67,1,100,,30822,16,0,67,1
41700,'3',1822,,40861,16,0,67,1,100,,40857,16,0,67,1,100,,40860,16,0,67,1,100,,40862,16,0,67,1,100,,40859,16,0,67,1,100,,40858,16,0,67,1
41700,'6',1822,,40867,16,0,67,1,100,,40863,16,0,67,1,100,,40866,16,0,67,1,100,,40868,16,0,67,1,100,,40865,16,0,67,1,100,,40864,16,0,67,1
41700,'8',922,,40880,16,0,67,1,100,,32423,16,0,67,1,30,,40870,16,0,67,1,70,,40869,16,0,67,1,30,,40882,16,0,67,1,70,,40876,16,0,67,1,30,,40872,16,0,67,1,70,,40875,16,0,67,1,30,,40878,16,0,67,1,70,,40881,16,0,67,1,30,,40871,16,0,67,1,70,,40874,16,0,67,1,30,,30924,16,0,67,1,70,,40883,16,0,67,1,30,,40884,16,0,67,1,70,,40873,16,0,67,1,30,,40877,16,0,67,1,70,,40879,16,0,67,1,100,,31236,16,0,67,1
41801,'1',630,,41138,26,0,45 50,1,70,,41133,26,0,45 50,1,30,,41141,26,0,45 50,1,70,,41144,26,0,45 50,1,30,,41131,26,0,45 50,1,70,,41145,26,0,45 50,1,30,,41140,26,0,45 50,1,70,,41132,26,0,45 50,1,31,,41154,26,0,45 50,1,70,,41136,26,0,45 50,1,30,,41137,26,0,45 50,1,70,,41155,26,0,45 50,1,30,,41148,26,0,45 50,1,70,,32507,26,0,45 50,1,30,,29113,26,0,45 50,1,70,,41146,26,0,45 50,1,30,,41142,26,0,45 50,1,70,,41143,26,0,45 50,1,30,,41151,26,0,45 50,1,70,,41150,26,0,45 50,1,30,,41147,26,0,45 50,1,70,,41153,26,0,45 50,1,30,,31460,26,0,45 50,1,70,,41135,26,0,45 50,1,30,,41152,26,0,45 50,1,70,,41134,26,0,45 50,1,99,,41139,26,0,45 50,1,100,,30259,26,0,45 50,1,100,,41149,26,0,45 50,1,100,,29424,26,0,45 50,1
41801,'11',630,,41165,26,0,45 50,1,70,,41159,26,0,45 50,1,30,,41168,26,0,45 50,1,70,,41171,26,0,45 50,1,30,,41157,26,0,45 50,1,70,,41173,26,0,45 50,1,30,,41167,26,0,45 50,1,70,,41158,26,0,45 50,1,31,,41184,26,0,45 50,1,70,,41162,26,0,45 50,1,30,,41163,26,0,45 50,1,70,,41185,26,0,45 50,1,30,,41176,26,0,45 50,1,70,,41172,26,0,45 50,1,30,,41164,26,0,45 50,1,70,,41174,26,0,45 50,1,30,,41169,26,0,45 50,1,70,,41170,26,0,45 50,1,30,,41180,26,0,45 50,1,70,,41179,26,0,45 50,1,30,,41175,26,0,45 50,1,70,,41182,26,0,45 50,1,30,,41156,26,0,45 50,1,70,,41161,26,0,45 50,1,30,,41181,26,0,45 50,1,70,,41160,26,0,45 50,1,99,,41166,26,0,45 50,1,100,,41183,26,0,45 50,1,100,,41178,26,0,45 50,1,100,,41177,26,0,45 50,1
41801,'12',1901,,41188,26,0,45 50,1,99,,41186,26,0,45 50,1,100,,41190,26,0,45 50,1,100,,41189,26,0,45 50,1,100,,41187,26,0,45 50,1
41801,'13',1901,,41193,26,0,45 50,1,99,,41191,26,0,45 50,1,100,,41195,26,0,45 50,1,100,,41194,26,0,45 50,1,100,,41192,26,0,45 50,1
41801,'14',1201,,41200,26,0,45 50,1,100,,41197,26,0,45 50,1,100,,41198,26,0,45 50,1,100,,41201,26,0,45 50,1,100,,41196,26,0,45 50,1,100,,41199,26,0,45 50,1,100,,41202,26,0,45 50,1
41801,'16',630,,41210,26,0,45 50,1,70,,41205,26,0,45 50,1,30,,41213,26,0,45 50,1,70,,41216,26,0,45 50,1,30,,41203,26,0,45 50,1,70,,41218,26,0,45 50,1,30,,41212,26,0,45 50,1,70,,41204,26,0,45 50,1,31,,41227,26,0,45 50,1,70,,41208,26,0,45 50,1,30,,41209,26,0,45 50,1,70,,41228,26,0,45 50,1,30,,41221,26,0,45 50,1,70,,41217,26,0,45 50,1,30,,29137,26,0,45 50,1,70,,41219,26,0,45 50,1,30,,41214,26,0,45 50,1,70,,41215,26,0,45 50,1,30,,41224,26,0,45 50,1,70,,41223,26,0,45 50,1,30,,41220,26,0,45 50,1,70,,41226,26,0,45 50,1,30,,31476,26,0,45 50,1,70,,41207,26,0,45 50,1,30,,41225,26,0,45 50,1,70,,41206,26,0,45 50,1,99,,41211,26,0,45 50,1,100,,30300,26,0,45 50,1,100,,41222,26,0,45 50,1,100,,29543,26,0,45 50,1
41801,'3',1901,,41231,26,0,45 50,1,99,,41229,26,0,45 50,1,100,,41233,26,0,45 50,1,100,,41232,26,0,45 50,1,100,,41230,26,0,45 50,1
41801,'6',1901,,41236,26,0,45 50,1,99,,41234,26,0,45 50,1,100,,41238,26,0,45 50,1,100,,41237,26,0,45 50,1,100,,41235,26,0,45 50,1
41801,'8',900,,41247,26,0,45 50,1,100,,41243,26,0,45 50,1,101,,41246,26,0,45 50,1,30,,41239,26,0,45 50,1,70,,41254,26,0,45 50,1,30,,41248,26,0,45 50,1,70,,41257,26,0,45 50,1,30,,41242,26,0,45 50,1,70,,41253,26,0,45 50,1,30,,41252,26,0,45 50,1,70,,41240,26,0,45 50,1,30,,41241,26,0,45 50,1,70,,41255,26,0,45 50,1,30,,41256,26,0,45 50,1,70,,41245,26,0,45 50,1,30,,41258,26,0,45 50,1,70,,41249,26,0,45 50,1,30,,41250,26,0,45 50,1,70,,41244,26,0,45 50,1,99,,41251,26,0,45 50,1
