30101,'12',622,,32947,16,0,5 15,1,30,,32948,16,0,5 15,1,70,,32969,16,0,5 15,1,30,,32985,16,0,5 15,1,70,,32960,16,0,5 15,1,30,,32976,16,0,5 15,1,70,,32954,16,0,5 15,1,30,,32952,16,0,5 15,1,70,,32986,16,0,5 15,1,30,,32966,16,0,5 15,1,70,,32967,16,0,5 15,1,30,,32945,16,0,5 15,1,70,,32955,16,0,5 15,1,30,,32957,16,0,5 15,1,70,,32987,16,0,5 15,1,30,,32991,16,0,5 15,1,70,,32956,16,0,5 15,1,30,,32990,16,0,5 15,1,70,,32980,16,0,5 15,1,30,,32971,16,0,5 15,1,70,,32972,16,0,5 15,1,30,,32994,16,0,5 15,1,70,,32993,16,0,5 15,1,30,,32977,16,0,5 15,1
30101,'13',622,,32997,16,0,5 15,1,30,,32998,16,0,5 15,1,70,,33016,16,0,5 15,1,30,,28476,16,0,5 15,1,70,,33008,16,0,5 15,1,30,,33022,16,0,5 15,1,70,,33003,16,0,5 15,1,30,,33001,16,0,5 15,1,70,,33030,16,0,5 15,1,30,,33014,16,0,5 15,1,70,,33015,16,0,5 15,1,30,,32995,16,0,5 15,1,70,,33004,16,0,5 15,1,30,,33006,16,0,5 15,1,70,,31703,16,0,5 15,1,30,,33033,16,0,5 15,1,70,,33005,16,0,5 15,1,30,,28477,16,0,5 15,1,70,,33026,16,0,5 15,1,30,,33017,16,0,5 15,1,70,,33018,16,0,5 15,1,30,,33036,16,0,5 15,1,70,,33035,16,0,5 15,1,30,,33023,16,0,5 15,1
30101,'3',622,,33039,16,0,5 15,1,30,,33040,16,0,5 15,1,70,,33058,16,0,5 15,1,30,,28491,16,0,5 15,1,70,,33050,16,0,5 15,1,30,,33064,16,0,5 15,1,70,,33045,16,0,5 15,1,30,,33043,16,0,5 15,1,70,,33072,16,0,5 15,1,30,,33056,16,0,5 15,1,70,,33057,16,0,5 15,1,30,,33037,16,0,5 15,1,70,,33046,16,0,5 15,1,30,,33048,16,0,5 15,1,70,,31758,16,0,5 15,1,30,,33075,16,0,5 15,1,70,,33047,16,0,5 15,1,30,,28492,16,0,5 15,1,70,,33068,16,0,5 15,1,30,,33059,16,0,5 15,1,70,,33060,16,0,5 15,1,30,,33078,16,0,5 15,1,70,,33077,16,0,5 15,1,30,,33065,16,0,5 15,1
30101,'6',622,,33081,16,0,5 15,1,30,,33082,16,0,5 15,1,70,,33103,16,0,5 15,1,30,,33119,16,0,5 15,1,70,,33094,16,0,5 15,1,30,,33110,16,0,5 15,1,70,,33088,16,0,5 15,1,30,,33086,16,0,5 15,1,70,,33120,16,0,5 15,1,30,,33100,16,0,5 15,1,70,,33101,16,0,5 15,1,30,,33079,16,0,5 15,1,70,,33089,16,0,5 15,1,30,,33091,16,0,5 15,1,70,,33121,16,0,5 15,1,30,,33125,16,0,5 15,1,70,,33090,16,0,5 15,1,30,,33124,16,0,5 15,1,70,,33114,16,0,5 15,1,30,,33105,16,0,5 15,1,70,,33106,16,0,5 15,1,30,,33128,16,0,5 15,1,70,,33127,16,0,5 15,1,30,,33111,16,0,5 15,1
40101,'1',636,,38036,16,0,16,1,70,,38052,16,0,16,1,30,,38025,16,0,16,1,70,,38054,16,0,16,1,30,,38057,16,0,16,1,70,,38048,16,0,16,1,30,,32002,16,0,16,1,70,,38046,16,0,16,1,30,,38060,16,0,16,1,70,,38020,16,0,16,1,30,,38034,16,0,16,1,70,,38031,16,0,16,1,30,,30519,16,0,16,1,70,,38038,16,0,16,1,30,,38026,16,0,16,1,70,,38043,16,0,16,1,30,,38045,16,0,16,1,70,,38063,16,0,16,1,30,,38040,16,0,16,1,70,,38033,16,0,16,1,30,,38032,16,0,16,1,70,,38027,16,0,16,1,30,,38056,16,0,16,1,70,,38059,16,0,16,1,30,,38037,16,0,16,1,100,,38012,16,0,16,1,100,,38028,16,0,16,1,100,,38049,16,0,16,1,100,,38013,16,0,16,1,100,,38011,16,0,5,1
40101,'11',636,,38093,16,0,16,1,70,,38112,16,0,16,1,30,,38082,16,0,16,1,70,,38114,16,0,16,1,30,,38117,16,0,16,1,70,,38107,16,0,16,1,30,,38102,16,0,16,1,70,,38105,16,0,16,1,30,,38120,16,0,16,1,70,,38077,16,0,16,1,30,,38091,16,0,16,1,70,,38088,16,0,16,1,30,,38099,16,0,16,1,70,,38094,16,0,16,1,30,,38083,16,0,16,1,70,,38101,16,0,16,1,30,,38104,16,0,16,1,70,,38124,16,0,16,1,30,,38097,16,0,16,1,70,,38090,16,0,16,1,30,,38089,16,0,16,1,70,,38084,16,0,16,1,30,,38116,16,0,16,1,70,,38119,16,0,16,1,30,,38095,16,0,16,1,100,,38069,16,0,16,1,100,,38085,16,0,16,1,100,,38108,16,0,16,1,100,,38070,16,0,16,1,100,,38068,16,0,5,1
40101,'12',1836,,38134,16,0,16,1,100,,38133,16,0,16,1,100,,38132,16,0,16,1,100,,38128,16,0,16,1,100,,38137,16,0,16,1,100,,38130,16,0,5,1
40101,'13',1836,,38145,16,0,16,1,100,,38144,16,0,16,1,100,,38143,16,0,16,1,100,,38139,16,0,16,1,100,,38148,16,0,16,1,100,,38141,16,0,5,1
40101,'14',1036,,38157,16,0,16,1,100,,38159,16,0,16,1,100,,38158,16,0,16,1,100,,38153,16,0,16,1,100,,38156,16,0,16,1,100,,38151,16,0,16,1,100,,38162,16,0,16,1,100,,38149,16,0,5,1
40101,'16',636,,38191,16,0,16,1,70,,38207,16,0,16,1,30,,38180,16,0,16,1,70,,38209,16,0,16,1,30,,38212,16,0,16,1,70,,38203,16,0,16,1,30,,32040,16,0,16,1,70,,38201,16,0,16,1,30,,38215,16,0,16,1,70,,38175,16,0,16,1,30,,38189,16,0,16,1,70,,38186,16,0,16,1,30,,30556,16,0,16,1,70,,38193,16,0,16,1,30,,38181,16,0,16,1,70,,38198,16,0,16,1,30,,38200,16,0,16,1,70,,38218,16,0,16,1,30,,38195,16,0,16,1,70,,38188,16,0,16,1,30,,38187,16,0,16,1,70,,38182,16,0,16,1,30,,38211,16,0,16,1,70,,38214,16,0,16,1,30,,38192,16,0,16,1,100,,38167,16,0,16,1,100,,38183,16,0,16,1,100,,38204,16,0,16,1,100,,38168,16,0,16,1,100,,38166,16,0,5,1
40101,'3',1836,,38228,16,0,16,1,100,,38227,16,0,16,1,100,,38226,16,0,16,1,100,,38222,16,0,16,1,100,,38231,16,0,16,1,100,,38224,16,0,5,1
40101,'6',1836,,38239,16,0,16,1,100,,38238,16,0,16,1,100,,38237,16,0,16,1,100,,38233,16,0,16,1,100,,38242,16,0,16,1,100,,38235,16,0,5,1
40101,'8',836,,38272,16,0,16,1,100,,38276,16,0,16,1,100,,38252,16,0,16,1,70,,38262,16,0,16,1,30,,38268,16,0,16,1,70,,38258,16,0,16,1,30,,38281,16,0,16,1,70,,38247,16,0,16,1,30,,38243,16,0,16,1,70,,38260,16,0,16,1,30,,38253,16,0,16,1,70,,38274,16,0,16,1,30,,38254,16,0,16,1,70,,38267,16,0,16,1,30,,38251,16,0,16,1,70,,38244,16,0,16,1,30,,38269,16,0,16,1,70,,38248,16,0,16,1,30,,38273,16,0,16,1,100,,38279,16,0,16,1
