32000,'12',640,,36165,20,0,47 18,1,71,,36172,20,0,47 18,1,30,,36168,20,0,47 18,1,70,,36153,20,0,47 18,1,30,,36169,20,0,47 18,1,70,,36161,20,0,47 18,1,30,,36173,20,0,47 18,1,70,,36151,20,0,47 18,1,30,,36155,20,0,47 18,1,70,,36152,20,0,47 18,1,30,,36163,20,0,47 18,1,70,,36171,20,0,47 18,1,30,,36167,20,0,47 18,1,70,,36162,20,0,47 18,1,30,,36158,20,0,47 18,1,71,,36156,20,0,47 18,1,30,,36160,20,0,47 18,1,70,,36170,20,0,47 18,1,30,,36174,20,0,47 18,1,70,,36157,20,0,47 18,1,30,,36166,20,0,47 18,1,70,,36154,20,0,47 18,1,30,,36164,20,0,47 18,1,70,,36159,20,0,47 18,1
32000,'13',640,,36186,20,0,47 18,1,71,,36192,20,0,47 18,1,30,,36188,20,0,47 18,1,70,,36176,20,0,47 18,1,30,,36189,20,0,47 18,1,70,,36182,20,0,47 18,1,30,,36193,20,0,47 18,1,70,,28765,20,0,47 18,1,30,,27762,20,0,47 18,1,70,,36175,20,0,47 18,1,30,,36184,20,0,47 18,1,70,,36191,20,0,47 18,1,30,,28507,20,0,47 18,1,70,,36183,20,0,47 18,1,30,,36179,20,0,47 18,1,71,,36177,20,0,47 18,1,30,,36181,20,0,47 18,1,70,,36190,20,0,47 18,1,30,,36194,20,0,47 18,1,70,,36178,20,0,47 18,1,30,,36187,20,0,47 18,1,70,,29458,20,0,47 18,1,30,,36185,20,0,47 18,1,70,,36180,20,0,47 18,1
32000,'3',640,,36206,20,0,47 18,1,71,,36212,20,0,47 18,1,30,,36208,20,0,47 18,1,70,,36196,20,0,47 18,1,30,,36209,20,0,47 18,1,70,,36202,20,0,47 18,1,30,,36213,20,0,47 18,1,70,,28787,20,0,47 18,1,30,,27782,20,0,47 18,1,70,,36195,20,0,47 18,1,30,,36204,20,0,47 18,1,70,,36211,20,0,47 18,1,30,,28531,20,0,47 18,1,70,,36203,20,0,47 18,1,30,,36199,20,0,47 18,1,71,,36197,20,0,47 18,1,30,,36201,20,0,47 18,1,70,,36210,20,0,47 18,1,30,,36214,20,0,47 18,1,70,,36198,20,0,47 18,1,30,,36207,20,0,47 18,1,70,,29579,20,0,47 18,1,30,,36205,20,0,47 18,1,70,,36200,20,0,47 18,1
32000,'6',640,,36229,20,0,47 18,1,71,,36236,20,0,47 18,1,30,,36232,20,0,47 18,1,70,,36217,20,0,47 18,1,30,,36233,20,0,47 18,1,70,,36225,20,0,47 18,1,30,,36237,20,0,47 18,1,70,,36215,20,0,47 18,1,30,,36219,20,0,47 18,1,70,,36216,20,0,47 18,1,30,,36227,20,0,47 18,1,70,,36235,20,0,47 18,1,30,,36231,20,0,47 18,1,70,,36226,20,0,47 18,1,30,,36222,20,0,47 18,1,71,,36220,20,0,47 18,1,30,,36224,20,0,47 18,1,70,,36234,20,0,47 18,1,30,,36238,20,0,47 18,1,70,,36221,20,0,47 18,1,30,,36230,20,0,47 18,1,70,,36218,20,0,47 18,1,30,,36228,20,0,47 18,1,70,,36223,20,0,47 18,1
42000,'1',639,,41282,20,0,47 18,1,72,,41266,20,0,47 18,1,30,,31185,20,0,47 18,1,70,,41272,20,0,47 18,1,30,,41262,20,0,47 18,1,70,,41259,20,0,47 18,1,30,,41265,20,0,47 18,1,70,,41276,20,0,47 18,1,30,,41267,20,0,47 18,1,70,,41261,20,0,47 18,1,30,,32493,20,0,47 18,1,70,,41283,20,0,47 18,1,30,,32582,20,0,47 18,1,70,,41281,20,0,47 18,1,30,,30863,20,0,47 18,1,71,,41271,20,0,47 18,1,30,,41278,20,0,47 18,1,70,,41260,20,0,47 18,1,30,,41273,20,0,47 18,1,70,,41263,20,0,47 18,1,30,,41269,20,0,47 18,1,70,,41284,20,0,47 18,1,30,,41277,20,0,47 18,1,70,,41270,20,0,47 18,1,30,,41274,20,0,47 18,1,99,,41280,20,0,47 18,1,100,,41268,20,0,47 18,1,100,,41264,20,0,47 18,1,100,,41279,20,0,47 18,1,100,,41275,20,0,47 18,1
42000,'11',639,,41311,20,0,47 18,1,72,,41292,20,0,47 18,1,30,,41296,20,0,47 18,1,70,,41301,20,0,47 18,1,30,,41288,20,0,47 18,1,70,,41285,20,0,47 18,1,30,,41291,20,0,47 18,1,70,,41305,20,0,47 18,1,30,,41294,20,0,47 18,1,70,,41287,20,0,47 18,1,30,,41314,20,0,47 18,1,70,,41312,20,0,47 18,1,30,,41293,20,0,47 18,1,70,,41310,20,0,47 18,1,30,,41299,20,0,47 18,1,71,,41300,20,0,47 18,1,30,,41307,20,0,47 18,1,70,,41286,20,0,47 18,1,30,,41302,20,0,47 18,1,70,,41289,20,0,47 18,1,30,,41297,20,0,47 18,1,70,,41313,20,0,47 18,1,30,,41306,20,0,47 18,1,70,,41298,20,0,47 18,1,30,,41303,20,0,47 18,1,99,,41309,20,0,47 18,1,100,,41295,20,0,47 18,1,100,,41290,20,0,47 18,1,100,,41308,20,0,47 18,1,100,,41304,20,0,47 18,1
42000,'12',1842,,41318,20,0,47 18,1,99,,41315,20,0,47 18,1,100,,41319,20,0,47 18,1,100,,41317,20,0,47 18,1,100,,41316,20,0,47 18,1,100,,41320,20,0,47 18,1
42000,'13',1842,,28025,20,0,47 18,1,99,,41321,20,0,47 18,1,100,,28605,20,0,47 18,1,100,,41323,20,0,47 18,1,100,,41322,20,0,47 18,1,100,,41324,20,0,47 18,1
42000,'14',1111,,41334,20,0,47 18,1,30,,41337,20,0,47 18,1,70,,41330,20,0,47 18,1,30,,41335,20,0,47 18,1,70,,41333,20,0,47 18,1,30,,41329,20,0,47 18,1,71,,41327,20,0,47 18,1,30,,41336,20,0,47 18,1,70,,41338,20,0,47 18,1,30,,41331,20,0,47 18,1,70,,41326,20,0,47 18,1,30,,41328,20,0,47 18,1,70,,41325,20,0,47 18,1,30,,41332,20,0,47 18,1
42000,'16',639,,41363,20,0,47 18,1,72,,41346,20,0,47 18,1,30,,31210,20,0,47 18,1,70,,41353,20,0,47 18,1,30,,41342,20,0,47 18,1,70,,41339,20,0,47 18,1,30,,41345,20,0,47 18,1,70,,41357,20,0,47 18,1,30,,41348,20,0,47 18,1,70,,41341,20,0,47 18,1,30,,41366,20,0,47 18,1,70,,41364,20,0,47 18,1,30,,41347,20,0,47 18,1,70,,41362,20,0,47 18,1,30,,30903,20,0,47 18,1,71,,41352,20,0,47 18,1,30,,41359,20,0,47 18,1,70,,41340,20,0,47 18,1,30,,41354,20,0,47 18,1,70,,41343,20,0,47 18,1,30,,41350,20,0,47 18,1,70,,41365,20,0,47 18,1,30,,41358,20,0,47 18,1,70,,41351,20,0,47 18,1,30,,41355,20,0,47 18,1,99,,41361,20,0,47 18,1,100,,41349,20,0,47 18,1,100,,41344,20,0,47 18,1,100,,41360,20,0,47 18,1,100,,41356,20,0,47 18,1
42000,'3',1842,,28048,20,0,47 18,1,99,,41367,20,0,47 18,1,100,,28647,20,0,47 18,1,100,,41369,20,0,47 18,1,100,,41368,20,0,47 18,1,100,,41370,20,0,47 18,1
42000,'6',1842,,41374,20,0,47 18,1,99,,41371,20,0,47 18,1,100,,41375,20,0,47 18,1,100,,41373,20,0,47 18,1,100,,41372,20,0,47 18,1,100,,41376,20,0,47 18,1
42000,'8',911,,41390,20,0,47 18,1,30,,41397,20,0,47 18,1,70,,41396,20,0,47 18,1,30,,41398,20,0,47 18,1,70,,30493,20,0,47 18,1,30,,41377,20,0,47 18,1,70,,41380,20,0,47 18,1,30,,41379,20,0,47 18,1,70,,41392,20,0,47 18,1,30,,41393,20,0,47 18,1,71,,41394,20,0,47 18,1,30,,41389,20,0,47 18,1,70,,41381,20,0,47 18,1,30,,41387,20,0,47 18,1,70,,41384,20,0,47 18,1,30,,41378,20,0,47 18,1,70,,41385,20,0,47 18,1,30,,41391,20,0,47 18,1,70,,41395,20,0,47 18,1,30,,41388,20,0,47 18,1,69,,41386,20,0,47 18,1,30,,41382,20,0,47 18,1,70,,41383,20,0,47 18,1
