32000,'15',641,,13860,22,0,47 18,1,71,,13877,22,0,47 18,1,30,,13873,22,0,47 18,1,70,,13862,22,0,47 18,1,30,,13875,22,0,47 18,1,70,,13868,22,0,47 18,1,30,,13878,22,0,47 18,1,70,,13865,22,0,47 18,1,30,,13863,22,0,47 18,1,70,,13876,22,0,47 18,1,30,,13879,22,0,47 18,1,70,,13867,22,0,47 18,1,30,,13859,22,0,47 18,1,70,,13874,22,0,47 18,1,30,,13872,22,0,47 18,1,71,,13866,22,0,47 18,1,30,,13858,22,0,47 18,1,70,,13871,22,0,47 18,1,30,,13870,22,0,47 18,1,70,,13856,22,0,47 18,1,30,,13857,22,0,47 18,1,70,,13861,22,0,47 18,1,30,,13869,22,0,47 18,1,70,,13864,22,0,47 18,1
32000,'16',641,,13883,22,0,47 18,1,71,,13895,22,0,47 18,1,30,,13892,22,0,47 18,1,70,,13885,22,0,47 18,1,30,,8694,22,0,47 18,1,70,,2156,22,0,47 18,1,30,,13896,22,0,47 18,1,70,,8203,22,0,47 18,1,30,,3348,22,0,47 18,1,70,,13894,22,0,47 18,1,30,,13897,22,0,47 18,1,70,,13888,22,0,47 18,1,30,,13882,22,0,47 18,1,70,,13893,22,0,47 18,1,30,,13891,22,0,47 18,1,71,,13887,22,0,47 18,1,30,,2598,22,0,47 18,1,70,,13890,22,0,47 18,1,30,,5566,22,0,47 18,1,70,,13880,22,0,47 18,1,30,,13881,22,0,47 18,1,70,,13884,22,0,47 18,1,30,,13889,22,0,47 18,1,70,,13886,22,0,47 18,1
32000,'17',641,,13901,22,0,47 18,1,71,,13913,22,0,47 18,1,30,,13910,22,0,47 18,1,70,,13903,22,0,47 18,1,30,,8704,22,0,47 18,1,70,,2180,22,0,47 18,1,30,,13914,22,0,47 18,1,70,,8208,22,0,47 18,1,30,,3372,22,0,47 18,1,70,,13912,22,0,47 18,1,30,,13915,22,0,47 18,1,70,,13906,22,0,47 18,1,30,,13900,22,0,47 18,1,70,,13911,22,0,47 18,1,30,,13909,22,0,47 18,1,71,,13905,22,0,47 18,1,30,,2616,22,0,47 18,1,70,,13908,22,0,47 18,1,30,,5616,22,0,47 18,1,70,,13898,22,0,47 18,1,30,,13899,22,0,47 18,1,70,,13902,22,0,47 18,1,30,,13907,22,0,47 18,1,70,,13904,22,0,47 18,1
32000,'19',641,,13919,22,0,47 18,1,71,,13934,22,0,47 18,1,30,,13930,22,0,47 18,1,70,,13921,22,0,47 18,1,30,,13932,22,0,47 18,1,70,,13926,22,0,47 18,1,30,,13935,22,0,47 18,1,70,,13924,22,0,47 18,1,30,,13922,22,0,47 18,1,70,,13933,22,0,47 18,1,30,,13936,22,0,47 18,1,70,,6007,22,0,47 18,1,30,,13918,22,0,47 18,1,70,,13931,22,0,47 18,1,30,,13929,22,0,47 18,1,71,,13925,22,0,47 18,1,30,,13917,22,0,47 18,1,70,,5851,22,0,47 18,1,30,,13928,22,0,47 18,1,70,,13916,22,0,47 18,1,30,,5330,22,0,47 18,1,70,,13920,22,0,47 18,1,30,,13927,22,0,47 18,1,70,,13923,22,0,47 18,1
32000,'5',641,,13940,22,0,47 18,1,71,,13951,22,0,47 18,1,30,,4492,22,0,47 18,1,70,,13942,22,0,47 18,1,30,,8724,22,0,47 18,1,70,,2204,22,0,47 18,1,30,,13952,22,0,47 18,1,70,,8237,22,0,47 18,1,30,,3396,22,0,47 18,1,70,,13950,22,0,47 18,1,30,,13953,22,0,47 18,1,70,,13945,22,0,47 18,1,30,,13939,22,0,47 18,1,70,,13949,22,0,47 18,1,30,,13948,22,0,47 18,1,71,,13944,22,0,47 18,1,30,,2634,22,0,47 18,1,70,,13947,22,0,47 18,1,30,,5746,22,0,47 18,1,70,,13937,22,0,47 18,1,30,,13938,22,0,47 18,1,70,,13941,22,0,47 18,1,30,,13946,22,0,47 18,1,70,,13943,22,0,47 18,1
32000,'6',641,,13958,22,0,47 18,1,71,,13975,22,0,47 18,1,30,,13971,22,0,47 18,1,70,,13960,22,0,47 18,1,30,,13973,22,0,47 18,1,70,,13966,22,0,47 18,1,30,,13976,22,0,47 18,1,70,,13963,22,0,47 18,1,30,,13961,22,0,47 18,1,70,,13974,22,0,47 18,1,30,,13977,22,0,47 18,1,70,,13965,22,0,47 18,1,30,,13957,22,0,47 18,1,70,,13972,22,0,47 18,1,30,,13970,22,0,47 18,1,71,,13964,22,0,47 18,1,30,,13956,22,0,47 18,1,70,,13969,22,0,47 18,1,30,,13968,22,0,47 18,1,70,,13954,22,0,47 18,1,30,,13955,22,0,47 18,1,70,,13959,22,0,47 18,1,30,,13967,22,0,47 18,1,70,,13962,22,0,47 18,1
42000,'1',1112,,19827,22,0,47 18,1,30,,19822,22,0,47 18,1,70,,19823,22,0,47 18,1,30,,19819,22,0,47 18,1,70,,19820,22,0,47 18,1,30,,19826,22,0,47 18,1,71,,19828,22,0,47 18,1,30,,19829,22,0,47 18,1,70,,3120,22,0,47 18,1,30,,19830,22,0,47 18,1,70,,19824,22,0,47 18,1,30,,19821,22,0,47 18,1,70,,19818,22,0,47 18,1,30,,19825,22,0,47 18,1
42000,'10',640,,19850,22,0,47 18,1,71,,19856,22,0,47 18,1,30,,19857,22,0,47 18,1,70,,19844,22,0,47 18,1,30,,19836,22,0,47 18,1,70,,19833,22,0,47 18,1,30,,19848,22,0,47 18,1,71,,19851,22,0,47 18,1,30,,19832,22,0,47 18,1,70,,19831,22,0,47 18,1,30,,19860,22,0,47 18,1,70,,19849,22,0,47 18,1,30,,19842,22,0,47 18,1,70,,19834,22,0,47 18,1,30,,19859,22,0,47 18,1,71,,19855,22,0,47 18,1,30,,19847,22,0,47 18,1,70,,19840,22,0,47 18,1,30,,19843,22,0,47 18,1,70,,19837,22,0,47 18,1,30,,19841,22,0,47 18,1,70,,19852,22,0,47 18,1,30,,19835,22,0,47 18,1,70,,19838,22,0,47 18,1,30,,19858,22,0,47 18,1,99,,19845,22,0,47 18,1,100,,19854,22,0,47 18,1,100,,19839,22,0,47 18,1,100,,19853,22,0,47 18,1,100,,19846,22,0,47 18,1
42000,'12',911,,19861,22,0,47 18,1,30,,19866,22,0,47 18,1,71,,19870,22,0,47 18,1,30,,19873,22,0,47 18,1,70,,19865,22,0,47 18,1,30,,19869,22,0,47 18,1,70,,19864,22,0,47 18,1,30,,19874,22,0,47 18,1,70,,19881,22,0,47 18,1,30,,5782,22,0,47 18,1,71,,19863,22,0,47 18,1,30,,19862,22,0,47 18,1,70,,19867,22,0,47 18,1,30,,19868,22,0,47 18,1,70,,19880,22,0,47 18,1,30,,19877,22,0,47 18,1,70,,19872,22,0,47 18,1,30,,19876,22,0,47 18,1,70,,19871,22,0,47 18,1,30,,19879,22,0,47 18,1,69,,19878,22,0,47 18,1,30,,19875,22,0,47 18,1,70,,8133,22,0,47 18,1
42000,'15',1843,,19887,22,0,47 18,1,99,,19884,22,0,47 18,1,100,,19882,22,0,47 18,1,100,,19885,22,0,47 18,1,100,,19883,22,0,47 18,1,100,,19886,22,0,47 18,1
42000,'16',1843,,19893,22,0,47 18,1,99,,19890,22,0,47 18,1,100,,19888,22,0,47 18,1,100,,19891,22,0,47 18,1,100,,19889,22,0,47 18,1,100,,19892,22,0,47 18,1
42000,'17',1843,,19899,22,0,47 18,1,99,,19896,22,0,47 18,1,100,,19894,22,0,47 18,1,100,,19897,22,0,47 18,1,100,,19895,22,0,47 18,1,100,,19898,22,0,47 18,1
42000,'19',1843,,19904,22,0,47 18,1,99,,19901,22,0,47 18,1,100,,5637,22,0,47 18,1,100,,19902,22,0,47 18,1,100,,19900,22,0,47 18,1,100,,19903,22,0,47 18,1
42000,'21',640,,19920,22,0,47 18,1,71,,19925,22,0,47 18,1,30,,19926,22,0,47 18,1,70,,8506,22,0,47 18,1,30,,19908,22,0,47 18,1,70,,7993,22,0,47 18,1,30,,19918,22,0,47 18,1,71,,19921,22,0,47 18,1,30,,19906,22,0,47 18,1,70,,19905,22,0,47 18,1,30,,19929,22,0,47 18,1,70,,19919,22,0,47 18,1,30,,19914,22,0,47 18,1,70,,19907,22,0,47 18,1,30,,19928,22,0,47 18,1,71,,19924,22,0,47 18,1,30,,7915,22,0,47 18,1,70,,19912,22,0,47 18,1,30,,19915,22,0,47 18,1,70,,19909,22,0,47 18,1,30,,19913,22,0,47 18,1,70,,6336,22,0,47 18,1,30,,7832,22,0,47 18,1,70,,19910,22,0,47 18,1,30,,19927,22,0,47 18,1,99,,19916,22,0,47 18,1,100,,19923,22,0,47 18,1,100,,19911,22,0,47 18,1,100,,19922,22,0,47 18,1,100,,19917,22,0,47 18,1
42000,'5',1843,,19935,22,0,47 18,1,99,,19932,22,0,47 18,1,100,,19930,22,0,47 18,1,100,,19933,22,0,47 18,1,100,,19931,22,0,47 18,1,100,,19934,22,0,47 18,1
42000,'6',1843,,19941,22,0,47 18,1,99,,19938,22,0,47 18,1,100,,19936,22,0,47 18,1,100,,19939,22,0,47 18,1,100,,19937,22,0,47 18,1,100,,19940,22,0,47 18,1
