30100,'1',617,,16,36,0,5 6,1,30,,28,36,0,5 6,1,70,,31,36,0,5 6,1,30,,26,36,0,5 6,1,70,,43,36,0,5 6,1,30,,15,36,0,5 6,1,70,,10,36,0,5 6,1,30,,2,36,0,5 6,1,70,,46,36,0,5 6,1,30,,11,36,0,5 6,1,70,,27,36,0,5 6,1,30,,7,36,0,5 6,1,70,,18,36,0,5 6,1,30,,38,36,0,5 6,1,70,,17,36,0,5 6,1,30,,12,36,0,5 6,1,70,,36,36,0,5 6,1,30,,6,36,0,5 6,1,70,,33,36,0,5 6,1,30,,19,36,0,5 6,1,70,,1,36,0,5 6,1,30,,24,36,0,5 6,1,70,,21,36,0,5 6,1,30,,37,36,0,5 6,1
30100,'10',617,,63,36,0,5 6,1,30,,75,36,0,5 6,1,70,,78,36,0,5 6,1,30,,73,36,0,5 6,1,70,,90,36,0,5 6,1,30,,62,36,0,5 6,1,70,,57,36,0,5 6,1,30,,49,36,0,5 6,1,70,,93,36,0,5 6,1,30,,58,36,0,5 6,1,70,,74,36,0,5 6,1,30,,54,36,0,5 6,1,70,,65,36,0,5 6,1,30,,85,36,0,5 6,1,70,,64,36,0,5 6,1,30,,59,36,0,5 6,1,70,,83,36,0,5 6,1,30,,53,36,0,5 6,1,70,,80,36,0,5 6,1,30,,66,36,0,5 6,1,70,,48,36,0,5 6,1,30,,71,36,0,5 6,1,70,,68,36,0,5 6,1,30,,84,36,0,5 6,1
30100,'11',617,,110,36,0,5 6,1,30,,122,36,0,5 6,1,70,,125,36,0,5 6,1,30,,120,36,0,5 6,1,70,,137,36,0,5 6,1,30,,109,36,0,5 6,1,70,,104,36,0,5 6,1,30,,96,36,0,5 6,1,70,,140,36,0,5 6,1,30,,105,36,0,5 6,1,70,,121,36,0,5 6,1,30,,101,36,0,5 6,1,70,,112,36,0,5 6,1,30,,132,36,0,5 6,1,70,,111,36,0,5 6,1,30,,106,36,0,5 6,1,70,,130,36,0,5 6,1,30,,100,36,0,5 6,1,70,,127,36,0,5 6,1,30,,113,36,0,5 6,1,70,,95,36,0,5 6,1,30,,118,36,0,5 6,1,70,,115,36,0,5 6,1,30,,131,36,0,5 6,1
30100,'3',617,,157,36,0,5 6,1,30,,169,36,0,5 6,1,70,,172,36,0,5 6,1,30,,167,36,0,5 6,1,70,,184,36,0,5 6,1,30,,156,36,0,5 6,1,70,,151,36,0,5 6,1,30,,143,36,0,5 6,1,70,,187,36,0,5 6,1,30,,152,36,0,5 6,1,70,,168,36,0,5 6,1,30,,148,36,0,5 6,1,70,,159,36,0,5 6,1,30,,179,36,0,5 6,1,70,,158,36,0,5 6,1,30,,153,36,0,5 6,1,70,,177,36,0,5 6,1,30,,147,36,0,5 6,1,70,,174,36,0,5 6,1,30,,160,36,0,5 6,1,70,,142,36,0,5 6,1,30,,165,36,0,5 6,1,70,,162,36,0,5 6,1,30,,178,36,0,5 6,1
40100,'1',1811,,5800,36,0,8,1,100,,5797,36,0,8,1,100,,5804,36,0,8,1,100,,5809,36,0,8,1,100,,5803,36,0,8,1,100,,5802,36,0,8,1,100,,5798,36,0,8,1
40100,'10',1811,,5814,36,0,8,1,100,,5811,36,0,8,1,100,,5818,36,0,8,1,100,,5823,36,0,8,1,100,,5817,36,0,8,1,100,,5816,36,0,8,1,100,,5812,36,0,8,1
40100,'11',1811,,5828,36,0,8,1,100,,5825,36,0,8,1,100,,5832,36,0,8,1,100,,5837,36,0,8,1,100,,5831,36,0,8,1,100,,5830,36,0,8,1,100,,5826,36,0,8,1
40100,'12',1111,,5842,36,0,8,1,100,,5854,36,0,8,1,100,,5850,36,0,8,1,100,,5839,36,0,8,1,100,,5840,36,0,8,1,100,,5845,36,0,8,1,100,,5848,36,0,8,1,100,,5843,36,0,8,1
40100,'14',641,,5907,36,0,8,1,70,,5862,36,0,8,1,30,,5901,36,0,8,1,70,,5909,36,0,8,1,30,,5905,36,0,8,1,70,,5913,36,0,8,1,30,,5863,36,0,8,1,70,,5869,36,0,8,1,30,,5865,36,0,8,1,70,,5895,36,0,8,1,30,,5896,36,0,8,1,70,,5856,36,0,8,1,30,,5908,36,0,8,1,70,,5885,36,0,8,1,30,,5875,36,0,8,1,70,,5910,36,0,8,1,30,,5891,36,0,8,1,70,,5898,36,0,8,1,30,,5897,36,0,8,1,70,,5881,36,0,8,1,30,,5870,36,0,8,1,70,,5886,36,0,8,1,30,,5902,36,0,8,1,70,,5914,36,0,8,1,100,,5912,36,0,8,1,100,,5872,36,0,8,1,100,,5889,36,0,8,1,100,,5903,36,0,8,1,100,,5880,36,0,8,1,100,,5911,36,0,8,1
40100,'3',1811,,5918,36,0,8,1,100,,5915,36,0,8,1,100,,5922,36,0,8,1,100,,5927,36,0,8,1,100,,5921,36,0,8,1,100,,5920,36,0,8,1,100,,5916,36,0,8,1
40100,'7',911,,5944,36,0,8,1,100,,5966,36,0,8,1,30,,5968,36,0,8,1,70,,5930,36,0,8,1,30,,5945,36,0,8,1,70,,5947,36,0,8,1,30,,5961,36,0,8,1,70,,5936,36,0,8,1,30,,5955,36,0,8,1,70,,5935,36,0,8,1,30,,5957,36,0,8,1,70,,5931,36,0,8,1,30,,5965,36,0,8,1,70,,5967,36,0,8,1,30,,5964,36,0,8,1,70,,5959,36,0,8,1,30,,5954,36,0,8,1,70,,5953,36,0,8,1,100,,5942,36,0,8,1,100,,5948,36,0,8,1
