32100,'1',651,,3916,20,0,53,1,91,,3910,20,0,53,1,100,,3908,20,0,53,1,100,,3914,20,0,53,1,100,,3918,20,0,53,1,100,,3912,20,0,53,1,100,,3915,20,0,53,1,100,,3913,20,0,53,1,100,,3909,20,0,53,1,100,,3907,20,0,53,1,100,,3911,20,0,53,1,100,,3917,20,0,53,1
32100,'10',651,,3928,20,0,53,1,91,,3922,20,0,53,1,100,,3920,20,0,53,1,100,,3926,20,0,53,1,100,,3930,20,0,53,1,100,,3924,20,0,53,1,100,,3927,20,0,53,1,100,,3925,20,0,53,1,100,,3921,20,0,53,1,100,,3919,20,0,53,1,100,,3923,20,0,53,1,100,,3929,20,0,53,1
32100,'11',651,,3941,20,0,53,1,91,,3934,20,0,53,1,100,,3931,20,0,53,1,100,,3938,20,0,53,1,100,,3942,20,0,53,1,100,,3935,20,0,53,1,100,,3940,20,0,53,1,100,,3937,20,0,53,1,100,,3939,20,0,53,1,100,,3932,20,0,53,1,100,,3933,20,0,53,1,100,,3936,20,0,53,1
32100,'3',651,,3953,20,0,53,1,91,,3946,20,0,53,1,100,,3943,20,0,53,1,100,,3950,20,0,53,1,100,,3954,20,0,53,1,100,,3947,20,0,53,1,100,,3952,20,0,53,1,100,,3949,20,0,53,1,100,,3951,20,0,53,1,100,,3944,20,0,53,1,100,,3945,20,0,53,1,100,,3948,20,0,53,1
42100,'1',1842,,8142,20,0,53,1,100,,8140,20,0,53,1,100,,8141,20,0,53,1,100,,8143,20,0,53,1,100,,8144,20,0,53,1
42100,'10',1842,,8147,20,0,53,1,100,,8145,20,0,53,1,100,,8146,20,0,53,1,100,,8148,20,0,53,1,100,,8149,20,0,53,1
42100,'11',1842,,8152,20,0,53,1,100,,8150,20,0,53,1,100,,8151,20,0,53,1,100,,8153,20,0,53,1,100,,8154,20,0,53,1
42100,'12',1042,,8160,20,0,53,1,100,,8155,20,0,53,1,100,,8158,20,0,53,1,100,,8161,20,0,53,1,100,,8156,20,0,53,1,100,,8157,20,0,53,1,100,,8159,20,0,53,1
42100,'14',651,,8176,20,0,53,1,91,,8169,20,0,53,1,100,,8170,20,0,53,1,100,,8178,20,0,53,1,100,,8166,20,0,53,1,100,,8165,20,0,53,1,100,,8177,20,0,53,1,100,,8164,20,0,53,1,100,,8173,20,0,53,1,100,,8171,20,0,53,1,100,,8174,20,0,53,1,100,,8163,20,0,53,1,100,,8172,20,0,53,1,100,,8175,20,0,53,1,100,,8168,20,0,53,1,100,,8162,20,0,53,1,100,,8167,20,0,53,1
42100,'3',1842,,8181,20,0,53,1,100,,8179,20,0,53,1,100,,8180,20,0,53,1,100,,8182,20,0,53,1,100,,8183,20,0,53,1
42100,'7',842,,8185,20,0,53,1,100,,8187,20,0,53,1,100,,8191,20,0,53,1,100,,8193,20,0,53,1,100,,8195,20,0,53,1,100,,8189,20,0,53,1,100,,8194,20,0,53,1,100,,8186,20,0,53,1,100,,8190,20,0,53,1,100,,8192,20,0,53,1,100,,8188,20,0,53,1,100,,8184,20,0,53,1
