30800,'1',611,,1544,23,0,59,1,30,,1543,23,0,59,1,70,,1545,23,0,59,1,30,,1560,23,0,59,1,70,,1547,23,0,59,1,30,,1542,23,0,59,1,70,,1550,23,0,59,1,30,,1561,23,0,59,1,70,,1563,23,0,59,1,30,,1558,23,0,59,1,70,,1564,23,0,59,1,30,,1553,23,0,59,1,70,,1549,23,0,59,1,30,,1548,23,0,59,1,70,,1552,23,0,59,1,30,,1541,23,0,59,1,69,,1562,23,0,59,1,33,,1559,23,0,59,1,70,,1551,23,0,59,1,30,,1546,23,0,59,1,70,,1555,23,0,59,1,30,,1556,23,0,59,1,70,,1554,23,0,59,1,30,,1557,23,0,59,1
30800,'10',611,,1568,23,0,59,1,30,,1567,23,0,59,1,70,,1569,23,0,59,1,30,,1584,23,0,59,1,70,,1571,23,0,59,1,30,,1566,23,0,59,1,70,,1574,23,0,59,1,30,,1585,23,0,59,1,70,,1587,23,0,59,1,30,,1582,23,0,59,1,70,,1588,23,0,59,1,30,,1577,23,0,59,1,70,,1573,23,0,59,1,30,,1572,23,0,59,1,70,,1576,23,0,59,1,30,,1565,23,0,59,1,69,,1586,23,0,59,1,33,,1583,23,0,59,1,70,,1575,23,0,59,1,30,,1570,23,0,59,1,70,,1579,23,0,59,1,30,,1580,23,0,59,1,70,,1578,23,0,59,1,30,,1581,23,0,59,1
30800,'11',611,,1592,23,0,59,1,30,,1591,23,0,59,1,70,,1593,23,0,59,1,30,,1606,23,0,59,1,70,,1595,23,0,59,1,30,,1590,23,0,59,1,70,,1599,23,0,59,1,30,,1607,23,0,59,1,70,,1609,23,0,59,1,30,,1604,23,0,59,1,70,,1612,23,0,59,1,30,,1601,23,0,59,1,70,,1597,23,0,59,1,30,,1596,23,0,59,1,70,,1600,23,0,59,1,30,,1589,23,0,59,1,69,,1608,23,0,59,1,33,,1605,23,0,59,1,70,,1611,23,0,59,1,30,,1594,23,0,59,1,70,,1598,23,0,59,1,30,,1602,23,0,59,1,70,,1610,23,0,59,1,30,,1603,23,0,59,1
30800,'3',611,,1616,23,0,59,1,30,,1615,23,0,59,1,70,,1617,23,0,59,1,30,,1630,23,0,59,1,70,,1619,23,0,59,1,30,,1614,23,0,59,1,70,,1623,23,0,59,1,30,,1631,23,0,59,1,70,,1633,23,0,59,1,30,,1628,23,0,59,1,70,,1636,23,0,59,1,30,,1625,23,0,59,1,70,,1621,23,0,59,1,30,,1620,23,0,59,1,70,,1624,23,0,59,1,30,,1613,23,0,59,1,69,,1632,23,0,59,1,33,,1629,23,0,59,1,70,,1635,23,0,59,1,30,,1618,23,0,59,1,70,,1622,23,0,59,1,30,,1626,23,0,59,1,70,,1634,23,0,59,1,30,,1627,23,0,59,1
40800,'1',1755,,6610,23,0,60 61,1,100,,6605,23,0,60 61,1,100,,6611,23,0,60 61,1,100,,6609,23,0,60 61,1,100,,6606,23,0,60 61,1,100,,6608,23,0,60 61,1,100,,6607,23,0,60 61,1
40800,'10',1755,,6617,23,0,60 61,1,100,,6612,23,0,60 61,1,100,,6618,23,0,60 61,1,100,,6616,23,0,60 61,1,100,,6613,23,0,60 61,1,100,,6615,23,0,60 61,1,100,,6614,23,0,60 61,1
40800,'11',1755,,6624,23,0,60 61,1,100,,6619,23,0,60 61,1,100,,6625,23,0,60 61,1,100,,6623,23,0,60 61,1,100,,6620,23,0,60 61,1,100,,6622,23,0,60 61,1,100,,6621,23,0,60 61,1
40800,'12',1055,,6631,23,0,60 61,1,100,,6627,23,0,60 61,1,100,,6630,23,0,60 61,1,100,,6629,23,0,60 61,1,100,,6632,23,0,60 61,1,100,,6628,23,0,60 61,1,100,,6633,23,0,60 61,1,100,,6626,23,0,60 61,1
40800,'14',625,,6649,23,0,60 61,1,30,,6656,23,0,60 61,1,70,,6657,23,0,60 61,1,30,,6648,23,0,60 61,1,70,,6662,23,0,60 61,1,30,,6641,23,0,60 61,1,70,,6634,23,0,60 61,1,30,,6639,23,0,60 61,1,70,,6642,23,0,60 61,1,30,,6638,23,0,60 61,1,70,,6635,23,0,60 61,1,30,,6637,23,0,60 61,1,70,,6655,23,0,60 61,1,30,,6660,23,0,60 61,1,70,,6659,23,0,60 61,1,30,,6645,23,0,60 61,1,70,,6658,23,0,60 61,1,30,,6654,23,0,60 61,1,70,,6636,23,0,60 61,1,30,,6661,23,0,60 61,1,70,,6647,23,0,60 61,1,30,,6646,23,0,60 61,1,70,,6651,23,0,60 61,1,30,,6652,23,0,60 61,1,100,,6640,23,0,60 61,1,100,,6650,23,0,60 61,1,100,,6663,23,0,60 61,1,100,,6643,23,0,60 61,1,100,,6644,23,0,60 61,1,100,,6653,23,0,60 61,1
40800,'3',1755,,6669,23,0,60 61,1,100,,6664,23,0,60 61,1,100,,6670,23,0,60 61,1,100,,6668,23,0,60 61,1,100,,6665,23,0,60 61,1,100,,6667,23,0,60 61,1,100,,6666,23,0,60 61,1
40800,'7',855,,6682,23,0,60 61,1,100,,6680,23,0,60 61,1,70,,6676,23,0,60 61,1,30,,6687,23,0,60 61,1,70,,6671,23,0,60 61,1,30,,6681,23,0,60 61,1,70,,6672,23,0,60 61,1,30,,6677,23,0,60 61,1,70,,6684,23,0,60 61,1,30,,6674,23,0,60 61,1,70,,6689,23,0,60 61,1,30,,6688,23,0,60 61,1,70,,6685,23,0,60 61,1,30,,6679,23,0,60 61,1,70,,6675,23,0,60 61,1,30,,6690,23,0,60 61,1,70,,6678,23,0,60 61,1,30,,6673,23,0,60 61,1,100,,6683,23,0,60 61,1,100,,6686,23,0,60 61,1
