31601,'11',712,,28707,5,,,1,15,,28687,5,,,1,15,,28686,5,,,1,15,,28679,5,,,1,55,,28703,5,,,1,15,,28714,5,,,1,15,,28712,5,,,1,15,,28696,5,,,1,55,,28695,5,,,1,15,,28709,5,,,1,15,,28705,5,,,1,15,,28708,5,,,1,55,,28672,5,,,1,15,,28702,5,,,1,15,,28692,5,,,1,15,,28711,5,,,1,55,,28699,5,,,1,15,,28671,5,,,1,15,,28676,5,,,1,15,,28678,5,,,1,55,,28673,5,,,1,15,,28697,5,,,1,15,,28710,5,,,1,15,,28698,5,,,1,55,,22598,5,,,1,15,,28682,5,,,1,15,,28688,5,,,1,15,,28683,5,,,1,55,,28704,5,,,1,15,,28690,5,,,1,15,,28684,5,,,1,15,,28701,5,,,1,55,,28689,5,,,1,15,,22794,5,,,1,15,,28674,5,,,1,15,,28691,5,,,1,55,,28700,5,,,1,15,,28693,5,,,1,15,,28685,5,,,1,15,,28694,5,,,1,55,,28680,5,,,1,15,,28681,5,,,1,15,,23141,5,,,1,15,,28675,5,,,1,55,,28677,5,,,1,15,,28706,5,,,1,15,,28713,5,,,1
31601,'3',712,,28751,5,,,1,15,,28731,5,,,1,15,,28730,5,,,1,15,,28723,5,,,1,55,,28747,5,,,1,15,,28758,5,,,1,15,,28756,5,,,1,15,,28740,5,,,1,55,,28739,5,,,1,15,,28753,5,,,1,15,,28749,5,,,1,15,,28752,5,,,1,55,,28716,5,,,1,15,,28746,5,,,1,15,,28736,5,,,1,15,,28755,5,,,1,55,,28743,5,,,1,15,,28715,5,,,1,15,,28720,5,,,1,15,,28722,5,,,1,55,,28717,5,,,1,15,,28741,5,,,1,15,,28754,5,,,1,15,,28742,5,,,1,55,,22614,5,,,1,15,,28726,5,,,1,15,,28732,5,,,1,15,,28727,5,,,1,55,,28748,5,,,1,15,,28734,5,,,1,15,,28728,5,,,1,15,,28745,5,,,1,55,,28733,5,,,1,15,,22816,5,,,1,15,,28718,5,,,1,15,,28735,5,,,1,55,,28744,5,,,1,15,,28737,5,,,1,15,,28729,5,,,1,15,,28738,5,,,1,55,,28724,5,,,1,15,,28725,5,,,1,15,,23154,5,,,1,15,,28719,5,,,1,55,,28721,5,,,1,15,,28750,5,,,1,15,,28757,5,,,1
33601,'11',712,,29359,5,0,57 18,1,30,,29368,5,0,57 18,1,70,,29358,5,0,57 18,1,30,,29375,5,0,57 18,1,70,,29376,5,0,57 18,1,30,,29356,5,0,57 18,1,70,,29374,5,0,57 18,1,30,,29369,5,0,57 18,1,70,,29370,5,0,57 18,1,30,,29362,5,0,57 18,1,70,,29371,5,0,57 18,1,30,,29372,5,0,57 18,1,70,,29360,5,0,57 18,1,30,,29363,5,0,57 18,1,70,,29364,5,0,57 18,1,30,,29357,5,0,57 18,1,70,,29366,5,0,57 18,1,30,,29361,5,0,57 18,1,70,,24400,5,0,57 18,1,30,,29365,5,0,57 18,1,70,,29373,5,0,57 18,1,30,,29367,5,0,57 18,1,70,,29355,5,0,57 18,1
33601,'3',712,,29381,5,0,57 18,1,30,,29390,5,0,57 18,1,70,,29380,5,0,57 18,1,30,,29397,5,0,57 18,1,70,,29398,5,0,57 18,1,30,,29378,5,0,57 18,1,70,,29396,5,0,57 18,1,30,,29391,5,0,57 18,1,70,,29392,5,0,57 18,1,30,,29384,5,0,57 18,1,70,,29393,5,0,57 18,1,30,,29394,5,0,57 18,1,70,,29382,5,0,57 18,1,30,,29385,5,0,57 18,1,70,,29386,5,0,57 18,1,30,,29379,5,0,57 18,1,70,,29388,5,0,57 18,1,30,,29383,5,0,57 18,1,70,,24422,5,0,57 18,1,30,,29387,5,0,57 18,1,70,,29395,5,0,57 18,1,30,,29389,5,0,57 18,1,70,,29377,5,0,57 18,1
41601,'1',732,,31783,5,,,1,70,,31807,5,,,1,30,,31785,5,,,1,70,,31798,5,,,1,25,,31799,5,,,1,30,,31788,5,,,1,70,,22955,5,,,1,30,,31805,5,,,1,70,,31797,5,,,1,30,,31789,5,,,1,70,,31792,5,,,1,30,,31803,5,,,1,70,,31795,5,,,1,30,,24008,5,,,1,70,,31784,5,,,1,30,,31808,5,,,1,70,,31814,5,,,1,30,,22208,5,,,1,70,,31801,5,,,1,30,,31812,5,,,1,70,,31786,5,,,1,30,,31810,5,,,1,75,,31804,5,,,1,70,,31796,5,,,1,30,,31793,5,,,1,70,,24686,5,,,1,30,,31791,5,,,1,70,,31794,5,,,1,30,,31790,5,,,1,27,,23235,5,,,1,43,,31800,5,,,1,27,,31802,5,,,1,3,,31813,5,,,1,27,,31787,5,,,1,43,,31806,5,,,1,27,,31811,5,,,1,3,,31809,5,,,1
41601,'11',1902,,31815,5,,,1,30,,31824,5,,,1,70,,31820,5,,,1,30,,31818,5,,,1,70,,31816,5,,,1,30,,31821,5,,,1,70,,31823,5,,,1,30,,31817,5,,,1,70,,31822,5,,,1,30,,31819,5,,,1
41601,'12',1102,,31826,5,,,1,30,,31835,5,,,1,70,,31834,5,,,1,30,,31831,5,,,1,70,,31833,5,,,1,30,,31832,5,,,1,70,,31828,5,,,1,30,,31827,5,,,1,70,,31830,5,,,1,30,,31836,5,,,1,70,,31837,5,,,1,30,,24535,5,,,1,70,,31838,5,,,1,30,,31825,5,,,1,70,,31829,5,,,1
41601,'14',732,,31839,5,,,1,70,,31866,5,,,1,30,,31841,5,,,1,70,,31857,5,,,1,25,,16948,5,,,1,30,,31846,5,,,1,70,,31842,5,,,1,30,,31864,5,,,1,70,,31854,5,,,1,30,,31847,5,,,1,70,,31850,5,,,1,30,,31862,5,,,1,70,,31852,5,,,1,30,,31845,5,,,1,70,,31840,5,,,1,30,,31867,5,,,1,70,,31873,5,,,1,30,,31860,5,,,1,70,,31859,5,,,1,30,,31871,5,,,1,70,,31843,5,,,1,30,,31869,5,,,1,75,,31863,5,,,1,70,,31853,5,,,1,30,,26451,5,,,1,70,,31855,5,,,1,30,,31849,5,,,1,70,,31851,5,,,1,30,,31848,5,,,1,27,,31856,5,,,1,43,,31858,5,,,1,27,,31861,5,,,1,3,,31872,5,,,1,27,,31844,5,,,1,43,,31865,5,,,1,27,,31870,5,,,1,3,,31868,5,,,1
41601,'3',1902,,31874,5,,,1,30,,31883,5,,,1,70,,31879,5,,,1,30,,31877,5,,,1,70,,31875,5,,,1,30,,31880,5,,,1,70,,31882,5,,,1,30,,31876,5,,,1,70,,31881,5,,,1,30,,31878,5,,,1
41601,'8',857,,31886,5,,,1,70,,31888,5,,,1,30,,31898,5,,,1,70,,31899,5,,,1,30,,26496,5,,,1,70,,31890,5,,,1,30,,25712,5,,,1,70,,31902,5,,,1,30,,31897,5,,,1,70,,31891,5,,,1,30,,31900,5,,,1,70,,31896,5,,,1,30,,31887,5,,,1,70,,31903,5,,,1,30,,31905,5,,,1,70,,31885,5,,,1,30,,31895,5,,,1,70,,31904,5,,,1,30,,31901,5,,,1,70,,31884,5,,,1,30,,31893,5,,,1,70,,31894,5,,,1,30,,31892,5,,,1,70,,31889,5,,,1
42300,'1',721,,32435,5,0,20 30 31,1,100,,32436,5,0,20 30 31,1,100,,32442,5,0,20 30 31,1,100,,32441,5,0,20 30 31,1,100,,32437,5,0,20 30 31,1,100,,22623,5,0,20 30 31,1,100,,32434,5,0,20 30 31,1,101,,32431,5,0,20 30 31,1,100,,23726,5,0,20 30 31,1,100,,22569,5,0,20 30 31,1,100,,32432,5,0,20 30 31,1,100,,32439,5,0,20 30 31,1,100,,32433,5,0,20 30 31,1,100,,32430,5,0,20 30 31,1,100,,32440,5,0,20 30 31,1,100,,32438,5,0,20 30 31,1
