30400,'12',704,,33509,9,0,39 40 41,1,30,,33512,9,0,39 40 41,1,70,,33503,9,0,39 40 41,1,30,,33505,9,0,39 40 41,1,70,,33493,9,0,39 40 41,1,30,,33506,9,0,39 40 41,1,71,,33495,9,0,39 40 41,1,30,,33508,9,0,39 40 41,1,70,,33507,9,0,39 40 41,1,30,,33492,9,0,39 40 41,1,70,,33497,9,0,39 40 41,1,30,,33499,9,0,39 40 41,1,70,,33504,9,0,39 40 41,1,30,,33511,9,0,39 40 41,1,70,,33498,9,0,39 40 41,1,30,,33500,9,0,39 40 41,1,70,,33491,9,0,39 40 41,1,30,,33496,9,0,39 40 41,1,70,,33494,9,0,39 40 41,1,30,,33513,9,0,39 40 41,1,70,,33502,9,0,39 40 41,1,30,,33501,9,0,39 40 41,1,70,,33510,9,0,39 40 41,1
30400,'13',704,,33529,9,0,39 40 41,1,30,,33532,9,0,39 40 41,1,70,,33524,9,0,39 40 41,1,30,,33525,9,0,39 40 41,1,70,,29321,9,0,39 40 41,1,30,,33526,9,0,39 40 41,1,71,,33516,9,0,39 40 41,1,30,,33528,9,0,39 40 41,1,70,,33527,9,0,39 40 41,1,30,,28018,9,0,39 40 41,1,70,,33518,9,0,39 40 41,1,30,,33520,9,0,39 40 41,1,70,,27980,9,0,39 40 41,1,30,,33531,9,0,39 40 41,1,70,,33519,9,0,39 40 41,1,30,,33521,9,0,39 40 41,1,70,,33514,9,0,39 40 41,1,30,,33517,9,0,39 40 41,1,70,,33515,9,0,39 40 41,1,30,,33533,9,0,39 40 41,1,70,,33523,9,0,39 40 41,1,30,,33522,9,0,39 40 41,1,70,,33530,9,0,39 40 41,1
30400,'3',704,,33549,9,0,39 40 41,1,30,,33552,9,0,39 40 41,1,70,,33544,9,0,39 40 41,1,30,,33545,9,0,39 40 41,1,70,,29342,9,0,39 40 41,1,30,,33546,9,0,39 40 41,1,71,,33536,9,0,39 40 41,1,30,,33548,9,0,39 40 41,1,70,,33547,9,0,39 40 41,1,30,,28041,9,0,39 40 41,1,70,,33538,9,0,39 40 41,1,30,,33540,9,0,39 40 41,1,70,,28003,9,0,39 40 41,1,30,,33551,9,0,39 40 41,1,70,,33539,9,0,39 40 41,1,30,,33541,9,0,39 40 41,1,70,,33534,9,0,39 40 41,1,30,,33537,9,0,39 40 41,1,70,,33535,9,0,39 40 41,1,30,,33553,9,0,39 40 41,1,70,,33543,9,0,39 40 41,1,30,,33542,9,0,39 40 41,1,70,,33550,9,0,39 40 41,1
30400,'6',704,,33572,9,0,39 40 41,1,30,,33575,9,0,39 40 41,1,70,,33566,9,0,39 40 41,1,30,,33568,9,0,39 40 41,1,70,,33556,9,0,39 40 41,1,30,,33569,9,0,39 40 41,1,71,,33558,9,0,39 40 41,1,30,,33571,9,0,39 40 41,1,70,,33570,9,0,39 40 41,1,30,,33555,9,0,39 40 41,1,70,,33560,9,0,39 40 41,1,30,,33562,9,0,39 40 41,1,70,,33567,9,0,39 40 41,1,30,,33574,9,0,39 40 41,1,70,,33561,9,0,39 40 41,1,30,,33563,9,0,39 40 41,1,70,,33554,9,0,39 40 41,1,30,,33559,9,0,39 40 41,1,70,,33557,9,0,39 40 41,1,30,,33576,9,0,39 40 41,1,70,,33565,9,0,39 40 41,1,30,,33564,9,0,39 40 41,1,70,,33573,9,0,39 40 41,1
40400,'1',619,,38560,9,0,39 40 42 18,1,30,,38561,9,0,39 40 42 18,1,70,,38549,9,0,39 40 42 18,1,30,,38570,9,0,39 40 42 18,1,70,,38572,9,0,39 40 42 18,1,30,,38564,9,0,39 40 42 18,1,70,,38558,9,0,39 40 42 18,1,30,,38553,9,0,39 40 42 18,1,70,,38562,9,0,39 40 42 18,1,30,,31463,9,0,39 40 42 18,1,70,,38557,9,0,39 40 42 18,1,30,,38573,9,0,39 40 42 18,1,70,,38567,9,0,39 40 42 18,1,30,,38552,9,0,39 40 42 18,1,70,,38574,9,0,39 40 42 18,1,30,,38551,9,0,39 40 42 18,1,70,,29896,9,0,39 40 42 18,1,30,,38550,9,0,39 40 42 18,1,70,,38568,9,0,39 40 42 18,1,30,,38563,9,0,39 40 42 18,1,70,,38571,9,0,39 40 42 18,1,30,,31341,9,0,39 40 42 18,1,70,,38565,9,0,39 40 42 18,1,30,,38559,9,0,39 40 42 18,1,70,,38566,9,0,39 40 42 18,1,100,,38569,9,0,39 40 42 18,1,100,,38556,9,0,39 40 42 18,1,100,,38554,9,0,39 40 42 18,1,100,,38555,9,0,39 40 42 18,1,100,,31995,9,0,39 40 42 18,1
40400,'11',619,,38589,9,0,39 40 42 18,1,30,,38590,9,0,39 40 42 18,1,70,,38575,9,0,39 40 42 18,1,30,,38600,9,0,39 40 42 18,1,70,,38602,9,0,39 40 42 18,1,30,,38593,9,0,39 40 42 18,1,70,,38584,9,0,39 40 42 18,1,30,,38579,9,0,39 40 42 18,1,70,,38591,9,0,39 40 42 18,1,30,,38588,9,0,39 40 42 18,1,70,,38583,9,0,39 40 42 18,1,30,,38603,9,0,39 40 42 18,1,70,,38596,9,0,39 40 42 18,1,30,,38578,9,0,39 40 42 18,1,70,,38604,9,0,39 40 42 18,1,30,,38577,9,0,39 40 42 18,1,70,,38597,9,0,39 40 42 18,1,30,,38576,9,0,39 40 42 18,1,70,,38598,9,0,39 40 42 18,1,30,,38592,9,0,39 40 42 18,1,70,,38601,9,0,39 40 42 18,1,30,,38586,9,0,39 40 42 18,1,70,,38594,9,0,39 40 42 18,1,30,,38587,9,0,39 40 42 18,1,70,,38595,9,0,39 40 42 18,1,100,,38599,9,0,39 40 42 18,1,100,,38582,9,0,39 40 42 18,1,100,,38580,9,0,39 40 42 18,1,100,,38581,9,0,39 40 42 18,1,100,,38585,9,0,39 40 42 18,1
40400,'12',1819,,38608,9,0,39 40 42 18,1,100,,38606,9,0,39 40 42 18,1,100,,38609,9,0,39 40 42 18,1,100,,38605,9,0,39 40 42 18,1,100,,38610,9,0,39 40 42 18,1,100,,38607,9,0,39 40 42 18,1
40400,'13',1819,,38614,9,0,39 40 42 18,1,100,,38612,9,0,39 40 42 18,1,100,,38615,9,0,39 40 42 18,1,100,,38611,9,0,39 40 42 18,1,100,,38616,9,0,39 40 42 18,1,100,,38613,9,0,39 40 42 18,1
40400,'14',1119,,38619,9,0,39 40 42 18,1,100,,38617,9,0,39 40 42 18,1,100,,38620,9,0,39 40 42 18,1,100,,38618,9,0,39 40 42 18,1,100,,38623,9,0,39 40 42 18,1,100,,38621,9,0,39 40 42 18,1,100,,38622,9,0,39 40 42 18,1
40400,'16',619,,38635,9,0,39 40 42 18,1,30,,38636,9,0,39 40 42 18,1,70,,38624,9,0,39 40 42 18,1,30,,38645,9,0,39 40 42 18,1,70,,38647,9,0,39 40 42 18,1,30,,38639,9,0,39 40 42 18,1,70,,38633,9,0,39 40 42 18,1,30,,38628,9,0,39 40 42 18,1,70,,38637,9,0,39 40 42 18,1,30,,31480,9,0,39 40 42 18,1,70,,38632,9,0,39 40 42 18,1,30,,38648,9,0,39 40 42 18,1,70,,38642,9,0,39 40 42 18,1,30,,38627,9,0,39 40 42 18,1,70,,38649,9,0,39 40 42 18,1,30,,38626,9,0,39 40 42 18,1,70,,29976,9,0,39 40 42 18,1,30,,38625,9,0,39 40 42 18,1,70,,38643,9,0,39 40 42 18,1,30,,38638,9,0,39 40 42 18,1,70,,38646,9,0,39 40 42 18,1,30,,31382,9,0,39 40 42 18,1,70,,38640,9,0,39 40 42 18,1,30,,38634,9,0,39 40 42 18,1,70,,38641,9,0,39 40 42 18,1,100,,38644,9,0,39 40 42 18,1,100,,38631,9,0,39 40 42 18,1,100,,38629,9,0,39 40 42 18,1,100,,38630,9,0,39 40 42 18,1,100,,32032,9,0,39 40 42 18,1
40400,'3',1819,,38653,9,0,39 40 42 18,1,100,,38651,9,0,39 40 42 18,1,100,,38654,9,0,39 40 42 18,1,100,,38650,9,0,39 40 42 18,1,100,,38655,9,0,39 40 42 18,1,100,,38652,9,0,39 40 42 18,1
40400,'6',1819,,38659,9,0,39 40 42 18,1,100,,38657,9,0,39 40 42 18,1,100,,38660,9,0,39 40 42 18,1,100,,38656,9,0,39 40 42 18,1,100,,38661,9,0,39 40 42 18,1,100,,38658,9,0,39 40 42 18,1
40400,'8',919,,38680,9,0,39 40 42 18,1,100,,38669,9,0,39 40 42 18,1,30,,38679,9,0,39 40 42 18,1,70,,38673,9,0,39 40 42 18,1,30,,38672,9,0,39 40 42 18,1,70,,38674,9,0,39 40 42 18,1,30,,38670,9,0,39 40 42 18,1,70,,38666,9,0,39 40 42 18,1,30,,38676,9,0,39 40 42 18,1,70,,38677,9,0,39 40 42 18,1,30,,38671,9,0,39 40 42 18,1,70,,38668,9,0,39 40 42 18,1,30,,38663,9,0,39 40 42 18,1,70,,38664,9,0,39 40 42 18,1,30,,38665,9,0,39 40 42 18,1,70,,38675,9,0,39 40 42 18,1,30,,38678,9,0,39 40 42 18,1,70,,38667,9,0,39 40 42 18,1,100,,38662,9,0,39 40 42 18,1
