30100,'15',604,,8846,8,0,5 6,1,30,,8861,8,0,5 6,1,70,,8850,8,0,5 6,1,30,,8836,8,0,5 6,1,70,,8845,8,0,5 6,1,30,,8839,8,0,5 6,1,70,,8827,8,0,5 6,1,30,,8841,8,0,5 6,1,70,,8849,8,0,5 6,1,30,,8834,8,0,5 6,1,70,,8853,8,0,5 6,1,30,,8857,8,0,5 6,1,70,,8828,8,0,5 6,1,30,,8843,8,0,5 6,1,70,,8871,8,0,5 6,1,30,,8831,8,0,5 6,1,70,,8851,8,0,5 6,1,30,,8838,8,0,5 6,1,70,,8837,8,0,5 6,1,30,,8854,8,0,5 6,1,70,,8855,8,0,5 6,1,30,,8858,8,0,5 6,1,70,,8840,8,0,5 6,1,30,,8829,8,0,5 6,1
30100,'16',604,,2451,8,0,5 6,1,30,,8895,8,0,5 6,1,70,,8887,8,0,5 6,1,30,,8879,8,0,5 6,1,70,,8885,8,0,5 6,1,30,,8881,8,0,5 6,1,70,,8873,8,0,5 6,1,30,,8883,8,0,5 6,1,70,,1097,8,0,5 6,1,30,,6860,8,0,5 6,1,70,,8890,8,0,5 6,1,30,,8893,8,0,5 6,1,70,,5228,8,0,5 6,1,30,,2909,8,0,5 6,1,70,,8905,8,0,5 6,1,30,,8875,8,0,5 6,1,70,,8888,8,0,5 6,1,30,,2345,8,0,5 6,1,70,,8880,8,0,5 6,1,30,,8891,8,0,5 6,1,70,,8892,8,0,5 6,1,30,,1201,8,0,5 6,1,70,,8882,8,0,5 6,1,30,,4441,8,0,5 6,1
30100,'17',604,,2474,8,0,5 6,1,30,,8928,8,0,5 6,1,70,,8920,8,0,5 6,1,30,,8912,8,0,5 6,1,70,,8918,8,0,5 6,1,30,,8914,8,0,5 6,1,70,,8907,8,0,5 6,1,30,,8916,8,0,5 6,1,70,,1122,8,0,5 6,1,30,,6865,8,0,5 6,1,70,,8923,8,0,5 6,1,30,,8926,8,0,5 6,1,70,,5278,8,0,5 6,1,30,,2975,8,0,5 6,1,70,,8938,8,0,5 6,1,30,,8908,8,0,5 6,1,70,,8921,8,0,5 6,1,30,,2371,8,0,5 6,1,70,,8913,8,0,5 6,1,30,,8924,8,0,5 6,1,70,,8925,8,0,5 6,1,30,,1225,8,0,5 6,1,70,,8915,8,0,5 6,1,30,,4451,8,0,5 6,1
30100,'19',604,,8959,8,0,5 6,1,30,,8974,8,0,5 6,1,70,,8963,8,0,5 6,1,30,,8950,8,0,5 6,1,70,,5651,8,0,5 6,1,30,,8953,8,0,5 6,1,70,,8941,8,0,5 6,1,30,,8955,8,0,5 6,1,70,,8962,8,0,5 6,1,30,,8948,8,0,5 6,1,70,,8966,8,0,5 6,1,30,,8970,8,0,5 6,1,70,,8942,8,0,5 6,1,30,,8957,8,0,5 6,1,70,,8983,8,0,5 6,1,30,,8945,8,0,5 6,1,70,,8964,8,0,5 6,1,30,,8952,8,0,5 6,1,70,,8951,8,0,5 6,1,30,,8967,8,0,5 6,1,70,,8968,8,0,5 6,1,30,,8971,8,0,5 6,1,70,,8954,8,0,5 6,1,30,,8943,8,0,5 6,1
30100,'5',604,,2497,8,0,5 6,1,30,,9004,8,0,5 6,1,70,,8997,8,0,5 6,1,30,,4998,8,0,5 6,1,70,,8995,8,0,5 6,1,30,,8991,8,0,5 6,1,70,,8985,8,0,5 6,1,30,,8993,8,0,5 6,1,70,,1147,8,0,5 6,1,30,,6907,8,0,5 6,1,70,,9000,8,0,5 6,1,30,,9002,8,0,5 6,1,70,,5408,8,0,5 6,1,30,,3043,8,0,5 6,1,70,,9014,8,0,5 6,1,30,,8986,8,0,5 6,1,70,,8998,8,0,5 6,1,30,,2396,8,0,5 6,1,70,,8990,8,0,5 6,1,30,,4214,8,0,5 6,1,70,,9001,8,0,5 6,1,30,,1249,8,0,5 6,1,70,,8992,8,0,5 6,1,30,,4474,8,0,5 6,1
30100,'6',604,,9036,8,0,5 6,1,30,,9051,8,0,5 6,1,70,,9040,8,0,5 6,1,30,,9026,8,0,5 6,1,70,,9035,8,0,5 6,1,30,,9029,8,0,5 6,1,70,,9017,8,0,5 6,1,30,,9031,8,0,5 6,1,70,,9039,8,0,5 6,1,30,,9024,8,0,5 6,1,70,,9043,8,0,5 6,1,30,,9047,8,0,5 6,1,70,,9018,8,0,5 6,1,30,,9033,8,0,5 6,1,70,,9061,8,0,5 6,1,30,,9021,8,0,5 6,1,70,,9041,8,0,5 6,1,30,,9028,8,0,5 6,1,70,,9027,8,0,5 6,1,30,,9044,8,0,5 6,1,70,,9045,8,0,5 6,1,30,,9048,8,0,5 6,1,70,,9030,8,0,5 6,1,30,,9019,8,0,5 6,1
40100,'1',1059,,16776,8,0,8,1,100,,16774,8,0,8,1,100,,219,8,0,8,1,100,,16770,8,0,8,1,100,,16769,8,0,8,1,100,,16772,8,0,8,1,100,,16775,8,0,8,1,100,,16771,8,0,8,1
40100,'10',629,,16792,8,0,8,1,30,,16826,8,0,8,1,70,,16808,8,0,8,1,30,,16820,8,0,8,1,70,,16811,8,0,8,1,30,,16818,8,0,8,1,70,,16803,8,0,8,1,30,,16819,8,0,8,1,70,,16828,8,0,8,1,30,,16832,8,0,8,1,70,,16804,8,0,8,1,30,,16790,8,0,8,1,70,,16807,8,0,8,1,30,,16784,8,0,8,1,70,,16781,8,0,8,1,30,,16815,8,0,8,1,70,,16778,8,0,8,1,30,,16823,8,0,8,1,70,,16799,8,0,8,1,30,,16797,8,0,8,1,70,,16806,8,0,8,1,30,,16783,8,0,8,1,70,,16780,8,0,8,1,30,,16805,8,0,8,1,100,,16812,8,0,8,1,100,,16835,8,0,8,1,100,,16789,8,0,8,1,100,,16788,8,0,8,1,100,,16785,8,0,8,1,100,,16794,8,0,8,1
40100,'12',859,,16860,8,0,8,1,100,,16864,8,0,8,1,70,,16843,8,0,8,1,30,,16870,8,0,8,1,70,,16862,8,0,8,1,30,,16854,8,0,8,1,70,,16851,8,0,8,1,30,,16868,8,0,8,1,70,,16852,8,0,8,1,30,,6122,8,0,8,1,70,,16866,8,0,8,1,30,,7866,8,0,8,1,70,,16837,8,0,8,1,30,,16849,8,0,8,1,70,,16842,8,0,8,1,30,,16872,8,0,8,1,70,,16867,8,0,8,1,30,,16869,8,0,8,1,100,,16859,8,0,8,1,100,,16865,8,0,8,1
40100,'15',1759,,16877,8,0,8,1,100,,16883,8,0,8,1,100,,16885,8,0,8,1,100,,16886,8,0,8,1,100,,16881,8,0,8,1,100,,16879,8,0,8,1,100,,16882,8,0,8,1
40100,'16',1759,,615,8,0,8,1,100,,16894,8,0,8,1,100,,16896,8,0,8,1,100,,16897,8,0,8,1,100,,284,8,0,8,1,100,,16893,8,0,8,1,100,,16892,8,0,8,1
40100,'17',1759,,639,8,0,8,1,100,,16905,8,0,8,1,100,,16907,8,0,8,1,100,,16908,8,0,8,1,100,,334,8,0,8,1,100,,16903,8,0,8,1,100,,16904,8,0,8,1
40100,'19',1759,,16913,8,0,8,1,100,,16919,8,0,8,1,100,,16921,8,0,8,1,100,,16922,8,0,8,1,100,,16917,8,0,8,1,100,,16915,8,0,8,1,100,,16918,8,0,8,1
40100,'21',629,,16934,8,0,8,1,30,,16962,8,0,8,1,70,,16945,8,0,8,1,30,,16956,8,0,8,1,70,,16948,8,0,8,1,30,,16954,8,0,8,1,70,,16942,8,0,8,1,30,,16955,8,0,8,1,70,,16964,8,0,8,1,30,,16968,8,0,8,1,70,,16943,8,0,8,1,30,,16933,8,0,8,1,70,,7358,8,0,8,1,30,,16928,8,0,8,1,70,,6472,8,0,8,1,30,,16951,8,0,8,1,70,,7825,8,0,8,1,30,,16959,8,0,8,1,70,,16939,8,0,8,1,30,,7576,8,0,8,1,70,,7225,8,0,8,1,30,,16927,8,0,8,1,70,,16925,8,0,8,1,30,,16944,8,0,8,1,100,,16949,8,0,8,1,100,,16971,8,0,8,1,100,,16932,8,0,8,1,100,,16931,8,0,8,1,100,,16929,8,0,8,1,100,,16936,8,0,8,1
40100,'5',1759,,663,8,0,8,1,100,,16980,8,0,8,1,100,,16982,8,0,8,1,100,,16983,8,0,8,1,100,,384,8,0,8,1,100,,16978,8,0,8,1,100,,16979,8,0,8,1
40100,'6',1759,,16988,8,0,8,1,100,,16994,8,0,8,1,100,,16996,8,0,8,1,100,,16997,8,0,8,1,100,,16992,8,0,8,1,100,,16990,8,0,8,1,100,,16993,8,0,8,1
