30500,'12',618,,33679,8,0,58,1,30,,33670,8,0,58,1,70,,33691,8,0,58,1,30,,33683,8,0,58,1,70,,33675,8,0,58,1,30,,33684,8,0,58,1,70,,33685,8,0,58,1,30,,33687,8,0,58,1,70,,33688,8,0,58,1,30,,33680,8,0,58,1,70,,33689,8,0,58,1,30,,33671,8,0,58,1,70,,33681,8,0,58,1,30,,33673,8,0,58,1,70,,33669,8,0,58,1,30,,33692,8,0,58,1,70,,33682,8,0,58,1,30,,33690,8,0,58,1,70,,33672,8,0,58,1,30,,33686,8,0,58,1,70,,33674,8,0,58,1,30,,33677,8,0,58,1,70,,33678,8,0,58,1
30500,'13',618,,33703,8,0,58,1,30,,33694,8,0,58,1,70,,33714,8,0,58,1,30,,33707,8,0,58,1,70,,33699,8,0,58,1,30,,33708,8,0,58,1,70,,33709,8,0,58,1,30,,33711,8,0,58,1,70,,33712,8,0,58,1,30,,33704,8,0,58,1,70,,28111,8,0,58,1,30,,33695,8,0,58,1,70,,33705,8,0,58,1,30,,33697,8,0,58,1,70,,33693,8,0,58,1,30,,33715,8,0,58,1,70,,33706,8,0,58,1,30,,33713,8,0,58,1,70,,33696,8,0,58,1,30,,33710,8,0,58,1,70,,33698,8,0,58,1,30,,33701,8,0,58,1,70,,33702,8,0,58,1
30500,'3',618,,33726,8,0,58,1,30,,33717,8,0,58,1,70,,33737,8,0,58,1,30,,33730,8,0,58,1,70,,33722,8,0,58,1,30,,33731,8,0,58,1,70,,33732,8,0,58,1,30,,33734,8,0,58,1,70,,33735,8,0,58,1,30,,33727,8,0,58,1,70,,28133,8,0,58,1,30,,33718,8,0,58,1,70,,33728,8,0,58,1,30,,33720,8,0,58,1,70,,33716,8,0,58,1,30,,33738,8,0,58,1,70,,33729,8,0,58,1,30,,33736,8,0,58,1,70,,33719,8,0,58,1,30,,33733,8,0,58,1,70,,33721,8,0,58,1,30,,33724,8,0,58,1,70,,33725,8,0,58,1
30500,'6',618,,33749,8,0,58,1,30,,33740,8,0,58,1,70,,33761,8,0,58,1,30,,33753,8,0,58,1,70,,33745,8,0,58,1,30,,33754,8,0,58,1,70,,33755,8,0,58,1,30,,33757,8,0,58,1,70,,33758,8,0,58,1,30,,33750,8,0,58,1,70,,33759,8,0,58,1,30,,33741,8,0,58,1,70,,33751,8,0,58,1,30,,33743,8,0,58,1,70,,33739,8,0,58,1,30,,33762,8,0,58,1,70,,33752,8,0,58,1,30,,33760,8,0,58,1,70,,33742,8,0,58,1,30,,33756,8,0,58,1,70,,33744,8,0,58,1,30,,33747,8,0,58,1,70,,33748,8,0,58,1
41200,'1',617,,39797,8,0,23,1,30,,39789,8,0,23,1,70,,39787,8,0,23,1,30,,39793,8,0,23,1,70,,39796,8,0,23,1,30,,39784,8,0,23,1,70,,39788,8,0,23,1,30,,32721,8,0,23,1,71,,39786,8,0,23,1,30,,39803,8,0,23,1,70,,39806,8,0,23,1,30,,39804,8,0,23,1,70,,39795,8,0,23,1,30,,39780,8,0,23,1,70,,39802,8,0,23,1,30,,39791,8,0,23,1,69,,39792,8,0,23,1,30,,39783,8,0,23,1,70,,39801,8,0,23,1,30,,39798,8,0,23,1,70,,39794,8,0,23,1,30,,39799,8,0,23,1,70,,39782,8,0,23,1,30,,39790,8,0,23,1,70,,39781,8,0,23,1,100,,39805,8,0,23,1,100,,31127,8,0,23,1,100,,39800,8,0,23,1,100,,39785,8,0,23,1,100,,32572,8,0,23,1
41200,'11',617,,39825,8,0,23,1,30,,39817,8,0,23,1,70,,39815,8,0,23,1,30,,39821,8,0,23,1,70,,39809,8,0,23,1,30,,39812,8,0,23,1,70,,39816,8,0,23,1,30,,39834,8,0,23,1,71,,39814,8,0,23,1,30,,39831,8,0,23,1,70,,39836,8,0,23,1,30,,39832,8,0,23,1,70,,39823,8,0,23,1,30,,39807,8,0,23,1,70,,39830,8,0,23,1,30,,39819,8,0,23,1,69,,39820,8,0,23,1,30,,39811,8,0,23,1,70,,39829,8,0,23,1,30,,39826,8,0,23,1,70,,39822,8,0,23,1,30,,39827,8,0,23,1,70,,39810,8,0,23,1,30,,39818,8,0,23,1,70,,39808,8,0,23,1,100,,39835,8,0,23,1,100,,39833,8,0,23,1,100,,39828,8,0,23,1,100,,39813,8,0,23,1,100,,39824,8,0,23,1
41200,'12',1817,,39841,8,0,23,1,100,,39842,8,0,23,1,100,,39837,8,0,23,1,100,,39840,8,0,23,1,100,,39839,8,0,23,1,100,,39838,8,0,23,1
41200,'13',1817,,31821,8,0,23,1,100,,39847,8,0,23,1,100,,39843,8,0,23,1,100,,39846,8,0,23,1,100,,39845,8,0,23,1,100,,39844,8,0,23,1
41200,'14',1118,,39853,8,0,23,1,100,,39849,8,0,23,1,100,,39848,8,0,23,1,99,,31369,8,0,23,1,100,,39852,8,0,23,1,100,,39850,8,0,23,1,100,,39851,8,0,23,1
41200,'16',617,,39872,8,0,23,1,30,,39863,8,0,23,1,70,,39861,8,0,23,1,30,,39867,8,0,23,1,70,,39870,8,0,23,1,30,,39858,8,0,23,1,70,,39862,8,0,23,1,30,,39880,8,0,23,1,71,,39860,8,0,23,1,30,,39878,8,0,23,1,70,,39882,8,0,23,1,30,,39879,8,0,23,1,70,,39869,8,0,23,1,30,,39854,8,0,23,1,70,,39877,8,0,23,1,30,,39865,8,0,23,1,69,,39866,8,0,23,1,30,,39857,8,0,23,1,70,,39876,8,0,23,1,30,,39873,8,0,23,1,70,,39868,8,0,23,1,30,,39874,8,0,23,1,70,,39856,8,0,23,1,30,,39864,8,0,23,1,70,,39855,8,0,23,1,100,,39881,8,0,23,1,100,,31152,8,0,23,1,100,,39875,8,0,23,1,100,,39859,8,0,23,1,100,,39871,8,0,23,1
41200,'3',1817,,31880,8,0,23,1,100,,39887,8,0,23,1,100,,39883,8,0,23,1,100,,39886,8,0,23,1,100,,39885,8,0,23,1,100,,39884,8,0,23,1
41200,'6',1817,,39892,8,0,23,1,100,,39893,8,0,23,1,100,,39888,8,0,23,1,100,,39891,8,0,23,1,100,,39890,8,0,23,1,100,,39889,8,0,23,1
41200,'8',917,,39901,8,0,23,1,101,,39904,8,0,23,1,30,,39903,8,0,23,1,70,,39909,8,0,23,1,30,,39906,8,0,23,1,70,,39911,8,0,23,1,30,,39895,8,0,23,1,70,,39896,8,0,23,1,30,,39908,8,0,23,1,69,,32740,8,0,23,1,30,,39910,8,0,23,1,70,,39894,8,0,23,1,30,,39898,8,0,23,1,70,,39902,8,0,23,1,30,,39899,8,0,23,1,70,,39900,8,0,23,1,30,,39905,8,0,23,1,70,,39897,8,0,23,1,100,,39907,8,0,23,1
