30100,'1',620,,5423,4,,1,30,,5435,4,,1,70,,5438,4,,1,30,,5433,4,,1,70,,5450,4,,1,30,,5422,4,,1,70,,5417,4,,1,30,,5409,4,,1,70,,5453,4,,1,30,,5418,4,,1,70,,5434,4,,1,30,,5414,4,,1,70,,5425,4,,1,30,,5445,4,,1,70,,5424,4,,1,30,,5419,4,,1,70,,5443,4,,1,30,,5413,4,,1,70,,5440,4,,1,30,,5426,4,,1,70,,5408,4,,1,30,,5431,4,,1,70,,5428,4,,1,30,,5444,4,,1
30100,'10',620,,5470,4,,1,30,,5482,4,,1,70,,5485,4,,1,30,,5480,4,,1,70,,5497,4,,1,30,,5469,4,,1,70,,5464,4,,1,30,,5456,4,,1,70,,5500,4,,1,30,,5465,4,,1,70,,5481,4,,1,30,,5461,4,,1,70,,5472,4,,1,30,,5492,4,,1,70,,5471,4,,1,30,,5466,4,,1,70,,5490,4,,1,30,,5460,4,,1,70,,5487,4,,1,30,,5473,4,,1,70,,5455,4,,1,30,,5478,4,,1,70,,5475,4,,1,30,,5491,4,,1
30100,'11',620,,5513,4,,1,30,,5524,4,,1,70,,5526,4,,1,30,,5522,4,,1,70,,5537,4,,1,30,,5512,4,,1,70,,939,4,,1,30,,5503,4,,1,70,,5540,4,,1,30,,5508,4,,1,70,,5523,4,,1,30,,3114,4,,1,70,,5515,4,,1,30,,5533,4,,1,70,,5514,4,,1,30,,5509,4,,1,70,,5531,4,,1,30,,5505,4,,1,70,,5528,4,,1,30,,5516,4,,1,70,,5502,4,,1,30,,5520,4,,1,70,,5517,4,,1,30,,5532,4,,1
30100,'3',620,,5552,4,,1,30,,5562,4,,1,70,,5565,4,,1,30,,2200,4,,1,70,,5575,4,,1,30,,5551,4,,1,70,,914,4,,1,30,,5542,4,,1,70,,5578,4,,1,30,,5547,4,,1,70,,5561,4,,1,30,,3034,4,,1,70,,5554,4,,1,30,,5571,4,,1,70,,5553,4,,1,30,,5548,4,,1,70,,5036,4,,1,30,,5544,4,,1,70,,5567,4,,1,30,,5555,4,,1,70,,2231,4,,1,30,,5559,4,,1,70,,5556,4,,1,30,,5570,4,,1
30200,'1',627,,5770,0,11,1,30,,5775,0,11,1,70,,5768,0,11,1,30,,5771,0,11,1,70,,5772,0,11,1,30,,5777,0,11,1,70,,5763,0,11,1,30,,5773,0,11,1,73,,5760,0,11,1,70,,5766,0,11,1,30,,5782,0,11,1,70,,5774,0,11,1,30,,5779,0,11,1,70,,5781,0,11,1,30,,5776,0,11,1,70,,5764,0,11,1,29,,5762,0,11,1,30,,5761,0,11,1,70,,5765,0,11,1,30,,5767,0,11,1,70,,5769,0,11,1,30,,5780,0,11,1,70,,5778,0,11,1
30200,'10',627,,5793,0,11,1,30,,5798,0,11,1,70,,5791,0,11,1,30,,5794,0,11,1,70,,5795,0,11,1,30,,5800,0,11,1,70,,5786,0,11,1,30,,5796,0,11,1,73,,5783,0,11,1,70,,5789,0,11,1,30,,5805,0,11,1,70,,5797,0,11,1,30,,5802,0,11,1,70,,5804,0,11,1,30,,5799,0,11,1,70,,5787,0,11,1,29,,5785,0,11,1,30,,5784,0,11,1,70,,5788,0,11,1,30,,5790,0,11,1,70,,5792,0,11,1,30,,5803,0,11,1,70,,5801,0,11,1
30200,'11',627,,2774,0,11,1,30,,903,0,11,1,70,,5813,0,11,1,30,,5815,0,11,1,70,,1044,0,11,1,30,,5818,0,11,1,70,,5809,0,11,1,30,,2403,0,11,1,73,,5806,0,11,1,70,,5811,0,11,1,30,,722,0,11,1,70,,5816,0,11,1,30,,5820,0,11,1,70,,5821,0,11,1,30,,5817,0,11,1,70,,5810,0,11,1,29,,5808,0,11,1,30,,5807,0,11,1,70,,2535,0,11,1,30,,5812,0,11,1,70,,5814,0,11,1,30,,3407,0,11,1,70,,5819,0,11,1
30200,'3',627,,2727,0,11,1,30,,880,0,11,1,70,,5829,0,11,1,30,,5830,0,11,1,70,,1018,0,11,1,30,,5833,0,11,1,70,,5825,0,11,1,30,,2385,0,11,1,73,,5822,0,11,1,70,,5827,0,11,1,30,,699,0,11,1,70,,5831,0,11,1,30,,5835,0,11,1,70,,5836,0,11,1,30,,5832,0,11,1,70,,5826,0,11,1,29,,5824,0,11,1,30,,5823,0,11,1,70,,2511,0,11,1,30,,5828,0,11,1,70,,2619,0,11,1,30,,3357,0,11,1,70,,5834,0,11,1
30601,'1',625,,6543,0,9 12,1,30,,6560,0,9 12,1,70,,6556,0,9 12,1,30,,6555,0,9 12,1,70,,6538,0,9 12,1,30,,6553,0,9 12,1,70,,6540,0,9 12,1,30,,6546,0,9 12,1,70,,6550,0,9 12,1,30,,6549,0,9 12,1,70,,6536,0,9 12,1,30,,6548,0,9 12,1,70,,6537,0,9 12,1,30,,6544,0,9 12,1,70,,6551,0,9 12,1,30,,6539,0,9 12,1,70,,6545,0,9 12,1,25,,6558,0,9 12,1,5,,6542,0,9 12,1,70,,6552,0,9 12,1,30,,6547,0,9 12,1,70,,6541,0,9 12,1,30,,6554,0,9 12,1,70,,6557,0,9 12,1,30,,6559,0,9 12,1
30601,'10',625,,6568,0,9 12,1,30,,6585,0,9 12,1,70,,6581,0,9 12,1,30,,6580,0,9 12,1,70,,6563,0,9 12,1,30,,6578,0,9 12,1,70,,6565,0,9 12,1,30,,6571,0,9 12,1,70,,6575,0,9 12,1,30,,6574,0,9 12,1,70,,6561,0,9 12,1,30,,6573,0,9 12,1,70,,6562,0,9 12,1,30,,6569,0,9 12,1,70,,6576,0,9 12,1,30,,6564,0,9 12,1,70,,6570,0,9 12,1,25,,6583,0,9 12,1,5,,6567,0,9 12,1,70,,6577,0,9 12,1,30,,6572,0,9 12,1,70,,6566,0,9 12,1,30,,6579,0,9 12,1,70,,6582,0,9 12,1,30,,6584,0,9 12,1
30601,'11',625,,6593,0,9 12,1,30,,6605,0,9 12,1,70,,6601,0,9 12,1,30,,6600,0,9 12,1,70,,6588,0,9 12,1,30,,6598,0,9 12,1,70,,6590,0,9 12,1,30,,854,0,9 12,1,70,,6595,0,9 12,1,30,,6594,0,9 12,1,70,,6586,0,9 12,1,30,,806,0,9 12,1,70,,6587,0,9 12,1,30,,321,0,9 12,1,70,,6596,0,9 12,1,30,,6589,0,9 12,1,70,,5269,0,9 12,1,25,,6603,0,9 12,1,5,,6592,0,9 12,1,70,,6597,0,9 12,1,30,,1280,0,9 12,1,70,,6591,0,9 12,1,30,,6599,0,9 12,1,70,,6602,0,9 12,1,30,,6604,0,9 12,1
30601,'3',625,,6612,0,9 12,1,30,,6624,0,9 12,1,70,,6620,0,9 12,1,30,,6619,0,9 12,1,70,,6607,0,9 12,1,30,,6617,0,9 12,1,70,,6609,0,9 12,1,30,,831,0,9 12,1,70,,6614,0,9 12,1,30,,6613,0,9 12,1,70,,6606,0,9 12,1,30,,782,0,9 12,1,70,,5081,0,9 12,1,30,,297,0,9 12,1,70,,6615,0,9 12,1,30,,6608,0,9 12,1,70,,5240,0,9 12,1,25,,6622,0,9 12,1,5,,6611,0,9 12,1,70,,6616,0,9 12,1,30,,1262,0,9 12,1,70,,6610,0,9 12,1,30,,6618,0,9 12,1,70,,6621,0,9 12,1,30,,6623,0,9 12,1
40100,'1',1814,,10560,4,,1,100,,10557,4,,1,100,,10564,4,,1,100,,10569,4,,1,100,,10563,4,,1,100,,10562,4,,1,100,,10558,4,,1
40100,'10',1814,,10574,4,,1,100,,10571,4,,1,100,,10578,4,,1,100,,10583,4,,1,100,,10577,4,,1,100,,10576,4,,1,100,,10572,4,,1
40100,'11',1814,,10587,4,,1,100,,10585,4,,1,100,,10590,4,,1,100,,10595,4,,1,100,,1941,4,,1,100,,10589,4,,1,100,,1038,4,,1
40100,'12',1114,,10600,4,,1,100,,10612,4,,1,100,,10608,4,,1,100,,10597,4,,1,100,,10598,4,,1,100,,10603,4,,1,100,,10606,4,,1,100,,10601,4,,1
40100,'14',644,,10658,4,,1,70,,10618,4,,1,30,,10652,4,,1,70,,10660,4,,1,30,,10656,4,,1,70,,10664,4,,1,30,,10619,4,,1,70,,10623,4,,1,30,,10621,4,,1,70,,10646,4,,1,30,,10647,4,,1,70,,3712,4,,1,30,,10659,4,,1,70,,10637,4,,1,30,,3661,4,,1,70,,10661,4,,1,30,,10642,4,,1,70,,10649,4,,1,30,,10648,4,,1,70,,10633,4,,1,30,,10624,4,,1,70,,10638,4,,1,30,,10653,4,,1,70,,10665,4,,1,100,,10663,4,,1,100,,10626,4,,1,100,,10640,4,,1,100,,10654,4,,1,100,,10632,4,,1,100,,10662,4,,1
40100,'3',1814,,10668,4,,1,100,,10666,4,,1,100,,10671,4,,1,100,,10676,4,,1,100,,1917,4,,1,100,,10670,4,,1,100,,1012,4,,1
40100,'7',914,,10693,4,,1,100,,10715,4,,1,30,,10717,4,,1,70,,10679,4,,1,30,,10694,4,,1,70,,10696,4,,1,30,,10710,4,,1,70,,10685,4,,1,30,,10704,4,,1,70,,10684,4,,1,30,,10706,4,,1,70,,10680,4,,1,30,,10714,4,,1,70,,10716,4,,1,30,,10713,4,,1,70,,10708,4,,1,30,,10703,4,,1,70,,10702,4,,1,100,,10691,4,,1,100,,10697,4,,1
40200,'1',1757,,10865,0,13 14,1,100,,10861,0,13 14,1,98,,10863,0,13 14,1,100,,10866,0,13 14,1,100,,10862,0,13 14,1,100,,10864,0,13 14,1
40200,'10',1757,,10871,0,13 14,1,100,,10867,0,13 14,1,98,,10869,0,13 14,1,100,,10872,0,13 14,1,100,,10868,0,13 14,1,100,,10870,0,13 14,1
40200,'11',1757,,10876,0,13 14,1,100,,1883,0,13 14,1,98,,10874,0,13 14,1,100,,10877,0,13 14,1,100,,10873,0,13 14,1,100,,10875,0,13 14,1
40200,'12',1057,,10882,0,13 14,1,100,,10885,0,13 14,1,100,,10878,0,13 14,1,100,,10879,0,13 14,1,100,,10883,0,13 14,1,100,,10881,0,13 14,1,100,,10884,0,13 14,1,100,,10880,0,13 14,1
40200,'14',627,,10908,0,13 14,1,30,,10894,0,13 14,1,70,,10890,0,13 14,1,30,,10907,0,13 14,1,70,,10909,0,13 14,1,30,,4491,0,13 14,1,70,,10895,0,13 14,1,30,,10902,0,13 14,1,70,,10889,0,13 14,1,30,,10893,0,13 14,1,70,,10888,0,13 14,1,30,,3597,0,13 14,1,70,,4411,0,13 14,1,30,,10886,0,13 14,1,70,,10897,0,13 14,1,30,,10899,0,13 14,1,70,,10896,0,13 14,1,30,,10906,0,13 14,1,70,,10904,0,13 14,1,30,,10901,0,13 14,1,70,,10887,0,13 14,1,30,,4228,0,13 14,1,70,,10891,0,13 14,1,30,,10905,0,13 14,1,100,,10903,0,13 14,1,98,,10898,0,13 14,1,100,,10900,0,13 14,1,100,,4040,0,13 14,1,100,,10892,0,13 14,1
40200,'3',1757,,10913,0,13 14,1,100,,1857,0,13 14,1,98,,10911,0,13 14,1,100,,10914,0,13 14,1,100,,10910,0,13 14,1,100,,10912,0,13 14,1
40200,'7',857,,4855,0,13 14,1,100,,10928,0,13 14,1,70,,10930,0,13 14,1,30,,10926,0,13 14,1,70,,10916,0,13 14,1,30,,10931,0,13 14,1,70,,10921,0,13 14,1,30,,10922,0,13 14,1,70,,10924,0,13 14,1,30,,10932,0,13 14,1,70,,10927,0,13 14,1,30,,4361,0,13 14,1,70,,10915,0,13 14,1,30,,10919,0,13 14,1,70,,10925,0,13 14,1,30,,10929,0,13 14,1,70,,10918,0,13 14,1,30,,10917,0,13 14,1,100,,10923,0,13 14,1,98,,10920,0,13 14,1
40601,'1',1823,,11206,0,9 12,1,100,,11208,0,9 12,1,100,,11203,0,9 12,1,100,,11207,0,9 12,1,100,,11205,0,9 12,1,100,,11204,0,9 12,1
40601,'10',1823,,11212,0,9 12,1,100,,11214,0,9 12,1,100,,11209,0,9 12,1,100,,11213,0,9 12,1,100,,11211,0,9 12,1,100,,11210,0,9 12,1
40601,'11',1823,,11218,0,9 12,1,100,,1410,0,9 12,1,100,,11215,0,9 12,1,100,,11219,0,9 12,1,100,,11217,0,9 12,1,100,,11216,0,9 12,1
40601,'12',1123,,11222,0,9 12,1,100,,11223,0,9 12,1,100,,11224,0,9 12,1,100,,11221,0,9 12,1,100,,11226,0,9 12,1,100,,11225,0,9 12,1,100,,11220,0,9 12,1
40601,'14',653,,11243,0,9 12,1,70,,4949,0,9 12,1,30,,11241,0,9 12,1,70,,11232,0,9 12,1,30,,11237,0,9 12,1,70,,11242,0,9 12,1,30,,11248,0,9 12,1,70,,11251,0,9 12,1,30,,11235,0,9 12,1,70,,11239,0,9 12,1,30,,11236,0,9 12,1,70,,11247,0,9 12,1,30,,11240,0,9 12,1,70,,11252,0,9 12,1,30,,11228,0,9 12,1,70,,11231,0,9 12,1,30,,11245,0,9 12,1,70,,11230,0,9 12,1,30,,11233,0,9 12,1,70,,11254,0,9 12,1,30,,11246,0,9 12,1,70,,11229,0,9 12,1,30,,11253,0,9 12,1,70,,11250,0,9 12,1,100,,11244,0,9 12,1,100,,11249,0,9 12,1,100,,11234,0,9 12,1,100,,11238,0,9 12,1,100,,11227,0,9 12,1
40601,'3',1823,,11258,0,9 12,1,100,,1386,0,9 12,1,100,,11255,0,9 12,1,100,,11259,0,9 12,1,100,,11257,0,9 12,1,100,,11256,0,9 12,1
40601,'7',923,,11272,0,9 12,1,100,,11264,0,9 12,1,30,,3099,0,9 12,1,70,,11271,0,9 12,1,30,,11269,0,9 12,1,70,,11261,0,9 12,1,30,,3995,0,9 12,1,70,,11266,0,9 12,1,30,,4375,0,9 12,1,70,,11270,0,9 12,1,30,,11267,0,9 12,1,70,,11265,0,9 12,1,30,,3506,0,9 12,1,70,,11260,0,9 12,1,30,,11262,0,9 12,1,70,,4432,0,9 12,1,30,,11268,0,9 12,1,70,,11273,0,9 12,1,100,,11263,0,9 12,1
