33700,'1',634,,24480,1,,,1,70,,24458,1,,,1,30,,24455,1,,,1,70,,24435,1,,,1,30,,24465,1,,,1,70,,20866,1,,,1,30,,24442,1,,,1,70,,24443,1,,,1,30,,24450,1,,,1,70,,17894,1,,,1,30,,24439,1,,,1,70,,24471,1,,,1,30,,24446,1,,,1,70,,24466,1,,,1,30,,24460,1,,,1,70,,24438,1,,,1,30,,24468,1,,,1,70,,24456,1,,,1,30,,24447,1,,,1,70,,3825,1,,,1,30,,24461,1,,,1,70,,24457,1,,,1,30,,16998,1,,,1,70,,24476,1,,,1,30,,24467,1,,,1
33700,'10',634,,24521,1,,,1,70,,24500,1,,,1,30,,24497,1,,,1,70,,13760,1,,,1,30,,24507,1,,,1,70,,24501,1,,,1,30,,12779,1,,,1,70,,24487,1,,,1,30,,24492,1,,,1,70,,24481,1,,,1,30,,12594,1,,,1,70,,24513,1,,,1,30,,10705,1,,,1,70,,10842,1,,,1,30,,24502,1,,,1,70,,24483,1,,,1,30,,24510,1,,,1,70,,24498,1,,,1,30,,24489,1,,,1,70,,24508,1,,,1,30,,24503,1,,,1,70,,24499,1,,,1,30,,24484,1,,,1,70,,12032,1,,,1,30,,24509,1,,,1
33700,'11',1134,,24542,1,,,1,70,,15017,1,,,1,30,,24522,1,,,1,70,,21080,1,,,1,30,,24530,1,,,1,70,,9671,1,,,1,30,,24535,1,,,1,70,,24524,1,,,1,30,,24534,1,,,1,70,,24532,1,,,1,30,,24536,1,,,1,70,,24528,1,,,1,30,,24537,1,,,1,70,,15829,1,,,1,30,,13523,1,,,1
33700,'13',704,,24567,1,,,1,30,,24581,1,,,1,70,,24568,1,,,1,30,,24560,1,,,1,70,,24586,1,,,1,30,,24564,1,,,1,70,,24547,1,,,1,30,,24580,1,,,1,70,,24546,1,,,1,30,,24550,1,,,1,70,,24582,1,,,1,30,,24572,1,,,1,70,,24573,1,,,1,30,,24544,1,,,1,70,,24583,1,,,1,30,,24555,1,,,1,70,,24575,1,,,1,30,,24561,1,,,1,70,,24549,1,,,1,30,,24577,1,,,1,70,,24553,1,,,1,30,,24579,1,,,1,70,,24587,1,,,1,30,,24570,1,,,1,70,,24545,1,,,1
33700,'3',634,,24627,1,,,1,70,,24607,1,,,1,30,,24604,1,,,1,70,,13808,1,,,1,30,,24614,1,,,1,70,,24608,1,,,1,30,,24595,1,,,1,70,,24596,1,,,1,30,,24600,1,,,1,70,,24589,1,,,1,30,,12635,1,,,1,70,,24620,1,,,1,30,,10747,1,,,1,70,,3284,1,,,1,30,,24609,1,,,1,70,,24591,1,,,1,30,,24617,1,,,1,70,,24605,1,,,1,30,,9566,1,,,1,70,,24615,1,,,1,30,,24610,1,,,1,70,,24606,1,,,1,30,,24592,1,,,1,70,,4560,1,,,1,30,,24616,1,,,1
33700,'8',1134,,24654,1,,,1,70,,24632,1,,,1,30,,24628,1,,,1,70,,24649,1,,,1,30,,24637,1,,,1,70,,24639,1,,,1,30,,24645,1,,,1,70,,24631,1,,,1,30,,24644,1,,,1,70,,24642,1,,,1,30,,24646,1,,,1,70,,24635,1,,,1,30,,17098,1,,,1,70,,24641,1,,,1,30,,24655,1,,,1
33701,'1',632,,24656,29,4,,1,70,,24686,29,4,,1,30,,24659,29,4,,1,70,,24678,29,4,,1,30,,24671,29,4,,1,70,,24676,29,4,,1,30,,24687,29,4,,1,70,,24667,29,4,,1,31,,24702,29,4,,1,70,,24677,29,4,,1,30,,24665,29,4,,1,70,,24703,29,4,,1,30,,24697,29,4,,1,70,,24688,29,4,,1,30,,24699,29,4,,1,70,,24692,29,4,,1,30,,24695,29,4,,1,70,,24679,29,4,,1,30,,24660,29,4,,1,70,,24657,29,4,,1,30,,24690,29,4,,1,70,,24670,29,4,,1,30,,24704,29,4,,1,70,,24701,29,4,,1,30,,24673,29,4,,1
33701,'10',632,,24705,29,4,,1,70,,24729,29,4,,1,30,,24707,29,4,,1,70,,24722,29,4,,1,30,,24718,29,4,,1,70,,442,29,4,,1,30,,24730,29,4,,1,70,,24715,29,4,,1,31,,24744,29,4,,1,70,,8915,29,4,,1,30,,24713,29,4,,1,70,,24745,29,4,,1,30,,24740,29,4,,1,70,,24732,29,4,,1,30,,24741,29,4,,1,70,,24736,29,4,,1,30,,24739,29,4,,1,70,,24723,29,4,,1,30,,24708,29,4,,1,70,,24706,29,4,,1,30,,24734,29,4,,1,70,,15787,29,4,,1,30,,24746,29,4,,1,70,,24743,29,4,,1,30,,11623,29,4,,1
33701,'11',1123,,24756,29,4,,1,30,,24759,29,4,,1,70,,24748,29,4,,1,30,,24749,29,4,,1,70,,14917,29,4,,1,30,,24764,29,4,,1,70,,11003,29,4,,1,30,,24750,29,4,,1,70,,24761,29,4,,1,30,,24765,29,4,,1,70,,24762,29,4,,1,30,,24760,29,4,,1,70,,24755,29,4,,1,30,,24766,29,4,,1,70,,24757,29,4,,1
33701,'13',652,,24781,29,4,,1,70,,24773,29,4,,1,30,,24807,29,4,,1,70,,24772,29,4,,1,30,,24805,29,4,,1,70,,24796,29,4,,1,30,,24795,29,4,,1,71,,24800,29,4,,1,30,,24786,29,4,,1,70,,24774,29,4,,1,30,,19135,29,4,,1,70,,24804,29,4,,1,30,,24776,29,4,,1,70,,7756,29,4,,1,30,,24794,29,4,,1,70,,24808,29,4,,1,30,,24777,29,4,,1,70,,24785,29,4,,1,30,,17531,29,4,,1,70,,24784,29,4,,1,30,,24792,29,4,,1,70,,24775,29,4,,1,30,,24797,29,4,,1,70,,24789,29,4,,1,30,,24782,29,4,,1
33701,'3',632,,24809,29,4,,1,70,,24830,29,4,,1,30,,24811,29,4,,1,70,,24824,29,4,,1,30,,24821,29,4,,1,70,,465,29,4,,1,30,,24831,29,4,,1,70,,24818,29,4,,1,31,,24846,29,4,,1,70,,8992,29,4,,1,30,,24816,29,4,,1,70,,24847,29,4,,1,30,,24842,29,4,,1,70,,24833,29,4,,1,30,,24843,29,4,,1,70,,24837,29,4,,1,30,,24840,29,4,,1,70,,24825,29,4,,1,30,,24812,29,4,,1,70,,24810,29,4,,1,30,,24835,29,4,,1,70,,15872,29,4,,1,30,,24848,29,4,,1,70,,24845,29,4,,1,30,,11669,29,4,,1
33701,'8',1123,,24860,29,4,,1,30,,24863,29,4,,1,70,,24851,29,4,,1,30,,24852,29,4,,1,70,,24849,29,4,,1,30,,24870,29,4,,1,70,,24872,29,4,,1,30,,24853,29,4,,1,70,,24866,29,4,,1,30,,24874,29,4,,1,70,,24867,29,4,,1,30,,24864,29,4,,1,70,,24859,29,4,,1,30,,24876,29,4,,1,70,,24861,29,4,,1
