30800,'12',604,,34244,8,0,59,1,30,,34225,8,0,59,1,70,,34245,8,0,59,1,30,,34233,8,0,59,1,70,,34243,8,0,59,1,30,,34229,8,0,59,1,70,,34246,8,0,59,1,30,,34231,8,0,59,1,70,,34238,8,0,59,1,30,,34240,8,0,59,1,70,,34237,8,0,59,1,30,,34235,8,0,59,1,70,,34247,8,0,59,1,30,,34248,8,0,59,1,70,,34232,8,0,59,1,30,,34234,8,0,59,1,69,,34236,8,0,59,1,32,,34228,8,0,59,1,70,,34226,8,0,59,1,30,,34227,8,0,59,1,70,,34241,8,0,59,1,30,,34239,8,0,59,1,70,,34242,8,0,59,1,30,,34230,8,0,59,1
30800,'13',604,,28199,8,0,59,1,30,,34249,8,0,59,1,70,,34263,8,0,59,1,30,,34255,8,0,59,1,70,,34262,8,0,59,1,30,,32495,8,0,59,1,70,,34264,8,0,59,1,30,,34253,8,0,59,1,70,,34259,8,0,59,1,30,,29044,8,0,59,1,70,,28195,8,0,59,1,30,,34257,8,0,59,1,70,,34265,8,0,59,1,30,,30620,8,0,59,1,70,,34254,8,0,59,1,30,,34256,8,0,59,1,69,,34258,8,0,59,1,32,,30531,8,0,59,1,70,,34250,8,0,59,1,30,,34251,8,0,59,1,70,,34260,8,0,59,1,30,,29366,8,0,59,1,70,,34261,8,0,59,1,30,,34252,8,0,59,1
30800,'3',604,,28220,8,0,59,1,30,,34266,8,0,59,1,70,,34280,8,0,59,1,30,,34272,8,0,59,1,70,,34279,8,0,59,1,30,,32499,8,0,59,1,70,,34281,8,0,59,1,30,,34270,8,0,59,1,70,,34276,8,0,59,1,30,,29050,8,0,59,1,70,,28216,8,0,59,1,30,,34274,8,0,59,1,70,,34282,8,0,59,1,30,,30657,8,0,59,1,70,,34271,8,0,59,1,30,,34273,8,0,59,1,69,,34275,8,0,59,1,32,,30568,8,0,59,1,70,,34267,8,0,59,1,30,,34268,8,0,59,1,70,,34277,8,0,59,1,30,,29388,8,0,59,1,70,,34278,8,0,59,1,30,,34269,8,0,59,1
30800,'6',604,,34302,8,0,59,1,30,,34283,8,0,59,1,70,,34303,8,0,59,1,30,,34291,8,0,59,1,70,,34301,8,0,59,1,30,,34287,8,0,59,1,70,,34304,8,0,59,1,30,,34289,8,0,59,1,70,,34296,8,0,59,1,30,,34298,8,0,59,1,70,,34295,8,0,59,1,30,,34293,8,0,59,1,70,,34305,8,0,59,1,30,,34306,8,0,59,1,70,,34290,8,0,59,1,30,,34292,8,0,59,1,69,,34294,8,0,59,1,32,,34286,8,0,59,1,70,,34284,8,0,59,1,30,,34285,8,0,59,1,70,,34299,8,0,59,1,30,,34297,8,0,59,1,70,,34300,8,0,59,1,30,,34288,8,0,59,1
33701,'1',639,,37363,8,,,1,70,,29420,8,,,1,30,,37391,8,,,1,70,,37369,8,,,1,30,,37384,8,,,1,70,,37372,8,,,1,30,,37371,8,,,1,71,,37375,8,,,1,30,,37387,8,,,1,70,,37383,8,,,1,30,,37373,8,,,1,70,,37367,8,,,1,30,,32345,8,,,1,70,,37399,8,,,1,30,,37365,8,,,1,70,,37386,8,,,1,30,,37389,8,,,1,70,,37360,8,,,1,30,,37377,8,,,1,70,,37403,8,,,1,30,,37390,8,,,1,70,,37364,8,,,1,30,,37376,8,,,1,70,,37381,8,,,1,30,,22061,8,,,1
33701,'11',639,,37410,8,,,1,70,,37443,8,,,1,30,,37439,8,,,1,70,,37416,8,,,1,30,,37432,8,,,1,70,,37419,8,,,1,30,,37418,8,,,1,71,,37422,8,,,1,30,,37435,8,,,1,70,,37431,8,,,1,30,,37420,8,,,1,70,,37414,8,,,1,30,,37444,8,,,1,70,,37449,8,,,1,30,,37412,8,,,1,70,,37434,8,,,1,30,,37437,8,,,1,70,,37406,8,,,1,30,,37424,8,,,1,70,,37453,8,,,1,30,,37438,8,,,1,70,,37411,8,,,1,30,,37423,8,,,1,70,,37428,8,,,1,30,,37429,8,,,1
33701,'12',619,,37480,8,,,1,30,,37497,8,,,1,70,,37466,8,,,1,30,,37462,8,,,1,70,,37461,8,,,1,30,,37503,8,,,1,70,,37501,8,,,1,30,,37495,8,,,1,71,,37486,8,,,1,30,,37504,8,,,1,70,,37465,8,,,1,30,,37498,8,,,1,70,,37502,8,,,1,30,,37493,8,,,1,70,,37475,8,,,1,30,,37484,8,,,1,70,,37478,8,,,1,30,,37472,8,,,1,70,,37489,8,,,1,30,,37468,8,,,1,70,,37500,8,,,1,30,,37490,8,,,1,70,,37477,8,,,1,30,,37473,8,,,1,70,,37476,8,,,1
33701,'13',619,,37527,8,,,1,30,,37540,8,,,1,70,,37515,8,,,1,30,,37512,8,,,1,70,,37511,8,,,1,30,,37545,8,,,1,70,,27985,8,,,1,30,,28408,8,,,1,71,,37532,8,,,1,30,,37546,8,,,1,70,,37514,8,,,1,30,,37541,8,,,1,70,,37544,8,,,1,30,,37538,8,,,1,70,,31700,8,,,1,30,,37530,8,,,1,70,,37525,8,,,1,30,,37520,8,,,1,70,,37535,8,,,1,30,,37517,8,,,1,70,,37543,8,,,1,30,,37536,8,,,1,70,,37524,8,,,1,30,,37521,8,,,1,70,,37523,8,,,1
33701,'14',1040,,37561,8,,,1,70,,37562,8,,,1,30,,37564,8,,,1,70,,37549,8,,,1,30,,37559,8,,,1,70,,37548,8,,,1,30,,37558,8,,,1,70,,37554,8,,,1,30,,37568,8,,,1,70,,37567,8,,,1,30,,29744,8,,,1,70,,37575,8,,,1,30,,37566,8,,,1,70,,37573,8,,,1,30,,37574,8,,,1
33701,'16',639,,37580,8,,,1,70,,29539,8,,,1,30,,37608,8,,,1,70,,37586,8,,,1,30,,37601,8,,,1,70,,37589,8,,,1,30,,37588,8,,,1,71,,37592,8,,,1,30,,37604,8,,,1,70,,37600,8,,,1,30,,37590,8,,,1,70,,37584,8,,,1,30,,32392,8,,,1,70,,37616,8,,,1,30,,37582,8,,,1,70,,37603,8,,,1,30,,37606,8,,,1,70,,37577,8,,,1,30,,37594,8,,,1,70,,37620,8,,,1,30,,37607,8,,,1,70,,37581,8,,,1,30,,37593,8,,,1,70,,37598,8,,,1,30,,29969,8,,,1
33701,'3',619,,37644,8,,,1,30,,37657,8,,,1,70,,37632,8,,,1,30,,37629,8,,,1,70,,37628,8,,,1,30,,37662,8,,,1,70,,28008,8,,,1,30,,28429,8,,,1,71,,37649,8,,,1,30,,37663,8,,,1,70,,37631,8,,,1,30,,37658,8,,,1,70,,37661,8,,,1,30,,37655,8,,,1,70,,31755,8,,,1,30,,37647,8,,,1,70,,37642,8,,,1,30,,37637,8,,,1,70,,37652,8,,,1,30,,37634,8,,,1,70,,37660,8,,,1,30,,37653,8,,,1,70,,37641,8,,,1,30,,37638,8,,,1,70,,37640,8,,,1
33701,'6',619,,37689,8,,,1,30,,37706,8,,,1,70,,37675,8,,,1,30,,37671,8,,,1,70,,37670,8,,,1,30,,37712,8,,,1,70,,37710,8,,,1,30,,37704,8,,,1,71,,37695,8,,,1,30,,37713,8,,,1,70,,37674,8,,,1,30,,37707,8,,,1,70,,37711,8,,,1,30,,37702,8,,,1,70,,37684,8,,,1,30,,37693,8,,,1,70,,37687,8,,,1,30,,37681,8,,,1,70,,37698,8,,,1,30,,37677,8,,,1,70,,37709,8,,,1,30,,37699,8,,,1,70,,37686,8,,,1,30,,37682,8,,,1,70,,37685,8,,,1
33701,'8',1110,,30756,8,,,1,30,,37729,8,,,1,70,,37725,8,,,1,30,,37718,8,,,1,70,,37738,8,,,1,30,,37715,8,,,1,70,,37740,8,,,1,30,,37721,8,,,1,70,,37730,8,,,1,30,,31765,8,,,1,70,,37719,8,,,1,30,,37720,8,,,1,70,,37723,8,,,1,30,,37722,8,,,1,70,,37726,8,,,1
40800,'1',618,,39087,8,0,60 61,1,30,,39086,8,0,60 61,1,70,,39072,8,0,60 61,1,30,,39094,8,0,60 61,1,70,,39093,8,0,60 61,1,30,,39088,8,0,60 61,1,70,,39082,8,0,60 61,1,30,,39096,8,0,60 61,1,70,,39076,8,0,60 61,1,30,,39084,8,0,60 61,1,70,,39079,8,0,60 61,1,30,,30443,8,0,60 61,1,70,,39074,8,0,60 61,1,30,,39075,8,0,60 61,1,70,,39083,8,0,60 61,1,30,,39089,8,0,60 61,1,70,,39070,8,0,60 61,1,30,,39077,8,0,60 61,1,70,,39080,8,0,60 61,1,30,,39078,8,0,60 61,1,70,,39071,8,0,60 61,1,30,,39097,8,0,60 61,1,70,,39092,8,0,60 61,1,30,,39085,8,0,60 61,1,100,,39091,8,0,60 61,1,100,,39069,8,0,60 61,1,100,,39081,8,0,60 61,1,100,,39095,8,0,60 61,1,100,,39090,8,0,60 61,1,100,,39073,8,0,60 61,1
40800,'11',618,,39116,8,0,60 61,1,30,,39115,8,0,60 61,1,70,,39101,8,0,60 61,1,30,,39123,8,0,60 61,1,70,,39122,8,0,60 61,1,30,,39117,8,0,60 61,1,70,,39111,8,0,60 61,1,30,,39125,8,0,60 61,1,70,,39105,8,0,60 61,1,30,,39113,8,0,60 61,1,70,,39108,8,0,60 61,1,30,,39126,8,0,60 61,1,70,,39103,8,0,60 61,1,30,,39104,8,0,60 61,1,70,,39112,8,0,60 61,1,30,,39118,8,0,60 61,1,70,,39099,8,0,60 61,1,30,,39106,8,0,60 61,1,70,,39109,8,0,60 61,1,30,,39107,8,0,60 61,1,70,,39100,8,0,60 61,1,30,,39127,8,0,60 61,1,70,,39121,8,0,60 61,1,30,,39114,8,0,60 61,1,100,,39120,8,0,60 61,1,100,,39098,8,0,60 61,1,100,,39110,8,0,60 61,1,100,,39124,8,0,60 61,1,100,,39119,8,0,60 61,1,100,,39102,8,0,60 61,1
40800,'12',1748,,39130,8,0,60 61,1,100,,39133,8,0,60 61,1,100,,39134,8,0,60 61,1,100,,39132,8,0,60 61,1,100,,39129,8,0,60 61,1,100,,39128,8,0,60 61,1,100,,39131,8,0,60 61,1
40800,'13',1748,,39137,8,0,60 61,1,100,,39140,8,0,60 61,1,100,,39141,8,0,60 61,1,100,,39139,8,0,60 61,1,100,,39136,8,0,60 61,1,100,,39135,8,0,60 61,1,100,,39138,8,0,60 61,1
40800,'14',1048,,39147,8,0,60 61,1,100,,39145,8,0,60 61,1,100,,39142,8,0,60 61,1,100,,39143,8,0,60 61,1,100,,39148,8,0,60 61,1,100,,39144,8,0,60 61,1,100,,39149,8,0,60 61,1,100,,39146,8,0,60 61,1
40800,'16',618,,39168,8,0,60 61,1,30,,39167,8,0,60 61,1,70,,39153,8,0,60 61,1,30,,39175,8,0,60 61,1,70,,39174,8,0,60 61,1,30,,39169,8,0,60 61,1,70,,39163,8,0,60 61,1,30,,39177,8,0,60 61,1,70,,39157,8,0,60 61,1,30,,39165,8,0,60 61,1,70,,39160,8,0,60 61,1,30,,30481,8,0,60 61,1,70,,39155,8,0,60 61,1,30,,39156,8,0,60 61,1,70,,39164,8,0,60 61,1,30,,39170,8,0,60 61,1,70,,39151,8,0,60 61,1,30,,39158,8,0,60 61,1,70,,39161,8,0,60 61,1,30,,39159,8,0,60 61,1,70,,39152,8,0,60 61,1,30,,39178,8,0,60 61,1,70,,39173,8,0,60 61,1,30,,39166,8,0,60 61,1,100,,39172,8,0,60 61,1,100,,39150,8,0,60 61,1,100,,39162,8,0,60 61,1,100,,39176,8,0,60 61,1,100,,39171,8,0,60 61,1,100,,39154,8,0,60 61,1
40800,'3',1748,,39181,8,0,60 61,1,100,,39184,8,0,60 61,1,100,,39185,8,0,60 61,1,100,,39183,8,0,60 61,1,100,,39180,8,0,60 61,1,100,,39179,8,0,60 61,1,100,,39182,8,0,60 61,1
40800,'6',1748,,39188,8,0,60 61,1,100,,39191,8,0,60 61,1,100,,39192,8,0,60 61,1,100,,39190,8,0,60 61,1,100,,39187,8,0,60 61,1,100,,39186,8,0,60 61,1,100,,39189,8,0,60 61,1
40800,'8',848,,39208,8,0,60 61,1,100,,39199,8,0,60 61,1,70,,39200,8,0,60 61,1,30,,39194,8,0,60 61,1,70,,39197,8,0,60 61,1,30,,39209,8,0,60 61,1,70,,39202,8,0,60 61,1,30,,39204,8,0,60 61,1,70,,39205,8,0,60 61,1,30,,39196,8,0,60 61,1,70,,39210,8,0,60 61,1,30,,39201,8,0,60 61,1,70,,39198,8,0,60 61,1,30,,39193,8,0,60 61,1,70,,39203,8,0,60 61,1,30,,30039,8,0,60 61,1,70,,39207,8,0,60 61,1,30,,31168,8,0,60 61,1,100,,39206,8,0,60 61,1,100,,39195,8,0,60 61,1
43701,'1',1919,,41926,8,,,1,100,,41927,8,,,1,100,,41924,8,,,1,100,,41923,8,,,1,100,,30690,8,,,1
43701,'11',1919,,41934,8,,,1,100,,41935,8,,,1,100,,41932,8,,,1,100,,41931,8,,,1,100,,41936,8,,,1
43701,'12',1919,,41948,8,,,1,100,,41941,8,,,1,100,,41949,8,,,1,100,,41946,8,,,1,100,,41947,8,,,1
43701,'13',1919,,41957,8,,,1,100,,41951,8,,,1,100,,41958,8,,,1,100,,41956,8,,,1,100,,28240,8,,,1
43701,'16',1919,,41963,8,,,1,100,,41964,8,,,1,100,,41961,8,,,1,100,,41960,8,,,1,100,,30728,8,,,1
43701,'3',1919,,41975,8,,,1,100,,41969,8,,,1,100,,41976,8,,,1,100,,41974,8,,,1,100,,28262,8,,,1
43701,'6',1919,,41985,8,,,1,100,,41978,8,,,1,100,,41986,8,,,1,100,,41983,8,,,1,100,,41984,8,,,1
