30100,'1',612,,16,21,0,5 6,1,30,,28,21,0,5 6,1,70,,31,21,0,5 6,1,30,,26,21,0,5 6,1,70,,43,21,0,5 6,1,30,,15,21,0,5 6,1,70,,10,21,0,5 6,1,30,,2,21,0,5 6,1,70,,46,21,0,5 6,1,30,,11,21,0,5 6,1,70,,27,21,0,5 6,1,30,,7,21,0,5 6,1,70,,18,21,0,5 6,1,30,,38,21,0,5 6,1,70,,17,21,0,5 6,1,30,,12,21,0,5 6,1,70,,36,21,0,5 6,1,30,,6,21,0,5 6,1,70,,33,21,0,5 6,1,30,,19,21,0,5 6,1,70,,1,21,0,5 6,1,30,,24,21,0,5 6,1,70,,21,21,0,5 6,1,30,,37,21,0,5 6,1
30100,'10',612,,63,21,0,5 6,1,30,,75,21,0,5 6,1,70,,78,21,0,5 6,1,30,,73,21,0,5 6,1,70,,90,21,0,5 6,1,30,,62,21,0,5 6,1,70,,57,21,0,5 6,1,30,,49,21,0,5 6,1,70,,93,21,0,5 6,1,30,,58,21,0,5 6,1,70,,74,21,0,5 6,1,30,,54,21,0,5 6,1,70,,65,21,0,5 6,1,30,,85,21,0,5 6,1,70,,64,21,0,5 6,1,30,,59,21,0,5 6,1,70,,83,21,0,5 6,1,30,,53,21,0,5 6,1,70,,80,21,0,5 6,1,30,,66,21,0,5 6,1,70,,48,21,0,5 6,1,30,,71,21,0,5 6,1,70,,68,21,0,5 6,1,30,,84,21,0,5 6,1
30100,'11',612,,110,21,0,5 6,1,30,,122,21,0,5 6,1,70,,125,21,0,5 6,1,30,,120,21,0,5 6,1,70,,137,21,0,5 6,1,30,,109,21,0,5 6,1,70,,104,21,0,5 6,1,30,,96,21,0,5 6,1,70,,140,21,0,5 6,1,30,,105,21,0,5 6,1,70,,121,21,0,5 6,1,30,,101,21,0,5 6,1,70,,112,21,0,5 6,1,30,,132,21,0,5 6,1,70,,111,21,0,5 6,1,30,,106,21,0,5 6,1,70,,130,21,0,5 6,1,30,,100,21,0,5 6,1,70,,127,21,0,5 6,1,30,,113,21,0,5 6,1,70,,95,21,0,5 6,1,30,,118,21,0,5 6,1,70,,115,21,0,5 6,1,30,,131,21,0,5 6,1
30100,'3',612,,157,21,0,5 6,1,30,,169,21,0,5 6,1,70,,172,21,0,5 6,1,30,,167,21,0,5 6,1,70,,184,21,0,5 6,1,30,,156,21,0,5 6,1,70,,151,21,0,5 6,1,30,,143,21,0,5 6,1,70,,187,21,0,5 6,1,30,,152,21,0,5 6,1,70,,168,21,0,5 6,1,30,,148,21,0,5 6,1,70,,159,21,0,5 6,1,30,,179,21,0,5 6,1,70,,158,21,0,5 6,1,30,,153,21,0,5 6,1,70,,177,21,0,5 6,1,30,,147,21,0,5 6,1,70,,174,21,0,5 6,1,30,,160,21,0,5 6,1,70,,142,21,0,5 6,1,30,,165,21,0,5 6,1,70,,162,21,0,5 6,1,30,,178,21,0,5 6,1
40100,'1',1806,,5800,21,0,8,1,100,,5797,21,0,8,1,100,,5804,21,0,8,1,100,,5809,21,0,8,1,100,,5803,21,0,8,1,100,,5802,21,0,8,1,100,,5798,21,0,8,1
40100,'10',1806,,5814,21,0,8,1,100,,5811,21,0,8,1,100,,5818,21,0,8,1,100,,5823,21,0,8,1,100,,5817,21,0,8,1,100,,5816,21,0,8,1,100,,5812,21,0,8,1
40100,'11',1806,,5828,21,0,8,1,100,,5825,21,0,8,1,100,,5832,21,0,8,1,100,,5837,21,0,8,1,100,,5831,21,0,8,1,100,,5830,21,0,8,1,100,,5826,21,0,8,1
40100,'12',1106,,5842,21,0,8,1,100,,5854,21,0,8,1,100,,5850,21,0,8,1,100,,5839,21,0,8,1,100,,5840,21,0,8,1,100,,5845,21,0,8,1,100,,5848,21,0,8,1,100,,5843,21,0,8,1
40100,'14',636,,5907,21,0,8,1,70,,5862,21,0,8,1,30,,5901,21,0,8,1,70,,5909,21,0,8,1,30,,5905,21,0,8,1,70,,5913,21,0,8,1,30,,5863,21,0,8,1,70,,5869,21,0,8,1,30,,5865,21,0,8,1,70,,5895,21,0,8,1,30,,5896,21,0,8,1,70,,5856,21,0,8,1,30,,5908,21,0,8,1,70,,5885,21,0,8,1,30,,5875,21,0,8,1,70,,5910,21,0,8,1,30,,5891,21,0,8,1,70,,5898,21,0,8,1,30,,5897,21,0,8,1,70,,5881,21,0,8,1,30,,5870,21,0,8,1,70,,5886,21,0,8,1,30,,5902,21,0,8,1,70,,5914,21,0,8,1,100,,5912,21,0,8,1,100,,5872,21,0,8,1,100,,5889,21,0,8,1,100,,5903,21,0,8,1,100,,5880,21,0,8,1,100,,5911,21,0,8,1
40100,'3',1806,,5918,21,0,8,1,100,,5915,21,0,8,1,100,,5922,21,0,8,1,100,,5927,21,0,8,1,100,,5921,21,0,8,1,100,,5920,21,0,8,1,100,,5916,21,0,8,1
40100,'7',906,,5944,21,0,8,1,100,,5966,21,0,8,1,30,,5968,21,0,8,1,70,,5930,21,0,8,1,30,,5945,21,0,8,1,70,,5947,21,0,8,1,30,,5961,21,0,8,1,70,,5936,21,0,8,1,30,,5955,21,0,8,1,70,,5935,21,0,8,1,30,,5957,21,0,8,1,70,,5931,21,0,8,1,30,,5965,21,0,8,1,70,,5967,21,0,8,1,30,,5964,21,0,8,1,70,,5959,21,0,8,1,30,,5954,21,0,8,1,70,,5953,21,0,8,1,100,,5942,21,0,8,1,100,,5948,21,0,8,1
