30401,'15',648,,10002,21,0,49,1,70,,9998,21,0,49,1,30,,9999,21,0,49,1,70,,10015,21,0,49,1,30,,10000,21,0,49,1,70,,10021,21,0,49,1,30,,10005,21,0,49,1,70,,10013,21,0,49,1,30,,10008,21,0,49,1,70,,10022,21,0,49,1,30,,10009,21,0,49,1,70,,10016,21,0,49,1,30,,10012,21,0,49,1,70,,10010,21,0,49,1,30,,10004,21,0,49,1,71,,10001,21,0,49,1,30,,10018,21,0,49,1,70,,10006,21,0,49,1,30,,10020,21,0,49,1,70,,10014,21,0,49,1,30,,10003,21,0,49,1,70,,10019,21,0,49,1,30,,10007,21,0,49,1,70,,10017,21,0,49,1,30,,10011,21,0,49,1
30401,'16',648,,1663,21,0,49,1,70,,10023,21,0,49,1,30,,10024,21,0,49,1,70,,10037,21,0,49,1,30,,10025,21,0,49,1,70,,10043,21,0,49,1,30,,10028,21,0,49,1,70,,10035,21,0,49,1,30,,1291,21,0,49,1,70,,10044,21,0,49,1,30,,10031,21,0,49,1,70,,10038,21,0,49,1,30,,10034,21,0,49,1,70,,10032,21,0,49,1,30,,10027,21,0,49,1,71,,10026,21,0,49,1,30,,10040,21,0,49,1,70,,10029,21,0,49,1,30,,10042,21,0,49,1,70,,10036,21,0,49,1,30,,244,21,0,49,1,70,,10041,21,0,49,1,30,,10030,21,0,49,1,70,,10039,21,0,49,1,30,,10033,21,0,49,1
30401,'17',648,,1686,21,0,49,1,70,,10045,21,0,49,1,30,,10046,21,0,49,1,70,,10059,21,0,49,1,30,,10047,21,0,49,1,70,,10065,21,0,49,1,30,,10050,21,0,49,1,70,,10057,21,0,49,1,30,,1316,21,0,49,1,70,,10066,21,0,49,1,30,,10053,21,0,49,1,70,,10060,21,0,49,1,30,,10056,21,0,49,1,70,,10054,21,0,49,1,30,,10049,21,0,49,1,71,,10048,21,0,49,1,30,,10062,21,0,49,1,70,,10051,21,0,49,1,30,,10064,21,0,49,1,70,,10058,21,0,49,1,30,,294,21,0,49,1,70,,10063,21,0,49,1,30,,10052,21,0,49,1,70,,10061,21,0,49,1,30,,10055,21,0,49,1
30401,'19',648,,10071,21,0,49,1,70,,10067,21,0,49,1,30,,10068,21,0,49,1,70,,10084,21,0,49,1,30,,10069,21,0,49,1,70,,10090,21,0,49,1,30,,10074,21,0,49,1,70,,10082,21,0,49,1,30,,10077,21,0,49,1,70,,10091,21,0,49,1,30,,10078,21,0,49,1,70,,10085,21,0,49,1,30,,10081,21,0,49,1,70,,10079,21,0,49,1,30,,10073,21,0,49,1,71,,10070,21,0,49,1,30,,10087,21,0,49,1,70,,10075,21,0,49,1,30,,10089,21,0,49,1,70,,10083,21,0,49,1,30,,10072,21,0,49,1,70,,10088,21,0,49,1,30,,10076,21,0,49,1,70,,10086,21,0,49,1,30,,10080,21,0,49,1
30401,'5',648,,1709,21,0,49,1,70,,10092,21,0,49,1,30,,10093,21,0,49,1,70,,10106,21,0,49,1,30,,10094,21,0,49,1,70,,10112,21,0,49,1,30,,10097,21,0,49,1,70,,10104,21,0,49,1,30,,1341,21,0,49,1,70,,10113,21,0,49,1,30,,10100,21,0,49,1,70,,10107,21,0,49,1,30,,10103,21,0,49,1,70,,10101,21,0,49,1,30,,10096,21,0,49,1,71,,10095,21,0,49,1,30,,10109,21,0,49,1,70,,10098,21,0,49,1,30,,10111,21,0,49,1,70,,10105,21,0,49,1,30,,344,21,0,49,1,70,,10110,21,0,49,1,30,,10099,21,0,49,1,70,,10108,21,0,49,1,30,,10102,21,0,49,1
30401,'6',648,,10118,21,0,49,1,70,,10114,21,0,49,1,30,,10115,21,0,49,1,70,,10131,21,0,49,1,30,,10116,21,0,49,1,70,,10137,21,0,49,1,30,,10121,21,0,49,1,70,,10129,21,0,49,1,30,,10124,21,0,49,1,70,,10138,21,0,49,1,30,,10125,21,0,49,1,70,,10132,21,0,49,1,30,,10128,21,0,49,1,70,,10126,21,0,49,1,30,,10120,21,0,49,1,71,,10117,21,0,49,1,30,,10134,21,0,49,1,70,,10122,21,0,49,1,30,,10136,21,0,49,1,70,,10130,21,0,49,1,30,,10119,21,0,49,1,70,,10135,21,0,49,1,30,,10123,21,0,49,1,70,,10133,21,0,49,1,30,,10127,21,0,49,1
40401,'1',1111,,17558,21,0,39 51,1,100,,17560,21,0,39 51,1,100,,872,21,0,39 51,1,100,,17556,21,0,39 51,1,100,,17557,21,0,39 51,1,100,,17554,21,0,39 51,1,100,,17555,21,0,39 51,1,100,,17559,21,0,39 51,1
40401,'10',710,,17565,21,0,39 51,1,30,,17572,21,0,39 51,1,70,,17579,21,0,39 51,1,30,,17564,21,0,39 51,1,70,,17586,21,0,39 51,1,30,,17581,21,0,39 51,1,70,,17577,21,0,39 51,1,31,,17580,21,0,39 51,1,70,,17574,21,0,39 51,1,30,,17568,21,0,39 51,1,70,,17585,21,0,39 51,1,30,,17567,21,0,39 51,1,70,,17562,21,0,39 51,1,30,,17571,21,0,39 51,1,70,,17588,21,0,39 51,1,30,,17583,21,0,39 51,1,70,,17584,21,0,39 51,1,30,,17576,21,0,39 51,1,70,,17566,21,0,39 51,1,30,,17587,21,0,39 51,1,70,,17575,21,0,39 51,1,30,,17561,21,0,39 51,1,70,,17569,21,0,39 51,1,30,,17563,21,0,39 51,1,70,,17570,21,0,39 51,1,99,,17582,21,0,39 51,1,100,,17589,21,0,39 51,1,100,,17578,21,0,39 51,1,100,,17573,21,0,39 51,1
40401,'12',910,,17607,21,0,39 51,1,100,,17593,21,0,39 51,1,31,,17592,21,0,39 51,1,70,,17599,21,0,39 51,1,30,,17600,21,0,39 51,1,70,,17596,21,0,39 51,1,30,,17603,21,0,39 51,1,70,,17590,21,0,39 51,1,30,,17594,21,0,39 51,1,70,,17602,21,0,39 51,1,30,,17605,21,0,39 51,1,70,,17606,21,0,39 51,1,30,,8614,21,0,39 51,1,70,,17597,21,0,39 51,1,30,,17595,21,0,39 51,1,70,,17601,21,0,39 51,1,30,,17608,21,0,39 51,1,70,,17598,21,0,39 51,1,100,,17604,21,0,39 51,1,99,,17591,21,0,39 51,1
40401,'15',1911,,17612,21,0,39 51,1,99,,17613,21,0,39 51,1,100,,17611,21,0,39 51,1,100,,17609,21,0,39 51,1,100,,17610,21,0,39 51,1
40401,'16',1911,,17617,21,0,39 51,1,99,,17618,21,0,39 51,1,100,,17616,21,0,39 51,1,100,,17614,21,0,39 51,1,100,,17615,21,0,39 51,1
40401,'17',1911,,17622,21,0,39 51,1,99,,17623,21,0,39 51,1,100,,17621,21,0,39 51,1,100,,17619,21,0,39 51,1,100,,17620,21,0,39 51,1
40401,'19',1911,,17627,21,0,39 51,1,99,,17628,21,0,39 51,1,100,,17626,21,0,39 51,1,100,,17624,21,0,39 51,1,100,,17625,21,0,39 51,1
40401,'21',710,,17633,21,0,39 51,1,30,,17640,21,0,39 51,1,70,,17645,21,0,39 51,1,30,,17632,21,0,39 51,1,70,,17652,21,0,39 51,1,30,,17647,21,0,39 51,1,70,,17643,21,0,39 51,1,31,,17646,21,0,39 51,1,70,,17642,21,0,39 51,1,30,,17636,21,0,39 51,1,70,,17651,21,0,39 51,1,30,,17635,21,0,39 51,1,70,,17630,21,0,39 51,1,30,,17639,21,0,39 51,1,70,,17654,21,0,39 51,1,30,,17649,21,0,39 51,1,70,,17650,21,0,39 51,1,30,,7163,21,0,39 51,1,70,,17634,21,0,39 51,1,30,,17653,21,0,39 51,1,70,,4132,21,0,39 51,1,30,,17629,21,0,39 51,1,70,,17637,21,0,39 51,1,30,,17631,21,0,39 51,1,70,,17638,21,0,39 51,1,99,,17648,21,0,39 51,1,100,,17655,21,0,39 51,1,100,,17644,21,0,39 51,1,100,,17641,21,0,39 51,1
40401,'5',1911,,17659,21,0,39 51,1,99,,17660,21,0,39 51,1,100,,17658,21,0,39 51,1,100,,17656,21,0,39 51,1,100,,17657,21,0,39 51,1
40401,'6',1911,,17664,21,0,39 51,1,99,,17665,21,0,39 51,1,100,,17663,21,0,39 51,1,100,,17661,21,0,39 51,1,100,,17662,21,0,39 51,1
