31701,'1',627,,3422,35,0,62,1,30,,3431,35,0,62,1,70,,3419,35,0,62,1,30,,3427,35,0,62,1,70,,3412,35,0,62,1,30,,3415,35,0,62,1,70,,3434,35,0,62,1,30,,3423,35,0,62,1,71,,3418,35,0,62,1,30,,3432,35,0,62,1,70,,3413,35,0,62,1,30,,3420,35,0,62,1,70,,3417,35,0,62,1,30,,3424,35,0,62,1,70,,3429,35,0,62,1,30,,3421,35,0,62,1,71,,3426,35,0,62,1,30,,3411,35,0,62,1,70,,3425,35,0,62,1,30,,3430,35,0,62,1,70,,3414,35,0,62,1,30,,3433,35,0,62,1,70,,3416,35,0,62,1,30,,3428,35,0,62,1
31701,'10',627,,3446,35,0,62,1,30,,3455,35,0,62,1,70,,3443,35,0,62,1,30,,3451,35,0,62,1,70,,3436,35,0,62,1,30,,3439,35,0,62,1,70,,3458,35,0,62,1,30,,3447,35,0,62,1,71,,3442,35,0,62,1,30,,3456,35,0,62,1,70,,3437,35,0,62,1,30,,3444,35,0,62,1,70,,3441,35,0,62,1,30,,3448,35,0,62,1,70,,3453,35,0,62,1,30,,3445,35,0,62,1,71,,3450,35,0,62,1,30,,3435,35,0,62,1,70,,3449,35,0,62,1,30,,3454,35,0,62,1,70,,3438,35,0,62,1,30,,3457,35,0,62,1,70,,3440,35,0,62,1,30,,3452,35,0,62,1
31701,'11',627,,3470,35,0,62,1,30,,3479,35,0,62,1,70,,3467,35,0,62,1,30,,3475,35,0,62,1,70,,3460,35,0,62,1,30,,3463,35,0,62,1,70,,3482,35,0,62,1,30,,3471,35,0,62,1,71,,3466,35,0,62,1,30,,3480,35,0,62,1,70,,3461,35,0,62,1,30,,3468,35,0,62,1,70,,3465,35,0,62,1,30,,3472,35,0,62,1,70,,3477,35,0,62,1,30,,3469,35,0,62,1,71,,3474,35,0,62,1,30,,3459,35,0,62,1,70,,3473,35,0,62,1,30,,3478,35,0,62,1,70,,3462,35,0,62,1,30,,3481,35,0,62,1,70,,3464,35,0,62,1,30,,3476,35,0,62,1
31701,'3',627,,3494,35,0,62,1,30,,3503,35,0,62,1,70,,3491,35,0,62,1,30,,3499,35,0,62,1,70,,3484,35,0,62,1,30,,3487,35,0,62,1,70,,3506,35,0,62,1,30,,3495,35,0,62,1,71,,3490,35,0,62,1,30,,3504,35,0,62,1,70,,3485,35,0,62,1,30,,3492,35,0,62,1,70,,3489,35,0,62,1,30,,3496,35,0,62,1,70,,3501,35,0,62,1,30,,3493,35,0,62,1,71,,3498,35,0,62,1,30,,3483,35,0,62,1,70,,3497,35,0,62,1,30,,3502,35,0,62,1,70,,3486,35,0,62,1,30,,3505,35,0,62,1,70,,3488,35,0,62,1,30,,3500,35,0,62,1
41701,'1',1833,,7718,29,0,62,1,98,,7722,29,0,62,1,100,,7721,29,0,62,1,100,,7723,29,0,62,1,100,,7720,29,0,62,1,100,,7719,29,0,62,1
41701,'10',1833,,7724,29,0,62,1,98,,7728,29,0,62,1,100,,7727,29,0,62,1,100,,7729,29,0,62,1,100,,7726,29,0,62,1,100,,7725,29,0,62,1
41701,'11',1833,,7730,29,0,62,1,98,,7734,29,0,62,1,100,,7733,29,0,62,1,100,,7735,29,0,62,1,100,,7732,29,0,62,1,100,,7731,29,0,62,1
41701,'12',1133,,7738,29,0,62,1,100,,7742,29,0,62,1,100,,7737,29,0,62,1,100,,7736,29,0,62,1,100,,7739,29,0,62,1,100,,7741,29,0,62,1,100,,7740,29,0,62,1
41701,'14',631,,7767,29,0,62,1,70,,7745,29,0,62,1,30,,7748,29,0,62,1,70,,7753,29,0,62,1,30,,7743,29,0,62,1,70,,7765,29,0,62,1,30,,7771,29,0,62,1,70,,7763,29,0,62,1,32,,7769,29,0,62,1,70,,7746,29,0,62,1,30,,7754,29,0,62,1,70,,7758,29,0,62,1,30,,7747,29,0,62,1,70,,7770,29,0,62,1,30,,7772,29,0,62,1,70,,7750,29,0,62,1,30,,7760,29,0,62,1,70,,7766,29,0,62,1,30,,7757,29,0,62,1,70,,7762,29,0,62,1,30,,7768,29,0,62,1,70,,7752,29,0,62,1,30,,7756,29,0,62,1,70,,7744,29,0,62,1,30,,7755,29,0,62,1,98,,7759,29,0,62,1,100,,7764,29,0,62,1,100,,7761,29,0,62,1,100,,7749,29,0,62,1,100,,7751,29,0,62,1
41701,'3',1833,,7773,29,0,62,1,98,,7777,29,0,62,1,100,,7776,29,0,62,1,100,,7778,29,0,62,1,100,,7775,29,0,62,1,100,,7774,29,0,62,1
41701,'7',931,,7782,29,0,62,1,102,,7788,29,0,62,1,70,,7785,29,0,62,1,30,,7787,29,0,62,1,70,,7792,29,0,62,1,30,,7784,29,0,62,1,70,,7779,29,0,62,1,30,,7796,29,0,62,1,70,,7794,29,0,62,1,30,,7790,29,0,62,1,70,,7795,29,0,62,1,30,,7783,29,0,62,1,70,,7789,29,0,62,1,30,,7791,29,0,62,1,70,,7797,29,0,62,1,30,,7793,29,0,62,1,70,,7786,29,0,62,1,30,,7780,29,0,62,1,98,,7781,29,0,62,1
