31200,'12',612,,34950,22,,,1,30,,34941,22,,,1,70,,34938,22,,,1,30,,34940,22,,,1,70,,34952,22,,,1,30,,34934,22,,,1,70,,34948,22,,,1,30,,34937,22,,,1,71,,34951,22,,,1,30,,34947,22,,,1,70,,34955,22,,,1,30,,34945,22,,,1,70,,34931,22,,,1,30,,34932,22,,,1,70,,34954,22,,,1,30,,34942,22,,,1,75,,34953,22,,,1,30,,34935,22,,,1,70,,34936,22,,,1,30,,34939,22,,,1,70,,34944,22,,,1,30,,34946,22,,,1,70,,34933,22,,,1,30,,34943,22,,,1,70,,34949,22,,,1
31200,'13',612,,27356,22,,,1,30,,34965,22,,,1,70,,28317,22,,,1,30,,34964,22,,,1,70,,34974,22,,,1,30,,34959,22,,,1,70,,34971,22,,,1,30,,34962,22,,,1,71,,34973,22,,,1,30,,34970,22,,,1,70,,34976,22,,,1,30,,34968,22,,,1,70,,34956,22,,,1,30,,34957,22,,,1,70,,34975,22,,,1,30,,442,22,,,1,75,,29070,22,,,1,30,,34960,22,,,1,70,,34961,22,,,1,30,,34963,22,,,1,70,,34967,22,,,1,30,,34969,22,,,1,70,,34958,22,,,1,30,,34966,22,,,1,70,,34972,22,,,1
31200,'3',612,,27394,22,,,1,30,,34986,22,,,1,70,,28338,22,,,1,30,,34985,22,,,1,70,,34995,22,,,1,30,,34980,22,,,1,70,,34992,22,,,1,30,,34983,22,,,1,71,,34994,22,,,1,30,,34991,22,,,1,70,,34997,22,,,1,30,,34989,22,,,1,70,,34977,22,,,1,30,,34978,22,,,1,70,,34996,22,,,1,30,,465,22,,,1,75,,29098,22,,,1,30,,34981,22,,,1,70,,34982,22,,,1,30,,34984,22,,,1,70,,34988,22,,,1,30,,34990,22,,,1,70,,34979,22,,,1,30,,34987,22,,,1,70,,34993,22,,,1
31200,'6',612,,35017,22,,,1,30,,35008,22,,,1,70,,35005,22,,,1,30,,35007,22,,,1,70,,35019,22,,,1,30,,35001,22,,,1,70,,35015,22,,,1,30,,35004,22,,,1,71,,35018,22,,,1,30,,35014,22,,,1,70,,35022,22,,,1,30,,35012,22,,,1,70,,34998,22,,,1,30,,34999,22,,,1,70,,35021,22,,,1,30,,35009,22,,,1,75,,35020,22,,,1,30,,35002,22,,,1,70,,35003,22,,,1,30,,35006,22,,,1,70,,35011,22,,,1,30,,35013,22,,,1,70,,35000,22,,,1,30,,35010,22,,,1,70,,35016,22,,,1
41200,'1',636,,39797,40,0,23,1,70,,39789,40,0,23,1,30,,39787,40,0,23,1,70,,39793,40,0,23,1,30,,39796,40,0,23,1,70,,39784,40,0,23,1,30,,39788,40,0,23,1,70,,32721,40,0,23,1,32,,39786,40,0,23,1,70,,39803,40,0,23,1,30,,39806,40,0,23,1,70,,39804,40,0,23,1,30,,39795,40,0,23,1,70,,39780,40,0,23,1,30,,39802,40,0,23,1,70,,39791,40,0,23,1,29,,39792,40,0,23,1,70,,39783,40,0,23,1,30,,39801,40,0,23,1,70,,39798,40,0,23,1,30,,39794,40,0,23,1,70,,39799,40,0,23,1,30,,39782,40,0,23,1,70,,39790,40,0,23,1,30,,39781,40,0,23,1,99,,39805,40,0,23,1,100,,31127,40,0,23,1,100,,39800,40,0,23,1,100,,39785,40,0,23,1,100,,32572,40,0,23,1
41200,'11',636,,39825,40,0,23,1,70,,39817,40,0,23,1,30,,39815,40,0,23,1,70,,39821,40,0,23,1,30,,39809,40,0,23,1,70,,39812,40,0,23,1,30,,39816,40,0,23,1,70,,39834,40,0,23,1,32,,39814,40,0,23,1,70,,39831,40,0,23,1,30,,39836,40,0,23,1,70,,39832,40,0,23,1,30,,39823,40,0,23,1,70,,39807,40,0,23,1,30,,39830,40,0,23,1,70,,39819,40,0,23,1,29,,39820,40,0,23,1,70,,39811,40,0,23,1,30,,39829,40,0,23,1,70,,39826,40,0,23,1,30,,39822,40,0,23,1,70,,39827,40,0,23,1,30,,39810,40,0,23,1,70,,39818,40,0,23,1,30,,39808,40,0,23,1,99,,39835,40,0,23,1,100,,39833,40,0,23,1,100,,39828,40,0,23,1,100,,39813,40,0,23,1,100,,39824,40,0,23,1
41200,'12',1837,,39841,40,0,23,1,99,,39842,40,0,23,1,100,,39837,40,0,23,1,100,,39840,40,0,23,1,100,,39839,40,0,23,1,100,,39838,40,0,23,1
41200,'13',1837,,31821,40,0,23,1,99,,39847,40,0,23,1,100,,39843,40,0,23,1,100,,39846,40,0,23,1,100,,39845,40,0,23,1,100,,39844,40,0,23,1
41200,'14',1138,,39853,40,0,23,1,100,,39849,40,0,23,1,100,,39848,40,0,23,1,99,,31369,40,0,23,1,100,,39852,40,0,23,1,100,,39850,40,0,23,1,100,,39851,40,0,23,1
41200,'16',636,,39872,40,0,23,1,70,,39863,40,0,23,1,30,,39861,40,0,23,1,70,,39867,40,0,23,1,30,,39870,40,0,23,1,70,,39858,40,0,23,1,30,,39862,40,0,23,1,70,,39880,40,0,23,1,32,,39860,40,0,23,1,70,,39878,40,0,23,1,30,,39882,40,0,23,1,70,,39879,40,0,23,1,30,,39869,40,0,23,1,70,,39854,40,0,23,1,30,,39877,40,0,23,1,70,,39865,40,0,23,1,29,,39866,40,0,23,1,70,,39857,40,0,23,1,30,,39876,40,0,23,1,70,,39873,40,0,23,1,30,,39868,40,0,23,1,70,,39874,40,0,23,1,30,,39856,40,0,23,1,70,,39864,40,0,23,1,30,,39855,40,0,23,1,99,,39881,40,0,23,1,100,,31152,40,0,23,1,100,,39875,40,0,23,1,100,,39859,40,0,23,1,100,,39871,40,0,23,1
41200,'3',1837,,31880,40,0,23,1,99,,39887,40,0,23,1,100,,39883,40,0,23,1,100,,39886,40,0,23,1,100,,39885,40,0,23,1,100,,39884,40,0,23,1
41200,'6',1837,,39892,40,0,23,1,99,,39893,40,0,23,1,100,,39888,40,0,23,1,100,,39891,40,0,23,1,100,,39890,40,0,23,1,100,,39889,40,0,23,1
41200,'8',936,,39901,40,0,23,1,102,,39904,40,0,23,1,70,,39903,40,0,23,1,30,,39909,40,0,23,1,70,,39906,40,0,23,1,30,,39911,40,0,23,1,70,,39895,40,0,23,1,30,,39896,40,0,23,1,70,,39908,40,0,23,1,29,,32740,40,0,23,1,70,,39910,40,0,23,1,30,,39894,40,0,23,1,70,,39898,40,0,23,1,30,,39902,40,0,23,1,70,,39899,40,0,23,1,30,,39900,40,0,23,1,70,,39905,40,0,23,1,30,,39897,40,0,23,1,99,,39907,40,0,23,1
