30101,'12',621,,32947,9,0,5 15,1,30,,32948,9,0,5 15,1,70,,32969,9,0,5 15,1,30,,32985,9,0,5 15,1,70,,32960,9,0,5 15,1,30,,32976,9,0,5 15,1,70,,32954,9,0,5 15,1,30,,32952,9,0,5 15,1,70,,32986,9,0,5 15,1,30,,32966,9,0,5 15,1,70,,32967,9,0,5 15,1,30,,32945,9,0,5 15,1,70,,32955,9,0,5 15,1,30,,32957,9,0,5 15,1,70,,32987,9,0,5 15,1,30,,32991,9,0,5 15,1,70,,32956,9,0,5 15,1,30,,32990,9,0,5 15,1,70,,32980,9,0,5 15,1,30,,32971,9,0,5 15,1,70,,32972,9,0,5 15,1,30,,32994,9,0,5 15,1,70,,32993,9,0,5 15,1,30,,32977,9,0,5 15,1
30101,'13',621,,32997,9,0,5 15,1,30,,32998,9,0,5 15,1,70,,33016,9,0,5 15,1,30,,28476,9,0,5 15,1,70,,33008,9,0,5 15,1,30,,33022,9,0,5 15,1,70,,33003,9,0,5 15,1,30,,33001,9,0,5 15,1,70,,33030,9,0,5 15,1,30,,33014,9,0,5 15,1,70,,33015,9,0,5 15,1,30,,32995,9,0,5 15,1,70,,33004,9,0,5 15,1,30,,33006,9,0,5 15,1,70,,31703,9,0,5 15,1,30,,33033,9,0,5 15,1,70,,33005,9,0,5 15,1,30,,28477,9,0,5 15,1,70,,33026,9,0,5 15,1,30,,33017,9,0,5 15,1,70,,33018,9,0,5 15,1,30,,33036,9,0,5 15,1,70,,33035,9,0,5 15,1,30,,33023,9,0,5 15,1
30101,'3',621,,33039,9,0,5 15,1,30,,33040,9,0,5 15,1,70,,33058,9,0,5 15,1,30,,28491,9,0,5 15,1,70,,33050,9,0,5 15,1,30,,33064,9,0,5 15,1,70,,33045,9,0,5 15,1,30,,33043,9,0,5 15,1,70,,33072,9,0,5 15,1,30,,33056,9,0,5 15,1,70,,33057,9,0,5 15,1,30,,33037,9,0,5 15,1,70,,33046,9,0,5 15,1,30,,33048,9,0,5 15,1,70,,31758,9,0,5 15,1,30,,33075,9,0,5 15,1,70,,33047,9,0,5 15,1,30,,28492,9,0,5 15,1,70,,33068,9,0,5 15,1,30,,33059,9,0,5 15,1,70,,33060,9,0,5 15,1,30,,33078,9,0,5 15,1,70,,33077,9,0,5 15,1,30,,33065,9,0,5 15,1
30101,'6',621,,33081,9,0,5 15,1,30,,33082,9,0,5 15,1,70,,33103,9,0,5 15,1,30,,33119,9,0,5 15,1,70,,33094,9,0,5 15,1,30,,33110,9,0,5 15,1,70,,33088,9,0,5 15,1,30,,33086,9,0,5 15,1,70,,33120,9,0,5 15,1,30,,33100,9,0,5 15,1,70,,33101,9,0,5 15,1,30,,33079,9,0,5 15,1,70,,33089,9,0,5 15,1,30,,33091,9,0,5 15,1,70,,33121,9,0,5 15,1,30,,33125,9,0,5 15,1,70,,33090,9,0,5 15,1,30,,33124,9,0,5 15,1,70,,33114,9,0,5 15,1,30,,33105,9,0,5 15,1,70,,33106,9,0,5 15,1,30,,33128,9,0,5 15,1,70,,33127,9,0,5 15,1,30,,33111,9,0,5 15,1
40101,'1',635,,38036,9,0,16,1,70,,38052,9,0,16,1,30,,38025,9,0,16,1,70,,38054,9,0,16,1,30,,38057,9,0,16,1,70,,38048,9,0,16,1,30,,32002,9,0,16,1,70,,38046,9,0,16,1,30,,38060,9,0,16,1,70,,38020,9,0,16,1,30,,38034,9,0,16,1,70,,38031,9,0,16,1,30,,30519,9,0,16,1,70,,38038,9,0,16,1,30,,38026,9,0,16,1,70,,38043,9,0,16,1,30,,38045,9,0,16,1,70,,38063,9,0,16,1,30,,38040,9,0,16,1,70,,38033,9,0,16,1,30,,38032,9,0,16,1,70,,38027,9,0,16,1,30,,38056,9,0,16,1,70,,38059,9,0,16,1,30,,38037,9,0,16,1,100,,38012,9,0,16,1,100,,38028,9,0,16,1,100,,38049,9,0,16,1,100,,38013,9,0,16,1,100,,38011,9,0,5,1
40101,'11',635,,38093,9,0,16,1,70,,38112,9,0,16,1,30,,38082,9,0,16,1,70,,38114,9,0,16,1,30,,38117,9,0,16,1,70,,38107,9,0,16,1,30,,38102,9,0,16,1,70,,38105,9,0,16,1,30,,38120,9,0,16,1,70,,38077,9,0,16,1,30,,38091,9,0,16,1,70,,38088,9,0,16,1,30,,38099,9,0,16,1,70,,38094,9,0,16,1,30,,38083,9,0,16,1,70,,38101,9,0,16,1,30,,38104,9,0,16,1,70,,38124,9,0,16,1,30,,38097,9,0,16,1,70,,38090,9,0,16,1,30,,38089,9,0,16,1,70,,38084,9,0,16,1,30,,38116,9,0,16,1,70,,38119,9,0,16,1,30,,38095,9,0,16,1,100,,38069,9,0,16,1,100,,38085,9,0,16,1,100,,38108,9,0,16,1,100,,38070,9,0,16,1,100,,38068,9,0,5,1
40101,'12',1835,,38134,9,0,16,1,100,,38133,9,0,16,1,100,,38132,9,0,16,1,100,,38128,9,0,16,1,100,,38137,9,0,16,1,100,,38130,9,0,5,1
40101,'13',1835,,38145,9,0,16,1,100,,38144,9,0,16,1,100,,38143,9,0,16,1,100,,38139,9,0,16,1,100,,38148,9,0,16,1,100,,38141,9,0,5,1
40101,'14',1035,,38157,9,0,16,1,100,,38159,9,0,16,1,100,,38158,9,0,16,1,100,,38153,9,0,16,1,100,,38156,9,0,16,1,100,,38151,9,0,16,1,100,,38162,9,0,16,1,100,,38149,9,0,5,1
40101,'16',635,,38191,9,0,16,1,70,,38207,9,0,16,1,30,,38180,9,0,16,1,70,,38209,9,0,16,1,30,,38212,9,0,16,1,70,,38203,9,0,16,1,30,,32040,9,0,16,1,70,,38201,9,0,16,1,30,,38215,9,0,16,1,70,,38175,9,0,16,1,30,,38189,9,0,16,1,70,,38186,9,0,16,1,30,,30556,9,0,16,1,70,,38193,9,0,16,1,30,,38181,9,0,16,1,70,,38198,9,0,16,1,30,,38200,9,0,16,1,70,,38218,9,0,16,1,30,,38195,9,0,16,1,70,,38188,9,0,16,1,30,,38187,9,0,16,1,70,,38182,9,0,16,1,30,,38211,9,0,16,1,70,,38214,9,0,16,1,30,,38192,9,0,16,1,100,,38167,9,0,16,1,100,,38183,9,0,16,1,100,,38204,9,0,16,1,100,,38168,9,0,16,1,100,,38166,9,0,5,1
40101,'3',1835,,38228,9,0,16,1,100,,38227,9,0,16,1,100,,38226,9,0,16,1,100,,38222,9,0,16,1,100,,38231,9,0,16,1,100,,38224,9,0,5,1
40101,'6',1835,,38239,9,0,16,1,100,,38238,9,0,16,1,100,,38237,9,0,16,1,100,,38233,9,0,16,1,100,,38242,9,0,16,1,100,,38235,9,0,5,1
40101,'8',835,,38272,9,0,16,1,100,,38276,9,0,16,1,100,,38252,9,0,16,1,70,,38262,9,0,16,1,30,,38268,9,0,16,1,70,,38258,9,0,16,1,30,,38281,9,0,16,1,70,,38247,9,0,16,1,30,,38243,9,0,16,1,70,,38260,9,0,16,1,30,,38253,9,0,16,1,70,,38274,9,0,16,1,30,,38254,9,0,16,1,70,,38267,9,0,16,1,30,,38251,9,0,16,1,70,,38244,9,0,16,1,30,,38269,9,0,16,1,70,,38248,9,0,16,1,30,,38273,9,0,16,1,100,,38279,9,0,16,1
