30400,'11',701,,27693,4,0,39 40 41,1,30,,27680,4,0,39 40 41,1,70,,27676,4,0,39 40 41,1,30,,27692,4,0,39 40 41,1,70,,27675,4,0,39 40 41,1,30,,27687,4,0,39 40 41,1,71,,27691,4,0,39 40 41,1,30,,27677,4,0,39 40 41,1,70,,27694,4,0,39 40 41,1,30,,27688,4,0,39 40 41,1,70,,27682,4,0,39 40 41,1,30,,24488,4,0,39 40 41,1,70,,27681,4,0,39 40 41,1,30,,27690,4,0,39 40 41,1,70,,27684,4,0,39 40 41,1,30,,27689,4,0,39 40 41,1,70,,21826,4,0,39 40 41,1,30,,27678,4,0,39 40 41,1,70,,27685,4,0,39 40 41,1,30,,27686,4,0,39 40 41,1,70,,27695,4,0,39 40 41,1,30,,27683,4,0,39 40 41,1,70,,27679,4,0,39 40 41,1
30400,'3',701,,27714,4,0,39 40 41,1,30,,27701,4,0,39 40 41,1,70,,27697,4,0,39 40 41,1,30,,27713,4,0,39 40 41,1,70,,27696,4,0,39 40 41,1,30,,27708,4,0,39 40 41,1,71,,27712,4,0,39 40 41,1,30,,27698,4,0,39 40 41,1,70,,27715,4,0,39 40 41,1,30,,27709,4,0,39 40 41,1,70,,27703,4,0,39 40 41,1,30,,24597,4,0,39 40 41,1,70,,27702,4,0,39 40 41,1,30,,27711,4,0,39 40 41,1,70,,27705,4,0,39 40 41,1,30,,27710,4,0,39 40 41,1,70,,21849,4,0,39 40 41,1,30,,27699,4,0,39 40 41,1,70,,27706,4,0,39 40 41,1,30,,27707,4,0,39 40 41,1,70,,27716,4,0,39 40 41,1,30,,27704,4,0,39 40 41,1,70,,27700,4,0,39 40 41,1
31100,'11',616,,28272,4,0,43 44,1,30,,28285,4,0,43 44,1,70,,28281,4,0,43 44,1,30,,28287,4,0,43 44,1,70,,28280,4,0,43 44,1,30,,28275,4,0,43 44,1,70,,28284,4,0,43 44,1,30,,28283,4,0,43 44,1,70,,28291,4,0,43 44,1,30,,28288,4,0,43 44,1,70,,28278,4,0,43 44,1,30,,28279,4,0,43 44,1,70,,28289,4,0,43 44,1,30,,28290,4,0,43 44,1,70,,28276,4,0,43 44,1,30,,28277,4,0,43 44,1,71,,28286,4,0,43 44,1,30,,28271,4,0,43 44,1,70,,28292,4,0,43 44,1,30,,28273,4,0,43 44,1,70,,21774,4,0,43 44,1,30,,24734,4,0,43 44,1,70,,28282,4,0,43 44,1,30,,28274,4,0,43 44,1
31100,'3',616,,28294,4,0,43 44,1,30,,28307,4,0,43 44,1,70,,28303,4,0,43 44,1,30,,28309,4,0,43 44,1,70,,28302,4,0,43 44,1,30,,28297,4,0,43 44,1,70,,28306,4,0,43 44,1,30,,28305,4,0,43 44,1,70,,28313,4,0,43 44,1,30,,28310,4,0,43 44,1,70,,28300,4,0,43 44,1,30,,28301,4,0,43 44,1,70,,28311,4,0,43 44,1,30,,28312,4,0,43 44,1,70,,28298,4,0,43 44,1,30,,28299,4,0,43 44,1,71,,28308,4,0,43 44,1,30,,28293,4,0,43 44,1,70,,28314,4,0,43 44,1,30,,28295,4,0,43 44,1,70,,21795,4,0,43 44,1,30,,24835,4,0,43 44,1,70,,28304,4,0,43 44,1,30,,28296,4,0,43 44,1
31800,'11',601,,28858,2,0,45 46 18,1,30,,20436,2,0,45 46 18,1,70,,28855,2,0,45 46 18,1,30,,28851,2,0,45 46 18,1,70,,28849,2,0,45 46 18,1,30,,28859,2,0,45 46 18,1,70,,28861,2,0,45 46 18,1,30,,28860,2,0,45 46 18,1,70,,28863,2,0,45 46 18,1,30,,28852,2,0,45 46 18,1,70,,28867,2,0,45 46 18,1,30,,28868,2,0,45 46 18,1,70,,28857,2,0,45 46 18,1,30,,21708,2,0,45 46 18,1,70,,28865,2,0,45 46 18,1,30,,28856,2,0,45 46 18,1,70,,27315,2,0,45 46 18,1,30,,27157,2,0,45 46 18,1,70,,28854,2,0,45 46 18,1,30,,28853,2,0,45 46 18,1,70,,25580,2,0,45 46 18,1,30,,28866,2,0,45 46 18,1,70,,28850,2,0,45 46 18,1,30,,28864,2,0,45 46 18,1,70,,28862,2,0,45 46 18,1
31800,'3',601,,28878,2,0,45 46 18,1,30,,20452,2,0,45 46 18,1,70,,28875,2,0,45 46 18,1,30,,28871,2,0,45 46 18,1,70,,28869,2,0,45 46 18,1,30,,28879,2,0,45 46 18,1,70,,28881,2,0,45 46 18,1,30,,28880,2,0,45 46 18,1,70,,28883,2,0,45 46 18,1,30,,28872,2,0,45 46 18,1,70,,28887,2,0,45 46 18,1,30,,28888,2,0,45 46 18,1,70,,28877,2,0,45 46 18,1,30,,21727,2,0,45 46 18,1,70,,28885,2,0,45 46 18,1,30,,28876,2,0,45 46 18,1,70,,27329,2,0,45 46 18,1,30,,27180,2,0,45 46 18,1,70,,28874,2,0,45 46 18,1,30,,28873,2,0,45 46 18,1,70,,25629,2,0,45 46 18,1,30,,28886,2,0,45 46 18,1,70,,28870,2,0,45 46 18,1,30,,28884,2,0,45 46 18,1,70,,28882,2,0,45 46 18,1
40400,'1',616,,30444,4,0,39 40 42 18,1,30,,30430,4,0,39 40 42 18,1,70,,30443,4,0,39 40 42 18,1,30,,30425,4,0,39 40 42 18,1,70,,30429,4,0,39 40 42 18,1,30,,30440,4,0,39 40 42 18,1,70,,30431,4,0,39 40 42 18,1,30,,30427,4,0,39 40 42 18,1,70,,30426,4,0,39 40 42 18,1,30,,30437,4,0,39 40 42 18,1,70,,30439,4,0,39 40 42 18,1,30,,30428,4,0,39 40 42 18,1,70,,30423,4,0,39 40 42 18,1,30,,30418,4,0,39 40 42 18,1,70,,30432,4,0,39 40 42 18,1,30,,30422,4,0,39 40 42 18,1,70,,30424,4,0,39 40 42 18,1,30,,30445,4,0,39 40 42 18,1,70,,30441,4,0,39 40 42 18,1,30,,30416,4,0,39 40 42 18,1,70,,30436,4,0,39 40 42 18,1,30,,30438,4,0,39 40 42 18,1,70,,30421,4,0,39 40 42 18,1,30,,30442,4,0,39 40 42 18,1,70,,30417,4,0,39 40 42 18,1,100,,30420,4,0,39 40 42 18,1,100,,30434,4,0,39 40 42 18,1,100,,30419,4,0,39 40 42 18,1,100,,30433,4,0,39 40 42 18,1,100,,30435,4,0,39 40 42 18,1
40400,'11',1816,,30447,4,0,39 40 42 18,1,100,,30446,4,0,39 40 42 18,1,100,,30449,4,0,39 40 42 18,1,100,,9166,4,0,39 40 42 18,1,100,,30448,4,0,39 40 42 18,1,100,,23103,4,0,39 40 42 18,1
40400,'12',1116,,30456,4,0,39 40 42 18,1,100,,30452,4,0,39 40 42 18,1,100,,30453,4,0,39 40 42 18,1,100,,30454,4,0,39 40 42 18,1,100,,30455,4,0,39 40 42 18,1,100,,30450,4,0,39 40 42 18,1,100,,30451,4,0,39 40 42 18,1
40400,'14',616,,30482,4,0,39 40 42 18,1,30,,26545,4,0,39 40 42 18,1,70,,30481,4,0,39 40 42 18,1,30,,30465,4,0,39 40 42 18,1,70,,30469,4,0,39 40 42 18,1,30,,30478,4,0,39 40 42 18,1,70,,30470,4,0,39 40 42 18,1,30,,30467,4,0,39 40 42 18,1,70,,30466,4,0,39 40 42 18,1,30,,30475,4,0,39 40 42 18,1,70,,30477,4,0,39 40 42 18,1,30,,30468,4,0,39 40 42 18,1,70,,30463,4,0,39 40 42 18,1,30,,30458,4,0,39 40 42 18,1,70,,30471,4,0,39 40 42 18,1,30,,30462,4,0,39 40 42 18,1,70,,30464,4,0,39 40 42 18,1,30,,30483,4,0,39 40 42 18,1,70,,30479,4,0,39 40 42 18,1,30,,30457,4,0,39 40 42 18,1,70,,30474,4,0,39 40 42 18,1,30,,30476,4,0,39 40 42 18,1,70,,30461,4,0,39 40 42 18,1,30,,30480,4,0,39 40 42 18,1,70,,25907,4,0,39 40 42 18,1,100,,30460,4,0,39 40 42 18,1,100,,30473,4,0,39 40 42 18,1,100,,30459,4,0,39 40 42 18,1,100,,30472,4,0,39 40 42 18,1,100,,25776,4,0,39 40 42 18,1
40400,'3',1816,,30485,4,0,39 40 42 18,1,100,,30484,4,0,39 40 42 18,1,100,,30487,4,0,39 40 42 18,1,100,,9260,4,0,39 40 42 18,1,100,,30486,4,0,39 40 42 18,1,100,,23116,4,0,39 40 42 18,1
40400,'8',916,,30496,4,0,39 40 42 18,1,100,,30501,4,0,39 40 42 18,1,30,,30494,4,0,39 40 42 18,1,70,,30489,4,0,39 40 42 18,1,30,,30505,4,0,39 40 42 18,1,70,,30500,4,0,39 40 42 18,1,30,,30497,4,0,39 40 42 18,1,70,,30490,4,0,39 40 42 18,1,30,,30492,4,0,39 40 42 18,1,70,,30498,4,0,39 40 42 18,1,30,,30502,4,0,39 40 42 18,1,70,,30503,4,0,39 40 42 18,1,30,,30488,4,0,39 40 42 18,1,70,,30499,4,0,39 40 42 18,1,30,,30504,4,0,39 40 42 18,1,70,,30495,4,0,39 40 42 18,1,30,,30491,4,0,39 40 42 18,1,70,,25168,4,0,39 40 42 18,1,100,,30493,4,0,39 40 42 18,1
41800,'1',616,,32076,4,0,45 46 18,1,30,,32081,4,0,45 46 18,1,70,,32089,4,0,45 46 18,1,30,,23803,4,0,45 46 18,1,70,,32086,4,0,45 46 18,1,30,,32100,4,0,45 46 18,1,70,,25654,4,0,45 46 18,1,30,,32099,4,0,45 46 18,1,70,,32092,4,0,45 46 18,1,30,,32091,4,0,45 46 18,1,70,,27188,4,0,45 46 18,1,30,,32082,4,0,45 46 18,1,70,,32083,4,0,45 46 18,1,30,,32094,4,0,45 46 18,1,70,,32084,4,0,45 46 18,1,30,,32087,4,0,45 46 18,1,70,,32095,4,0,45 46 18,1,30,,32077,4,0,45 46 18,1,70,,32085,4,0,45 46 18,1,30,,32088,4,0,45 46 18,1,70,,32079,4,0,45 46 18,1,30,,32098,4,0,45 46 18,1,70,,32080,4,0,45 46 18,1,30,,32090,4,0,45 46 18,1,100,,32097,4,0,45 46 18,1,100,,32093,4,0,45 46 18,1,100,,32078,4,0,45 46 18,1,100,,32101,4,0,45 46 18,1,100,,24439,4,0,45 46 18,1,100,,32096,4,0,45 46 18,1
41800,'11',1846,,32102,4,0,45 46 18,1,100,,32106,4,0,45 46 18,1,100,,32105,4,0,45 46 18,1,100,,32103,4,0,45 46 18,1,100,,32107,4,0,45 46 18,1,100,,32104,4,0,45 46 18,1
41800,'12',1046,,25355,4,0,45 46 18,1,100,,32110,4,0,45 46 18,1,100,,32109,4,0,45 46 18,1,100,,32111,4,0,45 46 18,1,100,,32114,4,0,45 46 18,1,100,,32108,4,0,45 46 18,1,100,,32113,4,0,45 46 18,1,100,,32112,4,0,45 46 18,1
41800,'14',616,,32115,4,0,45 46 18,1,30,,32121,4,0,45 46 18,1,70,,32130,4,0,45 46 18,1,30,,32135,4,0,45 46 18,1,70,,32127,4,0,45 46 18,1,30,,32141,4,0,45 46 18,1,70,,32136,4,0,45 46 18,1,30,,32140,4,0,45 46 18,1,70,,32133,4,0,45 46 18,1,30,,32132,4,0,45 46 18,1,70,,32124,4,0,45 46 18,1,30,,32122,4,0,45 46 18,1,70,,32123,4,0,45 46 18,1,30,,32134,4,0,45 46 18,1,70,,32125,4,0,45 46 18,1,30,,32128,4,0,45 46 18,1,70,,26713,4,0,45 46 18,1,30,,32116,4,0,45 46 18,1,70,,32126,4,0,45 46 18,1,30,,32129,4,0,45 46 18,1,70,,32118,4,0,45 46 18,1,30,,32139,4,0,45 46 18,1,70,,32119,4,0,45 46 18,1,30,,32131,4,0,45 46 18,1,100,,32138,4,0,45 46 18,1,100,,25392,4,0,45 46 18,1,100,,32117,4,0,45 46 18,1,100,,32142,4,0,45 46 18,1,100,,32120,4,0,45 46 18,1,100,,32137,4,0,45 46 18,1
41800,'3',1846,,32143,4,0,45 46 18,1,100,,32147,4,0,45 46 18,1,100,,32146,4,0,45 46 18,1,100,,32144,4,0,45 46 18,1,100,,32148,4,0,45 46 18,1,100,,32145,4,0,45 46 18,1
41800,'8',946,,32155,4,0,45 46 18,1,70,,32152,4,0,45 46 18,1,30,,32156,4,0,45 46 18,1,70,,32162,4,0,45 46 18,1,30,,32149,4,0,45 46 18,1,100,,32154,4,0,45 46 18,1,70,,32150,4,0,45 46 18,1,30,,32164,4,0,45 46 18,1,100,,32151,4,0,45 46 18,1,70,,32159,4,0,45 46 18,1,30,,32160,4,0,45 46 18,1,70,,32158,4,0,45 46 18,1,30,,32157,4,0,45 46 18,1,70,,32161,4,0,45 46 18,1,30,,32163,4,0,45 46 18,1,100,,32153,4,0,45 46 18,1,100,,32165,4,0,45 46 18,1
