30801,'11',646,,28068,29,0,64 38,1,70,,28067,29,0,64 38,1,30,,28064,29,0,64 38,1,70,,28059,29,0,64 38,1,30,,28060,29,0,64 38,1,70,,28069,29,0,64 38,1,30,,28073,29,0,64 38,1,70,,28076,29,0,64 38,1,30,,28063,29,0,64 38,1,70,,28065,29,0,64 38,1,30,,28077,29,0,64 38,1,70,,28074,29,0,64 38,1,30,,28062,29,0,64 38,1,70,,4764,29,0,64 38,1,30,,23742,29,0,64 38,1,70,,28061,29,0,64 38,1,40,,28075,29,0,64 38,1,70,,23354,29,0,64 38,1,30,,28066,29,0,64 38,1,70,,19547,29,0,64 38,1,30,,28072,29,0,64 38,1,70,,28071,29,0,64 38,1,30,,28070,29,0,64 38,1
30801,'3',646,,28087,29,0,64 38,1,70,,28086,29,0,64 38,1,30,,28083,29,0,64 38,1,70,,28078,29,0,64 38,1,30,,28079,29,0,64 38,1,70,,28088,29,0,64 38,1,30,,28092,29,0,64 38,1,70,,28095,29,0,64 38,1,30,,28082,29,0,64 38,1,70,,28084,29,0,64 38,1,30,,28096,29,0,64 38,1,70,,28093,29,0,64 38,1,30,,28081,29,0,64 38,1,70,,4788,29,0,64 38,1,30,,23765,29,0,64 38,1,70,,28080,29,0,64 38,1,40,,28094,29,0,64 38,1,70,,23392,29,0,64 38,1,30,,28085,29,0,64 38,1,70,,19586,29,0,64 38,1,30,,28091,29,0,64 38,1,70,,28090,29,0,64 38,1,30,,28089,29,0,64 38,1
33700,'1',715,,29420,23,,,1,30,,29421,23,,,1,70,,29422,23,,,1,30,,29433,23,,,1,70,,29426,23,,,1,30,,29405,23,,,1,70,,24694,23,,,1,30,,29414,23,,,1,70,,29432,23,,,1,30,,27193,23,,,1,70,,29400,23,,,1,30,,29431,23,,,1,70,,29410,23,,,1,30,,29440,23,,,1,70,,29428,23,,,1,30,,29408,23,,,1,70,,29402,23,,,1,30,,29399,23,,,1,70,,29413,23,,,1,30,,29429,23,,,1,70,,29430,23,,,1,30,,29439,23,,,1,70,,29411,23,,,1,30,,29441,23,,,1,70,,29435,23,,,1
33700,'11',645,,29459,23,,,1,70,,29485,23,,,1,30,,29471,23,,,1,70,,29456,23,,,1,30,,29444,23,,,1,70,,29466,23,,,1,30,,29476,23,,,1,70,,24144,23,,,1,30,,29470,23,,,1,70,,29457,23,,,1,30,,29455,23,,,1,70,,29447,23,,,1,30,,29443,23,,,1,70,,29452,23,,,1,30,,29469,23,,,1,70,,29446,23,,,1,30,,29477,23,,,1,70,,29453,23,,,1,30,,29475,23,,,1,70,,29451,23,,,1,30,,29479,23,,,1,70,,29478,23,,,1,30,,29473,23,,,1,70,,29468,23,,,1,30,,22778,23,,,1
33700,'12',1115,,29513,23,,,1,30,,29492,23,,,1,70,,29498,23,,,1,30,,29499,23,,,1,70,,29511,23,,,1,30,,29515,23,,,1,70,,25357,23,,,1,30,,29495,23,,,1,70,,29496,23,,,1,30,,29509,23,,,1,70,,29500,23,,,1,30,,29512,23,,,1,70,,29505,23,,,1,30,,29494,23,,,1,70,,29514,23,,,1
33700,'14',715,,29539,23,,,1,30,,29540,23,,,1,70,,29541,23,,,1,30,,29553,23,,,1,70,,29545,23,,,1,30,,29522,23,,,1,70,,29544,23,,,1,30,,29531,23,,,1,70,,29552,23,,,1,30,,29554,23,,,1,70,,29517,23,,,1,30,,29551,23,,,1,70,,29528,23,,,1,30,,29561,23,,,1,70,,29547,23,,,1,30,,29525,23,,,1,70,,29519,23,,,1,30,,29516,23,,,1,70,,20961,23,,,1,30,,29548,23,,,1,70,,29550,23,,,1,30,,29560,23,,,1,70,,29529,23,,,1,30,,29562,23,,,1,70,,29556,23,,,1
33700,'3',645,,29580,23,,,1,70,,29606,23,,,1,30,,29592,23,,,1,70,,29577,23,,,1,30,,29565,23,,,1,70,,29587,23,,,1,30,,29597,23,,,1,70,,24154,23,,,1,30,,29591,23,,,1,70,,29578,23,,,1,30,,29576,23,,,1,70,,29568,23,,,1,30,,29564,23,,,1,70,,29573,23,,,1,30,,29590,23,,,1,70,,29567,23,,,1,30,,29598,23,,,1,70,,29574,23,,,1,30,,29596,23,,,1,70,,29572,23,,,1,30,,29600,23,,,1,70,,29599,23,,,1,30,,29594,23,,,1,70,,29589,23,,,1,30,,22799,23,,,1
33700,'8',1145,,29612,23,,,1,70,,29609,23,,,1,30,,29616,23,,,1,70,,29632,23,,,1,30,,29614,23,,,1,70,,29608,23,,,1,30,,29610,23,,,1,70,,29633,23,,,1,30,,29631,23,,,1,70,,29619,23,,,1,30,,29621,23,,,1,70,,29627,23,,,1,30,,29628,23,,,1,70,,25161,23,,,1,30,,29615,23,,,1
40801,'1',700,,30863,29,0,64 38,1,31,,30861,29,0,64 38,1,70,,30873,29,0,64 38,1,30,,30854,29,0,64 38,1,70,,30853,29,0,64 38,1,30,,30855,29,0,64 38,1,70,,22382,29,0,64 38,1,30,,30859,29,0,64 38,1,70,,30864,29,0,64 38,1,30,,30851,29,0,64 38,1,70,,22390,29,0,64 38,1,30,,30865,29,0,64 38,1,70,,23596,29,0,64 38,1,30,,24133,29,0,64 38,1,70,,30871,29,0,64 38,1,30,,30869,29,0,64 38,1,70,,22327,29,0,64 38,1,30,,30872,29,0,64 38,1,70,,30870,29,0,64 38,1,30,,30862,29,0,64 38,1,70,,30852,29,0,64 38,1,30,,30860,29,0,64 38,1,70,,30858,29,0,64 38,1,30,,30867,29,0,64 38,1,99,,30866,29,0,64 38,1,100,,21675,29,0,64 38,1,100,,30857,29,0,64 38,1,100,,30868,29,0,64 38,1,100,,30856,29,0,64 38,1
40801,'11',1831,,30875,29,0,64 38,1,99,,30879,29,0,64 38,1,100,,30877,29,0,64 38,1,100,,30878,29,0,64 38,1,100,,30876,29,0,64 38,1,100,,30874,29,0,64 38,1
40801,'12',1131,,30881,29,0,64 38,1,100,,30883,29,0,64 38,1,100,,30884,29,0,64 38,1,100,,30885,29,0,64 38,1,100,,30886,29,0,64 38,1,100,,30880,29,0,64 38,1,100,,30882,29,0,64 38,1
40801,'14',700,,30903,29,0,64 38,1,31,,30901,29,0,64 38,1,70,,30913,29,0,64 38,1,30,,30889,29,0,64 38,1,70,,30888,29,0,64 38,1,30,,30890,29,0,64 38,1,70,,30891,29,0,64 38,1,30,,25113,29,0,64 38,1,70,,30904,29,0,64 38,1,30,,18980,29,0,64 38,1,70,,30898,29,0,64 38,1,30,,30905,29,0,64 38,1,70,,30899,29,0,64 38,1,30,,30893,29,0,64 38,1,70,,30911,29,0,64 38,1,30,,30909,29,0,64 38,1,70,,30900,29,0,64 38,1,30,,30912,29,0,64 38,1,70,,30910,29,0,64 38,1,30,,30902,29,0,64 38,1,70,,30887,29,0,64 38,1,30,,30896,29,0,64 38,1,70,,30895,29,0,64 38,1,30,,30907,29,0,64 38,1,99,,30906,29,0,64 38,1,100,,30897,29,0,64 38,1,100,,30894,29,0,64 38,1,100,,30908,29,0,64 38,1,100,,30892,29,0,64 38,1
40801,'3',1831,,30915,29,0,64 38,1,99,,30919,29,0,64 38,1,100,,30917,29,0,64 38,1,100,,30918,29,0,64 38,1,100,,30916,29,0,64 38,1,100,,30914,29,0,64 38,1
40801,'8',931,,30922,29,0,64 38,1,100,,30920,29,0,64 38,1,70,,30929,29,0,64 38,1,30,,30937,29,0,64 38,1,70,,30928,29,0,64 38,1,30,,30923,29,0,64 38,1,70,,30930,29,0,64 38,1,30,,30934,29,0,64 38,1,70,,30932,29,0,64 38,1,30,,30926,29,0,64 38,1,70,,30936,29,0,64 38,1,30,,30924,29,0,64 38,1,70,,30925,29,0,64 38,1,30,,30927,29,0,64 38,1,70,,30921,29,0,64 38,1,30,,30931,29,0,64 38,1,70,,30935,29,0,64 38,1,30,,30938,29,0,64 38,1,99,,30933,29,0,64 38,1
43700,'1',1932,,32644,15,,,1,100,,32648,15,,,1,100,,32651,15,,,1,100,,32645,15,,,1,100,,32650,15,,,1
43700,'11',1932,,32659,15,,,1,100,,32656,15,,,1,100,,32658,15,,,1,100,,32652,15,,,1,100,,32657,15,,,1
43700,'14',1932,,32663,15,,,1,100,,32667,15,,,1,100,,32670,15,,,1,100,,32664,15,,,1,100,,32669,15,,,1
43700,'3',1932,,32678,15,,,1,100,,32675,15,,,1,100,,32677,15,,,1,100,,32671,15,,,1,100,,32676,15,,,1
