30501,'11',635,,27809,39,0,27,1,70,,22218,39,0,27,1,30,,27818,39,0,27,1,70,,27799,39,0,27,1,30,,27805,39,0,27,1,70,,27806,39,0,27,1,30,,27801,39,0,27,1,70,,27813,39,0,27,1,30,,27804,39,0,27,1,70,,27816,39,0,27,1,30,,27807,39,0,27,1,70,,27815,39,0,27,1,30,,27800,39,0,27,1,70,,27802,39,0,27,1,30,,27125,39,0,27,1,70,,27812,39,0,27,1,30,,27817,39,0,27,1,70,,27814,39,0,27,1,30,,27803,39,0,27,1,70,,27819,39,0,27,1,30,,27810,39,0,27,1,70,,27821,39,0,27,1,30,,27808,39,0,27,1,70,,27811,39,0,27,1
30501,'3',635,,27832,39,0,27,1,70,,22237,39,0,27,1,30,,27841,39,0,27,1,70,,27822,39,0,27,1,30,,27828,39,0,27,1,70,,27829,39,0,27,1,30,,27824,39,0,27,1,70,,27836,39,0,27,1,30,,27827,39,0,27,1,70,,27839,39,0,27,1,30,,27830,39,0,27,1,70,,27838,39,0,27,1,30,,27823,39,0,27,1,70,,27825,39,0,27,1,30,,27130,39,0,27,1,70,,27835,39,0,27,1,30,,27840,39,0,27,1,70,,27837,39,0,27,1,30,,27826,39,0,27,1,70,,27842,39,0,27,1,30,,27833,39,0,27,1,70,,27844,39,0,27,1,30,,27831,39,0,27,1,70,,27834,39,0,27,1
30801,'11',650,,28068,36,0,64 38,1,70,,28067,36,0,64 38,1,30,,28064,36,0,64 38,1,70,,28059,36,0,64 38,1,30,,28060,36,0,64 38,1,70,,28069,36,0,64 38,1,30,,28073,36,0,64 38,1,70,,28076,36,0,64 38,1,30,,28063,36,0,64 38,1,70,,28065,36,0,64 38,1,30,,28077,36,0,64 38,1,70,,28074,36,0,64 38,1,30,,28062,36,0,64 38,1,70,,4764,36,0,64 38,1,30,,23742,36,0,64 38,1,70,,28061,36,0,64 38,1,80,,28075,36,0,64 38,1,30,,23354,36,0,64 38,1,70,,28066,36,0,64 38,1,30,,19547,36,0,64 38,1,70,,28072,36,0,64 38,1,30,,28071,36,0,64 38,1,70,,28070,36,0,64 38,1
30801,'3',650,,28087,36,0,64 38,1,70,,28086,36,0,64 38,1,30,,28083,36,0,64 38,1,70,,28078,36,0,64 38,1,30,,28079,36,0,64 38,1,70,,28088,36,0,64 38,1,30,,28092,36,0,64 38,1,70,,28095,36,0,64 38,1,30,,28082,36,0,64 38,1,70,,28084,36,0,64 38,1,30,,28096,36,0,64 38,1,70,,28093,36,0,64 38,1,30,,28081,36,0,64 38,1,70,,4788,36,0,64 38,1,30,,23765,36,0,64 38,1,70,,28080,36,0,64 38,1,80,,28094,36,0,64 38,1,30,,23392,36,0,64 38,1,70,,28085,36,0,64 38,1,30,,19586,36,0,64 38,1,70,,28091,36,0,64 38,1,30,,28090,36,0,64 38,1,70,,28089,36,0,64 38,1
33700,'1',719,,29420,30,,,1,30,,29421,30,,,1,70,,29422,30,,,1,30,,29433,30,,,1,70,,29426,30,,,1,30,,29405,30,,,1,70,,24694,30,,,1,30,,29414,30,,,1,70,,29432,30,,,1,30,,27193,30,,,1,70,,29400,30,,,1,30,,29431,30,,,1,70,,29410,30,,,1,30,,29440,30,,,1,70,,29428,30,,,1,30,,29408,30,,,1,70,,29402,30,,,1,30,,29399,30,,,1,70,,29413,30,,,1,30,,29429,30,,,1,70,,29430,30,,,1,30,,29439,30,,,1,70,,29411,30,,,1,30,,29441,30,,,1,70,,29435,30,,,1
33700,'11',649,,29459,30,,,1,70,,29485,30,,,1,30,,29471,30,,,1,70,,29456,30,,,1,30,,29444,30,,,1,70,,29466,30,,,1,30,,29476,30,,,1,70,,24144,30,,,1,30,,29470,30,,,1,70,,29457,30,,,1,30,,29455,30,,,1,70,,29447,30,,,1,30,,29443,30,,,1,70,,29452,30,,,1,30,,29469,30,,,1,70,,29446,30,,,1,30,,29477,30,,,1,70,,29453,30,,,1,30,,29475,30,,,1,70,,29451,30,,,1,30,,29479,30,,,1,70,,29478,30,,,1,30,,29473,30,,,1,70,,29468,30,,,1,30,,22778,30,,,1
33700,'12',1119,,29513,30,,,1,30,,29492,30,,,1,70,,29498,30,,,1,30,,29499,30,,,1,70,,29511,30,,,1,30,,29515,30,,,1,70,,25357,30,,,1,30,,29495,30,,,1,70,,29496,30,,,1,30,,29509,30,,,1,70,,29500,30,,,1,30,,29512,30,,,1,70,,29505,30,,,1,30,,29494,30,,,1,70,,29514,30,,,1
33700,'14',719,,29539,30,,,1,30,,29540,30,,,1,70,,29541,30,,,1,30,,29553,30,,,1,70,,29545,30,,,1,30,,29522,30,,,1,70,,29544,30,,,1,30,,29531,30,,,1,70,,29552,30,,,1,30,,29554,30,,,1,70,,29517,30,,,1,30,,29551,30,,,1,70,,29528,30,,,1,30,,29561,30,,,1,70,,29547,30,,,1,30,,29525,30,,,1,70,,29519,30,,,1,30,,29516,30,,,1,70,,20961,30,,,1,30,,29548,30,,,1,70,,29550,30,,,1,30,,29560,30,,,1,70,,29529,30,,,1,30,,29562,30,,,1,70,,29556,30,,,1
33700,'3',649,,29580,30,,,1,70,,29606,30,,,1,30,,29592,30,,,1,70,,29577,30,,,1,30,,29565,30,,,1,70,,29587,30,,,1,30,,29597,30,,,1,70,,24154,30,,,1,30,,29591,30,,,1,70,,29578,30,,,1,30,,29576,30,,,1,70,,29568,30,,,1,30,,29564,30,,,1,70,,29573,30,,,1,30,,29590,30,,,1,70,,29567,30,,,1,30,,29598,30,,,1,70,,29574,30,,,1,30,,29596,30,,,1,70,,29572,30,,,1,30,,29600,30,,,1,70,,29599,30,,,1,30,,29594,30,,,1,70,,29589,30,,,1,30,,22799,30,,,1
33700,'8',1149,,29612,30,,,1,70,,29609,30,,,1,30,,29616,30,,,1,70,,29632,30,,,1,30,,29614,30,,,1,70,,29608,30,,,1,30,,29610,30,,,1,70,,29633,30,,,1,30,,29631,30,,,1,70,,29619,30,,,1,30,,29621,30,,,1,70,,29627,30,,,1,30,,29628,30,,,1,70,,25161,30,,,1,30,,29615,30,,,1
40801,'1',703,,30863,36,0,64 38,1,32,,30861,36,0,64 38,1,70,,30873,36,0,64 38,1,30,,30854,36,0,64 38,1,70,,30853,36,0,64 38,1,30,,30855,36,0,64 38,1,70,,22382,36,0,64 38,1,30,,30859,36,0,64 38,1,70,,30864,36,0,64 38,1,30,,30851,36,0,64 38,1,70,,22390,36,0,64 38,1,30,,30865,36,0,64 38,1,70,,23596,36,0,64 38,1,30,,24133,36,0,64 38,1,70,,30871,36,0,64 38,1,30,,30869,36,0,64 38,1,70,,22327,36,0,64 38,1,30,,30872,36,0,64 38,1,70,,30870,36,0,64 38,1,30,,30862,36,0,64 38,1,70,,30852,36,0,64 38,1,30,,30860,36,0,64 38,1,70,,30858,36,0,64 38,1,30,,30867,36,0,64 38,1,98,,30866,36,0,64 38,1,100,,21675,36,0,64 38,1,100,,30857,36,0,64 38,1,100,,30868,36,0,64 38,1,100,,30856,36,0,64 38,1
40801,'11',1835,,30875,36,0,64 38,1,98,,30879,36,0,64 38,1,100,,30877,36,0,64 38,1,100,,30878,36,0,64 38,1,100,,30876,36,0,64 38,1,100,,30874,36,0,64 38,1
40801,'12',1135,,30881,36,0,64 38,1,100,,30883,36,0,64 38,1,100,,30884,36,0,64 38,1,100,,30885,36,0,64 38,1,100,,30886,36,0,64 38,1,100,,30880,36,0,64 38,1,100,,30882,36,0,64 38,1
40801,'14',703,,30903,36,0,64 38,1,32,,30901,36,0,64 38,1,70,,30913,36,0,64 38,1,30,,30889,36,0,64 38,1,70,,30888,36,0,64 38,1,30,,30890,36,0,64 38,1,70,,30891,36,0,64 38,1,30,,25113,36,0,64 38,1,70,,30904,36,0,64 38,1,30,,18980,36,0,64 38,1,70,,30898,36,0,64 38,1,30,,30905,36,0,64 38,1,70,,30899,36,0,64 38,1,30,,30893,36,0,64 38,1,70,,30911,36,0,64 38,1,30,,30909,36,0,64 38,1,70,,30900,36,0,64 38,1,30,,30912,36,0,64 38,1,70,,30910,36,0,64 38,1,30,,30902,36,0,64 38,1,70,,30887,36,0,64 38,1,30,,30896,36,0,64 38,1,70,,30895,36,0,64 38,1,30,,30907,36,0,64 38,1,98,,30906,36,0,64 38,1,100,,30897,36,0,64 38,1,100,,30894,36,0,64 38,1,100,,30908,36,0,64 38,1,100,,30892,36,0,64 38,1
40801,'3',1835,,30915,36,0,64 38,1,98,,30919,36,0,64 38,1,100,,30917,36,0,64 38,1,100,,30918,36,0,64 38,1,100,,30916,36,0,64 38,1,100,,30914,36,0,64 38,1
40801,'8',935,,30922,36,0,64 38,1,100,,30920,36,0,64 38,1,70,,30929,36,0,64 38,1,30,,30937,36,0,64 38,1,70,,30928,36,0,64 38,1,30,,30923,36,0,64 38,1,70,,30930,36,0,64 38,1,30,,30934,36,0,64 38,1,70,,30932,36,0,64 38,1,30,,30926,36,0,64 38,1,70,,30936,36,0,64 38,1,30,,30924,36,0,64 38,1,70,,30925,36,0,64 38,1,30,,30927,36,0,64 38,1,70,,30921,36,0,64 38,1,30,,30931,36,0,64 38,1,70,,30935,36,0,64 38,1,30,,30938,36,0,64 38,1,98,,30933,36,0,64 38,1
41201,'1',629,,31351,42,,,1,30,,31357,42,,,1,70,,31344,42,,,1,30,,31353,42,,,1,70,,31339,42,,,1,30,,31345,42,,,1,70,,31354,42,,,1,30,,31358,42,,,1,71,,23959,42,,,1,70,,31349,42,,,1,30,,31337,42,,,1,70,,31350,42,,,1,30,,31359,42,,,1,70,,31347,42,,,1,30,,22524,42,,,1,70,,31338,42,,,1,30,,22755,42,,,1,70,,31342,42,,,1,30,,31343,42,,,1,70,,31348,42,,,1,30,,31356,42,,,1,70,,31355,42,,,1,30,,31340,42,,,1,70,,31352,42,,,1,30,,31341,42,,,1,99,,21870,42,,,1,100,,31346,42,,,1,100,,21537,42,,,1,100,,31336,42,,,1,100,,23294,42,,,1
41201,'11',1830,,31365,42,,,1,99,,31361,42,,,1,100,,31360,42,,,1,100,,31362,42,,,1,100,,31364,42,,,1,100,,31363,42,,,1
41201,'12',1130,,31372,42,,,1,100,,31371,42,,,1,100,,25666,42,,,1,100,,31370,42,,,1,100,,31366,42,,,1,100,,31367,42,,,1,100,,31368,42,,,1
41201,'14',629,,31392,42,,,1,30,,31398,42,,,1,70,,31384,42,,,1,30,,31394,42,,,1,70,,31379,42,,,1,30,,31386,42,,,1,70,,31395,42,,,1,30,,31399,42,,,1,71,,31385,42,,,1,70,,25696,42,,,1,30,,31374,42,,,1,70,,31391,42,,,1,30,,31400,42,,,1,70,,31388,42,,,1,30,,31390,42,,,1,70,,31377,42,,,1,30,,31375,42,,,1,70,,31383,42,,,1,30,,25530,42,,,1,70,,31389,42,,,1,30,,31397,42,,,1,70,,31396,42,,,1,30,,31380,42,,,1,70,,31393,42,,,1,30,,31382,42,,,1,99,,31381,42,,,1,100,,31387,42,,,1,100,,31376,42,,,1,100,,31373,42,,,1,100,,31378,42,,,1
41201,'3',1830,,31406,42,,,1,99,,31402,42,,,1,100,,31401,42,,,1,100,,31403,42,,,1,100,,31405,42,,,1,100,,31404,42,,,1
41201,'8',929,,31410,42,,,1,101,,31419,42,,,1,70,,31409,42,,,1,30,,26219,42,,,1,70,,31422,42,,,1,30,,31415,42,,,1,70,,31421,42,,,1,30,,31407,42,,,1,70,,31423,42,,,1,30,,31425,42,,,1,70,,31413,42,,,1,30,,31414,42,,,1,70,,31418,42,,,1,30,,31420,42,,,1,70,,31411,42,,,1,30,,31417,42,,,1,70,,31416,42,,,1,30,,31412,42,,,1,99,,31424,42,,,1,100,,31408,42,,,1
43700,'1',1936,,32644,22,,,1,100,,32648,22,,,1,100,,32651,22,,,1,100,,32645,22,,,1,100,,32650,22,,,1
43700,'11',1936,,32659,22,,,1,100,,32656,22,,,1,100,,32658,22,,,1,100,,32652,22,,,1,100,,32657,22,,,1
43700,'14',1936,,32663,22,,,1,100,,32667,22,,,1,100,,32670,22,,,1,100,,32664,22,,,1,100,,32669,22,,,1
43700,'3',1936,,32678,22,,,1,100,,32675,22,,,1,100,,32677,22,,,1,100,,32671,22,,,1,100,,32676,22,,,1
