31700,'12',621,,35780,14,0,63,1,30,,35778,14,0,63,1,70,,35793,14,0,63,1,30,,35787,14,0,63,1,70,,35789,14,0,63,1,30,,35781,14,0,63,1,70,,35785,14,0,63,1,30,,35798,14,0,63,1,70,,35796,14,0,63,1,30,,35800,14,0,63,1,70,,35791,14,0,63,1,30,,35784,14,0,63,1,70,,35792,14,0,63,1,30,,35786,14,0,63,1,70,,35783,14,0,63,1,30,,35788,14,0,63,1,70,,35779,14,0,63,1,30,,35799,14,0,63,1,70,,35795,14,0,63,1,30,,35790,14,0,63,1,70,,35782,14,0,63,1,30,,35794,14,0,63,1,70,,35777,14,0,63,1,30,,35797,14,0,63,1
31700,'13',621,,35804,14,0,63,1,30,,35802,14,0,63,1,70,,35817,14,0,63,1,30,,35811,14,0,63,1,70,,35813,14,0,63,1,30,,35805,14,0,63,1,70,,35809,14,0,63,1,30,,35822,14,0,63,1,70,,35820,14,0,63,1,30,,35824,14,0,63,1,70,,35815,14,0,63,1,30,,35808,14,0,63,1,70,,35816,14,0,63,1,30,,35810,14,0,63,1,70,,35807,14,0,63,1,30,,35812,14,0,63,1,70,,35803,14,0,63,1,30,,35823,14,0,63,1,70,,35819,14,0,63,1,30,,35814,14,0,63,1,70,,35806,14,0,63,1,30,,35818,14,0,63,1,70,,35801,14,0,63,1,30,,35821,14,0,63,1
31700,'3',621,,35828,14,0,63,1,30,,35826,14,0,63,1,70,,35841,14,0,63,1,30,,35835,14,0,63,1,70,,35837,14,0,63,1,30,,35829,14,0,63,1,70,,35833,14,0,63,1,30,,35846,14,0,63,1,70,,35844,14,0,63,1,30,,35848,14,0,63,1,70,,35839,14,0,63,1,30,,35832,14,0,63,1,70,,35840,14,0,63,1,30,,35834,14,0,63,1,70,,35831,14,0,63,1,30,,35836,14,0,63,1,70,,35827,14,0,63,1,30,,35847,14,0,63,1,70,,35843,14,0,63,1,30,,35838,14,0,63,1,70,,35830,14,0,63,1,30,,35842,14,0,63,1,70,,35825,14,0,63,1,30,,35845,14,0,63,1
31700,'6',621,,35852,14,0,63,1,30,,35850,14,0,63,1,70,,35865,14,0,63,1,30,,35859,14,0,63,1,70,,35861,14,0,63,1,30,,35853,14,0,63,1,70,,35857,14,0,63,1,30,,35870,14,0,63,1,70,,35868,14,0,63,1,30,,35872,14,0,63,1,70,,35863,14,0,63,1,30,,35856,14,0,63,1,70,,35864,14,0,63,1,30,,35858,14,0,63,1,70,,35855,14,0,63,1,30,,35860,14,0,63,1,70,,35851,14,0,63,1,30,,35871,14,0,63,1,70,,35867,14,0,63,1,30,,35862,14,0,63,1,70,,35854,14,0,63,1,30,,35866,14,0,63,1,70,,35849,14,0,63,1,30,,35869,14,0,63,1
41700,'1',621,,40762,14,0,67,1,30,,40769,14,0,67,1,70,,40763,14,0,67,1,30,,40774,14,0,67,1,70,,40775,14,0,67,1,30,,40782,14,0,67,1,70,,40768,14,0,67,1,30,,40767,14,0,67,1,70,,40783,14,0,67,1,30,,40765,14,0,67,1,70,,40778,14,0,67,1,30,,40771,14,0,67,1,70,,30428,14,0,67,1,30,,40764,14,0,67,1,70,,40781,14,0,67,1,30,,29674,14,0,67,1,70,,40772,14,0,67,1,30,,40773,14,0,67,1,70,,40761,14,0,67,1,30,,30086,14,0,67,1,70,,40766,14,0,67,1,30,,30078,14,0,67,1,70,,40776,14,0,67,1,30,,40777,14,0,67,1,70,,40779,14,0,67,1,100,,40760,14,0,67,1,100,,40770,14,0,67,1,100,,40759,14,0,67,1,100,,40780,14,0,67,1,100,,30781,14,0,67,1
41700,'11',621,,40787,14,0,67,1,30,,40795,14,0,67,1,70,,40788,14,0,67,1,30,,40801,14,0,67,1,70,,40802,14,0,67,1,30,,40811,14,0,67,1,70,,40793,14,0,67,1,30,,40792,14,0,67,1,70,,40813,14,0,67,1,30,,40790,14,0,67,1,70,,40806,14,0,67,1,30,,40797,14,0,67,1,70,,40794,14,0,67,1,30,,40789,14,0,67,1,70,,40810,14,0,67,1,30,,40812,14,0,67,1,70,,40799,14,0,67,1,30,,40800,14,0,67,1,70,,40786,14,0,67,1,30,,40804,14,0,67,1,70,,40791,14,0,67,1,30,,40798,14,0,67,1,70,,40803,14,0,67,1,30,,40805,14,0,67,1,70,,40808,14,0,67,1,100,,40785,14,0,67,1,100,,40796,14,0,67,1,100,,40784,14,0,67,1,100,,40809,14,0,67,1,100,,40807,14,0,67,1
41700,'12',1821,,40818,14,0,67,1,100,,40814,14,0,67,1,100,,40817,14,0,67,1,100,,40819,14,0,67,1,100,,40816,14,0,67,1,100,,40815,14,0,67,1
41700,'13',1821,,40824,14,0,67,1,100,,40820,14,0,67,1,100,,40823,14,0,67,1,100,,40825,14,0,67,1,100,,40822,14,0,67,1,100,,40821,14,0,67,1
41700,'14',1121,,40830,14,0,67,1,100,,29507,14,0,67,1,100,,40831,14,0,67,1,100,,40829,14,0,67,1,100,,40826,14,0,67,1,100,,40828,14,0,67,1,100,,40827,14,0,67,1
41700,'16',621,,40835,14,0,67,1,30,,40842,14,0,67,1,70,,40836,14,0,67,1,30,,40847,14,0,67,1,70,,40848,14,0,67,1,30,,40855,14,0,67,1,70,,40841,14,0,67,1,30,,40840,14,0,67,1,70,,40856,14,0,67,1,30,,40838,14,0,67,1,70,,40851,14,0,67,1,30,,40844,14,0,67,1,70,,30468,14,0,67,1,30,,40837,14,0,67,1,70,,40854,14,0,67,1,30,,29793,14,0,67,1,70,,40845,14,0,67,1,30,,40846,14,0,67,1,70,,40834,14,0,67,1,30,,30166,14,0,67,1,70,,40839,14,0,67,1,30,,30159,14,0,67,1,70,,40849,14,0,67,1,30,,40850,14,0,67,1,70,,40852,14,0,67,1,100,,40833,14,0,67,1,100,,40843,14,0,67,1,100,,40832,14,0,67,1,100,,40853,14,0,67,1,100,,30822,14,0,67,1
41700,'3',1821,,40861,14,0,67,1,100,,40857,14,0,67,1,100,,40860,14,0,67,1,100,,40862,14,0,67,1,100,,40859,14,0,67,1,100,,40858,14,0,67,1
41700,'6',1821,,40867,14,0,67,1,100,,40863,14,0,67,1,100,,40866,14,0,67,1,100,,40868,14,0,67,1,100,,40865,14,0,67,1,100,,40864,14,0,67,1
41700,'8',921,,40880,14,0,67,1,100,,32423,14,0,67,1,30,,40870,14,0,67,1,70,,40869,14,0,67,1,30,,40882,14,0,67,1,70,,40876,14,0,67,1,30,,40872,14,0,67,1,70,,40875,14,0,67,1,30,,40878,14,0,67,1,70,,40881,14,0,67,1,30,,40871,14,0,67,1,70,,40874,14,0,67,1,30,,30924,14,0,67,1,70,,40883,14,0,67,1,30,,40884,14,0,67,1,70,,40873,14,0,67,1,30,,40877,14,0,67,1,70,,40879,14,0,67,1,100,,31236,14,0,67,1
