31500,'1',638,,2655,21,,,1,70,,2658,21,,,1,30,,2667,21,,,1,70,,2663,21,,,1,30,,2651,21,,,1,70,,2654,21,,,1,30,,2662,21,,,1,70,,2661,21,,,1,30,,2666,21,,,1,70,,2671,21,,,1,30,,2657,21,,,1,70,,2670,21,,,1,30,,2652,21,,,1,70,,2668,21,,,1,30,,2649,21,,,1,72,,2665,21,,,1,30,,2664,21,,,1,70,,2672,21,,,1,30,,2659,21,,,1,70,,2669,21,,,1,30,,2656,21,,,1,70,,2653,21,,,1,30,,2650,21,,,1,70,,2660,21,,,1
31500,'10',638,,2679,21,,,1,70,,2682,21,,,1,30,,2691,21,,,1,70,,2687,21,,,1,30,,2675,21,,,1,70,,2678,21,,,1,30,,2686,21,,,1,70,,2685,21,,,1,30,,2690,21,,,1,70,,2695,21,,,1,30,,2681,21,,,1,70,,2694,21,,,1,30,,2676,21,,,1,70,,2692,21,,,1,30,,2673,21,,,1,72,,2689,21,,,1,30,,2688,21,,,1,70,,2696,21,,,1,30,,2683,21,,,1,70,,2693,21,,,1,30,,2680,21,,,1,70,,2677,21,,,1,30,,2674,21,,,1,70,,2684,21,,,1
31500,'11',638,,2704,21,,,1,70,,2707,21,,,1,30,,2716,21,,,1,70,,2712,21,,,1,30,,2700,21,,,1,70,,2703,21,,,1,30,,2711,21,,,1,70,,2710,21,,,1,30,,2715,21,,,1,70,,2720,21,,,1,30,,2706,21,,,1,70,,2719,21,,,1,30,,2701,21,,,1,70,,2717,21,,,1,30,,2698,21,,,1,72,,2714,21,,,1,30,,2713,21,,,1,70,,2697,21,,,1,30,,2708,21,,,1,70,,2718,21,,,1,30,,2705,21,,,1,70,,2702,21,,,1,30,,2699,21,,,1,70,,2709,21,,,1
31500,'3',638,,2728,21,,,1,70,,2731,21,,,1,30,,2740,21,,,1,70,,2736,21,,,1,30,,2724,21,,,1,70,,2727,21,,,1,30,,2735,21,,,1,70,,2734,21,,,1,30,,2739,21,,,1,70,,2744,21,,,1,30,,2730,21,,,1,70,,2743,21,,,1,30,,2725,21,,,1,70,,2741,21,,,1,30,,2722,21,,,1,72,,2738,21,,,1,30,,2737,21,,,1,70,,2721,21,,,1,30,,2732,21,,,1,70,,2742,21,,,1,30,,2729,21,,,1,70,,2726,21,,,1,30,,2723,21,,,1,70,,2733,21,,,1
41500,'1',1828,,7232,30,0,20 14 21 18,1,100,,7236,30,0,20 14 21 18,1,100,,7231,30,0,20 14 21 18,1,100,,7235,30,0,20 14 21 18,1,100,,7234,30,0,20 14 21 18,1,100,,7233,30,0,20 14 21 18,1
41500,'10',1828,,7238,30,0,20 14 21 18,1,100,,7242,30,0,20 14 21 18,1,100,,7237,30,0,20 14 21 18,1,100,,7241,30,0,20 14 21 18,1,100,,7240,30,0,20 14 21 18,1,100,,7239,30,0,20 14 21 18,1
41500,'11',1828,,7244,30,0,20 14 21 18,1,100,,7248,30,0,20 14 21 18,1,100,,7243,30,0,20 14 21 18,1,100,,7247,30,0,20 14 21 18,1,100,,7246,30,0,20 14 21 18,1,100,,7245,30,0,20 14 21 18,1
41500,'12',1128,,7252,30,0,20 14 21 18,1,100,,7254,30,0,20 14 21 18,1,100,,7255,30,0,20 14 21 18,1,100,,7249,30,0,20 14 21 18,1,100,,7250,30,0,20 14 21 18,1,100,,7251,30,0,20 14 21 18,1,100,,7253,30,0,20 14 21 18,1
41500,'14',658,,7271,30,0,20 14 21 18,1,70,,7272,30,0,20 14 21 18,1,30,,7274,30,0,20 14 21 18,1,70,,7258,30,0,20 14 21 18,1,30,,7266,30,0,20 14 21 18,1,70,,7269,30,0,20 14 21 18,1,30,,7280,30,0,20 14 21 18,1,70,,7283,30,0,20 14 21 18,1,30,,7273,30,0,20 14 21 18,1,70,,7257,30,0,20 14 21 18,1,30,,7265,30,0,20 14 21 18,1,70,,7260,30,0,20 14 21 18,1,30,,7275,30,0,20 14 21 18,1,70,,7279,30,0,20 14 21 18,1,30,,7270,30,0,20 14 21 18,1,70,,7277,30,0,20 14 21 18,1,30,,7267,30,0,20 14 21 18,1,70,,7262,30,0,20 14 21 18,1,30,,7256,30,0,20 14 21 18,1,70,,7284,30,0,20 14 21 18,1,30,,7261,30,0,20 14 21 18,1,70,,7263,30,0,20 14 21 18,1,30,,7276,30,0,20 14 21 18,1,70,,7268,30,0,20 14 21 18,1,100,,7259,30,0,20 14 21 18,1,100,,7282,30,0,20 14 21 18,1,100,,7278,30,0,20 14 21 18,1,100,,7281,30,0,20 14 21 18,1,100,,7264,30,0,20 14 21 18,1
41500,'3',1828,,7286,30,0,20 14 21 18,1,100,,7290,30,0,20 14 21 18,1,100,,7285,30,0,20 14 21 18,1,100,,7289,30,0,20 14 21 18,1,100,,7288,30,0,20 14 21 18,1,100,,7287,30,0,20 14 21 18,1
41500,'7',928,,7308,30,0,20 14 21 18,1,100,,7307,30,0,20 14 21 18,1,30,,7294,30,0,20 14 21 18,1,70,,7303,30,0,20 14 21 18,1,30,,7306,30,0,20 14 21 18,1,70,,7305,30,0,20 14 21 18,1,30,,7297,30,0,20 14 21 18,1,70,,7302,30,0,20 14 21 18,1,30,,7301,30,0,20 14 21 18,1,70,,7295,30,0,20 14 21 18,1,30,,7300,30,0,20 14 21 18,1,70,,7298,30,0,20 14 21 18,1,30,,7299,30,0,20 14 21 18,1,70,,7309,30,0,20 14 21 18,1,30,,7296,30,0,20 14 21 18,1,70,,7292,30,0,20 14 21 18,1,30,,7291,30,0,20 14 21 18,1,70,,7293,30,0,20 14 21 18,1,100,,7304,30,0,20 14 21 18,1
