31401,'11',645,,28474,10,0,66 14,1,80,,28466,10,0,66 14,1,80,,28476,10,0,66 14,1,40,,28465,10,0,66 14,1,80,,28472,10,0,66 14,1,80,,28479,10,0,66 14,1,41,,28469,10,0,66 14,1,80,,21136,10,0,66 14,1,80,,28478,10,0,66 14,1,40,,28477,10,0,66 14,1,80,,22404,10,0,66 14,1,80,,28468,10,0,66 14,1,41,,28473,10,0,66 14,1,80,,24491,10,0,66 14,1,80,,28471,10,0,66 14,1,40,,28470,10,0,66 14,1,80,,28475,10,0,66 14,1,80,,28467,10,0,66 14,1
31401,'3',645,,28489,10,0,66 14,1,80,,28481,10,0,66 14,1,80,,28491,10,0,66 14,1,40,,28480,10,0,66 14,1,80,,28487,10,0,66 14,1,80,,28494,10,0,66 14,1,41,,28484,10,0,66 14,1,80,,23714,10,0,66 14,1,80,,28493,10,0,66 14,1,40,,28492,10,0,66 14,1,80,,22426,10,0,66 14,1,80,,28483,10,0,66 14,1,41,,28488,10,0,66 14,1,80,,24599,10,0,66 14,1,80,,28486,10,0,66 14,1,40,,28485,10,0,66 14,1,80,,28490,10,0,66 14,1,80,,28482,10,0,66 14,1
33700,'1',711,,29420,14,,,1,30,,29421,14,,,1,70,,29422,14,,,1,30,,29433,14,,,1,70,,29426,14,,,1,30,,29405,14,,,1,70,,24694,14,,,1,30,,29414,14,,,1,70,,29432,14,,,1,30,,27193,14,,,1,70,,29400,14,,,1,30,,29431,14,,,1,70,,29410,14,,,1,30,,29440,14,,,1,70,,29428,14,,,1,30,,29408,14,,,1,70,,29402,14,,,1,30,,29399,14,,,1,70,,29413,14,,,1,30,,29429,14,,,1,70,,29430,14,,,1,30,,29439,14,,,1,70,,29411,14,,,1,30,,29441,14,,,1,70,,29435,14,,,1
33700,'11',641,,29459,14,,,1,70,,29485,14,,,1,30,,29471,14,,,1,70,,29456,14,,,1,30,,29444,14,,,1,70,,29466,14,,,1,30,,29476,14,,,1,70,,24144,14,,,1,30,,29470,14,,,1,70,,29457,14,,,1,30,,29455,14,,,1,70,,29447,14,,,1,30,,29443,14,,,1,70,,29452,14,,,1,30,,29469,14,,,1,70,,29446,14,,,1,30,,29477,14,,,1,70,,29453,14,,,1,30,,29475,14,,,1,70,,29451,14,,,1,30,,29479,14,,,1,70,,29478,14,,,1,30,,29473,14,,,1,70,,29468,14,,,1,30,,22778,14,,,1
33700,'12',1111,,29513,14,,,1,30,,29492,14,,,1,70,,29498,14,,,1,30,,29499,14,,,1,70,,29511,14,,,1,30,,29515,14,,,1,70,,25357,14,,,1,30,,29495,14,,,1,70,,29496,14,,,1,30,,29509,14,,,1,70,,29500,14,,,1,30,,29512,14,,,1,70,,29505,14,,,1,30,,29494,14,,,1,70,,29514,14,,,1
33700,'14',711,,29539,14,,,1,30,,29540,14,,,1,70,,29541,14,,,1,30,,29553,14,,,1,70,,29545,14,,,1,30,,29522,14,,,1,70,,29544,14,,,1,30,,29531,14,,,1,70,,29552,14,,,1,30,,29554,14,,,1,70,,29517,14,,,1,30,,29551,14,,,1,70,,29528,14,,,1,30,,29561,14,,,1,70,,29547,14,,,1,30,,29525,14,,,1,70,,29519,14,,,1,30,,29516,14,,,1,70,,20961,14,,,1,30,,29548,14,,,1,70,,29550,14,,,1,30,,29560,14,,,1,70,,29529,14,,,1,30,,29562,14,,,1,70,,29556,14,,,1
33700,'3',641,,29580,14,,,1,70,,29606,14,,,1,30,,29592,14,,,1,70,,29577,14,,,1,30,,29565,14,,,1,70,,29587,14,,,1,30,,29597,14,,,1,70,,24154,14,,,1,30,,29591,14,,,1,70,,29578,14,,,1,30,,29576,14,,,1,70,,29568,14,,,1,30,,29564,14,,,1,70,,29573,14,,,1,30,,29590,14,,,1,70,,29567,14,,,1,30,,29598,14,,,1,70,,29574,14,,,1,30,,29596,14,,,1,70,,29572,14,,,1,30,,29600,14,,,1,70,,29599,14,,,1,30,,29594,14,,,1,70,,29589,14,,,1,30,,22799,14,,,1
33700,'8',1141,,29612,14,,,1,70,,29609,14,,,1,30,,29616,14,,,1,70,,29632,14,,,1,30,,29614,14,,,1,70,,29608,14,,,1,30,,29610,14,,,1,70,,29633,14,,,1,30,,29631,14,,,1,70,,29619,14,,,1,30,,29621,14,,,1,70,,29627,14,,,1,30,,29628,14,,,1,70,,25161,14,,,1,30,,29615,14,,,1
41401,'1',645,,31463,10,0,66 14,1,80,,31465,10,0,66 14,1,80,,31471,10,0,66 14,1,40,,27224,10,0,66 14,1,80,,31468,10,0,66 14,1,80,,31459,10,0,66 14,1,41,,31461,10,0,66 14,1,80,,31458,10,0,66 14,1,80,,31467,10,0,66 14,1,40,,31460,10,0,66 14,1,80,,22383,10,0,66 14,1,80,,31470,10,0,66 14,1,41,,31466,10,0,66 14,1,80,,31472,10,0,66 14,1,80,,31462,10,0,66 14,1,40,,31457,10,0,66 14,1,80,,31469,10,0,66 14,1,80,,31464,10,0,66 14,1
41401,'14',645,,31480,10,0,66 14,1,80,,31481,10,0,66 14,1,80,,31487,10,0,66 14,1,40,,31478,10,0,66 14,1,80,,31484,10,0,66 14,1,80,,31475,10,0,66 14,1,41,,26628,10,0,66 14,1,80,,31474,10,0,66 14,1,80,,31483,10,0,66 14,1,40,,31476,10,0,66 14,1,80,,31477,10,0,66 14,1,80,,31486,10,0,66 14,1,41,,31482,10,0,66 14,1,80,,31488,10,0,66 14,1,80,,31479,10,0,66 14,1,40,,31473,10,0,66 14,1,80,,31485,10,0,66 14,1,80,,25376,10,0,66 14,1
43700,'1',1928,,32644,6,,,1,100,,32648,6,,,1,100,,32651,6,,,1,100,,32645,6,,,1,100,,32650,6,,,1
43700,'11',1928,,32659,6,,,1,100,,32656,6,,,1,100,,32658,6,,,1,100,,32652,6,,,1,100,,32657,6,,,1
43700,'14',1928,,32663,6,,,1,100,,32667,6,,,1,100,,32670,6,,,1,100,,32664,6,,,1,100,,32669,6,,,1
43700,'3',1928,,32678,6,,,1,100,,32675,6,,,1,100,,32677,6,,,1,100,,32671,6,,,1,100,,32676,6,,,1
