30401,'12',639,,33600,4,0,49,1,70,,33598,4,0,49,1,30,,33593,4,0,49,1,70,,33577,4,0,49,1,30,,33581,4,0,49,1,70,,33589,4,0,49,1,30,,33591,4,0,49,1,70,,33601,4,0,49,1,30,,33580,4,0,49,1,70,,33584,4,0,49,1,30,,33578,4,0,49,1,70,,33592,4,0,49,1,30,,33585,4,0,49,1,70,,33586,4,0,49,1,30,,33582,4,0,49,1,71,,33595,4,0,49,1,30,,33588,4,0,49,1,70,,33590,4,0,49,1,30,,33596,4,0,49,1,70,,33587,4,0,49,1,30,,33599,4,0,49,1,70,,33594,4,0,49,1,30,,33583,4,0,49,1,70,,33579,4,0,49,1,30,,33597,4,0,49,1
30401,'13',639,,27613,4,0,49,1,70,,33620,4,0,49,1,30,,33615,4,0,49,1,70,,22338,4,0,49,1,30,,33605,4,0,49,1,70,,33612,4,0,49,1,30,,33613,4,0,49,1,70,,33622,4,0,49,1,30,,33604,4,0,49,1,70,,33607,4,0,49,1,30,,33602,4,0,49,1,70,,33614,4,0,49,1,30,,33608,4,0,49,1,70,,33609,4,0,49,1,30,,21594,4,0,49,1,71,,33617,4,0,49,1,30,,33611,4,0,49,1,70,,28194,4,0,49,1,30,,33618,4,0,49,1,70,,33610,4,0,49,1,30,,33621,4,0,49,1,70,,33616,4,0,49,1,30,,33606,4,0,49,1,70,,33603,4,0,49,1,30,,33619,4,0,49,1
30401,'3',639,,27636,4,0,49,1,70,,33641,4,0,49,1,30,,33636,4,0,49,1,70,,22360,4,0,49,1,30,,33626,4,0,49,1,70,,33633,4,0,49,1,30,,33634,4,0,49,1,70,,33643,4,0,49,1,30,,33625,4,0,49,1,70,,33628,4,0,49,1,30,,33623,4,0,49,1,70,,33635,4,0,49,1,30,,33629,4,0,49,1,70,,33630,4,0,49,1,30,,21637,4,0,49,1,71,,33638,4,0,49,1,30,,33632,4,0,49,1,70,,28215,4,0,49,1,30,,33639,4,0,49,1,70,,33631,4,0,49,1,30,,33642,4,0,49,1,70,,33637,4,0,49,1,30,,33627,4,0,49,1,70,,33624,4,0,49,1,30,,33640,4,0,49,1
30401,'6',639,,33667,4,0,49,1,70,,33665,4,0,49,1,30,,33660,4,0,49,1,70,,33644,4,0,49,1,30,,33648,4,0,49,1,70,,33656,4,0,49,1,30,,33658,4,0,49,1,70,,33668,4,0,49,1,30,,33647,4,0,49,1,70,,33651,4,0,49,1,30,,33645,4,0,49,1,70,,33659,4,0,49,1,30,,33652,4,0,49,1,70,,33653,4,0,49,1,30,,33649,4,0,49,1,71,,33662,4,0,49,1,30,,33655,4,0,49,1,70,,33657,4,0,49,1,30,,33663,4,0,49,1,70,,33654,4,0,49,1,30,,33666,4,0,49,1,70,,33661,4,0,49,1,30,,33650,4,0,49,1,70,,33646,4,0,49,1,30,,33664,4,0,49,1
31801,'12',603,,36057,4,0,45 50,1,30,,36068,4,0,45 50,1,71,,36059,4,0,45 50,1,30,,36064,4,0,45 50,1,70,,36069,4,0,45 50,1,30,,36076,4,0,45 50,1,70,,36071,4,0,45 50,1,30,,36058,4,0,45 50,1,71,,36078,4,0,45 50,1,30,,36075,4,0,45 50,1,70,,36062,4,0,45 50,1,30,,36060,4,0,45 50,1,70,,36067,4,0,45 50,1,30,,36077,4,0,45 50,1,70,,36065,4,0,45 50,1,30,,36074,4,0,45 50,1,68,,36066,4,0,45 50,1,30,,36070,4,0,45 50,1,70,,36063,4,0,45 50,1,30,,36072,4,0,45 50,1,70,,36073,4,0,45 50,1,30,,36061,4,0,45 50,1,70,,36053,4,0,45 50,1,30,,36056,4,0,45 50,1,70,,36055,4,0,45 50,1,30,,36054,4,0,45 50,1
31801,'13',603,,36083,4,0,45 50,1,30,,36092,4,0,45 50,1,71,,36085,4,0,45 50,1,30,,36089,4,0,45 50,1,70,,36093,4,0,45 50,1,30,,36099,4,0,45 50,1,70,,36095,4,0,45 50,1,30,,36084,4,0,45 50,1,71,,36101,4,0,45 50,1,30,,36098,4,0,45 50,1,70,,21825,4,0,45 50,1,30,,36086,4,0,45 50,1,70,,36091,4,0,45 50,1,30,,36100,4,0,45 50,1,70,,9655,4,0,45 50,1,30,,28819,4,0,45 50,1,68,,36090,4,0,45 50,1,30,,36094,4,0,45 50,1,70,,36088,4,0,45 50,1,30,,36096,4,0,45 50,1,70,,36097,4,0,45 50,1,30,,36087,4,0,45 50,1,70,,36079,4,0,45 50,1,30,,36082,4,0,45 50,1,70,,36081,4,0,45 50,1,30,,36080,4,0,45 50,1
31801,'3',603,,36106,4,0,45 50,1,30,,36115,4,0,45 50,1,71,,36108,4,0,45 50,1,30,,36112,4,0,45 50,1,70,,36116,4,0,45 50,1,30,,36122,4,0,45 50,1,70,,36118,4,0,45 50,1,30,,36107,4,0,45 50,1,71,,36124,4,0,45 50,1,30,,36121,4,0,45 50,1,70,,21848,4,0,45 50,1,30,,36109,4,0,45 50,1,70,,36114,4,0,45 50,1,30,,36123,4,0,45 50,1,70,,9697,4,0,45 50,1,30,,28842,4,0,45 50,1,68,,36113,4,0,45 50,1,30,,36117,4,0,45 50,1,70,,36111,4,0,45 50,1,30,,36119,4,0,45 50,1,70,,36120,4,0,45 50,1,30,,36110,4,0,45 50,1,70,,36102,4,0,45 50,1,30,,36105,4,0,45 50,1,70,,36104,4,0,45 50,1,30,,36103,4,0,45 50,1
31801,'6',603,,36129,4,0,45 50,1,30,,36140,4,0,45 50,1,71,,36131,4,0,45 50,1,30,,36136,4,0,45 50,1,70,,36141,4,0,45 50,1,30,,36148,4,0,45 50,1,70,,36143,4,0,45 50,1,30,,36130,4,0,45 50,1,71,,36150,4,0,45 50,1,30,,36147,4,0,45 50,1,70,,36134,4,0,45 50,1,30,,36132,4,0,45 50,1,70,,36139,4,0,45 50,1,30,,36149,4,0,45 50,1,70,,36137,4,0,45 50,1,30,,36146,4,0,45 50,1,68,,36138,4,0,45 50,1,30,,36142,4,0,45 50,1,70,,36135,4,0,45 50,1,30,,36144,4,0,45 50,1,70,,36145,4,0,45 50,1,30,,36133,4,0,45 50,1,70,,36125,4,0,45 50,1,30,,36128,4,0,45 50,1,70,,36127,4,0,45 50,1,30,,36126,4,0,45 50,1
40401,'1',701,,38683,4,0,39 51,1,30,,38685,4,0,39 51,1,70,,38681,4,0,39 51,1,30,,38682,4,0,39 51,1,70,,38708,4,0,39 51,1,30,,38707,4,0,39 51,1,70,,38700,4,0,39 51,1,31,,38697,4,0,39 51,1,70,,30770,4,0,39 51,1,30,,38689,4,0,39 51,1,70,,38703,4,0,39 51,1,30,,38686,4,0,39 51,1,70,,38690,4,0,39 51,1,30,,38706,4,0,39 51,1,70,,38696,4,0,39 51,1,30,,38702,4,0,39 51,1,70,,38693,4,0,39 51,1,30,,38695,4,0,39 51,1,70,,38701,4,0,39 51,1,30,,38694,4,0,39 51,1,70,,38705,4,0,39 51,1,30,,38698,4,0,39 51,1,70,,38684,4,0,39 51,1,30,,38688,4,0,39 51,1,70,,38691,4,0,39 51,1,99,,38704,4,0,39 51,1,100,,38699,4,0,39 51,1,100,,38692,4,0,39 51,1,100,,38687,4,0,39 51,1
40401,'11',701,,38711,4,0,39 51,1,30,,38713,4,0,39 51,1,70,,38709,4,0,39 51,1,30,,38710,4,0,39 51,1,70,,38737,4,0,39 51,1,30,,38736,4,0,39 51,1,70,,38729,4,0,39 51,1,31,,38726,4,0,39 51,1,70,,38716,4,0,39 51,1,30,,38718,4,0,39 51,1,70,,38732,4,0,39 51,1,30,,38714,4,0,39 51,1,70,,38719,4,0,39 51,1,30,,38735,4,0,39 51,1,70,,38725,4,0,39 51,1,30,,38731,4,0,39 51,1,70,,38722,4,0,39 51,1,30,,38724,4,0,39 51,1,70,,38730,4,0,39 51,1,30,,38723,4,0,39 51,1,70,,38734,4,0,39 51,1,30,,38727,4,0,39 51,1,70,,38712,4,0,39 51,1,30,,38717,4,0,39 51,1,70,,38720,4,0,39 51,1,99,,38733,4,0,39 51,1,100,,38728,4,0,39 51,1,100,,38721,4,0,39 51,1,100,,38715,4,0,39 51,1
40401,'12',1902,,38741,4,0,39 51,1,99,,38739,4,0,39 51,1,100,,38738,4,0,39 51,1,100,,38742,4,0,39 51,1,100,,38740,4,0,39 51,1
40401,'13',1902,,38746,4,0,39 51,1,99,,38744,4,0,39 51,1,100,,38743,4,0,39 51,1,100,,38747,4,0,39 51,1,100,,38745,4,0,39 51,1
40401,'14',1102,,38752,4,0,39 51,1,100,,38751,4,0,39 51,1,100,,38748,4,0,39 51,1,100,,38754,4,0,39 51,1,100,,38749,4,0,39 51,1,100,,38753,4,0,39 51,1,100,,38755,4,0,39 51,1,100,,38750,4,0,39 51,1
40401,'16',701,,38758,4,0,39 51,1,30,,38760,4,0,39 51,1,70,,38756,4,0,39 51,1,30,,38757,4,0,39 51,1,70,,38783,4,0,39 51,1,30,,38782,4,0,39 51,1,70,,38775,4,0,39 51,1,31,,38772,4,0,39 51,1,70,,30812,4,0,39 51,1,30,,38764,4,0,39 51,1,70,,38778,4,0,39 51,1,30,,38761,4,0,39 51,1,70,,38765,4,0,39 51,1,30,,38781,4,0,39 51,1,70,,38771,4,0,39 51,1,30,,38777,4,0,39 51,1,70,,38768,4,0,39 51,1,30,,38770,4,0,39 51,1,70,,38776,4,0,39 51,1,30,,38769,4,0,39 51,1,70,,38780,4,0,39 51,1,30,,38773,4,0,39 51,1,70,,38759,4,0,39 51,1,30,,38763,4,0,39 51,1,70,,38766,4,0,39 51,1,99,,38779,4,0,39 51,1,100,,38774,4,0,39 51,1,100,,38767,4,0,39 51,1,100,,38762,4,0,39 51,1
40401,'3',1902,,38787,4,0,39 51,1,99,,38785,4,0,39 51,1,100,,38784,4,0,39 51,1,100,,38788,4,0,39 51,1,100,,38786,4,0,39 51,1
40401,'6',1902,,38792,4,0,39 51,1,99,,38790,4,0,39 51,1,100,,38789,4,0,39 51,1,100,,38793,4,0,39 51,1,100,,38791,4,0,39 51,1
40401,'8',901,,38807,4,0,39 51,1,100,,38811,4,0,39 51,1,31,,38810,4,0,39 51,1,70,,38795,4,0,39 51,1,30,,38797,4,0,39 51,1,70,,38801,4,0,39 51,1,30,,38802,4,0,39 51,1,70,,38803,4,0,39 51,1,30,,38796,4,0,39 51,1,70,,38794,4,0,39 51,1,30,,38812,4,0,39 51,1,70,,38804,4,0,39 51,1,30,,38798,4,0,39 51,1,70,,38813,4,0,39 51,1,30,,38806,4,0,39 51,1,70,,38808,4,0,39 51,1,30,,38805,4,0,39 51,1,70,,38809,4,0,39 51,1,100,,38799,4,0,39 51,1,99,,38800,4,0,39 51,1
41801,'1',619,,41138,4,0,45 50,1,30,,41133,4,0,45 50,1,70,,41141,4,0,45 50,1,30,,41144,4,0,45 50,1,70,,41131,4,0,45 50,1,30,,41145,4,0,45 50,1,70,,41140,4,0,45 50,1,30,,41132,4,0,45 50,1,71,,41154,4,0,45 50,1,30,,41136,4,0,45 50,1,70,,41137,4,0,45 50,1,30,,41155,4,0,45 50,1,70,,41148,4,0,45 50,1,30,,32507,4,0,45 50,1,70,,29113,4,0,45 50,1,30,,41146,4,0,45 50,1,70,,41142,4,0,45 50,1,30,,41143,4,0,45 50,1,70,,41151,4,0,45 50,1,30,,41150,4,0,45 50,1,70,,41147,4,0,45 50,1,30,,41153,4,0,45 50,1,70,,31460,4,0,45 50,1,30,,41135,4,0,45 50,1,70,,41152,4,0,45 50,1,30,,41134,4,0,45 50,1,99,,41139,4,0,45 50,1,100,,30259,4,0,45 50,1,100,,41149,4,0,45 50,1,100,,29424,4,0,45 50,1
41801,'11',619,,41165,4,0,45 50,1,30,,41159,4,0,45 50,1,70,,41168,4,0,45 50,1,30,,41171,4,0,45 50,1,70,,41157,4,0,45 50,1,30,,41173,4,0,45 50,1,70,,41167,4,0,45 50,1,30,,41158,4,0,45 50,1,71,,41184,4,0,45 50,1,30,,41162,4,0,45 50,1,70,,41163,4,0,45 50,1,30,,41185,4,0,45 50,1,70,,41176,4,0,45 50,1,30,,41172,4,0,45 50,1,70,,41164,4,0,45 50,1,30,,41174,4,0,45 50,1,70,,41169,4,0,45 50,1,30,,41170,4,0,45 50,1,70,,41180,4,0,45 50,1,30,,41179,4,0,45 50,1,70,,41175,4,0,45 50,1,30,,41182,4,0,45 50,1,70,,41156,4,0,45 50,1,30,,41161,4,0,45 50,1,70,,41181,4,0,45 50,1,30,,41160,4,0,45 50,1,99,,41166,4,0,45 50,1,100,,41183,4,0,45 50,1,100,,41178,4,0,45 50,1,100,,41177,4,0,45 50,1
41801,'12',1850,,41188,4,0,45 50,1,99,,41186,4,0,45 50,1,100,,41190,4,0,45 50,1,100,,41189,4,0,45 50,1,100,,41187,4,0,45 50,1
41801,'13',1850,,41193,4,0,45 50,1,99,,41191,4,0,45 50,1,100,,41195,4,0,45 50,1,100,,41194,4,0,45 50,1,100,,41192,4,0,45 50,1
41801,'14',1150,,41200,4,0,45 50,1,100,,41197,4,0,45 50,1,100,,41198,4,0,45 50,1,100,,41201,4,0,45 50,1,100,,41196,4,0,45 50,1,100,,41199,4,0,45 50,1,100,,41202,4,0,45 50,1
41801,'16',619,,41210,4,0,45 50,1,30,,41205,4,0,45 50,1,70,,41213,4,0,45 50,1,30,,41216,4,0,45 50,1,70,,41203,4,0,45 50,1,30,,41218,4,0,45 50,1,70,,41212,4,0,45 50,1,30,,41204,4,0,45 50,1,71,,41227,4,0,45 50,1,30,,41208,4,0,45 50,1,70,,41209,4,0,45 50,1,30,,41228,4,0,45 50,1,70,,41221,4,0,45 50,1,30,,41217,4,0,45 50,1,70,,29137,4,0,45 50,1,30,,41219,4,0,45 50,1,70,,41214,4,0,45 50,1,30,,41215,4,0,45 50,1,70,,41224,4,0,45 50,1,30,,41223,4,0,45 50,1,70,,41220,4,0,45 50,1,30,,41226,4,0,45 50,1,70,,31476,4,0,45 50,1,30,,41207,4,0,45 50,1,70,,41225,4,0,45 50,1,30,,41206,4,0,45 50,1,99,,41211,4,0,45 50,1,100,,30300,4,0,45 50,1,100,,41222,4,0,45 50,1,100,,29543,4,0,45 50,1
41801,'3',1850,,41231,4,0,45 50,1,99,,41229,4,0,45 50,1,100,,41233,4,0,45 50,1,100,,41232,4,0,45 50,1,100,,41230,4,0,45 50,1
41801,'6',1850,,41236,4,0,45 50,1,99,,41234,4,0,45 50,1,100,,41238,4,0,45 50,1,100,,41237,4,0,45 50,1,100,,41235,4,0,45 50,1
41801,'8',849,,41247,4,0,45 50,1,100,,41243,4,0,45 50,1,101,,41246,4,0,45 50,1,70,,41239,4,0,45 50,1,30,,41254,4,0,45 50,1,70,,41248,4,0,45 50,1,30,,41257,4,0,45 50,1,70,,41242,4,0,45 50,1,30,,41253,4,0,45 50,1,70,,41252,4,0,45 50,1,30,,41240,4,0,45 50,1,70,,41241,4,0,45 50,1,30,,41255,4,0,45 50,1,70,,41256,4,0,45 50,1,30,,41245,4,0,45 50,1,70,,41258,4,0,45 50,1,30,,41249,4,0,45 50,1,70,,41250,4,0,45 50,1,30,,41244,4,0,45 50,1,99,,41251,4,0,45 50,1
