30201,'12',634,,33215,30,0,24,1,70,,33224,30,0,24,1,30,,33225,30,0,24,1,70,,33230,30,0,24,1,30,,33218,30,0,24,1,70,,33235,30,0,24,1,30,,33219,30,0,24,1,70,,33229,30,0,24,1,33,,33231,30,0,24,1,70,,33237,30,0,24,1,30,,33216,30,0,24,1,70,,33217,30,0,24,1,30,,33232,30,0,24,1,70,,33226,30,0,24,1,30,,33223,30,0,24,1,70,,33227,30,0,24,1,33,,33228,30,0,24,1,78,,33221,30,0,24,1,30,,33220,30,0,24,1,70,,33234,30,0,24,1,30,,33233,30,0,24,1,70,,33238,30,0,24,1,30,,33222,30,0,24,1,70,,33236,30,0,24,1
30201,'13',634,,33239,30,0,24,1,70,,33248,30,0,24,1,30,,33249,30,0,24,1,70,,33254,30,0,24,1,30,,33242,30,0,24,1,70,,33258,30,0,24,1,30,,33243,30,0,24,1,70,,33253,30,0,24,1,33,,33255,30,0,24,1,70,,33260,30,0,24,1,30,,33240,30,0,24,1,70,,33241,30,0,24,1,30,,33256,30,0,24,1,70,,33250,30,0,24,1,30,,33247,30,0,24,1,70,,33251,30,0,24,1,33,,33252,30,0,24,1,78,,33245,30,0,24,1,30,,33244,30,0,24,1,70,,33257,30,0,24,1,30,,29290,30,0,24,1,70,,28820,30,0,24,1,30,,33246,30,0,24,1,70,,33259,30,0,24,1
30201,'3',634,,33261,30,0,24,1,70,,33270,30,0,24,1,30,,33271,30,0,24,1,70,,33276,30,0,24,1,30,,33264,30,0,24,1,70,,33280,30,0,24,1,30,,33265,30,0,24,1,70,,33275,30,0,24,1,33,,33277,30,0,24,1,70,,33282,30,0,24,1,30,,33262,30,0,24,1,70,,33263,30,0,24,1,30,,33278,30,0,24,1,70,,33272,30,0,24,1,30,,33269,30,0,24,1,70,,33273,30,0,24,1,33,,33274,30,0,24,1,78,,33267,30,0,24,1,30,,33266,30,0,24,1,70,,33279,30,0,24,1,30,,29309,30,0,24,1,70,,28843,30,0,24,1,30,,33268,30,0,24,1,70,,33281,30,0,24,1
30201,'6',634,,33283,30,0,24,1,70,,33292,30,0,24,1,30,,33293,30,0,24,1,70,,33298,30,0,24,1,30,,33286,30,0,24,1,70,,33303,30,0,24,1,30,,33287,30,0,24,1,70,,33297,30,0,24,1,33,,33299,30,0,24,1,70,,33305,30,0,24,1,30,,33284,30,0,24,1,70,,33285,30,0,24,1,30,,33300,30,0,24,1,70,,33294,30,0,24,1,30,,33291,30,0,24,1,70,,33295,30,0,24,1,33,,33296,30,0,24,1,78,,33289,30,0,24,1,30,,33288,30,0,24,1,70,,33302,30,0,24,1,30,,33301,30,0,24,1,70,,33306,30,0,24,1,30,,33290,30,0,24,1,70,,33304,30,0,24,1
40201,'1',701,,38428,30,0,24,1,30,,38425,30,0,24,1,70,,38426,30,0,24,1,30,,38427,30,0,24,1,70,,38437,30,0,24,1,30,,38432,30,0,24,1,70,,38441,30,0,24,1,30,,38423,30,0,24,1,70,,38430,30,0,24,1,30,,38436,30,0,24,1,70,,38419,30,0,24,1,30,,38433,30,0,24,1,70,,38438,30,0,24,1,30,,31028,30,0,24,1,70,,38418,30,0,24,1,30,,38415,30,0,24,1,70,,38424,30,0,24,1,30,,38431,30,0,24,1,70,,38435,30,0,24,1,30,,38421,30,0,24,1,70,,31249,30,0,24,1,30,,38417,30,0,24,1,70,,38422,30,0,24,1,30,,38442,30,0,24,1,70,,38434,30,0,24,1,99,,38429,30,0,24,1,100,,38440,30,0,24,1,100,,38420,30,0,24,1,100,,38439,30,0,24,1,100,,38416,30,0,24,1
40201,'11',701,,38459,30,0,24,1,30,,38456,30,0,24,1,70,,38457,30,0,24,1,30,,38458,30,0,24,1,70,,38454,30,0,24,1,30,,38463,30,0,24,1,70,,38471,30,0,24,1,30,,38453,30,0,24,1,70,,38461,30,0,24,1,30,,38467,30,0,24,1,70,,38449,30,0,24,1,30,,38464,30,0,24,1,70,,38468,30,0,24,1,30,,38443,30,0,24,1,70,,38448,30,0,24,1,30,,38444,30,0,24,1,70,,38455,30,0,24,1,30,,38462,30,0,24,1,70,,38466,30,0,24,1,30,,38451,30,0,24,1,70,,38446,30,0,24,1,30,,38447,30,0,24,1,70,,38452,30,0,24,1,30,,38472,30,0,24,1,70,,38465,30,0,24,1,99,,38460,30,0,24,1,100,,38470,30,0,24,1,100,,38450,30,0,24,1,100,,38469,30,0,24,1,100,,38445,30,0,24,1
40201,'12',1901,,38476,30,0,24,1,99,,38473,30,0,24,1,100,,38474,30,0,24,1,100,,38478,30,0,24,1,100,,38475,30,0,24,1,100,,38477,30,0,24,1
40201,'13',1901,,38482,30,0,24,1,99,,38479,30,0,24,1,100,,38480,30,0,24,1,100,,38484,30,0,24,1,100,,38481,30,0,24,1,100,,38483,30,0,24,1
40201,'14',1201,,38488,30,0,24,1,100,,29737,30,0,24,1,100,,38487,30,0,24,1,100,,38486,30,0,24,1,100,,38490,30,0,24,1,100,,38485,30,0,24,1,100,,38489,30,0,24,1
40201,'16',701,,38504,30,0,24,1,30,,38501,30,0,24,1,70,,38502,30,0,24,1,30,,38503,30,0,24,1,70,,38513,30,0,24,1,30,,38508,30,0,24,1,70,,38517,30,0,24,1,30,,38499,30,0,24,1,70,,38506,30,0,24,1,30,,38512,30,0,24,1,70,,38495,30,0,24,1,30,,38509,30,0,24,1,70,,38514,30,0,24,1,30,,31065,30,0,24,1,70,,38494,30,0,24,1,30,,38491,30,0,24,1,70,,38500,30,0,24,1,30,,38507,30,0,24,1,70,,38511,30,0,24,1,30,,38497,30,0,24,1,70,,31288,30,0,24,1,30,,38493,30,0,24,1,70,,38498,30,0,24,1,30,,38518,30,0,24,1,70,,38510,30,0,24,1,99,,38505,30,0,24,1,100,,38516,30,0,24,1,100,,38496,30,0,24,1,100,,38515,30,0,24,1,100,,38492,30,0,24,1
40201,'3',1901,,38522,30,0,24,1,99,,38519,30,0,24,1,100,,38520,30,0,24,1,100,,38524,30,0,24,1,100,,38521,30,0,24,1,100,,38523,30,0,24,1
40201,'6',1901,,38528,30,0,24,1,99,,38525,30,0,24,1,100,,38526,30,0,24,1,100,,38530,30,0,24,1,100,,38527,30,0,24,1,100,,38529,30,0,24,1
40201,'8',1001,,38533,30,0,24,1,100,,38534,30,0,24,1,30,,38536,30,0,24,1,70,,25796,30,0,24,1,30,,38545,30,0,24,1,70,,38542,30,0,24,1,30,,38540,30,0,24,1,70,,38539,30,0,24,1,30,,38547,30,0,24,1,70,,38532,30,0,24,1,30,,38544,30,0,24,1,70,,38543,30,0,24,1,30,,38535,30,0,24,1,70,,38538,30,0,24,1,30,,38531,30,0,24,1,70,,38548,30,0,24,1,30,,38541,30,0,24,1,70,,38546,30,0,24,1,99,,38537,30,0,24,1
