30201,'12',634,,33215,31,0,24,1,70,,33224,31,0,24,1,30,,33225,31,0,24,1,70,,33230,31,0,24,1,30,,33218,31,0,24,1,70,,33235,31,0,24,1,30,,33219,31,0,24,1,70,,33229,31,0,24,1,34,,33231,31,0,24,1,70,,33237,31,0,24,1,30,,33216,31,0,24,1,70,,33217,31,0,24,1,30,,33232,31,0,24,1,70,,33226,31,0,24,1,30,,33223,31,0,24,1,70,,33227,31,0,24,1,33,,33228,31,0,24,1,78,,33221,31,0,24,1,30,,33220,31,0,24,1,70,,33234,31,0,24,1,30,,33233,31,0,24,1,70,,33238,31,0,24,1,30,,33222,31,0,24,1,70,,33236,31,0,24,1
30201,'13',634,,33239,31,0,24,1,70,,33248,31,0,24,1,30,,33249,31,0,24,1,70,,33254,31,0,24,1,30,,33242,31,0,24,1,70,,33258,31,0,24,1,30,,33243,31,0,24,1,70,,33253,31,0,24,1,34,,33255,31,0,24,1,70,,33260,31,0,24,1,30,,33240,31,0,24,1,70,,33241,31,0,24,1,30,,33256,31,0,24,1,70,,33250,31,0,24,1,30,,33247,31,0,24,1,70,,33251,31,0,24,1,33,,33252,31,0,24,1,78,,33245,31,0,24,1,30,,33244,31,0,24,1,70,,33257,31,0,24,1,30,,29290,31,0,24,1,70,,28820,31,0,24,1,30,,33246,31,0,24,1,70,,33259,31,0,24,1
30201,'3',634,,33261,31,0,24,1,70,,33270,31,0,24,1,30,,33271,31,0,24,1,70,,33276,31,0,24,1,30,,33264,31,0,24,1,70,,33280,31,0,24,1,30,,33265,31,0,24,1,70,,33275,31,0,24,1,34,,33277,31,0,24,1,70,,33282,31,0,24,1,30,,33262,31,0,24,1,70,,33263,31,0,24,1,30,,33278,31,0,24,1,70,,33272,31,0,24,1,30,,33269,31,0,24,1,70,,33273,31,0,24,1,33,,33274,31,0,24,1,78,,33267,31,0,24,1,30,,33266,31,0,24,1,70,,33279,31,0,24,1,30,,29309,31,0,24,1,70,,28843,31,0,24,1,30,,33268,31,0,24,1,70,,33281,31,0,24,1
30201,'6',634,,33283,31,0,24,1,70,,33292,31,0,24,1,30,,33293,31,0,24,1,70,,33298,31,0,24,1,30,,33286,31,0,24,1,70,,33303,31,0,24,1,30,,33287,31,0,24,1,70,,33297,31,0,24,1,34,,33299,31,0,24,1,70,,33305,31,0,24,1,30,,33284,31,0,24,1,70,,33285,31,0,24,1,30,,33300,31,0,24,1,70,,33294,31,0,24,1,30,,33291,31,0,24,1,70,,33295,31,0,24,1,33,,33296,31,0,24,1,78,,33289,31,0,24,1,30,,33288,31,0,24,1,70,,33302,31,0,24,1,30,,33301,31,0,24,1,70,,33306,31,0,24,1,30,,33290,31,0,24,1,70,,33304,31,0,24,1
40201,'1',701,,38428,31,0,24,1,30,,38425,31,0,24,1,70,,38426,31,0,24,1,30,,38427,31,0,24,1,70,,38437,31,0,24,1,30,,38432,31,0,24,1,70,,38441,31,0,24,1,30,,38423,31,0,24,1,70,,38430,31,0,24,1,30,,38436,31,0,24,1,70,,38419,31,0,24,1,30,,38433,31,0,24,1,70,,38438,31,0,24,1,30,,31028,31,0,24,1,70,,38418,31,0,24,1,30,,38415,31,0,24,1,70,,38424,31,0,24,1,30,,38431,31,0,24,1,70,,38435,31,0,24,1,30,,38421,31,0,24,1,70,,31249,31,0,24,1,30,,38417,31,0,24,1,70,,38422,31,0,24,1,30,,38442,31,0,24,1,70,,38434,31,0,24,1,99,,38429,31,0,24,1,100,,38440,31,0,24,1,100,,38420,31,0,24,1,100,,38439,31,0,24,1,100,,38416,31,0,24,1
40201,'11',701,,38459,31,0,24,1,30,,38456,31,0,24,1,70,,38457,31,0,24,1,30,,38458,31,0,24,1,70,,38454,31,0,24,1,30,,38463,31,0,24,1,70,,38471,31,0,24,1,30,,38453,31,0,24,1,70,,38461,31,0,24,1,30,,38467,31,0,24,1,70,,38449,31,0,24,1,30,,38464,31,0,24,1,70,,38468,31,0,24,1,30,,38443,31,0,24,1,70,,38448,31,0,24,1,30,,38444,31,0,24,1,70,,38455,31,0,24,1,30,,38462,31,0,24,1,70,,38466,31,0,24,1,30,,38451,31,0,24,1,70,,38446,31,0,24,1,30,,38447,31,0,24,1,70,,38452,31,0,24,1,30,,38472,31,0,24,1,70,,38465,31,0,24,1,99,,38460,31,0,24,1,100,,38470,31,0,24,1,100,,38450,31,0,24,1,100,,38469,31,0,24,1,100,,38445,31,0,24,1
40201,'12',1901,,38476,31,0,24,1,99,,38473,31,0,24,1,100,,38474,31,0,24,1,100,,38478,31,0,24,1,100,,38475,31,0,24,1,100,,38477,31,0,24,1
40201,'13',1901,,38482,31,0,24,1,99,,38479,31,0,24,1,100,,38480,31,0,24,1,100,,38484,31,0,24,1,100,,38481,31,0,24,1,100,,38483,31,0,24,1
40201,'14',1201,,38488,31,0,24,1,100,,29737,31,0,24,1,100,,38487,31,0,24,1,100,,38486,31,0,24,1,100,,38490,31,0,24,1,100,,38485,31,0,24,1,100,,38489,31,0,24,1
40201,'16',701,,38504,31,0,24,1,30,,38501,31,0,24,1,70,,38502,31,0,24,1,30,,38503,31,0,24,1,70,,38513,31,0,24,1,30,,38508,31,0,24,1,70,,38517,31,0,24,1,30,,38499,31,0,24,1,70,,38506,31,0,24,1,30,,38512,31,0,24,1,70,,38495,31,0,24,1,30,,38509,31,0,24,1,70,,38514,31,0,24,1,30,,31065,31,0,24,1,70,,38494,31,0,24,1,30,,38491,31,0,24,1,70,,38500,31,0,24,1,30,,38507,31,0,24,1,70,,38511,31,0,24,1,30,,38497,31,0,24,1,70,,31288,31,0,24,1,30,,38493,31,0,24,1,70,,38498,31,0,24,1,30,,38518,31,0,24,1,70,,38510,31,0,24,1,99,,38505,31,0,24,1,100,,38516,31,0,24,1,100,,38496,31,0,24,1,100,,38515,31,0,24,1,100,,38492,31,0,24,1
40201,'3',1901,,38522,31,0,24,1,99,,38519,31,0,24,1,100,,38520,31,0,24,1,100,,38524,31,0,24,1,100,,38521,31,0,24,1,100,,38523,31,0,24,1
40201,'6',1901,,38528,31,0,24,1,99,,38525,31,0,24,1,100,,38526,31,0,24,1,100,,38530,31,0,24,1,100,,38527,31,0,24,1,100,,38529,31,0,24,1
40201,'8',1001,,38533,31,0,24,1,100,,38534,31,0,24,1,30,,38536,31,0,24,1,70,,25796,31,0,24,1,30,,38545,31,0,24,1,70,,38542,31,0,24,1,30,,38540,31,0,24,1,70,,38539,31,0,24,1,30,,38547,31,0,24,1,70,,38532,31,0,24,1,30,,38544,31,0,24,1,70,,38543,31,0,24,1,30,,38535,31,0,24,1,70,,38538,31,0,24,1,30,,38531,31,0,24,1,70,,38548,31,0,24,1,30,,38541,31,0,24,1,70,,38546,31,0,24,1,99,,38537,31,0,24,1
