30200,'12',618,,33134,7,0,11,1,30,,33147,7,0,11,1,70,,33146,7,0,11,1,30,,33145,7,0,11,1,70,,33150,7,0,11,1,30,,33144,7,0,11,1,70,,33133,7,0,11,1,30,,33138,7,0,11,1,71,,33151,7,0,11,1,30,,33131,7,0,11,1,70,,33135,7,0,11,1,30,,33132,7,0,11,1,70,,33149,7,0,11,1,30,,33129,7,0,11,1,70,,33148,7,0,11,1,30,,33140,7,0,11,1,69,,33142,7,0,11,1,30,,33143,7,0,11,1,70,,33137,7,0,11,1,30,,33130,7,0,11,1,70,,33136,7,0,11,1,30,,33139,7,0,11,1,70,,33141,7,0,11,1
30200,'13',618,,33156,7,0,11,1,30,,33168,7,0,11,1,70,,33167,7,0,11,1,30,,33166,7,0,11,1,70,,33170,7,0,11,1,30,,33165,7,0,11,1,70,,33155,7,0,11,1,30,,27942,7,0,11,1,71,,33171,7,0,11,1,30,,33153,7,0,11,1,70,,33157,7,0,11,1,30,,33154,7,0,11,1,70,,33169,7,0,11,1,30,,28545,7,0,11,1,70,,29185,7,0,11,1,30,,33161,7,0,11,1,69,,33163,7,0,11,1,30,,33164,7,0,11,1,70,,33159,7,0,11,1,30,,33152,7,0,11,1,70,,33158,7,0,11,1,30,,33160,7,0,11,1,70,,33162,7,0,11,1
30200,'3',618,,33176,7,0,11,1,30,,33188,7,0,11,1,70,,33187,7,0,11,1,30,,33186,7,0,11,1,70,,33190,7,0,11,1,30,,33185,7,0,11,1,70,,33175,7,0,11,1,30,,27959,7,0,11,1,71,,33191,7,0,11,1,30,,33173,7,0,11,1,70,,33177,7,0,11,1,30,,33174,7,0,11,1,70,,33189,7,0,11,1,30,,28567,7,0,11,1,70,,29196,7,0,11,1,30,,33181,7,0,11,1,69,,33183,7,0,11,1,30,,33184,7,0,11,1,70,,33179,7,0,11,1,30,,33172,7,0,11,1,70,,33178,7,0,11,1,30,,33180,7,0,11,1,70,,33182,7,0,11,1
30200,'6',618,,33197,7,0,11,1,30,,33210,7,0,11,1,70,,33209,7,0,11,1,30,,33208,7,0,11,1,70,,33213,7,0,11,1,30,,33207,7,0,11,1,70,,33196,7,0,11,1,30,,33201,7,0,11,1,71,,33214,7,0,11,1,30,,33194,7,0,11,1,70,,33198,7,0,11,1,30,,33195,7,0,11,1,70,,33212,7,0,11,1,30,,33192,7,0,11,1,70,,33211,7,0,11,1,30,,33203,7,0,11,1,69,,33205,7,0,11,1,30,,33206,7,0,11,1,70,,33200,7,0,11,1,30,,33193,7,0,11,1,70,,33199,7,0,11,1,30,,33202,7,0,11,1,70,,33204,7,0,11,1
40200,'1',618,,38289,7,0,13 14,1,30,,38293,7,0,13 14,1,70,,38305,7,0,13 14,1,30,,38286,7,0,13 14,1,70,,38303,7,0,13 14,1,30,,38284,7,0,13 14,1,70,,38287,7,0,13 14,1,30,,38283,7,0,13 14,1,70,,29418,7,0,13 14,1,30,,38294,7,0,13 14,1,70,,38290,7,0,13 14,1,30,,38306,7,0,13 14,1,70,,38307,7,0,13 14,1,30,,38288,7,0,13 14,1,70,,38301,7,0,13 14,1,30,,38298,7,0,13 14,1,70,,38297,7,0,13 14,1,30,,38300,7,0,13 14,1,70,,38295,7,0,13 14,1,30,,29676,7,0,13 14,1,70,,38292,7,0,13 14,1,30,,38291,7,0,13 14,1,70,,38282,7,0,13 14,1,30,,38296,7,0,13 14,1,100,,31675,7,0,13 14,1,99,,38285,7,0,13 14,1,100,,38299,7,0,13 14,1,100,,38304,7,0,13 14,1,100,,38302,7,0,13 14,1
40200,'11',618,,38316,7,0,13 14,1,30,,38321,7,0,13 14,1,70,,38333,7,0,13 14,1,30,,38312,7,0,13 14,1,70,,38331,7,0,13 14,1,30,,38310,7,0,13 14,1,70,,38313,7,0,13 14,1,30,,38309,7,0,13 14,1,70,,38320,7,0,13 14,1,30,,38322,7,0,13 14,1,70,,38317,7,0,13 14,1,30,,38334,7,0,13 14,1,70,,38335,7,0,13 14,1,30,,38314,7,0,13 14,1,70,,38329,7,0,13 14,1,30,,38326,7,0,13 14,1,70,,38325,7,0,13 14,1,30,,38328,7,0,13 14,1,70,,38323,7,0,13 14,1,30,,38336,7,0,13 14,1,70,,38319,7,0,13 14,1,30,,38318,7,0,13 14,1,70,,38308,7,0,13 14,1,30,,38324,7,0,13 14,1,100,,38315,7,0,13 14,1,99,,38311,7,0,13 14,1,100,,38327,7,0,13 14,1,100,,38332,7,0,13 14,1,100,,38330,7,0,13 14,1
40200,'12',1748,,38340,7,0,13 14,1,100,,38338,7,0,13 14,1,99,,38342,7,0,13 14,1,100,,38339,7,0,13 14,1,100,,38341,7,0,13 14,1,100,,38337,7,0,13 14,1
40200,'13',1748,,38346,7,0,13 14,1,100,,38344,7,0,13 14,1,99,,38348,7,0,13 14,1,100,,38345,7,0,13 14,1,100,,38347,7,0,13 14,1,100,,38343,7,0,13 14,1
40200,'14',1048,,38356,7,0,13 14,1,100,,38349,7,0,13 14,1,100,,38350,7,0,13 14,1,100,,38355,7,0,13 14,1,100,,38351,7,0,13 14,1,100,,38354,7,0,13 14,1,100,,38352,7,0,13 14,1,100,,38353,7,0,13 14,1
40200,'16',618,,38364,7,0,13 14,1,30,,38368,7,0,13 14,1,70,,38380,7,0,13 14,1,30,,38361,7,0,13 14,1,70,,38378,7,0,13 14,1,30,,38359,7,0,13 14,1,70,,38362,7,0,13 14,1,30,,38358,7,0,13 14,1,70,,29537,7,0,13 14,1,30,,38369,7,0,13 14,1,70,,38365,7,0,13 14,1,30,,38381,7,0,13 14,1,70,,38382,7,0,13 14,1,30,,38363,7,0,13 14,1,70,,38376,7,0,13 14,1,30,,38373,7,0,13 14,1,70,,38372,7,0,13 14,1,30,,38375,7,0,13 14,1,70,,38370,7,0,13 14,1,30,,29795,7,0,13 14,1,70,,38367,7,0,13 14,1,30,,38366,7,0,13 14,1,70,,38357,7,0,13 14,1,30,,38371,7,0,13 14,1,100,,31732,7,0,13 14,1,99,,38360,7,0,13 14,1,100,,38374,7,0,13 14,1,100,,38379,7,0,13 14,1,100,,38377,7,0,13 14,1
40200,'3',1748,,38386,7,0,13 14,1,100,,38384,7,0,13 14,1,99,,38388,7,0,13 14,1,100,,38385,7,0,13 14,1,100,,38387,7,0,13 14,1,100,,38383,7,0,13 14,1
40200,'6',1748,,38392,7,0,13 14,1,100,,38390,7,0,13 14,1,99,,38394,7,0,13 14,1,100,,38391,7,0,13 14,1,100,,38393,7,0,13 14,1,100,,38389,7,0,13 14,1
40200,'8',848,,38397,7,0,13 14,1,100,,38401,7,0,13 14,1,70,,38413,7,0,13 14,1,30,,38395,7,0,13 14,1,70,,38414,7,0,13 14,1,30,,38407,7,0,13 14,1,70,,38411,7,0,13 14,1,30,,38396,7,0,13 14,1,70,,38400,7,0,13 14,1,30,,38408,7,0,13 14,1,70,,38398,7,0,13 14,1,30,,38403,7,0,13 14,1,70,,38405,7,0,13 14,1,30,,38412,7,0,13 14,1,70,,38404,7,0,13 14,1,30,,38410,7,0,13 14,1,70,,38406,7,0,13 14,1,30,,38409,7,0,13 14,1,100,,38402,7,0,13 14,1,99,,38399,7,0,13 14,1
