33700,'1',1104,,15940,2,,,1,30,,15952,2,,,1,70,,15939,2,,,1,30,,15947,2,,,1,70,,15933,2,,,1,30,,15949,2,,,1,70,,15942,2,,,1,30,,15953,2,,,1,70,,1748,2,,,1,30,,774,2,,,1,70,,15934,2,,,1,30,,15928,2,,,1,70,,15930,2,,,1,30,,15945,2,,,1,70,,3122,2,,,1
33700,'10',704,,15965,2,,,1,30,,15966,2,,,1,70,,15993,2,,,1,30,,16002,2,,,1,70,,15967,2,,,1,30,,16001,2,,,1,70,,15995,2,,,1,30,,15983,2,,,1,70,,15954,2,,,1,30,,15982,2,,,1,70,,15971,2,,,1,30,,15999,2,,,1,70,,15977,2,,,1,30,,15955,2,,,1,70,,15957,2,,,1,30,,15987,2,,,1,70,,15991,2,,,1,30,,15978,2,,,1,70,,15980,2,,,1,30,,15973,2,,,1,70,,15981,2,,,1,30,,15998,2,,,1,70,,15984,2,,,1,30,,15990,2,,,1,70,,15997,2,,,1
33700,'12',1134,,16009,2,,,1,70,,16016,2,,,1,30,,16030,2,,,1,70,,16017,2,,,1,30,,16023,2,,,1,70,,16008,2,,,1,30,,16013,2,,,1,70,,16021,2,,,1,30,,16025,2,,,1,70,,16015,2,,,1,30,,16019,2,,,1,70,,16006,2,,,1,30,,16014,2,,,1,70,,16010,2,,,1,30,,16004,2,,,1
33700,'15',634,,16043,2,,,1,70,,16067,2,,,1,30,,16066,2,,,1,70,,16074,2,,,1,30,,16058,2,,,1,70,,16065,2,,,1,30,,16051,2,,,1,70,,16037,2,,,1,30,,16034,2,,,1,70,,16069,2,,,1,30,,16042,2,,,1,70,,16063,2,,,1,30,,16055,2,,,1,70,,16045,2,,,1,30,,16071,2,,,1,70,,16032,2,,,1,30,,16078,2,,,1,70,,16077,2,,,1,30,,16076,2,,,1,70,,16068,2,,,1,30,,16049,2,,,1,70,,16075,2,,,1,30,,16033,2,,,1,70,,16072,2,,,1,30,,16048,2,,,1
33700,'16',634,,16091,2,,,1,70,,16110,2,,,1,30,,16109,2,,,1,70,,16116,2,,,1,30,,16102,2,,,1,70,,16108,2,,,1,30,,16097,2,,,1,70,,16086,2,,,1,30,,8288,2,,,1,70,,16112,2,,,1,30,,16090,2,,,1,70,,16106,2,,,1,30,,16099,2,,,1,70,,2444,2,,,1,30,,6457,2,,,1,70,,16082,2,,,1,30,,16120,2,,,1,70,,16119,2,,,1,30,,16118,2,,,1,70,,16111,2,,,1,30,,16095,2,,,1,70,,16117,2,,,1,30,,16083,2,,,1,70,,16114,2,,,1,30,,16094,2,,,1
33700,'17',634,,16133,2,,,1,70,,16153,2,,,1,30,,16152,2,,,1,70,,16159,2,,,1,30,,16145,2,,,1,70,,16151,2,,,1,30,,16140,2,,,1,70,,16128,2,,,1,30,,8294,2,,,1,70,,16155,2,,,1,30,,16132,2,,,1,70,,16149,2,,,1,30,,16142,2,,,1,70,,2467,2,,,1,30,,6463,2,,,1,70,,16124,2,,,1,30,,16163,2,,,1,70,,16162,2,,,1,30,,16161,2,,,1,70,,16154,2,,,1,30,,16138,2,,,1,70,,16160,2,,,1,30,,16125,2,,,1,70,,16157,2,,,1,30,,16137,2,,,1
33700,'19',634,,16178,2,,,1,70,,16200,2,,,1,30,,16199,2,,,1,70,,16207,2,,,1,30,,16191,2,,,1,70,,16198,2,,,1,30,,16184,2,,,1,70,,16172,2,,,1,30,,16169,2,,,1,70,,16202,2,,,1,30,,16177,2,,,1,70,,16196,2,,,1,30,,16188,2,,,1,70,,16180,2,,,1,30,,16204,2,,,1,70,,16167,2,,,1,30,,16211,2,,,1,70,,16210,2,,,1,30,,16209,2,,,1,70,,16201,2,,,1,30,,7549,2,,,1,70,,16208,2,,,1,30,,16168,2,,,1,70,,16205,2,,,1,30,,16183,2,,,1
33700,'21',704,,16223,2,,,1,30,,16224,2,,,1,70,,16248,2,,,1,30,,16257,2,,,1,70,,7214,2,,,1,30,,16256,2,,,1,70,,16250,2,,,1,30,,16239,2,,,1,70,,16215,2,,,1,30,,8171,2,,,1,70,,16228,2,,,1,30,,16254,2,,,1,70,,16234,2,,,1,30,,16216,2,,,1,70,,5859,2,,,1,30,,16243,2,,,1,70,,16246,2,,,1,30,,16235,2,,,1,70,,16237,2,,,1,30,,16230,2,,,1,70,,16238,2,,,1,30,,16253,2,,,1,70,,16240,2,,,1,30,,7366,2,,,1,70,,16252,2,,,1
33700,'5',634,,16267,2,,,1,70,,16287,2,,,1,30,,16286,2,,,1,70,,16293,2,,,1,30,,16279,2,,,1,70,,16285,2,,,1,30,,16274,2,,,1,70,,16263,2,,,1,30,,8301,2,,,1,70,,16289,2,,,1,30,,4615,2,,,1,70,,16283,2,,,1,30,,16276,2,,,1,70,,2490,2,,,1,30,,6506,2,,,1,70,,16259,2,,,1,30,,16297,2,,,1,70,,16296,2,,,1,30,,16295,2,,,1,70,,16288,2,,,1,30,,16272,2,,,1,70,,16294,2,,,1,30,,16260,2,,,1,70,,16291,2,,,1,30,,16271,2,,,1
33700,'6',634,,16312,2,,,1,70,,16336,2,,,1,30,,16335,2,,,1,70,,16343,2,,,1,30,,16327,2,,,1,70,,16334,2,,,1,30,,16320,2,,,1,70,,16306,2,,,1,30,,16303,2,,,1,70,,16338,2,,,1,30,,16311,2,,,1,70,,16332,2,,,1,30,,16324,2,,,1,70,,16314,2,,,1,30,,16340,2,,,1,70,,16301,2,,,1,30,,16347,2,,,1,70,,16346,2,,,1,30,,16345,2,,,1,70,,16337,2,,,1,30,,16318,2,,,1,70,,16344,2,,,1,30,,16302,2,,,1,70,,16341,2,,,1,30,,16317,2,,,1
