31500,'12',633,,35245,9,,,1,70,,35250,9,,,1,30,,35249,9,,,1,70,,35263,9,,,1,30,,35266,9,,,1,70,,35246,9,,,1,30,,35261,9,,,1,70,,35254,9,,,1,30,,35253,9,,,1,70,,35248,9,,,1,30,,35267,9,,,1,70,,35264,9,,,1,30,,35258,9,,,1,70,,35247,9,,,1,30,,35256,9,,,1,71,,35255,9,,,1,30,,35262,9,,,1,70,,35259,9,,,1,30,,35265,9,,,1,70,,35252,9,,,1,30,,35251,9,,,1,70,,35257,9,,,1,30,,35260,9,,,1,70,,35268,9,,,1
31500,'13',633,,35269,9,,,1,70,,35274,9,,,1,30,,35273,9,,,1,70,,35286,9,,,1,30,,35289,9,,,1,70,,35270,9,,,1,30,,35285,9,,,1,70,,35278,9,,,1,30,,35277,9,,,1,70,,35272,9,,,1,30,,29184,9,,,1,70,,35287,9,,,1,30,,35282,9,,,1,70,,35271,9,,,1,30,,35280,9,,,1,71,,35279,9,,,1,30,,28817,9,,,1,70,,35283,9,,,1,30,,35288,9,,,1,70,,35276,9,,,1,30,,35275,9,,,1,70,,35281,9,,,1,30,,35284,9,,,1,70,,35290,9,,,1
31500,'3',633,,35291,9,,,1,70,,35296,9,,,1,30,,35295,9,,,1,70,,35308,9,,,1,30,,35311,9,,,1,70,,35292,9,,,1,30,,35307,9,,,1,70,,35300,9,,,1,30,,35299,9,,,1,70,,35294,9,,,1,30,,29195,9,,,1,70,,35309,9,,,1,30,,35304,9,,,1,70,,35293,9,,,1,30,,35302,9,,,1,71,,35301,9,,,1,30,,28840,9,,,1,70,,35305,9,,,1,30,,35310,9,,,1,70,,35298,9,,,1,30,,35297,9,,,1,70,,35303,9,,,1,30,,35306,9,,,1,70,,35312,9,,,1
31500,'6',633,,35313,9,,,1,70,,35318,9,,,1,30,,35317,9,,,1,70,,35331,9,,,1,30,,35334,9,,,1,70,,35314,9,,,1,30,,35329,9,,,1,70,,35322,9,,,1,30,,35321,9,,,1,70,,35316,9,,,1,30,,35335,9,,,1,70,,35332,9,,,1,30,,35326,9,,,1,70,,35315,9,,,1,30,,35324,9,,,1,71,,35323,9,,,1,30,,35330,9,,,1,70,,35327,9,,,1,30,,35333,9,,,1,70,,35320,9,,,1,30,,35319,9,,,1,70,,35325,9,,,1,30,,35328,9,,,1,70,,35336,9,,,1
41500,'1',648,,40162,9,0,20 14 21 18,1,70,,40152,9,0,20 14 21 18,1,30,,40169,9,0,20 14 21 18,1,70,,40153,9,0,20 14 21 18,1,30,,40164,9,0,20 14 21 18,1,70,,40148,9,0,20 14 21 18,1,30,,40151,9,0,20 14 21 18,1,70,,40147,9,0,20 14 21 18,1,30,,22327,9,0,20 14 21 18,1,70,,40167,9,0,20 14 21 18,1,30,,40159,9,0,20 14 21 18,1,70,,40171,9,0,20 14 21 18,1,30,,40170,9,0,20 14 21 18,1,70,,40163,9,0,20 14 21 18,1,30,,40156,9,0,20 14 21 18,1,70,,40149,9,0,20 14 21 18,1,30,,40165,9,0,20 14 21 18,1,70,,24701,9,0,20 14 21 18,1,30,,40168,9,0,20 14 21 18,1,70,,40154,9,0,20 14 21 18,1,30,,40172,9,0,20 14 21 18,1,70,,40166,9,0,20 14 21 18,1,30,,40155,9,0,20 14 21 18,1,70,,40150,9,0,20 14 21 18,1,100,,40160,9,0,20 14 21 18,1,100,,40158,9,0,20 14 21 18,1,100,,40161,9,0,20 14 21 18,1,100,,40173,9,0,20 14 21 18,1,100,,40157,9,0,20 14 21 18,1
41500,'11',648,,40190,9,0,20 14 21 18,1,70,,40179,9,0,20 14 21 18,1,30,,40197,9,0,20 14 21 18,1,70,,40180,9,0,20 14 21 18,1,30,,40192,9,0,20 14 21 18,1,70,,40175,9,0,20 14 21 18,1,30,,40178,9,0,20 14 21 18,1,70,,40174,9,0,20 14 21 18,1,30,,40185,9,0,20 14 21 18,1,70,,40195,9,0,20 14 21 18,1,30,,40187,9,0,20 14 21 18,1,70,,40200,9,0,20 14 21 18,1,30,,40198,9,0,20 14 21 18,1,70,,40191,9,0,20 14 21 18,1,30,,40183,9,0,20 14 21 18,1,70,,40176,9,0,20 14 21 18,1,30,,40193,9,0,20 14 21 18,1,70,,40199,9,0,20 14 21 18,1,30,,40196,9,0,20 14 21 18,1,70,,40181,9,0,20 14 21 18,1,30,,40201,9,0,20 14 21 18,1,70,,40194,9,0,20 14 21 18,1,30,,40182,9,0,20 14 21 18,1,70,,40177,9,0,20 14 21 18,1,100,,40188,9,0,20 14 21 18,1,100,,40186,9,0,20 14 21 18,1,100,,40189,9,0,20 14 21 18,1,100,,40202,9,0,20 14 21 18,1,100,,40184,9,0,20 14 21 18,1
41500,'12',1818,,40204,9,0,20 14 21 18,1,100,,40207,9,0,20 14 21 18,1,100,,40203,9,0,20 14 21 18,1,100,,40208,9,0,20 14 21 18,1,100,,40205,9,0,20 14 21 18,1,100,,40206,9,0,20 14 21 18,1
41500,'13',1818,,40210,9,0,20 14 21 18,1,100,,27351,9,0,20 14 21 18,1,100,,40209,9,0,20 14 21 18,1,100,,40213,9,0,20 14 21 18,1,100,,40211,9,0,20 14 21 18,1,100,,40212,9,0,20 14 21 18,1
41500,'14',1118,,40214,9,0,20 14 21 18,1,100,,40216,9,0,20 14 21 18,1,100,,40217,9,0,20 14 21 18,1,100,,40218,9,0,20 14 21 18,1,100,,40220,9,0,20 14 21 18,1,100,,40219,9,0,20 14 21 18,1,100,,40215,9,0,20 14 21 18,1
41500,'16',648,,40236,9,0,20 14 21 18,1,70,,40226,9,0,20 14 21 18,1,30,,40243,9,0,20 14 21 18,1,70,,40227,9,0,20 14 21 18,1,30,,40238,9,0,20 14 21 18,1,70,,40222,9,0,20 14 21 18,1,30,,40225,9,0,20 14 21 18,1,70,,40221,9,0,20 14 21 18,1,30,,30900,9,0,20 14 21 18,1,70,,40241,9,0,20 14 21 18,1,30,,40233,9,0,20 14 21 18,1,70,,40245,9,0,20 14 21 18,1,30,,40244,9,0,20 14 21 18,1,70,,40237,9,0,20 14 21 18,1,30,,40230,9,0,20 14 21 18,1,70,,40223,9,0,20 14 21 18,1,30,,40239,9,0,20 14 21 18,1,70,,31219,9,0,20 14 21 18,1,30,,40242,9,0,20 14 21 18,1,70,,40228,9,0,20 14 21 18,1,30,,40246,9,0,20 14 21 18,1,70,,40240,9,0,20 14 21 18,1,30,,40229,9,0,20 14 21 18,1,70,,40224,9,0,20 14 21 18,1,100,,40234,9,0,20 14 21 18,1,100,,40232,9,0,20 14 21 18,1,100,,40235,9,0,20 14 21 18,1,100,,40247,9,0,20 14 21 18,1,100,,40231,9,0,20 14 21 18,1
41500,'3',1818,,40249,9,0,20 14 21 18,1,100,,27389,9,0,20 14 21 18,1,100,,40248,9,0,20 14 21 18,1,100,,40252,9,0,20 14 21 18,1,100,,40250,9,0,20 14 21 18,1,100,,40251,9,0,20 14 21 18,1
41500,'6',1818,,40254,9,0,20 14 21 18,1,100,,40257,9,0,20 14 21 18,1,100,,40253,9,0,20 14 21 18,1,100,,40258,9,0,20 14 21 18,1,100,,40255,9,0,20 14 21 18,1,100,,40256,9,0,20 14 21 18,1
41500,'8',918,,40260,9,0,20 14 21 18,1,100,,40273,9,0,20 14 21 18,1,30,,40275,9,0,20 14 21 18,1,70,,40261,9,0,20 14 21 18,1,30,,40269,9,0,20 14 21 18,1,70,,40274,9,0,20 14 21 18,1,30,,40262,9,0,20 14 21 18,1,70,,40263,9,0,20 14 21 18,1,30,,40276,9,0,20 14 21 18,1,70,,40268,9,0,20 14 21 18,1,30,,40264,9,0,20 14 21 18,1,70,,40277,9,0,20 14 21 18,1,30,,40271,9,0,20 14 21 18,1,70,,40266,9,0,20 14 21 18,1,30,,40259,9,0,20 14 21 18,1,70,,40265,9,0,20 14 21 18,1,30,,40270,9,0,20 14 21 18,1,70,,40267,9,0,20 14 21 18,1,100,,40272,9,0,20 14 21 18,1
