30100,'1',616,,32,4,0,5 6,1,30,,5,4,0,5 6,1,70,,29,4,0,5 6,1,30,,39,4,0,5 6,1,70,,47,4,0,5 6,1,30,,8,4,0,5 6,1,70,,45,4,0,5 6,1,30,,44,4,0,5 6,1,70,,30,4,0,5 6,1,30,,13,4,0,5 6,1,70,,34,4,0,5 6,1,30,,9,4,0,5 6,1,70,,14,4,0,5 6,1,30,,22,4,0,5 6,1,70,,23,4,0,5 6,1,30,,41,4,0,5 6,1,70,,25,4,0,5 6,1,30,,40,4,0,5 6,1,70,,3,4,0,5 6,1,30,,35,4,0,5 6,1,70,,20,4,0,5 6,1,30,,42,4,0,5 6,1,70,,4,4,0,5 6,1
30100,'10',616,,79,4,0,5 6,1,30,,52,4,0,5 6,1,70,,76,4,0,5 6,1,30,,86,4,0,5 6,1,70,,94,4,0,5 6,1,30,,55,4,0,5 6,1,70,,92,4,0,5 6,1,30,,91,4,0,5 6,1,70,,77,4,0,5 6,1,30,,60,4,0,5 6,1,70,,81,4,0,5 6,1,30,,56,4,0,5 6,1,70,,61,4,0,5 6,1,30,,69,4,0,5 6,1,70,,70,4,0,5 6,1,30,,88,4,0,5 6,1,70,,72,4,0,5 6,1,30,,87,4,0,5 6,1,70,,50,4,0,5 6,1,30,,82,4,0,5 6,1,70,,67,4,0,5 6,1,30,,89,4,0,5 6,1,70,,51,4,0,5 6,1
30100,'11',616,,126,4,0,5 6,1,30,,99,4,0,5 6,1,70,,123,4,0,5 6,1,30,,133,4,0,5 6,1,70,,141,4,0,5 6,1,30,,102,4,0,5 6,1,70,,139,4,0,5 6,1,30,,138,4,0,5 6,1,70,,124,4,0,5 6,1,30,,107,4,0,5 6,1,70,,128,4,0,5 6,1,30,,103,4,0,5 6,1,70,,108,4,0,5 6,1,30,,116,4,0,5 6,1,70,,117,4,0,5 6,1,30,,135,4,0,5 6,1,70,,119,4,0,5 6,1,30,,134,4,0,5 6,1,70,,97,4,0,5 6,1,30,,129,4,0,5 6,1,70,,114,4,0,5 6,1,30,,136,4,0,5 6,1,70,,98,4,0,5 6,1
30100,'3',616,,173,4,0,5 6,1,30,,146,4,0,5 6,1,70,,170,4,0,5 6,1,30,,180,4,0,5 6,1,70,,188,4,0,5 6,1,30,,149,4,0,5 6,1,70,,186,4,0,5 6,1,30,,185,4,0,5 6,1,70,,171,4,0,5 6,1,30,,154,4,0,5 6,1,70,,175,4,0,5 6,1,30,,150,4,0,5 6,1,70,,155,4,0,5 6,1,30,,163,4,0,5 6,1,70,,164,4,0,5 6,1,30,,182,4,0,5 6,1,70,,166,4,0,5 6,1,30,,181,4,0,5 6,1,70,,144,4,0,5 6,1,30,,176,4,0,5 6,1,70,,161,4,0,5 6,1,30,,183,4,0,5 6,1,70,,145,4,0,5 6,1
30600,'1',601,,1162,4,0,7,1,30,,1179,4,0,7,1,70,,1159,4,0,7,1,30,,1158,4,0,7,1,70,,1163,4,0,7,1,30,,1174,4,0,7,1,70,,1166,4,0,7,1,30,,1178,4,0,7,1,70,,1170,4,0,7,1,30,,1172,4,0,7,1,70,,1180,4,0,7,1,30,,1177,4,0,7,1,70,,1161,4,0,7,1,30,,1167,4,0,7,1,70,,1164,4,0,7,1,30,,1157,4,0,7,1,70,,1171,4,0,7,1,30,,1176,4,0,7,1,70,,1169,4,0,7,1,30,,1168,4,0,7,1,70,,1165,4,0,7,1,30,,1173,4,0,7,1,70,,1175,4,0,7,1,30,,1160,4,0,7,1
30600,'10',601,,1186,4,0,7,1,30,,1203,4,0,7,1,70,,1183,4,0,7,1,30,,1182,4,0,7,1,70,,1187,4,0,7,1,30,,1198,4,0,7,1,70,,1190,4,0,7,1,30,,1202,4,0,7,1,70,,1194,4,0,7,1,30,,1196,4,0,7,1,70,,1204,4,0,7,1,30,,1201,4,0,7,1,70,,1185,4,0,7,1,30,,1191,4,0,7,1,70,,1188,4,0,7,1,30,,1181,4,0,7,1,70,,1195,4,0,7,1,30,,1200,4,0,7,1,70,,1193,4,0,7,1,30,,1192,4,0,7,1,70,,1189,4,0,7,1,30,,1197,4,0,7,1,70,,1199,4,0,7,1,30,,1184,4,0,7,1
30600,'11',601,,1210,4,0,7,1,30,,1227,4,0,7,1,70,,1207,4,0,7,1,30,,1206,4,0,7,1,70,,1211,4,0,7,1,30,,1222,4,0,7,1,70,,1214,4,0,7,1,30,,1226,4,0,7,1,70,,1218,4,0,7,1,30,,1220,4,0,7,1,70,,1228,4,0,7,1,30,,1225,4,0,7,1,70,,1209,4,0,7,1,30,,1215,4,0,7,1,70,,1212,4,0,7,1,30,,1205,4,0,7,1,70,,1219,4,0,7,1,30,,1224,4,0,7,1,70,,1217,4,0,7,1,30,,1216,4,0,7,1,70,,1213,4,0,7,1,30,,1221,4,0,7,1,70,,1223,4,0,7,1,30,,1208,4,0,7,1
30600,'3',601,,1234,4,0,7,1,30,,1251,4,0,7,1,70,,1231,4,0,7,1,30,,1230,4,0,7,1,70,,1235,4,0,7,1,30,,1246,4,0,7,1,70,,1238,4,0,7,1,30,,1250,4,0,7,1,70,,1242,4,0,7,1,30,,1244,4,0,7,1,70,,1252,4,0,7,1,30,,1249,4,0,7,1,70,,1233,4,0,7,1,30,,1239,4,0,7,1,70,,1236,4,0,7,1,30,,1229,4,0,7,1,70,,1243,4,0,7,1,30,,1248,4,0,7,1,70,,1241,4,0,7,1,30,,1240,4,0,7,1,70,,1237,4,0,7,1,30,,1245,4,0,7,1,70,,1247,4,0,7,1,30,,1232,4,0,7,1
33700,'1',701,,5223,4,,,1,30,,5221,4,,,1,70,,5194,4,,,1,30,,5219,4,,,1,70,,5181,4,,,1,30,,5187,4,,,1,70,,5195,4,,,1,30,,5214,4,,,1,70,,5217,4,,,1,30,,5220,4,,,1,70,,5203,4,,,1,30,,5183,4,,,1,70,,5218,4,,,1,30,,5198,4,,,1,70,,5191,4,,,1,30,,5177,4,,,1,70,,5182,4,,,1,30,,5213,4,,,1,70,,5202,4,,,1,30,,5209,4,,,1,70,,5205,4,,,1,30,,5225,4,,,1,70,,5179,4,,,1,30,,5226,4,,,1,70,,5224,4,,,1
33700,'10',701,,5273,4,,,1,30,,5271,4,,,1,70,,5244,4,,,1,30,,5269,4,,,1,70,,5231,4,,,1,30,,5237,4,,,1,70,,5245,4,,,1,30,,5264,4,,,1,70,,5267,4,,,1,30,,5270,4,,,1,70,,5253,4,,,1,30,,5233,4,,,1,70,,5268,4,,,1,30,,5248,4,,,1,70,,5241,4,,,1,30,,5227,4,,,1,70,,5232,4,,,1,30,,5263,4,,,1,70,,5252,4,,,1,30,,5259,4,,,1,70,,5255,4,,,1,30,,5275,4,,,1,70,,5229,4,,,1,30,,5276,4,,,1,70,,5274,4,,,1
33700,'11',701,,5323,4,,,1,30,,5321,4,,,1,70,,5294,4,,,1,30,,5319,4,,,1,70,,5281,4,,,1,30,,5287,4,,,1,70,,5295,4,,,1,30,,5314,4,,,1,70,,5317,4,,,1,30,,5320,4,,,1,70,,5303,4,,,1,30,,5283,4,,,1,70,,5318,4,,,1,30,,5298,4,,,1,70,,5291,4,,,1,30,,5277,4,,,1,70,,5282,4,,,1,30,,5313,4,,,1,70,,5302,4,,,1,30,,5309,4,,,1,70,,5305,4,,,1,30,,5325,4,,,1,70,,5279,4,,,1,30,,5326,4,,,1,70,,5324,4,,,1
33700,'12',1131,,5355,4,,,1,70,,5334,4,,,1,30,,5354,4,,,1,70,,5349,4,,,1,30,,5351,4,,,1,70,,5356,4,,,1,30,,5333,4,,,1,70,,5350,4,,,1,30,,5344,4,,,1,70,,5341,4,,,1,30,,5348,4,,,1,70,,5353,4,,,1,30,,5339,4,,,1,70,,5343,4,,,1,30,,5327,4,,,1
33700,'14',731,,5375,4,,,1,70,,5373,4,,,1,30,,5358,4,,,1,70,,5399,4,,,1,30,,5400,4,,,1,70,,5370,4,,,1,30,,5361,4,,,1,70,,5385,4,,,1,30,,5359,4,,,1,70,,5388,4,,,1,30,,5393,4,,,1,70,,5402,4,,,1,30,,5363,4,,,1,70,,5395,4,,,1,30,,5389,4,,,1,70,,5397,4,,,1,30,,5372,4,,,1,70,,5390,4,,,1,30,,5383,4,,,1,70,,5368,4,,,1,30,,5357,4,,,1,70,,5371,4,,,1,30,,5384,4,,,1,70,,5382,4,,,1,30,,5374,4,,,1
33700,'3',701,,5453,4,,,1,30,,5451,4,,,1,70,,5424,4,,,1,30,,5449,4,,,1,70,,5411,4,,,1,30,,5417,4,,,1,70,,5425,4,,,1,30,,5444,4,,,1,70,,5447,4,,,1,30,,5450,4,,,1,70,,5433,4,,,1,30,,5413,4,,,1,70,,5448,4,,,1,30,,5428,4,,,1,70,,5421,4,,,1,30,,5407,4,,,1,70,,5412,4,,,1,30,,5443,4,,,1,70,,5432,4,,,1,30,,5439,4,,,1,70,,5435,4,,,1,30,,5455,4,,,1,70,,5409,4,,,1,30,,5456,4,,,1,70,,5454,4,,,1
33700,'7',1201,,5470,4,,,1,30,,5472,4,,,1,70,,5464,4,,,1,30,,5466,4,,,1,70,,5469,4,,,1,30,,5471,4,,,1,70,,5460,4,,,1,30,,5486,4,,,1,70,,5465,4,,,1,30,,5458,4,,,1,70,,5463,4,,,1,30,,5480,4,,,1,70,,5468,4,,,1,30,,5476,4,,,1,70,,5473,4,,,1
40100,'1',1746,,5808,4,0,8,1,100,,5799,4,0,8,1,100,,5810,4,0,8,1,100,,5806,4,0,8,1,100,,5807,4,0,8,1,100,,5801,4,0,8,1,100,,5805,4,0,8,1
40100,'10',1746,,5822,4,0,8,1,100,,5813,4,0,8,1,100,,5824,4,0,8,1,100,,5820,4,0,8,1,100,,5821,4,0,8,1,100,,5815,4,0,8,1,100,,5819,4,0,8,1
40100,'11',1746,,5836,4,0,8,1,100,,5827,4,0,8,1,100,,5838,4,0,8,1,100,,5834,4,0,8,1,100,,5835,4,0,8,1,100,,5829,4,0,8,1,100,,5833,4,0,8,1
40100,'12',1046,,5851,4,0,8,1,100,,5847,4,0,8,1,100,,5852,4,0,8,1,100,,5846,4,0,8,1,100,,5844,4,0,8,1,100,,5853,4,0,8,1,100,,5849,4,0,8,1,100,,5841,4,0,8,1
40100,'14',616,,5860,4,0,8,1,30,,5890,4,0,8,1,70,,5874,4,0,8,1,30,,5883,4,0,8,1,70,,5879,4,0,8,1,30,,5871,4,0,8,1,70,,5900,4,0,8,1,30,,5859,4,0,8,1,70,,5858,4,0,8,1,30,,5894,4,0,8,1,70,,5868,4,0,8,1,30,,5899,4,0,8,1,70,,5873,4,0,8,1,30,,5857,4,0,8,1,70,,5861,4,0,8,1,30,,5866,4,0,8,1,70,,5904,4,0,8,1,30,,5893,4,0,8,1,70,,5906,4,0,8,1,30,,5888,4,0,8,1,70,,5892,4,0,8,1,30,,5876,4,0,8,1,70,,5864,4,0,8,1,30,,5867,4,0,8,1,100,,5884,4,0,8,1,100,,5855,4,0,8,1,100,,5882,4,0,8,1,100,,5878,4,0,8,1,100,,5887,4,0,8,1,100,,5877,4,0,8,1
40100,'3',1746,,5926,4,0,8,1,100,,5917,4,0,8,1,100,,5928,4,0,8,1,100,,5924,4,0,8,1,100,,5925,4,0,8,1,100,,5919,4,0,8,1,100,,5923,4,0,8,1
40100,'7',846,,5962,4,0,8,1,100,,5937,4,0,8,1,70,,5933,4,0,8,1,30,,5951,4,0,8,1,70,,5939,4,0,8,1,30,,5963,4,0,8,1,70,,5943,4,0,8,1,30,,5938,4,0,8,1,70,,5949,4,0,8,1,30,,5941,4,0,8,1,70,,5940,4,0,8,1,30,,5958,4,0,8,1,70,,5946,4,0,8,1,30,,5952,4,0,8,1,70,,5929,4,0,8,1,30,,5960,4,0,8,1,70,,5934,4,0,8,1,30,,5932,4,0,8,1,100,,5950,4,0,8,1,100,,5956,4,0,8,1
40600,'1',1816,,6450,4,0,9 10,1,100,,6447,4,0,9 10,1,100,,6446,4,0,9 10,1,100,,6448,4,0,9 10,1,100,,6451,4,0,9 10,1,100,,6449,4,0,9 10,1
40600,'10',1816,,6456,4,0,9 10,1,100,,6453,4,0,9 10,1,100,,6452,4,0,9 10,1,100,,6454,4,0,9 10,1,100,,6457,4,0,9 10,1,100,,6455,4,0,9 10,1
40600,'11',1816,,6462,4,0,9 10,1,100,,6459,4,0,9 10,1,100,,6458,4,0,9 10,1,100,,6460,4,0,9 10,1,100,,6463,4,0,9 10,1,100,,6461,4,0,9 10,1
40600,'12',1116,,6464,4,0,9 10,1,100,,6469,4,0,9 10,1,100,,6466,4,0,9 10,1,100,,6470,4,0,9 10,1,100,,6465,4,0,9 10,1,100,,6468,4,0,9 10,1,100,,6467,4,0,9 10,1
40600,'14',616,,6484,4,0,9 10,1,30,,6490,4,0,9 10,1,70,,6494,4,0,9 10,1,30,,6496,4,0,9 10,1,70,,6489,4,0,9 10,1,30,,6476,4,0,9 10,1,70,,6497,4,0,9 10,1,30,,6488,4,0,9 10,1,70,,6475,4,0,9 10,1,30,,6479,4,0,9 10,1,70,,6487,4,0,9 10,1,30,,6498,4,0,9 10,1,70,,6474,4,0,9 10,1,30,,6486,4,0,9 10,1,70,,6478,4,0,9 10,1,30,,6472,4,0,9 10,1,70,,6493,4,0,9 10,1,30,,6485,4,0,9 10,1,70,,6471,4,0,9 10,1,30,,6483,4,0,9 10,1,70,,6495,4,0,9 10,1,30,,6477,4,0,9 10,1,70,,6473,4,0,9 10,1,30,,6491,4,0,9 10,1,70,,6482,4,0,9 10,1,100,,6500,4,0,9 10,1,100,,6481,4,0,9 10,1,100,,6499,4,0,9 10,1,100,,6480,4,0,9 10,1,100,,6492,4,0,9 10,1
40600,'3',1816,,6505,4,0,9 10,1,100,,6502,4,0,9 10,1,100,,6501,4,0,9 10,1,100,,6503,4,0,9 10,1,100,,6506,4,0,9 10,1,100,,6504,4,0,9 10,1
40600,'7',916,,6513,4,0,9 10,1,100,,6514,4,0,9 10,1,30,,6516,4,0,9 10,1,70,,6510,4,0,9 10,1,30,,6518,4,0,9 10,1,70,,6511,4,0,9 10,1,30,,6507,4,0,9 10,1,70,,6515,4,0,9 10,1,30,,6520,4,0,9 10,1,70,,6509,4,0,9 10,1,30,,6523,4,0,9 10,1,70,,6525,4,0,9 10,1,30,,6517,4,0,9 10,1,70,,6508,4,0,9 10,1,30,,6519,4,0,9 10,1,70,,6524,4,0,9 10,1,30,,6521,4,0,9 10,1,70,,6522,4,0,9 10,1,100,,6512,4,0,9 10,1
43700,'1',1946,,8680,4,,,1,100,,8679,4,,,1,100,,8676,4,,,1,100,,8675,4,,,1,100,,8678,4,,,1
43700,'10',1946,,8690,4,,,1,100,,8689,4,,,1,100,,8686,4,,,1,100,,8685,4,,,1,100,,8688,4,,,1
43700,'11',1946,,8700,4,,,1,100,,8699,4,,,1,100,,8696,4,,,1,100,,8695,4,,,1,100,,8698,4,,,1
43700,'14',1946,,8712,4,,,1,100,,8705,4,,,1,100,,8709,4,,,1,100,,8708,4,,,1,100,,8711,4,,,1
43700,'3',1946,,8720,4,,,1,100,,8719,4,,,1,100,,8716,4,,,1,100,,8715,4,,,1,100,,8718,4,,,1
