31000,'11',648,,28203,6,0,17 18,1,70,,28194,6,0,17 18,1,30,,28191,6,0,17 18,1,70,,28196,6,0,17 18,1,30,,28189,6,0,17 18,1,70,,28201,6,0,17 18,1,30,,28188,6,0,17 18,1,70,,28204,6,0,17 18,1,30,,28186,6,0,17 18,1,70,,28199,6,0,17 18,1,30,,28193,6,0,17 18,1,70,,28192,6,0,17 18,1,30,,28198,6,0,17 18,1,70,,28200,6,0,17 18,1,30,,22412,6,0,17 18,1,71,,28187,6,0,17 18,1,30,,28202,6,0,17 18,1,70,,28197,6,0,17 18,1,30,,28185,6,0,17 18,1,70,,28190,6,0,17 18,1,30,,28195,6,0,17 18,1,70,,23551,6,0,17 18,1,30,,28205,6,0,17 18,1
31000,'3',648,,28224,6,0,17 18,1,70,,28215,6,0,17 18,1,30,,28212,6,0,17 18,1,70,,28217,6,0,17 18,1,30,,28210,6,0,17 18,1,70,,28222,6,0,17 18,1,30,,28209,6,0,17 18,1,70,,28225,6,0,17 18,1,30,,28207,6,0,17 18,1,70,,28220,6,0,17 18,1,30,,28214,6,0,17 18,1,70,,28213,6,0,17 18,1,30,,28219,6,0,17 18,1,70,,28221,6,0,17 18,1,30,,22434,6,0,17 18,1,71,,28208,6,0,17 18,1,30,,28223,6,0,17 18,1,70,,28218,6,0,17 18,1,30,,28206,6,0,17 18,1,70,,28211,6,0,17 18,1,30,,28216,6,0,17 18,1,70,,23572,6,0,17 18,1,30,,28226,6,0,17 18,1
31600,'11',647,,28606,6,0,19,1,55,,28605,6,0,19,1,15,,28602,6,0,19,1,15,,28620,6,0,19,1,15,,28598,6,0,19,1,55,,24111,6,0,19,1,15,,28617,6,0,19,1,15,,13762,6,0,19,1,15,,28601,6,0,19,1,55,,28588,6,0,19,1,15,,28597,6,0,19,1,15,,28590,6,0,19,1,15,,28625,6,0,19,1,56,,28589,6,0,19,1,15,,28626,6,0,19,1,15,,28595,6,0,19,1,15,,28609,6,0,19,1,55,,28587,6,0,19,1,15,,28607,6,0,19,1,15,,28627,6,0,19,1,15,,28622,6,0,19,1,55,,28628,6,0,19,1,15,,22781,6,0,19,1,15,,28600,6,0,19,1,15,,28608,6,0,19,1,55,,28618,6,0,19,1,15,,28613,6,0,19,1,15,,28594,6,0,19,1,15,,28592,6,0,19,1,55,,23477,6,0,19,1,15,,28623,6,0,19,1,15,,28591,6,0,19,1,15,,28593,6,0,19,1,55,,28610,6,0,19,1,15,,28614,6,0,19,1,15,,28611,6,0,19,1,15,,28604,6,0,19,1,55,,28621,6,0,19,1,15,,28624,6,0,19,1,15,,28616,6,0,19,1,15,,28619,6,0,19,1,55,,28612,6,0,19,1,15,,28603,6,0,19,1,15,,28596,6,0,19,1,15,,28599,6,0,19,1,55,,22723,6,0,19,1,15,,28615,6,0,19,1
31600,'3',647,,28648,6,0,19,1,55,,28647,6,0,19,1,15,,28644,6,0,19,1,15,,28662,6,0,19,1,15,,28640,6,0,19,1,55,,24123,6,0,19,1,15,,28659,6,0,19,1,15,,13810,6,0,19,1,15,,28643,6,0,19,1,55,,28630,6,0,19,1,15,,28639,6,0,19,1,15,,28632,6,0,19,1,15,,28667,6,0,19,1,56,,28631,6,0,19,1,15,,28668,6,0,19,1,15,,28637,6,0,19,1,15,,28651,6,0,19,1,55,,28629,6,0,19,1,15,,28649,6,0,19,1,15,,28669,6,0,19,1,15,,28664,6,0,19,1,55,,28670,6,0,19,1,15,,22802,6,0,19,1,15,,28642,6,0,19,1,15,,28650,6,0,19,1,55,,28660,6,0,19,1,15,,28655,6,0,19,1,15,,28636,6,0,19,1,15,,28634,6,0,19,1,55,,23514,6,0,19,1,15,,28665,6,0,19,1,15,,28633,6,0,19,1,15,,28635,6,0,19,1,55,,28652,6,0,19,1,15,,28656,6,0,19,1,15,,28653,6,0,19,1,15,,28646,6,0,19,1,55,,28663,6,0,19,1,15,,28666,6,0,19,1,15,,28658,6,0,19,1,15,,28661,6,0,19,1,55,,28654,6,0,19,1,15,,28645,6,0,19,1,15,,28638,6,0,19,1,15,,28641,6,0,19,1,55,,22745,6,0,19,1,15,,28657,6,0,19,1
41000,'1',648,,31130,6,,,1,70,,31119,6,,,1,30,,31131,6,,,1,70,,31132,6,,,1,30,,31115,6,,,1,70,,31120,6,,,1,30,,24198,6,,,1,70,,31116,6,,,1,30,,31126,6,,,1,70,,31122,6,,,1,30,,31129,6,,,1,70,,31127,6,,,1,30,,31128,6,,,1,70,,31123,6,,,1,30,,31118,6,,,1,70,,31117,6,,,1,30,,31114,6,,,1,70,,24879,6,,,1,30,,31121,6,,,1,70,,31113,6,,,1,30,,31124,6,,,1,70,,31125,6,,,1,30,,23526,6,,,1
41000,'12',1048,,31135,6,,,1,100,,31138,6,,,1,100,,31133,6,,,1,100,,31136,6,,,1,100,,31137,6,,,1,100,,25514,6,,,1,100,,31134,6,,,1,100,,31139,6,,,1
41000,'14',648,,31155,6,,,1,70,,31146,6,,,1,30,,31156,6,,,1,70,,31157,6,,,1,30,,25098,6,,,1,70,,31147,6,,,1,30,,31142,6,,,1,70,,26631,6,,,1,30,,31151,6,,,1,70,,31148,6,,,1,30,,31154,6,,,1,70,,31152,6,,,1,30,,31153,6,,,1,70,,31149,6,,,1,30,,31145,6,,,1,70,,31144,6,,,1,30,,26840,6,,,1,70,,31140,6,,,1,30,,20047,6,,,1,70,,31141,6,,,1,30,,31150,6,,,1,70,,25240,6,,,1,30,,31143,6,,,1
41000,'8',848,,31176,6,,,1,100,,31160,6,,,1,70,,31174,6,,,1,30,,31170,6,,,1,70,,31163,6,,,1,30,,31164,6,,,1,70,,31171,6,,,1,30,,31173,6,,,1,70,,31159,6,,,1,30,,31162,6,,,1,70,,31172,6,,,1,30,,31166,6,,,1,70,,31177,6,,,1,30,,31175,6,,,1,70,,31168,6,,,1,30,,31158,6,,,1,70,,31165,6,,,1,30,,31167,6,,,1,100,,31169,6,,,1,100,,31161,6,,,1
41600,'1',717,,31669,6,0,19,1,30,,31674,6,0,19,1,70,,31678,6,0,19,1,30,,31668,6,0,19,1,70,,31671,6,0,19,1,30,,31693,6,0,19,1,71,,31667,6,0,19,1,30,,31685,6,0,19,1,70,,31679,6,0,19,1,30,,31694,6,0,19,1,70,,31687,6,0,19,1,30,,22957,6,0,19,1,70,,31676,6,0,19,1,30,,31675,6,0,19,1,70,,31692,6,0,19,1,30,,31682,6,0,19,1,70,,31688,6,0,19,1,30,,31677,6,0,19,1,70,,23655,6,0,19,1,30,,31670,6,0,19,1,70,,31683,6,0,19,1,30,,31673,6,0,19,1,70,,31689,6,0,19,1,30,,31691,6,0,19,1,69,,31696,6,0,19,1,30,,31695,6,0,19,1,70,,31686,6,0,19,1,30,,31666,6,0,19,1,70,,31684,6,0,19,1,30,,31680,6,0,19,1,70,,31672,6,0,19,1,30,,31690,6,0,19,1,70,,31681,6,0,19,1
41600,'11',1848,,31701,6,0,19,1,69,,31703,6,0,19,1,30,,31700,6,0,19,1,70,,31699,6,0,19,1,30,,23203,6,0,19,1,70,,31698,6,0,19,1,30,,31705,6,0,19,1,70,,31697,6,0,19,1,30,,31704,6,0,19,1,70,,31702,6,0,19,1
41600,'12',1048,,31715,6,0,19,1,70,,31710,6,0,19,1,30,,31713,6,0,19,1,70,,31708,6,0,19,1,30,,31717,6,0,19,1,70,,31716,6,0,19,1,30,,31718,6,0,19,1,70,,31714,6,0,19,1,30,,31711,6,0,19,1,70,,31707,6,0,19,1,30,,31709,6,0,19,1,70,,31719,6,0,19,1,30,,31712,6,0,19,1,70,,31720,6,0,19,1,30,,31706,6,0,19,1
41600,'14',717,,31724,6,0,19,1,30,,31731,6,0,19,1,70,,31735,6,0,19,1,30,,31723,6,0,19,1,70,,31727,6,0,19,1,30,,31748,6,0,19,1,71,,31722,6,0,19,1,30,,31741,6,0,19,1,70,,31736,6,0,19,1,30,,31749,6,0,19,1,70,,31743,6,0,19,1,30,,31725,6,0,19,1,70,,31733,6,0,19,1,30,,31732,6,0,19,1,70,,31747,6,0,19,1,30,,31738,6,0,19,1,70,,31744,6,0,19,1,30,,31734,6,0,19,1,70,,31730,6,0,19,1,30,,31726,6,0,19,1,70,,31739,6,0,19,1,30,,31729,6,0,19,1,70,,31745,6,0,19,1,30,,31746,6,0,19,1,69,,31751,6,0,19,1,30,,31750,6,0,19,1,70,,31742,6,0,19,1,30,,31721,6,0,19,1,70,,31740,6,0,19,1,30,,31737,6,0,19,1,70,,31728,6,0,19,1,30,,5913,6,0,19,1,70,,7358,6,0,19,1
41600,'3',1848,,31756,6,0,19,1,69,,31758,6,0,19,1,30,,31755,6,0,19,1,70,,31754,6,0,19,1,30,,23218,6,0,19,1,70,,31753,6,0,19,1,30,,31760,6,0,19,1,70,,31752,6,0,19,1,30,,31759,6,0,19,1,70,,31757,6,0,19,1
41600,'8',847,,31779,6,0,19,1,70,,31772,6,0,19,1,30,,25999,6,0,19,1,71,,31778,6,0,19,1,30,,31782,6,0,19,1,70,,31767,6,0,19,1,30,,31768,6,0,19,1,70,,31780,6,0,19,1,30,,31777,6,0,19,1,70,,31781,6,0,19,1,30,,31762,6,0,19,1,70,,31773,6,0,19,1,30,,31770,6,0,19,1,70,,31771,6,0,19,1,30,,31765,6,0,19,1,70,,31769,6,0,19,1,30,,31776,6,0,19,1,70,,31764,6,0,19,1,30,,31763,6,0,19,1,70,,31774,6,0,19,1,30,,31775,6,0,19,1,69,,31766,6,0,19,1,30,,31761,6,0,19,1
