30401,'1',641,,866,9,0,49,1,70,,863,9,0,49,1,30,,881,9,0,49,1,70,,879,9,0,49,1,30,,874,9,0,49,1,70,,865,9,0,49,1,30,,862,9,0,49,1,70,,882,9,0,49,1,30,,884,9,0,49,1,70,,873,9,0,49,1,30,,870,9,0,49,1,70,,872,9,0,49,1,30,,875,9,0,49,1,70,,861,9,0,49,1,30,,883,9,0,49,1,71,,880,9,0,49,1,30,,885,9,0,49,1,70,,876,9,0,49,1,30,,878,9,0,49,1,70,,867,9,0,49,1,30,,868,9,0,49,1,70,,869,9,0,49,1,30,,864,9,0,49,1,70,,871,9,0,49,1,30,,877,9,0,49,1
30401,'10',641,,891,9,0,49,1,70,,888,9,0,49,1,30,,906,9,0,49,1,70,,904,9,0,49,1,30,,899,9,0,49,1,70,,890,9,0,49,1,30,,887,9,0,49,1,70,,907,9,0,49,1,30,,909,9,0,49,1,70,,898,9,0,49,1,30,,895,9,0,49,1,70,,897,9,0,49,1,30,,900,9,0,49,1,70,,886,9,0,49,1,30,,908,9,0,49,1,71,,905,9,0,49,1,30,,910,9,0,49,1,70,,901,9,0,49,1,30,,903,9,0,49,1,70,,892,9,0,49,1,30,,893,9,0,49,1,70,,894,9,0,49,1,30,,889,9,0,49,1,70,,896,9,0,49,1,30,,902,9,0,49,1
30401,'11',641,,916,9,0,49,1,70,,913,9,0,49,1,30,,931,9,0,49,1,70,,929,9,0,49,1,30,,924,9,0,49,1,70,,915,9,0,49,1,30,,912,9,0,49,1,70,,932,9,0,49,1,30,,934,9,0,49,1,70,,923,9,0,49,1,30,,920,9,0,49,1,70,,922,9,0,49,1,30,,925,9,0,49,1,70,,911,9,0,49,1,30,,933,9,0,49,1,71,,930,9,0,49,1,30,,935,9,0,49,1,70,,926,9,0,49,1,30,,928,9,0,49,1,70,,917,9,0,49,1,30,,918,9,0,49,1,70,,919,9,0,49,1,30,,914,9,0,49,1,70,,921,9,0,49,1,30,,927,9,0,49,1
30401,'3',641,,941,9,0,49,1,70,,938,9,0,49,1,30,,956,9,0,49,1,70,,954,9,0,49,1,30,,949,9,0,49,1,70,,940,9,0,49,1,30,,937,9,0,49,1,70,,957,9,0,49,1,30,,959,9,0,49,1,70,,948,9,0,49,1,30,,945,9,0,49,1,70,,947,9,0,49,1,30,,950,9,0,49,1,70,,936,9,0,49,1,30,,958,9,0,49,1,71,,955,9,0,49,1,30,,960,9,0,49,1,70,,951,9,0,49,1,30,,953,9,0,49,1,70,,942,9,0,49,1,30,,943,9,0,49,1,70,,944,9,0,49,1,30,,939,9,0,49,1,70,,946,9,0,49,1,30,,952,9,0,49,1
40401,'1',1904,,6370,9,0,39 51,1,99,,6372,9,0,39 51,1,100,,6369,9,0,39 51,1,100,,6371,9,0,39 51,1,100,,6373,9,0,39 51,1
40401,'10',1904,,6375,9,0,39 51,1,99,,6377,9,0,39 51,1,100,,6374,9,0,39 51,1,100,,6376,9,0,39 51,1,100,,6378,9,0,39 51,1
40401,'11',1904,,6380,9,0,39 51,1,99,,6382,9,0,39 51,1,100,,6379,9,0,39 51,1,100,,6381,9,0,39 51,1,100,,6383,9,0,39 51,1
40401,'12',1104,,6391,9,0,39 51,1,100,,6385,9,0,39 51,1,100,,6390,9,0,39 51,1,100,,6384,9,0,39 51,1,100,,6387,9,0,39 51,1,100,,6389,9,0,39 51,1,100,,6386,9,0,39 51,1,100,,6388,9,0,39 51,1
40401,'14',703,,6401,9,0,39 51,1,30,,6397,9,0,39 51,1,70,,6412,9,0,39 51,1,30,,6413,9,0,39 51,1,70,,6419,9,0,39 51,1,30,,6408,9,0,39 51,1,70,,6392,9,0,39 51,1,31,,6418,9,0,39 51,1,70,,6415,9,0,39 51,1,30,,6400,9,0,39 51,1,70,,6394,9,0,39 51,1,30,,6414,9,0,39 51,1,70,,6405,9,0,39 51,1,30,,6395,9,0,39 51,1,70,,6399,9,0,39 51,1,30,,6420,9,0,39 51,1,70,,6402,9,0,39 51,1,30,,6403,9,0,39 51,1,70,,6398,9,0,39 51,1,30,,6417,9,0,39 51,1,70,,6404,9,0,39 51,1,30,,6396,9,0,39 51,1,70,,6393,9,0,39 51,1,30,,6411,9,0,39 51,1,70,,6410,9,0,39 51,1,99,,6406,9,0,39 51,1,100,,6407,9,0,39 51,1,100,,6416,9,0,39 51,1,100,,6409,9,0,39 51,1
40401,'3',1904,,6422,9,0,39 51,1,99,,6424,9,0,39 51,1,100,,6421,9,0,39 51,1,100,,6423,9,0,39 51,1,100,,6425,9,0,39 51,1
40401,'7',903,,6428,9,0,39 51,1,100,,6429,9,0,39 51,1,31,,6426,9,0,39 51,1,70,,6436,9,0,39 51,1,30,,6434,9,0,39 51,1,70,,6445,9,0,39 51,1,30,,6435,9,0,39 51,1,70,,6432,9,0,39 51,1,30,,6427,9,0,39 51,1,70,,6433,9,0,39 51,1,30,,6438,9,0,39 51,1,70,,6442,9,0,39 51,1,30,,6439,9,0,39 51,1,70,,6443,9,0,39 51,1,30,,6440,9,0,39 51,1,70,,6441,9,0,39 51,1,30,,6430,9,0,39 51,1,70,,6437,9,0,39 51,1,100,,6444,9,0,39 51,1,99,,6431,9,0,39 51,1
