31701,'1',623,,3422,26,0,62,1,30,,3431,26,0,62,1,70,,3419,26,0,62,1,30,,3427,26,0,62,1,70,,3412,26,0,62,1,30,,3415,26,0,62,1,70,,3434,26,0,62,1,30,,3423,26,0,62,1,71,,3418,26,0,62,1,30,,3432,26,0,62,1,70,,3413,26,0,62,1,30,,3420,26,0,62,1,70,,3417,26,0,62,1,30,,3424,26,0,62,1,70,,3429,26,0,62,1,30,,3421,26,0,62,1,71,,3426,26,0,62,1,30,,3411,26,0,62,1,70,,3425,26,0,62,1,30,,3430,26,0,62,1,70,,3414,26,0,62,1,30,,3433,26,0,62,1,70,,3416,26,0,62,1,30,,3428,26,0,62,1
31701,'10',623,,3446,26,0,62,1,30,,3455,26,0,62,1,70,,3443,26,0,62,1,30,,3451,26,0,62,1,70,,3436,26,0,62,1,30,,3439,26,0,62,1,70,,3458,26,0,62,1,30,,3447,26,0,62,1,71,,3442,26,0,62,1,30,,3456,26,0,62,1,70,,3437,26,0,62,1,30,,3444,26,0,62,1,70,,3441,26,0,62,1,30,,3448,26,0,62,1,70,,3453,26,0,62,1,30,,3445,26,0,62,1,71,,3450,26,0,62,1,30,,3435,26,0,62,1,70,,3449,26,0,62,1,30,,3454,26,0,62,1,70,,3438,26,0,62,1,30,,3457,26,0,62,1,70,,3440,26,0,62,1,30,,3452,26,0,62,1
31701,'11',623,,3470,26,0,62,1,30,,3479,26,0,62,1,70,,3467,26,0,62,1,30,,3475,26,0,62,1,70,,3460,26,0,62,1,30,,3463,26,0,62,1,70,,3482,26,0,62,1,30,,3471,26,0,62,1,71,,3466,26,0,62,1,30,,3480,26,0,62,1,70,,3461,26,0,62,1,30,,3468,26,0,62,1,70,,3465,26,0,62,1,30,,3472,26,0,62,1,70,,3477,26,0,62,1,30,,3469,26,0,62,1,71,,3474,26,0,62,1,30,,3459,26,0,62,1,70,,3473,26,0,62,1,30,,3478,26,0,62,1,70,,3462,26,0,62,1,30,,3481,26,0,62,1,70,,3464,26,0,62,1,30,,3476,26,0,62,1
31701,'3',623,,3494,26,0,62,1,30,,3503,26,0,62,1,70,,3491,26,0,62,1,30,,3499,26,0,62,1,70,,3484,26,0,62,1,30,,3487,26,0,62,1,70,,3506,26,0,62,1,30,,3495,26,0,62,1,71,,3490,26,0,62,1,30,,3504,26,0,62,1,70,,3485,26,0,62,1,30,,3492,26,0,62,1,70,,3489,26,0,62,1,30,,3496,26,0,62,1,70,,3501,26,0,62,1,30,,3493,26,0,62,1,71,,3498,26,0,62,1,30,,3483,26,0,62,1,70,,3497,26,0,62,1,30,,3502,26,0,62,1,70,,3486,26,0,62,1,30,,3505,26,0,62,1,70,,3488,26,0,62,1,30,,3500,26,0,62,1
41701,'1',1828,,7718,20,0,62,1,99,,7722,20,0,62,1,100,,7721,20,0,62,1,100,,7723,20,0,62,1,100,,7720,20,0,62,1,100,,7719,20,0,62,1
41701,'10',1828,,7724,20,0,62,1,99,,7728,20,0,62,1,100,,7727,20,0,62,1,100,,7729,20,0,62,1,100,,7726,20,0,62,1,100,,7725,20,0,62,1
41701,'11',1828,,7730,20,0,62,1,99,,7734,20,0,62,1,100,,7733,20,0,62,1,100,,7735,20,0,62,1,100,,7732,20,0,62,1,100,,7731,20,0,62,1
41701,'12',1128,,7738,20,0,62,1,100,,7742,20,0,62,1,100,,7737,20,0,62,1,100,,7736,20,0,62,1,100,,7739,20,0,62,1,100,,7741,20,0,62,1,100,,7740,20,0,62,1
41701,'14',627,,7767,20,0,62,1,30,,7745,20,0,62,1,70,,7748,20,0,62,1,30,,7753,20,0,62,1,70,,7743,20,0,62,1,30,,7765,20,0,62,1,70,,7771,20,0,62,1,30,,7763,20,0,62,1,71,,7769,20,0,62,1,30,,7746,20,0,62,1,70,,7754,20,0,62,1,30,,7758,20,0,62,1,70,,7747,20,0,62,1,30,,7770,20,0,62,1,70,,7772,20,0,62,1,30,,7750,20,0,62,1,70,,7760,20,0,62,1,30,,7766,20,0,62,1,70,,7757,20,0,62,1,30,,7762,20,0,62,1,70,,7768,20,0,62,1,30,,7752,20,0,62,1,70,,7756,20,0,62,1,30,,7744,20,0,62,1,70,,7755,20,0,62,1,99,,7759,20,0,62,1,100,,7764,20,0,62,1,100,,7761,20,0,62,1,100,,7749,20,0,62,1,100,,7751,20,0,62,1
41701,'3',1828,,7773,20,0,62,1,99,,7777,20,0,62,1,100,,7776,20,0,62,1,100,,7778,20,0,62,1,100,,7775,20,0,62,1,100,,7774,20,0,62,1
41701,'7',927,,7782,20,0,62,1,101,,7788,20,0,62,1,30,,7785,20,0,62,1,70,,7787,20,0,62,1,30,,7792,20,0,62,1,70,,7784,20,0,62,1,30,,7779,20,0,62,1,70,,7796,20,0,62,1,30,,7794,20,0,62,1,70,,7790,20,0,62,1,30,,7795,20,0,62,1,70,,7783,20,0,62,1,30,,7789,20,0,62,1,70,,7791,20,0,62,1,30,,7797,20,0,62,1,70,,7793,20,0,62,1,30,,7786,20,0,62,1,70,,7780,20,0,62,1,99,,7781,20,0,62,1
