30901,'12',630,,34469,28,0,25 14 26,1,70,,34473,28,0,25 14 26,1,31,,34486,28,0,25 14 26,1,70,,34470,28,0,25 14 26,1,30,,34476,28,0,25 14 26,1,70,,34481,28,0,25 14 26,1,30,,34492,28,0,25 14 26,1,70,,34487,28,0,25 14 26,1,30,,34491,28,0,25 14 26,1,70,,34479,28,0,25 14 26,1,30,,34489,28,0,25 14 26,1,70,,34475,28,0,25 14 26,1,30,,34488,28,0,25 14 26,1,70,,34483,28,0,25 14 26,1,30,,34472,28,0,25 14 26,1,70,,34471,28,0,25 14 26,1,31,,34474,28,0,25 14 26,1,81,,34490,28,0,25 14 26,1,30,,34477,28,0,25 14 26,1,70,,34485,28,0,25 14 26,1,30,,34478,28,0,25 14 26,1,70,,34482,28,0,25 14 26,1,30,,34480,28,0,25 14 26,1,70,,34493,28,0,25 14 26,1,23,,34484,24,0,25 14 26,1
30901,'13',630,,34494,28,0,25 14 26,1,70,,34498,28,0,25 14 26,1,31,,34511,28,0,25 14 26,1,70,,34495,28,0,25 14 26,1,30,,34501,28,0,25 14 26,1,70,,34506,28,0,25 14 26,1,30,,27614,28,0,25 14 26,1,70,,23691,28,0,25 14 26,1,30,,34515,28,0,25 14 26,1,70,,34504,28,0,25 14 26,1,30,,34513,28,0,25 14 26,1,70,,34500,28,0,25 14 26,1,30,,34512,28,0,25 14 26,1,70,,34508,28,0,25 14 26,1,30,,34497,28,0,25 14 26,1,70,,34496,28,0,25 14 26,1,31,,34499,28,0,25 14 26,1,81,,34514,28,0,25 14 26,1,30,,34502,28,0,25 14 26,1,70,,34510,28,0,25 14 26,1,30,,34503,28,0,25 14 26,1,70,,34507,28,0,25 14 26,1,30,,34505,28,0,25 14 26,1,70,,34516,28,0,25 14 26,1,23,,34509,24,0,25 14 26,1
30901,'3',630,,34517,28,0,25 14 26,1,70,,34521,28,0,25 14 26,1,31,,34534,28,0,25 14 26,1,70,,34518,28,0,25 14 26,1,30,,34524,28,0,25 14 26,1,70,,34529,28,0,25 14 26,1,30,,27637,28,0,25 14 26,1,70,,23711,28,0,25 14 26,1,30,,34538,28,0,25 14 26,1,70,,34527,28,0,25 14 26,1,30,,34536,28,0,25 14 26,1,70,,34523,28,0,25 14 26,1,30,,34535,28,0,25 14 26,1,70,,34531,28,0,25 14 26,1,30,,34520,28,0,25 14 26,1,70,,34519,28,0,25 14 26,1,31,,34522,28,0,25 14 26,1,81,,34537,28,0,25 14 26,1,30,,34525,28,0,25 14 26,1,70,,34533,28,0,25 14 26,1,30,,34526,28,0,25 14 26,1,70,,34530,28,0,25 14 26,1,30,,34528,28,0,25 14 26,1,70,,34539,28,0,25 14 26,1,23,,34532,24,0,25 14 26,1
30901,'6',630,,34540,28,0,25 14 26,1,70,,34544,28,0,25 14 26,1,31,,34557,28,0,25 14 26,1,70,,34541,28,0,25 14 26,1,30,,34547,28,0,25 14 26,1,70,,34552,28,0,25 14 26,1,30,,34563,28,0,25 14 26,1,70,,34558,28,0,25 14 26,1,30,,34562,28,0,25 14 26,1,70,,34550,28,0,25 14 26,1,30,,34560,28,0,25 14 26,1,70,,34546,28,0,25 14 26,1,30,,34559,28,0,25 14 26,1,70,,34554,28,0,25 14 26,1,30,,34543,28,0,25 14 26,1,70,,34542,28,0,25 14 26,1,31,,34545,28,0,25 14 26,1,81,,34561,28,0,25 14 26,1,30,,34548,28,0,25 14 26,1,70,,34556,28,0,25 14 26,1,30,,34549,28,0,25 14 26,1,70,,34553,28,0,25 14 26,1,30,,34551,28,0,25 14 26,1,70,,34564,28,0,25 14 26,1,23,,34555,24,0,25 14 26,1
31201,'12',645,,35035,22,,,1,72,,35034,22,,,1,30,,35040,22,,,1,70,,35024,22,,,1,30,,35044,22,,,1,70,,35039,22,,,1,30,,35042,22,,,1,71,,35038,22,,,1,30,,35032,22,,,1,70,,35041,22,,,1,30,,35037,22,,,1,70,,35043,22,,,1,30,,35025,22,,,1,70,,35036,22,,,1,30,,35028,22,,,1,68,,35045,22,,,1,84,,35027,22,,,1,30,,35030,22,,,1,70,,35031,22,,,1,30,,35026,22,,,1,70,,35023,22,,,1,30,,35029,22,,,1,70,,35033,22,,,1
31201,'13',645,,29247,22,,,1,72,,35056,22,,,1,30,,29475,22,,,1,70,,35047,22,,,1,30,,35064,22,,,1,70,,35060,22,,,1,30,,35062,22,,,1,71,,35059,22,,,1,30,,35054,22,,,1,70,,35061,22,,,1,30,,35058,22,,,1,70,,35063,22,,,1,30,,35048,22,,,1,70,,35057,22,,,1,30,,35051,22,,,1,68,,35065,22,,,1,84,,35050,22,,,1,30,,35052,22,,,1,70,,35053,22,,,1,30,,35049,22,,,1,70,,35046,22,,,1,30,,24711,22,,,1,70,,35055,22,,,1
31201,'3',645,,29266,22,,,1,72,,35076,22,,,1,30,,29596,22,,,1,70,,35067,22,,,1,30,,35084,22,,,1,70,,35080,22,,,1,30,,35082,22,,,1,71,,35079,22,,,1,30,,35074,22,,,1,70,,35081,22,,,1,30,,35078,22,,,1,70,,35083,22,,,1,30,,35068,22,,,1,70,,35077,22,,,1,30,,35071,22,,,1,68,,35085,22,,,1,84,,35070,22,,,1,30,,35072,22,,,1,70,,35073,22,,,1,30,,35069,22,,,1,70,,35066,22,,,1,30,,24815,22,,,1,70,,35075,22,,,1
31201,'6',645,,35098,22,,,1,72,,35097,22,,,1,30,,35103,22,,,1,70,,35087,22,,,1,30,,35107,22,,,1,70,,35102,22,,,1,30,,35105,22,,,1,71,,35101,22,,,1,30,,35095,22,,,1,70,,35104,22,,,1,30,,35100,22,,,1,70,,35106,22,,,1,30,,35088,22,,,1,70,,35099,22,,,1,30,,35091,22,,,1,68,,35108,22,,,1,84,,35090,22,,,1,30,,35093,22,,,1,70,,35094,22,,,1,30,,35089,22,,,1,70,,35086,22,,,1,30,,35092,22,,,1,70,,35096,22,,,1
40901,'1',658,,39494,28,0,25 12,1,70,,39496,28,0,25 12,1,30,,39491,28,0,25 12,1,70,,39475,28,0,25 12,1,30,,39477,28,0,25 12,1,70,,39485,28,0,25 12,1,30,,39479,28,0,25 12,1,70,,30685,28,0,25 12,1,30,,39482,28,0,25 12,1,70,,39488,28,0,25 12,1,30,,39478,28,0,25 12,1,70,,39497,28,0,25 12,1,30,,39498,28,0,25 12,1,70,,39490,28,0,25 12,1,30,,24694,28,0,25 12,1,70,,31595,28,0,25 12,1,30,,39474,28,0,25 12,1,70,,39481,28,0,25 12,1,30,,39486,28,0,25 12,1,70,,39476,28,0,25 12,1,30,,39484,28,0,25 12,1,70,,39489,28,0,25 12,1,30,,39495,28,0,25 12,1,70,,23651,28,0,25 12,1,30,,39487,28,0,25 12,1,100,,39492,28,0,25 12,1,100,,39483,28,0,25 12,1,100,,39480,28,0,25 12,1,100,,39493,28,0,25 12,1
40901,'11',658,,39523,28,0,25 12,1,70,,39525,28,0,25 12,1,30,,39519,28,0,25 12,1,70,,39501,28,0,25 12,1,30,,39503,28,0,25 12,1,70,,39512,28,0,25 12,1,30,,39505,28,0,25 12,1,70,,39511,28,0,25 12,1,30,,39508,28,0,25 12,1,70,,39516,28,0,25 12,1,30,,39504,28,0,25 12,1,70,,39526,28,0,25 12,1,30,,39527,28,0,25 12,1,70,,39518,28,0,25 12,1,30,,39521,28,0,25 12,1,70,,39515,28,0,25 12,1,30,,39499,28,0,25 12,1,70,,39507,28,0,25 12,1,30,,39513,28,0,25 12,1,70,,39502,28,0,25 12,1,30,,39510,28,0,25 12,1,70,,39517,28,0,25 12,1,30,,39524,28,0,25 12,1,70,,39500,28,0,25 12,1,30,,39514,28,0,25 12,1,100,,39520,28,0,25 12,1,100,,39509,28,0,25 12,1,100,,39506,28,0,25 12,1,100,,39522,28,0,25 12,1
40901,'12',1858,,39532,28,0,25 12,1,100,,39531,28,0,25 12,1,100,,39528,28,0,25 12,1,100,,39530,28,0,25 12,1,100,,39529,28,0,25 12,1
40901,'13',1858,,39536,28,0,25 12,1,100,,39535,28,0,25 12,1,100,,39533,28,0,25 12,1,100,,39534,28,0,25 12,1,100,,23553,28,0,25 12,1
40901,'14',1058,,39538,28,0,25 12,1,100,,39541,28,0,25 12,1,100,,39539,28,0,25 12,1,100,,39542,28,0,25 12,1,100,,30452,28,0,25 12,1,100,,39540,28,0,25 12,1,100,,39543,28,0,25 12,1,100,,39537,28,0,25 12,1
40901,'16',658,,39564,28,0,25 12,1,70,,39566,28,0,25 12,1,30,,39561,28,0,25 12,1,70,,39545,28,0,25 12,1,30,,39547,28,0,25 12,1,70,,39555,28,0,25 12,1,30,,39549,28,0,25 12,1,70,,30722,28,0,25 12,1,30,,39552,28,0,25 12,1,70,,39558,28,0,25 12,1,30,,39548,28,0,25 12,1,70,,39567,28,0,25 12,1,30,,39568,28,0,25 12,1,70,,39560,28,0,25 12,1,30,,29544,28,0,25 12,1,70,,31633,28,0,25 12,1,30,,39544,28,0,25 12,1,70,,39551,28,0,25 12,1,30,,39556,28,0,25 12,1,70,,39546,28,0,25 12,1,30,,39554,28,0,25 12,1,70,,39559,28,0,25 12,1,30,,39565,28,0,25 12,1,70,,29526,28,0,25 12,1,30,,39557,28,0,25 12,1,100,,39562,28,0,25 12,1,100,,39553,28,0,25 12,1,100,,39550,28,0,25 12,1,100,,39563,28,0,25 12,1
40901,'3',1858,,39572,28,0,25 12,1,100,,39571,28,0,25 12,1,100,,39569,28,0,25 12,1,100,,39570,28,0,25 12,1,100,,23574,28,0,25 12,1
40901,'6',1858,,39577,28,0,25 12,1,100,,39576,28,0,25 12,1,100,,39573,28,0,25 12,1,100,,39575,28,0,25 12,1,100,,39574,28,0,25 12,1
40901,'8',858,,39590,28,0,25 12,1,100,,39589,28,0,25 12,1,100,,39595,28,0,25 12,1,70,,39580,28,0,25 12,1,30,,39581,28,0,25 12,1,70,,39587,28,0,25 12,1,30,,39583,28,0,25 12,1,70,,39582,28,0,25 12,1,30,,39594,28,0,25 12,1,70,,39591,28,0,25 12,1,30,,39584,28,0,25 12,1,70,,39592,28,0,25 12,1,30,,39588,28,0,25 12,1,70,,39593,28,0,25 12,1,30,,32416,28,0,25 12,1,70,,39579,28,0,25 12,1,30,,39596,28,0,25 12,1,70,,39578,28,0,25 12,1,30,,39586,28,0,25 12,1,100,,39585,28,0,25 12,1
