31700,'1',628,,3323,26,0,63,1,30,,3321,26,0,63,1,70,,3325,26,0,63,1,30,,3332,26,0,63,1,70,,3333,26,0,63,1,30,,3322,26,0,63,1,70,,3328,26,0,63,1,30,,3316,26,0,63,1,70,,3318,26,0,63,1,30,,3329,26,0,63,1,70,,3335,26,0,63,1,30,,3338,26,0,63,1,70,,3317,26,0,63,1,30,,3324,26,0,63,1,70,,3331,26,0,63,1,30,,3315,26,0,63,1,70,,3336,26,0,63,1,30,,3326,26,0,63,1,70,,3334,26,0,63,1,30,,3337,26,0,63,1,70,,3330,26,0,63,1,30,,3320,26,0,63,1,70,,3327,26,0,63,1,30,,3319,26,0,63,1
31700,'10',628,,3347,26,0,63,1,30,,3345,26,0,63,1,70,,3349,26,0,63,1,30,,3356,26,0,63,1,70,,3357,26,0,63,1,30,,3346,26,0,63,1,70,,3352,26,0,63,1,30,,3340,26,0,63,1,70,,3342,26,0,63,1,30,,3353,26,0,63,1,70,,3359,26,0,63,1,30,,3362,26,0,63,1,70,,3341,26,0,63,1,30,,3348,26,0,63,1,70,,3355,26,0,63,1,30,,3339,26,0,63,1,70,,3360,26,0,63,1,30,,3350,26,0,63,1,70,,3358,26,0,63,1,30,,3361,26,0,63,1,70,,3354,26,0,63,1,30,,3344,26,0,63,1,70,,3351,26,0,63,1,30,,3343,26,0,63,1
31700,'11',628,,3371,26,0,63,1,30,,3369,26,0,63,1,70,,3373,26,0,63,1,30,,3380,26,0,63,1,70,,3381,26,0,63,1,30,,3370,26,0,63,1,70,,3376,26,0,63,1,30,,3364,26,0,63,1,70,,3366,26,0,63,1,30,,3377,26,0,63,1,70,,3383,26,0,63,1,30,,3386,26,0,63,1,70,,3365,26,0,63,1,30,,3372,26,0,63,1,70,,3379,26,0,63,1,30,,3363,26,0,63,1,70,,3384,26,0,63,1,30,,3374,26,0,63,1,70,,3382,26,0,63,1,30,,3385,26,0,63,1,70,,3378,26,0,63,1,30,,3368,26,0,63,1,70,,3375,26,0,63,1,30,,3367,26,0,63,1
31700,'3',628,,3395,26,0,63,1,30,,3393,26,0,63,1,70,,3397,26,0,63,1,30,,3404,26,0,63,1,70,,3405,26,0,63,1,30,,3394,26,0,63,1,70,,3400,26,0,63,1,30,,3388,26,0,63,1,70,,3390,26,0,63,1,30,,3401,26,0,63,1,70,,3407,26,0,63,1,30,,3410,26,0,63,1,70,,3389,26,0,63,1,30,,3396,26,0,63,1,70,,3403,26,0,63,1,30,,3387,26,0,63,1,70,,3408,26,0,63,1,30,,3398,26,0,63,1,70,,3406,26,0,63,1,30,,3409,26,0,63,1,70,,3402,26,0,63,1,30,,3392,26,0,63,1,70,,3399,26,0,63,1,30,,3391,26,0,63,1
41700,'1',1826,,7642,26,0,67,1,100,,7643,26,0,67,1,100,,7639,26,0,67,1,100,,7640,26,0,67,1,100,,7641,26,0,67,1,100,,7638,26,0,67,1
41700,'10',1826,,7648,26,0,67,1,100,,7649,26,0,67,1,100,,7645,26,0,67,1,100,,7646,26,0,67,1,100,,7647,26,0,67,1,100,,7644,26,0,67,1
41700,'11',1826,,7654,26,0,67,1,100,,7655,26,0,67,1,100,,7651,26,0,67,1,100,,7652,26,0,67,1,100,,7653,26,0,67,1,100,,7650,26,0,67,1
41700,'12',1126,,7656,26,0,67,1,100,,7660,26,0,67,1,100,,7658,26,0,67,1,100,,7662,26,0,67,1,100,,7661,26,0,67,1,100,,7657,26,0,67,1,100,,7659,26,0,67,1
41700,'14',626,,7672,26,0,67,1,30,,7688,26,0,67,1,70,,7665,26,0,67,1,30,,7690,26,0,67,1,70,,7682,26,0,67,1,30,,7680,26,0,67,1,70,,7681,26,0,67,1,30,,7669,26,0,67,1,70,,7684,26,0,67,1,30,,7671,26,0,67,1,70,,7675,26,0,67,1,30,,7676,26,0,67,1,70,,7691,26,0,67,1,30,,7686,26,0,67,1,70,,7664,26,0,67,1,30,,7687,26,0,67,1,70,,7692,26,0,67,1,30,,7663,26,0,67,1,70,,7673,26,0,67,1,30,,7677,26,0,67,1,70,,7666,26,0,67,1,30,,7689,26,0,67,1,70,,7667,26,0,67,1,30,,7683,26,0,67,1,70,,7674,26,0,67,1,100,,7685,26,0,67,1,100,,7668,26,0,67,1,100,,7679,26,0,67,1,100,,7678,26,0,67,1,100,,7670,26,0,67,1
41700,'3',1826,,7697,26,0,67,1,100,,7698,26,0,67,1,100,,7694,26,0,67,1,100,,7695,26,0,67,1,100,,7696,26,0,67,1,100,,7693,26,0,67,1
41700,'7',926,,7707,26,0,67,1,100,,7704,26,0,67,1,30,,7700,26,0,67,1,70,,7699,26,0,67,1,30,,7712,26,0,67,1,70,,7708,26,0,67,1,30,,7703,26,0,67,1,70,,7706,26,0,67,1,30,,7717,26,0,67,1,70,,7714,26,0,67,1,30,,7702,26,0,67,1,70,,7705,26,0,67,1,30,,7710,26,0,67,1,70,,7709,26,0,67,1,30,,7716,26,0,67,1,70,,7701,26,0,67,1,30,,7711,26,0,67,1,70,,7715,26,0,67,1,100,,7713,26,0,67,1
