31800,'12',614,,35968,28,0,45 46 18,1,30,,35985,28,0,45 46 18,1,70,,35988,28,0,45 46 18,1,30,,35969,28,0,45 46 18,1,70,,35979,28,0,45 46 18,1,30,,35976,28,0,45 46 18,1,70,,35989,28,0,45 46 18,1,30,,35983,28,0,45 46 18,1,70,,35980,28,0,45 46 18,1,30,,35984,28,0,45 46 18,1,70,,35974,28,0,45 46 18,1,30,,35987,28,0,45 46 18,1,70,,35972,28,0,45 46 18,1,30,,35973,28,0,45 46 18,1,70,,35971,28,0,45 46 18,1,30,,35965,28,0,45 46 18,1,70,,35982,28,0,45 46 18,1,30,,35975,28,0,45 46 18,1,70,,35986,28,0,45 46 18,1,30,,35966,28,0,45 46 18,1,70,,35970,28,0,45 46 18,1,30,,35967,28,0,45 46 18,1,70,,35977,28,0,45 46 18,1,30,,35981,28,0,45 46 18,1,70,,35978,28,0,45 46 18,1
31800,'13',614,,35992,28,0,45 46 18,1,30,,36005,28,0,45 46 18,1,70,,36008,28,0,45 46 18,1,30,,35993,28,0,45 46 18,1,70,,36000,28,0,45 46 18,1,30,,35998,28,0,45 46 18,1,70,,27363,28,0,45 46 18,1,30,,36003,28,0,45 46 18,1,70,,29704,28,0,45 46 18,1,30,,36004,28,0,45 46 18,1,70,,35996,28,0,45 46 18,1,30,,36007,28,0,45 46 18,1,70,,35995,28,0,45 46 18,1,30,,28468,28,0,45 46 18,1,70,,35994,28,0,45 46 18,1,30,,28805,28,0,45 46 18,1,70,,36002,28,0,45 46 18,1,30,,35997,28,0,45 46 18,1,70,,36006,28,0,45 46 18,1,30,,35990,28,0,45 46 18,1,70,,29319,28,0,45 46 18,1,30,,35991,28,0,45 46 18,1,70,,27770,28,0,45 46 18,1,30,,36001,28,0,45 46 18,1,70,,35999,28,0,45 46 18,1
31800,'3',614,,36011,28,0,45 46 18,1,30,,36024,28,0,45 46 18,1,70,,36027,28,0,45 46 18,1,30,,36012,28,0,45 46 18,1,70,,36019,28,0,45 46 18,1,30,,36017,28,0,45 46 18,1,70,,27401,28,0,45 46 18,1,30,,36022,28,0,45 46 18,1,70,,29823,28,0,45 46 18,1,30,,36023,28,0,45 46 18,1,70,,36015,28,0,45 46 18,1,30,,36026,28,0,45 46 18,1,70,,36014,28,0,45 46 18,1,30,,28483,28,0,45 46 18,1,70,,36013,28,0,45 46 18,1,30,,28828,28,0,45 46 18,1,70,,36021,28,0,45 46 18,1,30,,36016,28,0,45 46 18,1,70,,36025,28,0,45 46 18,1,30,,36009,28,0,45 46 18,1,70,,29340,28,0,45 46 18,1,30,,36010,28,0,45 46 18,1,70,,27790,28,0,45 46 18,1,30,,36020,28,0,45 46 18,1,70,,36018,28,0,45 46 18,1
31800,'6',614,,36031,28,0,45 46 18,1,30,,36048,28,0,45 46 18,1,70,,36051,28,0,45 46 18,1,30,,36032,28,0,45 46 18,1,70,,36042,28,0,45 46 18,1,30,,36039,28,0,45 46 18,1,70,,36052,28,0,45 46 18,1,30,,36046,28,0,45 46 18,1,70,,36043,28,0,45 46 18,1,30,,36047,28,0,45 46 18,1,70,,36037,28,0,45 46 18,1,30,,36050,28,0,45 46 18,1,70,,36035,28,0,45 46 18,1,30,,36036,28,0,45 46 18,1,70,,36034,28,0,45 46 18,1,30,,36028,28,0,45 46 18,1,70,,36045,28,0,45 46 18,1,30,,36038,28,0,45 46 18,1,70,,36049,28,0,45 46 18,1,30,,36029,28,0,45 46 18,1,70,,36033,28,0,45 46 18,1,30,,36030,28,0,45 46 18,1,70,,36040,28,0,45 46 18,1,30,,36044,28,0,45 46 18,1,70,,36041,28,0,45 46 18,1
41800,'1',628,,41028,30,0,45 46 18,1,30,,31346,30,0,45 46 18,1,71,,41015,30,0,45 46 18,1,30,,41023,30,0,45 46 18,1,70,,41016,30,0,45 46 18,1,30,,41011,30,0,45 46 18,1,70,,41013,30,0,45 46 18,1,30,,41006,30,0,45 46 18,1,71,,41025,30,0,45 46 18,1,70,,41018,30,0,45 46 18,1,30,,41012,30,0,45 46 18,1,70,,41022,30,0,45 46 18,1,30,,41014,30,0,45 46 18,1,70,,41005,30,0,45 46 18,1,30,,41026,30,0,45 46 18,1,70,,41024,30,0,45 46 18,1,30,,41007,30,0,45 46 18,1,70,,41019,30,0,45 46 18,1,30,,24259,30,0,45 46 18,1,70,,41008,30,0,45 46 18,1,30,,41009,30,0,45 46 18,1,70,,41017,30,0,45 46 18,1,30,,29112,30,0,45 46 18,1,70,,23596,30,0,45 46 18,1,100,,30068,30,0,45 46 18,1,100,,41021,30,0,45 46 18,1,100,,32532,30,0,45 46 18,1,100,,41027,30,0,45 46 18,1,100,,41020,30,0,45 46 18,1,100,,41010,30,0,45 46 18,1
41800,'11',628,,41058,30,0,45 46 18,1,30,,41046,30,0,45 46 18,1,71,,41042,30,0,45 46 18,1,30,,41053,30,0,45 46 18,1,70,,41044,30,0,45 46 18,1,30,,41036,30,0,45 46 18,1,70,,41039,30,0,45 46 18,1,30,,41030,30,0,45 46 18,1,71,,41055,30,0,45 46 18,1,70,,41047,30,0,45 46 18,1,30,,41038,30,0,45 46 18,1,70,,41052,30,0,45 46 18,1,30,,41040,30,0,45 46 18,1,70,,41029,30,0,45 46 18,1,30,,41056,30,0,45 46 18,1,70,,41054,30,0,45 46 18,1,30,,41031,30,0,45 46 18,1,70,,41049,30,0,45 46 18,1,30,,41043,30,0,45 46 18,1,70,,41032,30,0,45 46 18,1,30,,41034,30,0,45 46 18,1,70,,41045,30,0,45 46 18,1,30,,41033,30,0,45 46 18,1,70,,41041,30,0,45 46 18,1,100,,41037,30,0,45 46 18,1,100,,41051,30,0,45 46 18,1,100,,41048,30,0,45 46 18,1,100,,41057,30,0,45 46 18,1,100,,41050,30,0,45 46 18,1,100,,41035,30,0,45 46 18,1
41800,'12',1900,,41062,30,0,45 46 18,1,100,,41059,30,0,45 46 18,1,100,,41063,30,0,45 46 18,1,100,,41060,30,0,45 46 18,1,100,,41064,30,0,45 46 18,1,100,,41061,30,0,45 46 18,1
41800,'13',1900,,41068,30,0,45 46 18,1,100,,41065,30,0,45 46 18,1,100,,41069,30,0,45 46 18,1,100,,41066,30,0,45 46 18,1,100,,41070,30,0,45 46 18,1,100,,41067,30,0,45 46 18,1
41800,'14',1100,,41072,30,0,45 46 18,1,100,,41074,30,0,45 46 18,1,100,,41077,30,0,45 46 18,1,100,,41076,30,0,45 46 18,1,100,,41073,30,0,45 46 18,1,100,,41071,30,0,45 46 18,1,100,,41078,30,0,45 46 18,1,100,,41075,30,0,45 46 18,1
41800,'16',628,,41103,30,0,45 46 18,1,30,,31387,30,0,45 46 18,1,71,,41089,30,0,45 46 18,1,30,,41098,30,0,45 46 18,1,70,,41090,30,0,45 46 18,1,30,,41085,30,0,45 46 18,1,70,,41087,30,0,45 46 18,1,30,,41080,30,0,45 46 18,1,71,,41100,30,0,45 46 18,1,70,,41092,30,0,45 46 18,1,30,,41086,30,0,45 46 18,1,70,,41097,30,0,45 46 18,1,30,,41088,30,0,45 46 18,1,70,,41079,30,0,45 46 18,1,30,,41101,30,0,45 46 18,1,70,,41099,30,0,45 46 18,1,30,,41081,30,0,45 46 18,1,70,,41094,30,0,45 46 18,1,30,,29533,30,0,45 46 18,1,70,,41082,30,0,45 46 18,1,30,,41083,30,0,45 46 18,1,70,,41091,30,0,45 46 18,1,30,,23985,30,0,45 46 18,1,70,,30899,30,0,45 46 18,1,100,,30148,30,0,45 46 18,1,100,,41096,30,0,45 46 18,1,100,,41093,30,0,45 46 18,1,100,,41102,30,0,45 46 18,1,100,,41095,30,0,45 46 18,1,100,,41084,30,0,45 46 18,1
41800,'3',1900,,41107,30,0,45 46 18,1,100,,41104,30,0,45 46 18,1,100,,41108,30,0,45 46 18,1,100,,41105,30,0,45 46 18,1,100,,41109,30,0,45 46 18,1,100,,41106,30,0,45 46 18,1
41800,'6',1900,,41113,30,0,45 46 18,1,100,,41110,30,0,45 46 18,1,100,,41114,30,0,45 46 18,1,100,,41111,30,0,45 46 18,1,100,,41115,30,0,45 46 18,1,100,,41112,30,0,45 46 18,1
41800,'8',959,,41130,30,0,45 46 18,1,71,,30580,30,0,45 46 18,1,70,,41126,30,0,45 46 18,1,30,,41129,30,0,45 46 18,1,70,,41116,30,0,45 46 18,1,100,,41120,30,0,45 46 18,1,30,,41123,30,0,45 46 18,1,70,,41121,30,0,45 46 18,1,100,,41125,30,0,45 46 18,1,30,,41119,30,0,45 46 18,1,70,,29849,30,0,45 46 18,1,30,,41117,30,0,45 46 18,1,70,,41122,30,0,45 46 18,1,30,,41118,30,0,45 46 18,1,70,,41128,30,0,45 46 18,1,100,,41127,30,0,45 46 18,1,100,,41124,30,0,45 46 18,1
