31500,'12',636,,35245,17,,,1,70,,35250,17,,,1,30,,35249,17,,,1,70,,35263,17,,,1,30,,35266,17,,,1,70,,35246,17,,,1,30,,35261,17,,,1,70,,35254,17,,,1,30,,35253,17,,,1,70,,35248,17,,,1,30,,35267,17,,,1,70,,35264,17,,,1,30,,35258,17,,,1,70,,35247,17,,,1,30,,35256,17,,,1,72,,35255,17,,,1,30,,35262,17,,,1,70,,35259,17,,,1,30,,35265,17,,,1,70,,35252,17,,,1,30,,35251,17,,,1,70,,35257,17,,,1,30,,35260,17,,,1,70,,35268,17,,,1
31500,'13',636,,35269,17,,,1,70,,35274,17,,,1,30,,35273,17,,,1,70,,35286,17,,,1,30,,35289,17,,,1,70,,35270,17,,,1,30,,35285,17,,,1,70,,35278,17,,,1,30,,35277,17,,,1,70,,35272,17,,,1,30,,29184,17,,,1,70,,35287,17,,,1,30,,35282,17,,,1,70,,35271,17,,,1,30,,35280,17,,,1,72,,35279,17,,,1,30,,28817,17,,,1,70,,35283,17,,,1,30,,35288,17,,,1,70,,35276,17,,,1,30,,35275,17,,,1,70,,35281,17,,,1,30,,35284,17,,,1,70,,35290,17,,,1
31500,'3',636,,35291,17,,,1,70,,35296,17,,,1,30,,35295,17,,,1,70,,35308,17,,,1,30,,35311,17,,,1,70,,35292,17,,,1,30,,35307,17,,,1,70,,35300,17,,,1,30,,35299,17,,,1,70,,35294,17,,,1,30,,29195,17,,,1,70,,35309,17,,,1,30,,35304,17,,,1,70,,35293,17,,,1,30,,35302,17,,,1,72,,35301,17,,,1,30,,28840,17,,,1,70,,35305,17,,,1,30,,35310,17,,,1,70,,35298,17,,,1,30,,35297,17,,,1,70,,35303,17,,,1,30,,35306,17,,,1,70,,35312,17,,,1
31500,'6',636,,35313,17,,,1,70,,35318,17,,,1,30,,35317,17,,,1,70,,35331,17,,,1,30,,35334,17,,,1,70,,35314,17,,,1,30,,35329,17,,,1,70,,35322,17,,,1,30,,35321,17,,,1,70,,35316,17,,,1,30,,35335,17,,,1,70,,35332,17,,,1,30,,35326,17,,,1,70,,35315,17,,,1,30,,35324,17,,,1,72,,35323,17,,,1,30,,35330,17,,,1,70,,35327,17,,,1,30,,35333,17,,,1,70,,35320,17,,,1,30,,35319,17,,,1,70,,35325,17,,,1,30,,35328,17,,,1,70,,35336,17,,,1
41500,'1',656,,40162,26,0,20 14 21 18,1,70,,40152,26,0,20 14 21 18,1,30,,40169,26,0,20 14 21 18,1,70,,40153,26,0,20 14 21 18,1,30,,40164,26,0,20 14 21 18,1,70,,40148,26,0,20 14 21 18,1,30,,40151,26,0,20 14 21 18,1,70,,40147,26,0,20 14 21 18,1,30,,22327,26,0,20 14 21 18,1,70,,40167,26,0,20 14 21 18,1,30,,40159,26,0,20 14 21 18,1,70,,40171,26,0,20 14 21 18,1,30,,40170,26,0,20 14 21 18,1,70,,40163,26,0,20 14 21 18,1,30,,40156,26,0,20 14 21 18,1,70,,40149,26,0,20 14 21 18,1,30,,40165,26,0,20 14 21 18,1,70,,24701,26,0,20 14 21 18,1,30,,40168,26,0,20 14 21 18,1,70,,40154,26,0,20 14 21 18,1,30,,40172,26,0,20 14 21 18,1,70,,40166,26,0,20 14 21 18,1,30,,40155,26,0,20 14 21 18,1,70,,40150,26,0,20 14 21 18,1,100,,40160,26,0,20 14 21 18,1,100,,40158,26,0,20 14 21 18,1,100,,40161,26,0,20 14 21 18,1,100,,40173,26,0,20 14 21 18,1,100,,40157,26,0,20 14 21 18,1
41500,'11',656,,40190,26,0,20 14 21 18,1,70,,40179,26,0,20 14 21 18,1,30,,40197,26,0,20 14 21 18,1,70,,40180,26,0,20 14 21 18,1,30,,40192,26,0,20 14 21 18,1,70,,40175,26,0,20 14 21 18,1,30,,40178,26,0,20 14 21 18,1,70,,40174,26,0,20 14 21 18,1,30,,40185,26,0,20 14 21 18,1,70,,40195,26,0,20 14 21 18,1,30,,40187,26,0,20 14 21 18,1,70,,40200,26,0,20 14 21 18,1,30,,40198,26,0,20 14 21 18,1,70,,40191,26,0,20 14 21 18,1,30,,40183,26,0,20 14 21 18,1,70,,40176,26,0,20 14 21 18,1,30,,40193,26,0,20 14 21 18,1,70,,40199,26,0,20 14 21 18,1,30,,40196,26,0,20 14 21 18,1,70,,40181,26,0,20 14 21 18,1,30,,40201,26,0,20 14 21 18,1,70,,40194,26,0,20 14 21 18,1,30,,40182,26,0,20 14 21 18,1,70,,40177,26,0,20 14 21 18,1,100,,40188,26,0,20 14 21 18,1,100,,40186,26,0,20 14 21 18,1,100,,40189,26,0,20 14 21 18,1,100,,40202,26,0,20 14 21 18,1,100,,40184,26,0,20 14 21 18,1
41500,'12',1826,,40204,26,0,20 14 21 18,1,100,,40207,26,0,20 14 21 18,1,100,,40203,26,0,20 14 21 18,1,100,,40208,26,0,20 14 21 18,1,100,,40205,26,0,20 14 21 18,1,100,,40206,26,0,20 14 21 18,1
41500,'13',1826,,40210,26,0,20 14 21 18,1,100,,27351,26,0,20 14 21 18,1,100,,40209,26,0,20 14 21 18,1,100,,40213,26,0,20 14 21 18,1,100,,40211,26,0,20 14 21 18,1,100,,40212,26,0,20 14 21 18,1
41500,'14',1126,,40214,26,0,20 14 21 18,1,100,,40216,26,0,20 14 21 18,1,100,,40217,26,0,20 14 21 18,1,100,,40218,26,0,20 14 21 18,1,100,,40220,26,0,20 14 21 18,1,100,,40219,26,0,20 14 21 18,1,100,,40215,26,0,20 14 21 18,1
41500,'16',656,,40236,26,0,20 14 21 18,1,70,,40226,26,0,20 14 21 18,1,30,,40243,26,0,20 14 21 18,1,70,,40227,26,0,20 14 21 18,1,30,,40238,26,0,20 14 21 18,1,70,,40222,26,0,20 14 21 18,1,30,,40225,26,0,20 14 21 18,1,70,,40221,26,0,20 14 21 18,1,30,,30900,26,0,20 14 21 18,1,70,,40241,26,0,20 14 21 18,1,30,,40233,26,0,20 14 21 18,1,70,,40245,26,0,20 14 21 18,1,30,,40244,26,0,20 14 21 18,1,70,,40237,26,0,20 14 21 18,1,30,,40230,26,0,20 14 21 18,1,70,,40223,26,0,20 14 21 18,1,30,,40239,26,0,20 14 21 18,1,70,,31219,26,0,20 14 21 18,1,30,,40242,26,0,20 14 21 18,1,70,,40228,26,0,20 14 21 18,1,30,,40246,26,0,20 14 21 18,1,70,,40240,26,0,20 14 21 18,1,30,,40229,26,0,20 14 21 18,1,70,,40224,26,0,20 14 21 18,1,100,,40234,26,0,20 14 21 18,1,100,,40232,26,0,20 14 21 18,1,100,,40235,26,0,20 14 21 18,1,100,,40247,26,0,20 14 21 18,1,100,,40231,26,0,20 14 21 18,1
41500,'3',1826,,40249,26,0,20 14 21 18,1,100,,27389,26,0,20 14 21 18,1,100,,40248,26,0,20 14 21 18,1,100,,40252,26,0,20 14 21 18,1,100,,40250,26,0,20 14 21 18,1,100,,40251,26,0,20 14 21 18,1
41500,'6',1826,,40254,26,0,20 14 21 18,1,100,,40257,26,0,20 14 21 18,1,100,,40253,26,0,20 14 21 18,1,100,,40258,26,0,20 14 21 18,1,100,,40255,26,0,20 14 21 18,1,100,,40256,26,0,20 14 21 18,1
41500,'8',926,,40260,26,0,20 14 21 18,1,100,,40273,26,0,20 14 21 18,1,30,,40275,26,0,20 14 21 18,1,70,,40261,26,0,20 14 21 18,1,30,,40269,26,0,20 14 21 18,1,70,,40274,26,0,20 14 21 18,1,30,,40262,26,0,20 14 21 18,1,70,,40263,26,0,20 14 21 18,1,30,,40276,26,0,20 14 21 18,1,70,,40268,26,0,20 14 21 18,1,30,,40264,26,0,20 14 21 18,1,70,,40277,26,0,20 14 21 18,1,30,,40271,26,0,20 14 21 18,1,70,,40266,26,0,20 14 21 18,1,30,,40259,26,0,20 14 21 18,1,70,,40265,26,0,20 14 21 18,1,30,,40270,26,0,20 14 21 18,1,70,,40267,26,0,20 14 21 18,1,100,,40272,26,0,20 14 21 18,1
