30401,'12',645,,33600,17,0,49,1,70,,33598,17,0,49,1,30,,33593,17,0,49,1,70,,33577,17,0,49,1,30,,33581,17,0,49,1,70,,33589,17,0,49,1,30,,33591,17,0,49,1,70,,33601,17,0,49,1,30,,33580,17,0,49,1,70,,33584,17,0,49,1,30,,33578,17,0,49,1,70,,33592,17,0,49,1,30,,33585,17,0,49,1,70,,33586,17,0,49,1,30,,33582,17,0,49,1,71,,33595,17,0,49,1,30,,33588,17,0,49,1,70,,33590,17,0,49,1,30,,33596,17,0,49,1,70,,33587,17,0,49,1,30,,33599,17,0,49,1,70,,33594,17,0,49,1,30,,33583,17,0,49,1,70,,33579,17,0,49,1,30,,33597,17,0,49,1
30401,'13',645,,27613,17,0,49,1,70,,33620,17,0,49,1,30,,33615,17,0,49,1,70,,22338,17,0,49,1,30,,33605,17,0,49,1,70,,33612,17,0,49,1,30,,33613,17,0,49,1,70,,33622,17,0,49,1,30,,33604,17,0,49,1,70,,33607,17,0,49,1,30,,33602,17,0,49,1,70,,33614,17,0,49,1,30,,33608,17,0,49,1,70,,33609,17,0,49,1,30,,21594,17,0,49,1,71,,33617,17,0,49,1,30,,33611,17,0,49,1,70,,28194,17,0,49,1,30,,33618,17,0,49,1,70,,33610,17,0,49,1,30,,33621,17,0,49,1,70,,33616,17,0,49,1,30,,33606,17,0,49,1,70,,33603,17,0,49,1,30,,33619,17,0,49,1
30401,'3',645,,27636,17,0,49,1,70,,33641,17,0,49,1,30,,33636,17,0,49,1,70,,22360,17,0,49,1,30,,33626,17,0,49,1,70,,33633,17,0,49,1,30,,33634,17,0,49,1,70,,33643,17,0,49,1,30,,33625,17,0,49,1,70,,33628,17,0,49,1,30,,33623,17,0,49,1,70,,33635,17,0,49,1,30,,33629,17,0,49,1,70,,33630,17,0,49,1,30,,21637,17,0,49,1,71,,33638,17,0,49,1,30,,33632,17,0,49,1,70,,28215,17,0,49,1,30,,33639,17,0,49,1,70,,33631,17,0,49,1,30,,33642,17,0,49,1,70,,33637,17,0,49,1,30,,33627,17,0,49,1,70,,33624,17,0,49,1,30,,33640,17,0,49,1
30401,'6',645,,33667,17,0,49,1,70,,33665,17,0,49,1,30,,33660,17,0,49,1,70,,33644,17,0,49,1,30,,33648,17,0,49,1,70,,33656,17,0,49,1,30,,33658,17,0,49,1,70,,33668,17,0,49,1,30,,33647,17,0,49,1,70,,33651,17,0,49,1,30,,33645,17,0,49,1,70,,33659,17,0,49,1,30,,33652,17,0,49,1,70,,33653,17,0,49,1,30,,33649,17,0,49,1,71,,33662,17,0,49,1,30,,33655,17,0,49,1,70,,33657,17,0,49,1,30,,33663,17,0,49,1,70,,33654,17,0,49,1,30,,33666,17,0,49,1,70,,33661,17,0,49,1,30,,33650,17,0,49,1,70,,33646,17,0,49,1,30,,33664,17,0,49,1
40401,'1',707,,38683,17,0,39 51,1,30,,38685,17,0,39 51,1,70,,38681,17,0,39 51,1,30,,38682,17,0,39 51,1,70,,38708,17,0,39 51,1,30,,38707,17,0,39 51,1,70,,38700,17,0,39 51,1,31,,38697,17,0,39 51,1,70,,30770,17,0,39 51,1,30,,38689,17,0,39 51,1,70,,38703,17,0,39 51,1,30,,38686,17,0,39 51,1,70,,38690,17,0,39 51,1,30,,38706,17,0,39 51,1,70,,38696,17,0,39 51,1,30,,38702,17,0,39 51,1,70,,38693,17,0,39 51,1,30,,38695,17,0,39 51,1,70,,38701,17,0,39 51,1,30,,38694,17,0,39 51,1,70,,38705,17,0,39 51,1,30,,38698,17,0,39 51,1,70,,38684,17,0,39 51,1,30,,38688,17,0,39 51,1,70,,38691,17,0,39 51,1,99,,38704,17,0,39 51,1,100,,38699,17,0,39 51,1,100,,38692,17,0,39 51,1,100,,38687,17,0,39 51,1
40401,'11',707,,38711,17,0,39 51,1,30,,38713,17,0,39 51,1,70,,38709,17,0,39 51,1,30,,38710,17,0,39 51,1,70,,38737,17,0,39 51,1,30,,38736,17,0,39 51,1,70,,38729,17,0,39 51,1,31,,38726,17,0,39 51,1,70,,38716,17,0,39 51,1,30,,38718,17,0,39 51,1,70,,38732,17,0,39 51,1,30,,38714,17,0,39 51,1,70,,38719,17,0,39 51,1,30,,38735,17,0,39 51,1,70,,38725,17,0,39 51,1,30,,38731,17,0,39 51,1,70,,38722,17,0,39 51,1,30,,38724,17,0,39 51,1,70,,38730,17,0,39 51,1,30,,38723,17,0,39 51,1,70,,38734,17,0,39 51,1,30,,38727,17,0,39 51,1,70,,38712,17,0,39 51,1,30,,38717,17,0,39 51,1,70,,38720,17,0,39 51,1,99,,38733,17,0,39 51,1,100,,38728,17,0,39 51,1,100,,38721,17,0,39 51,1,100,,38715,17,0,39 51,1
40401,'12',1908,,38741,17,0,39 51,1,99,,38739,17,0,39 51,1,100,,38738,17,0,39 51,1,100,,38742,17,0,39 51,1,100,,38740,17,0,39 51,1
40401,'13',1908,,38746,17,0,39 51,1,99,,38744,17,0,39 51,1,100,,38743,17,0,39 51,1,100,,38747,17,0,39 51,1,100,,38745,17,0,39 51,1
40401,'14',1108,,38752,17,0,39 51,1,100,,38751,17,0,39 51,1,100,,38748,17,0,39 51,1,100,,38754,17,0,39 51,1,100,,38749,17,0,39 51,1,100,,38753,17,0,39 51,1,100,,38755,17,0,39 51,1,100,,38750,17,0,39 51,1
40401,'16',707,,38758,17,0,39 51,1,30,,38760,17,0,39 51,1,70,,38756,17,0,39 51,1,30,,38757,17,0,39 51,1,70,,38783,17,0,39 51,1,30,,38782,17,0,39 51,1,70,,38775,17,0,39 51,1,31,,38772,17,0,39 51,1,70,,30812,17,0,39 51,1,30,,38764,17,0,39 51,1,70,,38778,17,0,39 51,1,30,,38761,17,0,39 51,1,70,,38765,17,0,39 51,1,30,,38781,17,0,39 51,1,70,,38771,17,0,39 51,1,30,,38777,17,0,39 51,1,70,,38768,17,0,39 51,1,30,,38770,17,0,39 51,1,70,,38776,17,0,39 51,1,30,,38769,17,0,39 51,1,70,,38780,17,0,39 51,1,30,,38773,17,0,39 51,1,70,,38759,17,0,39 51,1,30,,38763,17,0,39 51,1,70,,38766,17,0,39 51,1,99,,38779,17,0,39 51,1,100,,38774,17,0,39 51,1,100,,38767,17,0,39 51,1,100,,38762,17,0,39 51,1
40401,'3',1908,,38787,17,0,39 51,1,99,,38785,17,0,39 51,1,100,,38784,17,0,39 51,1,100,,38788,17,0,39 51,1,100,,38786,17,0,39 51,1
40401,'6',1908,,38792,17,0,39 51,1,99,,38790,17,0,39 51,1,100,,38789,17,0,39 51,1,100,,38793,17,0,39 51,1,100,,38791,17,0,39 51,1
40401,'8',907,,38807,17,0,39 51,1,100,,38811,17,0,39 51,1,31,,38810,17,0,39 51,1,70,,38795,17,0,39 51,1,30,,38797,17,0,39 51,1,70,,38801,17,0,39 51,1,30,,38802,17,0,39 51,1,70,,38803,17,0,39 51,1,30,,38796,17,0,39 51,1,70,,38794,17,0,39 51,1,30,,38812,17,0,39 51,1,70,,38804,17,0,39 51,1,30,,38798,17,0,39 51,1,70,,38813,17,0,39 51,1,30,,38806,17,0,39 51,1,70,,38808,17,0,39 51,1,30,,38805,17,0,39 51,1,70,,38809,17,0,39 51,1,100,,38799,17,0,39 51,1,99,,38800,17,0,39 51,1
