30101,'1',547,,198,6,0,5 15,1,70,,225,6,0,5 15,1,30,,202,6,0,5 15,1,70,,237,6,0,5 15,1,30,,229,6,0,5 15,1,70,,235,6,0,5 15,1,30,,218,6,0,5 15,1,70,,194,6,0,5 15,1,30,,205,6,0,5 15,1,71,,191,6,0,5 15,1,30,,221,6,0,5 15,1,70,,223,6,0,5 15,1,30,,214,6,0,5 15,1,70,,220,6,0,5 15,1,30,,212,6,0,5 15,1,70,,230,6,0,5 15,1,30,,210,6,0,5 15,1,70,,232,6,0,5 15,1,30,,222,6,0,5 15,1,70,,209,6,0,5 15,1,30,,199,6,0,5 15,1,70,,189,6,0,5 15,1,30,,217,6,0,5 15,1,70,,224,6,0,5 15,1,30,,195,6,0,5 15,1,70,,231,6,0,5 15,1
30101,'10',547,,248,6,0,5 15,1,70,,275,6,0,5 15,1,30,,252,6,0,5 15,1,70,,287,6,0,5 15,1,30,,279,6,0,5 15,1,70,,285,6,0,5 15,1,30,,268,6,0,5 15,1,70,,244,6,0,5 15,1,30,,255,6,0,5 15,1,71,,241,6,0,5 15,1,30,,271,6,0,5 15,1,70,,273,6,0,5 15,1,30,,264,6,0,5 15,1,70,,270,6,0,5 15,1,30,,262,6,0,5 15,1,70,,280,6,0,5 15,1,30,,260,6,0,5 15,1,70,,282,6,0,5 15,1,30,,272,6,0,5 15,1,70,,259,6,0,5 15,1,30,,249,6,0,5 15,1,70,,239,6,0,5 15,1,30,,267,6,0,5 15,1,70,,274,6,0,5 15,1,30,,245,6,0,5 15,1,70,,281,6,0,5 15,1
30101,'11',547,,298,6,0,5 15,1,70,,325,6,0,5 15,1,30,,302,6,0,5 15,1,70,,337,6,0,5 15,1,30,,329,6,0,5 15,1,70,,335,6,0,5 15,1,30,,318,6,0,5 15,1,70,,294,6,0,5 15,1,30,,305,6,0,5 15,1,71,,291,6,0,5 15,1,30,,321,6,0,5 15,1,70,,323,6,0,5 15,1,30,,314,6,0,5 15,1,70,,320,6,0,5 15,1,30,,312,6,0,5 15,1,70,,330,6,0,5 15,1,30,,310,6,0,5 15,1,70,,332,6,0,5 15,1,30,,322,6,0,5 15,1,70,,309,6,0,5 15,1,30,,299,6,0,5 15,1,70,,289,6,0,5 15,1,30,,317,6,0,5 15,1,70,,324,6,0,5 15,1,30,,295,6,0,5 15,1,70,,331,6,0,5 15,1
30101,'3',547,,348,6,0,5 15,1,70,,375,6,0,5 15,1,30,,352,6,0,5 15,1,70,,387,6,0,5 15,1,30,,379,6,0,5 15,1,70,,385,6,0,5 15,1,30,,368,6,0,5 15,1,70,,344,6,0,5 15,1,30,,355,6,0,5 15,1,71,,341,6,0,5 15,1,30,,371,6,0,5 15,1,70,,373,6,0,5 15,1,30,,364,6,0,5 15,1,70,,370,6,0,5 15,1,30,,362,6,0,5 15,1,70,,380,6,0,5 15,1,30,,360,6,0,5 15,1,70,,382,6,0,5 15,1,30,,372,6,0,5 15,1,70,,359,6,0,5 15,1,30,,349,6,0,5 15,1,70,,339,6,0,5 15,1,30,,367,6,0,5 15,1,70,,374,6,0,5 15,1,30,,345,6,0,5 15,1,70,,381,6,0,5 15,1
33701,'1',605,,5525,10,,,1,30,,5535,10,,,1,70,,5529,10,,,1,30,,5505,10,,,1,70,,5518,10,,,1,30,,5501,10,,,1,70,,5508,10,,,1,30,,5499,10,,,1,69,,5497,10,,,1,30,,5500,10,,,1,70,,5516,10,,,1,30,,5510,10,,,1,70,,5507,10,,,1,30,,5512,10,,,1,70,,5524,10,,,1,30,,5492,10,,,1,69,,5514,10,,,1,30,,5515,10,,,1,70,,5503,10,,,1,30,,5528,10,,,1,70,,5522,10,,,1,30,,5509,10,,,1,70,,5493,10,,,1,30,,5491,10,,,1,70,,5488,10,,,1
33701,'10',605,,5575,10,,,1,30,,5585,10,,,1,70,,5579,10,,,1,30,,5555,10,,,1,70,,5568,10,,,1,30,,5551,10,,,1,70,,5558,10,,,1,30,,5549,10,,,1,69,,5547,10,,,1,30,,5550,10,,,1,70,,5566,10,,,1,30,,5560,10,,,1,70,,5557,10,,,1,30,,5562,10,,,1,70,,5574,10,,,1,30,,5542,10,,,1,69,,5564,10,,,1,30,,5565,10,,,1,70,,5553,10,,,1,30,,5578,10,,,1,70,,5572,10,,,1,30,,5559,10,,,1,70,,5543,10,,,1,30,,5541,10,,,1,70,,5538,10,,,1
33701,'11',605,,5625,10,,,1,30,,5635,10,,,1,70,,5629,10,,,1,30,,5605,10,,,1,70,,5618,10,,,1,30,,5601,10,,,1,70,,5608,10,,,1,30,,5599,10,,,1,69,,5597,10,,,1,30,,5600,10,,,1,70,,5616,10,,,1,30,,5610,10,,,1,70,,5607,10,,,1,30,,5612,10,,,1,70,,5624,10,,,1,30,,5592,10,,,1,69,,5614,10,,,1,30,,5615,10,,,1,70,,5603,10,,,1,30,,5628,10,,,1,70,,5622,10,,,1,30,,5609,10,,,1,70,,5593,10,,,1,30,,5591,10,,,1,70,,5588,10,,,1
33701,'12',1027,,5659,10,,,1,30,,5651,10,,,1,70,,5653,10,,,1,30,,5654,10,,,1,70,,5644,10,,,1,30,,5658,10,,,1,70,,5652,10,,,1,30,,5666,10,,,1,70,,5649,10,,,1,30,,5660,10,,,1,70,,5655,10,,,1,30,,5648,10,,,1,70,,5640,10,,,1,30,,5650,10,,,1,70,,5646,10,,,1
33701,'14',625,,5690,10,,,1,30,,5696,10,,,1,71,,5685,10,,,1,30,,5712,10,,,1,70,,5670,10,,,1,30,,5677,10,,,1,70,,5713,10,,,1,30,,5681,10,,,1,71,,5668,10,,,1,30,,5675,10,,,1,70,,5711,10,,,1,30,,5702,10,,,1,70,,5693,10,,,1,30,,5709,10,,,1,70,,5700,10,,,1,30,,5699,10,,,1,70,,5687,10,,,1,30,,5716,10,,,1,70,,5694,10,,,1,30,,5691,10,,,1,70,,5692,10,,,1,30,,5684,10,,,1,70,,5667,10,,,1,30,,5686,10,,,1,70,,5695,10,,,1
33701,'3',605,,5755,10,,,1,30,,5765,10,,,1,70,,5759,10,,,1,30,,5735,10,,,1,70,,5748,10,,,1,30,,5731,10,,,1,70,,5738,10,,,1,30,,5729,10,,,1,69,,5727,10,,,1,30,,5730,10,,,1,70,,5746,10,,,1,30,,5740,10,,,1,70,,5737,10,,,1,30,,5742,10,,,1,70,,5754,10,,,1,30,,5722,10,,,1,69,,5744,10,,,1,30,,5745,10,,,1,70,,5733,10,,,1,30,,5758,10,,,1,70,,5752,10,,,1,30,,5739,10,,,1,70,,5723,10,,,1,30,,5721,10,,,1,70,,5718,10,,,1
33701,'7',1057,,5770,10,,,1,70,,5768,10,,,1,30,,5769,10,,,1,70,,5779,10,,,1,30,,5794,10,,,1,70,,5772,10,,,1,30,,5776,10,,,1,70,,5767,10,,,1,30,,5774,10,,,1,70,,5781,10,,,1,30,,5788,10,,,1,70,,5792,10,,,1,30,,5778,10,,,1,70,,5782,10,,,1,30,,5783,10,,,1
40101,'1',1857,,5975,6,0,16,1,100,,5976,6,0,16,1,100,,5974,6,0,16,1,100,,5977,6,0,16,1,100,,5970,6,0,16,1
40101,'10',1857,,5986,6,0,16,1,100,,5987,6,0,16,1,100,,5985,6,0,16,1,100,,5988,6,0,16,1,100,,5981,6,0,16,1
40101,'11',1857,,5997,6,0,16,1,100,,5998,6,0,16,1,100,,5996,6,0,16,1,100,,5999,6,0,16,1,100,,5992,6,0,16,1
40101,'12',1057,,6008,6,0,16,1,100,,6016,6,0,16,1,100,,6011,6,0,16,1,100,,6007,6,0,16,1,100,,6014,6,0,16,1,100,,6003,6,0,16,1,100,,6006,6,0,16,1
40101,'14',557,,6051,6,0,16,1,70,,6049,6,0,16,1,30,,6037,6,0,16,1,70,,6035,6,0,16,1,30,,6045,6,0,16,1,70,,6048,6,0,16,1,30,,6072,6,0,16,1,70,,6060,6,0,16,1,30,,6019,6,0,16,1,70,,6046,6,0,16,1,30,,6070,6,0,16,1,70,,6056,6,0,16,1,30,,6039,6,0,16,1,70,,6063,6,0,16,1,30,,6020,6,0,16,1,70,,6030,6,0,16,1,30,,6077,6,0,16,1,70,,6066,6,0,16,1,30,,6075,6,0,16,1,70,,6027,6,0,16,1,30,,6034,6,0,16,1,70,,6067,6,0,16,1,30,,6055,6,0,16,1,70,,6041,6,0,16,1,30,,6021,6,0,16,1,70,,6017,6,0,16,1,30,,6076,6,0,16,1,100,,6026,6,0,16,1,100,,6052,6,0,16,1,100,,6057,6,0,16,1,100,,6029,6,0,16,1
40101,'3',1857,,6084,6,0,16,1,100,,6085,6,0,16,1,100,,6083,6,0,16,1,100,,6086,6,0,16,1,100,,6079,6,0,16,1
40101,'7',857,,6100,6,0,16,1,100,,6090,6,0,16,1,100,,6114,6,0,16,1,70,,6121,6,0,16,1,30,,6120,6,0,16,1,70,,6126,6,0,16,1,30,,6099,6,0,16,1,70,,6098,6,0,16,1,30,,6117,6,0,16,1,70,,6125,6,0,16,1,30,,6091,6,0,16,1,70,,6108,6,0,16,1,30,,6096,6,0,16,1,70,,6107,6,0,16,1,30,,6103,6,0,16,1,70,,6113,6,0,16,1,30,,6111,6,0,16,1,70,,6109,6,0,16,1,30,,6089,6,0,16,1
43701,'1',1905,,8733,10,,,1,100,,8734,10,,,1,100,,8726,10,,,1,100,,8730,10,,,1,100,,8729,10,,,1
43701,'10',1905,,8743,10,,,1,100,,8744,10,,,1,100,,8736,10,,,1,100,,8740,10,,,1,100,,8739,10,,,1
43701,'11',1905,,8753,10,,,1,100,,8754,10,,,1,100,,8746,10,,,1,100,,8750,10,,,1,100,,8749,10,,,1
43701,'14',1905,,8759,10,,,1,100,,8755,10,,,1,100,,8763,10,,,1,100,,8757,10,,,1,100,,8756,10,,,1
43701,'3',1905,,8773,10,,,1,100,,8774,10,,,1,100,,8766,10,,,1,100,,8770,10,,,1,100,,8769,10,,,1
