32100,'15',650,,14121,19,0,53,1,91,,14115,19,0,53,1,100,,14123,19,0,53,1,100,,14125,19,0,53,1,100,,14120,19,0,53,1,100,,14119,19,0,53,1,100,,14116,19,0,53,1,100,,14124,19,0,53,1,100,,14122,19,0,53,1,100,,14114,19,0,53,1,100,,14118,19,0,53,1,100,,14117,19,0,53,1
32100,'16',650,,14130,19,0,53,1,91,,14126,19,0,53,1,100,,1005,19,0,53,1,100,,14133,19,0,53,1,100,,5261,19,0,53,1,100,,14129,19,0,53,1,100,,14127,19,0,53,1,100,,14132,19,0,53,1,100,,14128,19,0,53,1,100,,14131,19,0,53,1,100,,14135,19,0,53,1,100,,14134,19,0,53,1
32100,'17',650,,14140,19,0,53,1,91,,14136,19,0,53,1,100,,1029,19,0,53,1,100,,14143,19,0,53,1,100,,5311,19,0,53,1,100,,14139,19,0,53,1,100,,14137,19,0,53,1,100,,14142,19,0,53,1,100,,14138,19,0,53,1,100,,14141,19,0,53,1,100,,14145,19,0,53,1,100,,14144,19,0,53,1
32100,'19',650,,14152,19,0,53,1,91,,14146,19,0,53,1,100,,14153,19,0,53,1,100,,14156,19,0,53,1,100,,14151,19,0,53,1,100,,14150,19,0,53,1,100,,14147,19,0,53,1,100,,14155,19,0,53,1,100,,14149,19,0,53,1,100,,14148,19,0,53,1,100,,14157,19,0,53,1,100,,14154,19,0,53,1
32100,'5',650,,14163,19,0,53,1,91,,14158,19,0,53,1,100,,1053,19,0,53,1,100,,14165,19,0,53,1,100,,5441,19,0,53,1,100,,14162,19,0,53,1,100,,14159,19,0,53,1,100,,14164,19,0,53,1,100,,14161,19,0,53,1,100,,14160,19,0,53,1,100,,14166,19,0,53,1,100,,8794,19,0,53,1
32100,'6',650,,14174,19,0,53,1,91,,14168,19,0,53,1,100,,14176,19,0,53,1,100,,14178,19,0,53,1,100,,14173,19,0,53,1,100,,14172,19,0,53,1,100,,14169,19,0,53,1,100,,14177,19,0,53,1,100,,14175,19,0,53,1,100,,14167,19,0,53,1,100,,14171,19,0,53,1,100,,14170,19,0,53,1
42100,'1',1041,,1932,19,0,53,1,100,,20074,19,0,53,1,100,,20072,19,0,53,1,100,,20070,19,0,53,1,100,,20073,19,0,53,1,100,,20071,19,0,53,1,100,,20069,19,0,53,1
42100,'10',650,,20091,19,0,53,1,91,,20087,19,0,53,1,100,,20076,19,0,53,1,100,,20088,19,0,53,1,100,,20082,19,0,53,1,100,,20078,19,0,53,1,100,,20081,19,0,53,1,100,,20090,19,0,53,1,100,,20086,19,0,53,1,100,,20077,19,0,53,1,100,,20084,19,0,53,1,100,,20080,19,0,53,1,100,,20085,19,0,53,1,100,,20075,19,0,53,1,100,,20079,19,0,53,1,100,,20083,19,0,53,1,100,,20089,19,0,53,1
42100,'12',841,,20094,19,0,53,1,100,,20095,19,0,53,1,100,,20097,19,0,53,1,100,,20100,19,0,53,1,100,,20093,19,0,53,1,100,,20099,19,0,53,1,100,,20101,19,0,53,1,100,,20098,19,0,53,1,100,,20102,19,0,53,1,100,,20092,19,0,53,1,100,,20096,19,0,53,1,100,,20103,19,0,53,1
42100,'15',1841,,20105,19,0,53,1,100,,20107,19,0,53,1,100,,20104,19,0,53,1,100,,20106,19,0,53,1,100,,20108,19,0,53,1
42100,'16',1841,,20110,19,0,53,1,100,,20112,19,0,53,1,100,,20109,19,0,53,1,100,,20111,19,0,53,1,100,,20113,19,0,53,1
42100,'17',1841,,20115,19,0,53,1,100,,20117,19,0,53,1,100,,20114,19,0,53,1,100,,20116,19,0,53,1,100,,20118,19,0,53,1
42100,'19',1841,,20120,19,0,53,1,100,,20122,19,0,53,1,100,,20119,19,0,53,1,100,,20121,19,0,53,1,100,,20123,19,0,53,1
42100,'21',650,,20138,19,0,53,1,91,,20134,19,0,53,1,100,,20125,19,0,53,1,100,,20135,19,0,53,1,100,,20130,19,0,53,1,100,,20127,19,0,53,1,100,,20129,19,0,53,1,100,,20137,19,0,53,1,100,,20133,19,0,53,1,100,,20126,19,0,53,1,100,,20131,19,0,53,1,100,,6805,19,0,53,1,100,,20132,19,0,53,1,100,,20124,19,0,53,1,100,,20128,19,0,53,1,100,,8225,19,0,53,1,100,,20136,19,0,53,1
42100,'5',1841,,20140,19,0,53,1,100,,20142,19,0,53,1,100,,20139,19,0,53,1,100,,20141,19,0,53,1,100,,20143,19,0,53,1
42100,'6',1841,,20145,19,0,53,1,100,,20147,19,0,53,1,100,,20144,19,0,53,1,100,,20146,19,0,53,1,100,,20148,19,0,53,1
