31700,'1',630,,3323,31,0,63,1,70,,3321,31,0,63,1,31,,3325,31,0,63,1,70,,3332,31,0,63,1,30,,3333,31,0,63,1,70,,3322,31,0,63,1,30,,3328,31,0,63,1,70,,3316,31,0,63,1,29,,3318,31,0,63,1,70,,3329,31,0,63,1,30,,3335,31,0,63,1,70,,3338,31,0,63,1,30,,3317,31,0,63,1,70,,3324,31,0,63,1,30,,3331,31,0,63,1,70,,3315,31,0,63,1,31,,3336,31,0,63,1,70,,3326,31,0,63,1,30,,3334,31,0,63,1,70,,3337,31,0,63,1,30,,3330,31,0,63,1,70,,3320,31,0,63,1,30,,3327,31,0,63,1,70,,3319,31,0,63,1
31700,'10',630,,3347,31,0,63,1,70,,3345,31,0,63,1,31,,3349,31,0,63,1,70,,3356,31,0,63,1,30,,3357,31,0,63,1,70,,3346,31,0,63,1,30,,3352,31,0,63,1,70,,3340,31,0,63,1,29,,3342,31,0,63,1,70,,3353,31,0,63,1,30,,3359,31,0,63,1,70,,3362,31,0,63,1,30,,3341,31,0,63,1,70,,3348,31,0,63,1,30,,3355,31,0,63,1,70,,3339,31,0,63,1,31,,3360,31,0,63,1,70,,3350,31,0,63,1,30,,3358,31,0,63,1,70,,3361,31,0,63,1,30,,3354,31,0,63,1,70,,3344,31,0,63,1,30,,3351,31,0,63,1,70,,3343,31,0,63,1
31700,'11',630,,3371,31,0,63,1,70,,3369,31,0,63,1,31,,3373,31,0,63,1,70,,3380,31,0,63,1,30,,3381,31,0,63,1,70,,3370,31,0,63,1,30,,3376,31,0,63,1,70,,3364,31,0,63,1,29,,3366,31,0,63,1,70,,3377,31,0,63,1,30,,3383,31,0,63,1,70,,3386,31,0,63,1,30,,3365,31,0,63,1,70,,3372,31,0,63,1,30,,3379,31,0,63,1,70,,3363,31,0,63,1,31,,3384,31,0,63,1,70,,3374,31,0,63,1,30,,3382,31,0,63,1,70,,3385,31,0,63,1,30,,3378,31,0,63,1,70,,3368,31,0,63,1,30,,3375,31,0,63,1,70,,3367,31,0,63,1
31700,'3',630,,3395,31,0,63,1,70,,3393,31,0,63,1,31,,3397,31,0,63,1,70,,3404,31,0,63,1,30,,3405,31,0,63,1,70,,3394,31,0,63,1,30,,3400,31,0,63,1,70,,3388,31,0,63,1,29,,3390,31,0,63,1,70,,3401,31,0,63,1,30,,3407,31,0,63,1,70,,3410,31,0,63,1,30,,3389,31,0,63,1,70,,3396,31,0,63,1,30,,3403,31,0,63,1,70,,3387,31,0,63,1,31,,3408,31,0,63,1,70,,3398,31,0,63,1,30,,3406,31,0,63,1,70,,3409,31,0,63,1,30,,3402,31,0,63,1,70,,3392,31,0,63,1,30,,3399,31,0,63,1,70,,3391,31,0,63,1
41700,'1',1829,,7642,31,0,67,1,100,,7643,31,0,67,1,100,,7639,31,0,67,1,100,,7640,31,0,67,1,100,,7641,31,0,67,1,100,,7638,31,0,67,1
41700,'10',1829,,7648,31,0,67,1,100,,7649,31,0,67,1,100,,7645,31,0,67,1,100,,7646,31,0,67,1,100,,7647,31,0,67,1,100,,7644,31,0,67,1
41700,'11',1829,,7654,31,0,67,1,100,,7655,31,0,67,1,100,,7651,31,0,67,1,100,,7652,31,0,67,1,100,,7653,31,0,67,1,100,,7650,31,0,67,1
41700,'12',1129,,7656,31,0,67,1,100,,7660,31,0,67,1,100,,7658,31,0,67,1,100,,7662,31,0,67,1,100,,7661,31,0,67,1,100,,7657,31,0,67,1,100,,7659,31,0,67,1
41700,'14',628,,7672,31,0,67,1,30,,7688,31,0,67,1,71,,7665,31,0,67,1,30,,7690,31,0,67,1,70,,7682,31,0,67,1,30,,7680,31,0,67,1,70,,7681,31,0,67,1,30,,7669,31,0,67,1,70,,7684,31,0,67,1,30,,7671,31,0,67,1,70,,7675,31,0,67,1,30,,7676,31,0,67,1,70,,7691,31,0,67,1,30,,7686,31,0,67,1,70,,7664,31,0,67,1,30,,7687,31,0,67,1,70,,7692,31,0,67,1,30,,7663,31,0,67,1,70,,7673,31,0,67,1,30,,7677,31,0,67,1,70,,7666,31,0,67,1,30,,7689,31,0,67,1,70,,7667,31,0,67,1,30,,7683,31,0,67,1,70,,7674,31,0,67,1,100,,7685,31,0,67,1,100,,7668,31,0,67,1,100,,7679,31,0,67,1,100,,7678,31,0,67,1,100,,7670,31,0,67,1
41700,'3',1829,,7697,31,0,67,1,100,,7698,31,0,67,1,100,,7694,31,0,67,1,100,,7695,31,0,67,1,100,,7696,31,0,67,1,100,,7693,31,0,67,1
41700,'7',929,,7707,31,0,67,1,100,,7704,31,0,67,1,30,,7700,31,0,67,1,70,,7699,31,0,67,1,30,,7712,31,0,67,1,70,,7708,31,0,67,1,30,,7703,31,0,67,1,70,,7706,31,0,67,1,30,,7717,31,0,67,1,70,,7714,31,0,67,1,30,,7702,31,0,67,1,70,,7705,31,0,67,1,30,,7710,31,0,67,1,70,,7709,31,0,67,1,30,,7716,31,0,67,1,70,,7701,31,0,67,1,30,,7711,31,0,67,1,70,,7715,31,0,67,1,100,,7713,31,0,67,1
