31501,'12',606,,35338,12,0,20 14 35 26,1,30,,35351,12,0,20 14 35 26,1,70,,35346,12,0,20 14 35 26,1,30,,35345,12,0,20 14 35 26,1,70,,35343,12,0,20 14 35 26,1,30,,35344,12,0,20 14 35 26,1,70,,35347,12,0,20 14 35 26,1,30,,35350,12,0,20 14 35 26,1,70,,35339,12,0,20 14 35 26,1,30,,35348,12,0,20 14 35 26,1,70,,35354,12,0,20 14 35 26,1,30,,35358,12,0,20 14 35 26,1,70,,35353,12,0,20 14 35 26,1,30,,35360,12,0,20 14 35 26,1,70,,35352,12,0,20 14 35 26,1,30,,35341,12,0,20 14 35 26,1,70,,35349,12,0,20 14 35 26,1,30,,35356,12,0,20 14 35 26,1,70,,35342,12,0,20 14 35 26,1,30,,35340,12,0,20 14 35 26,1,70,,35357,12,0,20 14 35 26,1,30,,35355,12,0,20 14 35 26,1,70,,35359,12,0,20 14 35 26,1,30,,35337,12,0,20 14 35 26,1
31501,'13',606,,35362,12,0,20 14 35 26,1,30,,21901,12,0,20 14 35 26,1,70,,35368,12,0,20 14 35 26,1,30,,35367,12,0,20 14 35 26,1,70,,35365,12,0,20 14 35 26,1,30,,35366,12,0,20 14 35 26,1,70,,35369,12,0,20 14 35 26,1,30,,35372,12,0,20 14 35 26,1,70,,28189,12,0,20 14 35 26,1,30,,35370,12,0,20 14 35 26,1,70,,28508,12,0,20 14 35 26,1,30,,35377,12,0,20 14 35 26,1,70,,35373,12,0,20 14 35 26,1,30,,35379,12,0,20 14 35 26,1,70,,27564,12,0,20 14 35 26,1,30,,35364,12,0,20 14 35 26,1,70,,35371,12,0,20 14 35 26,1,30,,35375,12,0,20 14 35 26,1,70,,27339,12,0,20 14 35 26,1,30,,35363,12,0,20 14 35 26,1,70,,35376,12,0,20 14 35 26,1,30,,35374,12,0,20 14 35 26,1,70,,35378,12,0,20 14 35 26,1,30,,35361,12,0,20 14 35 26,1
31501,'3',606,,35381,12,0,20 14 35 26,1,30,,21925,12,0,20 14 35 26,1,70,,35387,12,0,20 14 35 26,1,30,,35386,12,0,20 14 35 26,1,70,,35384,12,0,20 14 35 26,1,30,,35385,12,0,20 14 35 26,1,70,,35388,12,0,20 14 35 26,1,30,,35391,12,0,20 14 35 26,1,70,,28210,12,0,20 14 35 26,1,30,,35389,12,0,20 14 35 26,1,70,,28532,12,0,20 14 35 26,1,30,,35396,12,0,20 14 35 26,1,70,,35392,12,0,20 14 35 26,1,30,,35398,12,0,20 14 35 26,1,70,,27586,12,0,20 14 35 26,1,30,,35383,12,0,20 14 35 26,1,70,,35390,12,0,20 14 35 26,1,30,,35394,12,0,20 14 35 26,1,70,,27377,12,0,20 14 35 26,1,30,,35382,12,0,20 14 35 26,1,70,,35395,12,0,20 14 35 26,1,30,,35393,12,0,20 14 35 26,1,70,,35397,12,0,20 14 35 26,1,30,,35380,12,0,20 14 35 26,1
31501,'6',606,,35400,12,0,20 14 35 26,1,30,,35413,12,0,20 14 35 26,1,70,,35408,12,0,20 14 35 26,1,30,,35407,12,0,20 14 35 26,1,70,,35405,12,0,20 14 35 26,1,30,,35406,12,0,20 14 35 26,1,70,,35409,12,0,20 14 35 26,1,30,,35412,12,0,20 14 35 26,1,70,,35401,12,0,20 14 35 26,1,30,,35410,12,0,20 14 35 26,1,70,,35416,12,0,20 14 35 26,1,30,,35420,12,0,20 14 35 26,1,70,,35415,12,0,20 14 35 26,1,30,,35422,12,0,20 14 35 26,1,70,,35414,12,0,20 14 35 26,1,30,,35403,12,0,20 14 35 26,1,70,,35411,12,0,20 14 35 26,1,30,,35418,12,0,20 14 35 26,1,70,,35404,12,0,20 14 35 26,1,30,,35402,12,0,20 14 35 26,1,70,,35419,12,0,20 14 35 26,1,30,,35417,12,0,20 14 35 26,1,70,,35421,12,0,20 14 35 26,1,30,,35399,12,0,20 14 35 26,1
41501,'1',651,,40301,12,0,20 14 34,1,70,,40294,12,0,20 14 34,1,30,,40288,12,0,20 14 34,1,70,,40304,12,0,20 14 34,1,30,,40293,12,0,20 14 34,1,70,,40286,12,0,20 14 34,1,30,,40289,12,0,20 14 34,1,70,,40302,12,0,20 14 34,1,30,,31128,12,0,20 14 34,1,70,,40284,12,0,20 14 34,1,30,,40297,12,0,20 14 34,1,70,,40281,12,0,20 14 34,1,30,,40300,12,0,20 14 34,1,70,,40280,12,0,20 14 34,1,30,,40303,12,0,20 14 34,1,70,,40278,12,0,20 14 34,1,30,,40287,12,0,20 14 34,1,70,,40290,12,0,20 14 34,1,30,,40296,12,0,20 14 34,1,70,,40292,12,0,20 14 34,1,30,,40282,12,0,20 14 34,1,70,,40298,12,0,20 14 34,1,30,,29652,12,0,20 14 34,1,70,,40283,12,0,20 14 34,1,100,,40291,12,0,20 14 34,1,100,,40285,12,0,20 14 34,1,100,,40295,12,0,20 14 34,1,100,,40299,12,0,20 14 34,1,100,,40279,12,0,20 14 34,1
41501,'11',651,,40329,12,0,20 14 34,1,70,,40322,12,0,20 14 34,1,30,,40316,12,0,20 14 34,1,70,,40333,12,0,20 14 34,1,30,,40321,12,0,20 14 34,1,70,,40314,12,0,20 14 34,1,30,,40317,12,0,20 14 34,1,70,,40330,12,0,20 14 34,1,30,,40331,12,0,20 14 34,1,70,,40312,12,0,20 14 34,1,30,,40325,12,0,20 14 34,1,70,,40308,12,0,20 14 34,1,30,,40328,12,0,20 14 34,1,70,,40307,12,0,20 14 34,1,30,,40332,12,0,20 14 34,1,70,,40305,12,0,20 14 34,1,30,,40315,12,0,20 14 34,1,70,,40318,12,0,20 14 34,1,30,,40324,12,0,20 14 34,1,70,,40320,12,0,20 14 34,1,30,,40310,12,0,20 14 34,1,70,,40326,12,0,20 14 34,1,30,,40309,12,0,20 14 34,1,70,,40311,12,0,20 14 34,1,100,,40319,12,0,20 14 34,1,100,,40313,12,0,20 14 34,1,100,,40323,12,0,20 14 34,1,100,,40327,12,0,20 14 34,1,100,,40306,12,0,20 14 34,1
41501,'12',1806,,40338,12,0,20 14 34,1,30,,40334,12,0,20 14 34,1,85,,40336,12,0,20 14 34,1,100,,40340,12,0,20 14 34,1,100,,40335,12,0,20 14 34,1,100,,40337,12,0,20 14 34,1,100,,40339,12,0,20 14 34,1
41501,'13',1806,,40345,12,0,20 14 34,1,30,,40341,12,0,20 14 34,1,85,,40343,12,0,20 14 34,1,100,,40347,12,0,20 14 34,1,100,,40342,12,0,20 14 34,1,100,,40344,12,0,20 14 34,1,100,,40346,12,0,20 14 34,1
41501,'14',1121,,40349,12,0,20 14 34,1,100,,40352,12,0,20 14 34,1,100,,40353,12,0,20 14 34,1,100,,40351,12,0,20 14 34,1,100,,40350,12,0,20 14 34,1,100,,40354,12,0,20 14 34,1,100,,40348,12,0,20 14 34,1
41501,'16',651,,40378,12,0,20 14 34,1,70,,40371,12,0,20 14 34,1,30,,40365,12,0,20 14 34,1,70,,40381,12,0,20 14 34,1,30,,40370,12,0,20 14 34,1,70,,40363,12,0,20 14 34,1,30,,40366,12,0,20 14 34,1,70,,40379,12,0,20 14 34,1,30,,31153,12,0,20 14 34,1,70,,40361,12,0,20 14 34,1,30,,40374,12,0,20 14 34,1,70,,40358,12,0,20 14 34,1,30,,40377,12,0,20 14 34,1,70,,40357,12,0,20 14 34,1,30,,40380,12,0,20 14 34,1,70,,40355,12,0,20 14 34,1,30,,40364,12,0,20 14 34,1,70,,40367,12,0,20 14 34,1,30,,40373,12,0,20 14 34,1,70,,40369,12,0,20 14 34,1,30,,40359,12,0,20 14 34,1,70,,40375,12,0,20 14 34,1,30,,26926,12,0,20 14 34,1,70,,40360,12,0,20 14 34,1,100,,40368,12,0,20 14 34,1,100,,40362,12,0,20 14 34,1,100,,40372,12,0,20 14 34,1,100,,40376,12,0,20 14 34,1,100,,40356,12,0,20 14 34,1
41501,'3',1806,,40386,12,0,20 14 34,1,30,,40382,12,0,20 14 34,1,85,,40384,12,0,20 14 34,1,100,,40388,12,0,20 14 34,1,100,,40383,12,0,20 14 34,1,100,,40385,12,0,20 14 34,1,100,,40387,12,0,20 14 34,1
41501,'6',1806,,40393,12,0,20 14 34,1,30,,40389,12,0,20 14 34,1,85,,40391,12,0,20 14 34,1,100,,40395,12,0,20 14 34,1,100,,40390,12,0,20 14 34,1,100,,40392,12,0,20 14 34,1,100,,40394,12,0,20 14 34,1
41501,'8',1021,,40400,12,0,20 14 34,1,30,,40408,12,0,20 14 34,1,70,,40403,12,0,20 14 34,1,30,,40401,12,0,20 14 34,1,70,,40410,12,0,20 14 34,1,100,,40407,12,0,20 14 34,1,30,,40398,12,0,20 14 34,1,70,,40404,12,0,20 14 34,1,100,,40402,12,0,20 14 34,1,30,,40406,12,0,20 14 34,1,70,,40409,12,0,20 14 34,1,30,,31323,12,0,20 14 34,1,70,,40396,12,0,20 14 34,1,30,,40397,12,0,20 14 34,1,70,,40405,12,0,20 14 34,1,100,,40399,12,0,20 14 34,1
