30101,'1',631,,193,30,0,5 15,1,70,,200,30,0,5 15,1,30,,196,30,0,5 15,1,70,,238,30,0,5 15,1,30,,233,30,0,5 15,1,70,,226,30,0,5 15,1,30,,197,30,0,5 15,1,70,,208,30,0,5 15,1,30,,228,30,0,5 15,1,70,,203,30,0,5 15,1,30,,207,30,0,5 15,1,70,,192,30,0,5 15,1,30,,215,30,0,5 15,1,70,,206,30,0,5 15,1,30,,234,30,0,5 15,1,70,,211,30,0,5 15,1,30,,190,30,0,5 15,1,70,,213,30,0,5 15,1,30,,227,30,0,5 15,1,70,,219,30,0,5 15,1,30,,216,30,0,5 15,1,70,,204,30,0,5 15,1,30,,201,30,0,5 15,1,70,,236,30,0,5 15,1
30101,'10',631,,243,30,0,5 15,1,70,,250,30,0,5 15,1,30,,246,30,0,5 15,1,70,,288,30,0,5 15,1,30,,283,30,0,5 15,1,70,,276,30,0,5 15,1,30,,247,30,0,5 15,1,70,,258,30,0,5 15,1,30,,278,30,0,5 15,1,70,,253,30,0,5 15,1,30,,257,30,0,5 15,1,70,,242,30,0,5 15,1,30,,265,30,0,5 15,1,70,,256,30,0,5 15,1,30,,284,30,0,5 15,1,70,,261,30,0,5 15,1,30,,240,30,0,5 15,1,70,,263,30,0,5 15,1,30,,277,30,0,5 15,1,70,,269,30,0,5 15,1,30,,266,30,0,5 15,1,70,,254,30,0,5 15,1,30,,251,30,0,5 15,1,70,,286,30,0,5 15,1
30101,'11',631,,293,30,0,5 15,1,70,,300,30,0,5 15,1,30,,296,30,0,5 15,1,70,,338,30,0,5 15,1,30,,333,30,0,5 15,1,70,,326,30,0,5 15,1,30,,297,30,0,5 15,1,70,,308,30,0,5 15,1,30,,328,30,0,5 15,1,70,,303,30,0,5 15,1,30,,307,30,0,5 15,1,70,,292,30,0,5 15,1,30,,315,30,0,5 15,1,70,,306,30,0,5 15,1,30,,334,30,0,5 15,1,70,,311,30,0,5 15,1,30,,290,30,0,5 15,1,70,,313,30,0,5 15,1,30,,327,30,0,5 15,1,70,,319,30,0,5 15,1,30,,316,30,0,5 15,1,70,,304,30,0,5 15,1,30,,301,30,0,5 15,1,70,,336,30,0,5 15,1
30101,'3',631,,343,30,0,5 15,1,70,,350,30,0,5 15,1,30,,346,30,0,5 15,1,70,,388,30,0,5 15,1,30,,383,30,0,5 15,1,70,,376,30,0,5 15,1,30,,347,30,0,5 15,1,70,,358,30,0,5 15,1,30,,378,30,0,5 15,1,70,,353,30,0,5 15,1,30,,357,30,0,5 15,1,70,,342,30,0,5 15,1,30,,365,30,0,5 15,1,70,,356,30,0,5 15,1,30,,384,30,0,5 15,1,70,,361,30,0,5 15,1,30,,340,30,0,5 15,1,70,,363,30,0,5 15,1,30,,377,30,0,5 15,1,70,,369,30,0,5 15,1,30,,366,30,0,5 15,1,70,,354,30,0,5 15,1,30,,351,30,0,5 15,1,70,,386,30,0,5 15,1
40101,'1',1845,,5972,30,0,16,1,100,,5979,30,0,16,1,100,,5969,30,0,16,1,100,,5978,30,0,16,1,100,,5973,30,0,16,1,100,,5971,30,0,5,1
40101,'10',1845,,5983,30,0,16,1,100,,5990,30,0,16,1,100,,5980,30,0,16,1,100,,5989,30,0,16,1,100,,5984,30,0,16,1,100,,5982,30,0,5,1
40101,'11',1845,,5994,30,0,16,1,100,,6001,30,0,16,1,100,,5991,30,0,16,1,100,,6000,30,0,16,1,100,,5995,30,0,16,1,100,,5993,30,0,5,1
40101,'12',1045,,6013,30,0,16,1,100,,6010,30,0,16,1,100,,6012,30,0,16,1,100,,6005,30,0,16,1,100,,6004,30,0,16,1,100,,6015,30,0,16,1,100,,6009,30,0,16,1,100,,6002,30,0,5,1
40101,'14',645,,6023,30,0,16,1,70,,6042,30,0,16,1,30,,6033,30,0,16,1,70,,6040,30,0,16,1,30,,6061,30,0,16,1,70,,6064,30,0,16,1,30,,6068,30,0,16,1,70,,6058,30,0,16,1,30,,6044,30,0,16,1,70,,6053,30,0,16,1,30,,6047,30,0,16,1,70,,6043,30,0,16,1,30,,6024,30,0,16,1,70,,6038,30,0,16,1,30,,6065,30,0,16,1,70,,6062,30,0,16,1,30,,6036,30,0,16,1,70,,6059,30,0,16,1,30,,6073,30,0,16,1,70,,6022,30,0,16,1,30,,6028,30,0,16,1,70,,6032,30,0,16,1,30,,6069,30,0,16,1,70,,6031,30,0,16,1,30,,6074,30,0,16,1,100,,6071,30,0,16,1,100,,6054,30,0,16,1,100,,6050,30,0,16,1,100,,6018,30,0,16,1,100,,6025,30,0,5,1
40101,'3',1845,,6081,30,0,16,1,100,,6088,30,0,16,1,100,,6078,30,0,16,1,100,,6087,30,0,16,1,100,,6082,30,0,16,1,100,,6080,30,0,5,1
40101,'7',845,,6095,30,0,16,1,100,,6105,30,0,16,1,100,,6118,30,0,16,1,70,,6127,30,0,16,1,30,,6119,30,0,16,1,70,,6122,30,0,16,1,30,,6092,30,0,16,1,70,,6093,30,0,16,1,30,,6116,30,0,16,1,70,,6097,30,0,16,1,30,,6110,30,0,16,1,70,,6124,30,0,16,1,30,,6106,30,0,16,1,70,,6102,30,0,16,1,30,,6101,30,0,16,1,70,,6115,30,0,16,1,30,,6094,30,0,16,1,70,,6123,30,0,16,1,30,,6104,30,0,16,1,100,,6112,30,0,16,1
