30901,'12',622,,34469,12,0,25 14 26,1,30,,34473,12,0,25 14 26,1,70,,34486,12,0,25 14 26,1,30,,34470,12,0,25 14 26,1,70,,34476,12,0,25 14 26,1,30,,34481,12,0,25 14 26,1,70,,34492,12,0,25 14 26,1,30,,34487,12,0,25 14 26,1,70,,34491,12,0,25 14 26,1,30,,34479,12,0,25 14 26,1,70,,34489,12,0,25 14 26,1,30,,34475,12,0,25 14 26,1,70,,34488,12,0,25 14 26,1,30,,34483,12,0,25 14 26,1,70,,34472,12,0,25 14 26,1,30,,34471,12,0,25 14 26,1,70,,34474,12,0,25 14 26,1,78,,34490,12,0,25 14 26,1,30,,34477,12,0,25 14 26,1,70,,34485,12,0,25 14 26,1,30,,34478,12,0,25 14 26,1,70,,34482,12,0,25 14 26,1,30,,34480,12,0,25 14 26,1,70,,34493,12,0,25 14 26,1,26,,34484,8,0,25 14 26,1
30901,'13',622,,34494,12,0,25 14 26,1,30,,34498,12,0,25 14 26,1,70,,34511,12,0,25 14 26,1,30,,34495,12,0,25 14 26,1,70,,34501,12,0,25 14 26,1,30,,34506,12,0,25 14 26,1,70,,27614,12,0,25 14 26,1,30,,23691,12,0,25 14 26,1,70,,34515,12,0,25 14 26,1,30,,34504,12,0,25 14 26,1,70,,34513,12,0,25 14 26,1,30,,34500,12,0,25 14 26,1,70,,34512,12,0,25 14 26,1,30,,34508,12,0,25 14 26,1,70,,34497,12,0,25 14 26,1,30,,34496,12,0,25 14 26,1,70,,34499,12,0,25 14 26,1,78,,34514,12,0,25 14 26,1,30,,34502,12,0,25 14 26,1,70,,34510,12,0,25 14 26,1,30,,34503,12,0,25 14 26,1,70,,34507,12,0,25 14 26,1,30,,34505,12,0,25 14 26,1,70,,34516,12,0,25 14 26,1,26,,34509,8,0,25 14 26,1
30901,'3',622,,34517,12,0,25 14 26,1,30,,34521,12,0,25 14 26,1,70,,34534,12,0,25 14 26,1,30,,34518,12,0,25 14 26,1,70,,34524,12,0,25 14 26,1,30,,34529,12,0,25 14 26,1,70,,27637,12,0,25 14 26,1,30,,23711,12,0,25 14 26,1,70,,34538,12,0,25 14 26,1,30,,34527,12,0,25 14 26,1,70,,34536,12,0,25 14 26,1,30,,34523,12,0,25 14 26,1,70,,34535,12,0,25 14 26,1,30,,34531,12,0,25 14 26,1,70,,34520,12,0,25 14 26,1,30,,34519,12,0,25 14 26,1,70,,34522,12,0,25 14 26,1,78,,34537,12,0,25 14 26,1,30,,34525,12,0,25 14 26,1,70,,34533,12,0,25 14 26,1,30,,34526,12,0,25 14 26,1,70,,34530,12,0,25 14 26,1,30,,34528,12,0,25 14 26,1,70,,34539,12,0,25 14 26,1,26,,34532,8,0,25 14 26,1
30901,'6',622,,34540,12,0,25 14 26,1,30,,34544,12,0,25 14 26,1,70,,34557,12,0,25 14 26,1,30,,34541,12,0,25 14 26,1,70,,34547,12,0,25 14 26,1,30,,34552,12,0,25 14 26,1,70,,34563,12,0,25 14 26,1,30,,34558,12,0,25 14 26,1,70,,34562,12,0,25 14 26,1,30,,34550,12,0,25 14 26,1,70,,34560,12,0,25 14 26,1,30,,34546,12,0,25 14 26,1,70,,34559,12,0,25 14 26,1,30,,34554,12,0,25 14 26,1,70,,34543,12,0,25 14 26,1,30,,34542,12,0,25 14 26,1,70,,34545,12,0,25 14 26,1,78,,34561,12,0,25 14 26,1,30,,34548,12,0,25 14 26,1,70,,34556,12,0,25 14 26,1,30,,34549,12,0,25 14 26,1,70,,34553,12,0,25 14 26,1,30,,34551,12,0,25 14 26,1,70,,34564,12,0,25 14 26,1,26,,34555,8,0,25 14 26,1
40901,'1',650,,39494,12,0,25 12,1,70,,39496,12,0,25 12,1,30,,39491,12,0,25 12,1,70,,39475,12,0,25 12,1,30,,39477,12,0,25 12,1,70,,39485,12,0,25 12,1,30,,39479,12,0,25 12,1,70,,30685,12,0,25 12,1,30,,39482,12,0,25 12,1,70,,39488,12,0,25 12,1,30,,39478,12,0,25 12,1,70,,39497,12,0,25 12,1,30,,39498,12,0,25 12,1,70,,39490,12,0,25 12,1,30,,24694,12,0,25 12,1,70,,31595,12,0,25 12,1,30,,39474,12,0,25 12,1,70,,39481,12,0,25 12,1,30,,39486,12,0,25 12,1,70,,39476,12,0,25 12,1,30,,39484,12,0,25 12,1,70,,39489,12,0,25 12,1,30,,39495,12,0,25 12,1,70,,23651,12,0,25 12,1,30,,39487,12,0,25 12,1,100,,39492,12,0,25 12,1,100,,39483,12,0,25 12,1,100,,39480,12,0,25 12,1,100,,39493,12,0,25 12,1
40901,'11',650,,39523,12,0,25 12,1,70,,39525,12,0,25 12,1,30,,39519,12,0,25 12,1,70,,39501,12,0,25 12,1,30,,39503,12,0,25 12,1,70,,39512,12,0,25 12,1,30,,39505,12,0,25 12,1,70,,39511,12,0,25 12,1,30,,39508,12,0,25 12,1,70,,39516,12,0,25 12,1,30,,39504,12,0,25 12,1,70,,39526,12,0,25 12,1,30,,39527,12,0,25 12,1,70,,39518,12,0,25 12,1,30,,39521,12,0,25 12,1,70,,39515,12,0,25 12,1,30,,39499,12,0,25 12,1,70,,39507,12,0,25 12,1,30,,39513,12,0,25 12,1,70,,39502,12,0,25 12,1,30,,39510,12,0,25 12,1,70,,39517,12,0,25 12,1,30,,39524,12,0,25 12,1,70,,39500,12,0,25 12,1,30,,39514,12,0,25 12,1,100,,39520,12,0,25 12,1,100,,39509,12,0,25 12,1,100,,39506,12,0,25 12,1,100,,39522,12,0,25 12,1
40901,'12',1850,,39532,12,0,25 12,1,100,,39531,12,0,25 12,1,100,,39528,12,0,25 12,1,100,,39530,12,0,25 12,1,100,,39529,12,0,25 12,1
40901,'13',1850,,39536,12,0,25 12,1,100,,39535,12,0,25 12,1,100,,39533,12,0,25 12,1,100,,39534,12,0,25 12,1,100,,23553,12,0,25 12,1
40901,'14',1050,,39538,12,0,25 12,1,100,,39541,12,0,25 12,1,100,,39539,12,0,25 12,1,100,,39542,12,0,25 12,1,100,,30452,12,0,25 12,1,100,,39540,12,0,25 12,1,100,,39543,12,0,25 12,1,100,,39537,12,0,25 12,1
40901,'16',650,,39564,12,0,25 12,1,70,,39566,12,0,25 12,1,30,,39561,12,0,25 12,1,70,,39545,12,0,25 12,1,30,,39547,12,0,25 12,1,70,,39555,12,0,25 12,1,30,,39549,12,0,25 12,1,70,,30722,12,0,25 12,1,30,,39552,12,0,25 12,1,70,,39558,12,0,25 12,1,30,,39548,12,0,25 12,1,70,,39567,12,0,25 12,1,30,,39568,12,0,25 12,1,70,,39560,12,0,25 12,1,30,,29544,12,0,25 12,1,70,,31633,12,0,25 12,1,30,,39544,12,0,25 12,1,70,,39551,12,0,25 12,1,30,,39556,12,0,25 12,1,70,,39546,12,0,25 12,1,30,,39554,12,0,25 12,1,70,,39559,12,0,25 12,1,30,,39565,12,0,25 12,1,70,,29526,12,0,25 12,1,30,,39557,12,0,25 12,1,100,,39562,12,0,25 12,1,100,,39553,12,0,25 12,1,100,,39550,12,0,25 12,1,100,,39563,12,0,25 12,1
40901,'3',1850,,39572,12,0,25 12,1,100,,39571,12,0,25 12,1,100,,39569,12,0,25 12,1,100,,39570,12,0,25 12,1,100,,23574,12,0,25 12,1
40901,'6',1850,,39577,12,0,25 12,1,100,,39576,12,0,25 12,1,100,,39573,12,0,25 12,1,100,,39575,12,0,25 12,1,100,,39574,12,0,25 12,1
40901,'8',850,,39590,12,0,25 12,1,100,,39589,12,0,25 12,1,100,,39595,12,0,25 12,1,70,,39580,12,0,25 12,1,30,,39581,12,0,25 12,1,70,,39587,12,0,25 12,1,30,,39583,12,0,25 12,1,70,,39582,12,0,25 12,1,30,,39594,12,0,25 12,1,70,,39591,12,0,25 12,1,30,,39584,12,0,25 12,1,70,,39592,12,0,25 12,1,30,,39588,12,0,25 12,1,70,,39593,12,0,25 12,1,30,,32416,12,0,25 12,1,70,,39579,12,0,25 12,1,30,,39596,12,0,25 12,1,70,,39578,12,0,25 12,1,30,,39586,12,0,25 12,1,100,,39585,12,0,25 12,1
