32100,'1',657,,8914,0,53,1,92,,8908,0,53,1,100,,8906,0,53,1,100,,8912,0,53,1,100,,8916,0,53,1,100,,8910,0,53,1,100,,8913,0,53,1,100,,8911,0,53,1,100,,8907,0,53,1,100,,8905,0,53,1,100,,8909,0,53,1,100,,8915,0,53,1
32100,'10',657,,8926,0,53,1,92,,8920,0,53,1,100,,8918,0,53,1,100,,8924,0,53,1,100,,8928,0,53,1,100,,8922,0,53,1,100,,8925,0,53,1,100,,8923,0,53,1,100,,8919,0,53,1,100,,8917,0,53,1,100,,8921,0,53,1,100,,8927,0,53,1
32100,'11',657,,1795,0,53,1,92,,8930,0,53,1,100,,8929,0,53,1,100,,8932,0,53,1,100,,8935,0,53,1,100,,5270,0,53,1,100,,8934,0,53,1,100,,8931,0,53,1,100,,8933,0,53,1,100,,2130,0,53,1,100,,755,0,53,1,100,,3833,0,53,1
32100,'3',657,,1771,0,53,1,92,,8937,0,53,1,100,,8936,0,53,1,100,,8939,0,53,1,100,,8942,0,53,1,100,,5241,0,53,1,100,,8941,0,53,1,100,,8938,0,53,1,100,,8940,0,53,1,100,,2115,0,53,1,100,,731,0,53,1,100,,3806,0,53,1
32401,'1',720,,9301,0,54,1,100,,9303,0,54,1,100,,9299,0,54,1,100,,9292,0,54,1,100,,9293,0,54,1,100,,9295,0,54,1,100,,9294,0,54,1,100,,9296,0,54,1,100,,9298,0,54,1,100,,9297,0,54,1,100,,9302,0,54,1,100,,9300,0,54,1
32401,'10',720,,9313,0,54,1,100,,9315,0,54,1,100,,9311,0,54,1,100,,9304,0,54,1,100,,9305,0,54,1,100,,9307,0,54,1,100,,9306,0,54,1,100,,9308,0,54,1,100,,9310,0,54,1,100,,9309,0,54,1,100,,9314,0,54,1,100,,9312,0,54,1
32401,'11',720,,9326,0,54,1,30,,9331,0,54,1,70,,9332,0,54,1,30,,9319,0,54,1,70,,1195,0,54,1,30,,3527,0,54,1,70,,9317,0,54,1,30,,9316,0,54,1,70,,9318,0,54,1,30,,9325,0,54,1,70,,9321,0,54,1,30,,9329,0,54,1,70,,9320,0,54,1,30,,9330,0,54,1,70,,9322,0,54,1,30,,2445,0,54,1,70,,9324,0,54,1,30,,655,0,54,1,70,,9323,0,54,1,30,,2667,0,54,1,70,,9328,0,54,1,30,,1540,0,54,1,70,,9327,0,54,1
32401,'3',720,,9344,0,54,1,30,,2506,0,54,1,70,,9349,0,54,1,30,,9346,0,54,1,70,,1170,0,54,1,30,,9348,0,54,1,70,,9335,0,54,1,30,,9343,0,54,1,70,,9336,0,54,1,30,,9338,0,54,1,70,,9340,0,54,1,30,,9347,0,54,1,70,,9339,0,54,1,30,,3358,0,54,1,70,,9341,0,54,1,30,,9334,0,54,1,70,,9342,0,54,1,30,,2518,0,54,1,70,,5048,0,54,1,30,,9333,0,54,1,70,,9345,0,54,1,30,,9337,0,54,1,70,,739,0,54,1
33101,'1',749,,9414,0,55,1,100,,9411,0,55,1,100,,9416,0,55,1,100,,9413,0,55,1,100,,9406,0,55,1,100,,9415,0,55,1,100,,9409,0,55,1,100,,9408,0,55,1,100,,9410,0,55,1,100,,9412,0,55,1,100,,9407,0,55,1
33101,'10',749,,9425,0,55,1,100,,9422,0,55,1,100,,9427,0,55,1,100,,9424,0,55,1,100,,9417,0,55,1,100,,9426,0,55,1,100,,9420,0,55,1,100,,9419,0,55,1,100,,9421,0,55,1,100,,9423,0,55,1,100,,9418,0,55,1
33101,'11',719,,9443,0,55,1,30,,9439,0,55,1,70,,9433,0,55,1,30,,9436,0,55,1,70,,9434,0,55,1,30,,9444,0,55,1,70,,9437,0,55,1,30,,9438,0,55,1,70,,4379,0,55,1,30,,9428,0,55,1,70,,9445,0,55,1,30,,9442,0,55,1,70,,9440,0,55,1,30,,9430,0,55,1,70,,2175,0,55,1,30,,9429,0,55,1,70,,720,0,55,1,30,,9431,0,55,1,70,,9435,0,55,1,30,,165,0,55,1,70,,9432,0,55,1,30,,9441,0,55,1,70,,238,0,55,1
33101,'3',719,,9460,0,55,1,30,,9456,0,55,1,70,,9452,0,55,1,30,,9454,0,55,1,70,,9450,0,55,1,30,,9462,0,55,1,70,,534,0,55,1,30,,9455,0,55,1,70,,9447,0,55,1,30,,9446,0,55,1,70,,9457,0,55,1,30,,9459,0,55,1,70,,9453,0,55,1,30,,9449,0,55,1,70,,9465,0,55,1,30,,9448,0,55,1,70,,9461,0,55,1,30,,9451,0,55,1,70,,9463,0,55,1,30,,115,0,55,1,70,,9458,0,55,1,30,,9464,0,55,1,70,,2851,0,55,1
33200,'1',813,,9476,0,30,1,100,,9470,0,30,1,100,,9468,0,30,1,100,,9467,0,30,1,100,,9466,0,30,1,100,,9471,0,30,1,100,,9472,0,30,1,100,,9475,0,30,1,100,,9474,0,30,1,100,,9473,0,30,1,100,,9469,0,30,1
33200,'10',813,,9487,0,30,1,100,,9481,0,30,1,100,,9479,0,30,1,100,,9478,0,30,1,100,,9477,0,30,1,100,,9482,0,30,1,100,,9483,0,30,1,100,,9486,0,30,1,100,,9485,0,30,1,100,,9484,0,30,1,100,,9480,0,30,1
33200,'11',743,,9492,0,30,1,70,,9501,0,30,1,30,,9489,0,30,1,70,,9493,0,30,1,30,,9488,0,30,1,70,,5108,0,30,1,30,,9499,0,30,1,70,,9490,0,30,1,30,,665,0,30,1,70,,2397,0,30,1,30,,9502,0,30,1,70,,9496,0,30,1,30,,9504,0,30,1,70,,9497,0,30,1,30,,9505,0,30,1,70,,9500,0,30,1,30,,9503,0,30,1,70,,2794,0,30,1,30,,9495,0,30,1,70,,9498,0,30,1,30,,2583,0,30,1,70,,9491,0,30,1,30,,9494,0,30,1
33200,'3',743,,9520,0,30,1,70,,9523,0,30,1,30,,9518,0,30,1,70,,4505,0,30,1,30,,9507,0,30,1,70,,9513,0,30,1,30,,4421,0,30,1,70,,9512,0,30,1,30,,9509,0,30,1,70,,2375,0,30,1,30,,830,0,30,1,70,,9515,0,30,1,30,,9511,0,30,1,70,,9517,0,30,1,30,,9508,0,30,1,70,,9522,0,30,1,30,,9516,0,30,1,70,,9521,0,30,1,30,,9510,0,30,1,70,,9519,0,30,1,30,,9524,0,30,1,70,,9514,0,30,1,30,,9506,0,30,1
33501,'1',722,,9681,0,48 18,1,30,,9668,0,48 18,1,70,,9666,0,48 18,1,30,,9684,0,48 18,1,70,,9672,0,48 18,1,30,,9669,0,48 18,1,70,,9675,0,48 18,1,30,,9678,0,48 18,1,70,,9670,0,48 18,1,30,,9685,0,48 18,1,70,,9674,0,48 18,1,30,,9677,0,48 18,1,70,,9683,0,48 18,1,30,,9665,0,48 18,1,70,,9680,0,48 18,1,30,,9679,0,48 18,1,70,,9673,0,48 18,1,30,,9663,0,48 18,1,70,,9664,0,48 18,1,30,,9671,0,48 18,1,70,,9667,0,48 18,1,30,,9676,0,48 18,1,70,,9682,0,48 18,1
33501,'10',722,,9704,0,48 18,1,30,,9691,0,48 18,1,70,,9689,0,48 18,1,30,,9707,0,48 18,1,70,,9695,0,48 18,1,30,,9692,0,48 18,1,70,,9698,0,48 18,1,30,,9701,0,48 18,1,70,,9693,0,48 18,1,30,,9708,0,48 18,1,70,,9697,0,48 18,1,30,,9700,0,48 18,1,70,,9706,0,48 18,1,30,,9688,0,48 18,1,70,,9703,0,48 18,1,30,,9702,0,48 18,1,70,,9696,0,48 18,1,30,,9686,0,48 18,1,70,,9687,0,48 18,1,30,,9694,0,48 18,1,70,,9690,0,48 18,1,30,,9699,0,48 18,1,70,,9705,0,48 18,1
33501,'11',722,,9727,0,48 18,1,30,,9714,0,48 18,1,70,,9713,0,48 18,1,30,,9729,0,48 18,1,70,,9717,0,48 18,1,30,,9715,0,48 18,1,70,,9721,0,48 18,1,30,,9724,0,48 18,1,70,,9716,0,48 18,1,30,,9730,0,48 18,1,70,,9720,0,48 18,1,30,,9722,0,48 18,1,70,,9728,0,48 18,1,30,,9711,0,48 18,1,70,,9726,0,48 18,1,30,,9725,0,48 18,1,70,,9710,0,48 18,1,30,,9731,0,48 18,1,70,,9712,0,48 18,1,30,,9723,0,48 18,1,70,,9718,0,48 18,1,30,,9709,0,48 18,1,70,,9719,0,48 18,1
33501,'3',722,,9748,0,48 18,1,30,,9737,0,48 18,1,70,,9736,0,48 18,1,30,,9750,0,48 18,1,70,,9740,0,48 18,1,30,,9738,0,48 18,1,70,,2288,0,48 18,1,30,,9745,0,48 18,1,70,,9739,0,48 18,1,30,,9751,0,48 18,1,70,,2198,0,48 18,1,30,,9743,0,48 18,1,70,,9749,0,48 18,1,30,,9734,0,48 18,1,70,,9747,0,48 18,1,30,,9746,0,48 18,1,70,,9733,0,48 18,1,30,,9752,0,48 18,1,70,,9735,0,48 18,1,30,,9744,0,48 18,1,70,,9741,0,48 18,1,30,,9732,0,48 18,1,70,,9742,0,48 18,1
42100,'1',1849,,12664,0,53,1,100,,12662,0,53,1,100,,12663,0,53,1,100,,12665,0,53,1,100,,12666,0,53,1
42100,'10',1849,,12669,0,53,1,100,,12667,0,53,1,100,,12668,0,53,1,100,,12670,0,53,1,100,,12671,0,53,1
42100,'11',1849,,12673,0,53,1,100,,1316,0,53,1,100,,12672,0,53,1,100,,12674,0,53,1,100,,12675,0,53,1
42100,'12',1049,,12681,0,53,1,100,,12676,0,53,1,100,,12679,0,53,1,100,,12682,0,53,1,100,,12677,0,53,1,100,,12678,0,53,1,100,,12680,0,53,1
42100,'14',657,,12696,0,53,1,92,,12690,0,53,1,100,,12691,0,53,1,100,,12698,0,53,1,100,,12687,0,53,1,100,,12686,0,53,1,100,,12697,0,53,1,100,,12685,0,53,1,100,,3206,0,53,1,100,,12692,0,53,1,100,,12694,0,53,1,100,,12684,0,53,1,100,,12693,0,53,1,100,,12695,0,53,1,100,,12689,0,53,1,100,,12683,0,53,1,100,,12688,0,53,1
42100,'3',1849,,12700,0,53,1,100,,1298,0,53,1,100,,12699,0,53,1,100,,12701,0,53,1,100,,12702,0,53,1
42100,'7',849,,12703,0,53,1,100,,12705,0,53,1,100,,12707,0,53,1,100,,12709,0,53,1,100,,12710,0,53,1,100,,3244,0,53,1,100,,3517,0,53,1,100,,12704,0,53,1,100,,12706,0,53,1,100,,12708,0,53,1,100,,3635,0,53,1,100,,4658,0,53,1
42401,'1',1917,,12826,0,54,1,100,,12828,0,54,1,100,,12827,0,54,1,100,,12830,0,54,1,100,,12829,0,54,1
42401,'10',1917,,12831,0,54,1,100,,12833,0,54,1,100,,12832,0,54,1,100,,12835,0,54,1,100,,12834,0,54,1
42401,'11',1917,,2139,0,54,1,100,,12837,0,54,1,100,,12836,0,54,1,100,,12838,0,54,1,100,,2955,0,54,1
42401,'3',1850,,2117,0,54,1,67,,12845,0,54,1,30,,12840,0,54,1,70,,12842,0,54,1,30,,12839,0,54,1,70,,12841,0,54,1,30,,12844,0,54,1,70,,12843,0,54,1,100,,2875,0,54,1
43101,'1',1850,,12875,0,55,1,99,,12879,0,55,1,100,,12878,0,55,1,100,,12880,0,55,1,100,,12876,0,55,1,100,,12877,0,55,1
43101,'10',1850,,12881,0,55,1,99,,12885,0,55,1,100,,12884,0,55,1,100,,12886,0,55,1,100,,12882,0,55,1,100,,12883,0,55,1
43101,'11',1850,,12889,0,55,1,99,,12888,0,55,1,100,,2490,0,55,1,100,,12890,0,55,1,100,,12887,0,55,1,100,,4970,0,55,1
43101,'3',1850,,12891,0,55,1,69,,5030,0,55,1,30,,12892,0,55,1,70,,1763,0,55,1,30,,2470,0,55,1,70,,12894,0,55,1,30,,12896,0,55,1,70,,12895,0,55,1,30,,12893,0,55,1,100,,4953,0,55,1
43200,'1',1914,,12901,0,52,1,100,,12898,0,52,1,100,,12900,0,52,1,100,,12897,0,52,1,100,,12899,0,52,1
43200,'10',1914,,12906,0,52,1,100,,12903,0,52,1,100,,12905,0,52,1,100,,12902,0,52,1,100,,12904,0,52,1
43200,'11',1914,,12910,0,52,1,100,,12908,0,52,1,100,,12909,0,52,1,100,,12907,0,52,1,100,,948,0,52,1
43200,'3',1914,,12917,0,52,1,30,,12915,0,52,1,70,,12913,0,52,1,30,,12918,0,52,1,70,,12916,0,52,1,30,,12912,0,52,1,70,,12911,0,52,1,30,,12914,0,52,1,70,,923,0,52,1
43501,'11',1838,,13008,0,48 18,1,69,,13015,0,48 18,1,30,,13009,0,48 18,1,70,,2319,0,48 18,1,30,,13007,0,48 18,1,70,,13012,0,48 18,1,30,,13010,0,48 18,1,70,,13011,0,48 18,1,30,,13013,0,48 18,1,70,,13014,0,48 18,1
43501,'12',1122,,13020,0,48 18,1,30,,13024,0,48 18,1,70,,13021,0,48 18,1,30,,13022,0,48 18,1,70,,13023,0,48 18,1,30,,13026,0,48 18,1,71,,13017,0,48 18,1,30,,13027,0,48 18,1,70,,13018,0,48 18,1,30,,13019,0,48 18,1,70,,13016,0,48 18,1,30,,13025,0,48 18,1,70,,13028,0,48 18,1,30,,13029,0,48 18,1
43501,'14',822,,13045,0,48 18,1,30,,13043,0,48 18,1,70,,13049,0,48 18,1,30,,13052,0,48 18,1,70,,13039,0,48 18,1,30,,13041,0,48 18,1,70,,13031,0,48 18,1,30,,13036,0,48 18,1,70,,4709,0,48 18,1,30,,13047,0,48 18,1,70,,3338,0,48 18,1,30,,13035,0,48 18,1,71,,13037,0,48 18,1,30,,13044,0,48 18,1,70,,4116,0,48 18,1,30,,13051,0,48 18,1,70,,13034,0,48 18,1,30,,13050,0,48 18,1,70,,4945,0,48 18,1,30,,13032,0,48 18,1,70,,13046,0,48 18,1,30,,13040,0,48 18,1,69,,13048,0,48 18,1,30,,13030,0,48 18,1,70,,13038,0,48 18,1,30,,13042,0,48 18,1,70,,13033,0,48 18,1
43501,'3',1838,,13054,0,48 18,1,69,,13062,0,48 18,1,30,,13055,0,48 18,1,70,,13057,0,48 18,1,30,,13053,0,48 18,1,70,,13059,0,48 18,1,30,,13056,0,48 18,1,70,,13058,0,48 18,1,30,,13060,0,48 18,1,70,,13061,0,48 18,1
43501,'7',1122,,13073,0,48 18,1,30,,13067,0,48 18,1,70,,13075,0,48 18,1,30,,13077,0,48 18,1,70,,13079,0,48 18,1,30,,4374,0,48 18,1,71,,3948,0,48 18,1,30,,13072,0,48 18,1,70,,13074,0,48 18,1,30,,13068,0,48 18,1,70,,13066,0,48 18,1,30,,13064,0,48 18,1,70,,13070,0,48 18,1,30,,13065,0,48 18,1,70,,13063,0,48 18,1,30,,13069,0,48 18,1,69,,13078,0,48 18,1,30,,13076,0,48 18,1,70,,13071,0,48 18,1
