30900,'11',618,,28116,8,,,1,30,,28102,8,,,1,70,,28118,8,,,1,30,,22716,8,,,1,70,,28109,8,,,1,30,,28117,8,,,1,70,,28105,8,,,1,30,,28112,8,,,1,71,,28114,8,,,1,30,,28099,8,,,1,70,,28104,8,,,1,30,,28100,8,,,1,70,,28108,8,,,1,30,,28106,8,,,1,70,,28110,8,,,1,30,,28098,8,,,1,71,,28115,8,,,1,30,,28101,8,,,1,70,,28097,8,,,1,30,,28113,8,,,1,70,,28103,8,,,1,30,,28111,8,,,1,70,,28107,8,,,1
30900,'3',618,,28138,8,,,1,30,,28124,8,,,1,70,,28140,8,,,1,30,,22738,8,,,1,70,,28131,8,,,1,30,,28139,8,,,1,70,,28127,8,,,1,30,,28134,8,,,1,71,,28136,8,,,1,30,,28121,8,,,1,70,,28126,8,,,1,30,,28122,8,,,1,70,,28130,8,,,1,30,,28128,8,,,1,70,,28132,8,,,1,30,,28120,8,,,1,71,,28137,8,,,1,30,,28123,8,,,1,70,,28119,8,,,1,30,,28135,8,,,1,70,,28125,8,,,1,30,,28133,8,,,1,70,,28129,8,,,1
31200,'11',603,,28358,8,0,23,1,30,,23821,8,0,23,1,70,,28365,8,0,23,1,30,,24737,8,0,23,1,70,,28364,8,0,23,1,30,,28363,8,0,23,1,70,,28361,8,0,23,1,30,,28360,8,0,23,1,70,,28374,8,0,23,1,30,,22542,8,0,23,1,70,,28367,8,0,23,1,30,,28371,8,0,23,1,70,,28372,8,0,23,1,30,,28366,8,0,23,1,70,,21453,8,0,23,1,30,,28362,8,0,23,1,72,,23245,8,0,23,1,30,,28357,8,0,23,1,70,,28373,8,0,23,1,30,,28369,8,0,23,1,70,,23948,8,0,23,1,30,,28368,8,0,23,1,70,,26411,8,0,23,1,30,,28359,8,0,23,1,70,,28370,8,0,23,1
31200,'3',603,,28376,8,0,23,1,30,,23839,8,0,23,1,70,,28383,8,0,23,1,30,,24838,8,0,23,1,70,,28382,8,0,23,1,30,,28381,8,0,23,1,70,,28379,8,0,23,1,30,,28378,8,0,23,1,70,,28392,8,0,23,1,30,,22560,8,0,23,1,70,,28385,8,0,23,1,30,,28389,8,0,23,1,70,,28390,8,0,23,1,30,,28384,8,0,23,1,70,,21493,8,0,23,1,30,,28380,8,0,23,1,72,,23268,8,0,23,1,30,,28375,8,0,23,1,70,,28391,8,0,23,1,30,,28387,8,0,23,1,70,,23952,8,0,23,1,30,,28386,8,0,23,1,70,,26471,8,0,23,1,30,,28377,8,0,23,1,70,,28388,8,0,23,1
40900,'1',648,,30954,8,0,23,1,70,,30948,8,0,23,1,30,,30950,8,0,23,1,70,,30946,8,0,23,1,30,,30945,8,0,23,1,70,,30962,8,0,23,1,30,,30939,8,0,23,1,70,,26672,8,0,23,1,30,,22521,8,0,23,1,70,,30961,8,0,23,1,30,,30949,8,0,23,1,70,,30960,8,0,23,1,30,,30942,8,0,23,1,70,,30943,8,0,23,1,30,,30964,8,0,23,1,70,,30956,8,0,23,1,30,,30941,8,0,23,1,70,,30959,8,0,23,1,30,,30951,8,0,23,1,70,,30953,8,0,23,1,30,,30963,8,0,23,1,70,,30955,8,0,23,1,30,,30947,8,0,23,1,100,,21683,8,0,23,1,100,,30952,8,0,23,1,100,,30940,8,0,23,1,100,,30957,8,0,23,1,100,,30958,8,0,23,1,100,,30944,8,0,23,1
40900,'11',1748,,30968,8,0,23,1,100,,30970,8,0,23,1,100,,30971,8,0,23,1,100,,30965,8,0,23,1,100,,30969,8,0,23,1,100,,30966,8,0,23,1,100,,30967,8,0,23,1
40900,'12',1048,,27297,8,0,23,1,100,,30978,8,0,23,1,100,,30976,8,0,23,1,100,,30977,8,0,23,1,100,,30973,8,0,23,1,100,,30972,8,0,23,1,100,,30975,8,0,23,1,100,,30974,8,0,23,1
40900,'14',648,,26189,8,0,23,1,70,,30989,8,0,23,1,30,,26547,8,0,23,1,70,,30987,8,0,23,1,30,,30986,8,0,23,1,70,,31002,8,0,23,1,30,,30979,8,0,23,1,70,,30985,8,0,23,1,30,,30993,8,0,23,1,70,,31001,8,0,23,1,30,,30990,8,0,23,1,70,,31000,8,0,23,1,30,,30982,8,0,23,1,70,,30983,8,0,23,1,30,,31004,8,0,23,1,70,,30996,8,0,23,1,30,,30981,8,0,23,1,70,,30999,8,0,23,1,30,,30991,8,0,23,1,70,,26114,8,0,23,1,30,,31003,8,0,23,1,70,,30995,8,0,23,1,30,,30988,8,0,23,1,100,,30994,8,0,23,1,100,,30992,8,0,23,1,100,,30980,8,0,23,1,100,,30997,8,0,23,1,100,,30998,8,0,23,1,100,,30984,8,0,23,1
40900,'3',1748,,31008,8,0,23,1,100,,31010,8,0,23,1,100,,31011,8,0,23,1,100,,31005,8,0,23,1,100,,31009,8,0,23,1,100,,31006,8,0,23,1,100,,31007,8,0,23,1
40900,'8',848,,31020,8,0,23,1,170,,31013,8,0,23,1,30,,31017,8,0,23,1,70,,31022,8,0,23,1,30,,31024,8,0,23,1,70,,31014,8,0,23,1,30,,31025,8,0,23,1,100,,31023,8,0,23,1,70,,26059,8,0,23,1,30,,25334,8,0,23,1,70,,31016,8,0,23,1,30,,31019,8,0,23,1,70,,31015,8,0,23,1,30,,26141,8,0,23,1,70,,31012,8,0,23,1,30,,31021,8,0,23,1,100,,24648,8,0,23,1,100,,31018,8,0,23,1
