32100,'1',647,,3916,11,0,53,1,90,,3910,11,0,53,1,100,,3908,11,0,53,1,100,,3914,11,0,53,1,100,,3918,11,0,53,1,100,,3912,11,0,53,1,100,,3915,11,0,53,1,100,,3913,11,0,53,1,100,,3909,11,0,53,1,100,,3907,11,0,53,1,100,,3911,11,0,53,1,100,,3917,11,0,53,1
32100,'10',647,,3928,11,0,53,1,90,,3922,11,0,53,1,100,,3920,11,0,53,1,100,,3926,11,0,53,1,100,,3930,11,0,53,1,100,,3924,11,0,53,1,100,,3927,11,0,53,1,100,,3925,11,0,53,1,100,,3921,11,0,53,1,100,,3919,11,0,53,1,100,,3923,11,0,53,1,100,,3929,11,0,53,1
32100,'11',647,,3941,11,0,53,1,90,,3934,11,0,53,1,100,,3931,11,0,53,1,100,,3938,11,0,53,1,100,,3942,11,0,53,1,100,,3935,11,0,53,1,100,,3940,11,0,53,1,100,,3937,11,0,53,1,100,,3939,11,0,53,1,100,,3932,11,0,53,1,100,,3933,11,0,53,1,100,,3936,11,0,53,1
32100,'3',647,,3953,11,0,53,1,90,,3946,11,0,53,1,100,,3943,11,0,53,1,100,,3950,11,0,53,1,100,,3954,11,0,53,1,100,,3947,11,0,53,1,100,,3952,11,0,53,1,100,,3949,11,0,53,1,100,,3951,11,0,53,1,100,,3944,11,0,53,1,100,,3945,11,0,53,1,100,,3948,11,0,53,1
42100,'1',1837,,8142,11,0,53,1,100,,8140,11,0,53,1,100,,8141,11,0,53,1,100,,8143,11,0,53,1,100,,8144,11,0,53,1
42100,'10',1837,,8147,11,0,53,1,100,,8145,11,0,53,1,100,,8146,11,0,53,1,100,,8148,11,0,53,1,100,,8149,11,0,53,1
42100,'11',1837,,8152,11,0,53,1,100,,8150,11,0,53,1,100,,8151,11,0,53,1,100,,8153,11,0,53,1,100,,8154,11,0,53,1
42100,'12',1037,,8160,11,0,53,1,100,,8155,11,0,53,1,100,,8158,11,0,53,1,100,,8161,11,0,53,1,100,,8156,11,0,53,1,100,,8157,11,0,53,1,100,,8159,11,0,53,1
42100,'14',647,,8176,11,0,53,1,90,,8169,11,0,53,1,100,,8170,11,0,53,1,100,,8178,11,0,53,1,100,,8166,11,0,53,1,100,,8165,11,0,53,1,100,,8177,11,0,53,1,100,,8164,11,0,53,1,100,,8173,11,0,53,1,100,,8171,11,0,53,1,100,,8174,11,0,53,1,100,,8163,11,0,53,1,100,,8172,11,0,53,1,100,,8175,11,0,53,1,100,,8168,11,0,53,1,100,,8162,11,0,53,1,100,,8167,11,0,53,1
42100,'3',1837,,8181,11,0,53,1,100,,8179,11,0,53,1,100,,8180,11,0,53,1,100,,8182,11,0,53,1,100,,8183,11,0,53,1
42100,'7',837,,8185,11,0,53,1,100,,8187,11,0,53,1,100,,8191,11,0,53,1,100,,8193,11,0,53,1,100,,8195,11,0,53,1,100,,8189,11,0,53,1,100,,8194,11,0,53,1,100,,8186,11,0,53,1,100,,8190,11,0,53,1,100,,8192,11,0,53,1,100,,8188,11,0,53,1,100,,8184,11,0,53,1
