33701,'1',642,,29638,13,,,1,70,,29649,13,,,1,30,,29641,13,,,1,70,,29642,13,,,1,30,,29670,13,,,1,70,,29661,13,,,1,30,,29671,13,,,1,71,,29662,13,,,1,30,,29669,13,,,1,70,,29677,13,,,1,30,,29643,13,,,1,70,,29664,13,,,1,30,,29654,13,,,1,70,,29672,13,,,1,30,,29676,13,,,1,70,,29657,13,,,1,30,,29644,13,,,1,70,,29653,13,,,1,30,,29660,13,,,1,70,,29675,13,,,1,30,,22119,13,,,1,70,,23663,13,,,1,30,,29640,13,,,1,70,,22831,13,,,1,30,,29637,13,,,1
33701,'11',622,,29722,13,,,1,30,,29681,13,,,1,70,,29719,13,,,1,30,,29704,13,,,1,70,,29694,13,,,1,30,,29711,13,,,1,70,,29703,13,,,1,30,,29680,13,,,1,71,,29718,13,,,1,30,,29682,13,,,1,70,,29687,13,,,1,30,,29713,13,,,1,70,,29715,13,,,1,30,,12807,13,,,1,70,,29692,13,,,1,30,,23341,13,,,1,70,,29716,13,,,1,30,,29686,13,,,1,70,,29698,13,,,1,30,,22155,13,,,1,70,,9524,13,,,1,30,,29709,13,,,1,70,,29706,13,,,1,30,,29688,13,,,1,70,,29707,13,,,1
33701,'12',1043,,29732,13,,,1,70,,29742,13,,,1,30,,29726,13,,,1,70,,29743,13,,,1,30,,29741,13,,,1,70,,29739,13,,,1,30,,29745,13,,,1,70,,29733,13,,,1,30,,29727,13,,,1,70,,29747,13,,,1,30,,29746,13,,,1,70,,29744,13,,,1,30,,29734,13,,,1,70,,29728,13,,,1,30,,29731,13,,,1
33701,'14',642,,29754,13,,,1,70,,29766,13,,,1,30,,29758,13,,,1,70,,29759,13,,,1,30,,29789,13,,,1,70,,29779,13,,,1,30,,29790,13,,,1,71,,29781,13,,,1,30,,29788,13,,,1,70,,29796,13,,,1,30,,29760,13,,,1,70,,29783,13,,,1,30,,29769,13,,,1,70,,29791,13,,,1,30,,29795,13,,,1,70,,25225,13,,,1,30,,29761,13,,,1,70,,25220,13,,,1,30,,29778,13,,,1,70,,29794,13,,,1,30,,29757,13,,,1,70,,29774,13,,,1,30,,29756,13,,,1,70,,29770,13,,,1,30,,29753,13,,,1
33701,'3',622,,29841,13,,,1,30,,29800,13,,,1,70,,29838,13,,,1,30,,29823,13,,,1,70,,29813,13,,,1,30,,29830,13,,,1,70,,29822,13,,,1,30,,29799,13,,,1,71,,29837,13,,,1,30,,29801,13,,,1,70,,29806,13,,,1,30,,29832,13,,,1,70,,29834,13,,,1,30,,12938,13,,,1,70,,29811,13,,,1,30,,23379,13,,,1,70,,29835,13,,,1,30,,29805,13,,,1,70,,29817,13,,,1,30,,22177,13,,,1,70,,9567,13,,,1,30,,29828,13,,,1,70,,29825,13,,,1,30,,29807,13,,,1,70,,29826,13,,,1
33701,'8',1113,,29847,13,,,1,30,,29842,13,,,1,70,,29866,13,,,1,30,,29868,13,,,1,70,,25791,13,,,1,30,,29849,13,,,1,70,,29844,13,,,1,30,,29861,13,,,1,70,,29851,13,,,1,30,,29865,13,,,1,70,,29858,13,,,1,30,,29869,13,,,1,70,,29848,13,,,1,30,,29855,13,,,1,70,,29862,13,,,1
43701,'1',1922,,32680,13,,,1,100,,32687,13,,,1,100,,32684,13,,,1,100,,32683,13,,,1,100,,32682,13,,,1
43701,'11',1922,,32695,13,,,1,100,,32693,13,,,1,100,,32697,13,,,1,100,,32698,13,,,1,100,,32696,13,,,1
43701,'14',1922,,32699,13,,,1,100,,32706,13,,,1,100,,32702,13,,,1,100,,26221,13,,,1,100,,32701,13,,,1
43701,'3',1922,,32714,13,,,1,100,,32712,13,,,1,100,,32716,13,,,1,100,,32717,13,,,1,100,,32715,13,,,1
