32100,'15',645,,14121,8,0,53,1,90,,14115,8,0,53,1,100,,14123,8,0,53,1,100,,14125,8,0,53,1,100,,14120,8,0,53,1,100,,14119,8,0,53,1,100,,14116,8,0,53,1,100,,14124,8,0,53,1,100,,14122,8,0,53,1,100,,14114,8,0,53,1,100,,14118,8,0,53,1,100,,14117,8,0,53,1
32100,'16',645,,14130,8,0,53,1,90,,14126,8,0,53,1,100,,1005,8,0,53,1,100,,14133,8,0,53,1,100,,5261,8,0,53,1,100,,14129,8,0,53,1,100,,14127,8,0,53,1,100,,14132,8,0,53,1,100,,14128,8,0,53,1,100,,14131,8,0,53,1,100,,14135,8,0,53,1,100,,14134,8,0,53,1
32100,'17',645,,14140,8,0,53,1,90,,14136,8,0,53,1,100,,1029,8,0,53,1,100,,14143,8,0,53,1,100,,5311,8,0,53,1,100,,14139,8,0,53,1,100,,14137,8,0,53,1,100,,14142,8,0,53,1,100,,14138,8,0,53,1,100,,14141,8,0,53,1,100,,14145,8,0,53,1,100,,14144,8,0,53,1
32100,'19',645,,14152,8,0,53,1,90,,14146,8,0,53,1,100,,14153,8,0,53,1,100,,14156,8,0,53,1,100,,14151,8,0,53,1,100,,14150,8,0,53,1,100,,14147,8,0,53,1,100,,14155,8,0,53,1,100,,14149,8,0,53,1,100,,14148,8,0,53,1,100,,14157,8,0,53,1,100,,14154,8,0,53,1
32100,'5',645,,14163,8,0,53,1,90,,14158,8,0,53,1,100,,1053,8,0,53,1,100,,14165,8,0,53,1,100,,5441,8,0,53,1,100,,14162,8,0,53,1,100,,14159,8,0,53,1,100,,14164,8,0,53,1,100,,14161,8,0,53,1,100,,14160,8,0,53,1,100,,14166,8,0,53,1,100,,8794,8,0,53,1
32100,'6',645,,14174,8,0,53,1,90,,14168,8,0,53,1,100,,14176,8,0,53,1,100,,14178,8,0,53,1,100,,14173,8,0,53,1,100,,14172,8,0,53,1,100,,14169,8,0,53,1,100,,14177,8,0,53,1,100,,14175,8,0,53,1,100,,14167,8,0,53,1,100,,14171,8,0,53,1,100,,14170,8,0,53,1
32400,'15',706,,14665,6,0,54,1,100,,14666,6,0,54,1,100,,14664,6,0,54,1,100,,14655,6,0,54,1,100,,14663,6,0,54,1,100,,14659,6,0,54,1,100,,14657,6,0,54,1,100,,14660,6,0,54,1,100,,14662,6,0,54,1,100,,14658,6,0,54,1,100,,14661,6,0,54,1,100,,14656,6,0,54,1
32400,'16',706,,14685,6,0,54,1,30,,14672,6,0,54,1,70,,14687,6,0,54,1,30,,4307,6,0,54,1,70,,14683,6,0,54,1,30,,14684,6,0,54,1,70,,14667,6,0,54,1,30,,14671,6,0,54,1,70,,14680,6,0,54,1,30,,14681,6,0,54,1,70,,14674,6,0,54,1,30,,14682,6,0,54,1,70,,14670,6,0,54,1,30,,14686,6,0,54,1,70,,14675,6,0,54,1,30,,14668,6,0,54,1,70,,14679,6,0,54,1,30,,14676,6,0,54,1,70,,14673,6,0,54,1,30,,14669,6,0,54,1,70,,14677,6,0,54,1,30,,8057,6,0,54,1,70,,14678,6,0,54,1
32400,'17',706,,14705,6,0,54,1,30,,4944,6,0,54,1,70,,14707,6,0,54,1,30,,4321,6,0,54,1,70,,14703,6,0,54,1,30,,14704,6,0,54,1,70,,14688,6,0,54,1,30,,14692,6,0,54,1,70,,14700,6,0,54,1,30,,14701,6,0,54,1,70,,14694,6,0,54,1,30,,14702,6,0,54,1,70,,14691,6,0,54,1,30,,14706,6,0,54,1,70,,14695,6,0,54,1,30,,14689,6,0,54,1,70,,14699,6,0,54,1,30,,14696,6,0,54,1,70,,14693,6,0,54,1,30,,14690,6,0,54,1,70,,14697,6,0,54,1,30,,8063,6,0,54,1,70,,14698,6,0,54,1
32400,'19',706,,14725,6,0,54,1,30,,14712,6,0,54,1,70,,14727,6,0,54,1,30,,14710,6,0,54,1,70,,14724,6,0,54,1,30,,14723,6,0,54,1,70,,14709,6,0,54,1,30,,14708,6,0,54,1,70,,14722,6,0,54,1,30,,14720,6,0,54,1,70,,14715,6,0,54,1,30,,14726,6,0,54,1,70,,14713,6,0,54,1,30,,14718,6,0,54,1,70,,14716,6,0,54,1,30,,14728,6,0,54,1,70,,14721,6,0,54,1,30,,14729,6,0,54,1,70,,14714,6,0,54,1,30,,14730,6,0,54,1,70,,14719,6,0,54,1,30,,14711,6,0,54,1,70,,14717,6,0,54,1
32400,'5',706,,14747,6,0,54,1,30,,14734,6,0,54,1,70,,14749,6,0,54,1,30,,14741,6,0,54,1,70,,14746,6,0,54,1,30,,7609,6,0,54,1,70,,14731,6,0,54,1,30,,14750,6,0,54,1,70,,14745,6,0,54,1,30,,14743,6,0,54,1,70,,14736,6,0,54,1,30,,14739,6,0,54,1,70,,14733,6,0,54,1,30,,14744,6,0,54,1,70,,14738,6,0,54,1,30,,14748,6,0,54,1,70,,14742,6,0,54,1,30,,14732,6,0,54,1,70,,14735,6,0,54,1,30,,14751,6,0,54,1,70,,14740,6,0,54,1,30,,14737,6,0,54,1,70,,14752,6,0,54,1
32400,'6',706,,14763,6,0,54,1,100,,14764,6,0,54,1,100,,14762,6,0,54,1,100,,14753,6,0,54,1,100,,14761,6,0,54,1,100,,14757,6,0,54,1,100,,14755,6,0,54,1,100,,14758,6,0,54,1,100,,14760,6,0,54,1,100,,14756,6,0,54,1,100,,14759,6,0,54,1,100,,14754,6,0,54,1
42100,'1',1035,,1932,8,0,53,1,100,,20074,8,0,53,1,100,,20072,8,0,53,1,100,,20070,8,0,53,1,100,,20073,8,0,53,1,100,,20071,8,0,53,1,100,,20069,8,0,53,1
42100,'10',645,,20091,8,0,53,1,90,,20087,8,0,53,1,100,,20076,8,0,53,1,100,,20088,8,0,53,1,100,,20082,8,0,53,1,100,,20078,8,0,53,1,100,,20081,8,0,53,1,100,,20090,8,0,53,1,100,,20086,8,0,53,1,100,,20077,8,0,53,1,100,,20084,8,0,53,1,100,,20080,8,0,53,1,100,,20085,8,0,53,1,100,,20075,8,0,53,1,100,,20079,8,0,53,1,100,,20083,8,0,53,1,100,,20089,8,0,53,1
42100,'12',835,,20094,8,0,53,1,100,,20095,8,0,53,1,100,,20097,8,0,53,1,100,,20100,8,0,53,1,100,,20093,8,0,53,1,100,,20099,8,0,53,1,100,,20101,8,0,53,1,100,,20098,8,0,53,1,100,,20102,8,0,53,1,100,,20092,8,0,53,1,100,,20096,8,0,53,1,100,,20103,8,0,53,1
42100,'15',1835,,20105,8,0,53,1,100,,20107,8,0,53,1,100,,20104,8,0,53,1,100,,20106,8,0,53,1,100,,20108,8,0,53,1
42100,'16',1835,,20110,8,0,53,1,100,,20112,8,0,53,1,100,,20109,8,0,53,1,100,,20111,8,0,53,1,100,,20113,8,0,53,1
42100,'17',1835,,20115,8,0,53,1,100,,20117,8,0,53,1,100,,20114,8,0,53,1,100,,20116,8,0,53,1,100,,20118,8,0,53,1
42100,'19',1835,,20120,8,0,53,1,100,,20122,8,0,53,1,100,,20119,8,0,53,1,100,,20121,8,0,53,1,100,,20123,8,0,53,1
42100,'21',645,,20138,8,0,53,1,90,,20134,8,0,53,1,100,,20125,8,0,53,1,100,,20135,8,0,53,1,100,,20130,8,0,53,1,100,,20127,8,0,53,1,100,,20129,8,0,53,1,100,,20137,8,0,53,1,100,,20133,8,0,53,1,100,,20126,8,0,53,1,100,,20131,8,0,53,1,100,,6805,8,0,53,1,100,,20132,8,0,53,1,100,,20124,8,0,53,1,100,,20128,8,0,53,1,100,,8225,8,0,53,1,100,,20136,8,0,53,1
42100,'5',1835,,20140,8,0,53,1,100,,20142,8,0,53,1,100,,20139,8,0,53,1,100,,20141,8,0,53,1,100,,20143,8,0,53,1
42100,'6',1835,,20145,8,0,53,1,100,,20147,8,0,53,1,100,,20144,8,0,53,1,100,,20146,8,0,53,1,100,,20148,8,0,53,1
42400,'10',706,,20413,6,0,54,1,30,,20394,6,0,54,1,70,,20416,6,0,54,1,30,,20393,6,0,54,1,70,,20401,6,0,54,1,30,,20414,6,0,54,1,70,,20387,6,0,54,1,30,,20395,6,0,54,1,70,,20388,6,0,54,1,30,,20389,6,0,54,1,70,,20385,6,0,54,1,30,,20396,6,0,54,1,70,,20407,6,0,54,1,30,,20392,6,0,54,1,70,,20399,6,0,54,1,30,,20402,6,0,54,1,70,,20390,6,0,54,1,30,,20386,6,0,54,1,70,,20403,6,0,54,1,30,,20383,6,0,54,1,70,,20406,6,0,54,1,30,,20391,6,0,54,1,70,,20411,6,0,54,1,30,,20409,6,0,54,1,70,,20408,6,0,54,1,30,,20384,6,0,54,1,70,,20405,6,0,54,1,30,,20400,6,0,54,1,70,,20415,6,0,54,1,30,,20412,6,0,54,1,70,,20398,6,0,54,1,30,,20410,6,0,54,1,70,,20404,6,0,54,1,30,,20397,6,0,54,1
42400,'15',1906,,20421,6,0,54,1,100,,20419,6,0,54,1,100,,20417,6,0,54,1,100,,20420,6,0,54,1,100,,20418,6,0,54,1
42400,'16',1836,,20423,6,0,54,1,70,,20431,6,0,54,1,30,,20430,6,0,54,1,70,,20427,6,0,54,1,30,,20429,6,0,54,1,70,,20424,6,0,54,1,30,,3163,6,0,54,1,70,,20428,6,0,54,1,100,,20426,6,0,54,1,30,,20425,6,0,54,1,70,,20422,6,0,54,1
42400,'17',1836,,20433,6,0,54,1,70,,20440,6,0,54,1,30,,20439,6,0,54,1,70,,20436,6,0,54,1,30,,20438,6,0,54,1,70,,20434,6,0,54,1,30,,3222,6,0,54,1,70,,20437,6,0,54,1,100,,20435,6,0,54,1,30,,4182,6,0,54,1,70,,20432,6,0,54,1
42400,'19',1906,,20444,6,0,54,1,100,,20443,6,0,54,1,100,,20441,6,0,54,1,100,,20445,6,0,54,1,100,,20442,6,0,54,1
42400,'5',1836,,20448,6,0,54,1,70,,20451,6,0,54,1,30,,20453,6,0,54,1,70,,20452,6,0,54,1,30,,20449,6,0,54,1,70,,20447,6,0,54,1,30,,20446,6,0,54,1,70,,20454,6,0,54,1,100,,20450,6,0,54,1
42400,'6',1906,,20459,6,0,54,1,100,,20457,6,0,54,1,100,,20455,6,0,54,1,100,,20458,6,0,54,1,100,,20456,6,0,54,1
