30500,'1',600,,984,17,0,22,1,30,,971,28,0,22,1,70,,966,28,0,22,1,30,,964,28,0,22,1,70,,974,28,0,22,1,30,,981,28,0,22,1,70,,978,28,0,22,1,30,,961,28,0,22,1,70,,977,28,0,22,1,30,,970,28,0,22,1,70,,969,28,0,22,1,30,,976,28,0,22,1,70,,982,28,0,22,1,30,,972,28,0,22,1,70,,965,28,0,22,1,30,,962,28,0,22,1,70,,967,28,0,22,1,30,,980,28,0,22,1,70,,983,28,0,22,1,30,,979,28,0,22,1,70,,963,28,0,22,1,30,,975,28,0,22,1,70,,973,28,0,22,1,30,,968,28,0,22,1
30500,'10',600,,1008,17,0,22,1,30,,995,28,0,22,1,70,,990,28,0,22,1,30,,988,28,0,22,1,70,,998,28,0,22,1,30,,1005,28,0,22,1,70,,1002,28,0,22,1,30,,985,28,0,22,1,70,,1001,28,0,22,1,30,,994,28,0,22,1,70,,993,28,0,22,1,30,,1000,28,0,22,1,70,,1006,28,0,22,1,30,,996,28,0,22,1,70,,989,28,0,22,1,30,,986,28,0,22,1,70,,991,28,0,22,1,30,,1004,28,0,22,1,70,,1007,28,0,22,1,30,,1003,28,0,22,1,70,,987,28,0,22,1,30,,999,28,0,22,1,70,,997,28,0,22,1,30,,992,28,0,22,1
30500,'11',600,,1032,17,0,22,1,30,,1019,28,0,22,1,70,,1014,28,0,22,1,30,,1012,28,0,22,1,70,,1022,28,0,22,1,30,,1029,28,0,22,1,70,,1026,28,0,22,1,30,,1009,28,0,22,1,70,,1025,28,0,22,1,30,,1017,28,0,22,1,70,,1018,28,0,22,1,30,,1024,28,0,22,1,70,,1030,28,0,22,1,30,,1020,28,0,22,1,70,,1013,28,0,22,1,30,,1010,28,0,22,1,70,,1015,28,0,22,1,30,,1028,28,0,22,1,70,,1031,28,0,22,1,30,,1027,28,0,22,1,70,,1011,28,0,22,1,30,,1023,28,0,22,1,70,,1021,28,0,22,1,30,,1016,28,0,22,1
30500,'3',600,,1056,17,0,22,1,30,,1043,28,0,22,1,70,,1038,28,0,22,1,30,,1036,28,0,22,1,70,,1046,28,0,22,1,30,,1053,28,0,22,1,70,,1050,28,0,22,1,30,,1033,28,0,22,1,70,,1049,28,0,22,1,30,,1041,28,0,22,1,70,,1042,28,0,22,1,30,,1048,28,0,22,1,70,,1054,28,0,22,1,30,,1044,28,0,22,1,70,,1037,28,0,22,1,30,,1034,28,0,22,1,70,,1039,28,0,22,1,30,,1052,28,0,22,1,70,,1055,28,0,22,1,30,,1051,28,0,22,1,70,,1035,28,0,22,1,30,,1047,28,0,22,1,70,,1045,28,0,22,1,30,,1040,28,0,22,1
30501,'1',624,,1069,16,0,27,1,30,,1078,16,0,27,1,70,,1068,16,0,27,1,30,,1081,16,0,27,1,70,,1060,16,0,27,1,30,,1066,16,0,27,1,70,,1063,16,0,27,1,30,,1077,16,0,27,1,70,,1071,16,0,27,1,30,,1058,16,0,27,1,70,,1072,16,0,27,1,30,,1076,16,0,27,1,70,,1062,16,0,27,1,30,,1074,16,0,27,1,70,,1067,16,0,27,1,30,,1057,16,0,27,1,70,,1079,16,0,27,1,30,,1064,16,0,27,1,70,,1073,16,0,27,1,30,,1070,16,0,27,1,70,,1061,16,0,27,1,30,,1075,16,0,27,1,70,,1080,16,0,27,1,30,,1065,16,0,27,1
30501,'10',624,,1094,16,0,27,1,30,,1103,16,0,27,1,70,,1093,16,0,27,1,30,,1106,16,0,27,1,70,,1085,16,0,27,1,30,,1091,16,0,27,1,70,,1088,16,0,27,1,30,,1102,16,0,27,1,70,,1096,16,0,27,1,30,,1083,16,0,27,1,70,,1097,16,0,27,1,30,,1101,16,0,27,1,70,,1087,16,0,27,1,30,,1099,16,0,27,1,70,,1092,16,0,27,1,30,,1082,16,0,27,1,70,,1104,16,0,27,1,30,,1089,16,0,27,1,70,,1098,16,0,27,1,30,,1095,16,0,27,1,70,,1086,16,0,27,1,30,,1100,16,0,27,1,70,,1105,16,0,27,1,30,,1090,16,0,27,1
30501,'11',624,,1119,16,0,27,1,30,,1128,16,0,27,1,70,,1118,16,0,27,1,30,,1131,16,0,27,1,70,,1110,16,0,27,1,30,,1116,16,0,27,1,70,,1113,16,0,27,1,30,,1127,16,0,27,1,70,,1121,16,0,27,1,30,,1108,16,0,27,1,70,,1122,16,0,27,1,30,,1126,16,0,27,1,70,,1112,16,0,27,1,30,,1124,16,0,27,1,70,,1117,16,0,27,1,30,,1107,16,0,27,1,70,,1129,16,0,27,1,30,,1114,16,0,27,1,70,,1123,16,0,27,1,30,,1120,16,0,27,1,70,,1111,16,0,27,1,30,,1125,16,0,27,1,70,,1130,16,0,27,1,30,,1115,16,0,27,1
30501,'3',624,,1144,16,0,27,1,30,,1153,16,0,27,1,70,,1143,16,0,27,1,30,,1156,16,0,27,1,70,,1135,16,0,27,1,30,,1141,16,0,27,1,70,,1138,16,0,27,1,30,,1152,16,0,27,1,70,,1146,16,0,27,1,30,,1133,16,0,27,1,70,,1147,16,0,27,1,30,,1151,16,0,27,1,70,,1137,16,0,27,1,30,,1149,16,0,27,1,70,,1142,16,0,27,1,30,,1132,16,0,27,1,70,,1154,16,0,27,1,30,,1139,16,0,27,1,70,,1148,16,0,27,1,30,,1145,16,0,27,1,70,,1136,16,0,27,1,30,,1150,16,0,27,1,70,,1155,16,0,27,1,30,,1140,16,0,27,1
31400,'1',630,,2515,2,,,1,80,,2512,2,,,1,40,,2510,2,,,1,80,,2514,2,,,1,80,,2519,2,,,1,40,,2520,2,,,1,80,,2505,2,,,1,80,,2516,2,,,1,40,,2509,2,,,1,80,,2522,2,,,1,80,,2517,2,,,1,40,,2507,2,,,1,80,,2521,2,,,1,80,,2513,2,,,1,40,,2518,2,,,1,80,,2511,2,,,1,80,,2508,2,,,1,40,,2506,2,,,1
31400,'10',630,,2533,2,,,1,80,,2530,2,,,1,40,,2528,2,,,1,80,,2532,2,,,1,80,,2537,2,,,1,40,,2538,2,,,1,80,,2523,2,,,1,80,,2534,2,,,1,40,,2527,2,,,1,80,,2540,2,,,1,80,,2535,2,,,1,40,,2525,2,,,1,80,,2539,2,,,1,80,,2531,2,,,1,40,,2536,2,,,1,80,,2529,2,,,1,80,,2526,2,,,1,40,,2524,2,,,1
31400,'11',630,,2551,2,,,1,80,,2548,2,,,1,40,,2546,2,,,1,80,,2550,2,,,1,80,,2555,2,,,1,40,,2556,2,,,1,80,,2541,2,,,1,80,,2552,2,,,1,40,,2545,2,,,1,80,,2558,2,,,1,80,,2553,2,,,1,40,,2543,2,,,1,80,,2557,2,,,1,80,,2549,2,,,1,40,,2554,2,,,1,80,,2547,2,,,1,80,,2544,2,,,1,40,,2542,2,,,1
31400,'3',630,,2569,2,,,1,80,,2566,2,,,1,40,,2564,2,,,1,80,,2568,2,,,1,80,,2573,2,,,1,40,,2574,2,,,1,80,,2559,2,,,1,80,,2570,2,,,1,40,,2563,2,,,1,80,,2576,2,,,1,80,,2571,2,,,1,40,,2561,2,,,1,80,,2575,2,,,1,80,,2567,2,,,1,40,,2572,2,,,1,80,,2565,2,,,1,80,,2562,2,,,1,40,,2560,2,,,1
41201,'1',1820,,7113,19,,,1,100,,7115,19,,,1,100,,7117,19,,,1,100,,7116,19,,,1,100,,7114,19,,,1,100,,7118,19,,,1
41201,'10',1820,,7119,19,,,1,100,,7121,19,,,1,100,,7123,19,,,1,100,,7122,19,,,1,100,,7120,19,,,1,100,,7124,19,,,1
41201,'11',1820,,7125,19,,,1,100,,7127,19,,,1,100,,7129,19,,,1,100,,7128,19,,,1,100,,7126,19,,,1,100,,7130,19,,,1
41201,'12',1120,,7136,19,,,1,100,,7138,19,,,1,100,,7133,19,,,1,100,,7135,19,,,1,100,,7131,19,,,1,100,,7137,19,,,1,100,,7132,19,,,1
41201,'14',620,,7160,19,,,1,30,,7142,19,,,1,70,,7163,19,,,1,30,,7156,19,,,1,70,,7147,19,,,1,30,,7166,19,,,1,70,,7164,19,,,1,30,,7150,19,,,1,70,,7154,19,,,1,30,,7157,19,,,1,70,,7161,19,,,1,30,,7148,19,,,1,70,,7146,19,,,1,30,,7149,19,,,1,70,,7167,19,,,1,30,,7151,19,,,1,70,,7139,19,,,1,30,,7141,19,,,1,70,,7158,19,,,1,30,,7143,19,,,1,70,,7165,19,,,1,30,,7153,19,,,1,70,,7140,19,,,1,30,,7144,19,,,1,70,,7168,19,,,1,100,,7152,19,,,1,100,,7145,19,,,1,100,,7162,19,,,1,100,,7155,19,,,1,100,,7159,19,,,1
41201,'3',1820,,7169,19,,,1,100,,7171,19,,,1,100,,7173,19,,,1,100,,7172,19,,,1,100,,7170,19,,,1,100,,7174,19,,,1
41201,'7',920,,7188,19,,,1,100,,7182,19,,,1,30,,7184,19,,,1,70,,7180,19,,,1,30,,7177,19,,,1,70,,7183,19,,,1,30,,7179,19,,,1,70,,7194,19,,,1,30,,7191,19,,,1,70,,7186,19,,,1,30,,7178,19,,,1,70,,7190,19,,,1,30,,7181,19,,,1,70,,7176,19,,,1,30,,7189,19,,,1,70,,7175,19,,,1,30,,7192,19,,,1,70,,7187,19,,,1,100,,7185,19,,,1,100,,7193,19,,,1
41400,'14',630,,7201,2,,,1,80,,7209,2,,,1,40,,7200,2,,,1,80,,7211,2,,,1,80,,7212,2,,,1,40,,7204,2,,,1,80,,7208,2,,,1,80,,7195,2,,,1,40,,7206,2,,,1,80,,7198,2,,,1,80,,7196,2,,,1,40,,7199,2,,,1,80,,7210,2,,,1,80,,7207,2,,,1,40,,7197,2,,,1,80,,7202,2,,,1,80,,7203,2,,,1,40,,7205,2,,,1
