31500,'12',633,,35245,8,,,1,70,,35250,8,,,1,30,,35249,8,,,1,70,,35263,8,,,1,30,,35266,8,,,1,70,,35246,8,,,1,30,,35261,8,,,1,70,,35254,8,,,1,30,,35253,8,,,1,70,,35248,8,,,1,30,,35267,8,,,1,70,,35264,8,,,1,30,,35258,8,,,1,70,,35247,8,,,1,30,,35256,8,,,1,70,,35255,8,,,1,30,,35262,8,,,1,70,,35259,8,,,1,30,,35265,8,,,1,70,,35252,8,,,1,30,,35251,8,,,1,70,,35257,8,,,1,30,,35260,8,,,1,70,,35268,8,,,1
31500,'13',633,,35269,8,,,1,70,,35274,8,,,1,30,,35273,8,,,1,70,,35286,8,,,1,30,,35289,8,,,1,70,,35270,8,,,1,30,,35285,8,,,1,70,,35278,8,,,1,30,,35277,8,,,1,70,,35272,8,,,1,30,,29184,8,,,1,70,,35287,8,,,1,30,,35282,8,,,1,70,,35271,8,,,1,30,,35280,8,,,1,70,,35279,8,,,1,30,,28817,8,,,1,70,,35283,8,,,1,30,,35288,8,,,1,70,,35276,8,,,1,30,,35275,8,,,1,70,,35281,8,,,1,30,,35284,8,,,1,70,,35290,8,,,1
31500,'3',633,,35291,8,,,1,70,,35296,8,,,1,30,,35295,8,,,1,70,,35308,8,,,1,30,,35311,8,,,1,70,,35292,8,,,1,30,,35307,8,,,1,70,,35300,8,,,1,30,,35299,8,,,1,70,,35294,8,,,1,30,,29195,8,,,1,70,,35309,8,,,1,30,,35304,8,,,1,70,,35293,8,,,1,30,,35302,8,,,1,70,,35301,8,,,1,30,,28840,8,,,1,70,,35305,8,,,1,30,,35310,8,,,1,70,,35298,8,,,1,30,,35297,8,,,1,70,,35303,8,,,1,30,,35306,8,,,1,70,,35312,8,,,1
31500,'6',633,,35313,8,,,1,70,,35318,8,,,1,30,,35317,8,,,1,70,,35331,8,,,1,30,,35334,8,,,1,70,,35314,8,,,1,30,,35329,8,,,1,70,,35322,8,,,1,30,,35321,8,,,1,70,,35316,8,,,1,30,,35335,8,,,1,70,,35332,8,,,1,30,,35326,8,,,1,70,,35315,8,,,1,30,,35324,8,,,1,70,,35323,8,,,1,30,,35330,8,,,1,70,,35327,8,,,1,30,,35333,8,,,1,70,,35320,8,,,1,30,,35319,8,,,1,70,,35325,8,,,1,30,,35328,8,,,1,70,,35336,8,,,1
41500,'1',648,,40162,8,0,20 14 21 18,1,70,,40152,8,0,20 14 21 18,1,30,,40169,8,0,20 14 21 18,1,70,,40153,8,0,20 14 21 18,1,30,,40164,8,0,20 14 21 18,1,70,,40148,8,0,20 14 21 18,1,30,,40151,8,0,20 14 21 18,1,70,,40147,8,0,20 14 21 18,1,30,,22327,8,0,20 14 21 18,1,70,,40167,8,0,20 14 21 18,1,30,,40159,8,0,20 14 21 18,1,70,,40171,8,0,20 14 21 18,1,30,,40170,8,0,20 14 21 18,1,70,,40163,8,0,20 14 21 18,1,30,,40156,8,0,20 14 21 18,1,70,,40149,8,0,20 14 21 18,1,30,,40165,8,0,20 14 21 18,1,70,,24701,8,0,20 14 21 18,1,30,,40168,8,0,20 14 21 18,1,70,,40154,8,0,20 14 21 18,1,30,,40172,8,0,20 14 21 18,1,70,,40166,8,0,20 14 21 18,1,30,,40155,8,0,20 14 21 18,1,70,,40150,8,0,20 14 21 18,1,100,,40160,8,0,20 14 21 18,1,100,,40158,8,0,20 14 21 18,1,100,,40161,8,0,20 14 21 18,1,100,,40173,8,0,20 14 21 18,1,100,,40157,8,0,20 14 21 18,1
41500,'11',648,,40190,8,0,20 14 21 18,1,70,,40179,8,0,20 14 21 18,1,30,,40197,8,0,20 14 21 18,1,70,,40180,8,0,20 14 21 18,1,30,,40192,8,0,20 14 21 18,1,70,,40175,8,0,20 14 21 18,1,30,,40178,8,0,20 14 21 18,1,70,,40174,8,0,20 14 21 18,1,30,,40185,8,0,20 14 21 18,1,70,,40195,8,0,20 14 21 18,1,30,,40187,8,0,20 14 21 18,1,70,,40200,8,0,20 14 21 18,1,30,,40198,8,0,20 14 21 18,1,70,,40191,8,0,20 14 21 18,1,30,,40183,8,0,20 14 21 18,1,70,,40176,8,0,20 14 21 18,1,30,,40193,8,0,20 14 21 18,1,70,,40199,8,0,20 14 21 18,1,30,,40196,8,0,20 14 21 18,1,70,,40181,8,0,20 14 21 18,1,30,,40201,8,0,20 14 21 18,1,70,,40194,8,0,20 14 21 18,1,30,,40182,8,0,20 14 21 18,1,70,,40177,8,0,20 14 21 18,1,100,,40188,8,0,20 14 21 18,1,100,,40186,8,0,20 14 21 18,1,100,,40189,8,0,20 14 21 18,1,100,,40202,8,0,20 14 21 18,1,100,,40184,8,0,20 14 21 18,1
41500,'12',1818,,40204,8,0,20 14 21 18,1,100,,40207,8,0,20 14 21 18,1,100,,40203,8,0,20 14 21 18,1,100,,40208,8,0,20 14 21 18,1,100,,40205,8,0,20 14 21 18,1,100,,40206,8,0,20 14 21 18,1
41500,'13',1818,,40210,8,0,20 14 21 18,1,100,,27351,8,0,20 14 21 18,1,100,,40209,8,0,20 14 21 18,1,100,,40213,8,0,20 14 21 18,1,100,,40211,8,0,20 14 21 18,1,100,,40212,8,0,20 14 21 18,1
41500,'14',1118,,40214,8,0,20 14 21 18,1,100,,40216,8,0,20 14 21 18,1,100,,40217,8,0,20 14 21 18,1,100,,40218,8,0,20 14 21 18,1,100,,40220,8,0,20 14 21 18,1,100,,40219,8,0,20 14 21 18,1,100,,40215,8,0,20 14 21 18,1
41500,'16',648,,40236,8,0,20 14 21 18,1,70,,40226,8,0,20 14 21 18,1,30,,40243,8,0,20 14 21 18,1,70,,40227,8,0,20 14 21 18,1,30,,40238,8,0,20 14 21 18,1,70,,40222,8,0,20 14 21 18,1,30,,40225,8,0,20 14 21 18,1,70,,40221,8,0,20 14 21 18,1,30,,30900,8,0,20 14 21 18,1,70,,40241,8,0,20 14 21 18,1,30,,40233,8,0,20 14 21 18,1,70,,40245,8,0,20 14 21 18,1,30,,40244,8,0,20 14 21 18,1,70,,40237,8,0,20 14 21 18,1,30,,40230,8,0,20 14 21 18,1,70,,40223,8,0,20 14 21 18,1,30,,40239,8,0,20 14 21 18,1,70,,31219,8,0,20 14 21 18,1,30,,40242,8,0,20 14 21 18,1,70,,40228,8,0,20 14 21 18,1,30,,40246,8,0,20 14 21 18,1,70,,40240,8,0,20 14 21 18,1,30,,40229,8,0,20 14 21 18,1,70,,40224,8,0,20 14 21 18,1,100,,40234,8,0,20 14 21 18,1,100,,40232,8,0,20 14 21 18,1,100,,40235,8,0,20 14 21 18,1,100,,40247,8,0,20 14 21 18,1,100,,40231,8,0,20 14 21 18,1
41500,'3',1818,,40249,8,0,20 14 21 18,1,100,,27389,8,0,20 14 21 18,1,100,,40248,8,0,20 14 21 18,1,100,,40252,8,0,20 14 21 18,1,100,,40250,8,0,20 14 21 18,1,100,,40251,8,0,20 14 21 18,1
41500,'6',1818,,40254,8,0,20 14 21 18,1,100,,40257,8,0,20 14 21 18,1,100,,40253,8,0,20 14 21 18,1,100,,40258,8,0,20 14 21 18,1,100,,40255,8,0,20 14 21 18,1,100,,40256,8,0,20 14 21 18,1
41500,'8',918,,40260,8,0,20 14 21 18,1,100,,40273,8,0,20 14 21 18,1,30,,40275,8,0,20 14 21 18,1,70,,40261,8,0,20 14 21 18,1,30,,40269,8,0,20 14 21 18,1,70,,40274,8,0,20 14 21 18,1,30,,40262,8,0,20 14 21 18,1,70,,40263,8,0,20 14 21 18,1,30,,40276,8,0,20 14 21 18,1,70,,40268,8,0,20 14 21 18,1,30,,40264,8,0,20 14 21 18,1,70,,40277,8,0,20 14 21 18,1,30,,40271,8,0,20 14 21 18,1,70,,40266,8,0,20 14 21 18,1,30,,40259,8,0,20 14 21 18,1,70,,40265,8,0,20 14 21 18,1,30,,40270,8,0,20 14 21 18,1,70,,40267,8,0,20 14 21 18,1,100,,40272,8,0,20 14 21 18,1
