30901,'1',619,,1830,5,0,25 14 26,1,30,,1834,5,0,25 14 26,1,70,,1829,5,0,25 14 26,1,30,,1825,5,0,25 14 26,1,70,,1839,5,0,25 14 26,1,30,,1836,5,0,25 14 26,1,70,,1845,5,0,25 14 26,1,30,,1826,5,0,25 14 26,1,70,,1827,5,0,25 14 26,1,30,,1833,5,0,25 14 26,1,70,,1838,5,0,25 14 26,1,30,,1821,5,0,25 14 26,1,70,,1842,5,0,25 14 26,1,30,,1828,5,0,25 14 26,1,70,,1844,5,0,25 14 26,1,30,,1823,5,0,25 14 26,1,70,,1832,5,0,25 14 26,1,38,,1831,5,0,25 14 26,1,70,,1840,5,0,25 14 26,1,30,,1841,5,0,25 14 26,1,70,,1824,5,0,25 14 26,1,30,,1822,5,0,25 14 26,1,70,,1837,5,0,25 14 26,1,30,,1835,5,0,25 14 26,1
30901,'10',619,,1855,5,0,25 14 26,1,30,,1859,5,0,25 14 26,1,70,,1854,5,0,25 14 26,1,30,,1850,5,0,25 14 26,1,70,,1864,5,0,25 14 26,1,30,,1861,5,0,25 14 26,1,70,,1870,5,0,25 14 26,1,30,,1851,5,0,25 14 26,1,70,,1852,5,0,25 14 26,1,30,,1858,5,0,25 14 26,1,70,,1863,5,0,25 14 26,1,30,,1846,5,0,25 14 26,1,70,,1867,5,0,25 14 26,1,30,,1853,5,0,25 14 26,1,70,,1869,5,0,25 14 26,1,30,,1848,5,0,25 14 26,1,70,,1857,5,0,25 14 26,1,38,,1856,5,0,25 14 26,1,70,,1865,5,0,25 14 26,1,30,,1866,5,0,25 14 26,1,70,,1849,5,0,25 14 26,1,30,,1847,5,0,25 14 26,1,70,,1862,5,0,25 14 26,1,30,,1860,5,0,25 14 26,1
30901,'11',619,,1879,5,0,25 14 26,1,30,,1885,5,0,25 14 26,1,70,,1878,5,0,25 14 26,1,30,,1874,5,0,25 14 26,1,70,,1889,5,0,25 14 26,1,30,,1887,5,0,25 14 26,1,70,,1895,5,0,25 14 26,1,30,,1875,5,0,25 14 26,1,70,,1876,5,0,25 14 26,1,30,,1883,5,0,25 14 26,1,70,,1888,5,0,25 14 26,1,30,,1871,5,0,25 14 26,1,70,,1892,5,0,25 14 26,1,30,,1877,5,0,25 14 26,1,70,,1894,5,0,25 14 26,1,30,,1873,5,0,25 14 26,1,70,,1882,5,0,25 14 26,1,38,,1881,5,0,25 14 26,1,70,,1891,5,0,25 14 26,1,30,,1890,5,0,25 14 26,1,70,,1884,5,0,25 14 26,1,30,,1872,5,0,25 14 26,1,70,,1880,5,0,25 14 26,1,30,,1886,5,0,25 14 26,1
30901,'3',619,,1904,5,0,25 14 26,1,30,,1910,5,0,25 14 26,1,70,,1903,5,0,25 14 26,1,30,,1899,5,0,25 14 26,1,70,,1914,5,0,25 14 26,1,30,,1912,5,0,25 14 26,1,70,,1920,5,0,25 14 26,1,30,,1900,5,0,25 14 26,1,70,,1901,5,0,25 14 26,1,30,,1908,5,0,25 14 26,1,70,,1913,5,0,25 14 26,1,30,,1896,5,0,25 14 26,1,70,,1917,5,0,25 14 26,1,30,,1902,5,0,25 14 26,1,70,,1919,5,0,25 14 26,1,30,,1898,5,0,25 14 26,1,70,,1907,5,0,25 14 26,1,38,,1906,5,0,25 14 26,1,70,,1916,5,0,25 14 26,1,30,,1915,5,0,25 14 26,1,70,,1909,5,0,25 14 26,1,30,,1897,5,0,25 14 26,1,70,,1905,5,0,25 14 26,1,30,,1911,5,0,25 14 26,1
40901,'1',1847,,6855,5,0,25 12,1,100,,6859,5,0,25 12,1,100,,6858,5,0,25 12,1,100,,6857,5,0,25 12,1,100,,6856,5,0,25 12,1
40901,'10',1847,,6860,5,0,25 12,1,100,,6864,5,0,25 12,1,100,,6863,5,0,25 12,1,100,,6862,5,0,25 12,1,100,,6861,5,0,25 12,1
40901,'11',1847,,6865,5,0,25 12,1,100,,6869,5,0,25 12,1,100,,6868,5,0,25 12,1,100,,6867,5,0,25 12,1,100,,6866,5,0,25 12,1
40901,'12',1047,,6872,5,0,25 12,1,100,,6873,5,0,25 12,1,100,,6876,5,0,25 12,1,100,,6875,5,0,25 12,1,100,,6870,5,0,25 12,1,100,,6874,5,0,25 12,1,100,,6877,5,0,25 12,1,100,,6871,5,0,25 12,1
40901,'14',647,,6895,5,0,25 12,1,70,,6884,5,0,25 12,1,30,,6883,5,0,25 12,1,70,,6903,5,0,25 12,1,30,,6889,5,0,25 12,1,70,,6900,5,0,25 12,1,30,,6888,5,0,25 12,1,70,,6887,5,0,25 12,1,30,,6879,5,0,25 12,1,70,,6882,5,0,25 12,1,30,,6902,5,0,25 12,1,70,,6881,5,0,25 12,1,30,,6890,5,0,25 12,1,70,,6899,5,0,25 12,1,30,,6896,5,0,25 12,1,70,,6880,5,0,25 12,1,30,,6886,5,0,25 12,1,70,,6891,5,0,25 12,1,30,,6885,5,0,25 12,1,70,,6894,5,0,25 12,1,30,,6904,5,0,25 12,1,70,,6892,5,0,25 12,1,30,,6897,5,0,25 12,1,70,,6905,5,0,25 12,1,30,,6898,5,0,25 12,1,100,,6906,5,0,25 12,1,100,,6893,5,0,25 12,1,100,,6901,5,0,25 12,1,100,,6878,5,0,25 12,1
40901,'3',1847,,6907,5,0,25 12,1,100,,6911,5,0,25 12,1,100,,6910,5,0,25 12,1,100,,6909,5,0,25 12,1,100,,6908,5,0,25 12,1
40901,'7',847,,6913,5,0,25 12,1,100,,6923,5,0,25 12,1,100,,6922,5,0,25 12,1,70,,6919,5,0,25 12,1,30,,6915,5,0,25 12,1,70,,6928,5,0,25 12,1,30,,6930,5,0,25 12,1,70,,6921,5,0,25 12,1,30,,6912,5,0,25 12,1,70,,6929,5,0,25 12,1,30,,6927,5,0,25 12,1,70,,6918,5,0,25 12,1,30,,6931,5,0,25 12,1,70,,6924,5,0,25 12,1,30,,6914,5,0,25 12,1,70,,6926,5,0,25 12,1,30,,6917,5,0,25 12,1,70,,6925,5,0,25 12,1,30,,6916,5,0,25 12,1,100,,6920,5,0,25 12,1
