31500,'12',641,,35245,27,,,1,70,,35250,27,,,1,30,,35249,27,,,1,70,,35263,27,,,1,30,,35266,27,,,1,70,,35246,27,,,1,30,,35261,27,,,1,70,,35254,27,,,1,30,,35253,27,,,1,70,,35248,27,,,1,30,,35267,27,,,1,70,,35264,27,,,1,30,,35258,27,,,1,70,,35247,27,,,1,30,,35256,27,,,1,72,,35255,27,,,1,30,,35262,27,,,1,70,,35259,27,,,1,30,,35265,27,,,1,70,,35252,27,,,1,30,,35251,27,,,1,70,,35257,27,,,1,30,,35260,27,,,1,70,,35268,27,,,1
31500,'13',641,,35269,27,,,1,70,,35274,27,,,1,30,,35273,27,,,1,70,,35286,27,,,1,30,,35289,27,,,1,70,,35270,27,,,1,30,,35285,27,,,1,70,,35278,27,,,1,30,,35277,27,,,1,70,,35272,27,,,1,30,,29184,27,,,1,70,,35287,27,,,1,30,,35282,27,,,1,70,,35271,27,,,1,30,,35280,27,,,1,72,,35279,27,,,1,30,,28817,27,,,1,70,,35283,27,,,1,30,,35288,27,,,1,70,,35276,27,,,1,30,,35275,27,,,1,70,,35281,27,,,1,30,,35284,27,,,1,70,,35290,27,,,1
31500,'3',641,,35291,27,,,1,70,,35296,27,,,1,30,,35295,27,,,1,70,,35308,27,,,1,30,,35311,27,,,1,70,,35292,27,,,1,30,,35307,27,,,1,70,,35300,27,,,1,30,,35299,27,,,1,70,,35294,27,,,1,30,,29195,27,,,1,70,,35309,27,,,1,30,,35304,27,,,1,70,,35293,27,,,1,30,,35302,27,,,1,72,,35301,27,,,1,30,,28840,27,,,1,70,,35305,27,,,1,30,,35310,27,,,1,70,,35298,27,,,1,30,,35297,27,,,1,70,,35303,27,,,1,30,,35306,27,,,1,70,,35312,27,,,1
31500,'6',641,,35313,27,,,1,70,,35318,27,,,1,30,,35317,27,,,1,70,,35331,27,,,1,30,,35334,27,,,1,70,,35314,27,,,1,30,,35329,27,,,1,70,,35322,27,,,1,30,,35321,27,,,1,70,,35316,27,,,1,30,,35335,27,,,1,70,,35332,27,,,1,30,,35326,27,,,1,70,,35315,27,,,1,30,,35324,27,,,1,72,,35323,27,,,1,30,,35330,27,,,1,70,,35327,27,,,1,30,,35333,27,,,1,70,,35320,27,,,1,30,,35319,27,,,1,70,,35325,27,,,1,30,,35328,27,,,1,70,,35336,27,,,1
41500,'1',701,,40162,36,0,20 14 21 18,1,30,,40152,36,0,20 14 21 18,1,70,,40169,36,0,20 14 21 18,1,30,,40153,36,0,20 14 21 18,1,70,,40164,36,0,20 14 21 18,1,30,,40148,36,0,20 14 21 18,1,70,,40151,36,0,20 14 21 18,1,30,,40147,36,0,20 14 21 18,1,70,,22327,36,0,20 14 21 18,1,30,,40167,36,0,20 14 21 18,1,70,,40159,36,0,20 14 21 18,1,30,,40171,36,0,20 14 21 18,1,70,,40170,36,0,20 14 21 18,1,30,,40163,36,0,20 14 21 18,1,70,,40156,36,0,20 14 21 18,1,30,,40149,36,0,20 14 21 18,1,70,,40165,36,0,20 14 21 18,1,30,,24701,36,0,20 14 21 18,1,70,,40168,36,0,20 14 21 18,1,30,,40154,36,0,20 14 21 18,1,70,,40172,36,0,20 14 21 18,1,30,,40166,36,0,20 14 21 18,1,70,,40155,36,0,20 14 21 18,1,30,,40150,36,0,20 14 21 18,1,100,,40160,36,0,20 14 21 18,1,100,,40158,36,0,20 14 21 18,1,100,,40161,36,0,20 14 21 18,1,100,,40173,36,0,20 14 21 18,1,100,,40157,36,0,20 14 21 18,1
41500,'11',701,,40190,36,0,20 14 21 18,1,30,,40179,36,0,20 14 21 18,1,70,,40197,36,0,20 14 21 18,1,30,,40180,36,0,20 14 21 18,1,70,,40192,36,0,20 14 21 18,1,30,,40175,36,0,20 14 21 18,1,70,,40178,36,0,20 14 21 18,1,30,,40174,36,0,20 14 21 18,1,70,,40185,36,0,20 14 21 18,1,30,,40195,36,0,20 14 21 18,1,70,,40187,36,0,20 14 21 18,1,30,,40200,36,0,20 14 21 18,1,70,,40198,36,0,20 14 21 18,1,30,,40191,36,0,20 14 21 18,1,70,,40183,36,0,20 14 21 18,1,30,,40176,36,0,20 14 21 18,1,70,,40193,36,0,20 14 21 18,1,30,,40199,36,0,20 14 21 18,1,70,,40196,36,0,20 14 21 18,1,30,,40181,36,0,20 14 21 18,1,70,,40201,36,0,20 14 21 18,1,30,,40194,36,0,20 14 21 18,1,70,,40182,36,0,20 14 21 18,1,30,,40177,36,0,20 14 21 18,1,100,,40188,36,0,20 14 21 18,1,100,,40186,36,0,20 14 21 18,1,100,,40189,36,0,20 14 21 18,1,100,,40202,36,0,20 14 21 18,1,100,,40184,36,0,20 14 21 18,1
41500,'12',1831,,40204,36,0,20 14 21 18,1,100,,40207,36,0,20 14 21 18,1,100,,40203,36,0,20 14 21 18,1,100,,40208,36,0,20 14 21 18,1,100,,40205,36,0,20 14 21 18,1,100,,40206,36,0,20 14 21 18,1
41500,'13',1831,,40210,36,0,20 14 21 18,1,100,,27351,36,0,20 14 21 18,1,100,,40209,36,0,20 14 21 18,1,100,,40213,36,0,20 14 21 18,1,100,,40211,36,0,20 14 21 18,1,100,,40212,36,0,20 14 21 18,1
41500,'14',1131,,40214,36,0,20 14 21 18,1,100,,40216,36,0,20 14 21 18,1,100,,40217,36,0,20 14 21 18,1,100,,40218,36,0,20 14 21 18,1,100,,40220,36,0,20 14 21 18,1,100,,40219,36,0,20 14 21 18,1,100,,40215,36,0,20 14 21 18,1
41500,'16',701,,40236,36,0,20 14 21 18,1,30,,40226,36,0,20 14 21 18,1,70,,40243,36,0,20 14 21 18,1,30,,40227,36,0,20 14 21 18,1,70,,40238,36,0,20 14 21 18,1,30,,40222,36,0,20 14 21 18,1,70,,40225,36,0,20 14 21 18,1,30,,40221,36,0,20 14 21 18,1,70,,30900,36,0,20 14 21 18,1,30,,40241,36,0,20 14 21 18,1,70,,40233,36,0,20 14 21 18,1,30,,40245,36,0,20 14 21 18,1,70,,40244,36,0,20 14 21 18,1,30,,40237,36,0,20 14 21 18,1,70,,40230,36,0,20 14 21 18,1,30,,40223,36,0,20 14 21 18,1,70,,40239,36,0,20 14 21 18,1,30,,31219,36,0,20 14 21 18,1,70,,40242,36,0,20 14 21 18,1,30,,40228,36,0,20 14 21 18,1,70,,40246,36,0,20 14 21 18,1,30,,40240,36,0,20 14 21 18,1,70,,40229,36,0,20 14 21 18,1,30,,40224,36,0,20 14 21 18,1,100,,40234,36,0,20 14 21 18,1,100,,40232,36,0,20 14 21 18,1,100,,40235,36,0,20 14 21 18,1,100,,40247,36,0,20 14 21 18,1,100,,40231,36,0,20 14 21 18,1
41500,'3',1831,,40249,36,0,20 14 21 18,1,100,,27389,36,0,20 14 21 18,1,100,,40248,36,0,20 14 21 18,1,100,,40252,36,0,20 14 21 18,1,100,,40250,36,0,20 14 21 18,1,100,,40251,36,0,20 14 21 18,1
41500,'6',1831,,40254,36,0,20 14 21 18,1,100,,40257,36,0,20 14 21 18,1,100,,40253,36,0,20 14 21 18,1,100,,40258,36,0,20 14 21 18,1,100,,40255,36,0,20 14 21 18,1,100,,40256,36,0,20 14 21 18,1
41500,'8',931,,40260,36,0,20 14 21 18,1,100,,40273,36,0,20 14 21 18,1,70,,40275,36,0,20 14 21 18,1,30,,40261,36,0,20 14 21 18,1,70,,40269,36,0,20 14 21 18,1,30,,40274,36,0,20 14 21 18,1,70,,40262,36,0,20 14 21 18,1,30,,40263,36,0,20 14 21 18,1,70,,40276,36,0,20 14 21 18,1,30,,40268,36,0,20 14 21 18,1,70,,40264,36,0,20 14 21 18,1,30,,40277,36,0,20 14 21 18,1,70,,40271,36,0,20 14 21 18,1,30,,40266,36,0,20 14 21 18,1,70,,40259,36,0,20 14 21 18,1,30,,40265,36,0,20 14 21 18,1,70,,40270,36,0,20 14 21 18,1,30,,40267,36,0,20 14 21 18,1,100,,40272,36,0,20 14 21 18,1
42301,'1',731,,41610,9,0,20 30 31,1,100,,41611,9,0,20 30 31,1,100,,41614,9,0,20 30 31,1,101,,41607,9,0,20 30 31,1,100,,41608,9,0,20 30 31,1,100,,41617,9,0,20 30 31,1,100,,41613,9,0,20 30 31,1,102,,41606,9,0,20 30 31,1,100,,41609,9,0,20 30 31,1,100,,41616,9,0,20 30 31,1,100,,32487,9,0,20 30 31,1,100,,41618,9,0,20 30 31,1,98,,41612,9,0,20 30 31,1,100,,41615,9,0,20 30 31,1,100,,41619,9,0,20 30 31,1,100,,41620,9,0,20 30 31,1
