30301,'11',631,,27643,9,0,32 33,1,70,,27651,9,0,32 33,1,30,,27656,9,0,32 33,1,70,,27655,9,0,32 33,1,30,,27653,9,0,32 33,1,70,,24481,9,0,32 33,1,30,,22337,9,0,32 33,1,70,,27646,9,0,32 33,1,30,,27654,9,0,32 33,1,70,,27657,9,0,32 33,1,30,,27642,9,0,32 33,1,70,,24711,9,0,32 33,1,30,,27648,9,0,32 33,1,70,,27649,9,0,32 33,1,30,,23973,9,0,32 33,1,70,,21822,9,0,32 33,1,31,,14900,9,0,32 33,1,70,,27647,9,0,32 33,1,30,,27641,9,0,32 33,1,70,,27650,9,0,32 33,1,30,,22338,9,0,32 33,1,70,,27644,9,0,32 33,1,30,,27645,9,0,32 33,1,70,,27652,9,0,32 33,1
30301,'3',631,,27660,9,0,32 33,1,70,,27668,9,0,32 33,1,30,,27673,9,0,32 33,1,70,,27672,9,0,32 33,1,30,,27670,9,0,32 33,1,70,,24589,9,0,32 33,1,30,,22359,9,0,32 33,1,70,,27663,9,0,32 33,1,30,,27671,9,0,32 33,1,70,,27674,9,0,32 33,1,30,,27659,9,0,32 33,1,70,,24815,9,0,32 33,1,30,,27665,9,0,32 33,1,70,,27666,9,0,32 33,1,30,,23999,9,0,32 33,1,70,,21845,9,0,32 33,1,31,,14937,9,0,32 33,1,70,,27664,9,0,32 33,1,30,,27658,9,0,32 33,1,70,,27667,9,0,32 33,1,30,,22360,9,0,32 33,1,70,,27661,9,0,32 33,1,30,,27662,9,0,32 33,1,70,,27669,9,0,32 33,1
41500,'1',651,,31515,15,0,20 14 21 18,1,70,,31492,15,0,20 14 21 18,1,30,,31502,15,0,20 14 21 18,1,70,,31508,15,0,20 14 21 18,1,30,,31498,15,0,20 14 21 18,1,70,,31503,15,0,20 14 21 18,1,30,,31510,15,0,20 14 21 18,1,70,,31496,15,0,20 14 21 18,1,30,,31493,15,0,20 14 21 18,1,70,,25193,15,0,20 14 21 18,1,30,,31501,15,0,20 14 21 18,1,70,,31505,15,0,20 14 21 18,1,30,,31507,15,0,20 14 21 18,1,70,,31509,15,0,20 14 21 18,1,30,,31512,15,0,20 14 21 18,1,70,,31514,15,0,20 14 21 18,1,30,,31500,15,0,20 14 21 18,1,70,,22570,15,0,20 14 21 18,1,30,,31499,15,0,20 14 21 18,1,70,,31489,15,0,20 14 21 18,1,30,,31490,15,0,20 14 21 18,1,70,,31497,15,0,20 14 21 18,1,30,,31513,15,0,20 14 21 18,1,70,,31491,15,0,20 14 21 18,1,100,,31506,15,0,20 14 21 18,1,100,,31494,15,0,20 14 21 18,1,100,,31504,15,0,20 14 21 18,1,100,,31495,15,0,20 14 21 18,1,100,,31511,15,0,20 14 21 18,1
41500,'11',1821,,31518,15,0,20 14 21 18,1,100,,31516,15,0,20 14 21 18,1,100,,31519,15,0,20 14 21 18,1,100,,31520,15,0,20 14 21 18,1,100,,31517,15,0,20 14 21 18,1,100,,31521,15,0,20 14 21 18,1
41500,'12',1121,,31528,15,0,20 14 21 18,1,100,,31526,15,0,20 14 21 18,1,100,,31525,15,0,20 14 21 18,1,100,,31522,15,0,20 14 21 18,1,100,,31523,15,0,20 14 21 18,1,100,,31524,15,0,20 14 21 18,1,100,,31527,15,0,20 14 21 18,1
41500,'14',651,,31557,15,0,20 14 21 18,1,70,,31532,15,0,20 14 21 18,1,30,,31543,15,0,20 14 21 18,1,70,,31549,15,0,20 14 21 18,1,30,,31539,15,0,20 14 21 18,1,70,,31544,15,0,20 14 21 18,1,30,,31551,15,0,20 14 21 18,1,70,,31537,15,0,20 14 21 18,1,30,,31533,15,0,20 14 21 18,1,70,,31552,15,0,20 14 21 18,1,30,,31542,15,0,20 14 21 18,1,70,,31546,15,0,20 14 21 18,1,30,,31548,15,0,20 14 21 18,1,70,,31550,15,0,20 14 21 18,1,30,,31554,15,0,20 14 21 18,1,70,,31556,15,0,20 14 21 18,1,30,,31541,15,0,20 14 21 18,1,70,,31535,15,0,20 14 21 18,1,30,,31540,15,0,20 14 21 18,1,70,,31529,15,0,20 14 21 18,1,30,,31530,15,0,20 14 21 18,1,70,,31538,15,0,20 14 21 18,1,30,,31555,15,0,20 14 21 18,1,70,,31531,15,0,20 14 21 18,1,100,,31547,15,0,20 14 21 18,1,100,,31534,15,0,20 14 21 18,1,100,,31545,15,0,20 14 21 18,1,100,,31536,15,0,20 14 21 18,1,100,,31553,15,0,20 14 21 18,1
41500,'3',1821,,31560,15,0,20 14 21 18,1,100,,31558,15,0,20 14 21 18,1,100,,31561,15,0,20 14 21 18,1,100,,31562,15,0,20 14 21 18,1,100,,31559,15,0,20 14 21 18,1,100,,31563,15,0,20 14 21 18,1
41500,'8',921,,31567,15,0,20 14 21 18,1,100,,31579,15,0,20 14 21 18,1,30,,31573,15,0,20 14 21 18,1,70,,31565,15,0,20 14 21 18,1,30,,31580,15,0,20 14 21 18,1,70,,31576,15,0,20 14 21 18,1,30,,25256,15,0,20 14 21 18,1,70,,31566,15,0,20 14 21 18,1,30,,31570,15,0,20 14 21 18,1,70,,31569,15,0,20 14 21 18,1,30,,31578,15,0,20 14 21 18,1,70,,31572,15,0,20 14 21 18,1,30,,31575,15,0,20 14 21 18,1,70,,26882,15,0,20 14 21 18,1,30,,31571,15,0,20 14 21 18,1,70,,31568,15,0,20 14 21 18,1,30,,31564,15,0,20 14 21 18,1,70,,31577,15,0,20 14 21 18,1,100,,31574,15,0,20 14 21 18,1
41501,'1',700,,31590,34,0,20 14 34,1,31,,31587,34,0,20 14 34,1,70,,31583,34,0,20 14 34,1,30,,21744,34,0,20 14 34,1,70,,31599,34,0,20 14 34,1,30,,31582,34,0,20 14 34,1,70,,31603,34,0,20 14 34,1,31,,23599,34,0,20 14 34,1,70,,31592,34,0,20 14 34,1,30,,31605,34,0,20 14 34,1,70,,31595,34,0,20 14 34,1,30,,31602,34,0,20 14 34,1,70,,31598,34,0,20 14 34,1,30,,31581,34,0,20 14 34,1,70,,31597,34,0,20 14 34,1,31,,31596,34,0,20 14 34,1,70,,31600,34,0,20 14 34,1,30,,31593,34,0,20 14 34,1,70,,31589,34,0,20 14 34,1,30,,31586,34,0,20 14 34,1,70,,31585,34,0,20 14 34,1,30,,31601,34,0,20 14 34,1,70,,31594,34,0,20 14 34,1,30,,31604,34,0,20 14 34,1,97,,31584,34,0,20 14 34,1,100,,31591,34,0,20 14 34,1,100,,31606,34,0,20 14 34,1,100,,31588,34,0,20 14 34,1,100,,21556,34,0,20 14 34,1
41501,'11',1818,,31608,34,0,20 14 34,1,30,,31611,34,0,20 14 34,1,82,,31607,34,0,20 14 34,1,100,,31610,34,0,20 14 34,1,100,,13490,34,0,20 14 34,1,100,,31609,34,0,20 14 34,1,100,,31612,34,0,20 14 34,1
41501,'12',1132,,31613,34,0,20 14 34,1,100,,31616,34,0,20 14 34,1,100,,8486,34,0,20 14 34,1,101,,31614,34,0,20 14 34,1,100,,31617,34,0,20 14 34,1,100,,31615,34,0,20 14 34,1,100,,26908,34,0,20 14 34,1
41501,'14',700,,31626,34,0,20 14 34,1,31,,24564,34,0,20 14 34,1,70,,31620,34,0,20 14 34,1,30,,31631,34,0,20 14 34,1,70,,31637,34,0,20 14 34,1,30,,31619,34,0,20 14 34,1,70,,31641,34,0,20 14 34,1,31,,31632,34,0,20 14 34,1,70,,31628,34,0,20 14 34,1,30,,31643,34,0,20 14 34,1,70,,31633,34,0,20 14 34,1,30,,31640,34,0,20 14 34,1,70,,31636,34,0,20 14 34,1,30,,31618,34,0,20 14 34,1,70,,31635,34,0,20 14 34,1,31,,31634,34,0,20 14 34,1,70,,31638,34,0,20 14 34,1,30,,31629,34,0,20 14 34,1,70,,31624,34,0,20 14 34,1,30,,31623,34,0,20 14 34,1,70,,31622,34,0,20 14 34,1,30,,31639,34,0,20 14 34,1,70,,31630,34,0,20 14 34,1,30,,31642,34,0,20 14 34,1,97,,31621,34,0,20 14 34,1,100,,31627,34,0,20 14 34,1,100,,31644,34,0,20 14 34,1,100,,26226,34,0,20 14 34,1,100,,31625,34,0,20 14 34,1
41501,'3',1818,,31646,34,0,20 14 34,1,30,,31649,34,0,20 14 34,1,82,,31645,34,0,20 14 34,1,100,,31648,34,0,20 14 34,1,100,,13533,34,0,20 14 34,1,100,,31647,34,0,20 14 34,1,100,,31650,34,0,20 14 34,1
41501,'8',1032,,31663,34,0,20 14 34,1,70,,31651,34,0,20 14 34,1,30,,31665,34,0,20 14 34,1,70,,25155,34,0,20 14 34,1,30,,31655,34,0,20 14 34,1,100,,31659,34,0,20 14 34,1,70,,31660,34,0,20 14 34,1,31,,31661,34,0,20 14 34,1,100,,31654,34,0,20 14 34,1,70,,31657,34,0,20 14 34,1,30,,31652,34,0,20 14 34,1,70,,31658,34,0,20 14 34,1,30,,31653,34,0,20 14 34,1,70,,31662,34,0,20 14 34,1,30,,31664,34,0,20 14 34,1,97,,31656,34,0,20 14 34,1
