32001,'1',621,,3807,5,0,47 18,1,27,,3824,5,0,47 18,1,70,,3815,5,0,47 18,1,30,,3828,5,0,47 18,1,70,,3814,5,0,47 18,1,30,,3809,5,0,47 18,1,70,,3819,5,0,47 18,1,30,,3811,5,0,47 18,1,70,,3812,5,0,47 18,1,30,,3808,5,0,47 18,1,70,,3818,5,0,47 18,1,30,,3827,5,0,47 18,1,70,,3822,5,0,47 18,1,30,,3821,5,0,47 18,1,70,,3826,5,0,47 18,1,30,,3823,5,0,47 18,1,70,,3816,5,0,47 18,1,30,,3829,5,0,47 18,1,70,,3817,5,0,47 18,1,30,,3825,5,0,47 18,1,70,,3810,5,0,47 18,1,30,,3813,5,0,47 18,1,70,,3820,5,0,47 18,1,30,,3831,5,0,47 18,1,70,,3830,5,0,47 18,1
32001,'10',621,,3832,5,0,47 18,1,27,,3849,5,0,47 18,1,70,,3840,5,0,47 18,1,30,,3853,5,0,47 18,1,70,,3839,5,0,47 18,1,30,,3834,5,0,47 18,1,70,,3844,5,0,47 18,1,30,,3836,5,0,47 18,1,70,,3837,5,0,47 18,1,30,,3833,5,0,47 18,1,70,,3843,5,0,47 18,1,30,,3852,5,0,47 18,1,70,,3847,5,0,47 18,1,30,,3846,5,0,47 18,1,70,,3851,5,0,47 18,1,30,,3848,5,0,47 18,1,70,,3841,5,0,47 18,1,30,,3854,5,0,47 18,1,70,,3842,5,0,47 18,1,30,,3850,5,0,47 18,1,70,,3835,5,0,47 18,1,30,,3838,5,0,47 18,1,70,,3845,5,0,47 18,1,30,,3856,5,0,47 18,1,70,,3855,5,0,47 18,1
32001,'11',621,,3857,5,0,47 18,1,27,,3874,5,0,47 18,1,70,,3865,5,0,47 18,1,30,,3878,5,0,47 18,1,70,,3864,5,0,47 18,1,30,,3859,5,0,47 18,1,70,,3869,5,0,47 18,1,30,,3861,5,0,47 18,1,70,,3862,5,0,47 18,1,30,,3858,5,0,47 18,1,70,,3868,5,0,47 18,1,30,,3877,5,0,47 18,1,70,,3872,5,0,47 18,1,30,,3871,5,0,47 18,1,70,,3876,5,0,47 18,1,30,,3873,5,0,47 18,1,70,,3866,5,0,47 18,1,30,,3879,5,0,47 18,1,70,,3867,5,0,47 18,1,30,,3875,5,0,47 18,1,70,,3860,5,0,47 18,1,30,,3863,5,0,47 18,1,70,,3870,5,0,47 18,1,30,,3881,5,0,47 18,1,70,,3880,5,0,47 18,1
32001,'3',621,,3882,5,0,47 18,1,27,,3899,5,0,47 18,1,70,,3890,5,0,47 18,1,30,,3903,5,0,47 18,1,70,,3889,5,0,47 18,1,30,,3884,5,0,47 18,1,70,,3894,5,0,47 18,1,30,,3886,5,0,47 18,1,70,,3887,5,0,47 18,1,30,,3883,5,0,47 18,1,70,,3893,5,0,47 18,1,30,,3902,5,0,47 18,1,70,,3897,5,0,47 18,1,30,,3896,5,0,47 18,1,70,,3901,5,0,47 18,1,30,,3898,5,0,47 18,1,70,,3891,5,0,47 18,1,30,,3904,5,0,47 18,1,70,,3892,5,0,47 18,1,30,,3900,5,0,47 18,1,70,,3885,5,0,47 18,1,30,,3888,5,0,47 18,1,70,,3895,5,0,47 18,1,30,,3906,5,0,47 18,1,70,,3905,5,0,47 18,1
33200,'1',808,,4575,4,0,30,1,100,,4569,4,0,30,1,100,,4567,4,0,30,1,100,,4566,4,0,30,1,100,,4565,4,0,30,1,100,,4570,4,0,30,1,100,,4571,4,0,30,1,100,,4574,4,0,30,1,100,,4573,4,0,30,1,100,,4572,4,0,30,1,100,,4568,4,0,30,1
33200,'10',808,,4586,4,0,30,1,100,,4580,4,0,30,1,100,,4578,4,0,30,1,100,,4577,4,0,30,1,100,,4576,4,0,30,1,100,,4581,4,0,30,1,100,,4582,4,0,30,1,100,,4585,4,0,30,1,100,,4584,4,0,30,1,100,,4583,4,0,30,1,100,,4579,4,0,30,1
33200,'11',738,,4594,4,0,30,1,70,,4605,4,0,30,1,30,,4589,4,0,30,1,70,,4595,4,0,30,1,30,,4588,4,0,30,1,70,,4591,4,0,30,1,30,,4602,4,0,30,1,70,,4590,4,0,30,1,30,,4598,4,0,30,1,70,,4587,4,0,30,1,30,,4606,4,0,30,1,70,,4599,4,0,30,1,30,,4608,4,0,30,1,70,,4600,4,0,30,1,30,,4609,4,0,30,1,70,,4604,4,0,30,1,30,,4607,4,0,30,1,70,,4603,4,0,30,1,30,,4597,4,0,30,1,70,,4601,4,0,30,1,30,,4592,4,0,30,1,70,,4593,4,0,30,1,30,,4596,4,0,30,1
33200,'3',738,,4628,4,0,30,1,70,,4631,4,0,30,1,30,,4626,4,0,30,1,70,,4622,4,0,30,1,30,,4611,4,0,30,1,70,,4618,4,0,30,1,30,,4619,4,0,30,1,70,,4617,4,0,30,1,30,,4613,4,0,30,1,70,,4614,4,0,30,1,30,,4620,4,0,30,1,70,,4623,4,0,30,1,30,,4616,4,0,30,1,70,,4625,4,0,30,1,30,,4612,4,0,30,1,70,,4630,4,0,30,1,30,,4624,4,0,30,1,70,,4629,4,0,30,1,30,,4615,4,0,30,1,70,,4627,4,0,30,1,30,,4632,4,0,30,1,70,,4621,4,0,30,1,30,,4610,4,0,30,1
42001,'1',1848,,8048,5,0,47 18,1,100,,8052,5,0,47 18,1,100,,8049,5,0,47 18,1,100,,8051,5,0,47 18,1,100,,8050,5,0,47 18,1,100,,8053,5,0,47 18,1
42001,'10',1848,,8054,5,0,47 18,1,100,,8058,5,0,47 18,1,100,,8055,5,0,47 18,1,100,,8057,5,0,47 18,1,100,,8056,5,0,47 18,1,100,,8059,5,0,47 18,1
42001,'11',1848,,8060,5,0,47 18,1,100,,8064,5,0,47 18,1,100,,8061,5,0,47 18,1,100,,8063,5,0,47 18,1,100,,8062,5,0,47 18,1,100,,8065,5,0,47 18,1
42001,'12',1048,,8075,5,0,47 18,1,70,,8069,5,0,47 18,1,30,,8074,5,0,47 18,1,70,,8066,5,0,47 18,1,30,,8071,5,0,47 18,1,70,,8080,5,0,47 18,1,30,,8073,5,0,47 18,1,70,,8070,5,0,47 18,1,30,,8078,5,0,47 18,1,70,,8077,5,0,47 18,1,30,,8068,5,0,47 18,1,70,,8076,5,0,47 18,1,30,,8079,5,0,47 18,1,70,,8067,5,0,47 18,1,30,,8072,5,0,47 18,1
42001,'14',648,,8082,5,0,47 18,1,70,,8110,5,0,47 18,1,30,,8090,5,0,47 18,1,70,,8094,5,0,47 18,1,30,,8089,5,0,47 18,1,70,,8083,5,0,47 18,1,30,,8107,5,0,47 18,1,70,,8092,5,0,47 18,1,30,,8100,5,0,47 18,1,70,,8108,5,0,47 18,1,30,,8109,5,0,47 18,1,70,,8086,5,0,47 18,1,30,,8099,5,0,47 18,1,70,,8088,5,0,47 18,1,30,,8081,5,0,47 18,1,70,,8093,5,0,47 18,1,30,,8105,5,0,47 18,1,70,,8095,5,0,47 18,1,30,,8103,5,0,47 18,1,70,,8097,5,0,47 18,1,30,,8085,5,0,47 18,1,70,,8091,5,0,47 18,1,30,,8084,5,0,47 18,1,70,,8087,5,0,47 18,1,30,,8104,5,0,47 18,1,100,,8106,5,0,47 18,1,100,,8102,5,0,47 18,1,100,,8101,5,0,47 18,1,100,,8098,5,0,47 18,1,100,,8096,5,0,47 18,1
42001,'3',1848,,8111,5,0,47 18,1,100,,8115,5,0,47 18,1,100,,8112,5,0,47 18,1,100,,8114,5,0,47 18,1,100,,8113,5,0,47 18,1,100,,8116,5,0,47 18,1
42001,'7',848,,8130,5,0,47 18,1,70,,8129,5,0,47 18,1,30,,8125,5,0,47 18,1,70,,8124,5,0,47 18,1,30,,8127,5,0,47 18,1,70,,8118,5,0,47 18,1,30,,8134,5,0,47 18,1,70,,8139,5,0,47 18,1,30,,8122,5,0,47 18,1,70,,8133,5,0,47 18,1,30,,8135,5,0,47 18,1,70,,8120,5,0,47 18,1,30,,8131,5,0,47 18,1,70,,8117,5,0,47 18,1,30,,8136,5,0,47 18,1,70,,8121,5,0,47 18,1,30,,8138,5,0,47 18,1,70,,8123,5,0,47 18,1,30,,8126,5,0,47 18,1,70,,8132,5,0,47 18,1,30,,8119,5,0,47 18,1,70,,8128,5,0,47 18,1,30,,8137,5,0,47 18,1
43200,'1',1908,,8425,4,0,52,1,100,,8422,4,0,52,1,100,,8424,4,0,52,1,100,,8421,4,0,52,1,100,,8423,4,0,52,1
43200,'10',1908,,8430,4,0,52,1,100,,8427,4,0,52,1,100,,8429,4,0,52,1,100,,8426,4,0,52,1,100,,8428,4,0,52,1
43200,'11',1908,,8435,4,0,52,1,100,,8432,4,0,52,1,100,,8434,4,0,52,1,100,,8431,4,0,52,1,100,,8433,4,0,52,1
43200,'3',1908,,8443,4,0,52,1,30,,8441,4,0,52,1,70,,8438,4,0,52,1,30,,8444,4,0,52,1,70,,8442,4,0,52,1,30,,8437,4,0,52,1,70,,8436,4,0,52,1,30,,8439,4,0,52,1,70,,8440,4,0,52,1
