30501,'15',631,,10291,31,0,27,1,70,,10279,31,0,27,1,30,,10287,31,0,27,1,70,,10290,31,0,27,1,30,,10273,31,0,27,1,70,,10286,31,0,27,1,30,,10268,31,0,27,1,70,,10274,31,0,27,1,30,,10276,31,0,27,1,70,,10278,31,0,27,1,30,,10282,31,0,27,1,70,,10280,31,0,27,1,30,,10270,31,0,27,1,70,,10284,31,0,27,1,30,,10283,31,0,27,1,70,,10271,31,0,27,1,30,,10275,31,0,27,1,70,,10288,31,0,27,1,30,,10292,31,0,27,1,70,,10289,31,0,27,1,30,,10277,31,0,27,1,70,,10272,31,0,27,1,30,,10281,31,0,27,1,70,,10285,31,0,27,1
30501,'16',631,,10309,31,0,27,1,70,,1671,31,0,27,1,30,,10305,31,0,27,1,70,,10308,31,0,27,1,30,,10296,31,0,27,1,70,,10304,31,0,27,1,30,,10293,31,0,27,1,70,,1185,31,0,27,1,30,,8145,31,0,27,1,70,,3972,31,0,27,1,30,,10301,31,0,27,1,70,,10299,31,0,27,1,30,,4910,31,0,27,1,70,,10303,31,0,27,1,30,,10302,31,0,27,1,70,,10294,31,0,27,1,30,,10297,31,0,27,1,70,,10306,31,0,27,1,30,,10310,31,0,27,1,70,,10307,31,0,27,1,30,,10298,31,0,27,1,70,,10295,31,0,27,1,30,,10300,31,0,27,1,70,,2457,31,0,27,1
30501,'17',631,,10326,31,0,27,1,70,,1694,31,0,27,1,30,,10322,31,0,27,1,70,,10325,31,0,27,1,30,,10314,31,0,27,1,70,,10321,31,0,27,1,30,,10311,31,0,27,1,70,,1209,31,0,27,1,30,,8150,31,0,27,1,70,,3984,31,0,27,1,30,,10318,31,0,27,1,70,,10316,31,0,27,1,30,,4933,31,0,27,1,70,,10320,31,0,27,1,30,,10319,31,0,27,1,70,,10312,31,0,27,1,30,,8655,31,0,27,1,70,,10323,31,0,27,1,30,,10327,31,0,27,1,70,,10324,31,0,27,1,30,,10315,31,0,27,1,70,,10313,31,0,27,1,30,,10317,31,0,27,1,70,,2480,31,0,27,1
30501,'19',631,,10350,31,0,27,1,70,,10339,31,0,27,1,30,,10346,31,0,27,1,70,,10349,31,0,27,1,30,,10333,31,0,27,1,70,,10345,31,0,27,1,30,,10328,31,0,27,1,70,,10334,31,0,27,1,30,,10336,31,0,27,1,70,,10338,31,0,27,1,30,,10341,31,0,27,1,70,,10340,31,0,27,1,30,,10330,31,0,27,1,70,,10343,31,0,27,1,30,,10342,31,0,27,1,70,,10331,31,0,27,1,30,,10335,31,0,27,1,70,,10347,31,0,27,1,30,,10351,31,0,27,1,70,,10348,31,0,27,1,30,,10337,31,0,27,1,70,,10332,31,0,27,1,30,,7336,31,0,27,1,70,,10344,31,0,27,1
30501,'5',631,,10368,31,0,27,1,70,,1717,31,0,27,1,30,,10364,31,0,27,1,70,,10367,31,0,27,1,30,,10355,31,0,27,1,70,,10363,31,0,27,1,30,,10352,31,0,27,1,70,,1233,31,0,27,1,30,,8179,31,0,27,1,70,,3996,31,0,27,1,30,,10360,31,0,27,1,70,,10358,31,0,27,1,30,,4987,31,0,27,1,70,,10362,31,0,27,1,30,,10361,31,0,27,1,70,,10353,31,0,27,1,30,,10356,31,0,27,1,70,,10365,31,0,27,1,30,,10369,31,0,27,1,70,,10366,31,0,27,1,30,,10357,31,0,27,1,70,,10354,31,0,27,1,30,,10359,31,0,27,1,70,,2503,31,0,27,1
30501,'6',631,,10393,31,0,27,1,70,,10381,31,0,27,1,30,,10389,31,0,27,1,70,,10392,31,0,27,1,30,,10375,31,0,27,1,70,,10388,31,0,27,1,30,,10370,31,0,27,1,70,,10376,31,0,27,1,30,,10378,31,0,27,1,70,,10380,31,0,27,1,30,,10384,31,0,27,1,70,,10382,31,0,27,1,30,,10372,31,0,27,1,70,,10386,31,0,27,1,30,,10385,31,0,27,1,70,,10373,31,0,27,1,30,,10377,31,0,27,1,70,,10390,31,0,27,1,30,,10394,31,0,27,1,70,,10391,31,0,27,1,30,,10379,31,0,27,1,70,,10374,31,0,27,1,30,,10383,31,0,27,1,70,,10387,31,0,27,1
41201,'1',1127,,5807,34,0,26,1,100,,18607,34,0,26,1,100,,18610,34,0,26,1,100,,18611,34,0,26,1,100,,2015,34,0,26,1,100,,18608,34,0,26,1,100,,18609,34,0,26,1
41201,'10',626,,18637,34,0,26,1,30,,18617,34,0,26,1,70,,18636,34,0,26,1,30,,18639,34,0,26,1,70,,18629,34,0,26,1,30,,18641,34,0,26,1,70,,18618,34,0,26,1,30,,18634,34,0,26,1,71,,18631,34,0,26,1,30,,18614,34,0,26,1,70,,18624,34,0,26,1,30,,18635,34,0,26,1,70,,18612,34,0,26,1,30,,18621,34,0,26,1,70,,18633,34,0,26,1,30,,18623,34,0,26,1,70,,18619,34,0,26,1,30,,18613,34,0,26,1,70,,18620,34,0,26,1,30,,18615,34,0,26,1,70,,18625,34,0,26,1,30,,18622,34,0,26,1,70,,18630,34,0,26,1,30,,18638,34,0,26,1,70,,18627,34,0,26,1,100,,18626,34,0,26,1,100,,18616,34,0,26,1,100,,18632,34,0,26,1,100,,18640,34,0,26,1,100,,18628,34,0,26,1
41201,'12',926,,18642,34,0,26,1,101,,18654,34,0,26,1,30,,18651,34,0,26,1,70,,18655,34,0,26,1,30,,18660,34,0,26,1,70,,18650,34,0,26,1,30,,18647,34,0,26,1,70,,18648,34,0,26,1,30,,18646,34,0,26,1,70,,18652,34,0,26,1,30,,18645,34,0,26,1,70,,18658,34,0,26,1,30,,18659,34,0,26,1,70,,18644,34,0,26,1,30,,18661,34,0,26,1,70,,18643,34,0,26,1,30,,18653,34,0,26,1,70,,18649,34,0,26,1,100,,18657,34,0,26,1,100,,18656,34,0,26,1
41201,'15',1827,,18665,34,0,26,1,100,,18662,34,0,26,1,100,,18663,34,0,26,1,100,,18666,34,0,26,1,100,,18667,34,0,26,1,100,,18664,34,0,26,1
41201,'16',1827,,18670,34,0,26,1,100,,18668,34,0,26,1,100,,2679,34,0,26,1,100,,18671,34,0,26,1,100,,18672,34,0,26,1,100,,18669,34,0,26,1
41201,'17',1827,,18675,34,0,26,1,100,,18673,34,0,26,1,100,,2704,34,0,26,1,100,,18676,34,0,26,1,100,,18677,34,0,26,1,100,,18674,34,0,26,1
41201,'19',1827,,18681,34,0,26,1,100,,18678,34,0,26,1,100,,18679,34,0,26,1,100,,18682,34,0,26,1,100,,18683,34,0,26,1,100,,18680,34,0,26,1
41201,'21',626,,18704,34,0,26,1,30,,18689,34,0,26,1,70,,18703,34,0,26,1,30,,18706,34,0,26,1,70,,6905,34,0,26,1,30,,18708,34,0,26,1,70,,18690,34,0,26,1,30,,7281,34,0,26,1,71,,18699,34,0,26,1,30,,18686,34,0,26,1,70,,18695,34,0,26,1,30,,18702,34,0,26,1,70,,18684,34,0,26,1,30,,18692,34,0,26,1,70,,18701,34,0,26,1,30,,18694,34,0,26,1,70,,7564,34,0,26,1,30,,18685,34,0,26,1,70,,18691,34,0,26,1,30,,18687,34,0,26,1,70,,6486,34,0,26,1,30,,18693,34,0,26,1,70,,6337,34,0,26,1,30,,18705,34,0,26,1,70,,18697,34,0,26,1,100,,18696,34,0,26,1,100,,18688,34,0,26,1,100,,18700,34,0,26,1,100,,18707,34,0,26,1,100,,18698,34,0,26,1
41201,'5',1827,,18711,34,0,26,1,100,,18709,34,0,26,1,100,,2728,34,0,26,1,100,,18712,34,0,26,1,100,,18713,34,0,26,1,100,,18710,34,0,26,1
41201,'6',1827,,18717,34,0,26,1,100,,18714,34,0,26,1,100,,18715,34,0,26,1,100,,18718,34,0,26,1,100,,18719,34,0,26,1,100,,18716,34,0,26,1
