30900,'11',618,,28116,7,,,1,30,,28102,7,,,1,70,,28118,7,,,1,30,,22716,7,,,1,70,,28109,7,,,1,30,,28117,7,,,1,70,,28105,7,,,1,30,,28112,7,,,1,71,,28114,7,,,1,30,,28099,7,,,1,70,,28104,7,,,1,30,,28100,7,,,1,70,,28108,7,,,1,30,,28106,7,,,1,70,,28110,7,,,1,30,,28098,7,,,1,71,,28115,7,,,1,30,,28101,7,,,1,70,,28097,7,,,1,30,,28113,7,,,1,70,,28103,7,,,1,30,,28111,7,,,1,70,,28107,7,,,1
30900,'3',618,,28138,7,,,1,30,,28124,7,,,1,70,,28140,7,,,1,30,,22738,7,,,1,70,,28131,7,,,1,30,,28139,7,,,1,70,,28127,7,,,1,30,,28134,7,,,1,71,,28136,7,,,1,30,,28121,7,,,1,70,,28126,7,,,1,30,,28122,7,,,1,70,,28130,7,,,1,30,,28128,7,,,1,70,,28132,7,,,1,30,,28120,7,,,1,71,,28137,7,,,1,30,,28123,7,,,1,70,,28119,7,,,1,30,,28135,7,,,1,70,,28125,7,,,1,30,,28133,7,,,1,70,,28129,7,,,1
31200,'11',603,,28358,7,0,23,1,30,,23821,7,0,23,1,70,,28365,7,0,23,1,30,,24737,7,0,23,1,70,,28364,7,0,23,1,30,,28363,7,0,23,1,70,,28361,7,0,23,1,30,,28360,7,0,23,1,70,,28374,7,0,23,1,30,,22542,7,0,23,1,70,,28367,7,0,23,1,30,,28371,7,0,23,1,70,,28372,7,0,23,1,30,,28366,7,0,23,1,70,,21453,7,0,23,1,30,,28362,7,0,23,1,72,,23245,7,0,23,1,30,,28357,7,0,23,1,70,,28373,7,0,23,1,30,,28369,7,0,23,1,70,,23948,7,0,23,1,30,,28368,7,0,23,1,70,,26411,7,0,23,1,30,,28359,7,0,23,1,70,,28370,7,0,23,1
31200,'3',603,,28376,7,0,23,1,30,,23839,7,0,23,1,70,,28383,7,0,23,1,30,,24838,7,0,23,1,70,,28382,7,0,23,1,30,,28381,7,0,23,1,70,,28379,7,0,23,1,30,,28378,7,0,23,1,70,,28392,7,0,23,1,30,,22560,7,0,23,1,70,,28385,7,0,23,1,30,,28389,7,0,23,1,70,,28390,7,0,23,1,30,,28384,7,0,23,1,70,,21493,7,0,23,1,30,,28380,7,0,23,1,72,,23268,7,0,23,1,30,,28375,7,0,23,1,70,,28391,7,0,23,1,30,,28387,7,0,23,1,70,,23952,7,0,23,1,30,,28386,7,0,23,1,70,,26471,7,0,23,1,30,,28377,7,0,23,1,70,,28388,7,0,23,1
40900,'1',648,,30954,7,0,23,1,70,,30948,7,0,23,1,30,,30950,7,0,23,1,70,,30946,7,0,23,1,30,,30945,7,0,23,1,70,,30962,7,0,23,1,30,,30939,7,0,23,1,70,,26672,7,0,23,1,30,,22521,7,0,23,1,70,,30961,7,0,23,1,30,,30949,7,0,23,1,70,,30960,7,0,23,1,30,,30942,7,0,23,1,70,,30943,7,0,23,1,30,,30964,7,0,23,1,70,,30956,7,0,23,1,30,,30941,7,0,23,1,70,,30959,7,0,23,1,30,,30951,7,0,23,1,70,,30953,7,0,23,1,30,,30963,7,0,23,1,70,,30955,7,0,23,1,30,,30947,7,0,23,1,100,,21683,7,0,23,1,100,,30952,7,0,23,1,100,,30940,7,0,23,1,100,,30957,7,0,23,1,100,,30958,7,0,23,1,100,,30944,7,0,23,1
40900,'11',1748,,30968,7,0,23,1,100,,30970,7,0,23,1,100,,30971,7,0,23,1,100,,30965,7,0,23,1,100,,30969,7,0,23,1,100,,30966,7,0,23,1,100,,30967,7,0,23,1
40900,'12',1048,,27297,7,0,23,1,100,,30978,7,0,23,1,100,,30976,7,0,23,1,100,,30977,7,0,23,1,100,,30973,7,0,23,1,100,,30972,7,0,23,1,100,,30975,7,0,23,1,100,,30974,7,0,23,1
40900,'14',648,,26189,7,0,23,1,70,,30989,7,0,23,1,30,,26547,7,0,23,1,70,,30987,7,0,23,1,30,,30986,7,0,23,1,70,,31002,7,0,23,1,30,,30979,7,0,23,1,70,,30985,7,0,23,1,30,,30993,7,0,23,1,70,,31001,7,0,23,1,30,,30990,7,0,23,1,70,,31000,7,0,23,1,30,,30982,7,0,23,1,70,,30983,7,0,23,1,30,,31004,7,0,23,1,70,,30996,7,0,23,1,30,,30981,7,0,23,1,70,,30999,7,0,23,1,30,,30991,7,0,23,1,70,,26114,7,0,23,1,30,,31003,7,0,23,1,70,,30995,7,0,23,1,30,,30988,7,0,23,1,100,,30994,7,0,23,1,100,,30992,7,0,23,1,100,,30980,7,0,23,1,100,,30997,7,0,23,1,100,,30998,7,0,23,1,100,,30984,7,0,23,1
40900,'3',1748,,31008,7,0,23,1,100,,31010,7,0,23,1,100,,31011,7,0,23,1,100,,31005,7,0,23,1,100,,31009,7,0,23,1,100,,31006,7,0,23,1,100,,31007,7,0,23,1
40900,'8',848,,31020,7,0,23,1,170,,31013,7,0,23,1,30,,31017,7,0,23,1,70,,31022,7,0,23,1,30,,31024,7,0,23,1,70,,31014,7,0,23,1,30,,31025,7,0,23,1,100,,31023,7,0,23,1,70,,26059,7,0,23,1,30,,25334,7,0,23,1,70,,31016,7,0,23,1,30,,31019,7,0,23,1,70,,31015,7,0,23,1,30,,26141,7,0,23,1,70,,31012,7,0,23,1,30,,31021,7,0,23,1,100,,24648,7,0,23,1,100,,31018,7,0,23,1
