'1',20260320,0,20260320,2,20260327,0,20260327,2,20260403,0,20260403,1,20260410,0,20260410,2,20260417,0,20260417,2,20260424,0,20260424,2
'10',20260321,0,20260321,2,20260328,0,20260328,2,20260404,0,20260404,2,20260411,0,20260411,1,20260418,0,20260418,1,20260425,0,20260425,2
'12',20260315,0,20260322,0,20260329,0,20260405,0,20260412,0,20260419,0
'15',20260319,0,20260319,2,20260326,0,20260326,2,20260402,0,20260402,2,20260409,0,20260409,2,20260416,0,20260416,2,20260423,0,20260423,1
'16',20260316,0,20260316,2,20260317,0,20260317,2,20260318,0,20260318,2,20260319,0,20260319,2,20260323,0,20260323,2,20260324,0,20260324,2,20260325,0,20260325,2,20260326,0,20260326,2,20260330,0,20260330,2,20260331,0,20260331,2,20260401,0,20260401,2,20260402,0,20260402,2,20260406,0,20260406,2,20260407,0,20260407,2,20260408,0,20260408,2,20260409,0,20260409,1,20260413,0,20260413,1,20260414,0,20260414,1,20260415,0,20260415,1,20260416,0,20260416,1,20260420,0,20260420,1,20260421,0,20260421,1,20260422,0,20260422,1,20260423,0,20260423,2
'17',20260320,0,20260320,2,20260327,0,20260327,2,20260403,0,20260403,2,20260410,0,20260417,0,20260424,0,20260424,2
'19',20260320,0,20260320,1,20260327,0,20260327,1,20260403,0,20260403,2,20260410,0,20260410,2,20260417,0,20260417,2,20260424,0,20260424,2
'21',20260321,0,20260328,0,20260404,0,20260411,0,20260411,2,20260418,0,20260418,2,20260425,0
'5',20260316,0,20260317,0,20260318,0,20260319,0,20260323,0,20260324,0,20260325,0,20260326,0,20260330,0,20260331,0,20260401,0,20260402,0,20260406,0,20260407,0,20260408,0,20260409,0,20260409,2,20260413,0,20260413,2,20260414,0,20260414,2,20260415,0,20260415,2,20260416,0,20260416,2,20260420,0,20260420,2,20260421,0,20260421,2,20260422,0,20260422,2,20260423,0,20260423,2
'6',20260320,0,20260320,2,20260327,0,20260327,2,20260403,0,20260403,2,20260410,0,20260410,2,20260417,0,20260417,2,20260424,0,20260424,1
