30500,'12',618,,33679,9,0,58,1,30,,33670,9,0,58,1,70,,33691,9,0,58,1,30,,33683,9,0,58,1,70,,33675,9,0,58,1,30,,33684,9,0,58,1,70,,33685,9,0,58,1,30,,33687,9,0,58,1,70,,33688,9,0,58,1,30,,33680,9,0,58,1,70,,33689,9,0,58,1,30,,33671,9,0,58,1,70,,33681,9,0,58,1,30,,33673,9,0,58,1,70,,33669,9,0,58,1,30,,33692,9,0,58,1,70,,33682,9,0,58,1,30,,33690,9,0,58,1,70,,33672,9,0,58,1,30,,33686,9,0,58,1,70,,33674,9,0,58,1,30,,33677,9,0,58,1,70,,33678,9,0,58,1
30500,'13',618,,33703,9,0,58,1,30,,33694,9,0,58,1,70,,33714,9,0,58,1,30,,33707,9,0,58,1,70,,33699,9,0,58,1,30,,33708,9,0,58,1,70,,33709,9,0,58,1,30,,33711,9,0,58,1,70,,33712,9,0,58,1,30,,33704,9,0,58,1,70,,28111,9,0,58,1,30,,33695,9,0,58,1,70,,33705,9,0,58,1,30,,33697,9,0,58,1,70,,33693,9,0,58,1,30,,33715,9,0,58,1,70,,33706,9,0,58,1,30,,33713,9,0,58,1,70,,33696,9,0,58,1,30,,33710,9,0,58,1,70,,33698,9,0,58,1,30,,33701,9,0,58,1,70,,33702,9,0,58,1
30500,'3',618,,33726,9,0,58,1,30,,33717,9,0,58,1,70,,33737,9,0,58,1,30,,33730,9,0,58,1,70,,33722,9,0,58,1,30,,33731,9,0,58,1,70,,33732,9,0,58,1,30,,33734,9,0,58,1,70,,33735,9,0,58,1,30,,33727,9,0,58,1,70,,28133,9,0,58,1,30,,33718,9,0,58,1,70,,33728,9,0,58,1,30,,33720,9,0,58,1,70,,33716,9,0,58,1,30,,33738,9,0,58,1,70,,33729,9,0,58,1,30,,33736,9,0,58,1,70,,33719,9,0,58,1,30,,33733,9,0,58,1,70,,33721,9,0,58,1,30,,33724,9,0,58,1,70,,33725,9,0,58,1
30500,'6',618,,33749,9,0,58,1,30,,33740,9,0,58,1,70,,33761,9,0,58,1,30,,33753,9,0,58,1,70,,33745,9,0,58,1,30,,33754,9,0,58,1,70,,33755,9,0,58,1,30,,33757,9,0,58,1,70,,33758,9,0,58,1,30,,33750,9,0,58,1,70,,33759,9,0,58,1,30,,33741,9,0,58,1,70,,33751,9,0,58,1,30,,33743,9,0,58,1,70,,33739,9,0,58,1,30,,33762,9,0,58,1,70,,33752,9,0,58,1,30,,33760,9,0,58,1,70,,33742,9,0,58,1,30,,33756,9,0,58,1,70,,33744,9,0,58,1,30,,33747,9,0,58,1,70,,33748,9,0,58,1
41200,'1',618,,39797,9,0,23,1,30,,39789,9,0,23,1,70,,39787,9,0,23,1,30,,39793,9,0,23,1,70,,39796,9,0,23,1,30,,39784,9,0,23,1,70,,39788,9,0,23,1,30,,32721,9,0,23,1,70,,39786,9,0,23,1,30,,39803,9,0,23,1,70,,39806,9,0,23,1,30,,39804,9,0,23,1,70,,39795,9,0,23,1,30,,39780,9,0,23,1,70,,39802,9,0,23,1,30,,39791,9,0,23,1,70,,39792,9,0,23,1,30,,39783,9,0,23,1,70,,39801,9,0,23,1,30,,39798,9,0,23,1,70,,39794,9,0,23,1,30,,39799,9,0,23,1,70,,39782,9,0,23,1,30,,39790,9,0,23,1,70,,39781,9,0,23,1,100,,39805,9,0,23,1,100,,31127,9,0,23,1,100,,39800,9,0,23,1,100,,39785,9,0,23,1,100,,32572,9,0,23,1
41200,'11',618,,39825,9,0,23,1,30,,39817,9,0,23,1,70,,39815,9,0,23,1,30,,39821,9,0,23,1,70,,39809,9,0,23,1,30,,39812,9,0,23,1,70,,39816,9,0,23,1,30,,39834,9,0,23,1,70,,39814,9,0,23,1,30,,39831,9,0,23,1,70,,39836,9,0,23,1,30,,39832,9,0,23,1,70,,39823,9,0,23,1,30,,39807,9,0,23,1,70,,39830,9,0,23,1,30,,39819,9,0,23,1,70,,39820,9,0,23,1,30,,39811,9,0,23,1,70,,39829,9,0,23,1,30,,39826,9,0,23,1,70,,39822,9,0,23,1,30,,39827,9,0,23,1,70,,39810,9,0,23,1,30,,39818,9,0,23,1,70,,39808,9,0,23,1,100,,39835,9,0,23,1,100,,39833,9,0,23,1,100,,39828,9,0,23,1,100,,39813,9,0,23,1,100,,39824,9,0,23,1
41200,'12',1818,,39841,9,0,23,1,100,,39842,9,0,23,1,100,,39837,9,0,23,1,100,,39840,9,0,23,1,100,,39839,9,0,23,1,100,,39838,9,0,23,1
41200,'13',1818,,31821,9,0,23,1,100,,39847,9,0,23,1,100,,39843,9,0,23,1,100,,39846,9,0,23,1,100,,39845,9,0,23,1,100,,39844,9,0,23,1
41200,'14',1118,,39853,9,0,23,1,100,,39849,9,0,23,1,100,,39848,9,0,23,1,100,,31369,9,0,23,1,100,,39852,9,0,23,1,100,,39850,9,0,23,1,100,,39851,9,0,23,1
41200,'16',618,,39872,9,0,23,1,30,,39863,9,0,23,1,70,,39861,9,0,23,1,30,,39867,9,0,23,1,70,,39870,9,0,23,1,30,,39858,9,0,23,1,70,,39862,9,0,23,1,30,,39880,9,0,23,1,70,,39860,9,0,23,1,30,,39878,9,0,23,1,70,,39882,9,0,23,1,30,,39879,9,0,23,1,70,,39869,9,0,23,1,30,,39854,9,0,23,1,70,,39877,9,0,23,1,30,,39865,9,0,23,1,70,,39866,9,0,23,1,30,,39857,9,0,23,1,70,,39876,9,0,23,1,30,,39873,9,0,23,1,70,,39868,9,0,23,1,30,,39874,9,0,23,1,70,,39856,9,0,23,1,30,,39864,9,0,23,1,70,,39855,9,0,23,1,100,,39881,9,0,23,1,100,,31152,9,0,23,1,100,,39875,9,0,23,1,100,,39859,9,0,23,1,100,,39871,9,0,23,1
41200,'3',1818,,31880,9,0,23,1,100,,39887,9,0,23,1,100,,39883,9,0,23,1,100,,39886,9,0,23,1,100,,39885,9,0,23,1,100,,39884,9,0,23,1
41200,'6',1818,,39892,9,0,23,1,100,,39893,9,0,23,1,100,,39888,9,0,23,1,100,,39891,9,0,23,1,100,,39890,9,0,23,1,100,,39889,9,0,23,1
41200,'8',918,,39901,9,0,23,1,100,,39904,9,0,23,1,30,,39903,9,0,23,1,70,,39909,9,0,23,1,30,,39906,9,0,23,1,70,,39911,9,0,23,1,30,,39895,9,0,23,1,70,,39896,9,0,23,1,30,,39908,9,0,23,1,70,,32740,9,0,23,1,30,,39910,9,0,23,1,70,,39894,9,0,23,1,30,,39898,9,0,23,1,70,,39902,9,0,23,1,30,,39899,9,0,23,1,70,,39900,9,0,23,1,30,,39905,9,0,23,1,70,,39897,9,0,23,1,100,,39907,9,0,23,1
