31501,'12',603,,35338,6,0,20 14 35 26,1,30,,35351,6,0,20 14 35 26,1,70,,35346,6,0,20 14 35 26,1,30,,35345,6,0,20 14 35 26,1,70,,35343,6,0,20 14 35 26,1,30,,35344,6,0,20 14 35 26,1,70,,35347,6,0,20 14 35 26,1,30,,35350,6,0,20 14 35 26,1,70,,35339,6,0,20 14 35 26,1,30,,35348,6,0,20 14 35 26,1,70,,35354,6,0,20 14 35 26,1,30,,35358,6,0,20 14 35 26,1,70,,35353,6,0,20 14 35 26,1,30,,35360,6,0,20 14 35 26,1,70,,35352,6,0,20 14 35 26,1,30,,35341,6,0,20 14 35 26,1,70,,35349,6,0,20 14 35 26,1,30,,35356,6,0,20 14 35 26,1,70,,35342,6,0,20 14 35 26,1,30,,35340,6,0,20 14 35 26,1,70,,35357,6,0,20 14 35 26,1,30,,35355,6,0,20 14 35 26,1,70,,35359,6,0,20 14 35 26,1,30,,35337,6,0,20 14 35 26,1
31501,'13',603,,35362,6,0,20 14 35 26,1,30,,21901,6,0,20 14 35 26,1,70,,35368,6,0,20 14 35 26,1,30,,35367,6,0,20 14 35 26,1,70,,35365,6,0,20 14 35 26,1,30,,35366,6,0,20 14 35 26,1,70,,35369,6,0,20 14 35 26,1,30,,35372,6,0,20 14 35 26,1,70,,28189,6,0,20 14 35 26,1,30,,35370,6,0,20 14 35 26,1,70,,28508,6,0,20 14 35 26,1,30,,35377,6,0,20 14 35 26,1,70,,35373,6,0,20 14 35 26,1,30,,35379,6,0,20 14 35 26,1,70,,27564,6,0,20 14 35 26,1,30,,35364,6,0,20 14 35 26,1,70,,35371,6,0,20 14 35 26,1,30,,35375,6,0,20 14 35 26,1,70,,27339,6,0,20 14 35 26,1,30,,35363,6,0,20 14 35 26,1,70,,35376,6,0,20 14 35 26,1,30,,35374,6,0,20 14 35 26,1,70,,35378,6,0,20 14 35 26,1,30,,35361,6,0,20 14 35 26,1
31501,'3',603,,35381,6,0,20 14 35 26,1,30,,21925,6,0,20 14 35 26,1,70,,35387,6,0,20 14 35 26,1,30,,35386,6,0,20 14 35 26,1,70,,35384,6,0,20 14 35 26,1,30,,35385,6,0,20 14 35 26,1,70,,35388,6,0,20 14 35 26,1,30,,35391,6,0,20 14 35 26,1,70,,28210,6,0,20 14 35 26,1,30,,35389,6,0,20 14 35 26,1,70,,28532,6,0,20 14 35 26,1,30,,35396,6,0,20 14 35 26,1,70,,35392,6,0,20 14 35 26,1,30,,35398,6,0,20 14 35 26,1,70,,27586,6,0,20 14 35 26,1,30,,35383,6,0,20 14 35 26,1,70,,35390,6,0,20 14 35 26,1,30,,35394,6,0,20 14 35 26,1,70,,27377,6,0,20 14 35 26,1,30,,35382,6,0,20 14 35 26,1,70,,35395,6,0,20 14 35 26,1,30,,35393,6,0,20 14 35 26,1,70,,35397,6,0,20 14 35 26,1,30,,35380,6,0,20 14 35 26,1
31501,'6',603,,35400,6,0,20 14 35 26,1,30,,35413,6,0,20 14 35 26,1,70,,35408,6,0,20 14 35 26,1,30,,35407,6,0,20 14 35 26,1,70,,35405,6,0,20 14 35 26,1,30,,35406,6,0,20 14 35 26,1,70,,35409,6,0,20 14 35 26,1,30,,35412,6,0,20 14 35 26,1,70,,35401,6,0,20 14 35 26,1,30,,35410,6,0,20 14 35 26,1,70,,35416,6,0,20 14 35 26,1,30,,35420,6,0,20 14 35 26,1,70,,35415,6,0,20 14 35 26,1,30,,35422,6,0,20 14 35 26,1,70,,35414,6,0,20 14 35 26,1,30,,35403,6,0,20 14 35 26,1,70,,35411,6,0,20 14 35 26,1,30,,35418,6,0,20 14 35 26,1,70,,35404,6,0,20 14 35 26,1,30,,35402,6,0,20 14 35 26,1,70,,35419,6,0,20 14 35 26,1,30,,35417,6,0,20 14 35 26,1,70,,35421,6,0,20 14 35 26,1,30,,35399,6,0,20 14 35 26,1
41501,'1',648,,40301,6,0,20 14 34,1,70,,40294,6,0,20 14 34,1,30,,40288,6,0,20 14 34,1,70,,40304,6,0,20 14 34,1,30,,40293,6,0,20 14 34,1,70,,40286,6,0,20 14 34,1,30,,40289,6,0,20 14 34,1,70,,40302,6,0,20 14 34,1,30,,31128,6,0,20 14 34,1,70,,40284,6,0,20 14 34,1,30,,40297,6,0,20 14 34,1,70,,40281,6,0,20 14 34,1,30,,40300,6,0,20 14 34,1,70,,40280,6,0,20 14 34,1,30,,40303,6,0,20 14 34,1,70,,40278,6,0,20 14 34,1,30,,40287,6,0,20 14 34,1,70,,40290,6,0,20 14 34,1,30,,40296,6,0,20 14 34,1,70,,40292,6,0,20 14 34,1,30,,40282,6,0,20 14 34,1,70,,40298,6,0,20 14 34,1,30,,29652,6,0,20 14 34,1,70,,40283,6,0,20 14 34,1,100,,40291,6,0,20 14 34,1,100,,40285,6,0,20 14 34,1,100,,40295,6,0,20 14 34,1,100,,40299,6,0,20 14 34,1,100,,40279,6,0,20 14 34,1
41501,'11',648,,40329,6,0,20 14 34,1,70,,40322,6,0,20 14 34,1,30,,40316,6,0,20 14 34,1,70,,40333,6,0,20 14 34,1,30,,40321,6,0,20 14 34,1,70,,40314,6,0,20 14 34,1,30,,40317,6,0,20 14 34,1,70,,40330,6,0,20 14 34,1,30,,40331,6,0,20 14 34,1,70,,40312,6,0,20 14 34,1,30,,40325,6,0,20 14 34,1,70,,40308,6,0,20 14 34,1,30,,40328,6,0,20 14 34,1,70,,40307,6,0,20 14 34,1,30,,40332,6,0,20 14 34,1,70,,40305,6,0,20 14 34,1,30,,40315,6,0,20 14 34,1,70,,40318,6,0,20 14 34,1,30,,40324,6,0,20 14 34,1,70,,40320,6,0,20 14 34,1,30,,40310,6,0,20 14 34,1,70,,40326,6,0,20 14 34,1,30,,40309,6,0,20 14 34,1,70,,40311,6,0,20 14 34,1,100,,40319,6,0,20 14 34,1,100,,40313,6,0,20 14 34,1,100,,40323,6,0,20 14 34,1,100,,40327,6,0,20 14 34,1,100,,40306,6,0,20 14 34,1
41501,'12',1803,,40338,6,0,20 14 34,1,30,,40334,6,0,20 14 34,1,85,,40336,6,0,20 14 34,1,100,,40340,6,0,20 14 34,1,100,,40335,6,0,20 14 34,1,100,,40337,6,0,20 14 34,1,100,,40339,6,0,20 14 34,1
41501,'13',1803,,40345,6,0,20 14 34,1,30,,40341,6,0,20 14 34,1,85,,40343,6,0,20 14 34,1,100,,40347,6,0,20 14 34,1,100,,40342,6,0,20 14 34,1,100,,40344,6,0,20 14 34,1,100,,40346,6,0,20 14 34,1
41501,'14',1118,,40349,6,0,20 14 34,1,100,,40352,6,0,20 14 34,1,100,,40353,6,0,20 14 34,1,100,,40351,6,0,20 14 34,1,100,,40350,6,0,20 14 34,1,100,,40354,6,0,20 14 34,1,100,,40348,6,0,20 14 34,1
41501,'16',648,,40378,6,0,20 14 34,1,70,,40371,6,0,20 14 34,1,30,,40365,6,0,20 14 34,1,70,,40381,6,0,20 14 34,1,30,,40370,6,0,20 14 34,1,70,,40363,6,0,20 14 34,1,30,,40366,6,0,20 14 34,1,70,,40379,6,0,20 14 34,1,30,,31153,6,0,20 14 34,1,70,,40361,6,0,20 14 34,1,30,,40374,6,0,20 14 34,1,70,,40358,6,0,20 14 34,1,30,,40377,6,0,20 14 34,1,70,,40357,6,0,20 14 34,1,30,,40380,6,0,20 14 34,1,70,,40355,6,0,20 14 34,1,30,,40364,6,0,20 14 34,1,70,,40367,6,0,20 14 34,1,30,,40373,6,0,20 14 34,1,70,,40369,6,0,20 14 34,1,30,,40359,6,0,20 14 34,1,70,,40375,6,0,20 14 34,1,30,,26926,6,0,20 14 34,1,70,,40360,6,0,20 14 34,1,100,,40368,6,0,20 14 34,1,100,,40362,6,0,20 14 34,1,100,,40372,6,0,20 14 34,1,100,,40376,6,0,20 14 34,1,100,,40356,6,0,20 14 34,1
41501,'3',1803,,40386,6,0,20 14 34,1,30,,40382,6,0,20 14 34,1,85,,40384,6,0,20 14 34,1,100,,40388,6,0,20 14 34,1,100,,40383,6,0,20 14 34,1,100,,40385,6,0,20 14 34,1,100,,40387,6,0,20 14 34,1
41501,'6',1803,,40393,6,0,20 14 34,1,30,,40389,6,0,20 14 34,1,85,,40391,6,0,20 14 34,1,100,,40395,6,0,20 14 34,1,100,,40390,6,0,20 14 34,1,100,,40392,6,0,20 14 34,1,100,,40394,6,0,20 14 34,1
41501,'8',1018,,40400,6,0,20 14 34,1,30,,40408,6,0,20 14 34,1,70,,40403,6,0,20 14 34,1,30,,40401,6,0,20 14 34,1,70,,40410,6,0,20 14 34,1,100,,40407,6,0,20 14 34,1,30,,40398,6,0,20 14 34,1,70,,40404,6,0,20 14 34,1,100,,40402,6,0,20 14 34,1,30,,40406,6,0,20 14 34,1,70,,40409,6,0,20 14 34,1,30,,31323,6,0,20 14 34,1,70,,40396,6,0,20 14 34,1,30,,40397,6,0,20 14 34,1,70,,40405,6,0,20 14 34,1,100,,40399,6,0,20 14 34,1
