30800,'1',609,,1544,19,0,59,1,30,,1543,19,0,59,1,70,,1545,19,0,59,1,30,,1560,19,0,59,1,70,,1547,19,0,59,1,30,,1542,19,0,59,1,70,,1550,19,0,59,1,30,,1561,19,0,59,1,70,,1563,19,0,59,1,30,,1558,19,0,59,1,70,,1564,19,0,59,1,30,,1553,19,0,59,1,70,,1549,19,0,59,1,30,,1548,19,0,59,1,70,,1552,19,0,59,1,30,,1541,19,0,59,1,69,,1562,19,0,59,1,33,,1559,19,0,59,1,70,,1551,19,0,59,1,30,,1546,19,0,59,1,70,,1555,19,0,59,1,30,,1556,19,0,59,1,70,,1554,19,0,59,1,30,,1557,19,0,59,1
30800,'10',609,,1568,19,0,59,1,30,,1567,19,0,59,1,70,,1569,19,0,59,1,30,,1584,19,0,59,1,70,,1571,19,0,59,1,30,,1566,19,0,59,1,70,,1574,19,0,59,1,30,,1585,19,0,59,1,70,,1587,19,0,59,1,30,,1582,19,0,59,1,70,,1588,19,0,59,1,30,,1577,19,0,59,1,70,,1573,19,0,59,1,30,,1572,19,0,59,1,70,,1576,19,0,59,1,30,,1565,19,0,59,1,69,,1586,19,0,59,1,33,,1583,19,0,59,1,70,,1575,19,0,59,1,30,,1570,19,0,59,1,70,,1579,19,0,59,1,30,,1580,19,0,59,1,70,,1578,19,0,59,1,30,,1581,19,0,59,1
30800,'11',609,,1592,19,0,59,1,30,,1591,19,0,59,1,70,,1593,19,0,59,1,30,,1606,19,0,59,1,70,,1595,19,0,59,1,30,,1590,19,0,59,1,70,,1599,19,0,59,1,30,,1607,19,0,59,1,70,,1609,19,0,59,1,30,,1604,19,0,59,1,70,,1612,19,0,59,1,30,,1601,19,0,59,1,70,,1597,19,0,59,1,30,,1596,19,0,59,1,70,,1600,19,0,59,1,30,,1589,19,0,59,1,69,,1608,19,0,59,1,33,,1605,19,0,59,1,70,,1611,19,0,59,1,30,,1594,19,0,59,1,70,,1598,19,0,59,1,30,,1602,19,0,59,1,70,,1610,19,0,59,1,30,,1603,19,0,59,1
30800,'3',609,,1616,19,0,59,1,30,,1615,19,0,59,1,70,,1617,19,0,59,1,30,,1630,19,0,59,1,70,,1619,19,0,59,1,30,,1614,19,0,59,1,70,,1623,19,0,59,1,30,,1631,19,0,59,1,70,,1633,19,0,59,1,30,,1628,19,0,59,1,70,,1636,19,0,59,1,30,,1625,19,0,59,1,70,,1621,19,0,59,1,30,,1620,19,0,59,1,70,,1624,19,0,59,1,30,,1613,19,0,59,1,69,,1632,19,0,59,1,33,,1629,19,0,59,1,70,,1635,19,0,59,1,30,,1618,19,0,59,1,70,,1622,19,0,59,1,30,,1626,19,0,59,1,70,,1634,19,0,59,1,30,,1627,19,0,59,1
40800,'1',1753,,6610,19,0,60 61,1,100,,6605,19,0,60 61,1,100,,6611,19,0,60 61,1,100,,6609,19,0,60 61,1,100,,6606,19,0,60 61,1,100,,6608,19,0,60 61,1,100,,6607,19,0,60 61,1
40800,'10',1753,,6617,19,0,60 61,1,100,,6612,19,0,60 61,1,100,,6618,19,0,60 61,1,100,,6616,19,0,60 61,1,100,,6613,19,0,60 61,1,100,,6615,19,0,60 61,1,100,,6614,19,0,60 61,1
40800,'11',1753,,6624,19,0,60 61,1,100,,6619,19,0,60 61,1,100,,6625,19,0,60 61,1,100,,6623,19,0,60 61,1,100,,6620,19,0,60 61,1,100,,6622,19,0,60 61,1,100,,6621,19,0,60 61,1
40800,'12',1053,,6631,19,0,60 61,1,100,,6627,19,0,60 61,1,100,,6630,19,0,60 61,1,100,,6629,19,0,60 61,1,100,,6632,19,0,60 61,1,100,,6628,19,0,60 61,1,100,,6633,19,0,60 61,1,100,,6626,19,0,60 61,1
40800,'14',623,,6649,19,0,60 61,1,30,,6656,19,0,60 61,1,70,,6657,19,0,60 61,1,30,,6648,19,0,60 61,1,70,,6662,19,0,60 61,1,30,,6641,19,0,60 61,1,70,,6634,19,0,60 61,1,30,,6639,19,0,60 61,1,70,,6642,19,0,60 61,1,30,,6638,19,0,60 61,1,70,,6635,19,0,60 61,1,30,,6637,19,0,60 61,1,70,,6655,19,0,60 61,1,30,,6660,19,0,60 61,1,70,,6659,19,0,60 61,1,30,,6645,19,0,60 61,1,70,,6658,19,0,60 61,1,30,,6654,19,0,60 61,1,70,,6636,19,0,60 61,1,30,,6661,19,0,60 61,1,70,,6647,19,0,60 61,1,30,,6646,19,0,60 61,1,70,,6651,19,0,60 61,1,30,,6652,19,0,60 61,1,100,,6640,19,0,60 61,1,100,,6650,19,0,60 61,1,100,,6663,19,0,60 61,1,100,,6643,19,0,60 61,1,100,,6644,19,0,60 61,1,100,,6653,19,0,60 61,1
40800,'3',1753,,6669,19,0,60 61,1,100,,6664,19,0,60 61,1,100,,6670,19,0,60 61,1,100,,6668,19,0,60 61,1,100,,6665,19,0,60 61,1,100,,6667,19,0,60 61,1,100,,6666,19,0,60 61,1
40800,'7',853,,6682,19,0,60 61,1,100,,6680,19,0,60 61,1,70,,6676,19,0,60 61,1,30,,6687,19,0,60 61,1,70,,6671,19,0,60 61,1,30,,6681,19,0,60 61,1,70,,6672,19,0,60 61,1,30,,6677,19,0,60 61,1,70,,6684,19,0,60 61,1,30,,6674,19,0,60 61,1,70,,6689,19,0,60 61,1,30,,6688,19,0,60 61,1,70,,6685,19,0,60 61,1,30,,6679,19,0,60 61,1,70,,6675,19,0,60 61,1,30,,6690,19,0,60 61,1,70,,6678,19,0,60 61,1,30,,6673,19,0,60 61,1,100,,6683,19,0,60 61,1,100,,6686,19,0,60 61,1
