31801,'12',616,,36057,30,0,45 50,1,30,,36068,30,0,45 50,1,71,,36059,30,0,45 50,1,30,,36064,30,0,45 50,1,70,,36069,30,0,45 50,1,30,,36076,30,0,45 50,1,70,,36071,30,0,45 50,1,30,,36058,30,0,45 50,1,71,,36078,30,0,45 50,1,30,,36075,30,0,45 50,1,70,,36062,30,0,45 50,1,30,,36060,30,0,45 50,1,70,,36067,30,0,45 50,1,30,,36077,30,0,45 50,1,70,,36065,30,0,45 50,1,30,,36074,30,0,45 50,1,68,,36066,30,0,45 50,1,30,,36070,30,0,45 50,1,70,,36063,30,0,45 50,1,30,,36072,30,0,45 50,1,70,,36073,30,0,45 50,1,30,,36061,30,0,45 50,1,70,,36053,30,0,45 50,1,30,,36056,30,0,45 50,1,73,,36055,30,0,45 50,1,28,,36054,30,0,45 50,1
31801,'13',616,,36083,30,0,45 50,1,30,,36092,30,0,45 50,1,71,,36085,30,0,45 50,1,30,,36089,30,0,45 50,1,70,,36093,30,0,45 50,1,30,,36099,30,0,45 50,1,70,,36095,30,0,45 50,1,30,,36084,30,0,45 50,1,71,,36101,30,0,45 50,1,30,,36098,30,0,45 50,1,70,,21825,30,0,45 50,1,30,,36086,30,0,45 50,1,70,,36091,30,0,45 50,1,30,,36100,30,0,45 50,1,70,,9655,30,0,45 50,1,30,,28819,30,0,45 50,1,68,,36090,30,0,45 50,1,30,,36094,30,0,45 50,1,70,,36088,30,0,45 50,1,30,,36096,30,0,45 50,1,70,,36097,30,0,45 50,1,30,,36087,30,0,45 50,1,70,,36079,30,0,45 50,1,30,,36082,30,0,45 50,1,73,,36081,30,0,45 50,1,28,,36080,30,0,45 50,1
31801,'3',616,,36106,30,0,45 50,1,30,,36115,30,0,45 50,1,71,,36108,30,0,45 50,1,30,,36112,30,0,45 50,1,70,,36116,30,0,45 50,1,30,,36122,30,0,45 50,1,70,,36118,30,0,45 50,1,30,,36107,30,0,45 50,1,71,,36124,30,0,45 50,1,30,,36121,30,0,45 50,1,70,,21848,30,0,45 50,1,30,,36109,30,0,45 50,1,70,,36114,30,0,45 50,1,30,,36123,30,0,45 50,1,70,,9697,30,0,45 50,1,30,,28842,30,0,45 50,1,68,,36113,30,0,45 50,1,30,,36117,30,0,45 50,1,70,,36111,30,0,45 50,1,30,,36119,30,0,45 50,1,70,,36120,30,0,45 50,1,30,,36110,30,0,45 50,1,70,,36102,30,0,45 50,1,30,,36105,30,0,45 50,1,73,,36104,30,0,45 50,1,28,,36103,30,0,45 50,1
31801,'6',616,,36129,30,0,45 50,1,30,,36140,30,0,45 50,1,71,,36131,30,0,45 50,1,30,,36136,30,0,45 50,1,70,,36141,30,0,45 50,1,30,,36148,30,0,45 50,1,70,,36143,30,0,45 50,1,30,,36130,30,0,45 50,1,71,,36150,30,0,45 50,1,30,,36147,30,0,45 50,1,70,,36134,30,0,45 50,1,30,,36132,30,0,45 50,1,70,,36139,30,0,45 50,1,30,,36149,30,0,45 50,1,70,,36137,30,0,45 50,1,30,,36146,30,0,45 50,1,68,,36138,30,0,45 50,1,30,,36142,30,0,45 50,1,70,,36135,30,0,45 50,1,30,,36144,30,0,45 50,1,70,,36145,30,0,45 50,1,30,,36133,30,0,45 50,1,70,,36125,30,0,45 50,1,30,,36128,30,0,45 50,1,73,,36127,30,0,45 50,1,28,,36126,30,0,45 50,1
41801,'1',632,,41138,30,0,45 50,1,70,,41133,30,0,45 50,1,30,,41141,30,0,45 50,1,70,,41144,30,0,45 50,1,30,,41131,30,0,45 50,1,70,,41145,30,0,45 50,1,30,,41140,30,0,45 50,1,70,,41132,30,0,45 50,1,31,,41154,30,0,45 50,1,70,,41136,30,0,45 50,1,30,,41137,30,0,45 50,1,70,,41155,30,0,45 50,1,30,,41148,30,0,45 50,1,70,,32507,30,0,45 50,1,30,,29113,30,0,45 50,1,70,,41146,30,0,45 50,1,30,,41142,30,0,45 50,1,70,,41143,30,0,45 50,1,30,,41151,30,0,45 50,1,70,,41150,30,0,45 50,1,30,,41147,30,0,45 50,1,70,,41153,30,0,45 50,1,30,,31460,30,0,45 50,1,70,,41135,30,0,45 50,1,30,,41152,30,0,45 50,1,70,,41134,30,0,45 50,1,99,,41139,30,0,45 50,1,100,,30259,30,0,45 50,1,100,,41149,30,0,45 50,1,100,,29424,30,0,45 50,1
41801,'11',632,,41165,30,0,45 50,1,70,,41159,30,0,45 50,1,30,,41168,30,0,45 50,1,70,,41171,30,0,45 50,1,30,,41157,30,0,45 50,1,70,,41173,30,0,45 50,1,30,,41167,30,0,45 50,1,70,,41158,30,0,45 50,1,31,,41184,30,0,45 50,1,70,,41162,30,0,45 50,1,30,,41163,30,0,45 50,1,70,,41185,30,0,45 50,1,30,,41176,30,0,45 50,1,70,,41172,30,0,45 50,1,30,,41164,30,0,45 50,1,70,,41174,30,0,45 50,1,30,,41169,30,0,45 50,1,70,,41170,30,0,45 50,1,30,,41180,30,0,45 50,1,70,,41179,30,0,45 50,1,30,,41175,30,0,45 50,1,70,,41182,30,0,45 50,1,30,,41156,30,0,45 50,1,70,,41161,30,0,45 50,1,30,,41181,30,0,45 50,1,70,,41160,30,0,45 50,1,99,,41166,30,0,45 50,1,100,,41183,30,0,45 50,1,100,,41178,30,0,45 50,1,100,,41177,30,0,45 50,1
41801,'12',1903,,41188,30,0,45 50,1,99,,41186,30,0,45 50,1,100,,41190,30,0,45 50,1,100,,41189,30,0,45 50,1,100,,41187,30,0,45 50,1
41801,'13',1903,,41193,30,0,45 50,1,99,,41191,30,0,45 50,1,100,,41195,30,0,45 50,1,100,,41194,30,0,45 50,1,100,,41192,30,0,45 50,1
41801,'14',1203,,41200,30,0,45 50,1,100,,41197,30,0,45 50,1,100,,41198,30,0,45 50,1,100,,41201,30,0,45 50,1,100,,41196,30,0,45 50,1,100,,41199,30,0,45 50,1,100,,41202,30,0,45 50,1
41801,'16',632,,41210,30,0,45 50,1,70,,41205,30,0,45 50,1,30,,41213,30,0,45 50,1,70,,41216,30,0,45 50,1,30,,41203,30,0,45 50,1,70,,41218,30,0,45 50,1,30,,41212,30,0,45 50,1,70,,41204,30,0,45 50,1,31,,41227,30,0,45 50,1,70,,41208,30,0,45 50,1,30,,41209,30,0,45 50,1,70,,41228,30,0,45 50,1,30,,41221,30,0,45 50,1,70,,41217,30,0,45 50,1,30,,29137,30,0,45 50,1,70,,41219,30,0,45 50,1,30,,41214,30,0,45 50,1,70,,41215,30,0,45 50,1,30,,41224,30,0,45 50,1,70,,41223,30,0,45 50,1,30,,41220,30,0,45 50,1,70,,41226,30,0,45 50,1,30,,31476,30,0,45 50,1,70,,41207,30,0,45 50,1,30,,41225,30,0,45 50,1,70,,41206,30,0,45 50,1,99,,41211,30,0,45 50,1,100,,30300,30,0,45 50,1,100,,41222,30,0,45 50,1,100,,29543,30,0,45 50,1
41801,'3',1903,,41231,30,0,45 50,1,99,,41229,30,0,45 50,1,100,,41233,30,0,45 50,1,100,,41232,30,0,45 50,1,100,,41230,30,0,45 50,1
41801,'6',1903,,41236,30,0,45 50,1,99,,41234,30,0,45 50,1,100,,41238,30,0,45 50,1,100,,41237,30,0,45 50,1,100,,41235,30,0,45 50,1
41801,'8',902,,41247,30,0,45 50,1,100,,41243,30,0,45 50,1,101,,41246,30,0,45 50,1,30,,41239,30,0,45 50,1,70,,41254,30,0,45 50,1,30,,41248,30,0,45 50,1,70,,41257,30,0,45 50,1,30,,41242,30,0,45 50,1,70,,41253,30,0,45 50,1,30,,41252,30,0,45 50,1,70,,41240,30,0,45 50,1,30,,41241,30,0,45 50,1,70,,41255,30,0,45 50,1,30,,41256,30,0,45 50,1,70,,41245,30,0,45 50,1,30,,41258,30,0,45 50,1,70,,41249,30,0,45 50,1,30,,41250,30,0,45 50,1,70,,41244,30,0,45 50,1,99,,41251,30,0,45 50,1
