31201,'12',638,,35035,8,,,1,70,,35034,8,,,1,30,,35040,8,,,1,70,,35024,8,,,1,30,,35044,8,,,1,70,,35039,8,,,1,30,,35042,8,,,1,70,,35038,8,,,1,30,,35032,8,,,1,70,,35041,8,,,1,30,,35037,8,,,1,70,,35043,8,,,1,30,,35025,8,,,1,70,,35036,8,,,1,30,,35028,8,,,1,70,,35045,8,,,1,41,,35027,8,,,1,70,,35030,8,,,1,30,,35031,8,,,1,70,,35026,8,,,1,30,,35023,8,,,1,70,,35029,8,,,1,30,,35033,8,,,1
31201,'13',638,,29247,8,,,1,70,,35056,8,,,1,30,,29475,8,,,1,70,,35047,8,,,1,30,,35064,8,,,1,70,,35060,8,,,1,30,,35062,8,,,1,70,,35059,8,,,1,30,,35054,8,,,1,70,,35061,8,,,1,30,,35058,8,,,1,70,,35063,8,,,1,30,,35048,8,,,1,70,,35057,8,,,1,30,,35051,8,,,1,70,,35065,8,,,1,41,,35050,8,,,1,70,,35052,8,,,1,30,,35053,8,,,1,70,,35049,8,,,1,30,,35046,8,,,1,70,,24711,8,,,1,30,,35055,8,,,1
31201,'3',638,,29266,8,,,1,70,,35076,8,,,1,30,,29596,8,,,1,70,,35067,8,,,1,30,,35084,8,,,1,70,,35080,8,,,1,30,,35082,8,,,1,70,,35079,8,,,1,30,,35074,8,,,1,70,,35081,8,,,1,30,,35078,8,,,1,70,,35083,8,,,1,30,,35068,8,,,1,70,,35077,8,,,1,30,,35071,8,,,1,70,,35085,8,,,1,41,,35070,8,,,1,70,,35072,8,,,1,30,,35073,8,,,1,70,,35069,8,,,1,30,,35066,8,,,1,70,,24815,8,,,1,30,,35075,8,,,1
31201,'6',638,,35098,8,,,1,70,,35097,8,,,1,30,,35103,8,,,1,70,,35087,8,,,1,30,,35107,8,,,1,70,,35102,8,,,1,30,,35105,8,,,1,70,,35101,8,,,1,30,,35095,8,,,1,70,,35104,8,,,1,30,,35100,8,,,1,70,,35106,8,,,1,30,,35088,8,,,1,70,,35099,8,,,1,30,,35091,8,,,1,70,,35108,8,,,1,41,,35090,8,,,1,70,,35093,8,,,1,30,,35094,8,,,1,70,,35089,8,,,1,30,,35086,8,,,1,70,,35092,8,,,1,30,,35096,8,,,1
41201,'1',613,,39929,8,0,68,1,30,,39924,8,0,68,1,70,,39914,8,0,68,1,30,,39933,8,0,68,1,70,,39918,8,0,68,1,30,,31492,8,0,68,1,70,,39913,8,0,68,1,30,,39928,8,0,68,1,70,,39930,8,0,68,1,30,,39916,8,0,68,1,70,,39919,8,0,68,1,30,,39931,8,0,68,1,70,,39920,8,0,68,1,30,,39922,8,0,68,1,70,,39939,8,0,68,1,30,,39923,8,0,68,1,70,,39921,8,0,68,1,30,,39937,8,0,68,1,70,,39926,8,0,68,1,30,,39912,8,0,68,1,70,,39936,8,0,68,1,30,,39935,8,0,68,1,70,,39938,8,0,68,1,30,,39932,8,0,68,1,70,,39925,8,0,68,1,100,,39927,8,0,68,1,100,,31591,8,0,68,1,100,,39917,8,0,68,1,100,,39934,8,0,68,1,100,,39915,8,0,68,1
41201,'11',613,,39959,8,0,68,1,30,,39953,8,0,68,1,70,,39942,8,0,68,1,30,,39963,8,0,68,1,70,,39947,8,0,68,1,30,,39943,8,0,68,1,70,,39941,8,0,68,1,30,,39958,8,0,68,1,70,,39960,8,0,68,1,30,,39945,8,0,68,1,70,,39948,8,0,68,1,30,,39961,8,0,68,1,70,,39949,8,0,68,1,30,,39951,8,0,68,1,70,,39969,8,0,68,1,30,,39952,8,0,68,1,70,,39950,8,0,68,1,30,,39967,8,0,68,1,70,,39955,8,0,68,1,30,,39940,8,0,68,1,70,,39966,8,0,68,1,30,,39965,8,0,68,1,70,,39968,8,0,68,1,30,,39962,8,0,68,1,70,,39954,8,0,68,1,100,,39957,8,0,68,1,100,,39956,8,0,68,1,100,,39946,8,0,68,1,100,,39964,8,0,68,1,100,,39944,8,0,68,1
41201,'12',1813,,39971,8,0,68,1,100,,39972,8,0,68,1,100,,39975,8,0,68,1,100,,39973,8,0,68,1,100,,39970,8,0,68,1,100,,39974,8,0,68,1
41201,'13',1813,,24112,8,0,68,1,100,,27610,8,0,68,1,100,,39979,8,0,68,1,100,,39977,8,0,68,1,100,,39976,8,0,68,1,100,,39978,8,0,68,1
41201,'14',1113,,39986,8,0,68,1,100,,39987,8,0,68,1,100,,39984,8,0,68,1,100,,39982,8,0,68,1,100,,39981,8,0,68,1,100,,39985,8,0,68,1,100,,39980,8,0,68,1,100,,39983,8,0,69 29,1
41201,'16',613,,40005,8,0,68,1,30,,40000,8,0,68,1,70,,39990,8,0,68,1,30,,40009,8,0,68,1,70,,39994,8,0,68,1,30,,31532,8,0,68,1,70,,39989,8,0,68,1,30,,40004,8,0,68,1,70,,40006,8,0,68,1,30,,39992,8,0,68,1,70,,39995,8,0,68,1,30,,40007,8,0,68,1,70,,39996,8,0,68,1,30,,39998,8,0,68,1,70,,40015,8,0,68,1,30,,39999,8,0,68,1,70,,39997,8,0,68,1,30,,40013,8,0,68,1,70,,40002,8,0,68,1,30,,39988,8,0,68,1,70,,40012,8,0,68,1,30,,40011,8,0,68,1,70,,40014,8,0,68,1,30,,40008,8,0,68,1,70,,40001,8,0,68,1,100,,40003,8,0,68,1,100,,31627,8,0,68,1,100,,39993,8,0,68,1,100,,40010,8,0,68,1,100,,39991,8,0,68,1
41201,'3',1813,,24124,8,0,68,1,100,,27633,8,0,68,1,100,,40019,8,0,68,1,100,,40017,8,0,68,1,100,,40016,8,0,68,1,100,,40018,8,0,68,1
41201,'6',1813,,40021,8,0,68,1,100,,40022,8,0,68,1,100,,40025,8,0,68,1,100,,40023,8,0,68,1,100,,40020,8,0,68,1,100,,40024,8,0,68,1
41201,'8',913,,40044,8,0,68,1,100,,40026,8,0,68,1,30,,40034,8,0,68,1,70,,40029,8,0,68,1,30,,40038,8,0,68,1,70,,40031,8,0,68,1,30,,40039,8,0,68,1,70,,40028,8,0,68,1,30,,40037,8,0,68,1,70,,30497,8,0,68,1,30,,40036,8,0,68,1,70,,40027,8,0,68,1,30,,40035,8,0,68,1,70,,40030,8,0,68,1,30,,40041,8,0,68,1,70,,40033,8,0,68,1,30,,40032,8,0,68,1,70,,40040,8,0,68,1,100,,40042,8,0,68,1,100,,40043,8,0,68,1
