30801,'12',645,,34328,27,0,64 38,1,70,,34314,27,0,64 38,1,30,,34325,27,0,64 38,1,70,,34324,27,0,64 38,1,30,,34307,27,0,64 38,1,70,,34326,27,0,64 38,1,30,,34312,27,0,64 38,1,70,,34316,27,0,64 38,1,30,,34329,27,0,64 38,1,70,,34322,27,0,64 38,1,30,,34319,27,0,64 38,1,70,,34309,27,0,64 38,1,30,,34310,27,0,64 38,1,70,,34318,27,0,64 38,1,30,,34313,27,0,64 38,1,70,,34315,27,0,64 38,1,40,,34317,27,0,64 38,1,70,,34308,27,0,64 38,1,30,,34311,27,0,64 38,1,70,,34320,27,0,64 38,1,30,,34323,27,0,64 38,1,70,,34327,27,0,64 38,1,30,,34321,27,0,64 38,1
30801,'13',645,,34346,27,0,64 38,1,70,,34334,27,0,64 38,1,30,,34344,27,0,64 38,1,70,,34343,27,0,64 38,1,30,,28358,27,0,64 38,1,70,,34345,27,0,64 38,1,30,,29463,27,0,64 38,1,70,,34336,27,0,64 38,1,30,,34347,27,0,64 38,1,70,,34342,27,0,64 38,1,30,,34339,27,0,64 38,1,70,,28145,27,0,64 38,1,30,,34331,27,0,64 38,1,70,,34338,27,0,64 38,1,30,,34333,27,0,64 38,1,70,,34335,27,0,64 38,1,40,,34337,27,0,64 38,1,70,,34330,27,0,64 38,1,30,,34332,27,0,64 38,1,70,,34340,27,0,64 38,1,30,,27448,27,0,64 38,1,70,,29291,27,0,64 38,1,30,,34341,27,0,64 38,1
30801,'3',645,,34364,27,0,64 38,1,70,,34352,27,0,64 38,1,30,,34362,27,0,64 38,1,70,,34361,27,0,64 38,1,30,,28376,27,0,64 38,1,70,,34363,27,0,64 38,1,30,,29584,27,0,64 38,1,70,,34354,27,0,64 38,1,30,,34365,27,0,64 38,1,70,,34360,27,0,64 38,1,30,,34357,27,0,64 38,1,70,,28167,27,0,64 38,1,30,,34349,27,0,64 38,1,70,,34356,27,0,64 38,1,30,,34351,27,0,64 38,1,70,,34353,27,0,64 38,1,40,,34355,27,0,64 38,1,70,,34348,27,0,64 38,1,30,,34350,27,0,64 38,1,70,,34358,27,0,64 38,1,30,,27497,27,0,64 38,1,70,,29310,27,0,64 38,1,30,,34359,27,0,64 38,1
30801,'6',645,,34387,27,0,64 38,1,70,,34373,27,0,64 38,1,30,,34384,27,0,64 38,1,70,,34383,27,0,64 38,1,30,,34366,27,0,64 38,1,70,,34385,27,0,64 38,1,30,,34371,27,0,64 38,1,70,,34375,27,0,64 38,1,30,,34388,27,0,64 38,1,70,,34381,27,0,64 38,1,30,,34378,27,0,64 38,1,70,,34368,27,0,64 38,1,30,,34369,27,0,64 38,1,70,,34377,27,0,64 38,1,30,,34372,27,0,64 38,1,70,,34374,27,0,64 38,1,40,,34376,27,0,64 38,1,70,,34367,27,0,64 38,1,30,,34370,27,0,64 38,1,70,,34379,27,0,64 38,1,30,,34382,27,0,64 38,1,70,,34386,27,0,64 38,1,30,,34380,27,0,64 38,1
33700,'1',715,,36993,21,,,1,30,,37006,21,,,1,70,,37000,21,,,1,30,,37011,21,,,1,70,,36982,21,,,1,30,,37002,21,,,1,70,,37025,21,,,1,30,,36994,21,,,1,70,,37007,21,,,1,30,,36997,21,,,1,70,,36992,21,,,1,30,,37009,21,,,1,70,,37016,21,,,1,30,,36988,21,,,1,70,,37024,21,,,1,30,,37027,21,,,1,70,,37014,21,,,1,30,,36995,21,,,1,70,,36983,21,,,1,30,,37004,21,,,1,70,,36991,21,,,1,30,,36996,21,,,1,70,,36986,21,,,1,30,,37022,21,,,1,70,,31991,21,,,1
33700,'11',715,,37041,21,,,1,30,,37056,21,,,1,70,,37049,21,,,1,30,,37061,21,,,1,70,,37029,21,,,1,30,,37051,21,,,1,70,,37075,21,,,1,30,,37042,21,,,1,70,,37057,21,,,1,30,,37046,21,,,1,70,,37040,21,,,1,30,,37059,21,,,1,70,,37066,21,,,1,30,,37036,21,,,1,70,,37074,21,,,1,30,,37077,21,,,1,70,,37064,21,,,1,30,,37043,21,,,1,70,,37030,21,,,1,30,,37053,21,,,1,70,,37039,21,,,1,30,,37044,21,,,1,70,,37034,21,,,1,30,,37072,21,,,1,70,,37033,21,,,1
33700,'12',645,,37100,21,,,1,70,,37111,21,,,1,30,,37082,21,,,1,70,,37089,21,,,1,30,,37103,21,,,1,70,,37090,21,,,1,30,,37116,21,,,1,70,,37087,21,,,1,30,,37104,21,,,1,70,,37097,21,,,1,30,,37079,21,,,1,70,,37088,21,,,1,30,,37109,21,,,1,70,,37124,21,,,1,30,,37094,21,,,1,70,,37095,21,,,1,30,,37122,21,,,1,70,,37102,21,,,1,30,,37119,21,,,1,70,,37113,21,,,1,30,,37099,21,,,1,70,,37101,21,,,1,30,,37117,21,,,1,70,,37114,21,,,1,30,,37080,21,,,1
33700,'13',645,,37145,21,,,1,70,,37154,21,,,1,30,,37132,21,,,1,70,,37136,21,,,1,30,,29323,21,,,1,70,,37137,21,,,1,30,,37156,21,,,1,70,,29041,21,,,1,30,,37147,21,,,1,70,,37142,21,,,1,30,,37129,21,,,1,70,,28682,21,,,1,30,,37152,21,,,1,70,,37163,21,,,1,30,,37140,21,,,1,70,,37141,21,,,1,30,,37161,21,,,1,70,,27428,21,,,1,30,,37159,21,,,1,70,,29162,21,,,1,30,,37144,21,,,1,70,,37146,21,,,1,30,,37157,21,,,1,70,,32600,21,,,1,30,,37130,21,,,1
33700,'14',1115,,37187,21,,,1,30,,37176,21,,,1,70,,37191,21,,,1,30,,37178,21,,,1,70,,37184,21,,,1,30,,37189,21,,,1,70,,37171,21,,,1,30,,37186,21,,,1,70,,37167,21,,,1,30,,37179,21,,,1,70,,37185,21,,,1,30,,37180,21,,,1,70,,37173,21,,,1,30,,37172,21,,,1,70,,37182,21,,,1
33700,'16',715,,37208,21,,,1,30,,37221,21,,,1,70,,37215,21,,,1,30,,37226,21,,,1,70,,37197,21,,,1,30,,37217,21,,,1,70,,37240,21,,,1,30,,37209,21,,,1,70,,37222,21,,,1,30,,37212,21,,,1,70,,37207,21,,,1,30,,37224,21,,,1,70,,37231,21,,,1,30,,37203,21,,,1,70,,37239,21,,,1,30,,37242,21,,,1,70,,37229,21,,,1,30,,37210,21,,,1,70,,37198,21,,,1,30,,37219,21,,,1,70,,37206,21,,,1,30,,37211,21,,,1,70,,37201,21,,,1,30,,37237,21,,,1,70,,32029,21,,,1
33700,'3',645,,37260,21,,,1,70,,37269,21,,,1,30,,37247,21,,,1,70,,37251,21,,,1,30,,29344,21,,,1,70,,37252,21,,,1,30,,37271,21,,,1,70,,29047,21,,,1,30,,37262,21,,,1,70,,37257,21,,,1,30,,37244,21,,,1,70,,28726,21,,,1,30,,37267,21,,,1,70,,37278,21,,,1,30,,37255,21,,,1,70,,37256,21,,,1,30,,37276,21,,,1,70,,27477,21,,,1,30,,37274,21,,,1,70,,29172,21,,,1,30,,37259,21,,,1,70,,37261,21,,,1,30,,37272,21,,,1,70,,32607,21,,,1,30,,37245,21,,,1
33700,'6',645,,37304,21,,,1,70,,37315,21,,,1,30,,37286,21,,,1,70,,37293,21,,,1,30,,37307,21,,,1,70,,37294,21,,,1,30,,37320,21,,,1,70,,37291,21,,,1,30,,37308,21,,,1,70,,37301,21,,,1,30,,37283,21,,,1,70,,37292,21,,,1,30,,37313,21,,,1,70,,37328,21,,,1,30,,37298,21,,,1,70,,37299,21,,,1,30,,37326,21,,,1,70,,37306,21,,,1,30,,37323,21,,,1,70,,37317,21,,,1,30,,37303,21,,,1,70,,37305,21,,,1,30,,37321,21,,,1,70,,37318,21,,,1,30,,37284,21,,,1
33700,'8',1145,,37337,21,,,1,70,,37340,21,,,1,30,,37352,21,,,1,70,,37343,21,,,1,30,,37344,21,,,1,70,,29852,21,,,1,30,,37359,21,,,1,70,,37333,21,,,1,30,,37346,21,,,1,70,,37348,21,,,1,30,,37358,21,,,1,70,,37354,21,,,1,30,,37355,21,,,1,70,,37334,21,,,1,30,,37335,21,,,1
40801,'1',659,,39214,27,0,64 38,1,71,,39212,27,0,64 38,1,70,,31913,27,0,64 38,1,30,,39216,27,0,64 38,1,70,,22901,27,0,64 38,1,30,,39218,27,0,64 38,1,70,,39232,27,0,64 38,1,30,,39229,27,0,64 38,1,70,,39223,27,0,64 38,1,30,,39222,27,0,64 38,1,70,,39220,27,0,64 38,1,30,,39226,27,0,64 38,1,70,,39235,27,0,64 38,1,30,,39230,27,0,64 38,1,70,,39221,27,0,64 38,1,30,,39211,27,0,64 38,1,70,,39227,27,0,64 38,1,30,,39215,27,0,64 38,1,70,,39225,27,0,64 38,1,30,,39219,27,0,64 38,1,70,,39213,27,0,64 38,1,30,,39236,27,0,64 38,1,70,,39233,27,0,64 38,1,30,,39234,27,0,64 38,1,99,,39231,27,0,64 38,1,100,,39217,27,0,64 38,1,100,,39237,27,0,64 38,1,100,,39228,27,0,64 38,1,100,,39224,27,0,64 38,1
40801,'11',659,,39242,27,0,64 38,1,71,,39240,27,0,64 38,1,70,,39238,27,0,64 38,1,30,,39244,27,0,64 38,1,70,,39258,27,0,64 38,1,30,,39246,27,0,64 38,1,70,,39261,27,0,64 38,1,30,,39257,27,0,64 38,1,70,,39251,27,0,64 38,1,30,,39250,27,0,64 38,1,70,,39248,27,0,64 38,1,30,,39254,27,0,64 38,1,70,,39264,27,0,64 38,1,30,,39259,27,0,64 38,1,70,,39249,27,0,64 38,1,30,,39239,27,0,64 38,1,70,,39255,27,0,64 38,1,30,,39243,27,0,64 38,1,70,,39253,27,0,64 38,1,30,,39247,27,0,64 38,1,70,,39241,27,0,64 38,1,30,,39265,27,0,64 38,1,70,,39262,27,0,64 38,1,30,,39263,27,0,64 38,1,99,,39260,27,0,64 38,1,100,,39245,27,0,64 38,1,100,,39266,27,0,64 38,1,100,,39256,27,0,64 38,1,100,,39252,27,0,64 38,1
40801,'12',1830,,39267,27,0,64 38,1,99,,39272,27,0,64 38,1,100,,39270,27,0,64 38,1,100,,39268,27,0,64 38,1,100,,39269,27,0,64 38,1,100,,39271,27,0,64 38,1
40801,'13',1830,,39273,27,0,64 38,1,99,,39278,27,0,64 38,1,100,,39276,27,0,64 38,1,100,,39274,27,0,64 38,1,100,,39275,27,0,64 38,1,100,,39277,27,0,64 38,1
40801,'14',1130,,39282,27,0,64 38,1,100,,39280,27,0,64 38,1,100,,39281,27,0,64 38,1,100,,39285,27,0,64 38,1,100,,39283,27,0,64 38,1,100,,39279,27,0,64 38,1,100,,39284,27,0,64 38,1
40801,'16',659,,39289,27,0,64 38,1,71,,39287,27,0,64 38,1,70,,31950,27,0,64 38,1,30,,39291,27,0,64 38,1,70,,32045,27,0,64 38,1,30,,39293,27,0,64 38,1,70,,39307,27,0,64 38,1,30,,39304,27,0,64 38,1,70,,39298,27,0,64 38,1,30,,39297,27,0,64 38,1,70,,39295,27,0,64 38,1,30,,39301,27,0,64 38,1,70,,39310,27,0,64 38,1,30,,39305,27,0,64 38,1,70,,39296,27,0,64 38,1,30,,39286,27,0,64 38,1,70,,39302,27,0,64 38,1,30,,39290,27,0,64 38,1,70,,39300,27,0,64 38,1,30,,39294,27,0,64 38,1,70,,39288,27,0,64 38,1,30,,39311,27,0,64 38,1,70,,39308,27,0,64 38,1,30,,39309,27,0,64 38,1,99,,39306,27,0,64 38,1,100,,39292,27,0,64 38,1,100,,39312,27,0,64 38,1,100,,39303,27,0,64 38,1,100,,39299,27,0,64 38,1
40801,'3',1830,,39313,27,0,64 38,1,99,,39318,27,0,64 38,1,100,,39316,27,0,64 38,1,100,,39314,27,0,64 38,1,100,,39315,27,0,64 38,1,100,,39317,27,0,64 38,1
40801,'6',1830,,39319,27,0,64 38,1,99,,39324,27,0,64 38,1,100,,39322,27,0,64 38,1,100,,39320,27,0,64 38,1,100,,39321,27,0,64 38,1,100,,39323,27,0,64 38,1
40801,'8',930,,39331,27,0,64 38,1,100,,39335,27,0,64 38,1,70,,32236,27,0,64 38,1,30,,39326,27,0,64 38,1,70,,39341,27,0,64 38,1,30,,39332,27,0,64 38,1,70,,39339,27,0,64 38,1,30,,39333,27,0,64 38,1,70,,30587,27,0,64 38,1,30,,39336,27,0,64 38,1,70,,39325,27,0,64 38,1,30,,39338,27,0,64 38,1,70,,39327,27,0,64 38,1,30,,39330,27,0,64 38,1,70,,39337,27,0,64 38,1,30,,39334,27,0,64 38,1,70,,39329,27,0,64 38,1,30,,39328,27,0,64 38,1,99,,39340,27,0,64 38,1
43700,'1',1932,,41864,13,,,1,100,,41858,13,,,1,100,,41865,13,,,1,100,,41859,13,,,1,100,,41860,13,,,1
43700,'11',1932,,41874,13,,,1,100,,41867,13,,,1,100,,41875,13,,,1,100,,41868,13,,,1,100,,41869,13,,,1
43700,'12',1932,,41877,13,,,1,100,,41885,13,,,1,100,,41879,13,,,1,100,,41883,13,,,1,100,,41882,13,,,1
43700,'13',1932,,41887,13,,,1,100,,41894,13,,,1,100,,41889,13,,,1,100,,27816,13,,,1,100,,41892,13,,,1
43700,'16',1932,,41902,13,,,1,100,,41896,13,,,1,100,,41903,13,,,1,100,,41897,13,,,1,100,,41898,13,,,1
43700,'3',1932,,41905,13,,,1,100,,41912,13,,,1,100,,41907,13,,,1,100,,27839,13,,,1,100,,41910,13,,,1
43700,'6',1932,,41914,13,,,1,100,,41922,13,,,1,100,,41916,13,,,1,100,,41920,13,,,1,100,,41919,13,,,1
