32101,'12',710,,36378,6,0,56,1,100,,36376,6,0,56,1,100,,36374,6,0,56,1,100,,36371,6,0,56,1,100,,36380,6,0,56,1,100,,36372,6,0,56,1,100,,36370,6,0,56,1,100,,36377,6,0,56,1,100,,36369,6,0,56,1,100,,36379,6,0,56,1,100,,36375,6,0,56,1,100,,36373,6,0,56,1
32101,'13',810,,36384,6,0,56,1,100,,28026,6,0,56,1,100,,36382,6,0,56,1,400,,36385,6,0,56,1,100,,36381,6,0,56,1,100,,36386,6,0,56,1,100,,36383,6,0,56,1
32101,'3',810,,36390,6,0,56,1,100,,28049,6,0,56,1,100,,36388,6,0,56,1,400,,36391,6,0,56,1,100,,36387,6,0,56,1,100,,36392,6,0,56,1,100,,36389,6,0,56,1
32101,'6',710,,36402,6,0,56,1,100,,36400,6,0,56,1,100,,36398,6,0,56,1,100,,36395,6,0,56,1,100,,36404,6,0,56,1,100,,36396,6,0,56,1,100,,36394,6,0,56,1,100,,36401,6,0,56,1,100,,36393,6,0,56,1,100,,36403,6,0,56,1,100,,36399,6,0,56,1,100,,36397,6,0,56,1
33100,'12',734,,36630,6,0,55,1,100,,36626,6,0,55,1,100,,36632,6,0,55,1,100,,36627,6,0,55,1,100,,36624,6,0,55,1,100,,36628,6,0,55,1,100,,36631,6,0,55,1,100,,36633,6,0,55,1,100,,36629,6,0,55,1,100,,36623,6,0,55,1,100,,36625,6,0,55,1
42101,'11',710,,41572,6,0,56,1,100,,41571,6,0,56,1,100,,41580,6,0,56,1,100,,41569,6,0,56,1,100,,41578,6,0,56,1,100,,41565,6,0,56,1,100,,41570,6,0,56,1,100,,41576,6,0,56,1,100,,41581,6,0,56,1,100,,41568,6,0,56,1,100,,41567,6,0,56,1,100,,41574,6,0,56,1,100,,41566,6,0,56,1,100,,41577,6,0,56,1,100,,41573,6,0,56,1,100,,41579,6,0,56,1,100,,41575,6,0,56,1
42101,'12',1910,,41584,6,0,56,1,100,,41582,6,0,56,1,100,,41585,6,0,56,1,100,,41583,6,0,56,1,100,,41586,6,0,56,1
42101,'6',1910,,41589,6,0,56,1,100,,41587,6,0,56,1,100,,41590,6,0,56,1,100,,41588,6,0,56,1,100,,41591,6,0,56,1
43100,'1',733,,41671,6,0,55,1,100,,41674,6,0,55,1,100,,30687,6,0,55,1,101,,41663,6,0,55,1,100,,41665,6,0,55,1,100,,41662,6,0,55,1,100,,41666,6,0,55,1,100,,41668,6,0,55,1,100,,41672,6,0,55,1,100,,30950,6,0,55,1,100,,41669,6,0,55,1,100,,41673,6,0,55,1,100,,41664,6,0,55,1,100,,41670,6,0,55,1,100,,41675,6,0,55,1,100,,41667,6,0,55,1
43100,'12',1834,,41678,6,0,55,1,100,,41680,6,0,55,1,100,,41676,6,0,55,1,100,,41679,6,0,55,1,100,,41681,6,0,55,1,100,,41677,6,0,55,1
