30200,'1',629,,5770,0,11,1,30,,5775,0,11,1,70,,5768,0,11,1,30,,5771,0,11,1,70,,5772,0,11,1,30,,5777,0,11,1,70,,5763,0,11,1,30,,5773,0,11,1,73,,5760,0,11,1,70,,5766,0,11,1,30,,5782,0,11,1,70,,5774,0,11,1,30,,5779,0,11,1,70,,5781,0,11,1,30,,5776,0,11,1,70,,5764,0,11,1,29,,5762,0,11,1,70,,5761,0,11,1,30,,5765,0,11,1,70,,5767,0,11,1,30,,5769,0,11,1,70,,5780,0,11,1,30,,5778,0,11,1
30200,'10',629,,5793,0,11,1,30,,5798,0,11,1,70,,5791,0,11,1,30,,5794,0,11,1,70,,5795,0,11,1,30,,5800,0,11,1,70,,5786,0,11,1,30,,5796,0,11,1,73,,5783,0,11,1,70,,5789,0,11,1,30,,5805,0,11,1,70,,5797,0,11,1,30,,5802,0,11,1,70,,5804,0,11,1,30,,5799,0,11,1,70,,5787,0,11,1,29,,5785,0,11,1,70,,5784,0,11,1,30,,5788,0,11,1,70,,5790,0,11,1,30,,5792,0,11,1,70,,5803,0,11,1,30,,5801,0,11,1
30200,'11',629,,2774,0,11,1,30,,903,0,11,1,70,,5813,0,11,1,30,,5815,0,11,1,70,,1044,0,11,1,30,,5818,0,11,1,70,,5809,0,11,1,30,,2403,0,11,1,73,,5806,0,11,1,70,,5811,0,11,1,30,,722,0,11,1,70,,5816,0,11,1,30,,5820,0,11,1,70,,5821,0,11,1,30,,5817,0,11,1,70,,5810,0,11,1,29,,5808,0,11,1,70,,5807,0,11,1,30,,2535,0,11,1,70,,5812,0,11,1,30,,5814,0,11,1,70,,3407,0,11,1,30,,5819,0,11,1
30200,'3',629,,2727,0,11,1,30,,880,0,11,1,70,,5829,0,11,1,30,,5830,0,11,1,70,,1018,0,11,1,30,,5833,0,11,1,70,,5825,0,11,1,30,,2385,0,11,1,73,,5822,0,11,1,70,,5827,0,11,1,30,,699,0,11,1,70,,5831,0,11,1,30,,5835,0,11,1,70,,5836,0,11,1,30,,5832,0,11,1,70,,5826,0,11,1,29,,5824,0,11,1,70,,5823,0,11,1,30,,2511,0,11,1,70,,5828,0,11,1,30,,2619,0,11,1,70,,3357,0,11,1,30,,5834,0,11,1
40200,'1',1759,,10865,0,13 14,1,100,,10861,0,13 14,1,98,,10863,0,13 14,1,100,,10866,0,13 14,1,100,,10862,0,13 14,1,100,,10864,0,13 14,1
40200,'10',1759,,10871,0,13 14,1,100,,10867,0,13 14,1,98,,10869,0,13 14,1,100,,10872,0,13 14,1,100,,10868,0,13 14,1,100,,10870,0,13 14,1
40200,'11',1759,,10876,0,13 14,1,100,,1883,0,13 14,1,98,,10874,0,13 14,1,100,,10877,0,13 14,1,100,,10873,0,13 14,1,100,,10875,0,13 14,1
40200,'12',1059,,10882,0,13 14,1,100,,10885,0,13 14,1,100,,10878,0,13 14,1,100,,10879,0,13 14,1,100,,10883,0,13 14,1,100,,10881,0,13 14,1,100,,10884,0,13 14,1,100,,10880,0,13 14,1
40200,'14',629,,10908,0,13 14,1,30,,10894,0,13 14,1,70,,10890,0,13 14,1,30,,10907,0,13 14,1,70,,10909,0,13 14,1,30,,4491,0,13 14,1,70,,10895,0,13 14,1,30,,10902,0,13 14,1,70,,10889,0,13 14,1,30,,10893,0,13 14,1,70,,10888,0,13 14,1,30,,3597,0,13 14,1,70,,4411,0,13 14,1,30,,10886,0,13 14,1,70,,10897,0,13 14,1,30,,10899,0,13 14,1,70,,10896,0,13 14,1,30,,10906,0,13 14,1,70,,10904,0,13 14,1,30,,10901,0,13 14,1,70,,10887,0,13 14,1,30,,4228,0,13 14,1,70,,10891,0,13 14,1,30,,10905,0,13 14,1,100,,10903,0,13 14,1,98,,10898,0,13 14,1,100,,10900,0,13 14,1,100,,4040,0,13 14,1,100,,10892,0,13 14,1
40200,'3',1759,,10913,0,13 14,1,100,,1857,0,13 14,1,98,,10911,0,13 14,1,100,,10914,0,13 14,1,100,,10910,0,13 14,1,100,,10912,0,13 14,1
40200,'7',859,,4855,0,13 14,1,100,,10928,0,13 14,1,70,,10930,0,13 14,1,30,,10926,0,13 14,1,70,,10916,0,13 14,1,30,,10931,0,13 14,1,70,,10921,0,13 14,1,30,,10922,0,13 14,1,70,,10924,0,13 14,1,30,,10932,0,13 14,1,70,,10927,0,13 14,1,30,,4361,0,13 14,1,70,,10915,0,13 14,1,30,,10919,0,13 14,1,70,,10925,0,13 14,1,30,,10929,0,13 14,1,70,,10918,0,13 14,1,30,,10917,0,13 14,1,100,,10923,0,13 14,1,98,,10920,0,13 14,1
