32100,'15',648,,14121,14,0,53,1,90,,14115,14,0,53,1,100,,14123,14,0,53,1,100,,14125,14,0,53,1,100,,14120,14,0,53,1,100,,14119,14,0,53,1,100,,14116,14,0,53,1,100,,14124,14,0,53,1,100,,14122,14,0,53,1,100,,14114,14,0,53,1,100,,14118,14,0,53,1,100,,14117,14,0,53,1
32100,'16',648,,14130,14,0,53,1,90,,14126,14,0,53,1,100,,1005,14,0,53,1,100,,14133,14,0,53,1,100,,5261,14,0,53,1,100,,14129,14,0,53,1,100,,14127,14,0,53,1,100,,14132,14,0,53,1,100,,14128,14,0,53,1,100,,14131,14,0,53,1,100,,14135,14,0,53,1,100,,14134,14,0,53,1
32100,'17',648,,14140,14,0,53,1,90,,14136,14,0,53,1,100,,1029,14,0,53,1,100,,14143,14,0,53,1,100,,5311,14,0,53,1,100,,14139,14,0,53,1,100,,14137,14,0,53,1,100,,14142,14,0,53,1,100,,14138,14,0,53,1,100,,14141,14,0,53,1,100,,14145,14,0,53,1,100,,14144,14,0,53,1
32100,'19',648,,14152,14,0,53,1,90,,14146,14,0,53,1,100,,14153,14,0,53,1,100,,14156,14,0,53,1,100,,14151,14,0,53,1,100,,14150,14,0,53,1,100,,14147,14,0,53,1,100,,14155,14,0,53,1,100,,14149,14,0,53,1,100,,14148,14,0,53,1,100,,14157,14,0,53,1,100,,14154,14,0,53,1
32100,'5',648,,14163,14,0,53,1,90,,14158,14,0,53,1,100,,1053,14,0,53,1,100,,14165,14,0,53,1,100,,5441,14,0,53,1,100,,14162,14,0,53,1,100,,14159,14,0,53,1,100,,14164,14,0,53,1,100,,14161,14,0,53,1,100,,14160,14,0,53,1,100,,14166,14,0,53,1,100,,8794,14,0,53,1
32100,'6',648,,14174,14,0,53,1,90,,14168,14,0,53,1,100,,14176,14,0,53,1,100,,14178,14,0,53,1,100,,14173,14,0,53,1,100,,14172,14,0,53,1,100,,14169,14,0,53,1,100,,14177,14,0,53,1,100,,14175,14,0,53,1,100,,14167,14,0,53,1,100,,14171,14,0,53,1,100,,14170,14,0,53,1
32400,'15',709,,14665,10,0,54,1,100,,14666,10,0,54,1,100,,14664,10,0,54,1,100,,14655,10,0,54,1,100,,14663,10,0,54,1,100,,14659,10,0,54,1,100,,14657,10,0,54,1,100,,14660,10,0,54,1,100,,14662,10,0,54,1,100,,14658,10,0,54,1,100,,14661,10,0,54,1,100,,14656,10,0,54,1
32400,'16',709,,14685,10,0,54,1,30,,14672,10,0,54,1,70,,14687,10,0,54,1,30,,4307,10,0,54,1,70,,14683,10,0,54,1,30,,14684,10,0,54,1,70,,14667,10,0,54,1,30,,14671,10,0,54,1,70,,14680,10,0,54,1,30,,14681,10,0,54,1,70,,14674,10,0,54,1,30,,14682,10,0,54,1,70,,14670,10,0,54,1,30,,14686,10,0,54,1,70,,14675,10,0,54,1,30,,14668,10,0,54,1,70,,14679,10,0,54,1,30,,14676,10,0,54,1,70,,14673,10,0,54,1,30,,14669,10,0,54,1,70,,14677,10,0,54,1,30,,8057,10,0,54,1,70,,14678,10,0,54,1
32400,'17',709,,14705,10,0,54,1,30,,4944,10,0,54,1,70,,14707,10,0,54,1,30,,4321,10,0,54,1,70,,14703,10,0,54,1,30,,14704,10,0,54,1,70,,14688,10,0,54,1,30,,14692,10,0,54,1,70,,14700,10,0,54,1,30,,14701,10,0,54,1,70,,14694,10,0,54,1,30,,14702,10,0,54,1,70,,14691,10,0,54,1,30,,14706,10,0,54,1,70,,14695,10,0,54,1,30,,14689,10,0,54,1,70,,14699,10,0,54,1,30,,14696,10,0,54,1,70,,14693,10,0,54,1,30,,14690,10,0,54,1,70,,14697,10,0,54,1,30,,8063,10,0,54,1,70,,14698,10,0,54,1
32400,'19',709,,14725,10,0,54,1,30,,14712,10,0,54,1,70,,14727,10,0,54,1,30,,14710,10,0,54,1,70,,14724,10,0,54,1,30,,14723,10,0,54,1,70,,14709,10,0,54,1,30,,14708,10,0,54,1,70,,14722,10,0,54,1,30,,14720,10,0,54,1,70,,14715,10,0,54,1,30,,14726,10,0,54,1,70,,14713,10,0,54,1,30,,14718,10,0,54,1,70,,14716,10,0,54,1,30,,14728,10,0,54,1,70,,14721,10,0,54,1,30,,14729,10,0,54,1,70,,14714,10,0,54,1,30,,14730,10,0,54,1,70,,14719,10,0,54,1,30,,14711,10,0,54,1,70,,14717,10,0,54,1
32400,'5',709,,14747,10,0,54,1,30,,14734,10,0,54,1,70,,14749,10,0,54,1,30,,14741,10,0,54,1,70,,14746,10,0,54,1,30,,7609,10,0,54,1,70,,14731,10,0,54,1,30,,14750,10,0,54,1,70,,14745,10,0,54,1,30,,14743,10,0,54,1,70,,14736,10,0,54,1,30,,14739,10,0,54,1,70,,14733,10,0,54,1,30,,14744,10,0,54,1,70,,14738,10,0,54,1,30,,14748,10,0,54,1,70,,14742,10,0,54,1,30,,14732,10,0,54,1,70,,14735,10,0,54,1,30,,14751,10,0,54,1,70,,14740,10,0,54,1,30,,14737,10,0,54,1,70,,14752,10,0,54,1
32400,'6',709,,14763,10,0,54,1,100,,14764,10,0,54,1,100,,14762,10,0,54,1,100,,14753,10,0,54,1,100,,14761,10,0,54,1,100,,14757,10,0,54,1,100,,14755,10,0,54,1,100,,14758,10,0,54,1,100,,14760,10,0,54,1,100,,14756,10,0,54,1,100,,14759,10,0,54,1,100,,14754,10,0,54,1
42100,'1',1038,,1932,14,0,53,1,100,,20074,14,0,53,1,100,,20072,14,0,53,1,100,,20070,14,0,53,1,100,,20073,14,0,53,1,100,,20071,14,0,53,1,100,,20069,14,0,53,1
42100,'10',648,,20091,14,0,53,1,90,,20087,14,0,53,1,100,,20076,14,0,53,1,100,,20088,14,0,53,1,100,,20082,14,0,53,1,100,,20078,14,0,53,1,100,,20081,14,0,53,1,100,,20090,14,0,53,1,100,,20086,14,0,53,1,100,,20077,14,0,53,1,100,,20084,14,0,53,1,100,,20080,14,0,53,1,100,,20085,14,0,53,1,100,,20075,14,0,53,1,100,,20079,14,0,53,1,100,,20083,14,0,53,1,100,,20089,14,0,53,1
42100,'12',838,,20094,14,0,53,1,100,,20095,14,0,53,1,100,,20097,14,0,53,1,100,,20100,14,0,53,1,100,,20093,14,0,53,1,100,,20099,14,0,53,1,100,,20101,14,0,53,1,100,,20098,14,0,53,1,100,,20102,14,0,53,1,100,,20092,14,0,53,1,100,,20096,14,0,53,1,100,,20103,14,0,53,1
42100,'15',1838,,20105,14,0,53,1,100,,20107,14,0,53,1,100,,20104,14,0,53,1,100,,20106,14,0,53,1,100,,20108,14,0,53,1
42100,'16',1838,,20110,14,0,53,1,100,,20112,14,0,53,1,100,,20109,14,0,53,1,100,,20111,14,0,53,1,100,,20113,14,0,53,1
42100,'17',1838,,20115,14,0,53,1,100,,20117,14,0,53,1,100,,20114,14,0,53,1,100,,20116,14,0,53,1,100,,20118,14,0,53,1
42100,'19',1838,,20120,14,0,53,1,100,,20122,14,0,53,1,100,,20119,14,0,53,1,100,,20121,14,0,53,1,100,,20123,14,0,53,1
42100,'21',648,,20138,14,0,53,1,90,,20134,14,0,53,1,100,,20125,14,0,53,1,100,,20135,14,0,53,1,100,,20130,14,0,53,1,100,,20127,14,0,53,1,100,,20129,14,0,53,1,100,,20137,14,0,53,1,100,,20133,14,0,53,1,100,,20126,14,0,53,1,100,,20131,14,0,53,1,100,,6805,14,0,53,1,100,,20132,14,0,53,1,100,,20124,14,0,53,1,100,,20128,14,0,53,1,100,,8225,14,0,53,1,100,,20136,14,0,53,1
42100,'5',1838,,20140,14,0,53,1,100,,20142,14,0,53,1,100,,20139,14,0,53,1,100,,20141,14,0,53,1,100,,20143,14,0,53,1
42100,'6',1838,,20145,14,0,53,1,100,,20147,14,0,53,1,100,,20144,14,0,53,1,100,,20146,14,0,53,1,100,,20148,14,0,53,1
42400,'10',709,,20413,10,0,54,1,30,,20394,10,0,54,1,70,,20416,10,0,54,1,30,,20393,10,0,54,1,70,,20401,10,0,54,1,30,,20414,10,0,54,1,70,,20387,10,0,54,1,30,,20395,10,0,54,1,70,,20388,10,0,54,1,30,,20389,10,0,54,1,70,,20385,10,0,54,1,30,,20396,10,0,54,1,70,,20407,10,0,54,1,30,,20392,10,0,54,1,70,,20399,10,0,54,1,30,,20402,10,0,54,1,70,,20390,10,0,54,1,30,,20386,10,0,54,1,70,,20403,10,0,54,1,30,,20383,10,0,54,1,70,,20406,10,0,54,1,30,,20391,10,0,54,1,70,,20411,10,0,54,1,30,,20409,10,0,54,1,69,,20408,10,0,54,1,30,,20384,10,0,54,1,70,,20405,10,0,54,1,30,,20400,10,0,54,1,70,,20415,10,0,54,1,30,,20412,10,0,54,1,70,,20398,10,0,54,1,30,,20410,10,0,54,1,70,,20404,10,0,54,1,30,,20397,10,0,54,1
42400,'15',1908,,20421,10,0,54,1,100,,20419,10,0,54,1,100,,20417,10,0,54,1,100,,20420,10,0,54,1,100,,20418,10,0,54,1
42400,'16',1839,,20423,10,0,54,1,69,,20431,10,0,54,1,30,,20430,10,0,54,1,70,,20427,10,0,54,1,30,,20429,10,0,54,1,70,,20424,10,0,54,1,30,,3163,10,0,54,1,70,,20428,10,0,54,1,100,,20426,10,0,54,1,30,,20425,10,0,54,1,70,,20422,10,0,54,1
42400,'17',1839,,20433,10,0,54,1,69,,20440,10,0,54,1,30,,20439,10,0,54,1,70,,20436,10,0,54,1,30,,20438,10,0,54,1,70,,20434,10,0,54,1,30,,3222,10,0,54,1,70,,20437,10,0,54,1,100,,20435,10,0,54,1,30,,4182,10,0,54,1,70,,20432,10,0,54,1
42400,'19',1908,,20444,10,0,54,1,100,,20443,10,0,54,1,100,,20441,10,0,54,1,100,,20445,10,0,54,1,100,,20442,10,0,54,1
42400,'5',1839,,20448,10,0,54,1,69,,20451,10,0,54,1,30,,20453,10,0,54,1,70,,20452,10,0,54,1,30,,20449,10,0,54,1,70,,20447,10,0,54,1,30,,20446,10,0,54,1,70,,20454,10,0,54,1,100,,20450,10,0,54,1
42400,'6',1908,,20459,10,0,54,1,100,,20457,10,0,54,1,100,,20455,10,0,54,1,100,,20458,10,0,54,1,100,,20456,10,0,54,1
