30400,'1',710,,788,24,0,39 40 41,1,30,,781,24,0,39 40 41,1,70,,771,24,0,39 40 41,1,30,,783,24,0,39 40 41,1,70,,774,24,0,39 40 41,1,30,,780,24,0,39 40 41,1,72,,770,24,0,39 40 41,1,30,,790,24,0,39 40 41,1,70,,791,24,0,39 40 41,1,30,,779,24,0,39 40 41,1,70,,786,24,0,39 40 41,1,30,,787,24,0,39 40 41,1,70,,778,24,0,39 40 41,1,30,,782,24,0,39 40 41,1,71,,785,24,0,39 40 41,1,30,,777,24,0,39 40 41,1,70,,769,24,0,39 40 41,1,30,,784,24,0,39 40 41,1,70,,789,24,0,39 40 41,1,30,,773,24,0,39 40 41,1,70,,772,24,0,39 40 41,1,30,,776,24,0,39 40 41,1,70,,775,24,0,39 40 41,1
30400,'10',710,,811,24,0,39 40 41,1,30,,804,24,0,39 40 41,1,70,,794,24,0,39 40 41,1,30,,806,24,0,39 40 41,1,70,,797,24,0,39 40 41,1,30,,803,24,0,39 40 41,1,72,,793,24,0,39 40 41,1,30,,813,24,0,39 40 41,1,70,,814,24,0,39 40 41,1,30,,802,24,0,39 40 41,1,70,,809,24,0,39 40 41,1,30,,810,24,0,39 40 41,1,70,,801,24,0,39 40 41,1,30,,805,24,0,39 40 41,1,71,,808,24,0,39 40 41,1,30,,800,24,0,39 40 41,1,70,,792,24,0,39 40 41,1,30,,807,24,0,39 40 41,1,70,,812,24,0,39 40 41,1,30,,796,24,0,39 40 41,1,70,,795,24,0,39 40 41,1,30,,799,24,0,39 40 41,1,70,,798,24,0,39 40 41,1
30400,'11',710,,834,24,0,39 40 41,1,30,,827,24,0,39 40 41,1,70,,817,24,0,39 40 41,1,30,,829,24,0,39 40 41,1,70,,820,24,0,39 40 41,1,30,,826,24,0,39 40 41,1,72,,816,24,0,39 40 41,1,30,,836,24,0,39 40 41,1,70,,837,24,0,39 40 41,1,30,,825,24,0,39 40 41,1,70,,832,24,0,39 40 41,1,30,,833,24,0,39 40 41,1,70,,824,24,0,39 40 41,1,30,,828,24,0,39 40 41,1,71,,831,24,0,39 40 41,1,30,,823,24,0,39 40 41,1,70,,815,24,0,39 40 41,1,30,,830,24,0,39 40 41,1,70,,835,24,0,39 40 41,1,30,,819,24,0,39 40 41,1,70,,818,24,0,39 40 41,1,30,,822,24,0,39 40 41,1,70,,821,24,0,39 40 41,1
30400,'3',710,,857,24,0,39 40 41,1,30,,850,24,0,39 40 41,1,70,,840,24,0,39 40 41,1,30,,852,24,0,39 40 41,1,70,,843,24,0,39 40 41,1,30,,849,24,0,39 40 41,1,72,,839,24,0,39 40 41,1,30,,859,24,0,39 40 41,1,70,,860,24,0,39 40 41,1,30,,848,24,0,39 40 41,1,70,,855,24,0,39 40 41,1,30,,856,24,0,39 40 41,1,70,,847,24,0,39 40 41,1,30,,851,24,0,39 40 41,1,71,,854,24,0,39 40 41,1,30,,846,24,0,39 40 41,1,70,,838,24,0,39 40 41,1,30,,853,24,0,39 40 41,1,70,,858,24,0,39 40 41,1,30,,842,24,0,39 40 41,1,70,,841,24,0,39 40 41,1,30,,845,24,0,39 40 41,1,70,,844,24,0,39 40 41,1
31800,'1',620,,3527,40,0,45 46 18,1,30,,3531,40,0,45 46 18,1,70,,3508,40,0,45 46 18,1,30,,3529,40,0,45 46 18,1,70,,3528,40,0,45 46 18,1,30,,3510,40,0,45 46 18,1,70,,3522,40,0,45 46 18,1,30,,3526,40,0,45 46 18,1,70,,3509,40,0,45 46 18,1,30,,3523,40,0,45 46 18,1,70,,3525,40,0,45 46 18,1,30,,3517,40,0,45 46 18,1,70,,3530,40,0,45 46 18,1,30,,3516,40,0,45 46 18,1,70,,3524,40,0,45 46 18,1,30,,3507,40,0,45 46 18,1,70,,3518,40,0,45 46 18,1,30,,3515,40,0,45 46 18,1,70,,3519,40,0,45 46 18,1,30,,3521,40,0,45 46 18,1,70,,3514,40,0,45 46 18,1,30,,3513,40,0,45 46 18,1,70,,3512,40,0,45 46 18,1,30,,3520,40,0,45 46 18,1,70,,3511,40,0,45 46 18,1
31800,'10',620,,3552,40,0,45 46 18,1,30,,3556,40,0,45 46 18,1,70,,3533,40,0,45 46 18,1,30,,3554,40,0,45 46 18,1,70,,3553,40,0,45 46 18,1,30,,3535,40,0,45 46 18,1,70,,3547,40,0,45 46 18,1,30,,3551,40,0,45 46 18,1,70,,3534,40,0,45 46 18,1,30,,3548,40,0,45 46 18,1,70,,3550,40,0,45 46 18,1,30,,3542,40,0,45 46 18,1,70,,3555,40,0,45 46 18,1,30,,3541,40,0,45 46 18,1,70,,3549,40,0,45 46 18,1,30,,3532,40,0,45 46 18,1,70,,3543,40,0,45 46 18,1,30,,3540,40,0,45 46 18,1,70,,3544,40,0,45 46 18,1,30,,3546,40,0,45 46 18,1,70,,3539,40,0,45 46 18,1,30,,3538,40,0,45 46 18,1,70,,3537,40,0,45 46 18,1,30,,3545,40,0,45 46 18,1,70,,3536,40,0,45 46 18,1
31800,'11',620,,3577,40,0,45 46 18,1,30,,3581,40,0,45 46 18,1,70,,3558,40,0,45 46 18,1,30,,3579,40,0,45 46 18,1,70,,3578,40,0,45 46 18,1,30,,3560,40,0,45 46 18,1,70,,3571,40,0,45 46 18,1,30,,3576,40,0,45 46 18,1,70,,3559,40,0,45 46 18,1,30,,3572,40,0,45 46 18,1,70,,3575,40,0,45 46 18,1,30,,3566,40,0,45 46 18,1,70,,3580,40,0,45 46 18,1,30,,3565,40,0,45 46 18,1,70,,3574,40,0,45 46 18,1,30,,3557,40,0,45 46 18,1,70,,3567,40,0,45 46 18,1,30,,3564,40,0,45 46 18,1,70,,3568,40,0,45 46 18,1,30,,3570,40,0,45 46 18,1,70,,3562,40,0,45 46 18,1,30,,3563,40,0,45 46 18,1,70,,3561,40,0,45 46 18,1,30,,3569,40,0,45 46 18,1,70,,3573,40,0,45 46 18,1
31800,'3',620,,3602,40,0,45 46 18,1,30,,3606,40,0,45 46 18,1,70,,3583,40,0,45 46 18,1,30,,3604,40,0,45 46 18,1,70,,3603,40,0,45 46 18,1,30,,3585,40,0,45 46 18,1,70,,3596,40,0,45 46 18,1,30,,3601,40,0,45 46 18,1,70,,3584,40,0,45 46 18,1,30,,3597,40,0,45 46 18,1,70,,3600,40,0,45 46 18,1,30,,3591,40,0,45 46 18,1,70,,3605,40,0,45 46 18,1,30,,3590,40,0,45 46 18,1,70,,3599,40,0,45 46 18,1,30,,3582,40,0,45 46 18,1,70,,3592,40,0,45 46 18,1,30,,3589,40,0,45 46 18,1,70,,3593,40,0,45 46 18,1,30,,3595,40,0,45 46 18,1,70,,3587,40,0,45 46 18,1,30,,3588,40,0,45 46 18,1,70,,3586,40,0,45 46 18,1,30,,3594,40,0,45 46 18,1,70,,3598,40,0,45 46 18,1
40400,'1',1825,,6290,24,0,39 40 42 18,1,100,,6289,24,0,39 40 42 18,1,100,,6291,24,0,39 40 42 18,1,100,,6292,24,0,39 40 42 18,1,100,,6293,24,0,39 40 42 18,1,100,,6294,24,0,39 40 42 18,1
40400,'10',1825,,6296,24,0,39 40 42 18,1,100,,6295,24,0,39 40 42 18,1,100,,6297,24,0,39 40 42 18,1,100,,6298,24,0,39 40 42 18,1,100,,6299,24,0,39 40 42 18,1,100,,6300,24,0,39 40 42 18,1
40400,'11',1825,,6302,24,0,39 40 42 18,1,100,,6301,24,0,39 40 42 18,1,100,,6303,24,0,39 40 42 18,1,100,,6304,24,0,39 40 42 18,1,100,,6305,24,0,39 40 42 18,1,100,,6306,24,0,39 40 42 18,1
40400,'12',1126,,6310,24,0,39 40 42 18,1,100,,6313,24,0,39 40 42 18,1,100,,6309,24,0,39 40 42 18,1,99,,6308,24,0,39 40 42 18,1,100,,6311,24,0,39 40 42 18,1,100,,6312,24,0,39 40 42 18,1,100,,6307,24,0,39 40 42 18,1
40400,'14',625,,6322,24,0,39 40 42 18,1,30,,6340,24,0,39 40 42 18,1,70,,6325,24,0,39 40 42 18,1,30,,6321,24,0,39 40 42 18,1,70,,6333,24,0,39 40 42 18,1,30,,6342,24,0,39 40 42 18,1,70,,6324,24,0,39 40 42 18,1,30,,6326,24,0,39 40 42 18,1,71,,6338,24,0,39 40 42 18,1,30,,6335,24,0,39 40 42 18,1,70,,6330,24,0,39 40 42 18,1,30,,6320,24,0,39 40 42 18,1,70,,6314,24,0,39 40 42 18,1,30,,6329,24,0,39 40 42 18,1,70,,6317,24,0,39 40 42 18,1,30,,6319,24,0,39 40 42 18,1,69,,6339,24,0,39 40 42 18,1,30,,6316,24,0,39 40 42 18,1,70,,6332,24,0,39 40 42 18,1,30,,6336,24,0,39 40 42 18,1,70,,6323,24,0,39 40 42 18,1,30,,6343,24,0,39 40 42 18,1,70,,6327,24,0,39 40 42 18,1,30,,6331,24,0,39 40 42 18,1,70,,6337,24,0,39 40 42 18,1,100,,6341,24,0,39 40 42 18,1,100,,6328,24,0,39 40 42 18,1,100,,6334,24,0,39 40 42 18,1,100,,6315,24,0,39 40 42 18,1,100,,6318,24,0,39 40 42 18,1
40400,'3',1825,,6345,24,0,39 40 42 18,1,100,,6344,24,0,39 40 42 18,1,100,,6346,24,0,39 40 42 18,1,100,,6347,24,0,39 40 42 18,1,100,,6348,24,0,39 40 42 18,1,100,,6349,24,0,39 40 42 18,1
40400,'7',925,,6360,24,0,39 40 42 18,1,101,,6361,24,0,39 40 42 18,1,30,,6356,24,0,39 40 42 18,1,70,,6365,24,0,39 40 42 18,1,30,,6353,24,0,39 40 42 18,1,70,,6351,24,0,39 40 42 18,1,30,,6363,24,0,39 40 42 18,1,70,,6367,24,0,39 40 42 18,1,30,,6358,24,0,39 40 42 18,1,69,,6362,24,0,39 40 42 18,1,30,,6355,24,0,39 40 42 18,1,70,,6354,24,0,39 40 42 18,1,30,,6352,24,0,39 40 42 18,1,70,,6366,24,0,39 40 42 18,1,30,,6357,24,0,39 40 42 18,1,70,,6350,24,0,39 40 42 18,1,30,,6359,24,0,39 40 42 18,1,70,,6364,24,0,39 40 42 18,1,100,,6368,24,0,39 40 42 18,1
41800,'1',1906,,7799,42,0,45 46 18,1,100,,7798,42,0,45 46 18,1,100,,7802,42,0,45 46 18,1,100,,7800,42,0,45 46 18,1,100,,7801,42,0,45 46 18,1,100,,7803,42,0,45 46 18,1
41800,'10',1906,,7805,42,0,45 46 18,1,100,,7804,42,0,45 46 18,1,100,,7808,42,0,45 46 18,1,100,,7806,42,0,45 46 18,1,100,,7807,42,0,45 46 18,1,100,,7809,42,0,45 46 18,1
41800,'11',1906,,7811,42,0,45 46 18,1,100,,7810,42,0,45 46 18,1,100,,7814,42,0,45 46 18,1,100,,7812,42,0,45 46 18,1,100,,7813,42,0,45 46 18,1,100,,7815,42,0,45 46 18,1
41800,'12',1106,,7818,42,0,45 46 18,1,100,,7821,42,0,45 46 18,1,100,,7820,42,0,45 46 18,1,100,,7823,42,0,45 46 18,1,100,,7822,42,0,45 46 18,1,100,,7816,42,0,45 46 18,1,100,,7819,42,0,45 46 18,1,100,,7817,42,0,45 46 18,1
41800,'14',634,,7836,42,0,45 46 18,1,70,,7843,42,0,45 46 18,1,31,,7833,42,0,45 46 18,1,70,,7849,42,0,45 46 18,1,30,,7842,42,0,45 46 18,1,70,,7832,42,0,45 46 18,1,30,,7838,42,0,45 46 18,1,70,,7845,42,0,45 46 18,1,31,,7846,42,0,45 46 18,1,70,,7847,42,0,45 46 18,1,30,,7826,42,0,45 46 18,1,70,,7853,42,0,45 46 18,1,30,,7837,42,0,45 46 18,1,70,,7851,42,0,45 46 18,1,30,,7827,42,0,45 46 18,1,70,,7839,42,0,45 46 18,1,30,,7850,42,0,45 46 18,1,70,,7829,42,0,45 46 18,1,30,,7830,42,0,45 46 18,1,70,,7831,42,0,45 46 18,1,30,,7834,42,0,45 46 18,1,70,,7824,42,0,45 46 18,1,30,,7841,42,0,45 46 18,1,70,,7852,42,0,45 46 18,1,100,,7828,42,0,45 46 18,1,100,,7848,42,0,45 46 18,1,100,,7825,42,0,45 46 18,1,100,,7840,42,0,45 46 18,1,100,,7835,42,0,45 46 18,1,100,,7844,42,0,45 46 18,1
41800,'3',1906,,7855,42,0,45 46 18,1,100,,7854,42,0,45 46 18,1,100,,7858,42,0,45 46 18,1,100,,7856,42,0,45 46 18,1,100,,7857,42,0,45 46 18,1,100,,7859,42,0,45 46 18,1
41800,'7',905,,7870,42,0,45 46 18,1,100,,7874,42,0,45 46 18,1,31,,7865,42,0,45 46 18,1,70,,7861,42,0,45 46 18,1,30,,7878,42,0,45 46 18,1,70,,7869,42,0,45 46 18,1,30,,7868,42,0,45 46 18,1,70,,7866,42,0,45 46 18,1,30,,7876,42,0,45 46 18,1,70,,7875,42,0,45 46 18,1,30,,7872,42,0,45 46 18,1,70,,7879,42,0,45 46 18,1,30,,7864,42,0,45 46 18,1,70,,7860,42,0,45 46 18,1,30,,7877,42,0,45 46 18,1,70,,7862,42,0,45 46 18,1,30,,7873,42,0,45 46 18,1,70,,7867,42,0,45 46 18,1,100,,7871,42,0,45 46 18,1,100,,7863,42,0,45 46 18,1
