32100,'15',644,,14121,7,0,53,1,90,,14115,7,0,53,1,100,,14123,7,0,53,1,100,,14125,7,0,53,1,100,,14120,7,0,53,1,100,,14119,7,0,53,1,100,,14116,7,0,53,1,100,,14124,7,0,53,1,100,,14122,7,0,53,1,100,,14114,7,0,53,1,100,,14118,7,0,53,1,100,,14117,7,0,53,1
32100,'16',644,,14130,7,0,53,1,90,,14126,7,0,53,1,100,,1005,7,0,53,1,100,,14133,7,0,53,1,100,,5261,7,0,53,1,100,,14129,7,0,53,1,100,,14127,7,0,53,1,100,,14132,7,0,53,1,100,,14128,7,0,53,1,100,,14131,7,0,53,1,100,,14135,7,0,53,1,100,,14134,7,0,53,1
32100,'17',644,,14140,7,0,53,1,90,,14136,7,0,53,1,100,,1029,7,0,53,1,100,,14143,7,0,53,1,100,,5311,7,0,53,1,100,,14139,7,0,53,1,100,,14137,7,0,53,1,100,,14142,7,0,53,1,100,,14138,7,0,53,1,100,,14141,7,0,53,1,100,,14145,7,0,53,1,100,,14144,7,0,53,1
32100,'19',644,,14152,7,0,53,1,90,,14146,7,0,53,1,100,,14153,7,0,53,1,100,,14156,7,0,53,1,100,,14151,7,0,53,1,100,,14150,7,0,53,1,100,,14147,7,0,53,1,100,,14155,7,0,53,1,100,,14149,7,0,53,1,100,,14148,7,0,53,1,100,,14157,7,0,53,1,100,,14154,7,0,53,1
32100,'5',644,,14163,7,0,53,1,90,,14158,7,0,53,1,100,,1053,7,0,53,1,100,,14165,7,0,53,1,100,,5441,7,0,53,1,100,,14162,7,0,53,1,100,,14159,7,0,53,1,100,,14164,7,0,53,1,100,,14161,7,0,53,1,100,,14160,7,0,53,1,100,,14166,7,0,53,1,100,,8794,7,0,53,1
32100,'6',644,,14174,7,0,53,1,90,,14168,7,0,53,1,100,,14176,7,0,53,1,100,,14178,7,0,53,1,100,,14173,7,0,53,1,100,,14172,7,0,53,1,100,,14169,7,0,53,1,100,,14177,7,0,53,1,100,,14175,7,0,53,1,100,,14167,7,0,53,1,100,,14171,7,0,53,1,100,,14170,7,0,53,1
42100,'1',1034,,1932,7,0,53,1,100,,20074,7,0,53,1,100,,20072,7,0,53,1,100,,20070,7,0,53,1,100,,20073,7,0,53,1,100,,20071,7,0,53,1,100,,20069,7,0,53,1
42100,'10',644,,20091,7,0,53,1,90,,20087,7,0,53,1,100,,20076,7,0,53,1,100,,20088,7,0,53,1,100,,20082,7,0,53,1,100,,20078,7,0,53,1,100,,20081,7,0,53,1,100,,20090,7,0,53,1,100,,20086,7,0,53,1,100,,20077,7,0,53,1,100,,20084,7,0,53,1,100,,20080,7,0,53,1,100,,20085,7,0,53,1,100,,20075,7,0,53,1,100,,20079,7,0,53,1,100,,20083,7,0,53,1,100,,20089,7,0,53,1
42100,'12',834,,20094,7,0,53,1,100,,20095,7,0,53,1,100,,20097,7,0,53,1,100,,20100,7,0,53,1,100,,20093,7,0,53,1,100,,20099,7,0,53,1,100,,20101,7,0,53,1,100,,20098,7,0,53,1,100,,20102,7,0,53,1,100,,20092,7,0,53,1,100,,20096,7,0,53,1,100,,20103,7,0,53,1
42100,'15',1834,,20105,7,0,53,1,100,,20107,7,0,53,1,100,,20104,7,0,53,1,100,,20106,7,0,53,1,100,,20108,7,0,53,1
42100,'16',1834,,20110,7,0,53,1,100,,20112,7,0,53,1,100,,20109,7,0,53,1,100,,20111,7,0,53,1,100,,20113,7,0,53,1
42100,'17',1834,,20115,7,0,53,1,100,,20117,7,0,53,1,100,,20114,7,0,53,1,100,,20116,7,0,53,1,100,,20118,7,0,53,1
42100,'19',1834,,20120,7,0,53,1,100,,20122,7,0,53,1,100,,20119,7,0,53,1,100,,20121,7,0,53,1,100,,20123,7,0,53,1
42100,'21',644,,20138,7,0,53,1,90,,20134,7,0,53,1,100,,20125,7,0,53,1,100,,20135,7,0,53,1,100,,20130,7,0,53,1,100,,20127,7,0,53,1,100,,20129,7,0,53,1,100,,20137,7,0,53,1,100,,20133,7,0,53,1,100,,20126,7,0,53,1,100,,20131,7,0,53,1,100,,6805,7,0,53,1,100,,20132,7,0,53,1,100,,20124,7,0,53,1,100,,20128,7,0,53,1,100,,8225,7,0,53,1,100,,20136,7,0,53,1
42100,'5',1834,,20140,7,0,53,1,100,,20142,7,0,53,1,100,,20139,7,0,53,1,100,,20141,7,0,53,1,100,,20143,7,0,53,1
42100,'6',1834,,20145,7,0,53,1,100,,20147,7,0,53,1,100,,20144,7,0,53,1,100,,20146,7,0,53,1,100,,20148,7,0,53,1
