31001,'1',631,,22766,6,0,36,1,70,,22769,6,0,36,1,30,,22764,6,0,36,1,70,,22775,6,0,36,1,30,,22771,6,0,36,1,70,,17003,6,0,36,1,30,,22755,6,0,36,1,70,,22777,6,0,36,1,30,,22765,6,0,36,1,70,,22773,6,0,36,1,30,,22772,6,0,36,1,70,,22768,6,0,36,1,30,,22774,6,0,36,1,70,,22757,6,0,36,1,30,,22770,6,0,36,1,70,,22754,6,0,36,1,30,,22753,6,0,36,1,70,,22759,6,0,36,1,27,,22760,3,0,37 38,1,3,,22776,6,0,36,1,70,,22763,6,0,36,1,30,,22767,6,0,36,1,70,,22762,6,0,36,1,30,,22761,6,0,36,1,70,,22758,6,0,36,1,30,,22756,6,0,36,1
31001,'10',631,,3372,6,0,36,1,70,,22791,6,0,36,1,30,,22787,6,0,36,1,70,,22796,6,0,36,1,30,,22794,6,0,36,1,70,,22792,6,0,36,1,30,,22780,6,0,36,1,70,,22798,6,0,36,1,30,,22788,6,0,36,1,70,,22795,6,0,36,1,30,,3773,6,0,36,1,70,,22790,6,0,36,1,30,,13908,6,0,36,1,70,,22782,6,0,36,1,30,,22793,6,0,36,1,70,,22779,6,0,36,1,30,,22778,6,0,36,1,70,,22784,6,0,36,1,27,,22785,3,0,37 38,1,3,,22797,6,0,36,1,70,,16549,6,0,36,1,30,,22789,6,0,36,1,70,,20940,6,0,36,1,30,,22786,6,0,36,1,70,,22783,6,0,36,1,30,,22781,6,0,36,1
31001,'3',631,,3396,6,0,36,1,70,,22813,6,0,36,1,30,,22809,6,0,36,1,70,,22818,6,0,36,1,30,,22816,6,0,36,1,70,,22814,6,0,36,1,30,,22801,6,0,36,1,70,,22819,6,0,36,1,30,,22810,6,0,36,1,70,,22817,6,0,36,1,30,,3797,6,0,36,1,70,,22812,6,0,36,1,30,,13947,6,0,36,1,70,,22803,6,0,36,1,30,,22815,6,0,36,1,70,,22800,6,0,36,1,30,,22799,6,0,36,1,70,,22805,6,0,36,1,27,,22806,3,0,37 38,1,3,,15683,6,0,36,1,70,,16679,6,0,36,1,30,,22811,6,0,36,1,70,,22808,6,0,36,1,30,,22807,6,0,36,1,70,,22804,6,0,36,1,30,,22802,6,0,36,1
31601,'1',716,,23416,12,,,1,15,,23447,12,,,1,15,,23433,12,,,1,55,,23413,12,,,1,15,,23430,12,,,1,15,,23446,12,,,1,15,,16358,12,,,1,55,,23435,12,,,1,15,,19024,12,,,1,15,,23414,12,,,1,15,,23436,12,,,1,55,,23437,12,,,1,15,,23434,12,,,1,15,,23418,12,,,1,15,,23438,12,,,1,55,,23449,12,,,1,15,,23424,12,,,1,15,,23419,12,,,1,15,,23443,12,,,1,55,,21341,12,,,1,15,,23423,12,,,1,15,,23429,12,,,1,15,,23417,12,,,1,55,,23432,12,,,1,15,,23425,12,,,1,15,,23439,12,,,1,15,,23448,12,,,1,55,,23415,12,,,1,15,,23412,12,,,1,15,,23442,12,,,1,15,,23426,12,,,1,55,,23409,12,,,1,15,,23445,12,,,1,15,,23441,12,,,1,15,,23431,12,,,1,55,,23408,12,,,1,15,,23427,12,,,1,15,,23444,12,,,1,15,,23450,12,,,1,55,,23422,12,,,1,15,,23428,12,,,1,15,,23421,12,,,1,15,,15944,12,,,1,55,,23420,12,,,1,15,,23440,12,,,1,15,,23411,12,,,1,15,,23410,12,,,1
31601,'10',716,,4316,12,,,1,15,,23483,12,,,1,15,,23471,12,,,1,55,,23453,12,,,1,15,,23468,12,,,1,15,,23481,12,,,1,15,,23465,12,,,1,55,,17965,12,,,1,15,,23467,12,,,1,15,,2945,12,,,1,15,,17735,12,,,1,55,,23472,12,,,1,15,,17132,12,,,1,15,,23456,12,,,1,15,,641,12,,,1,55,,17849,12,,,1,15,,23462,12,,,1,15,,23457,12,,,1,15,,23478,12,,,1,55,,23475,12,,,1,15,,23461,12,,,1,15,,12028,12,,,1,15,,23455,12,,,1,55,,23470,12,,,1,15,,23463,12,,,1,15,,23473,12,,,1,15,,23484,12,,,1,55,,23454,12,,,1,15,,23452,12,,,1,15,,23477,12,,,1,15,,23464,12,,,1,55,,14489,12,,,1,15,,23480,12,,,1,15,,23476,12,,,1,15,,23469,12,,,1,55,,23451,12,,,1,15,,23466,12,,,1,15,,23479,12,,,1,15,,23485,12,,,1,55,,23460,12,,,1,15,,1018,12,,,1,15,,23459,12,,,1,15,,23482,12,,,1,55,,23458,12,,,1,15,,23474,12,,,1,15,,12270,12,,,1,15,,99,12,,,1
31601,'3',716,,23491,12,,,1,15,,23520,12,,,1,15,,23507,12,,,1,55,,23489,12,,,1,15,,23504,12,,,1,15,,23518,12,,,1,15,,23501,12,,,1,55,,18003,12,,,1,15,,23503,12,,,1,15,,3019,12,,,1,15,,17774,12,,,1,55,,23508,12,,,1,15,,17206,12,,,1,15,,23493,12,,,1,15,,23509,12,,,1,55,,17886,12,,,1,15,,23498,12,,,1,15,,23494,12,,,1,15,,23515,12,,,1,55,,23512,12,,,1,15,,23497,12,,,1,15,,12072,12,,,1,15,,23492,12,,,1,55,,23506,12,,,1,15,,23499,12,,,1,15,,23510,12,,,1,15,,23521,12,,,1,55,,23490,12,,,1,15,,23488,12,,,1,15,,23514,12,,,1,15,,23500,12,,,1,55,,23487,12,,,1,15,,23517,12,,,1,15,,23513,12,,,1,15,,23505,12,,,1,55,,23486,12,,,1,15,,23502,12,,,1,15,,23516,12,,,1,15,,23522,12,,,1,55,,20140,12,,,1,15,,1042,12,,,1,15,,23496,12,,,1,15,,23519,12,,,1,55,,23495,12,,,1,15,,23511,12,,,1,15,,12303,12,,,1,15,,146,12,,,1
41001,'11',934,,26024,6,0,37 38,1,100,,26022,6,0,37 38,1,70,,26018,6,0,37 38,1,30,,26027,6,0,37 38,1,70,,8965,6,0,37 38,1,30,,26023,6,0,37 38,1,70,,26028,6,0,37 38,1,30,,26031,6,0,37 38,1,70,,26029,6,0,37 38,1,30,,26019,6,0,37 38,1,70,,26026,6,0,37 38,1,30,,26032,6,0,37 38,1,70,,26017,6,0,37 38,1,30,,26033,6,0,37 38,1,70,,26030,6,0,37 38,1,30,,26020,6,0,37 38,1,70,,26025,6,0,37 38,1,30,,8964,6,0,37 38,1,100,,26021,6,0,37 38,1
41001,'13',634,,18980,6,0,37 38,1,70,,17305,6,0,37 38,1,30,,26035,6,0,37 38,1,70,,26044,6,0,37 38,1,30,,26043,6,0,37 38,1,70,,26040,6,0,37 38,1,30,,26049,6,0,37 38,1,70,,26036,6,0,37 38,1,30,,26047,6,0,37 38,1,70,,26048,6,0,37 38,1,30,,14418,6,0,37 38,1,70,,26045,6,0,37 38,1,30,,26041,6,0,37 38,1,70,,26039,6,0,37 38,1,30,,26052,6,0,37 38,1,70,,26042,6,0,37 38,1,30,,26051,6,0,37 38,1,70,,26038,6,0,37 38,1,30,,26034,6,0,37 38,1,70,,26037,6,0,37 38,1,30,,26050,6,0,37 38,1,70,,26046,6,0,37 38,1,30,,26053,6,0,37 38,1,70,,18739,6,0,37 38,1
41001,'8',934,,26061,6,0,37 38,1,100,,26059,6,0,37 38,1,70,,26055,6,0,37 38,1,30,,26064,6,0,37 38,1,70,,26069,6,0,37 38,1,30,,26060,6,0,37 38,1,70,,26065,6,0,37 38,1,30,,26070,6,0,37 38,1,70,,26066,6,0,37 38,1,30,,26056,6,0,37 38,1,70,,26063,6,0,37 38,1,30,,26071,6,0,37 38,1,70,,26054,6,0,37 38,1,30,,26072,6,0,37 38,1,70,,26067,6,0,37 38,1,30,,26057,6,0,37 38,1,70,,26062,6,0,37 38,1,30,,26068,6,0,37 38,1,100,,26058,6,0,37 38,1
41601,'1',1906,,26505,12,,,1,30,,26504,12,,,1,70,,26503,12,,,1,30,,26499,12,,,1,70,,26500,12,,,1,30,,26501,12,,,1,70,,18017,12,,,1,30,,26502,12,,,1,70,,26498,12,,,1,30,,26506,12,,,1
41601,'10',1906,,26513,12,,,1,30,,26512,12,,,1,70,,26511,12,,,1,30,,7247,12,,,1,70,,5301,12,,,1,30,,26508,12,,,1,70,,26510,12,,,1,30,,26509,12,,,1,70,,26507,12,,,1,30,,26514,12,,,1
41601,'11',901,,26531,12,,,1,30,,26525,12,,,1,70,,26521,12,,,1,31,,26518,12,,,1,70,,26529,12,,,1,30,,26516,12,,,1,70,,26532,12,,,1,30,,26515,12,,,1,70,,26530,12,,,1,30,,26526,12,,,1,70,,26519,12,,,1,30,,12838,12,,,1,70,,15461,12,,,1,30,,26523,12,,,1,70,,26522,12,,,1,30,,26527,12,,,1,70,,26528,12,,,1,30,,11918,12,,,1,70,,26524,12,,,1,30,,26520,12,,,1,70,,11644,12,,,1,29,,12059,12,,,1,70,,14149,12,,,1,30,,26517,12,,,1
41601,'13',736,,26566,12,,,1,70,,26541,12,,,1,30,,26535,12,,,1,70,,26553,12,,,1,25,,26551,12,,,1,70,,26567,12,,,1,31,,26555,12,,,1,70,,26549,12,,,1,30,,26562,12,,,1,70,,26533,12,,,1,30,,26547,12,,,1,70,,26558,12,,,1,30,,26565,12,,,1,70,,26545,12,,,1,30,,26544,12,,,1,70,,26552,12,,,1,30,,26538,12,,,1,70,,26556,12,,,1,30,,26548,12,,,1,70,,26568,12,,,1,30,,26554,12,,,1,70,,26546,12,,,1,35,,26563,12,,,1,69,,26569,12,,,1,30,,26543,12,,,1,70,,26557,12,,,1,30,,26539,12,,,1,70,,26534,12,,,1,30,,26560,12,,,1,67,,26536,12,,,1,3,,26540,12,,,1,27,,26561,12,,,1,3,,26564,12,,,1,67,,26559,12,,,1,3,,26542,12,,,1,27,,26537,12,,,1,3,,26550,12,,,1
41601,'3',1906,,26578,12,,,1,30,,26577,12,,,1,70,,26576,12,,,1,30,,26571,12,,,1,70,,26572,12,,,1,30,,26573,12,,,1,70,,26575,12,,,1,30,,26574,12,,,1,70,,26570,12,,,1,30,,26579,12,,,1
41601,'8',901,,26601,12,,,1,30,,18465,12,,,1,70,,26587,12,,,1,31,,26583,12,,,1,70,,26598,12,,,1,30,,26581,12,,,1,70,,19762,12,,,1,30,,26580,12,,,1,70,,26599,12,,,1,30,,26594,12,,,1,70,,26584,12,,,1,30,,26585,12,,,1,70,,26589,12,,,1,30,,26591,12,,,1,70,,26590,12,,,1,30,,26596,12,,,1,70,,26597,12,,,1,30,,26595,12,,,1,70,,26592,12,,,1,30,,26586,12,,,1,70,,26588,12,,,1,29,,26600,12,,,1,70,,26593,12,,,1,30,,26582,12,,,1
