32001,'12',616,,36250,3,0,47 18,1,30,,36259,3,0,47 18,1,70,,36247,3,0,47 18,1,30,,36257,3,0,47 18,1,70,,36253,3,0,47 18,1,30,,36255,3,0,47 18,1,70,,36244,3,0,47 18,1,30,,36248,3,0,47 18,1,70,,36249,3,0,47 18,1,30,,36261,3,0,47 18,1,70,,36252,3,0,47 18,1,30,,36254,3,0,47 18,1,70,,36246,3,0,47 18,1,30,,36258,3,0,47 18,1,70,,36242,3,0,47 18,1,30,,36262,3,0,47 18,1,70,,36243,3,0,47 18,1,30,,36241,3,0,47 18,1,70,,36239,3,0,47 18,1,30,,36245,3,0,47 18,1,70,,36263,3,0,47 18,1,30,,36260,3,0,47 18,1,70,,36251,3,0,47 18,1,30,,36256,3,0,47 18,1,70,,36240,3,0,47 18,1
32001,'13',616,,36272,3,0,47 18,1,30,,36280,3,0,47 18,1,70,,28811,3,0,47 18,1,30,,36278,3,0,47 18,1,70,,36274,3,0,47 18,1,30,,36276,3,0,47 18,1,70,,36267,3,0,47 18,1,30,,36270,3,0,47 18,1,70,,36271,3,0,47 18,1,30,,36282,3,0,47 18,1,70,,30358,3,0,47 18,1,30,,36275,3,0,47 18,1,70,,36269,3,0,47 18,1,30,,36279,3,0,47 18,1,70,,36265,3,0,47 18,1,30,,36283,3,0,47 18,1,70,,36266,3,0,47 18,1,30,,36264,3,0,47 18,1,70,,22337,3,0,47 18,1,30,,36268,3,0,47 18,1,70,,36284,3,0,47 18,1,30,,36281,3,0,47 18,1,70,,36273,3,0,47 18,1,30,,36277,3,0,47 18,1,70,,24391,3,0,47 18,1
32001,'3',616,,36293,3,0,47 18,1,30,,36301,3,0,47 18,1,70,,28834,3,0,47 18,1,30,,36299,3,0,47 18,1,70,,36295,3,0,47 18,1,30,,36297,3,0,47 18,1,70,,36288,3,0,47 18,1,30,,36291,3,0,47 18,1,70,,36292,3,0,47 18,1,30,,36303,3,0,47 18,1,70,,30397,3,0,47 18,1,30,,36296,3,0,47 18,1,70,,36290,3,0,47 18,1,30,,36300,3,0,47 18,1,70,,36286,3,0,47 18,1,30,,36304,3,0,47 18,1,70,,36287,3,0,47 18,1,30,,36285,3,0,47 18,1,70,,22359,3,0,47 18,1,30,,36289,3,0,47 18,1,70,,36305,3,0,47 18,1,30,,36302,3,0,47 18,1,70,,36294,3,0,47 18,1,30,,36298,3,0,47 18,1,70,,24413,3,0,47 18,1
32001,'6',616,,36317,3,0,47 18,1,30,,36326,3,0,47 18,1,70,,36314,3,0,47 18,1,30,,36324,3,0,47 18,1,70,,36320,3,0,47 18,1,30,,36322,3,0,47 18,1,70,,36311,3,0,47 18,1,30,,36315,3,0,47 18,1,70,,36316,3,0,47 18,1,30,,36328,3,0,47 18,1,70,,36319,3,0,47 18,1,30,,36321,3,0,47 18,1,70,,36313,3,0,47 18,1,30,,36325,3,0,47 18,1,70,,36309,3,0,47 18,1,30,,36329,3,0,47 18,1,70,,36310,3,0,47 18,1,30,,36308,3,0,47 18,1,70,,36306,3,0,47 18,1,30,,36312,3,0,47 18,1,70,,36330,3,0,47 18,1,30,,36327,3,0,47 18,1,70,,36318,3,0,47 18,1,30,,36323,3,0,47 18,1,70,,36307,3,0,47 18,1
42001,'1',646,,41409,3,0,47 18,1,70,,31125,3,0,47 18,1,30,,41422,3,0,47 18,1,70,,41407,3,0,47 18,1,30,,41419,3,0,47 18,1,70,,41399,3,0,47 18,1,30,,41410,3,0,47 18,1,70,,41413,3,0,47 18,1,30,,32249,3,0,47 18,1,70,,41415,3,0,47 18,1,30,,41414,3,0,47 18,1,70,,41421,3,0,47 18,1,30,,41412,3,0,47 18,1,70,,41423,3,0,47 18,1,30,,41401,3,0,47 18,1,70,,41424,3,0,47 18,1,30,,41405,3,0,47 18,1,70,,41417,3,0,47 18,1,30,,41420,3,0,47 18,1,70,,41403,3,0,47 18,1,30,,41406,3,0,47 18,1,70,,41404,3,0,47 18,1,30,,31494,3,0,47 18,1,70,,41400,3,0,47 18,1,30,,41418,3,0,47 18,1,100,,41402,3,0,47 18,1,100,,41416,3,0,47 18,1,100,,41411,3,0,47 18,1,100,,29668,3,0,47 18,1,100,,41408,3,0,47 18,1
42001,'11',646,,41437,3,0,47 18,1,70,,41447,3,0,47 18,1,30,,41452,3,0,47 18,1,70,,41435,3,0,47 18,1,30,,41448,3,0,47 18,1,70,,41425,3,0,47 18,1,30,,41438,3,0,47 18,1,70,,41441,3,0,47 18,1,30,,41427,3,0,47 18,1,70,,41443,3,0,47 18,1,30,,41442,3,0,47 18,1,70,,41450,3,0,47 18,1,30,,41440,3,0,47 18,1,70,,41453,3,0,47 18,1,30,,41428,3,0,47 18,1,70,,41454,3,0,47 18,1,30,,41433,3,0,47 18,1,70,,41445,3,0,47 18,1,30,,41449,3,0,47 18,1,70,,41431,3,0,47 18,1,30,,41434,3,0,47 18,1,70,,41432,3,0,47 18,1,30,,41429,3,0,47 18,1,70,,41426,3,0,47 18,1,30,,41446,3,0,47 18,1,100,,41430,3,0,47 18,1,100,,41444,3,0,47 18,1,100,,41439,3,0,47 18,1,100,,41451,3,0,47 18,1,100,,41436,3,0,47 18,1
42001,'12',1846,,41456,3,0,47 18,1,100,,41459,3,0,47 18,1,100,,41460,3,0,47 18,1,100,,41455,3,0,47 18,1,100,,41458,3,0,47 18,1,100,,41457,3,0,47 18,1
42001,'13',1846,,41462,3,0,47 18,1,100,,41463,3,0,47 18,1,100,,41464,3,0,47 18,1,100,,41461,3,0,47 18,1,100,,28610,3,0,47 18,1,100,,27812,3,0,47 18,1
42001,'14',1046,,41473,3,0,47 18,1,70,,41474,3,0,47 18,1,30,,41477,3,0,47 18,1,70,,41478,3,0,47 18,1,30,,41470,3,0,47 18,1,70,,41469,3,0,47 18,1,30,,41471,3,0,47 18,1,70,,41472,3,0,47 18,1,30,,41475,3,0,47 18,1,70,,41465,3,0,47 18,1,30,,41468,3,0,47 18,1,70,,41479,3,0,47 18,1,30,,41466,3,0,47 18,1,70,,41476,3,0,47 18,1,30,,41467,3,0,47 18,1
42001,'16',646,,41490,3,0,47 18,1,70,,25240,3,0,47 18,1,30,,41503,3,0,47 18,1,70,,41488,3,0,47 18,1,30,,41500,3,0,47 18,1,70,,41480,3,0,47 18,1,30,,41491,3,0,47 18,1,70,,41494,3,0,47 18,1,30,,23984,3,0,47 18,1,70,,41496,3,0,47 18,1,30,,41495,3,0,47 18,1,70,,41502,3,0,47 18,1,30,,41493,3,0,47 18,1,70,,41504,3,0,47 18,1,30,,41482,3,0,47 18,1,70,,41505,3,0,47 18,1,30,,41486,3,0,47 18,1,70,,41498,3,0,47 18,1,30,,41501,3,0,47 18,1,70,,41484,3,0,47 18,1,30,,41487,3,0,47 18,1,70,,41485,3,0,47 18,1,30,,31534,3,0,47 18,1,70,,41481,3,0,47 18,1,30,,41499,3,0,47 18,1,100,,41483,3,0,47 18,1,100,,41497,3,0,47 18,1,100,,41492,3,0,47 18,1,100,,29787,3,0,47 18,1,100,,41489,3,0,47 18,1
42001,'3',1846,,41507,3,0,47 18,1,100,,41508,3,0,47 18,1,100,,41509,3,0,47 18,1,100,,41506,3,0,47 18,1,100,,28652,3,0,47 18,1,100,,27835,3,0,47 18,1
42001,'6',1846,,41511,3,0,47 18,1,100,,41514,3,0,47 18,1,100,,41515,3,0,47 18,1,100,,41510,3,0,47 18,1,100,,41513,3,0,47 18,1,100,,41512,3,0,47 18,1
42001,'8',846,,41530,3,0,47 18,1,70,,32154,3,0,47 18,1,30,,41517,3,0,47 18,1,70,,41524,3,0,47 18,1,30,,41522,3,0,47 18,1,70,,41534,3,0,47 18,1,30,,41518,3,0,47 18,1,70,,41516,3,0,47 18,1,30,,41528,3,0,47 18,1,70,,41520,3,0,47 18,1,30,,41527,3,0,47 18,1,70,,41519,3,0,47 18,1,30,,41536,3,0,47 18,1,70,,41535,3,0,47 18,1,30,,41533,3,0,47 18,1,70,,41531,3,0,47 18,1,30,,41523,3,0,47 18,1,70,,41521,3,0,47 18,1,30,,41532,3,0,47 18,1,70,,41526,3,0,47 18,1,30,,41529,3,0,47 18,1,70,,41525,3,0,47 18,1,30,,41537,3,0,47 18,1
