33100,'15',736,,14877,8,0,55,1,100,,14871,8,0,55,1,100,,14870,8,0,55,1,100,,14876,8,0,55,1,100,,14868,8,0,55,1,100,,14875,8,0,55,1,100,,14873,8,0,55,1,100,,14869,8,0,55,1,100,,14872,8,0,55,1,100,,14878,8,0,55,1,100,,14874,8,0,55,1
33100,'16',706,,5230,8,0,55,1,30,,14896,8,0,55,1,70,,14880,8,0,55,1,30,,14883,8,0,55,1,70,,14886,8,0,55,1,30,,4578,8,0,55,1,70,,14888,8,0,55,1,30,,14892,8,0,55,1,70,,14895,8,0,55,1,30,,14879,8,0,55,1,70,,5263,8,0,55,1,30,,14891,8,0,55,1,70,,14884,8,0,55,1,30,,14887,8,0,55,1,70,,14890,8,0,55,1,30,,14881,8,0,55,1,70,,4239,8,0,55,1,30,,14885,8,0,55,1,70,,14893,8,0,55,1,30,,14897,8,0,55,1,70,,14882,8,0,55,1,30,,14889,8,0,55,1,70,,14894,8,0,55,1
33100,'17',706,,5280,8,0,55,1,30,,14914,8,0,55,1,70,,14899,8,0,55,1,30,,14902,8,0,55,1,70,,14905,8,0,55,1,30,,4591,8,0,55,1,70,,14907,8,0,55,1,30,,4403,8,0,55,1,70,,14913,8,0,55,1,30,,14898,8,0,55,1,70,,5313,8,0,55,1,30,,14910,8,0,55,1,70,,14903,8,0,55,1,30,,14906,8,0,55,1,70,,14909,8,0,55,1,30,,14900,8,0,55,1,70,,4261,8,0,55,1,30,,14904,8,0,55,1,70,,14911,8,0,55,1,30,,14915,8,0,55,1,70,,14901,8,0,55,1,30,,14908,8,0,55,1,70,,14912,8,0,55,1
33100,'19',706,,14931,8,0,55,1,30,,14933,8,0,55,1,70,,14934,8,0,55,1,30,,8069,8,0,55,1,70,,14927,8,0,55,1,30,,14920,8,0,55,1,70,,14935,8,0,55,1,30,,14929,8,0,55,1,70,,14919,8,0,55,1,30,,14917,8,0,55,1,70,,14924,8,0,55,1,30,,14928,8,0,55,1,70,,14930,8,0,55,1,30,,14926,8,0,55,1,70,,14916,8,0,55,1,30,,14918,8,0,55,1,70,,14925,8,0,55,1,30,,14923,8,0,55,1,70,,7981,8,0,55,1,30,,14936,8,0,55,1,70,,14932,8,0,55,1,30,,14922,8,0,55,1,70,,14921,8,0,55,1
33100,'5',706,,14945,8,0,55,1,30,,14949,8,0,55,1,70,,14940,8,0,55,1,30,,14939,8,0,55,1,70,,14953,8,0,55,1,30,,4618,8,0,55,1,70,,4869,8,0,55,1,30,,14947,8,0,55,1,70,,14948,8,0,55,1,30,,8411,8,0,55,1,70,,8525,8,0,55,1,30,,14946,8,0,55,1,70,,1347,8,0,55,1,30,,14944,8,0,55,1,70,,14952,8,0,55,1,30,,14937,8,0,55,1,70,,14950,8,0,55,1,30,,14942,8,0,55,1,70,,14938,8,0,55,1,30,,14951,8,0,55,1,70,,375,8,0,55,1,30,,14941,8,0,55,1,70,,14943,8,0,55,1
33100,'6',736,,14963,8,0,55,1,100,,14957,8,0,55,1,100,,14956,8,0,55,1,100,,14962,8,0,55,1,100,,14954,8,0,55,1,100,,14961,8,0,55,1,100,,14959,8,0,55,1,100,,14955,8,0,55,1,100,,14958,8,0,55,1,100,,14964,8,0,55,1,100,,14960,8,0,55,1
43100,'10',706,,20562,8,0,55,1,30,,20558,8,0,55,1,70,,20576,8,0,55,1,30,,20568,8,0,55,1,70,,20566,8,0,55,1,30,,20565,8,0,55,1,70,,20581,8,0,55,1,30,,20584,8,0,55,1,70,,20557,8,0,55,1,30,,20553,8,0,55,1,70,,20561,8,0,55,1,30,,20578,8,0,55,1,70,,20564,8,0,55,1,30,,20574,8,0,55,1,71,,20571,8,0,55,1,30,,20559,8,0,55,1,70,,20575,8,0,55,1,30,,20577,8,0,55,1,70,,20567,8,0,55,1,30,,20580,8,0,55,1,70,,20579,8,0,55,1,30,,20572,8,0,55,1,70,,20583,8,0,55,1,30,,20552,8,0,55,1,69,,20570,8,0,55,1,30,,20573,8,0,55,1,70,,20554,8,0,55,1,30,,20551,8,0,55,1,70,,20563,8,0,55,1,30,,20555,8,0,55,1,70,,20556,8,0,55,1,30,,20560,8,0,55,1,70,,20582,8,0,55,1,30,,20569,8,0,55,1
43100,'15',1837,,20589,8,0,55,1,99,,20587,8,0,55,1,100,,20590,8,0,55,1,100,,20585,8,0,55,1,100,,20588,8,0,55,1,100,,20586,8,0,55,1
43100,'16',1837,,20592,8,0,55,1,69,,20599,8,0,55,1,30,,20595,8,0,55,1,70,,20594,8,0,55,1,30,,20598,8,0,55,1,70,,88,8,0,55,1,30,,20591,8,0,55,1,70,,20597,8,0,55,1,30,,1486,8,0,55,1,100,,20596,8,0,55,1,70,,20593,8,0,55,1
43100,'17',1837,,20601,8,0,55,1,69,,20607,8,0,55,1,30,,20604,8,0,55,1,70,,20603,8,0,55,1,30,,20606,8,0,55,1,70,,135,8,0,55,1,30,,20600,8,0,55,1,70,,4325,8,0,55,1,30,,1510,8,0,55,1,100,,20605,8,0,55,1,70,,20602,8,0,55,1
43100,'19',1837,,20609,8,0,55,1,99,,20610,8,0,55,1,100,,20613,8,0,55,1,100,,20608,8,0,55,1,100,,20612,8,0,55,1,100,,20611,8,0,55,1
43100,'5',1837,,20614,8,0,55,1,69,,20620,8,0,55,1,30,,20619,8,0,55,1,70,,20617,8,0,55,1,30,,20621,8,0,55,1,70,,20616,8,0,55,1,30,,20615,8,0,55,1,70,,20622,8,0,55,1,30,,1534,8,0,55,1,100,,20618,8,0,55,1
43100,'6',1837,,20627,8,0,55,1,99,,20625,8,0,55,1,100,,20628,8,0,55,1,100,,20623,8,0,55,1,100,,20626,8,0,55,1,100,,20624,8,0,55,1
