30100,'1',618,,16,38,0,5 6,1,30,,28,38,0,5 6,1,70,,31,38,0,5 6,1,30,,26,38,0,5 6,1,70,,43,38,0,5 6,1,30,,15,38,0,5 6,1,70,,10,38,0,5 6,1,30,,2,38,0,5 6,1,70,,46,38,0,5 6,1,30,,11,38,0,5 6,1,70,,27,38,0,5 6,1,30,,7,38,0,5 6,1,70,,18,38,0,5 6,1,30,,38,38,0,5 6,1,70,,17,38,0,5 6,1,30,,12,38,0,5 6,1,70,,36,38,0,5 6,1,30,,6,38,0,5 6,1,70,,33,38,0,5 6,1,30,,19,38,0,5 6,1,70,,1,38,0,5 6,1,30,,24,38,0,5 6,1,70,,21,38,0,5 6,1,30,,37,38,0,5 6,1
30100,'10',618,,63,38,0,5 6,1,30,,75,38,0,5 6,1,70,,78,38,0,5 6,1,30,,73,38,0,5 6,1,70,,90,38,0,5 6,1,30,,62,38,0,5 6,1,70,,57,38,0,5 6,1,30,,49,38,0,5 6,1,70,,93,38,0,5 6,1,30,,58,38,0,5 6,1,70,,74,38,0,5 6,1,30,,54,38,0,5 6,1,70,,65,38,0,5 6,1,30,,85,38,0,5 6,1,70,,64,38,0,5 6,1,30,,59,38,0,5 6,1,70,,83,38,0,5 6,1,30,,53,38,0,5 6,1,70,,80,38,0,5 6,1,30,,66,38,0,5 6,1,70,,48,38,0,5 6,1,30,,71,38,0,5 6,1,70,,68,38,0,5 6,1,30,,84,38,0,5 6,1
30100,'11',618,,110,38,0,5 6,1,30,,122,38,0,5 6,1,70,,125,38,0,5 6,1,30,,120,38,0,5 6,1,70,,137,38,0,5 6,1,30,,109,38,0,5 6,1,70,,104,38,0,5 6,1,30,,96,38,0,5 6,1,70,,140,38,0,5 6,1,30,,105,38,0,5 6,1,70,,121,38,0,5 6,1,30,,101,38,0,5 6,1,70,,112,38,0,5 6,1,30,,132,38,0,5 6,1,70,,111,38,0,5 6,1,30,,106,38,0,5 6,1,70,,130,38,0,5 6,1,30,,100,38,0,5 6,1,70,,127,38,0,5 6,1,30,,113,38,0,5 6,1,70,,95,38,0,5 6,1,30,,118,38,0,5 6,1,70,,115,38,0,5 6,1,30,,131,38,0,5 6,1
30100,'3',618,,157,38,0,5 6,1,30,,169,38,0,5 6,1,70,,172,38,0,5 6,1,30,,167,38,0,5 6,1,70,,184,38,0,5 6,1,30,,156,38,0,5 6,1,70,,151,38,0,5 6,1,30,,143,38,0,5 6,1,70,,187,38,0,5 6,1,30,,152,38,0,5 6,1,70,,168,38,0,5 6,1,30,,148,38,0,5 6,1,70,,159,38,0,5 6,1,30,,179,38,0,5 6,1,70,,158,38,0,5 6,1,30,,153,38,0,5 6,1,70,,177,38,0,5 6,1,30,,147,38,0,5 6,1,70,,174,38,0,5 6,1,30,,160,38,0,5 6,1,70,,142,38,0,5 6,1,30,,165,38,0,5 6,1,70,,162,38,0,5 6,1,30,,178,38,0,5 6,1
40100,'1',1812,,5800,38,0,8,1,100,,5797,38,0,8,1,100,,5804,38,0,8,1,100,,5809,38,0,8,1,100,,5803,38,0,8,1,100,,5802,38,0,8,1,100,,5798,38,0,8,1
40100,'10',1812,,5814,38,0,8,1,100,,5811,38,0,8,1,100,,5818,38,0,8,1,100,,5823,38,0,8,1,100,,5817,38,0,8,1,100,,5816,38,0,8,1,100,,5812,38,0,8,1
40100,'11',1812,,5828,38,0,8,1,100,,5825,38,0,8,1,100,,5832,38,0,8,1,100,,5837,38,0,8,1,100,,5831,38,0,8,1,100,,5830,38,0,8,1,100,,5826,38,0,8,1
40100,'12',1112,,5842,38,0,8,1,100,,5854,38,0,8,1,100,,5850,38,0,8,1,100,,5839,38,0,8,1,100,,5840,38,0,8,1,100,,5845,38,0,8,1,100,,5848,38,0,8,1,100,,5843,38,0,8,1
40100,'14',642,,5907,38,0,8,1,70,,5862,38,0,8,1,30,,5901,38,0,8,1,70,,5909,38,0,8,1,30,,5905,38,0,8,1,70,,5913,38,0,8,1,30,,5863,38,0,8,1,70,,5869,38,0,8,1,30,,5865,38,0,8,1,70,,5895,38,0,8,1,30,,5896,38,0,8,1,70,,5856,38,0,8,1,30,,5908,38,0,8,1,70,,5885,38,0,8,1,30,,5875,38,0,8,1,70,,5910,38,0,8,1,30,,5891,38,0,8,1,70,,5898,38,0,8,1,30,,5897,38,0,8,1,70,,5881,38,0,8,1,30,,5870,38,0,8,1,70,,5886,38,0,8,1,30,,5902,38,0,8,1,70,,5914,38,0,8,1,100,,5912,38,0,8,1,100,,5872,38,0,8,1,100,,5889,38,0,8,1,100,,5903,38,0,8,1,100,,5880,38,0,8,1,100,,5911,38,0,8,1
40100,'3',1812,,5918,38,0,8,1,100,,5915,38,0,8,1,100,,5922,38,0,8,1,100,,5927,38,0,8,1,100,,5921,38,0,8,1,100,,5920,38,0,8,1,100,,5916,38,0,8,1
40100,'7',912,,5944,38,0,8,1,100,,5966,38,0,8,1,30,,5968,38,0,8,1,70,,5930,38,0,8,1,30,,5945,38,0,8,1,70,,5947,38,0,8,1,30,,5961,38,0,8,1,70,,5936,38,0,8,1,30,,5955,38,0,8,1,70,,5935,38,0,8,1,30,,5957,38,0,8,1,70,,5931,38,0,8,1,30,,5965,38,0,8,1,70,,5967,38,0,8,1,30,,5964,38,0,8,1,70,,5959,38,0,8,1,30,,5954,38,0,8,1,70,,5953,38,0,8,1,100,,5942,38,0,8,1,100,,5948,38,0,8,1
