31801,'1',615,,3626,28,0,45 50,1,30,,3623,28,0,45 50,1,71,,3627,28,0,45 50,1,30,,3615,28,0,45 50,1,70,,3628,28,0,45 50,1,30,,3616,28,0,45 50,1,70,,3607,28,0,45 50,1,30,,3618,28,0,45 50,1,71,,3624,28,0,45 50,1,30,,3631,28,0,45 50,1,70,,3619,28,0,45 50,1,30,,3608,28,0,45 50,1,70,,3625,28,0,45 50,1,30,,3622,28,0,45 50,1,70,,3620,28,0,45 50,1,30,,3611,28,0,45 50,1,68,,3613,28,0,45 50,1,30,,3629,28,0,45 50,1,70,,3610,28,0,45 50,1,30,,3632,28,0,45 50,1,70,,3617,28,0,45 50,1,30,,3621,28,0,45 50,1,70,,3630,28,0,45 50,1,30,,3609,28,0,45 50,1,72,,3612,28,0,45 50,1,29,,3614,28,0,45 50,1
31801,'10',615,,3652,28,0,45 50,1,30,,3649,28,0,45 50,1,71,,3653,28,0,45 50,1,30,,3641,28,0,45 50,1,70,,3654,28,0,45 50,1,30,,3642,28,0,45 50,1,70,,3633,28,0,45 50,1,30,,3644,28,0,45 50,1,71,,3650,28,0,45 50,1,30,,3657,28,0,45 50,1,70,,3645,28,0,45 50,1,30,,3634,28,0,45 50,1,70,,3651,28,0,45 50,1,30,,3648,28,0,45 50,1,70,,3646,28,0,45 50,1,30,,3637,28,0,45 50,1,68,,3639,28,0,45 50,1,30,,3655,28,0,45 50,1,70,,3636,28,0,45 50,1,30,,3658,28,0,45 50,1,70,,3643,28,0,45 50,1,30,,3647,28,0,45 50,1,70,,3656,28,0,45 50,1,30,,3635,28,0,45 50,1,72,,3638,28,0,45 50,1,29,,3640,28,0,45 50,1
31801,'11',615,,3678,28,0,45 50,1,30,,3675,28,0,45 50,1,71,,3680,28,0,45 50,1,30,,3667,28,0,45 50,1,70,,3681,28,0,45 50,1,30,,3668,28,0,45 50,1,70,,3659,28,0,45 50,1,30,,3670,28,0,45 50,1,71,,3676,28,0,45 50,1,30,,3684,28,0,45 50,1,70,,3671,28,0,45 50,1,30,,3660,28,0,45 50,1,70,,3677,28,0,45 50,1,30,,3674,28,0,45 50,1,70,,3672,28,0,45 50,1,30,,3663,28,0,45 50,1,68,,3665,28,0,45 50,1,30,,3682,28,0,45 50,1,70,,3661,28,0,45 50,1,30,,3662,28,0,45 50,1,70,,3669,28,0,45 50,1,30,,3673,28,0,45 50,1,70,,3683,28,0,45 50,1,30,,3679,28,0,45 50,1,72,,3664,28,0,45 50,1,29,,3666,28,0,45 50,1
31801,'3',615,,3704,28,0,45 50,1,30,,3701,28,0,45 50,1,71,,3706,28,0,45 50,1,30,,3693,28,0,45 50,1,70,,3707,28,0,45 50,1,30,,3694,28,0,45 50,1,70,,3685,28,0,45 50,1,30,,3696,28,0,45 50,1,71,,3702,28,0,45 50,1,30,,3710,28,0,45 50,1,70,,3697,28,0,45 50,1,30,,3686,28,0,45 50,1,70,,3703,28,0,45 50,1,30,,3700,28,0,45 50,1,70,,3698,28,0,45 50,1,30,,3689,28,0,45 50,1,68,,3691,28,0,45 50,1,30,,3708,28,0,45 50,1,70,,3687,28,0,45 50,1,30,,3688,28,0,45 50,1,70,,3695,28,0,45 50,1,30,,3699,28,0,45 50,1,70,,3709,28,0,45 50,1,30,,3705,28,0,45 50,1,72,,3690,28,0,45 50,1,29,,3692,28,0,45 50,1
41801,'1',1902,,7880,28,0,45 50,1,99,,7882,28,0,45 50,1,100,,7884,28,0,45 50,1,100,,7883,28,0,45 50,1,100,,7881,28,0,45 50,1
41801,'10',1902,,7885,28,0,45 50,1,99,,7887,28,0,45 50,1,100,,7889,28,0,45 50,1,100,,7888,28,0,45 50,1,100,,7886,28,0,45 50,1
41801,'11',1902,,7890,28,0,45 50,1,99,,7892,28,0,45 50,1,100,,7894,28,0,45 50,1,100,,7893,28,0,45 50,1,100,,7891,28,0,45 50,1
41801,'12',1202,,7895,28,0,45 50,1,100,,7898,28,0,45 50,1,100,,7899,28,0,45 50,1,100,,7900,28,0,45 50,1,100,,7897,28,0,45 50,1,100,,7901,28,0,45 50,1,100,,7896,28,0,45 50,1
41801,'14',631,,7926,28,0,45 50,1,70,,7905,28,0,45 50,1,30,,7924,28,0,45 50,1,70,,7928,28,0,45 50,1,30,,7908,28,0,45 50,1,70,,7910,28,0,45 50,1,30,,7920,28,0,45 50,1,70,,7930,28,0,45 50,1,31,,7925,28,0,45 50,1,70,,7929,28,0,45 50,1,30,,7916,28,0,45 50,1,70,,7907,28,0,45 50,1,30,,7903,28,0,45 50,1,70,,7927,28,0,45 50,1,30,,7904,28,0,45 50,1,70,,7923,28,0,45 50,1,30,,7906,28,0,45 50,1,70,,7911,28,0,45 50,1,30,,7917,28,0,45 50,1,70,,7913,28,0,45 50,1,30,,7902,28,0,45 50,1,70,,7914,28,0,45 50,1,30,,7931,28,0,45 50,1,70,,7919,28,0,45 50,1,30,,7915,28,0,45 50,1,70,,7909,28,0,45 50,1,99,,7918,28,0,45 50,1,100,,7922,28,0,45 50,1,100,,7912,28,0,45 50,1,100,,7921,28,0,45 50,1
41801,'3',1902,,7932,28,0,45 50,1,99,,7934,28,0,45 50,1,100,,7936,28,0,45 50,1,100,,7935,28,0,45 50,1,100,,7933,28,0,45 50,1
41801,'7',901,,7947,28,0,45 50,1,100,,7949,28,0,45 50,1,101,,7952,28,0,45 50,1,30,,7942,28,0,45 50,1,70,,7944,28,0,45 50,1,30,,7939,28,0,45 50,1,70,,7951,28,0,45 50,1,30,,7946,28,0,45 50,1,70,,7956,28,0,45 50,1,30,,7941,28,0,45 50,1,70,,7954,28,0,45 50,1,30,,7938,28,0,45 50,1,70,,7943,28,0,45 50,1,30,,7950,28,0,45 50,1,70,,7937,28,0,45 50,1,30,,7955,28,0,45 50,1,70,,7945,28,0,45 50,1,30,,7953,28,0,45 50,1,70,,7948,28,0,45 50,1,99,,7940,28,0,45 50,1
