30600,'12',607,,33883,15,0,7,1,30,,33881,15,0,7,1,70,,33882,15,0,7,1,30,,33861,15,0,7,1,70,,33866,15,0,7,1,30,,33879,15,0,7,1,70,,33864,15,0,7,1,30,,33869,15,0,7,1,70,,33863,15,0,7,1,30,,33878,15,0,7,1,70,,33884,15,0,7,1,30,,33876,15,0,7,1,70,,33865,15,0,7,1,30,,33872,15,0,7,1,70,,33875,15,0,7,1,30,,33862,15,0,7,1,71,,33874,15,0,7,1,30,,33871,15,0,7,1,70,,33880,15,0,7,1,30,,33870,15,0,7,1,70,,33868,15,0,7,1,30,,33867,15,0,7,1,70,,33873,15,0,7,1,30,,33877,15,0,7,1
30600,'13',607,,33904,15,0,7,1,30,,33902,15,0,7,1,70,,33903,15,0,7,1,30,,33885,15,0,7,1,70,,33889,15,0,7,1,30,,33900,15,0,7,1,70,,29025,15,0,7,1,30,,33892,15,0,7,1,70,,33887,15,0,7,1,30,,33899,15,0,7,1,70,,33905,15,0,7,1,30,,33897,15,0,7,1,70,,33888,15,0,7,1,30,,33895,15,0,7,1,70,,33896,15,0,7,1,30,,33886,15,0,7,1,71,,32474,15,0,7,1,30,,33894,15,0,7,1,70,,33901,15,0,7,1,30,,33893,15,0,7,1,70,,33891,15,0,7,1,30,,33890,15,0,7,1,70,,28902,15,0,7,1,30,,33898,15,0,7,1
30600,'3',607,,33925,15,0,7,1,30,,33923,15,0,7,1,70,,33924,15,0,7,1,30,,33906,15,0,7,1,70,,33910,15,0,7,1,30,,33921,15,0,7,1,70,,29032,15,0,7,1,30,,33913,15,0,7,1,70,,33908,15,0,7,1,30,,33920,15,0,7,1,70,,33926,15,0,7,1,30,,33918,15,0,7,1,70,,33909,15,0,7,1,30,,33916,15,0,7,1,70,,33917,15,0,7,1,30,,33907,15,0,7,1,71,,32479,15,0,7,1,30,,33915,15,0,7,1,70,,33922,15,0,7,1,30,,33914,15,0,7,1,70,,33912,15,0,7,1,30,,33911,15,0,7,1,70,,28926,15,0,7,1,30,,33919,15,0,7,1
30600,'6',607,,33949,15,0,7,1,30,,33947,15,0,7,1,70,,33948,15,0,7,1,30,,33927,15,0,7,1,70,,33932,15,0,7,1,30,,33945,15,0,7,1,70,,33930,15,0,7,1,30,,33935,15,0,7,1,70,,33929,15,0,7,1,30,,33944,15,0,7,1,70,,33950,15,0,7,1,30,,33942,15,0,7,1,70,,33931,15,0,7,1,30,,33938,15,0,7,1,70,,33941,15,0,7,1,30,,33928,15,0,7,1,71,,33940,15,0,7,1,30,,33937,15,0,7,1,70,,33946,15,0,7,1,30,,33936,15,0,7,1,70,,33934,15,0,7,1,30,,33933,15,0,7,1,70,,33939,15,0,7,1,30,,33943,15,0,7,1
40600,'1',622,,38838,15,0,9 10,1,30,,38821,15,0,9 10,1,70,,38820,15,0,9 10,1,30,,38834,15,0,9 10,1,70,,31587,15,0,9 10,1,30,,38836,15,0,9 10,1,70,,38828,15,0,9 10,1,30,,38830,15,0,9 10,1,70,,38824,15,0,9 10,1,30,,38829,15,0,9 10,1,70,,38817,15,0,9 10,1,30,,38827,15,0,9 10,1,70,,38816,15,0,9 10,1,30,,29422,15,0,9 10,1,70,,38837,15,0,9 10,1,30,,38826,15,0,9 10,1,70,,31583,15,0,9 10,1,30,,38823,15,0,9 10,1,70,,38814,15,0,9 10,1,30,,23436,15,0,9 10,1,70,,38831,15,0,9 10,1,30,,38822,15,0,9 10,1,70,,38815,15,0,9 10,1,30,,38825,15,0,9 10,1,70,,38835,15,0,9 10,1,100,,30676,15,0,9 10,1,100,,38833,15,0,9 10,1,100,,38819,15,0,9 10,1,100,,38832,15,0,9 10,1,100,,38818,15,0,9 10,1
40600,'11',622,,38868,15,0,9 10,1,30,,38849,15,0,9 10,1,70,,38848,15,0,9 10,1,30,,38864,15,0,9 10,1,70,,38846,15,0,9 10,1,30,,38866,15,0,9 10,1,70,,38856,15,0,9 10,1,30,,38860,15,0,9 10,1,70,,38852,15,0,9 10,1,30,,38857,15,0,9 10,1,70,,38844,15,0,9 10,1,30,,38855,15,0,9 10,1,70,,38843,15,0,9 10,1,30,,38859,15,0,9 10,1,70,,38867,15,0,9 10,1,30,,38854,15,0,9 10,1,70,,38842,15,0,9 10,1,30,,38851,15,0,9 10,1,70,,38840,15,0,9 10,1,30,,38858,15,0,9 10,1,70,,38861,15,0,9 10,1,30,,38850,15,0,9 10,1,70,,38841,15,0,9 10,1,30,,38853,15,0,9 10,1,70,,38865,15,0,9 10,1,100,,38839,15,0,9 10,1,100,,38863,15,0,9 10,1,100,,38847,15,0,9 10,1,100,,38862,15,0,9 10,1,100,,38845,15,0,9 10,1
40600,'12',1822,,38874,15,0,9 10,1,100,,38871,15,0,9 10,1,100,,38873,15,0,9 10,1,100,,38872,15,0,9 10,1,100,,38869,15,0,9 10,1,100,,38870,15,0,9 10,1
40600,'13',1822,,38880,15,0,9 10,1,100,,38877,15,0,9 10,1,100,,38879,15,0,9 10,1,100,,38878,15,0,9 10,1,100,,38875,15,0,9 10,1,100,,38876,15,0,9 10,1
40600,'14',1122,,38887,15,0,9 10,1,100,,38886,15,0,9 10,1,100,,38881,15,0,9 10,1,100,,38884,15,0,9 10,1,100,,38882,15,0,9 10,1,100,,38883,15,0,9 10,1,100,,38885,15,0,9 10,1
40600,'16',622,,38912,15,0,9 10,1,30,,38895,15,0,9 10,1,70,,38894,15,0,9 10,1,30,,38908,15,0,9 10,1,70,,24564,15,0,9 10,1,30,,38910,15,0,9 10,1,70,,38902,15,0,9 10,1,30,,38904,15,0,9 10,1,70,,38898,15,0,9 10,1,30,,38903,15,0,9 10,1,70,,38891,15,0,9 10,1,30,,38901,15,0,9 10,1,70,,38890,15,0,9 10,1,30,,29541,15,0,9 10,1,70,,38911,15,0,9 10,1,30,,38900,15,0,9 10,1,70,,31620,15,0,9 10,1,30,,38897,15,0,9 10,1,70,,38888,15,0,9 10,1,30,,30164,15,0,9 10,1,70,,38905,15,0,9 10,1,30,,38896,15,0,9 10,1,70,,38889,15,0,9 10,1,30,,38899,15,0,9 10,1,70,,38909,15,0,9 10,1,100,,30714,15,0,9 10,1,100,,38907,15,0,9 10,1,100,,38893,15,0,9 10,1,100,,38906,15,0,9 10,1,100,,38892,15,0,9 10,1
40600,'3',1822,,38918,15,0,9 10,1,100,,38915,15,0,9 10,1,100,,38917,15,0,9 10,1,100,,38916,15,0,9 10,1,100,,38913,15,0,9 10,1,100,,38914,15,0,9 10,1
40600,'6',1822,,38924,15,0,9 10,1,100,,38921,15,0,9 10,1,100,,38923,15,0,9 10,1,100,,38922,15,0,9 10,1,100,,38919,15,0,9 10,1,100,,38920,15,0,9 10,1
40600,'8',922,,38931,15,0,9 10,1,100,,38940,15,0,9 10,1,30,,38927,15,0,9 10,1,70,,38926,15,0,9 10,1,30,,38937,15,0,9 10,1,70,,38936,15,0,9 10,1,30,,38925,15,0,9 10,1,70,,30747,15,0,9 10,1,30,,38938,15,0,9 10,1,70,,38941,15,0,9 10,1,30,,38935,15,0,9 10,1,70,,38934,15,0,9 10,1,30,,38930,15,0,9 10,1,70,,32157,15,0,9 10,1,30,,38933,15,0,9 10,1,70,,38939,15,0,9 10,1,30,,38932,15,0,9 10,1,70,,38929,15,0,9 10,1,100,,38928,15,0,9 10,1
