30100,'1',601,,16,4,0,5 6,1,30,,28,4,0,5 6,1,70,,31,4,0,5 6,1,30,,26,4,0,5 6,1,70,,43,4,0,5 6,1,30,,15,4,0,5 6,1,70,,10,4,0,5 6,1,30,,2,4,0,5 6,1,70,,46,4,0,5 6,1,30,,11,4,0,5 6,1,70,,27,4,0,5 6,1,30,,7,4,0,5 6,1,70,,18,4,0,5 6,1,30,,38,4,0,5 6,1,70,,17,4,0,5 6,1,30,,12,4,0,5 6,1,70,,36,4,0,5 6,1,30,,6,4,0,5 6,1,70,,33,4,0,5 6,1,30,,19,4,0,5 6,1,70,,1,4,0,5 6,1,30,,24,4,0,5 6,1,70,,21,4,0,5 6,1,30,,37,4,0,5 6,1
30100,'10',601,,63,4,0,5 6,1,30,,75,4,0,5 6,1,70,,78,4,0,5 6,1,30,,73,4,0,5 6,1,70,,90,4,0,5 6,1,30,,62,4,0,5 6,1,70,,57,4,0,5 6,1,30,,49,4,0,5 6,1,70,,93,4,0,5 6,1,30,,58,4,0,5 6,1,70,,74,4,0,5 6,1,30,,54,4,0,5 6,1,70,,65,4,0,5 6,1,30,,85,4,0,5 6,1,70,,64,4,0,5 6,1,30,,59,4,0,5 6,1,70,,83,4,0,5 6,1,30,,53,4,0,5 6,1,70,,80,4,0,5 6,1,30,,66,4,0,5 6,1,70,,48,4,0,5 6,1,30,,71,4,0,5 6,1,70,,68,4,0,5 6,1,30,,84,4,0,5 6,1
30100,'11',601,,110,4,0,5 6,1,30,,122,4,0,5 6,1,70,,125,4,0,5 6,1,30,,120,4,0,5 6,1,70,,137,4,0,5 6,1,30,,109,4,0,5 6,1,70,,104,4,0,5 6,1,30,,96,4,0,5 6,1,70,,140,4,0,5 6,1,30,,105,4,0,5 6,1,70,,121,4,0,5 6,1,30,,101,4,0,5 6,1,70,,112,4,0,5 6,1,30,,132,4,0,5 6,1,70,,111,4,0,5 6,1,30,,106,4,0,5 6,1,70,,130,4,0,5 6,1,30,,100,4,0,5 6,1,70,,127,4,0,5 6,1,30,,113,4,0,5 6,1,70,,95,4,0,5 6,1,30,,118,4,0,5 6,1,70,,115,4,0,5 6,1,30,,131,4,0,5 6,1
30100,'3',601,,157,4,0,5 6,1,30,,169,4,0,5 6,1,70,,172,4,0,5 6,1,30,,167,4,0,5 6,1,70,,184,4,0,5 6,1,30,,156,4,0,5 6,1,70,,151,4,0,5 6,1,30,,143,4,0,5 6,1,70,,187,4,0,5 6,1,30,,152,4,0,5 6,1,70,,168,4,0,5 6,1,30,,148,4,0,5 6,1,70,,159,4,0,5 6,1,30,,179,4,0,5 6,1,70,,158,4,0,5 6,1,30,,153,4,0,5 6,1,70,,177,4,0,5 6,1,30,,147,4,0,5 6,1,70,,174,4,0,5 6,1,30,,160,4,0,5 6,1,70,,142,4,0,5 6,1,30,,165,4,0,5 6,1,70,,162,4,0,5 6,1,30,,178,4,0,5 6,1
30101,'1',546,,198,4,0,5 15,1,70,,225,4,0,5 15,1,30,,202,4,0,5 15,1,70,,237,4,0,5 15,1,30,,229,4,0,5 15,1,70,,235,4,0,5 15,1,30,,218,4,0,5 15,1,70,,194,4,0,5 15,1,30,,205,4,0,5 15,1,71,,191,4,0,5 15,1,30,,221,4,0,5 15,1,70,,223,4,0,5 15,1,30,,214,4,0,5 15,1,70,,220,4,0,5 15,1,30,,212,4,0,5 15,1,70,,230,4,0,5 15,1,30,,210,4,0,5 15,1,70,,232,4,0,5 15,1,30,,222,4,0,5 15,1,70,,209,4,0,5 15,1,30,,199,4,0,5 15,1,70,,189,4,0,5 15,1,30,,217,4,0,5 15,1,70,,224,4,0,5 15,1,30,,195,4,0,5 15,1,70,,231,4,0,5 15,1
30101,'10',546,,248,4,0,5 15,1,70,,275,4,0,5 15,1,30,,252,4,0,5 15,1,70,,287,4,0,5 15,1,30,,279,4,0,5 15,1,70,,285,4,0,5 15,1,30,,268,4,0,5 15,1,70,,244,4,0,5 15,1,30,,255,4,0,5 15,1,71,,241,4,0,5 15,1,30,,271,4,0,5 15,1,70,,273,4,0,5 15,1,30,,264,4,0,5 15,1,70,,270,4,0,5 15,1,30,,262,4,0,5 15,1,70,,280,4,0,5 15,1,30,,260,4,0,5 15,1,70,,282,4,0,5 15,1,30,,272,4,0,5 15,1,70,,259,4,0,5 15,1,30,,249,4,0,5 15,1,70,,239,4,0,5 15,1,30,,267,4,0,5 15,1,70,,274,4,0,5 15,1,30,,245,4,0,5 15,1,70,,281,4,0,5 15,1
30101,'11',546,,298,4,0,5 15,1,70,,325,4,0,5 15,1,30,,302,4,0,5 15,1,70,,337,4,0,5 15,1,30,,329,4,0,5 15,1,70,,335,4,0,5 15,1,30,,318,4,0,5 15,1,70,,294,4,0,5 15,1,30,,305,4,0,5 15,1,71,,291,4,0,5 15,1,30,,321,4,0,5 15,1,70,,323,4,0,5 15,1,30,,314,4,0,5 15,1,70,,320,4,0,5 15,1,30,,312,4,0,5 15,1,70,,330,4,0,5 15,1,30,,310,4,0,5 15,1,70,,332,4,0,5 15,1,30,,322,4,0,5 15,1,70,,309,4,0,5 15,1,30,,299,4,0,5 15,1,70,,289,4,0,5 15,1,30,,317,4,0,5 15,1,70,,324,4,0,5 15,1,30,,295,4,0,5 15,1,70,,331,4,0,5 15,1
30101,'3',546,,348,4,0,5 15,1,70,,375,4,0,5 15,1,30,,352,4,0,5 15,1,70,,387,4,0,5 15,1,30,,379,4,0,5 15,1,70,,385,4,0,5 15,1,30,,368,4,0,5 15,1,70,,344,4,0,5 15,1,30,,355,4,0,5 15,1,71,,341,4,0,5 15,1,30,,371,4,0,5 15,1,70,,373,4,0,5 15,1,30,,364,4,0,5 15,1,70,,370,4,0,5 15,1,30,,362,4,0,5 15,1,70,,380,4,0,5 15,1,30,,360,4,0,5 15,1,70,,382,4,0,5 15,1,30,,372,4,0,5 15,1,70,,359,4,0,5 15,1,30,,349,4,0,5 15,1,70,,339,4,0,5 15,1,30,,367,4,0,5 15,1,70,,374,4,0,5 15,1,30,,345,4,0,5 15,1,70,,381,4,0,5 15,1
33701,'1',604,,5525,8,,,1,30,,5535,8,,,1,70,,5529,8,,,1,30,,5505,8,,,1,70,,5518,8,,,1,30,,5501,8,,,1,70,,5508,8,,,1,30,,5499,8,,,1,69,,5497,8,,,1,30,,5500,8,,,1,70,,5516,8,,,1,30,,5510,8,,,1,70,,5507,8,,,1,30,,5512,8,,,1,70,,5524,8,,,1,30,,5492,8,,,1,69,,5514,8,,,1,30,,5515,8,,,1,70,,5503,8,,,1,30,,5528,8,,,1,70,,5522,8,,,1,30,,5509,8,,,1,70,,5493,8,,,1,30,,5491,8,,,1,70,,5488,8,,,1
33701,'10',604,,5575,8,,,1,30,,5585,8,,,1,70,,5579,8,,,1,30,,5555,8,,,1,70,,5568,8,,,1,30,,5551,8,,,1,70,,5558,8,,,1,30,,5549,8,,,1,69,,5547,8,,,1,30,,5550,8,,,1,70,,5566,8,,,1,30,,5560,8,,,1,70,,5557,8,,,1,30,,5562,8,,,1,70,,5574,8,,,1,30,,5542,8,,,1,69,,5564,8,,,1,30,,5565,8,,,1,70,,5553,8,,,1,30,,5578,8,,,1,70,,5572,8,,,1,30,,5559,8,,,1,70,,5543,8,,,1,30,,5541,8,,,1,70,,5538,8,,,1
33701,'11',604,,5625,8,,,1,30,,5635,8,,,1,70,,5629,8,,,1,30,,5605,8,,,1,70,,5618,8,,,1,30,,5601,8,,,1,70,,5608,8,,,1,30,,5599,8,,,1,69,,5597,8,,,1,30,,5600,8,,,1,70,,5616,8,,,1,30,,5610,8,,,1,70,,5607,8,,,1,30,,5612,8,,,1,70,,5624,8,,,1,30,,5592,8,,,1,69,,5614,8,,,1,30,,5615,8,,,1,70,,5603,8,,,1,30,,5628,8,,,1,70,,5622,8,,,1,30,,5609,8,,,1,70,,5593,8,,,1,30,,5591,8,,,1,70,,5588,8,,,1
33701,'12',1026,,5659,8,,,1,30,,5651,8,,,1,70,,5653,8,,,1,30,,5654,8,,,1,70,,5644,8,,,1,30,,5658,8,,,1,70,,5652,8,,,1,30,,5666,8,,,1,70,,5649,8,,,1,30,,5660,8,,,1,70,,5655,8,,,1,30,,5648,8,,,1,70,,5640,8,,,1,30,,5650,8,,,1,70,,5646,8,,,1
33701,'14',624,,5690,8,,,1,30,,5696,8,,,1,71,,5685,8,,,1,30,,5712,8,,,1,70,,5670,8,,,1,30,,5677,8,,,1,70,,5713,8,,,1,30,,5681,8,,,1,71,,5668,8,,,1,30,,5675,8,,,1,70,,5711,8,,,1,30,,5702,8,,,1,70,,5693,8,,,1,30,,5709,8,,,1,70,,5700,8,,,1,30,,5699,8,,,1,70,,5687,8,,,1,30,,5716,8,,,1,70,,5694,8,,,1,30,,5691,8,,,1,70,,5692,8,,,1,30,,5684,8,,,1,70,,5667,8,,,1,30,,5686,8,,,1,70,,5695,8,,,1
33701,'3',604,,5755,8,,,1,30,,5765,8,,,1,70,,5759,8,,,1,30,,5735,8,,,1,70,,5748,8,,,1,30,,5731,8,,,1,70,,5738,8,,,1,30,,5729,8,,,1,69,,5727,8,,,1,30,,5730,8,,,1,70,,5746,8,,,1,30,,5740,8,,,1,70,,5737,8,,,1,30,,5742,8,,,1,70,,5754,8,,,1,30,,5722,8,,,1,69,,5744,8,,,1,30,,5745,8,,,1,70,,5733,8,,,1,30,,5758,8,,,1,70,,5752,8,,,1,30,,5739,8,,,1,70,,5723,8,,,1,30,,5721,8,,,1,70,,5718,8,,,1
33701,'7',1056,,5770,8,,,1,70,,5768,8,,,1,30,,5769,8,,,1,70,,5779,8,,,1,30,,5794,8,,,1,70,,5772,8,,,1,30,,5776,8,,,1,70,,5767,8,,,1,30,,5774,8,,,1,70,,5781,8,,,1,30,,5788,8,,,1,70,,5792,8,,,1,30,,5778,8,,,1,70,,5782,8,,,1,30,,5783,8,,,1
40100,'1',1756,,5800,4,0,8,1,100,,5797,4,0,8,1,100,,5804,4,0,8,1,100,,5809,4,0,8,1,100,,5803,4,0,8,1,100,,5802,4,0,8,1,100,,5798,4,0,8,1
40100,'10',1756,,5814,4,0,8,1,100,,5811,4,0,8,1,100,,5818,4,0,8,1,100,,5823,4,0,8,1,100,,5817,4,0,8,1,100,,5816,4,0,8,1,100,,5812,4,0,8,1
40100,'11',1756,,5828,4,0,8,1,100,,5825,4,0,8,1,100,,5832,4,0,8,1,100,,5837,4,0,8,1,100,,5831,4,0,8,1,100,,5830,4,0,8,1,100,,5826,4,0,8,1
40100,'12',1056,,5842,4,0,8,1,100,,5854,4,0,8,1,100,,5850,4,0,8,1,100,,5839,4,0,8,1,100,,5840,4,0,8,1,100,,5845,4,0,8,1,100,,5848,4,0,8,1,100,,5843,4,0,8,1
40100,'14',626,,5907,4,0,8,1,30,,5862,4,0,8,1,70,,5901,4,0,8,1,30,,5909,4,0,8,1,70,,5905,4,0,8,1,30,,5913,4,0,8,1,70,,5863,4,0,8,1,30,,5869,4,0,8,1,70,,5865,4,0,8,1,30,,5895,4,0,8,1,70,,5896,4,0,8,1,30,,5856,4,0,8,1,70,,5908,4,0,8,1,30,,5885,4,0,8,1,70,,5875,4,0,8,1,30,,5910,4,0,8,1,70,,5891,4,0,8,1,30,,5898,4,0,8,1,70,,5897,4,0,8,1,30,,5881,4,0,8,1,70,,5870,4,0,8,1,30,,5886,4,0,8,1,70,,5902,4,0,8,1,30,,5914,4,0,8,1,100,,5912,4,0,8,1,100,,5872,4,0,8,1,100,,5889,4,0,8,1,100,,5903,4,0,8,1,100,,5880,4,0,8,1,100,,5911,4,0,8,1
40100,'3',1756,,5918,4,0,8,1,100,,5915,4,0,8,1,100,,5922,4,0,8,1,100,,5927,4,0,8,1,100,,5921,4,0,8,1,100,,5920,4,0,8,1,100,,5916,4,0,8,1
40100,'7',856,,5944,4,0,8,1,100,,5966,4,0,8,1,70,,5968,4,0,8,1,30,,5930,4,0,8,1,70,,5945,4,0,8,1,30,,5947,4,0,8,1,70,,5961,4,0,8,1,30,,5936,4,0,8,1,70,,5955,4,0,8,1,30,,5935,4,0,8,1,70,,5957,4,0,8,1,30,,5931,4,0,8,1,70,,5965,4,0,8,1,30,,5967,4,0,8,1,70,,5964,4,0,8,1,30,,5959,4,0,8,1,70,,5954,4,0,8,1,30,,5953,4,0,8,1,100,,5942,4,0,8,1,100,,5948,4,0,8,1
40101,'1',1856,,5975,4,0,16,1,100,,5976,4,0,16,1,100,,5974,4,0,16,1,100,,5977,4,0,16,1,100,,5970,4,0,16,1
40101,'10',1856,,5986,4,0,16,1,100,,5987,4,0,16,1,100,,5985,4,0,16,1,100,,5988,4,0,16,1,100,,5981,4,0,16,1
40101,'11',1856,,5997,4,0,16,1,100,,5998,4,0,16,1,100,,5996,4,0,16,1,100,,5999,4,0,16,1,100,,5992,4,0,16,1
40101,'12',1056,,6008,4,0,16,1,100,,6016,4,0,16,1,100,,6011,4,0,16,1,100,,6007,4,0,16,1,100,,6014,4,0,16,1,100,,6003,4,0,16,1,100,,6006,4,0,16,1
40101,'14',556,,6051,4,0,16,1,70,,6049,4,0,16,1,30,,6037,4,0,16,1,70,,6035,4,0,16,1,30,,6045,4,0,16,1,70,,6048,4,0,16,1,30,,6072,4,0,16,1,70,,6060,4,0,16,1,30,,6019,4,0,16,1,70,,6046,4,0,16,1,30,,6070,4,0,16,1,70,,6056,4,0,16,1,30,,6039,4,0,16,1,70,,6063,4,0,16,1,30,,6020,4,0,16,1,70,,6030,4,0,16,1,30,,6077,4,0,16,1,70,,6066,4,0,16,1,30,,6075,4,0,16,1,70,,6027,4,0,16,1,30,,6034,4,0,16,1,70,,6067,4,0,16,1,30,,6055,4,0,16,1,70,,6041,4,0,16,1,30,,6021,4,0,16,1,70,,6017,4,0,16,1,30,,6076,4,0,16,1,100,,6026,4,0,16,1,100,,6052,4,0,16,1,100,,6057,4,0,16,1,100,,6029,4,0,16,1
40101,'3',1856,,6084,4,0,16,1,100,,6085,4,0,16,1,100,,6083,4,0,16,1,100,,6086,4,0,16,1,100,,6079,4,0,16,1
40101,'7',856,,6100,4,0,16,1,100,,6090,4,0,16,1,100,,6114,4,0,16,1,70,,6121,4,0,16,1,30,,6120,4,0,16,1,70,,6126,4,0,16,1,30,,6099,4,0,16,1,70,,6098,4,0,16,1,30,,6117,4,0,16,1,70,,6125,4,0,16,1,30,,6091,4,0,16,1,70,,6108,4,0,16,1,30,,6096,4,0,16,1,70,,6107,4,0,16,1,30,,6103,4,0,16,1,70,,6113,4,0,16,1,30,,6111,4,0,16,1,70,,6109,4,0,16,1,30,,6089,4,0,16,1
43701,'1',1904,,8733,8,,,1,100,,8734,8,,,1,100,,8726,8,,,1,100,,8730,8,,,1,100,,8729,8,,,1
43701,'10',1904,,8743,8,,,1,100,,8744,8,,,1,100,,8736,8,,,1,100,,8740,8,,,1,100,,8739,8,,,1
43701,'11',1904,,8753,8,,,1,100,,8754,8,,,1,100,,8746,8,,,1,100,,8750,8,,,1,100,,8749,8,,,1
43701,'14',1904,,8759,8,,,1,100,,8755,8,,,1,100,,8763,8,,,1,100,,8757,8,,,1,100,,8756,8,,,1
43701,'3',1904,,8773,8,,,1,100,,8774,8,,,1,100,,8766,8,,,1,100,,8770,8,,,1,100,,8769,8,,,1
