30700,'1',646,,1369,31,0,65 14,1,70,,1364,31,0,65 14,1,30,,1357,31,0,65 14,1,70,,1371,31,0,65 14,1,30,,1368,31,0,65 14,1,70,,1374,31,0,65 14,1,30,,1366,31,0,65 14,1,70,,1356,31,0,65 14,1,30,,1354,31,0,65 14,1,70,,1370,31,0,65 14,1,30,,1362,31,0,65 14,1,70,,1353,31,0,65 14,1,30,,1360,31,0,65 14,1,70,,1375,31,0,65 14,1,30,,1358,31,0,65 14,1,70,,1361,31,0,65 14,1,30,,1359,31,0,65 14,1,70,,1355,31,0,65 14,1,30,,1365,31,0,65 14,1,70,,1372,31,0,65 14,1,30,,1363,31,0,65 14,1,70,,1367,31,0,65 14,1,30,,1373,31,0,65 14,1
30700,'10',646,,1392,31,0,65 14,1,70,,1387,31,0,65 14,1,30,,1380,31,0,65 14,1,70,,1394,31,0,65 14,1,30,,1391,31,0,65 14,1,70,,1397,31,0,65 14,1,30,,1389,31,0,65 14,1,70,,1379,31,0,65 14,1,30,,1377,31,0,65 14,1,70,,1393,31,0,65 14,1,30,,1385,31,0,65 14,1,70,,1376,31,0,65 14,1,30,,1383,31,0,65 14,1,70,,1398,31,0,65 14,1,30,,1381,31,0,65 14,1,70,,1384,31,0,65 14,1,30,,1382,31,0,65 14,1,70,,1378,31,0,65 14,1,30,,1388,31,0,65 14,1,70,,1395,31,0,65 14,1,30,,1386,31,0,65 14,1,70,,1390,31,0,65 14,1,30,,1396,31,0,65 14,1
30700,'11',646,,1415,31,0,65 14,1,70,,1410,31,0,65 14,1,30,,1403,31,0,65 14,1,70,,1417,31,0,65 14,1,30,,1414,31,0,65 14,1,70,,1420,31,0,65 14,1,30,,1412,31,0,65 14,1,70,,1402,31,0,65 14,1,30,,1400,31,0,65 14,1,70,,1416,31,0,65 14,1,30,,1408,31,0,65 14,1,70,,1399,31,0,65 14,1,30,,1406,31,0,65 14,1,70,,1421,31,0,65 14,1,30,,1404,31,0,65 14,1,70,,1407,31,0,65 14,1,30,,1405,31,0,65 14,1,70,,1401,31,0,65 14,1,30,,1411,31,0,65 14,1,70,,1418,31,0,65 14,1,30,,1409,31,0,65 14,1,70,,1413,31,0,65 14,1,30,,1419,31,0,65 14,1
30700,'3',646,,1438,31,0,65 14,1,70,,1433,31,0,65 14,1,30,,1426,31,0,65 14,1,70,,1440,31,0,65 14,1,30,,1437,31,0,65 14,1,70,,1443,31,0,65 14,1,30,,1435,31,0,65 14,1,70,,1425,31,0,65 14,1,30,,1423,31,0,65 14,1,70,,1439,31,0,65 14,1,30,,1431,31,0,65 14,1,70,,1422,31,0,65 14,1,30,,1429,31,0,65 14,1,70,,1444,31,0,65 14,1,30,,1427,31,0,65 14,1,70,,1430,31,0,65 14,1,30,,1428,31,0,65 14,1,70,,1424,31,0,65 14,1,30,,1434,31,0,65 14,1,70,,1441,31,0,65 14,1,30,,1432,31,0,65 14,1,70,,1436,31,0,65 14,1,30,,1442,31,0,65 14,1
40800,'1',1803,,6610,39,0,64 38,1,100,,6605,39,0,64 38,1,100,,6611,39,0,64 38,1,100,,6609,39,0,64 38,1,100,,6606,39,0,64 38,1,100,,6608,39,0,64 38,1,100,,6607,39,0,64 38,1
40800,'10',1803,,6617,39,0,64 38,1,100,,6612,39,0,64 38,1,100,,6618,39,0,64 38,1,100,,6616,39,0,64 38,1,100,,6613,39,0,64 38,1,100,,6615,39,0,64 38,1,100,,6614,39,0,64 38,1
40800,'11',1803,,6624,39,0,64 38,1,100,,6619,39,0,64 38,1,100,,6625,39,0,64 38,1,100,,6623,39,0,64 38,1,100,,6620,39,0,64 38,1,100,,6622,39,0,64 38,1,100,,6621,39,0,64 38,1
40800,'12',1103,,6631,39,0,64 38,1,100,,6627,39,0,64 38,1,100,,6630,39,0,64 38,1,100,,6629,39,0,64 38,1,100,,6632,39,0,64 38,1,100,,6628,39,0,64 38,1,100,,6633,39,0,64 38,1,100,,6626,39,0,64 38,1
40800,'14',632,,6649,39,0,64 38,1,70,,6656,39,0,64 38,1,30,,6657,39,0,64 38,1,70,,6648,39,0,64 38,1,30,,6662,39,0,64 38,1,70,,6641,39,0,64 38,1,30,,6634,39,0,64 38,1,70,,6639,39,0,64 38,1,31,,6642,39,0,64 38,1,70,,6638,39,0,64 38,1,30,,6635,39,0,64 38,1,70,,6637,39,0,64 38,1,30,,6655,39,0,64 38,1,70,,6660,39,0,64 38,1,30,,6659,39,0,64 38,1,70,,6645,39,0,64 38,1,30,,6658,39,0,64 38,1,70,,6654,39,0,64 38,1,30,,6636,39,0,64 38,1,70,,6661,39,0,64 38,1,30,,6647,39,0,64 38,1,70,,6646,39,0,64 38,1,30,,6651,39,0,64 38,1,70,,6652,39,0,64 38,1,100,,6640,39,0,64 38,1,100,,6650,39,0,64 38,1,100,,6663,39,0,64 38,1,100,,6643,39,0,64 38,1,100,,6644,39,0,64 38,1,100,,6653,39,0,64 38,1
40800,'3',1803,,6669,39,0,64 38,1,100,,6664,39,0,64 38,1,100,,6670,39,0,64 38,1,100,,6668,39,0,64 38,1,100,,6665,39,0,64 38,1,100,,6667,39,0,64 38,1,100,,6666,39,0,64 38,1
40800,'7',902,,6682,39,0,64 38,1,100,,6680,39,0,64 38,1,31,,6676,39,0,64 38,1,70,,6687,39,0,64 38,1,30,,6671,39,0,64 38,1,70,,6681,39,0,64 38,1,30,,6672,39,0,64 38,1,70,,6677,39,0,64 38,1,30,,6684,39,0,64 38,1,70,,6674,39,0,64 38,1,30,,6689,39,0,64 38,1,70,,6688,39,0,64 38,1,30,,6685,39,0,64 38,1,70,,6679,39,0,64 38,1,30,,6675,39,0,64 38,1,70,,6690,39,0,64 38,1,30,,6678,39,0,64 38,1,70,,6673,39,0,64 38,1,100,,6683,39,0,64 38,1,100,,6686,39,0,64 38,1
