31401,'11',648,,28474,15,0,66 14,1,80,,28466,15,0,66 14,1,80,,28476,15,0,66 14,1,40,,28465,15,0,66 14,1,80,,28472,15,0,66 14,1,80,,28479,15,0,66 14,1,41,,28469,15,0,66 14,1,80,,21136,15,0,66 14,1,80,,28478,15,0,66 14,1,40,,28477,15,0,66 14,1,80,,22404,15,0,66 14,1,80,,28468,15,0,66 14,1,41,,28473,15,0,66 14,1,80,,24491,15,0,66 14,1,80,,28471,15,0,66 14,1,40,,28470,15,0,66 14,1,80,,28475,15,0,66 14,1,80,,28467,15,0,66 14,1
31401,'3',648,,28489,15,0,66 14,1,80,,28481,15,0,66 14,1,80,,28491,15,0,66 14,1,40,,28480,15,0,66 14,1,80,,28487,15,0,66 14,1,80,,28494,15,0,66 14,1,41,,28484,15,0,66 14,1,80,,23714,15,0,66 14,1,80,,28493,15,0,66 14,1,40,,28492,15,0,66 14,1,80,,22426,15,0,66 14,1,80,,28483,15,0,66 14,1,41,,28488,15,0,66 14,1,80,,24599,15,0,66 14,1,80,,28486,15,0,66 14,1,40,,28485,15,0,66 14,1,80,,28490,15,0,66 14,1,80,,28482,15,0,66 14,1
31700,'11',627,,28762,24,0,63,1,30,,28775,24,0,63,1,70,,28779,24,0,63,1,30,,28763,24,0,63,1,70,,28772,24,0,63,1,30,,28760,24,0,63,1,70,,28774,24,0,63,1,30,,28773,24,0,63,1,70,,28769,24,0,63,1,30,,28776,24,0,63,1,70,,28780,24,0,63,1,30,,28777,24,0,63,1,70,,28765,24,0,63,1,30,,28778,24,0,63,1,70,,28771,24,0,63,1,30,,26751,24,0,63,1,70,,21757,24,0,63,1,30,,28761,24,0,63,1,70,,28770,24,0,63,1,30,,28768,24,0,63,1,70,,28764,24,0,63,1,30,,28759,24,0,63,1,70,,28766,24,0,63,1,30,,28767,24,0,63,1
31700,'3',627,,28784,24,0,63,1,30,,28797,24,0,63,1,70,,28801,24,0,63,1,30,,28785,24,0,63,1,70,,28794,24,0,63,1,30,,28782,24,0,63,1,70,,28796,24,0,63,1,30,,28795,24,0,63,1,70,,28791,24,0,63,1,30,,28798,24,0,63,1,70,,28802,24,0,63,1,30,,28799,24,0,63,1,70,,28787,24,0,63,1,30,,28800,24,0,63,1,70,,28793,24,0,63,1,30,,26797,24,0,63,1,70,,21780,24,0,63,1,30,,28783,24,0,63,1,70,,28792,24,0,63,1,30,,28790,24,0,63,1,70,,28786,24,0,63,1,30,,28781,24,0,63,1,70,,28788,24,0,63,1,30,,28789,24,0,63,1
41401,'1',647,,31463,15,0,66 14,1,80,,31465,15,0,66 14,1,80,,31471,15,0,66 14,1,40,,27224,15,0,66 14,1,80,,31468,15,0,66 14,1,80,,31459,15,0,66 14,1,41,,31461,15,0,66 14,1,80,,31458,15,0,66 14,1,80,,31467,15,0,66 14,1,40,,31460,15,0,66 14,1,80,,22383,15,0,66 14,1,80,,31470,15,0,66 14,1,41,,31466,15,0,66 14,1,80,,31472,15,0,66 14,1,80,,31462,15,0,66 14,1,40,,31457,15,0,66 14,1,80,,31469,15,0,66 14,1,80,,31464,15,0,66 14,1
41401,'14',647,,31480,15,0,66 14,1,80,,31481,15,0,66 14,1,80,,31487,15,0,66 14,1,40,,31478,15,0,66 14,1,80,,31484,15,0,66 14,1,80,,31475,15,0,66 14,1,41,,26628,15,0,66 14,1,80,,31474,15,0,66 14,1,80,,31483,15,0,66 14,1,40,,31476,15,0,66 14,1,80,,31477,15,0,66 14,1,80,,31486,15,0,66 14,1,41,,31482,15,0,66 14,1,80,,31488,15,0,66 14,1,80,,31479,15,0,66 14,1,40,,31473,15,0,66 14,1,80,,31485,15,0,66 14,1,80,,25376,15,0,66 14,1
41700,'1',626,,31909,24,0,67,1,30,,31921,24,0,67,1,70,,22634,24,0,67,1,30,,24443,24,0,67,1,70,,31929,24,0,67,1,30,,31906,24,0,67,1,70,,31917,24,0,67,1,30,,31911,24,0,67,1,70,,23940,24,0,67,1,30,,31926,24,0,67,1,70,,31924,24,0,67,1,30,,31912,24,0,67,1,70,,31919,24,0,67,1,30,,31907,24,0,67,1,70,,31928,24,0,67,1,30,,31910,24,0,67,1,70,,31930,24,0,67,1,30,,31923,24,0,67,1,70,,31918,24,0,67,1,30,,31927,24,0,67,1,70,,31922,24,0,67,1,30,,31916,24,0,67,1,70,,31931,24,0,67,1,30,,22834,24,0,67,1,70,,31913,24,0,67,1,100,,31915,24,0,67,1,100,,31920,24,0,67,1,100,,31925,24,0,67,1,100,,31914,24,0,67,1,100,,31908,24,0,67,1
41700,'11',1826,,24177,24,0,67,1,100,,31933,24,0,67,1,100,,1409,24,0,67,1,100,,31935,24,0,67,1,100,,31932,24,0,67,1,100,,31934,24,0,67,1
41700,'12',1126,,31936,24,0,67,1,100,,31942,24,0,67,1,100,,31940,24,0,67,1,100,,31937,24,0,67,1,100,,31941,24,0,67,1,100,,31939,24,0,67,1,100,,31938,24,0,67,1
41700,'14',626,,31946,24,0,67,1,30,,31960,24,0,67,1,70,,31956,24,0,67,1,30,,31953,24,0,67,1,70,,31966,24,0,67,1,30,,31943,24,0,67,1,70,,31955,24,0,67,1,30,,31948,24,0,67,1,70,,31958,24,0,67,1,30,,31964,24,0,67,1,70,,31963,24,0,67,1,30,,31949,24,0,67,1,70,,26461,24,0,67,1,30,,31944,24,0,67,1,70,,25241,24,0,67,1,30,,31947,24,0,67,1,70,,26649,24,0,67,1,30,,31962,24,0,67,1,70,,19135,24,0,67,1,30,,31965,24,0,67,1,70,,31961,24,0,67,1,30,,31954,24,0,67,1,70,,31967,24,0,67,1,30,,31957,24,0,67,1,70,,31950,24,0,67,1,100,,31952,24,0,67,1,100,,31959,24,0,67,1,100,,25543,24,0,67,1,100,,31951,24,0,67,1,100,,31945,24,0,67,1
41700,'3',1826,,24185,24,0,67,1,100,,31969,24,0,67,1,100,,1432,24,0,67,1,100,,31971,24,0,67,1,100,,31968,24,0,67,1,100,,31970,24,0,67,1
41700,'8',926,,31989,24,0,67,1,100,,31985,24,0,67,1,30,,31974,24,0,67,1,70,,31988,24,0,67,1,30,,31984,24,0,67,1,70,,26491,24,0,67,1,30,,31978,24,0,67,1,70,,31980,24,0,67,1,30,,31981,24,0,67,1,70,,31986,24,0,67,1,30,,31987,24,0,67,1,70,,31977,24,0,67,1,30,,31982,24,0,67,1,70,,31975,24,0,67,1,30,,31973,24,0,67,1,70,,31983,24,0,67,1,30,,31976,24,0,67,1,70,,31972,24,0,67,1,100,,31979,24,0,67,1
