30200,'1',621,,399,15,0,11,1,30,,404,15,0,11,1,70,,397,15,0,11,1,30,,400,15,0,11,1,70,,401,15,0,11,1,30,,406,15,0,11,1,70,,392,15,0,11,1,30,,402,15,0,11,1,72,,389,15,0,11,1,30,,395,15,0,11,1,70,,411,15,0,11,1,30,,403,15,0,11,1,70,,408,15,0,11,1,30,,410,15,0,11,1,70,,405,15,0,11,1,30,,393,15,0,11,1,70,,391,15,0,11,1,30,,390,15,0,11,1,70,,394,15,0,11,1,30,,396,15,0,11,1,70,,398,15,0,11,1,30,,409,15,0,11,1,70,,407,15,0,11,1
30200,'10',621,,422,15,0,11,1,30,,427,15,0,11,1,70,,420,15,0,11,1,30,,423,15,0,11,1,70,,424,15,0,11,1,30,,429,15,0,11,1,70,,415,15,0,11,1,30,,425,15,0,11,1,72,,412,15,0,11,1,30,,418,15,0,11,1,70,,434,15,0,11,1,30,,426,15,0,11,1,70,,431,15,0,11,1,30,,433,15,0,11,1,70,,428,15,0,11,1,30,,416,15,0,11,1,70,,414,15,0,11,1,30,,413,15,0,11,1,70,,417,15,0,11,1,30,,419,15,0,11,1,70,,421,15,0,11,1,30,,432,15,0,11,1,70,,430,15,0,11,1
30200,'11',621,,445,15,0,11,1,30,,450,15,0,11,1,70,,443,15,0,11,1,30,,446,15,0,11,1,70,,447,15,0,11,1,30,,452,15,0,11,1,70,,438,15,0,11,1,30,,448,15,0,11,1,72,,435,15,0,11,1,30,,441,15,0,11,1,70,,457,15,0,11,1,30,,449,15,0,11,1,70,,454,15,0,11,1,30,,456,15,0,11,1,70,,451,15,0,11,1,30,,439,15,0,11,1,70,,437,15,0,11,1,30,,436,15,0,11,1,70,,440,15,0,11,1,30,,442,15,0,11,1,70,,444,15,0,11,1,30,,455,15,0,11,1,70,,453,15,0,11,1
30200,'3',621,,468,15,0,11,1,30,,473,15,0,11,1,70,,466,15,0,11,1,30,,469,15,0,11,1,70,,470,15,0,11,1,30,,475,15,0,11,1,70,,461,15,0,11,1,30,,471,15,0,11,1,72,,458,15,0,11,1,30,,464,15,0,11,1,70,,480,15,0,11,1,30,,472,15,0,11,1,70,,477,15,0,11,1,30,,479,15,0,11,1,70,,474,15,0,11,1,30,,462,15,0,11,1,70,,460,15,0,11,1,30,,459,15,0,11,1,70,,463,15,0,11,1,30,,465,15,0,11,1,70,,467,15,0,11,1,30,,478,15,0,11,1,70,,476,15,0,11,1
40200,'1',1751,,6132,15,0,13 14,1,100,,6128,15,0,13 14,1,99,,6130,15,0,13 14,1,100,,6133,15,0,13 14,1,100,,6129,15,0,13 14,1,100,,6131,15,0,13 14,1
40200,'10',1751,,6138,15,0,13 14,1,100,,6134,15,0,13 14,1,99,,6136,15,0,13 14,1,100,,6139,15,0,13 14,1,100,,6135,15,0,13 14,1,100,,6137,15,0,13 14,1
40200,'11',1751,,6144,15,0,13 14,1,100,,6140,15,0,13 14,1,99,,6142,15,0,13 14,1,100,,6145,15,0,13 14,1,100,,6141,15,0,13 14,1,100,,6143,15,0,13 14,1
40200,'12',1051,,6150,15,0,13 14,1,100,,6153,15,0,13 14,1,100,,6146,15,0,13 14,1,100,,6147,15,0,13 14,1,100,,6151,15,0,13 14,1,100,,6149,15,0,13 14,1,100,,6152,15,0,13 14,1,100,,6148,15,0,13 14,1
40200,'14',621,,6180,15,0,13 14,1,30,,6164,15,0,13 14,1,70,,6159,15,0,13 14,1,30,,6179,15,0,13 14,1,70,,6181,15,0,13 14,1,30,,6176,15,0,13 14,1,70,,6165,15,0,13 14,1,30,,6172,15,0,13 14,1,70,,6158,15,0,13 14,1,30,,6163,15,0,13 14,1,70,,6156,15,0,13 14,1,30,,6161,15,0,13 14,1,70,,6175,15,0,13 14,1,30,,6154,15,0,13 14,1,70,,6167,15,0,13 14,1,30,,6169,15,0,13 14,1,70,,6166,15,0,13 14,1,30,,6178,15,0,13 14,1,70,,6174,15,0,13 14,1,30,,6171,15,0,13 14,1,70,,6155,15,0,13 14,1,30,,6157,15,0,13 14,1,70,,6160,15,0,13 14,1,30,,6177,15,0,13 14,1,100,,6173,15,0,13 14,1,99,,6168,15,0,13 14,1,100,,6170,15,0,13 14,1,100,,6182,15,0,13 14,1,100,,6162,15,0,13 14,1
40200,'3',1751,,6187,15,0,13 14,1,100,,6183,15,0,13 14,1,99,,6185,15,0,13 14,1,100,,6188,15,0,13 14,1,100,,6184,15,0,13 14,1,100,,6186,15,0,13 14,1
40200,'7',851,,6200,15,0,13 14,1,100,,6204,15,0,13 14,1,70,,6206,15,0,13 14,1,30,,6202,15,0,13 14,1,70,,6190,15,0,13 14,1,30,,6207,15,0,13 14,1,70,,6196,15,0,13 14,1,30,,6197,15,0,13 14,1,70,,6199,15,0,13 14,1,30,,6208,15,0,13 14,1,70,,6203,15,0,13 14,1,30,,6194,15,0,13 14,1,70,,6189,15,0,13 14,1,30,,6193,15,0,13 14,1,70,,6201,15,0,13 14,1,30,,6205,15,0,13 14,1,70,,6192,15,0,13 14,1,30,,6191,15,0,13 14,1,100,,6198,15,0,13 14,1,99,,6195,15,0,13 14,1
