32101,'1',721,,3963,21,0,56,1,100,,3966,21,0,56,1,100,,3957,21,0,56,1,100,,3955,21,0,56,1,100,,3958,21,0,56,1,100,,3960,21,0,56,1,100,,3956,21,0,56,1,102,,3964,21,0,56,1,100,,3965,21,0,56,1,100,,3962,21,0,56,1,100,,3959,21,0,56,1,100,,3961,21,0,56,1
32101,'10',721,,3975,21,0,56,1,100,,3978,21,0,56,1,100,,3969,21,0,56,1,100,,3967,21,0,56,1,100,,3970,21,0,56,1,100,,3972,21,0,56,1,100,,3968,21,0,56,1,102,,3976,21,0,56,1,100,,3977,21,0,56,1,100,,3974,21,0,56,1,100,,3971,21,0,56,1,100,,3973,21,0,56,1
32101,'11',721,,3985,21,0,56,1,100,,3988,21,0,56,1,100,,3981,21,0,56,1,100,,3979,21,0,56,1,100,,3982,21,0,56,1,100,,3984,21,0,56,1,100,,3980,21,0,56,1,102,,3986,21,0,56,1,100,,3983,21,0,56,1,100,,3987,21,0,56,1,100,,3989,21,0,56,1,100,,3990,21,0,56,1
32101,'3',721,,3997,21,0,56,1,100,,4000,21,0,56,1,100,,3993,21,0,56,1,100,,3991,21,0,56,1,100,,3994,21,0,56,1,100,,3996,21,0,56,1,100,,3992,21,0,56,1,102,,3998,21,0,56,1,100,,3995,21,0,56,1,100,,3999,21,0,56,1,100,,4001,21,0,56,1,100,,4002,21,0,56,1
42101,'1',1922,,8200,21,0,56,1,100,,8198,21,0,56,1,100,,8197,21,0,56,1,100,,8196,21,0,56,1,100,,8199,21,0,56,1
42101,'10',1922,,8205,21,0,56,1,100,,8203,21,0,56,1,100,,8202,21,0,56,1,100,,8201,21,0,56,1,100,,8204,21,0,56,1
42101,'11',1922,,8210,21,0,56,1,100,,8208,21,0,56,1,100,,8207,21,0,56,1,100,,8206,21,0,56,1,100,,8209,21,0,56,1
42101,'12',1121,,8211,21,0,56,1,100,,8216,21,0,56,1,100,,8213,21,0,56,1,101,,8217,21,0,56,1,100,,8212,21,0,56,1,100,,8214,21,0,56,1,100,,8215,21,0,56,1
42101,'14',721,,8234,21,0,56,1,100,,8228,21,0,56,1,100,,8231,21,0,56,1,100,,8222,21,0,56,1,100,,8227,21,0,56,1,100,,8224,21,0,56,1,100,,8219,21,0,56,1,101,,8226,21,0,56,1,100,,8218,21,0,56,1,100,,8230,21,0,56,1,100,,8232,21,0,56,1,100,,8233,21,0,56,1,100,,8225,21,0,56,1,100,,8220,21,0,56,1,100,,8229,21,0,56,1,100,,8221,21,0,56,1,100,,8223,21,0,56,1
42101,'3',1922,,8239,21,0,56,1,100,,8237,21,0,56,1,100,,8236,21,0,56,1,100,,8235,21,0,56,1,100,,8238,21,0,56,1
42101,'7',921,,8243,21,0,56,1,100,,8240,21,0,56,1,100,,8246,21,0,56,1,100,,8251,21,0,56,1,100,,8241,21,0,56,1,101,,8250,21,0,56,1,100,,8245,21,0,56,1,100,,8248,21,0,56,1,100,,8247,21,0,56,1,100,,8242,21,0,56,1,100,,8249,21,0,56,1,100,,8244,21,0,56,1
