30801,'12',642,,34328,20,0,64 38,1,70,,34314,20,0,64 38,1,30,,34325,20,0,64 38,1,70,,34324,20,0,64 38,1,30,,34307,20,0,64 38,1,70,,34326,20,0,64 38,1,30,,34312,20,0,64 38,1,70,,34316,20,0,64 38,1,30,,34329,20,0,64 38,1,70,,34322,20,0,64 38,1,30,,34319,20,0,64 38,1,70,,34309,20,0,64 38,1,30,,34310,20,0,64 38,1,70,,34318,20,0,64 38,1,30,,34313,20,0,64 38,1,70,,34315,20,0,64 38,1,40,,34317,20,0,64 38,1,70,,34308,20,0,64 38,1,30,,34311,20,0,64 38,1,70,,34320,20,0,64 38,1,30,,34323,20,0,64 38,1,70,,34327,20,0,64 38,1,30,,34321,20,0,64 38,1
30801,'13',642,,34346,20,0,64 38,1,70,,34334,20,0,64 38,1,30,,34344,20,0,64 38,1,70,,34343,20,0,64 38,1,30,,28358,20,0,64 38,1,70,,34345,20,0,64 38,1,30,,29463,20,0,64 38,1,70,,34336,20,0,64 38,1,30,,34347,20,0,64 38,1,70,,34342,20,0,64 38,1,30,,34339,20,0,64 38,1,70,,28145,20,0,64 38,1,30,,34331,20,0,64 38,1,70,,34338,20,0,64 38,1,30,,34333,20,0,64 38,1,70,,34335,20,0,64 38,1,40,,34337,20,0,64 38,1,70,,34330,20,0,64 38,1,30,,34332,20,0,64 38,1,70,,34340,20,0,64 38,1,30,,27448,20,0,64 38,1,70,,29291,20,0,64 38,1,30,,34341,20,0,64 38,1
30801,'3',642,,34364,20,0,64 38,1,70,,34352,20,0,64 38,1,30,,34362,20,0,64 38,1,70,,34361,20,0,64 38,1,30,,28376,20,0,64 38,1,70,,34363,20,0,64 38,1,30,,29584,20,0,64 38,1,70,,34354,20,0,64 38,1,30,,34365,20,0,64 38,1,70,,34360,20,0,64 38,1,30,,34357,20,0,64 38,1,70,,28167,20,0,64 38,1,30,,34349,20,0,64 38,1,70,,34356,20,0,64 38,1,30,,34351,20,0,64 38,1,70,,34353,20,0,64 38,1,40,,34355,20,0,64 38,1,70,,34348,20,0,64 38,1,30,,34350,20,0,64 38,1,70,,34358,20,0,64 38,1,30,,27497,20,0,64 38,1,70,,29310,20,0,64 38,1,30,,34359,20,0,64 38,1
30801,'6',642,,34387,20,0,64 38,1,70,,34373,20,0,64 38,1,30,,34384,20,0,64 38,1,70,,34383,20,0,64 38,1,30,,34366,20,0,64 38,1,70,,34385,20,0,64 38,1,30,,34371,20,0,64 38,1,70,,34375,20,0,64 38,1,30,,34388,20,0,64 38,1,70,,34381,20,0,64 38,1,30,,34378,20,0,64 38,1,70,,34368,20,0,64 38,1,30,,34369,20,0,64 38,1,70,,34377,20,0,64 38,1,30,,34372,20,0,64 38,1,70,,34374,20,0,64 38,1,40,,34376,20,0,64 38,1,70,,34367,20,0,64 38,1,30,,34370,20,0,64 38,1,70,,34379,20,0,64 38,1,30,,34382,20,0,64 38,1,70,,34386,20,0,64 38,1,30,,34380,20,0,64 38,1
40801,'1',657,,39214,20,0,64 38,1,70,,39212,20,0,64 38,1,30,,31913,20,0,64 38,1,70,,39216,20,0,64 38,1,30,,22901,20,0,64 38,1,70,,39218,20,0,64 38,1,30,,39232,20,0,64 38,1,70,,39229,20,0,64 38,1,30,,39223,20,0,64 38,1,70,,39222,20,0,64 38,1,30,,39220,20,0,64 38,1,70,,39226,20,0,64 38,1,30,,39235,20,0,64 38,1,70,,39230,20,0,64 38,1,30,,39221,20,0,64 38,1,70,,39211,20,0,64 38,1,30,,39227,20,0,64 38,1,70,,39215,20,0,64 38,1,30,,39225,20,0,64 38,1,70,,39219,20,0,64 38,1,30,,39213,20,0,64 38,1,70,,39236,20,0,64 38,1,30,,39233,20,0,64 38,1,70,,39234,20,0,64 38,1,100,,39231,20,0,64 38,1,100,,39217,20,0,64 38,1,100,,39237,20,0,64 38,1,100,,39228,20,0,64 38,1,100,,39224,20,0,64 38,1
40801,'11',657,,39242,20,0,64 38,1,70,,39240,20,0,64 38,1,30,,39238,20,0,64 38,1,70,,39244,20,0,64 38,1,30,,39258,20,0,64 38,1,70,,39246,20,0,64 38,1,30,,39261,20,0,64 38,1,70,,39257,20,0,64 38,1,30,,39251,20,0,64 38,1,70,,39250,20,0,64 38,1,30,,39248,20,0,64 38,1,70,,39254,20,0,64 38,1,30,,39264,20,0,64 38,1,70,,39259,20,0,64 38,1,30,,39249,20,0,64 38,1,70,,39239,20,0,64 38,1,30,,39255,20,0,64 38,1,70,,39243,20,0,64 38,1,30,,39253,20,0,64 38,1,70,,39247,20,0,64 38,1,30,,39241,20,0,64 38,1,70,,39265,20,0,64 38,1,30,,39262,20,0,64 38,1,70,,39263,20,0,64 38,1,100,,39260,20,0,64 38,1,100,,39245,20,0,64 38,1,100,,39266,20,0,64 38,1,100,,39256,20,0,64 38,1,100,,39252,20,0,64 38,1
40801,'12',1827,,39267,20,0,64 38,1,100,,39272,20,0,64 38,1,100,,39270,20,0,64 38,1,100,,39268,20,0,64 38,1,100,,39269,20,0,64 38,1,100,,39271,20,0,64 38,1
40801,'13',1827,,39273,20,0,64 38,1,100,,39278,20,0,64 38,1,100,,39276,20,0,64 38,1,100,,39274,20,0,64 38,1,100,,39275,20,0,64 38,1,100,,39277,20,0,64 38,1
40801,'14',1127,,39282,20,0,64 38,1,100,,39280,20,0,64 38,1,100,,39281,20,0,64 38,1,100,,39285,20,0,64 38,1,100,,39283,20,0,64 38,1,100,,39279,20,0,64 38,1,100,,39284,20,0,64 38,1
40801,'16',657,,39289,20,0,64 38,1,70,,39287,20,0,64 38,1,30,,31950,20,0,64 38,1,70,,39291,20,0,64 38,1,30,,32045,20,0,64 38,1,70,,39293,20,0,64 38,1,30,,39307,20,0,64 38,1,70,,39304,20,0,64 38,1,30,,39298,20,0,64 38,1,70,,39297,20,0,64 38,1,30,,39295,20,0,64 38,1,70,,39301,20,0,64 38,1,30,,39310,20,0,64 38,1,70,,39305,20,0,64 38,1,30,,39296,20,0,64 38,1,70,,39286,20,0,64 38,1,30,,39302,20,0,64 38,1,70,,39290,20,0,64 38,1,30,,39300,20,0,64 38,1,70,,39294,20,0,64 38,1,30,,39288,20,0,64 38,1,70,,39311,20,0,64 38,1,30,,39308,20,0,64 38,1,70,,39309,20,0,64 38,1,100,,39306,20,0,64 38,1,100,,39292,20,0,64 38,1,100,,39312,20,0,64 38,1,100,,39303,20,0,64 38,1,100,,39299,20,0,64 38,1
40801,'3',1827,,39313,20,0,64 38,1,100,,39318,20,0,64 38,1,100,,39316,20,0,64 38,1,100,,39314,20,0,64 38,1,100,,39315,20,0,64 38,1,100,,39317,20,0,64 38,1
40801,'6',1827,,39319,20,0,64 38,1,100,,39324,20,0,64 38,1,100,,39322,20,0,64 38,1,100,,39320,20,0,64 38,1,100,,39321,20,0,64 38,1,100,,39323,20,0,64 38,1
40801,'8',927,,39331,20,0,64 38,1,100,,39335,20,0,64 38,1,30,,32236,20,0,64 38,1,70,,39326,20,0,64 38,1,30,,39341,20,0,64 38,1,70,,39332,20,0,64 38,1,30,,39339,20,0,64 38,1,70,,39333,20,0,64 38,1,30,,30587,20,0,64 38,1,70,,39336,20,0,64 38,1,30,,39325,20,0,64 38,1,70,,39338,20,0,64 38,1,30,,39327,20,0,64 38,1,70,,39330,20,0,64 38,1,30,,39337,20,0,64 38,1,70,,39334,20,0,64 38,1,30,,39329,20,0,64 38,1,70,,39328,20,0,64 38,1,100,,39340,20,0,64 38,1
