30501,'12',625,,33786,17,0,27,1,30,,33763,17,0,27,1,70,,33779,17,0,27,1,30,,33766,17,0,27,1,70,,33777,17,0,27,1,30,,33769,17,0,27,1,70,,33774,17,0,27,1,30,,33784,17,0,27,1,70,,33772,17,0,27,1,30,,33770,17,0,27,1,70,,33787,17,0,27,1,30,,33775,17,0,27,1,70,,33767,17,0,27,1,30,,33765,17,0,27,1,70,,33782,17,0,27,1,30,,33783,17,0,27,1,70,,33768,17,0,27,1,30,,33781,17,0,27,1,70,,33778,17,0,27,1,30,,33771,17,0,27,1,70,,33764,17,0,27,1,30,,33780,17,0,27,1,70,,33773,17,0,27,1,30,,33785,17,0,27,1
30501,'13',625,,33810,17,0,27,1,30,,33788,17,0,27,1,70,,33804,17,0,27,1,30,,33791,17,0,27,1,70,,33802,17,0,27,1,30,,33794,17,0,27,1,70,,33799,17,0,27,1,30,,33809,17,0,27,1,70,,33797,17,0,27,1,30,,33795,17,0,27,1,70,,33811,17,0,27,1,30,,33800,17,0,27,1,70,,33792,17,0,27,1,30,,33790,17,0,27,1,70,,33807,17,0,27,1,30,,33808,17,0,27,1,70,,33793,17,0,27,1,30,,33806,17,0,27,1,70,,33803,17,0,27,1,30,,33796,17,0,27,1,70,,33789,17,0,27,1,30,,33805,17,0,27,1,70,,33798,17,0,27,1,30,,28368,17,0,27,1
30501,'3',625,,33834,17,0,27,1,30,,33812,17,0,27,1,70,,33828,17,0,27,1,30,,33815,17,0,27,1,70,,33826,17,0,27,1,30,,33818,17,0,27,1,70,,33823,17,0,27,1,30,,33833,17,0,27,1,70,,33821,17,0,27,1,30,,33819,17,0,27,1,70,,33835,17,0,27,1,30,,33824,17,0,27,1,70,,33816,17,0,27,1,30,,33814,17,0,27,1,70,,33831,17,0,27,1,30,,33832,17,0,27,1,70,,33817,17,0,27,1,30,,33830,17,0,27,1,70,,33827,17,0,27,1,30,,33820,17,0,27,1,70,,33813,17,0,27,1,30,,33829,17,0,27,1,70,,33822,17,0,27,1,30,,28386,17,0,27,1
30501,'6',625,,33859,17,0,27,1,30,,33836,17,0,27,1,70,,33852,17,0,27,1,30,,33839,17,0,27,1,70,,33850,17,0,27,1,30,,33842,17,0,27,1,70,,33847,17,0,27,1,30,,33857,17,0,27,1,70,,33845,17,0,27,1,30,,33843,17,0,27,1,70,,33860,17,0,27,1,30,,33848,17,0,27,1,70,,33840,17,0,27,1,30,,33838,17,0,27,1,70,,33855,17,0,27,1,30,,33856,17,0,27,1,70,,33841,17,0,27,1,30,,33854,17,0,27,1,70,,33851,17,0,27,1,30,,33844,17,0,27,1,70,,33837,17,0,27,1,30,,33853,17,0,27,1,70,,33846,17,0,27,1,30,,33858,17,0,27,1
30601,'12',631,,33972,12,0,9 12,1,70,,33966,12,0,9 12,1,30,,33953,12,0,9 12,1,70,,33970,12,0,9 12,1,30,,33958,12,0,9 12,1,70,,33968,12,0,9 12,1,30,,33974,12,0,9 12,1,70,,33975,12,0,9 12,1,31,,33969,12,0,9 12,1,70,,33957,12,0,9 12,1,30,,33960,12,0,9 12,1,70,,33955,12,0,9 12,1,30,,33952,12,0,9 12,1,70,,33956,12,0,9 12,1,30,,33971,12,0,9 12,1,70,,33962,12,0,9 12,1,30,,33961,12,0,9 12,1,25,,33959,12,0,9 12,1,45,,33967,12,0,9 12,1,30,,33973,12,0,9 12,1,70,,33965,12,0,9 12,1,30,,33963,12,0,9 12,1,70,,33964,12,0,9 12,1,30,,33951,12,0,9 12,1,70,,33954,12,0,9 12,1
30601,'13',631,,33994,12,0,9 12,1,70,,33988,12,0,9 12,1,30,,33977,12,0,9 12,1,70,,33992,12,0,9 12,1,30,,33982,12,0,9 12,1,70,,33990,12,0,9 12,1,30,,33995,12,0,9 12,1,70,,33996,12,0,9 12,1,31,,33991,12,0,9 12,1,70,,33981,12,0,9 12,1,30,,28401,12,0,9 12,1,70,,33979,12,0,9 12,1,30,,33976,12,0,9 12,1,70,,33980,12,0,9 12,1,30,,33993,12,0,9 12,1,70,,33985,12,0,9 12,1,30,,33984,12,0,9 12,1,25,,33983,12,0,9 12,1,45,,33989,12,0,9 12,1,30,,28711,12,0,9 12,1,70,,28692,12,0,9 12,1,30,,33986,12,0,9 12,1,70,,33987,12,0,9 12,1,30,,28678,12,0,9 12,1,70,,33978,12,0,9 12,1
30601,'3',631,,34015,12,0,9 12,1,70,,34009,12,0,9 12,1,30,,33998,12,0,9 12,1,70,,34013,12,0,9 12,1,30,,34003,12,0,9 12,1,70,,34011,12,0,9 12,1,30,,34016,12,0,9 12,1,70,,34017,12,0,9 12,1,31,,34012,12,0,9 12,1,70,,34002,12,0,9 12,1,30,,28422,12,0,9 12,1,70,,34000,12,0,9 12,1,30,,33997,12,0,9 12,1,70,,34001,12,0,9 12,1,30,,34014,12,0,9 12,1,70,,34006,12,0,9 12,1,30,,34005,12,0,9 12,1,25,,34004,12,0,9 12,1,45,,34010,12,0,9 12,1,30,,28755,12,0,9 12,1,70,,28736,12,0,9 12,1,30,,34007,12,0,9 12,1,70,,34008,12,0,9 12,1,30,,28722,12,0,9 12,1,70,,33999,12,0,9 12,1
30601,'6',631,,34039,12,0,9 12,1,70,,34033,12,0,9 12,1,30,,34020,12,0,9 12,1,70,,34037,12,0,9 12,1,30,,34025,12,0,9 12,1,70,,34035,12,0,9 12,1,30,,34041,12,0,9 12,1,70,,34042,12,0,9 12,1,31,,34036,12,0,9 12,1,70,,34024,12,0,9 12,1,30,,34027,12,0,9 12,1,70,,34022,12,0,9 12,1,30,,34019,12,0,9 12,1,70,,34023,12,0,9 12,1,30,,34038,12,0,9 12,1,70,,34029,12,0,9 12,1,30,,34028,12,0,9 12,1,25,,34026,12,0,9 12,1,45,,34034,12,0,9 12,1,30,,34040,12,0,9 12,1,70,,34032,12,0,9 12,1,30,,34030,12,0,9 12,1,70,,34031,12,0,9 12,1,30,,34018,12,0,9 12,1,70,,34021,12,0,9 12,1
40601,'1',659,,38965,12,0,9 12,1,70,,38943,12,0,9 12,1,30,,32093,12,0,9 12,1,70,,38953,12,0,9 12,1,30,,38945,12,0,9 12,1,70,,38955,12,0,9 12,1,30,,38961,12,0,9 12,1,70,,32509,12,0,9 12,1,30,,38962,12,0,9 12,1,70,,38946,12,0,9 12,1,30,,38957,12,0,9 12,1,70,,38951,12,0,9 12,1,30,,38949,12,0,9 12,1,70,,38942,12,0,9 12,1,30,,38950,12,0,9 12,1,70,,38947,12,0,9 12,1,30,,38967,12,0,9 12,1,70,,38952,12,0,9 12,1,30,,38958,12,0,9 12,1,70,,38954,12,0,9 12,1,30,,38963,12,0,9 12,1,70,,38966,12,0,9 12,1,30,,38964,12,0,9 12,1,70,,38959,12,0,9 12,1,100,,38944,12,0,9 12,1,100,,38960,12,0,9 12,1,100,,38948,12,0,9 12,1,100,,38956,12,0,9 12,1,100,,23235,12,0,9 12,1
40601,'11',659,,38994,12,0,9 12,1,70,,38969,12,0,9 12,1,30,,38989,12,0,9 12,1,70,,38979,12,0,9 12,1,30,,38971,12,0,9 12,1,70,,38981,12,0,9 12,1,30,,38987,12,0,9 12,1,70,,38992,12,0,9 12,1,30,,38990,12,0,9 12,1,70,,38972,12,0,9 12,1,30,,38983,12,0,9 12,1,70,,38977,12,0,9 12,1,30,,38975,12,0,9 12,1,70,,38968,12,0,9 12,1,30,,38976,12,0,9 12,1,70,,38973,12,0,9 12,1,30,,38996,12,0,9 12,1,70,,38978,12,0,9 12,1,30,,38984,12,0,9 12,1,70,,38980,12,0,9 12,1,30,,38991,12,0,9 12,1,70,,38995,12,0,9 12,1,30,,38993,12,0,9 12,1,70,,38985,12,0,9 12,1,100,,38970,12,0,9 12,1,100,,38986,12,0,9 12,1,100,,38974,12,0,9 12,1,100,,38982,12,0,9 12,1,100,,38988,12,0,9 12,1
40601,'12',1829,,39001,12,0,9 12,1,100,,39002,12,0,9 12,1,100,,38998,12,0,9 12,1,100,,38999,12,0,9 12,1,100,,39000,12,0,9 12,1,100,,38997,12,0,9 12,1
40601,'13',1829,,39006,12,0,9 12,1,100,,39007,12,0,9 12,1,100,,39004,12,0,9 12,1,100,,39005,12,0,9 12,1,100,,23354,12,0,9 12,1,100,,39003,12,0,9 12,1
40601,'14',1129,,39010,12,0,9 12,1,100,,39009,12,0,9 12,1,100,,39012,12,0,9 12,1,100,,39014,12,0,9 12,1,100,,39013,12,0,9 12,1,100,,39008,12,0,9 12,1,100,,39011,12,0,9 12,1
40601,'16',659,,39039,12,0,9 12,1,70,,39016,12,0,9 12,1,30,,25392,12,0,9 12,1,70,,39026,12,0,9 12,1,30,,39018,12,0,9 12,1,70,,39028,12,0,9 12,1,30,,39034,12,0,9 12,1,70,,39037,12,0,9 12,1,30,,39035,12,0,9 12,1,70,,39019,12,0,9 12,1,30,,39030,12,0,9 12,1,70,,39024,12,0,9 12,1,30,,39022,12,0,9 12,1,70,,39015,12,0,9 12,1,30,,39023,12,0,9 12,1,70,,39020,12,0,9 12,1,30,,39041,12,0,9 12,1,70,,39025,12,0,9 12,1,30,,39031,12,0,9 12,1,70,,39027,12,0,9 12,1,30,,39036,12,0,9 12,1,70,,39040,12,0,9 12,1,30,,39038,12,0,9 12,1,70,,39032,12,0,9 12,1,100,,39017,12,0,9 12,1,100,,39033,12,0,9 12,1,100,,39021,12,0,9 12,1,100,,39029,12,0,9 12,1,100,,31856,12,0,9 12,1
40601,'3',1829,,39045,12,0,9 12,1,100,,39046,12,0,9 12,1,100,,39043,12,0,9 12,1,100,,39044,12,0,9 12,1,100,,23392,12,0,9 12,1,100,,39042,12,0,9 12,1
40601,'6',1829,,39051,12,0,9 12,1,100,,39052,12,0,9 12,1,100,,39048,12,0,9 12,1,100,,39049,12,0,9 12,1,100,,39050,12,0,9 12,1,100,,39047,12,0,9 12,1
40601,'8',929,,30022,12,0,9 12,1,100,,39062,12,0,9 12,1,30,,39059,12,0,9 12,1,70,,39057,12,0,9 12,1,30,,39056,12,0,9 12,1,70,,39066,12,0,9 12,1,30,,39055,12,0,9 12,1,70,,39053,12,0,9 12,1,30,,39063,12,0,9 12,1,70,,39060,12,0,9 12,1,30,,31890,12,0,9 12,1,70,,39054,12,0,9 12,1,30,,39058,12,0,9 12,1,70,,39065,12,0,9 12,1,30,,39061,12,0,9 12,1,70,,39064,12,0,9 12,1,30,,25154,12,0,9 12,1,70,,39068,12,0,9 12,1,100,,39067,12,0,9 12,1
41201,'1',621,,39929,20,,,1,30,,39924,20,,,1,70,,39914,20,,,1,30,,39933,20,,,1,70,,39918,20,,,1,30,,31492,20,,,1,70,,39913,20,,,1,30,,39928,20,,,1,70,,39930,20,,,1,30,,39916,20,,,1,70,,39919,20,,,1,30,,39931,20,,,1,70,,39920,20,,,1,30,,39922,20,,,1,70,,39939,20,,,1,30,,39923,20,,,1,70,,39921,20,,,1,30,,39937,20,,,1,70,,39926,20,,,1,30,,39912,20,,,1,70,,39936,20,,,1,30,,39935,20,,,1,70,,39938,20,,,1,30,,39932,20,,,1,70,,39925,20,,,1,100,,39927,20,,,1,100,,31591,20,,,1,100,,39917,20,,,1,100,,39934,20,,,1,100,,39915,20,,,1
41201,'11',621,,39959,20,,,1,30,,39953,20,,,1,70,,39942,20,,,1,30,,39963,20,,,1,70,,39947,20,,,1,30,,39943,20,,,1,70,,39941,20,,,1,30,,39958,20,,,1,70,,39960,20,,,1,30,,39945,20,,,1,70,,39948,20,,,1,30,,39961,20,,,1,70,,39949,20,,,1,30,,39951,20,,,1,70,,39969,20,,,1,30,,39952,20,,,1,70,,39950,20,,,1,30,,39967,20,,,1,70,,39955,20,,,1,30,,39940,20,,,1,70,,39966,20,,,1,30,,39965,20,,,1,70,,39968,20,,,1,30,,39962,20,,,1,70,,39954,20,,,1,100,,39957,20,,,1,100,,39956,20,,,1,100,,39946,20,,,1,100,,39964,20,,,1,100,,39944,20,,,1
41201,'12',1821,,39971,20,,,1,100,,39972,20,,,1,100,,39975,20,,,1,100,,39973,20,,,1,100,,39970,20,,,1,100,,39974,20,,,1
41201,'13',1821,,24112,20,,,1,100,,27610,20,,,1,100,,39979,20,,,1,100,,39977,20,,,1,100,,39976,20,,,1,100,,39978,20,,,1
41201,'14',1121,,39986,20,,,1,100,,39987,20,,,1,100,,39984,20,,,1,100,,39982,20,,,1,100,,39981,20,,,1,100,,39985,20,,,1,100,,39980,20,,,1
41201,'16',621,,40005,20,,,1,30,,40000,20,,,1,70,,39990,20,,,1,30,,40009,20,,,1,70,,39994,20,,,1,30,,31532,20,,,1,70,,39989,20,,,1,30,,40004,20,,,1,70,,40006,20,,,1,30,,39992,20,,,1,70,,39995,20,,,1,30,,40007,20,,,1,70,,39996,20,,,1,30,,39998,20,,,1,70,,40015,20,,,1,30,,39999,20,,,1,70,,39997,20,,,1,30,,40013,20,,,1,70,,40002,20,,,1,30,,39988,20,,,1,70,,40012,20,,,1,30,,40011,20,,,1,70,,40014,20,,,1,30,,40008,20,,,1,70,,40001,20,,,1,100,,40003,20,,,1,100,,31627,20,,,1,100,,39993,20,,,1,100,,40010,20,,,1,100,,39991,20,,,1
41201,'3',1821,,24124,20,,,1,100,,27633,20,,,1,100,,40019,20,,,1,100,,40017,20,,,1,100,,40016,20,,,1,100,,40018,20,,,1
41201,'6',1821,,40021,20,,,1,100,,40022,20,,,1,100,,40025,20,,,1,100,,40023,20,,,1,100,,40020,20,,,1,100,,40024,20,,,1
41201,'8',921,,40044,20,,,1,100,,40026,20,,,1,30,,40034,20,,,1,70,,40029,20,,,1,30,,40038,20,,,1,70,,40031,20,,,1,30,,40039,20,,,1,70,,40028,20,,,1,30,,40037,20,,,1,70,,30497,20,,,1,30,,40036,20,,,1,70,,40027,20,,,1,30,,40035,20,,,1,70,,40030,20,,,1,30,,40041,20,,,1,70,,40033,20,,,1,30,,40032,20,,,1,70,,40040,20,,,1,100,,40042,20,,,1,100,,40043,20,,,1
