31501,'11',600,,28549,2,0,20 14 35 26,1,30,,28546,2,0,20 14 35 26,1,70,,28547,2,0,20 14 35 26,1,30,,28553,2,0,20 14 35 26,1,70,,21758,2,0,20 14 35 26,1,30,,28560,2,0,20 14 35 26,1,70,,28543,2,0,20 14 35 26,1,30,,28552,2,0,20 14 35 26,1,70,,28557,2,0,20 14 35 26,1,30,,28563,2,0,20 14 35 26,1,70,,28558,2,0,20 14 35 26,1,30,,21594,2,0,20 14 35 26,1,70,,28545,2,0,20 14 35 26,1,30,,28561,2,0,20 14 35 26,1,70,,28554,2,0,20 14 35 26,1,30,,28550,2,0,20 14 35 26,1,70,,28564,2,0,20 14 35 26,1,30,,28556,2,0,20 14 35 26,1,70,,28562,2,0,20 14 35 26,1,30,,28555,2,0,20 14 35 26,1,70,,28548,2,0,20 14 35 26,1,30,,28551,2,0,20 14 35 26,1,70,,28544,2,0,20 14 35 26,1,30,,28559,2,0,20 14 35 26,1
31501,'3',600,,28571,2,0,20 14 35 26,1,30,,28568,2,0,20 14 35 26,1,70,,28569,2,0,20 14 35 26,1,30,,28575,2,0,20 14 35 26,1,70,,21781,2,0,20 14 35 26,1,30,,28582,2,0,20 14 35 26,1,70,,28565,2,0,20 14 35 26,1,30,,28574,2,0,20 14 35 26,1,70,,28579,2,0,20 14 35 26,1,30,,28585,2,0,20 14 35 26,1,70,,28580,2,0,20 14 35 26,1,30,,21637,2,0,20 14 35 26,1,70,,28567,2,0,20 14 35 26,1,30,,28583,2,0,20 14 35 26,1,70,,28576,2,0,20 14 35 26,1,30,,28572,2,0,20 14 35 26,1,70,,28586,2,0,20 14 35 26,1,30,,28578,2,0,20 14 35 26,1,70,,28584,2,0,20 14 35 26,1,30,,28577,2,0,20 14 35 26,1,70,,28570,2,0,20 14 35 26,1,30,,28573,2,0,20 14 35 26,1,70,,28566,2,0,20 14 35 26,1,30,,28581,2,0,20 14 35 26,1
33600,'11',725,,29327,2,0,57 18,1,30,,29324,2,0,57 18,1,70,,29317,2,0,57 18,1,30,,29318,2,0,57 18,1,70,,29325,2,0,57 18,1,30,,29323,2,0,57 18,1,70,,29332,2,0,57 18,1,30,,29328,2,0,57 18,1,70,,29316,2,0,57 18,1,30,,29319,2,0,57 18,1,70,,29313,2,0,57 18,1,30,,29321,2,0,57 18,1,70,,29314,2,0,57 18,1,30,,29322,2,0,57 18,1,70,,29333,2,0,57 18,1,30,,29329,2,0,57 18,1,70,,29331,2,0,57 18,1,30,,29320,2,0,57 18,1,70,,23746,2,0,57 18,1,30,,29315,2,0,57 18,1,70,,29330,2,0,57 18,1,30,,29326,2,0,57 18,1
33600,'3',725,,29348,2,0,57 18,1,30,,29345,2,0,57 18,1,70,,29338,2,0,57 18,1,30,,29339,2,0,57 18,1,70,,29346,2,0,57 18,1,30,,29344,2,0,57 18,1,70,,29353,2,0,57 18,1,30,,29349,2,0,57 18,1,70,,29337,2,0,57 18,1,30,,29340,2,0,57 18,1,70,,29334,2,0,57 18,1,30,,29342,2,0,57 18,1,70,,29335,2,0,57 18,1,30,,29343,2,0,57 18,1,70,,29354,2,0,57 18,1,30,,29350,2,0,57 18,1,70,,29352,2,0,57 18,1,30,,29341,2,0,57 18,1,70,,23769,2,0,57 18,1,30,,29336,2,0,57 18,1,70,,29351,2,0,57 18,1,30,,29347,2,0,57 18,1
41501,'1',645,,31590,2,0,20 14 34,1,70,,31587,2,0,20 14 34,1,30,,31583,2,0,20 14 34,1,70,,21744,2,0,20 14 34,1,30,,31599,2,0,20 14 34,1,70,,31582,2,0,20 14 34,1,30,,31603,2,0,20 14 34,1,70,,23599,2,0,20 14 34,1,30,,31592,2,0,20 14 34,1,70,,31605,2,0,20 14 34,1,30,,31595,2,0,20 14 34,1,70,,31602,2,0,20 14 34,1,30,,31598,2,0,20 14 34,1,70,,31581,2,0,20 14 34,1,30,,31597,2,0,20 14 34,1,70,,31596,2,0,20 14 34,1,30,,31600,2,0,20 14 34,1,70,,31593,2,0,20 14 34,1,30,,31589,2,0,20 14 34,1,70,,31586,2,0,20 14 34,1,30,,31585,2,0,20 14 34,1,70,,31601,2,0,20 14 34,1,30,,31594,2,0,20 14 34,1,70,,31604,2,0,20 14 34,1,100,,31584,2,0,20 14 34,1,100,,31591,2,0,20 14 34,1,100,,31606,2,0,20 14 34,1,100,,31588,2,0,20 14 34,1,100,,21556,2,0,20 14 34,1
41501,'11',1800,,31608,2,0,20 14 34,1,30,,31611,2,0,20 14 34,1,85,,31607,2,0,20 14 34,1,100,,31610,2,0,20 14 34,1,100,,13490,2,0,20 14 34,1,100,,31609,2,0,20 14 34,1,100,,31612,2,0,20 14 34,1
41501,'12',1115,,31613,2,0,20 14 34,1,100,,31616,2,0,20 14 34,1,100,,8486,2,0,20 14 34,1,100,,31614,2,0,20 14 34,1,100,,31617,2,0,20 14 34,1,100,,31615,2,0,20 14 34,1,100,,26908,2,0,20 14 34,1
41501,'14',645,,31626,2,0,20 14 34,1,70,,24564,2,0,20 14 34,1,30,,31620,2,0,20 14 34,1,70,,31631,2,0,20 14 34,1,30,,31637,2,0,20 14 34,1,70,,31619,2,0,20 14 34,1,30,,31641,2,0,20 14 34,1,70,,31632,2,0,20 14 34,1,30,,31628,2,0,20 14 34,1,70,,31643,2,0,20 14 34,1,30,,31633,2,0,20 14 34,1,70,,31640,2,0,20 14 34,1,30,,31636,2,0,20 14 34,1,70,,31618,2,0,20 14 34,1,30,,31635,2,0,20 14 34,1,70,,31634,2,0,20 14 34,1,30,,31638,2,0,20 14 34,1,70,,31629,2,0,20 14 34,1,30,,31624,2,0,20 14 34,1,70,,31623,2,0,20 14 34,1,30,,31622,2,0,20 14 34,1,70,,31639,2,0,20 14 34,1,30,,31630,2,0,20 14 34,1,70,,31642,2,0,20 14 34,1,100,,31621,2,0,20 14 34,1,100,,31627,2,0,20 14 34,1,100,,31644,2,0,20 14 34,1,100,,26226,2,0,20 14 34,1,100,,31625,2,0,20 14 34,1
41501,'3',1800,,31646,2,0,20 14 34,1,30,,31649,2,0,20 14 34,1,85,,31645,2,0,20 14 34,1,100,,31648,2,0,20 14 34,1,100,,13533,2,0,20 14 34,1,100,,31647,2,0,20 14 34,1,100,,31650,2,0,20 14 34,1
41501,'8',1015,,31663,2,0,20 14 34,1,30,,31651,2,0,20 14 34,1,70,,31665,2,0,20 14 34,1,30,,25155,2,0,20 14 34,1,70,,31655,2,0,20 14 34,1,100,,31659,2,0,20 14 34,1,30,,31660,2,0,20 14 34,1,70,,31661,2,0,20 14 34,1,100,,31654,2,0,20 14 34,1,30,,31657,2,0,20 14 34,1,70,,31652,2,0,20 14 34,1,30,,31658,2,0,20 14 34,1,70,,31653,2,0,20 14 34,1,30,,31662,2,0,20 14 34,1,70,,31664,2,0,20 14 34,1,100,,31656,2,0,20 14 34,1
