30700,'12',645,,34058,30,0,65 14,1,70,,34054,30,0,65 14,1,30,,34056,30,0,65 14,1,70,,34047,30,0,65 14,1,30,,34062,30,0,65 14,1,70,,34049,30,0,65 14,1,30,,34061,30,0,65 14,1,71,,34053,30,0,65 14,1,30,,34044,30,0,65 14,1,70,,34051,30,0,65 14,1,30,,34050,30,0,65 14,1,70,,34060,30,0,65 14,1,30,,34057,30,0,65 14,1,70,,34045,30,0,65 14,1,30,,34048,30,0,65 14,1,70,,34065,30,0,65 14,1,30,,34055,30,0,65 14,1,70,,34052,30,0,65 14,1,30,,34043,30,0,65 14,1,70,,34064,30,0,65 14,1,30,,34063,30,0,65 14,1,70,,34046,30,0,65 14,1,30,,34059,30,0,65 14,1
30700,'13',645,,34080,30,0,65 14,1,70,,34077,30,0,65 14,1,30,,28551,30,0,65 14,1,70,,34070,30,0,65 14,1,30,,34084,30,0,65 14,1,70,,34072,30,0,65 14,1,30,,34083,30,0,65 14,1,71,,34076,30,0,65 14,1,30,,34067,30,0,65 14,1,70,,34074,30,0,65 14,1,30,,34073,30,0,65 14,1,70,,34082,30,0,65 14,1,30,,34079,30,0,65 14,1,70,,34068,30,0,65 14,1,30,,34071,30,0,65 14,1,70,,34087,30,0,65 14,1,30,,34078,30,0,65 14,1,70,,34075,30,0,65 14,1,30,,34066,30,0,65 14,1,70,,34086,30,0,65 14,1,30,,34085,30,0,65 14,1,70,,34069,30,0,65 14,1,30,,34081,30,0,65 14,1
30700,'3',645,,34102,30,0,65 14,1,70,,34099,30,0,65 14,1,30,,28573,30,0,65 14,1,70,,34092,30,0,65 14,1,30,,34106,30,0,65 14,1,70,,34094,30,0,65 14,1,30,,34105,30,0,65 14,1,71,,34098,30,0,65 14,1,30,,34089,30,0,65 14,1,70,,34096,30,0,65 14,1,30,,34095,30,0,65 14,1,70,,34104,30,0,65 14,1,30,,34101,30,0,65 14,1,70,,34090,30,0,65 14,1,30,,34093,30,0,65 14,1,70,,34109,30,0,65 14,1,30,,34100,30,0,65 14,1,70,,34097,30,0,65 14,1,30,,34088,30,0,65 14,1,70,,34108,30,0,65 14,1,30,,34107,30,0,65 14,1,70,,34091,30,0,65 14,1,30,,34103,30,0,65 14,1
30700,'6',645,,34125,30,0,65 14,1,70,,34121,30,0,65 14,1,30,,34123,30,0,65 14,1,70,,34114,30,0,65 14,1,30,,34129,30,0,65 14,1,70,,34116,30,0,65 14,1,30,,34128,30,0,65 14,1,71,,34120,30,0,65 14,1,30,,34111,30,0,65 14,1,70,,34118,30,0,65 14,1,30,,34117,30,0,65 14,1,70,,34127,30,0,65 14,1,30,,34124,30,0,65 14,1,70,,34112,30,0,65 14,1,30,,34115,30,0,65 14,1,70,,34132,30,0,65 14,1,30,,34122,30,0,65 14,1,70,,34119,30,0,65 14,1,30,,34110,30,0,65 14,1,70,,34131,30,0,65 14,1,30,,34130,30,0,65 14,1,70,,34113,30,0,65 14,1,30,,34126,30,0,65 14,1
40800,'1',631,,39087,38,0,64 38,1,70,,39086,38,0,64 38,1,30,,39072,38,0,64 38,1,70,,39094,38,0,64 38,1,30,,39093,38,0,64 38,1,70,,39088,38,0,64 38,1,30,,39082,38,0,64 38,1,70,,39096,38,0,64 38,1,32,,39076,38,0,64 38,1,70,,39084,38,0,64 38,1,30,,39079,38,0,64 38,1,70,,30443,38,0,64 38,1,30,,39074,38,0,64 38,1,70,,39075,38,0,64 38,1,30,,39083,38,0,64 38,1,70,,39089,38,0,64 38,1,30,,39070,38,0,64 38,1,70,,39077,38,0,64 38,1,30,,39080,38,0,64 38,1,70,,39078,38,0,64 38,1,30,,39071,38,0,64 38,1,70,,39097,38,0,64 38,1,30,,39092,38,0,64 38,1,70,,39085,38,0,64 38,1,100,,39091,38,0,64 38,1,100,,39069,38,0,64 38,1,100,,39081,38,0,64 38,1,100,,39095,38,0,64 38,1,100,,39090,38,0,64 38,1,100,,39073,38,0,64 38,1
40800,'11',631,,39116,38,0,64 38,1,70,,39115,38,0,64 38,1,30,,39101,38,0,64 38,1,70,,39123,38,0,64 38,1,30,,39122,38,0,64 38,1,70,,39117,38,0,64 38,1,30,,39111,38,0,64 38,1,70,,39125,38,0,64 38,1,32,,39105,38,0,64 38,1,70,,39113,38,0,64 38,1,30,,39108,38,0,64 38,1,70,,39126,38,0,64 38,1,30,,39103,38,0,64 38,1,70,,39104,38,0,64 38,1,30,,39112,38,0,64 38,1,70,,39118,38,0,64 38,1,30,,39099,38,0,64 38,1,70,,39106,38,0,64 38,1,30,,39109,38,0,64 38,1,70,,39107,38,0,64 38,1,30,,39100,38,0,64 38,1,70,,39127,38,0,64 38,1,30,,39121,38,0,64 38,1,70,,39114,38,0,64 38,1,100,,39120,38,0,64 38,1,100,,39098,38,0,64 38,1,100,,39110,38,0,64 38,1,100,,39124,38,0,64 38,1,100,,39119,38,0,64 38,1,100,,39102,38,0,64 38,1
40800,'12',1803,,39130,38,0,64 38,1,100,,39133,38,0,64 38,1,100,,39134,38,0,64 38,1,100,,39132,38,0,64 38,1,100,,39129,38,0,64 38,1,100,,39128,38,0,64 38,1,100,,39131,38,0,64 38,1
40800,'13',1803,,39137,38,0,64 38,1,100,,39140,38,0,64 38,1,100,,39141,38,0,64 38,1,100,,39139,38,0,64 38,1,100,,39136,38,0,64 38,1,100,,39135,38,0,64 38,1,100,,39138,38,0,64 38,1
40800,'14',1103,,39147,38,0,64 38,1,100,,39145,38,0,64 38,1,100,,39142,38,0,64 38,1,100,,39143,38,0,64 38,1,100,,39148,38,0,64 38,1,100,,39144,38,0,64 38,1,100,,39149,38,0,64 38,1,100,,39146,38,0,64 38,1
40800,'16',631,,39168,38,0,64 38,1,70,,39167,38,0,64 38,1,30,,39153,38,0,64 38,1,70,,39175,38,0,64 38,1,30,,39174,38,0,64 38,1,70,,39169,38,0,64 38,1,30,,39163,38,0,64 38,1,70,,39177,38,0,64 38,1,32,,39157,38,0,64 38,1,70,,39165,38,0,64 38,1,30,,39160,38,0,64 38,1,70,,30481,38,0,64 38,1,30,,39155,38,0,64 38,1,70,,39156,38,0,64 38,1,30,,39164,38,0,64 38,1,70,,39170,38,0,64 38,1,30,,39151,38,0,64 38,1,70,,39158,38,0,64 38,1,30,,39161,38,0,64 38,1,70,,39159,38,0,64 38,1,30,,39152,38,0,64 38,1,70,,39178,38,0,64 38,1,30,,39173,38,0,64 38,1,70,,39166,38,0,64 38,1,100,,39172,38,0,64 38,1,100,,39150,38,0,64 38,1,100,,39162,38,0,64 38,1,100,,39176,38,0,64 38,1,100,,39171,38,0,64 38,1,100,,39154,38,0,64 38,1
40800,'3',1803,,39181,38,0,64 38,1,100,,39184,38,0,64 38,1,100,,39185,38,0,64 38,1,100,,39183,38,0,64 38,1,100,,39180,38,0,64 38,1,100,,39179,38,0,64 38,1,100,,39182,38,0,64 38,1
40800,'6',1803,,39188,38,0,64 38,1,100,,39191,38,0,64 38,1,100,,39192,38,0,64 38,1,100,,39190,38,0,64 38,1,100,,39187,38,0,64 38,1,100,,39186,38,0,64 38,1,100,,39189,38,0,64 38,1
40800,'8',901,,39208,38,0,64 38,1,100,,39199,38,0,64 38,1,32,,39200,38,0,64 38,1,70,,39194,38,0,64 38,1,30,,39197,38,0,64 38,1,70,,39209,38,0,64 38,1,30,,39202,38,0,64 38,1,70,,39204,38,0,64 38,1,30,,39205,38,0,64 38,1,70,,39196,38,0,64 38,1,30,,39210,38,0,64 38,1,70,,39201,38,0,64 38,1,30,,39198,38,0,64 38,1,70,,39193,38,0,64 38,1,30,,39203,38,0,64 38,1,70,,30039,38,0,64 38,1,30,,39207,38,0,64 38,1,70,,31168,38,0,64 38,1,100,,39206,38,0,64 38,1,100,,39195,38,0,64 38,1
