31001,'11',632,,18673,7,0,36,1,70,,28246,7,0,36,1,30,,28232,7,0,36,1,70,,28242,7,0,36,1,30,,28238,7,0,36,1,70,,28247,7,0,36,1,30,,28228,7,0,36,1,70,,28241,7,0,36,1,30,,28236,7,0,36,1,70,,28235,7,0,36,1,30,,28248,7,0,36,1,70,,28237,7,0,36,1,30,,26820,7,0,36,1,70,,28243,7,0,36,1,30,,28234,7,0,36,1,70,,23335,7,0,36,1,30,,28245,7,0,36,1,70,,28233,7,0,36,1,27,,26986,4,0,37 38,1,3,,28227,7,0,36,1,70,,28240,7,0,36,1,30,,28239,7,0,36,1,70,,28231,7,0,36,1,30,,28244,7,0,36,1,70,,28230,7,0,36,1,30,,28229,7,0,36,1
31001,'3',632,,18709,7,0,36,1,70,,28268,7,0,36,1,30,,28254,7,0,36,1,70,,28264,7,0,36,1,30,,28260,7,0,36,1,70,,28269,7,0,36,1,30,,28250,7,0,36,1,70,,28263,7,0,36,1,30,,28258,7,0,36,1,70,,28257,7,0,36,1,30,,28270,7,0,36,1,70,,28259,7,0,36,1,30,,26869,7,0,36,1,70,,28265,7,0,36,1,30,,28256,7,0,36,1,70,,23373,7,0,36,1,30,,28267,7,0,36,1,70,,28255,7,0,36,1,27,,27034,4,0,37 38,1,3,,28249,7,0,36,1,70,,28262,7,0,36,1,30,,28261,7,0,36,1,70,,28253,7,0,36,1,30,,28266,7,0,36,1,70,,28252,7,0,36,1,30,,28251,7,0,36,1
31601,'11',716,,28707,13,,,1,15,,28687,13,,,1,15,,28686,13,,,1,55,,28679,13,,,1,15,,28703,13,,,1,15,,28714,13,,,1,15,,28712,13,,,1,55,,28696,13,,,1,15,,28695,13,,,1,15,,28709,13,,,1,15,,28705,13,,,1,55,,28708,13,,,1,15,,28672,13,,,1,15,,28702,13,,,1,15,,28692,13,,,1,55,,28711,13,,,1,15,,28699,13,,,1,15,,28671,13,,,1,15,,28676,13,,,1,55,,28678,13,,,1,15,,28673,13,,,1,15,,28697,13,,,1,15,,28710,13,,,1,55,,28698,13,,,1,15,,22598,13,,,1,15,,28682,13,,,1,15,,28688,13,,,1,55,,28683,13,,,1,15,,28704,13,,,1,15,,28690,13,,,1,15,,28684,13,,,1,55,,28701,13,,,1,15,,28689,13,,,1,15,,22794,13,,,1,15,,28674,13,,,1,55,,28691,13,,,1,15,,28700,13,,,1,15,,28693,13,,,1,15,,28685,13,,,1,55,,28694,13,,,1,15,,28680,13,,,1,15,,28681,13,,,1,15,,23141,13,,,1,55,,28675,13,,,1,15,,28677,13,,,1,15,,28706,13,,,1,15,,28713,13,,,1
31601,'3',716,,28751,13,,,1,15,,28731,13,,,1,15,,28730,13,,,1,55,,28723,13,,,1,15,,28747,13,,,1,15,,28758,13,,,1,15,,28756,13,,,1,55,,28740,13,,,1,15,,28739,13,,,1,15,,28753,13,,,1,15,,28749,13,,,1,55,,28752,13,,,1,15,,28716,13,,,1,15,,28746,13,,,1,15,,28736,13,,,1,55,,28755,13,,,1,15,,28743,13,,,1,15,,28715,13,,,1,15,,28720,13,,,1,55,,28722,13,,,1,15,,28717,13,,,1,15,,28741,13,,,1,15,,28754,13,,,1,55,,28742,13,,,1,15,,22614,13,,,1,15,,28726,13,,,1,15,,28732,13,,,1,55,,28727,13,,,1,15,,28748,13,,,1,15,,28734,13,,,1,15,,28728,13,,,1,55,,28745,13,,,1,15,,28733,13,,,1,15,,22816,13,,,1,15,,28718,13,,,1,55,,28735,13,,,1,15,,28744,13,,,1,15,,28737,13,,,1,15,,28729,13,,,1,55,,28738,13,,,1,15,,28724,13,,,1,15,,28725,13,,,1,15,,23154,13,,,1,55,,28719,13,,,1,15,,28721,13,,,1,15,,28750,13,,,1,15,,28757,13,,,1
41001,'1',635,,23182,7,0,37 38,1,70,,24886,7,0,37 38,1,30,,31193,7,0,37 38,1,70,,31188,7,0,37 38,1,30,,31187,7,0,37 38,1,70,,21426,7,0,37 38,1,30,,31194,7,0,37 38,1,70,,31189,7,0,37 38,1,30,,31192,7,0,37 38,1,70,,31181,7,0,37 38,1,30,,31180,7,0,37 38,1,70,,31182,7,0,37 38,1,30,,31191,7,0,37 38,1,70,,31196,7,0,37 38,1,30,,31178,7,0,37 38,1,70,,31186,7,0,37 38,1,30,,31179,7,0,37 38,1,70,,31190,7,0,37 38,1,30,,31183,7,0,37 38,1,70,,24701,7,0,37 38,1,30,,21576,7,0,37 38,1,70,,31184,7,0,37 38,1,30,,31185,7,0,37 38,1,70,,31195,7,0,37 38,1
41001,'12',1135,,31202,7,0,37 38,1,100,,31200,7,0,37 38,1,100,,31199,7,0,37 38,1,100,,31201,7,0,37 38,1,100,,31198,7,0,37 38,1,100,,31203,7,0,37 38,1,100,,31197,7,0,37 38,1
41001,'14',635,,31215,7,0,37 38,1,70,,31216,7,0,37 38,1,30,,31222,7,0,37 38,1,70,,31213,7,0,37 38,1,30,,31212,7,0,37 38,1,70,,31209,7,0,37 38,1,30,,31223,7,0,37 38,1,70,,31214,7,0,37 38,1,30,,31221,7,0,37 38,1,70,,31206,7,0,37 38,1,30,,26845,7,0,37 38,1,70,,31207,7,0,37 38,1,30,,31220,7,0,37 38,1,70,,31225,7,0,37 38,1,30,,31204,7,0,37 38,1,70,,31211,7,0,37 38,1,30,,31205,7,0,37 38,1,70,,31217,7,0,37 38,1,30,,26849,7,0,37 38,1,70,,31219,7,0,37 38,1,30,,31218,7,0,37 38,1,70,,31208,7,0,37 38,1,30,,31210,7,0,37 38,1,70,,31224,7,0,37 38,1
41001,'8',935,,31238,7,0,37 38,1,100,,31240,7,0,37 38,1,70,,31232,7,0,37 38,1,30,,31234,7,0,37 38,1,70,,31227,7,0,37 38,1,30,,31226,7,0,37 38,1,70,,31242,7,0,37 38,1,30,,31233,7,0,37 38,1,70,,31235,7,0,37 38,1,30,,31228,7,0,37 38,1,70,,31236,7,0,37 38,1,30,,31230,7,0,37 38,1,70,,31239,7,0,37 38,1,30,,31241,7,0,37 38,1,70,,31244,7,0,37 38,1,30,,31229,7,0,37 38,1,70,,31231,7,0,37 38,1,30,,31243,7,0,37 38,1,100,,31237,7,0,37 38,1
41601,'1',736,,31783,13,,,1,70,,31807,13,,,1,30,,31785,13,,,1,70,,31798,13,,,1,25,,31799,13,,,1,70,,31788,13,,,1,31,,22955,13,,,1,70,,31805,13,,,1,30,,31797,13,,,1,70,,31789,13,,,1,30,,31792,13,,,1,70,,31803,13,,,1,30,,31795,13,,,1,70,,24008,13,,,1,30,,31784,13,,,1,70,,31808,13,,,1,30,,31814,13,,,1,70,,22208,13,,,1,30,,31801,13,,,1,70,,31812,13,,,1,30,,31786,13,,,1,70,,31810,13,,,1,35,,31804,13,,,1,69,,31796,13,,,1,30,,31793,13,,,1,70,,24686,13,,,1,30,,31791,13,,,1,70,,31794,13,,,1,30,,31790,13,,,1,67,,23235,13,,,1,3,,31800,13,,,1,27,,31802,13,,,1,3,,31813,13,,,1,67,,31787,13,,,1,3,,31806,13,,,1,27,,31811,13,,,1,3,,31809,13,,,1
41601,'11',1906,,31815,13,,,1,30,,31824,13,,,1,70,,31820,13,,,1,30,,31818,13,,,1,70,,31816,13,,,1,30,,31821,13,,,1,70,,31823,13,,,1,30,,31817,13,,,1,70,,31822,13,,,1,30,,31819,13,,,1
41601,'12',1107,,31826,13,,,1,30,,31835,13,,,1,70,,31834,13,,,1,30,,31831,13,,,1,70,,31833,13,,,1,30,,31832,13,,,1,70,,31828,13,,,1,30,,31827,13,,,1,70,,31830,13,,,1,30,,31836,13,,,1,70,,31837,13,,,1,30,,24535,13,,,1,70,,31838,13,,,1,30,,31825,13,,,1,70,,31829,13,,,1
41601,'14',736,,31839,13,,,1,70,,31866,13,,,1,30,,31841,13,,,1,70,,31857,13,,,1,25,,16948,13,,,1,70,,31846,13,,,1,31,,31842,13,,,1,70,,31864,13,,,1,30,,31854,13,,,1,70,,31847,13,,,1,30,,31850,13,,,1,70,,31862,13,,,1,30,,31852,13,,,1,70,,31845,13,,,1,30,,31840,13,,,1,70,,31867,13,,,1,30,,31873,13,,,1,70,,31860,13,,,1,30,,31859,13,,,1,70,,31871,13,,,1,30,,31843,13,,,1,70,,31869,13,,,1,35,,31863,13,,,1,69,,31853,13,,,1,30,,26451,13,,,1,70,,31855,13,,,1,30,,31849,13,,,1,70,,31851,13,,,1,30,,31848,13,,,1,67,,31856,13,,,1,3,,31858,13,,,1,27,,31861,13,,,1,3,,31872,13,,,1,67,,31844,13,,,1,3,,31865,13,,,1,27,,31870,13,,,1,3,,31868,13,,,1
41601,'3',1906,,31874,13,,,1,30,,31883,13,,,1,70,,31879,13,,,1,30,,31877,13,,,1,70,,31875,13,,,1,30,,31880,13,,,1,70,,31882,13,,,1,30,,31876,13,,,1,70,,31881,13,,,1,30,,31878,13,,,1
41601,'8',901,,31886,13,,,1,30,,31888,13,,,1,70,,31898,13,,,1,31,,31899,13,,,1,70,,26496,13,,,1,30,,31890,13,,,1,70,,25712,13,,,1,30,,31902,13,,,1,70,,31897,13,,,1,30,,31891,13,,,1,70,,31900,13,,,1,30,,31896,13,,,1,70,,31887,13,,,1,30,,31903,13,,,1,70,,31905,13,,,1,30,,31885,13,,,1,70,,31895,13,,,1,30,,31904,13,,,1,70,,31901,13,,,1,30,,31884,13,,,1,70,,31893,13,,,1,29,,31894,13,,,1,70,,31892,13,,,1,30,,31889,13,,,1
