30101,'15',625,,9077,18,0,5 15,1,30,,9074,18,0,5 15,1,70,,9105,18,0,5 15,1,30,,9096,18,0,5 15,1,70,,9080,18,0,5 15,1,30,,9067,18,0,5 15,1,70,,9107,18,0,5 15,1,30,,9079,18,0,5 15,1,70,,9091,18,0,5 15,1,30,,9083,18,0,5 15,1,70,,9069,18,0,5 15,1,30,,9098,18,0,5 15,1,70,,9088,18,0,5 15,1,30,,9072,18,0,5 15,1,70,,9063,18,0,5 15,1,30,,9081,18,0,5 15,1,70,,9076,18,0,5 15,1,30,,9109,18,0,5 15,1,70,,9094,18,0,5 15,1,30,,9093,18,0,5 15,1,70,,9090,18,0,5 15,1,30,,9065,18,0,5 15,1,70,,9082,18,0,5 15,1,30,,9078,18,0,5 15,1
30101,'16',625,,9123,18,0,5 15,1,30,,4232,18,0,5 15,1,70,,9149,18,0,5 15,1,30,,9140,18,0,5 15,1,70,,9126,18,0,5 15,1,30,,2894,18,0,5 15,1,70,,9151,18,0,5 15,1,30,,9125,18,0,5 15,1,70,,9136,18,0,5 15,1,30,,9129,18,0,5 15,1,70,,9116,18,0,5 15,1,30,,9142,18,0,5 15,1,70,,9133,18,0,5 15,1,30,,9119,18,0,5 15,1,70,,1662,18,0,5 15,1,30,,9127,18,0,5 15,1,70,,9122,18,0,5 15,1,30,,9153,18,0,5 15,1,70,,9139,18,0,5 15,1,30,,9138,18,0,5 15,1,70,,9135,18,0,5 15,1,30,,9113,18,0,5 15,1,70,,9128,18,0,5 15,1,30,,9124,18,0,5 15,1
30101,'17',625,,9167,18,0,5 15,1,30,,4247,18,0,5 15,1,70,,9193,18,0,5 15,1,30,,9184,18,0,5 15,1,70,,9170,18,0,5 15,1,30,,2945,18,0,5 15,1,70,,9195,18,0,5 15,1,30,,9169,18,0,5 15,1,70,,9180,18,0,5 15,1,30,,9173,18,0,5 15,1,70,,9160,18,0,5 15,1,30,,9186,18,0,5 15,1,70,,9177,18,0,5 15,1,30,,9163,18,0,5 15,1,70,,1685,18,0,5 15,1,30,,9171,18,0,5 15,1,70,,9166,18,0,5 15,1,30,,9197,18,0,5 15,1,70,,9183,18,0,5 15,1,30,,9182,18,0,5 15,1,70,,9179,18,0,5 15,1,30,,9157,18,0,5 15,1,70,,9172,18,0,5 15,1,30,,9168,18,0,5 15,1
30101,'19',625,,9215,18,0,5 15,1,30,,9212,18,0,5 15,1,70,,9243,18,0,5 15,1,30,,9234,18,0,5 15,1,70,,9218,18,0,5 15,1,30,,9205,18,0,5 15,1,70,,9245,18,0,5 15,1,30,,9217,18,0,5 15,1,70,,9229,18,0,5 15,1,30,,9221,18,0,5 15,1,70,,9207,18,0,5 15,1,30,,9236,18,0,5 15,1,70,,9226,18,0,5 15,1,30,,9210,18,0,5 15,1,70,,9201,18,0,5 15,1,30,,9219,18,0,5 15,1,70,,9214,18,0,5 15,1,30,,9247,18,0,5 15,1,70,,9232,18,0,5 15,1,30,,9231,18,0,5 15,1,70,,9228,18,0,5 15,1,30,,9203,18,0,5 15,1,70,,9220,18,0,5 15,1,30,,9216,18,0,5 15,1
30101,'5',625,,9261,18,0,5 15,1,30,,4271,18,0,5 15,1,70,,9285,18,0,5 15,1,30,,9276,18,0,5 15,1,70,,9264,18,0,5 15,1,30,,3019,18,0,5 15,1,70,,9287,18,0,5 15,1,30,,9263,18,0,5 15,1,70,,9272,18,0,5 15,1,30,,9267,18,0,5 15,1,70,,9254,18,0,5 15,1,30,,9278,18,0,5 15,1,70,,3064,18,0,5 15,1,30,,9257,18,0,5 15,1,70,,1708,18,0,5 15,1,30,,9265,18,0,5 15,1,70,,9260,18,0,5 15,1,30,,9289,18,0,5 15,1,70,,9275,18,0,5 15,1,30,,9274,18,0,5 15,1,70,,9271,18,0,5 15,1,30,,9251,18,0,5 15,1,70,,9266,18,0,5 15,1,30,,9262,18,0,5 15,1
30101,'6',625,,9307,18,0,5 15,1,30,,9304,18,0,5 15,1,70,,9335,18,0,5 15,1,30,,9326,18,0,5 15,1,70,,9310,18,0,5 15,1,30,,9297,18,0,5 15,1,70,,9337,18,0,5 15,1,30,,9309,18,0,5 15,1,70,,9321,18,0,5 15,1,30,,9313,18,0,5 15,1,70,,9299,18,0,5 15,1,30,,9328,18,0,5 15,1,70,,9318,18,0,5 15,1,30,,9302,18,0,5 15,1,70,,9293,18,0,5 15,1,30,,9311,18,0,5 15,1,70,,9306,18,0,5 15,1,30,,9339,18,0,5 15,1,70,,9324,18,0,5 15,1,30,,9323,18,0,5 15,1,70,,9320,18,0,5 15,1,30,,9295,18,0,5 15,1,70,,9312,18,0,5 15,1,30,,9308,18,0,5 15,1
40101,'1',1039,,17006,18,0,16,1,100,,17000,18,0,16,1,100,,17011,18,0,16,1,100,,1550,18,0,16,1,100,,17005,18,0,16,1,100,,17008,18,0,16,1,100,,17010,18,0,16,1,100,,16998,18,0,5,1
40101,'10',639,,17028,18,0,16,1,70,,17012,18,0,16,1,30,,17048,18,0,16,1,70,,17027,18,0,16,1,30,,17016,18,0,16,1,70,,17065,18,0,16,1,30,,17019,18,0,16,1,70,,17072,18,0,16,1,30,,17020,18,0,16,1,70,,17024,18,0,16,1,30,,17056,18,0,16,1,70,,17064,18,0,16,1,30,,17058,18,0,16,1,70,,17023,18,0,16,1,30,,17038,18,0,16,1,70,,17014,18,0,16,1,30,,17039,18,0,16,1,70,,17043,18,0,16,1,30,,17050,18,0,16,1,70,,17030,18,0,16,1,30,,17022,18,0,16,1,70,,17049,18,0,16,1,30,,17018,18,0,16,1,70,,17035,18,0,16,1,30,,17062,18,0,16,1,100,,17013,18,0,16,1,100,,17052,18,0,16,1,100,,17044,18,0,16,1,100,,17036,18,0,16,1,100,,17060,18,0,5,1
40101,'12',839,,17094,18,0,16,1,100,,17085,18,0,16,1,100,,17100,18,0,16,1,70,,17103,18,0,16,1,30,,17098,18,0,16,1,70,,17084,18,0,16,1,30,,17104,18,0,16,1,70,,17089,18,0,16,1,30,,17108,18,0,16,1,70,,17083,18,0,16,1,30,,17073,18,0,16,1,70,,17090,18,0,16,1,30,,17081,18,0,16,1,70,,17095,18,0,16,1,30,,17106,18,0,16,1,70,,17093,18,0,16,1,30,,17082,18,0,16,1,70,,17109,18,0,16,1,30,,17076,18,0,16,1,100,,17078,18,0,16,1
40101,'15',1839,,17120,18,0,16,1,100,,17115,18,0,16,1,100,,17114,18,0,16,1,100,,17112,18,0,16,1,100,,17110,18,0,16,1,100,,17117,18,0,5,1
40101,'16',1839,,17129,18,0,16,1,100,,17124,18,0,16,1,100,,2256,18,0,16,1,100,,17122,18,0,16,1,100,,17121,18,0,16,1,100,,17126,18,0,5,1
40101,'17',1839,,17137,18,0,16,1,100,,17133,18,0,16,1,100,,2281,18,0,16,1,100,,17131,18,0,16,1,100,,17130,18,0,16,1,100,,17134,18,0,5,1
40101,'19',1839,,17148,18,0,16,1,100,,17143,18,0,16,1,100,,17142,18,0,16,1,100,,17140,18,0,16,1,100,,17138,18,0,16,1,100,,17145,18,0,5,1
40101,'21',639,,17162,18,0,16,1,70,,17149,18,0,16,1,30,,17180,18,0,16,1,70,,17161,18,0,16,1,30,,17151,18,0,16,1,70,,17196,18,0,16,1,30,,17154,18,0,16,1,70,,17203,18,0,16,1,30,,17155,18,0,16,1,70,,7905,18,0,16,1,30,,17188,18,0,16,1,70,,17195,18,0,16,1,30,,17190,18,0,16,1,70,,17158,18,0,16,1,30,,17170,18,0,16,1,70,,7989,18,0,16,1,30,,17171,18,0,16,1,70,,17175,18,0,16,1,30,,17182,18,0,16,1,70,,17164,18,0,16,1,30,,17157,18,0,16,1,70,,17181,18,0,16,1,30,,17153,18,0,16,1,70,,17169,18,0,16,1,30,,5902,18,0,16,1,100,,7058,18,0,16,1,100,,17184,18,0,16,1,100,,17176,18,0,16,1,100,,6998,18,0,16,1,100,,17192,18,0,5,1
40101,'5',1839,,4496,18,0,16,1,100,,17207,18,0,16,1,100,,2306,18,0,16,1,100,,17205,18,0,16,1,100,,17204,18,0,16,1,100,,17209,18,0,5,1
40101,'6',1839,,17222,18,0,16,1,100,,17217,18,0,16,1,100,,17216,18,0,16,1,100,,17214,18,0,16,1,100,,17212,18,0,16,1,100,,17219,18,0,5,1
