32100,'15',643,,14121,6,0,53,1,90,,14115,6,0,53,1,100,,14123,6,0,53,1,100,,14125,6,0,53,1,100,,14120,6,0,53,1,100,,14119,6,0,53,1,100,,14116,6,0,53,1,100,,14124,6,0,53,1,100,,14122,6,0,53,1,100,,14114,6,0,53,1,100,,14118,6,0,53,1,100,,14117,6,0,53,1
32100,'16',643,,14130,6,0,53,1,90,,14126,6,0,53,1,100,,1005,6,0,53,1,100,,14133,6,0,53,1,100,,5261,6,0,53,1,100,,14129,6,0,53,1,100,,14127,6,0,53,1,100,,14132,6,0,53,1,100,,14128,6,0,53,1,100,,14131,6,0,53,1,100,,14135,6,0,53,1,100,,14134,6,0,53,1
32100,'17',643,,14140,6,0,53,1,90,,14136,6,0,53,1,100,,1029,6,0,53,1,100,,14143,6,0,53,1,100,,5311,6,0,53,1,100,,14139,6,0,53,1,100,,14137,6,0,53,1,100,,14142,6,0,53,1,100,,14138,6,0,53,1,100,,14141,6,0,53,1,100,,14145,6,0,53,1,100,,14144,6,0,53,1
32100,'19',643,,14152,6,0,53,1,90,,14146,6,0,53,1,100,,14153,6,0,53,1,100,,14156,6,0,53,1,100,,14151,6,0,53,1,100,,14150,6,0,53,1,100,,14147,6,0,53,1,100,,14155,6,0,53,1,100,,14149,6,0,53,1,100,,14148,6,0,53,1,100,,14157,6,0,53,1,100,,14154,6,0,53,1
32100,'5',643,,14163,6,0,53,1,90,,14158,6,0,53,1,100,,1053,6,0,53,1,100,,14165,6,0,53,1,100,,5441,6,0,53,1,100,,14162,6,0,53,1,100,,14159,6,0,53,1,100,,14164,6,0,53,1,100,,14161,6,0,53,1,100,,14160,6,0,53,1,100,,14166,6,0,53,1,100,,8794,6,0,53,1
32100,'6',643,,14174,6,0,53,1,90,,14168,6,0,53,1,100,,14176,6,0,53,1,100,,14178,6,0,53,1,100,,14173,6,0,53,1,100,,14172,6,0,53,1,100,,14169,6,0,53,1,100,,14177,6,0,53,1,100,,14175,6,0,53,1,100,,14167,6,0,53,1,100,,14171,6,0,53,1,100,,14170,6,0,53,1
42100,'1',1033,,1932,6,0,53,1,100,,20074,6,0,53,1,100,,20072,6,0,53,1,100,,20070,6,0,53,1,100,,20073,6,0,53,1,100,,20071,6,0,53,1,100,,20069,6,0,53,1
42100,'10',643,,20091,6,0,53,1,90,,20087,6,0,53,1,100,,20076,6,0,53,1,100,,20088,6,0,53,1,100,,20082,6,0,53,1,100,,20078,6,0,53,1,100,,20081,6,0,53,1,100,,20090,6,0,53,1,100,,20086,6,0,53,1,100,,20077,6,0,53,1,100,,20084,6,0,53,1,100,,20080,6,0,53,1,100,,20085,6,0,53,1,100,,20075,6,0,53,1,100,,20079,6,0,53,1,100,,20083,6,0,53,1,100,,20089,6,0,53,1
42100,'12',833,,20094,6,0,53,1,100,,20095,6,0,53,1,100,,20097,6,0,53,1,100,,20100,6,0,53,1,100,,20093,6,0,53,1,100,,20099,6,0,53,1,100,,20101,6,0,53,1,100,,20098,6,0,53,1,100,,20102,6,0,53,1,100,,20092,6,0,53,1,100,,20096,6,0,53,1,100,,20103,6,0,53,1
42100,'15',1833,,20105,6,0,53,1,100,,20107,6,0,53,1,100,,20104,6,0,53,1,100,,20106,6,0,53,1,100,,20108,6,0,53,1
42100,'16',1833,,20110,6,0,53,1,100,,20112,6,0,53,1,100,,20109,6,0,53,1,100,,20111,6,0,53,1,100,,20113,6,0,53,1
42100,'17',1833,,20115,6,0,53,1,100,,20117,6,0,53,1,100,,20114,6,0,53,1,100,,20116,6,0,53,1,100,,20118,6,0,53,1
42100,'19',1833,,20120,6,0,53,1,100,,20122,6,0,53,1,100,,20119,6,0,53,1,100,,20121,6,0,53,1,100,,20123,6,0,53,1
42100,'21',643,,20138,6,0,53,1,90,,20134,6,0,53,1,100,,20125,6,0,53,1,100,,20135,6,0,53,1,100,,20130,6,0,53,1,100,,20127,6,0,53,1,100,,20129,6,0,53,1,100,,20137,6,0,53,1,100,,20133,6,0,53,1,100,,20126,6,0,53,1,100,,20131,6,0,53,1,100,,6805,6,0,53,1,100,,20132,6,0,53,1,100,,20124,6,0,53,1,100,,20128,6,0,53,1,100,,8225,6,0,53,1,100,,20136,6,0,53,1
42100,'5',1833,,20140,6,0,53,1,100,,20142,6,0,53,1,100,,20139,6,0,53,1,100,,20141,6,0,53,1,100,,20143,6,0,53,1
42100,'6',1833,,20145,6,0,53,1,100,,20147,6,0,53,1,100,,20144,6,0,53,1,100,,20146,6,0,53,1,100,,20148,6,0,53,1
