30800,'15',608,,10931,16,0,59,1,30,,10929,16,0,59,1,70,,10933,16,0,59,1,30,,10936,16,0,59,1,70,,10945,16,0,59,1,30,,10928,16,0,59,1,70,,10938,16,0,59,1,30,,10940,16,0,59,1,70,,10939,16,0,59,1,30,,10944,16,0,59,1,70,,10947,16,0,59,1,30,,10926,16,0,59,1,70,,10934,16,0,59,1,30,,10948,16,0,59,1,70,,10942,16,0,59,1,30,,10930,16,0,59,1,69,,10932,16,0,59,1,33,,10943,16,0,59,1,70,,10927,16,0,59,1,30,,10935,16,0,59,1,70,,10946,16,0,59,1,30,,10941,16,0,59,1,70,,10937,16,0,59,1,30,,10925,16,0,59,1
30800,'16',608,,10955,16,0,59,1,30,,10953,16,0,59,1,70,,10956,16,0,59,1,30,,10960,16,0,59,1,70,,10966,16,0,59,1,30,,10952,16,0,59,1,70,,10962,16,0,59,1,30,,10963,16,0,59,1,70,,1392,16,0,59,1,30,,10965,16,0,59,1,70,,10967,16,0,59,1,30,,10950,16,0,59,1,70,,10958,16,0,59,1,30,,10968,16,0,59,1,70,,8453,16,0,59,1,30,,10954,16,0,59,1,69,,1573,16,0,59,1,33,,3657,16,0,59,1,70,,10957,16,0,59,1,30,,10959,16,0,59,1,70,,10961,16,0,59,1,30,,10964,16,0,59,1,70,,10951,16,0,59,1,30,,10949,16,0,59,1
30800,'17',608,,10974,16,0,59,1,30,,10972,16,0,59,1,70,,10975,16,0,59,1,30,,10979,16,0,59,1,70,,10985,16,0,59,1,30,,10971,16,0,59,1,70,,10981,16,0,59,1,30,,10982,16,0,59,1,70,,1415,16,0,59,1,30,,10984,16,0,59,1,70,,10986,16,0,59,1,30,,10970,16,0,59,1,70,,10977,16,0,59,1,30,,10987,16,0,59,1,70,,8458,16,0,59,1,30,,10973,16,0,59,1,69,,1597,16,0,59,1,33,,3684,16,0,59,1,70,,10976,16,0,59,1,30,,10978,16,0,59,1,70,,10980,16,0,59,1,30,,10983,16,0,59,1,70,,8632,16,0,59,1,30,,10969,16,0,59,1
30800,'19',608,,10993,16,0,59,1,30,,10991,16,0,59,1,70,,10995,16,0,59,1,30,,10999,16,0,59,1,70,,11008,16,0,59,1,30,,10990,16,0,59,1,70,,11000,16,0,59,1,30,,11002,16,0,59,1,70,,11001,16,0,59,1,30,,11007,16,0,59,1,70,,11009,16,0,59,1,30,,10989,16,0,59,1,70,,10997,16,0,59,1,30,,11010,16,0,59,1,70,,11004,16,0,59,1,30,,10992,16,0,59,1,69,,10994,16,0,59,1,33,,11005,16,0,59,1,70,,10998,16,0,59,1,30,,8482,16,0,59,1,70,,10996,16,0,59,1,30,,11003,16,0,59,1,70,,11006,16,0,59,1,30,,10988,16,0,59,1
30800,'5',608,,11016,16,0,59,1,30,,11014,16,0,59,1,70,,11017,16,0,59,1,30,,11020,16,0,59,1,70,,11026,16,0,59,1,30,,11013,16,0,59,1,70,,11021,16,0,59,1,30,,11022,16,0,59,1,70,,1438,16,0,59,1,30,,11025,16,0,59,1,70,,11027,16,0,59,1,30,,11012,16,0,59,1,70,,11018,16,0,59,1,30,,11028,16,0,59,1,70,,8467,16,0,59,1,30,,11015,16,0,59,1,69,,1621,16,0,59,1,33,,3710,16,0,59,1,70,,3995,16,0,59,1,30,,11019,16,0,59,1,70,,4995,16,0,59,1,30,,11023,16,0,59,1,70,,11024,16,0,59,1,30,,11011,16,0,59,1
30800,'6',608,,11035,16,0,59,1,30,,11033,16,0,59,1,70,,11037,16,0,59,1,30,,11040,16,0,59,1,70,,11049,16,0,59,1,30,,11032,16,0,59,1,70,,11042,16,0,59,1,30,,11044,16,0,59,1,70,,11043,16,0,59,1,30,,11048,16,0,59,1,70,,11051,16,0,59,1,30,,11030,16,0,59,1,70,,11038,16,0,59,1,30,,11052,16,0,59,1,70,,11046,16,0,59,1,30,,11034,16,0,59,1,69,,11036,16,0,59,1,33,,11047,16,0,59,1,70,,11031,16,0,59,1,30,,11039,16,0,59,1,70,,11050,16,0,59,1,30,,11045,16,0,59,1,70,,11041,16,0,59,1,30,,11029,16,0,59,1
40800,'1',1052,,17900,16,0,60 61,1,100,,17894,16,0,60 61,1,100,,17898,16,0,60 61,1,100,,17895,16,0,60 61,1,100,,17897,16,0,60 61,1,100,,17896,16,0,60 61,1,100,,17899,16,0,60 61,1,100,,1842,16,0,60 61,1
40800,'10',622,,17919,16,0,60 61,1,30,,17902,16,0,60 61,1,70,,17929,16,0,60 61,1,30,,17913,16,0,60 61,1,70,,17911,16,0,60 61,1,30,,17905,16,0,60 61,1,70,,17927,16,0,60 61,1,30,,17903,16,0,60 61,1,70,,17914,16,0,60 61,1,30,,17910,16,0,60 61,1,70,,17923,16,0,60 61,1,30,,17912,16,0,60 61,1,70,,17920,16,0,60 61,1,30,,17930,16,0,60 61,1,70,,17908,16,0,60 61,1,30,,17921,16,0,60 61,1,70,,17925,16,0,60 61,1,30,,17907,16,0,60 61,1,70,,17906,16,0,60 61,1,30,,17918,16,0,60 61,1,70,,17909,16,0,60 61,1,30,,17922,16,0,60 61,1,70,,17915,16,0,60 61,1,30,,17901,16,0,60 61,1,100,,17904,16,0,60 61,1,100,,17917,16,0,60 61,1,100,,17926,16,0,60 61,1,100,,17916,16,0,60 61,1,100,,17924,16,0,60 61,1,100,,17928,16,0,60 61,1
40800,'12',852,,17947,16,0,60 61,1,100,,17932,16,0,60 61,1,70,,17934,16,0,60 61,1,30,,17933,16,0,60 61,1,70,,17942,16,0,60 61,1,30,,7014,16,0,60 61,1,70,,17937,16,0,60 61,1,30,,17941,16,0,60 61,1,70,,17943,16,0,60 61,1,30,,17936,16,0,60 61,1,70,,17938,16,0,60 61,1,30,,17939,16,0,60 61,1,70,,17945,16,0,60 61,1,30,,8043,16,0,60 61,1,70,,17940,16,0,60 61,1,30,,17935,16,0,60 61,1,70,,17946,16,0,60 61,1,30,,17944,16,0,60 61,1,100,,17931,16,0,60 61,1,100,,17948,16,0,60 61,1
40800,'15',1752,,17952,16,0,60 61,1,100,,17950,16,0,60 61,1,100,,17949,16,0,60 61,1,100,,17951,16,0,60 61,1,100,,17955,16,0,60 61,1,100,,17953,16,0,60 61,1,100,,17954,16,0,60 61,1
40800,'16',1752,,5254,16,0,60 61,1,100,,17957,16,0,60 61,1,100,,17956,16,0,60 61,1,100,,17958,16,0,60 61,1,100,,17961,16,0,60 61,1,100,,17959,16,0,60 61,1,100,,17960,16,0,60 61,1
40800,'17',1752,,5304,16,0,60 61,1,100,,17963,16,0,60 61,1,100,,17962,16,0,60 61,1,100,,17964,16,0,60 61,1,100,,17967,16,0,60 61,1,100,,17965,16,0,60 61,1,100,,17966,16,0,60 61,1
40800,'19',1752,,17971,16,0,60 61,1,100,,17969,16,0,60 61,1,100,,17968,16,0,60 61,1,100,,17970,16,0,60 61,1,100,,17974,16,0,60 61,1,100,,17972,16,0,60 61,1,100,,17973,16,0,60 61,1
40800,'21',622,,17989,16,0,60 61,1,30,,17976,16,0,60 61,1,70,,6827,16,0,60 61,1,30,,17985,16,0,60 61,1,70,,17983,16,0,60 61,1,30,,7340,16,0,60 61,1,70,,17997,16,0,60 61,1,30,,17977,16,0,60 61,1,70,,17986,16,0,60 61,1,30,,17982,16,0,60 61,1,70,,17993,16,0,60 61,1,30,,17984,16,0,60 61,1,70,,17990,16,0,60 61,1,30,,17999,16,0,60 61,1,70,,17980,16,0,60 61,1,30,,17991,16,0,60 61,1,70,,17995,16,0,60 61,1,30,,8497,16,0,60 61,1,70,,17979,16,0,60 61,1,30,,8003,16,0,60 61,1,70,,17981,16,0,60 61,1,30,,17992,16,0,60 61,1,70,,17987,16,0,60 61,1,30,,17975,16,0,60 61,1,100,,17978,16,0,60 61,1,100,,8589,16,0,60 61,1,100,,17996,16,0,60 61,1,100,,17988,16,0,60 61,1,100,,17994,16,0,60 61,1,100,,17998,16,0,60 61,1
40800,'5',1752,,5434,16,0,60 61,1,100,,18001,16,0,60 61,1,100,,18000,16,0,60 61,1,100,,18002,16,0,60 61,1,100,,18005,16,0,60 61,1,100,,18003,16,0,60 61,1,100,,18004,16,0,60 61,1
40800,'6',1752,,18009,16,0,60 61,1,100,,18007,16,0,60 61,1,100,,18006,16,0,60 61,1,100,,18008,16,0,60 61,1,100,,18012,16,0,60 61,1,100,,18010,16,0,60 61,1,100,,18011,16,0,60 61,1
