30400,'12',708,,33509,19,0,39 40 41,1,30,,33512,19,0,39 40 41,1,70,,33503,19,0,39 40 41,1,30,,33505,19,0,39 40 41,1,70,,33493,19,0,39 40 41,1,30,,33506,19,0,39 40 41,1,72,,33495,19,0,39 40 41,1,30,,33508,19,0,39 40 41,1,70,,33507,19,0,39 40 41,1,30,,33492,19,0,39 40 41,1,70,,33497,19,0,39 40 41,1,30,,33499,19,0,39 40 41,1,70,,33504,19,0,39 40 41,1,30,,33511,19,0,39 40 41,1,71,,33498,19,0,39 40 41,1,30,,33500,19,0,39 40 41,1,70,,33491,19,0,39 40 41,1,30,,33496,19,0,39 40 41,1,70,,33494,19,0,39 40 41,1,30,,33513,19,0,39 40 41,1,70,,33502,19,0,39 40 41,1,30,,33501,19,0,39 40 41,1,70,,33510,19,0,39 40 41,1
30400,'13',708,,33529,19,0,39 40 41,1,30,,33532,19,0,39 40 41,1,70,,33524,19,0,39 40 41,1,30,,33525,19,0,39 40 41,1,70,,29321,19,0,39 40 41,1,30,,33526,19,0,39 40 41,1,72,,33516,19,0,39 40 41,1,30,,33528,19,0,39 40 41,1,70,,33527,19,0,39 40 41,1,30,,28018,19,0,39 40 41,1,70,,33518,19,0,39 40 41,1,30,,33520,19,0,39 40 41,1,70,,27980,19,0,39 40 41,1,30,,33531,19,0,39 40 41,1,71,,33519,19,0,39 40 41,1,30,,33521,19,0,39 40 41,1,70,,33514,19,0,39 40 41,1,30,,33517,19,0,39 40 41,1,70,,33515,19,0,39 40 41,1,30,,33533,19,0,39 40 41,1,70,,33523,19,0,39 40 41,1,30,,33522,19,0,39 40 41,1,70,,33530,19,0,39 40 41,1
30400,'3',708,,33549,19,0,39 40 41,1,30,,33552,19,0,39 40 41,1,70,,33544,19,0,39 40 41,1,30,,33545,19,0,39 40 41,1,70,,29342,19,0,39 40 41,1,30,,33546,19,0,39 40 41,1,72,,33536,19,0,39 40 41,1,30,,33548,19,0,39 40 41,1,70,,33547,19,0,39 40 41,1,30,,28041,19,0,39 40 41,1,70,,33538,19,0,39 40 41,1,30,,33540,19,0,39 40 41,1,70,,28003,19,0,39 40 41,1,30,,33551,19,0,39 40 41,1,71,,33539,19,0,39 40 41,1,30,,33541,19,0,39 40 41,1,70,,33534,19,0,39 40 41,1,30,,33537,19,0,39 40 41,1,70,,33535,19,0,39 40 41,1,30,,33553,19,0,39 40 41,1,70,,33543,19,0,39 40 41,1,30,,33542,19,0,39 40 41,1,70,,33550,19,0,39 40 41,1
30400,'6',708,,33572,19,0,39 40 41,1,30,,33575,19,0,39 40 41,1,70,,33566,19,0,39 40 41,1,30,,33568,19,0,39 40 41,1,70,,33556,19,0,39 40 41,1,30,,33569,19,0,39 40 41,1,72,,33558,19,0,39 40 41,1,30,,33571,19,0,39 40 41,1,70,,33570,19,0,39 40 41,1,30,,33555,19,0,39 40 41,1,70,,33560,19,0,39 40 41,1,30,,33562,19,0,39 40 41,1,70,,33567,19,0,39 40 41,1,30,,33574,19,0,39 40 41,1,71,,33561,19,0,39 40 41,1,30,,33563,19,0,39 40 41,1,70,,33554,19,0,39 40 41,1,30,,33559,19,0,39 40 41,1,70,,33557,19,0,39 40 41,1,30,,33576,19,0,39 40 41,1,70,,33565,19,0,39 40 41,1,30,,33564,19,0,39 40 41,1,70,,33573,19,0,39 40 41,1
40400,'1',623,,38560,19,0,39 40 42 18,1,30,,38561,19,0,39 40 42 18,1,70,,38549,19,0,39 40 42 18,1,30,,38570,19,0,39 40 42 18,1,70,,38572,19,0,39 40 42 18,1,30,,38564,19,0,39 40 42 18,1,70,,38558,19,0,39 40 42 18,1,30,,38553,19,0,39 40 42 18,1,71,,38562,19,0,39 40 42 18,1,30,,31463,19,0,39 40 42 18,1,70,,38557,19,0,39 40 42 18,1,30,,38573,19,0,39 40 42 18,1,70,,38567,19,0,39 40 42 18,1,30,,38552,19,0,39 40 42 18,1,70,,38574,19,0,39 40 42 18,1,30,,38551,19,0,39 40 42 18,1,69,,29896,19,0,39 40 42 18,1,30,,38550,19,0,39 40 42 18,1,70,,38568,19,0,39 40 42 18,1,30,,38563,19,0,39 40 42 18,1,70,,38571,19,0,39 40 42 18,1,30,,31341,19,0,39 40 42 18,1,70,,38565,19,0,39 40 42 18,1,30,,38559,19,0,39 40 42 18,1,70,,38566,19,0,39 40 42 18,1,100,,38569,19,0,39 40 42 18,1,100,,38556,19,0,39 40 42 18,1,100,,38554,19,0,39 40 42 18,1,100,,38555,19,0,39 40 42 18,1,100,,31995,19,0,39 40 42 18,1
40400,'11',623,,38589,19,0,39 40 42 18,1,30,,38590,19,0,39 40 42 18,1,70,,38575,19,0,39 40 42 18,1,30,,38600,19,0,39 40 42 18,1,70,,38602,19,0,39 40 42 18,1,30,,38593,19,0,39 40 42 18,1,70,,38584,19,0,39 40 42 18,1,30,,38579,19,0,39 40 42 18,1,71,,38591,19,0,39 40 42 18,1,30,,38588,19,0,39 40 42 18,1,70,,38583,19,0,39 40 42 18,1,30,,38603,19,0,39 40 42 18,1,70,,38596,19,0,39 40 42 18,1,30,,38578,19,0,39 40 42 18,1,70,,38604,19,0,39 40 42 18,1,30,,38577,19,0,39 40 42 18,1,69,,38597,19,0,39 40 42 18,1,30,,38576,19,0,39 40 42 18,1,70,,38598,19,0,39 40 42 18,1,30,,38592,19,0,39 40 42 18,1,70,,38601,19,0,39 40 42 18,1,30,,38586,19,0,39 40 42 18,1,70,,38594,19,0,39 40 42 18,1,30,,38587,19,0,39 40 42 18,1,70,,38595,19,0,39 40 42 18,1,100,,38599,19,0,39 40 42 18,1,100,,38582,19,0,39 40 42 18,1,100,,38580,19,0,39 40 42 18,1,100,,38581,19,0,39 40 42 18,1,100,,38585,19,0,39 40 42 18,1
40400,'12',1823,,38608,19,0,39 40 42 18,1,100,,38606,19,0,39 40 42 18,1,100,,38609,19,0,39 40 42 18,1,100,,38605,19,0,39 40 42 18,1,100,,38610,19,0,39 40 42 18,1,100,,38607,19,0,39 40 42 18,1
40400,'13',1823,,38614,19,0,39 40 42 18,1,100,,38612,19,0,39 40 42 18,1,100,,38615,19,0,39 40 42 18,1,100,,38611,19,0,39 40 42 18,1,100,,38616,19,0,39 40 42 18,1,100,,38613,19,0,39 40 42 18,1
40400,'14',1124,,38619,19,0,39 40 42 18,1,100,,38617,19,0,39 40 42 18,1,100,,38620,19,0,39 40 42 18,1,99,,38618,19,0,39 40 42 18,1,100,,38623,19,0,39 40 42 18,1,100,,38621,19,0,39 40 42 18,1,100,,38622,19,0,39 40 42 18,1
40400,'16',623,,38635,19,0,39 40 42 18,1,30,,38636,19,0,39 40 42 18,1,70,,38624,19,0,39 40 42 18,1,30,,38645,19,0,39 40 42 18,1,70,,38647,19,0,39 40 42 18,1,30,,38639,19,0,39 40 42 18,1,70,,38633,19,0,39 40 42 18,1,30,,38628,19,0,39 40 42 18,1,71,,38637,19,0,39 40 42 18,1,30,,31480,19,0,39 40 42 18,1,70,,38632,19,0,39 40 42 18,1,30,,38648,19,0,39 40 42 18,1,70,,38642,19,0,39 40 42 18,1,30,,38627,19,0,39 40 42 18,1,70,,38649,19,0,39 40 42 18,1,30,,38626,19,0,39 40 42 18,1,69,,29976,19,0,39 40 42 18,1,30,,38625,19,0,39 40 42 18,1,70,,38643,19,0,39 40 42 18,1,30,,38638,19,0,39 40 42 18,1,70,,38646,19,0,39 40 42 18,1,30,,31382,19,0,39 40 42 18,1,70,,38640,19,0,39 40 42 18,1,30,,38634,19,0,39 40 42 18,1,70,,38641,19,0,39 40 42 18,1,100,,38644,19,0,39 40 42 18,1,100,,38631,19,0,39 40 42 18,1,100,,38629,19,0,39 40 42 18,1,100,,38630,19,0,39 40 42 18,1,100,,32032,19,0,39 40 42 18,1
40400,'3',1823,,38653,19,0,39 40 42 18,1,100,,38651,19,0,39 40 42 18,1,100,,38654,19,0,39 40 42 18,1,100,,38650,19,0,39 40 42 18,1,100,,38655,19,0,39 40 42 18,1,100,,38652,19,0,39 40 42 18,1
40400,'6',1823,,38659,19,0,39 40 42 18,1,100,,38657,19,0,39 40 42 18,1,100,,38660,19,0,39 40 42 18,1,100,,38656,19,0,39 40 42 18,1,100,,38661,19,0,39 40 42 18,1,100,,38658,19,0,39 40 42 18,1
40400,'8',923,,38680,19,0,39 40 42 18,1,101,,38669,19,0,39 40 42 18,1,30,,38679,19,0,39 40 42 18,1,70,,38673,19,0,39 40 42 18,1,30,,38672,19,0,39 40 42 18,1,70,,38674,19,0,39 40 42 18,1,30,,38670,19,0,39 40 42 18,1,70,,38666,19,0,39 40 42 18,1,30,,38676,19,0,39 40 42 18,1,69,,38677,19,0,39 40 42 18,1,30,,38671,19,0,39 40 42 18,1,70,,38668,19,0,39 40 42 18,1,30,,38663,19,0,39 40 42 18,1,70,,38664,19,0,39 40 42 18,1,30,,38665,19,0,39 40 42 18,1,70,,38675,19,0,39 40 42 18,1,30,,38678,19,0,39 40 42 18,1,70,,38667,19,0,39 40 42 18,1,100,,38662,19,0,39 40 42 18,1
