31600,'1',657,,15943,22,4,,1,55,,23309,22,4,,1,15,,23302,22,4,,1,15,,23320,22,4,,1,15,,23289,22,4,,1,55,,23301,22,4,,1,15,,23326,22,4,,1,15,,23314,22,4,,1,15,,23305,22,4,,1,55,,23330,22,4,,1,15,,23327,22,4,,1,15,,23311,22,4,,1,15,,23316,22,4,,1,56,,23299,22,4,,1,15,,23296,22,4,,1,15,,23312,22,4,,1,15,,23294,22,4,,1,55,,23290,22,4,,1,15,,23329,22,4,,1,15,,18909,22,4,,1,15,,23300,22,4,,1,55,,23325,22,4,,1,15,,23292,22,4,,1,15,,23317,22,4,,1,15,,23321,22,4,,1,55,,23307,22,4,,1,15,,23310,22,4,,1,15,,23306,22,4,,1,15,,16765,22,4,,1,56,,23318,22,4,,1,15,,23328,22,4,,1,15,,19023,22,4,,1,15,,23313,22,4,,1,55,,23322,22,4,,1,15,,23303,22,4,,1,15,,23293,22,4,,1,15,,23319,22,4,,1,55,,23304,22,4,,1,15,,23298,22,4,,1,15,,23297,22,4,,1,15,,23288,22,4,,1,55,,23308,22,4,,1,15,,23324,22,4,,1,15,,23291,22,4,,1,15,,23323,22,4,,1,55,,23295,22,4,,1,15,,23315,22,4,,1
31600,'10',657,,23364,22,4,,1,55,,23352,22,4,,1,15,,23344,22,4,,1,15,,23361,22,4,,1,15,,10970,22,4,,1,55,,23343,22,4,,1,15,,23366,22,4,,1,15,,11759,22,4,,1,15,,23348,22,4,,1,55,,12807,22,4,,1,15,,23367,22,4,,1,15,,23353,22,4,,1,15,,23357,22,4,,1,56,,23341,22,4,,1,15,,23339,22,4,,1,15,,23354,22,4,,1,15,,23337,22,4,,1,55,,23333,22,4,,1,15,,5321,22,4,,1,15,,23346,22,4,,1,15,,23342,22,4,,1,55,,21075,22,4,,1,15,,23335,22,4,,1,15,,23358,22,4,,1,15,,642,22,4,,1,55,,23350,22,4,,1,15,,14697,22,4,,1,15,,23349,22,4,,1,15,,23332,22,4,,1,56,,23359,22,4,,1,15,,23368,22,4,,1,15,,23351,22,4,,1,15,,23355,22,4,,1,55,,23362,22,4,,1,15,,23345,22,4,,1,15,,23336,22,4,,1,15,,23360,22,4,,1,55,,23347,22,4,,1,15,,20840,22,4,,1,15,,23340,22,4,,1,15,,23331,22,4,,1,55,,14904,22,4,,1,15,,23365,22,4,,1,15,,23334,22,4,,1,15,,23363,22,4,,1,55,,23338,22,4,,1,15,,23356,22,4,,1
31600,'3',657,,23402,22,4,,1,55,,23390,22,4,,1,15,,23382,22,4,,1,15,,23399,22,4,,1,15,,11012,22,4,,1,55,,23381,22,4,,1,15,,23405,22,4,,1,15,,11800,22,4,,1,15,,23386,22,4,,1,55,,12938,22,4,,1,15,,23406,22,4,,1,15,,23391,22,4,,1,15,,23395,22,4,,1,56,,23379,22,4,,1,15,,23377,22,4,,1,15,,23392,22,4,,1,15,,23375,22,4,,1,55,,23371,22,4,,1,15,,5451,22,4,,1,15,,23384,22,4,,1,15,,23380,22,4,,1,55,,23404,22,4,,1,15,,23373,22,4,,1,15,,23396,22,4,,1,15,,666,22,4,,1,55,,23388,22,4,,1,15,,14740,22,4,,1,15,,23387,22,4,,1,15,,23370,22,4,,1,56,,23397,22,4,,1,15,,23407,22,4,,1,15,,23389,22,4,,1,15,,23393,22,4,,1,55,,23400,22,4,,1,15,,23383,22,4,,1,15,,23374,22,4,,1,15,,23398,22,4,,1,55,,23385,22,4,,1,15,,20855,22,4,,1,15,,23378,22,4,,1,15,,23369,22,4,,1,55,,14942,22,4,,1,15,,23403,22,4,,1,15,,23372,22,4,,1,15,,23401,22,4,,1,55,,23376,22,4,,1,15,,23394,22,4,,1
31601,'1',710,,23416,1,,,1,15,,23447,1,,,1,15,,23433,1,,,1,15,,23413,1,,,1,55,,23430,1,,,1,15,,23446,1,,,1,15,,16358,1,,,1,15,,23435,1,,,1,55,,19024,1,,,1,15,,23414,1,,,1,15,,23436,1,,,1,15,,23437,1,,,1,55,,23434,1,,,1,15,,23418,1,,,1,15,,23438,1,,,1,15,,23449,1,,,1,55,,23424,1,,,1,15,,23419,1,,,1,15,,23443,1,,,1,15,,21341,1,,,1,55,,23423,1,,,1,15,,23429,1,,,1,15,,23417,1,,,1,15,,23432,1,,,1,55,,23425,1,,,1,15,,23439,1,,,1,15,,23448,1,,,1,15,,23415,1,,,1,55,,23412,1,,,1,15,,23442,1,,,1,15,,23426,1,,,1,15,,23409,1,,,1,55,,23445,1,,,1,15,,23441,1,,,1,15,,23431,1,,,1,15,,23408,1,,,1,55,,23427,1,,,1,15,,23444,1,,,1,15,,23450,1,,,1,15,,23422,1,,,1,55,,23428,1,,,1,15,,23421,1,,,1,15,,15944,1,,,1,15,,23420,1,,,1,55,,23440,1,,,1,15,,23411,1,,,1,15,,23410,1,,,1
31601,'10',710,,4316,1,,,1,15,,23483,1,,,1,15,,23471,1,,,1,15,,23453,1,,,1,55,,23468,1,,,1,15,,23481,1,,,1,15,,23465,1,,,1,15,,17965,1,,,1,55,,23467,1,,,1,15,,2945,1,,,1,15,,17735,1,,,1,15,,23472,1,,,1,55,,17132,1,,,1,15,,23456,1,,,1,15,,641,1,,,1,15,,17849,1,,,1,55,,23462,1,,,1,15,,23457,1,,,1,15,,23478,1,,,1,15,,23475,1,,,1,55,,23461,1,,,1,15,,12028,1,,,1,15,,23455,1,,,1,15,,23470,1,,,1,55,,23463,1,,,1,15,,23473,1,,,1,15,,23484,1,,,1,15,,23454,1,,,1,55,,23452,1,,,1,15,,23477,1,,,1,15,,23464,1,,,1,15,,14489,1,,,1,55,,23480,1,,,1,15,,23476,1,,,1,15,,23469,1,,,1,15,,23451,1,,,1,55,,23466,1,,,1,15,,23479,1,,,1,15,,23485,1,,,1,15,,23460,1,,,1,55,,1018,1,,,1,15,,23459,1,,,1,15,,23482,1,,,1,15,,23458,1,,,1,55,,23474,1,,,1,15,,12270,1,,,1,15,,99,1,,,1
31601,'3',710,,23491,1,,,1,15,,23520,1,,,1,15,,23507,1,,,1,15,,23489,1,,,1,55,,23504,1,,,1,15,,23518,1,,,1,15,,23501,1,,,1,15,,18003,1,,,1,55,,23503,1,,,1,15,,3019,1,,,1,15,,17774,1,,,1,15,,23508,1,,,1,55,,17206,1,,,1,15,,23493,1,,,1,15,,23509,1,,,1,15,,17886,1,,,1,55,,23498,1,,,1,15,,23494,1,,,1,15,,23515,1,,,1,15,,23512,1,,,1,55,,23497,1,,,1,15,,12072,1,,,1,15,,23492,1,,,1,15,,23506,1,,,1,55,,23499,1,,,1,15,,23510,1,,,1,15,,23521,1,,,1,15,,23490,1,,,1,55,,23488,1,,,1,15,,23514,1,,,1,15,,23500,1,,,1,15,,23487,1,,,1,55,,23517,1,,,1,15,,23513,1,,,1,15,,23505,1,,,1,15,,23486,1,,,1,55,,23502,1,,,1,15,,23516,1,,,1,15,,23522,1,,,1,15,,20140,1,,,1,55,,1042,1,,,1,15,,23496,1,,,1,15,,23519,1,,,1,15,,23495,1,,,1,55,,23511,1,,,1,15,,12303,1,,,1,15,,146,1,,,1
32100,'1',659,,23924,28,4,,1,92,,23925,28,4,,1,100,,23915,28,4,,1,100,,23914,28,4,,1,100,,23920,28,4,,1,100,,23921,28,4,,1,100,,23923,28,4,,1,100,,23917,28,4,,1,100,,23922,28,4,,1,100,,23919,28,4,,1,100,,23916,28,4,,1,100,,23918,28,4,,1
32100,'10',751,,23929,28,4,,1,100,,2939,28,4,,1,100,,1969,28,4,,1,400,,23927,28,4,,1,100,,6787,28,4,,1,100,,23928,28,4,,1,100,,23926,28,4,,1
32100,'3',751,,23933,28,4,,1,100,,3014,28,4,,1,100,,1992,28,4,,1,400,,23931,28,4,,1,100,,6831,28,4,,1,100,,23932,28,4,,1,100,,23930,28,4,,1
32101,'1',706,,23943,1,0,56,1,100,,23941,1,0,56,1,100,,23936,1,0,56,1,100,,23938,1,0,56,1,100,,23940,1,0,56,1,100,,23944,1,0,56,1,100,,23934,1,0,56,1,100,,23937,1,0,56,1,100,,23935,1,0,56,1,100,,23942,1,0,56,1,100,,23945,1,0,56,1,100,,23939,1,0,56,1
32101,'10',806,,20941,1,0,56,1,100,,4753,1,0,56,1,100,,23948,1,0,56,1,400,,23947,1,0,56,1,100,,23946,1,0,56,1,100,,13773,1,0,56,1,100,,23949,1,0,56,1
32101,'3',806,,23953,1,0,56,1,100,,4777,1,0,56,1,100,,23952,1,0,56,1,400,,23951,1,0,56,1,100,,23950,1,0,56,1,100,,13820,1,0,56,1,100,,23954,1,0,56,1
32400,'1',700,,24070,1,0,54,1,100,,24067,1,0,54,1,100,,24062,1,0,54,1,100,,24071,1,0,54,1,100,,24073,1,0,54,1,100,,24065,1,0,54,1,100,,24064,1,0,54,1,100,,24066,1,0,54,1,100,,24063,1,0,54,1,100,,24068,1,0,54,1,100,,24069,1,0,54,1,100,,24072,1,0,54,1
32400,'10',700,,24081,1,0,54,1,100,,24078,1,0,54,1,100,,24074,1,0,54,1,100,,24082,1,0,54,1,100,,24084,1,0,54,1,100,,21069,1,0,54,1,100,,24076,1,0,54,1,100,,24077,1,0,54,1,100,,24075,1,0,54,1,100,,24079,1,0,54,1,100,,24080,1,0,54,1,100,,24083,1,0,54,1
32400,'3',700,,24093,1,0,54,1,100,,24090,1,0,54,1,100,,24085,1,0,54,1,100,,24094,1,0,54,1,100,,24096,1,0,54,1,100,,24088,1,0,54,1,100,,24087,1,0,54,1,100,,24089,1,0,54,1,100,,24086,1,0,54,1,100,,24091,1,0,54,1,100,,24092,1,0,54,1,100,,24095,1,0,54,1
32401,'1',722,,24102,10,4,,1,100,,24105,10,4,,1,100,,24107,10,4,,1,100,,24108,10,4,,1,100,,24098,10,4,,1,100,,24097,10,4,,1,100,,24103,10,4,,1,100,,24100,10,4,,1,100,,24106,10,4,,1,100,,24101,10,4,,1,100,,24099,10,4,,1,100,,24104,10,4,,1
32401,'10',722,,24114,10,4,,1,100,,24117,10,4,,1,100,,24119,10,4,,1,100,,24120,10,4,,1,100,,24110,10,4,,1,100,,24109,10,4,,1,100,,24115,10,4,,1,100,,24112,10,4,,1,100,,24118,10,4,,1,100,,24113,10,4,,1,100,,24111,10,4,,1,100,,24116,10,4,,1
32401,'3',722,,24126,10,4,,1,100,,24128,10,4,,1,100,,24130,10,4,,1,100,,24131,10,4,,1,100,,24122,10,4,,1,100,,24121,10,4,,1,100,,12916,10,4,,1,100,,24124,10,4,,1,100,,24129,10,4,,1,100,,24125,10,4,,1,100,,24123,10,4,,1,100,,24127,10,4,,1
33100,'1',730,,24140,1,0,55,1,100,,24138,1,0,55,1,100,,24141,1,0,55,1,100,,24139,1,0,55,1,100,,24134,1,0,55,1,100,,24132,1,0,55,1,100,,24136,1,0,55,1,100,,24142,1,0,55,1,100,,24133,1,0,55,1,100,,24135,1,0,55,1,100,,24137,1,0,55,1
33100,'10',730,,24150,1,0,55,1,100,,24148,1,0,55,1,100,,24151,1,0,55,1,100,,24149,1,0,55,1,100,,24144,1,0,55,1,100,,13762,1,0,55,1,100,,24146,1,0,55,1,100,,24152,1,0,55,1,100,,24143,1,0,55,1,100,,24145,1,0,55,1,100,,24147,1,0,55,1
33100,'3',730,,24160,1,0,55,1,100,,24158,1,0,55,1,100,,24161,1,0,55,1,100,,24159,1,0,55,1,100,,24154,1,0,55,1,100,,13810,1,0,55,1,100,,24156,1,0,55,1,100,,24162,1,0,55,1,100,,24153,1,0,55,1,100,,24155,1,0,55,1,100,,24157,1,0,55,1
33101,'1',751,,24167,12,4,,1,100,,24168,12,4,,1,100,,24169,12,4,,1,100,,24171,12,4,,1,100,,24172,12,4,,1,100,,24165,12,4,,1,100,,24163,12,4,,1,100,,24173,12,4,,1,100,,24166,12,4,,1,100,,24170,12,4,,1,100,,24164,12,4,,1
33101,'10',751,,15308,12,4,,1,100,,24176,12,4,,1,100,,2177,12,4,,1,100,,24178,12,4,,1,100,,24179,12,4,,1,100,,15587,12,4,,1,100,,20837,12,4,,1,100,,24180,12,4,,1,100,,24175,12,4,,1,100,,24177,12,4,,1,100,,24174,12,4,,1
33101,'3',751,,24183,12,4,,1,100,,24184,12,4,,1,100,,2201,12,4,,1,100,,24186,12,4,,1,100,,24187,12,4,,1,100,,15669,12,4,,1,100,,20853,12,4,,1,100,,24188,12,4,,1,100,,24182,12,4,,1,100,,24185,12,4,,1,100,,24181,12,4,,1
33500,'1',700,,24193,1,0,48 18,1,30,,24195,1,0,48 18,1,70,,24199,1,0,48 18,1,30,,24204,1,0,48 18,1,70,,24211,1,0,48 18,1,30,,24192,1,0,48 18,1,70,,24201,1,0,48 18,1,30,,24196,1,0,48 18,1,70,,24191,1,0,48 18,1,30,,24200,1,0,48 18,1,70,,24198,1,0,48 18,1,30,,24206,1,0,48 18,1,70,,24190,1,0,48 18,1,30,,24189,1,0,48 18,1,70,,24197,1,0,48 18,1,30,,24212,1,0,48 18,1,70,,24194,1,0,48 18,1,30,,24202,1,0,48 18,1,70,,24203,1,0,48 18,1,30,,24210,1,0,48 18,1,70,,24207,1,0,48 18,1,30,,24208,1,0,48 18,1,70,,24209,1,0,48 18,1,30,,24205,1,0,48 18,1
33500,'10',700,,20939,1,0,48 18,1,30,,7650,1,0,48 18,1,70,,24218,1,0,48 18,1,30,,24222,1,0,48 18,1,70,,24226,1,0,48 18,1,30,,20509,1,0,48 18,1,70,,24219,1,0,48 18,1,30,,24215,1,0,48 18,1,70,,20276,1,0,48 18,1,30,,1214,1,0,48 18,1,70,,24217,1,0,48 18,1,30,,24223,1,0,48 18,1,70,,4520,1,0,48 18,1,30,,24213,1,0,48 18,1,70,,24216,1,0,48 18,1,30,,24227,1,0,48 18,1,70,,24214,1,0,48 18,1,30,,24220,1,0,48 18,1,70,,24221,1,0,48 18,1,30,,24225,1,0,48 18,1,70,,20360,1,0,48 18,1,30,,544,1,0,48 18,1,70,,24224,1,0,48 18,1,30,,11364,1,0,48 18,1
33500,'3',700,,24230,1,0,48 18,1,30,,7693,1,0,48 18,1,70,,24235,1,0,48 18,1,30,,24239,1,0,48 18,1,70,,24244,1,0,48 18,1,30,,24229,1,0,48 18,1,70,,24236,1,0,48 18,1,30,,24232,1,0,48 18,1,70,,20293,1,0,48 18,1,30,,1238,1,0,48 18,1,70,,24234,1,0,48 18,1,30,,24240,1,0,48 18,1,70,,4545,1,0,48 18,1,30,,24228,1,0,48 18,1,70,,24233,1,0,48 18,1,30,,24245,1,0,48 18,1,70,,24231,1,0,48 18,1,30,,24237,1,0,48 18,1,70,,24238,1,0,48 18,1,30,,24243,1,0,48 18,1,70,,24241,1,0,48 18,1,30,,568,1,0,48 18,1,70,,24242,1,0,48 18,1,30,,11410,1,0,48 18,1
33501,'1',724,,24263,10,4,,1,30,,24262,10,4,,1,70,,24252,10,4,,1,30,,24259,10,4,,1,70,,24264,10,4,,1,30,,24249,10,4,,1,70,,24258,10,4,,1,30,,24254,10,4,,1,70,,24265,10,4,,1,30,,24253,10,4,,1,70,,24246,10,4,,1,30,,24251,10,4,,1,70,,24260,10,4,,1,30,,24267,10,4,,1,70,,24257,10,4,,1,30,,24250,10,4,,1,70,,24255,10,4,,1,30,,24266,10,4,,1,70,,24256,10,4,,1,30,,24248,10,4,,1,70,,24261,10,4,,1,30,,24247,10,4,,1,70,,24268,10,4,,1
33501,'10',724,,24282,10,4,,1,30,,24281,10,4,,1,70,,24274,10,4,,1,30,,24279,10,4,,1,70,,24283,10,4,,1,30,,24271,10,4,,1,70,,24278,10,4,,1,30,,24276,10,4,,1,70,,24284,10,4,,1,30,,24275,10,4,,1,70,,13102,10,4,,1,30,,24273,10,4,,1,70,,1409,10,4,,1,30,,24286,10,4,,1,70,,19106,10,4,,1,30,,24272,10,4,,1,70,,24277,10,4,,1,30,,24285,10,4,,1,70,,15195,10,4,,1,30,,24270,10,4,,1,70,,24280,10,4,,1,30,,24269,10,4,,1,70,,24287,10,4,,1
33501,'3',724,,24302,10,4,,1,30,,24301,10,4,,1,70,,24294,10,4,,1,30,,24299,10,4,,1,70,,24303,10,4,,1,30,,24291,10,4,,1,70,,24298,10,4,,1,30,,24296,10,4,,1,70,,20989,10,4,,1,30,,24295,10,4,,1,70,,24288,10,4,,1,30,,24293,10,4,,1,70,,1432,10,4,,1,30,,24305,10,4,,1,70,,19153,10,4,,1,30,,24292,10,4,,1,70,,24297,10,4,,1,30,,24304,10,4,,1,70,,15233,10,4,,1,30,,24290,10,4,,1,70,,24300,10,4,,1,30,,24289,10,4,,1,70,,24306,10,4,,1
33600,'1',732,,24311,12,4,,1,70,,24317,12,4,,1,30,,24318,12,4,,1,70,,24323,12,4,,1,30,,24328,12,4,,1,70,,24324,12,4,,1,30,,24313,12,4,,1,70,,24316,12,4,,1,30,,24326,12,4,,1,70,,24322,12,4,,1,30,,24319,12,4,,1,70,,24308,12,4,,1,30,,24321,12,4,,1,70,,24320,12,4,,1,30,,24310,12,4,,1,70,,24327,12,4,,1,30,,24309,12,4,,1,70,,24312,12,4,,1,30,,24325,12,4,,1,70,,24307,12,4,,1,30,,24315,12,4,,1,70,,24314,12,4,,1
33600,'10',732,,24332,12,4,,1,70,,24338,12,4,,1,30,,24339,12,4,,1,70,,24344,12,4,,1,30,,24349,12,4,,1,70,,24345,12,4,,1,30,,24334,12,4,,1,70,,24337,12,4,,1,30,,24347,12,4,,1,70,,24343,12,4,,1,30,,24340,12,4,,1,70,,24329,12,4,,1,30,,24342,12,4,,1,70,,24341,12,4,,1,30,,24331,12,4,,1,70,,24348,12,4,,1,30,,24330,12,4,,1,70,,24333,12,4,,1,30,,24346,12,4,,1,70,,13761,12,4,,1,30,,24336,12,4,,1,70,,24335,12,4,,1
33600,'3',732,,24353,12,4,,1,70,,24359,12,4,,1,30,,24360,12,4,,1,70,,24365,12,4,,1,30,,24369,12,4,,1,70,,24366,12,4,,1,30,,24355,12,4,,1,70,,24358,12,4,,1,30,,24368,12,4,,1,70,,24364,12,4,,1,30,,24361,12,4,,1,70,,24350,12,4,,1,30,,24363,12,4,,1,70,,24362,12,4,,1,30,,24352,12,4,,1,70,,21190,12,4,,1,30,,24351,12,4,,1,70,,24354,12,4,,1,30,,24367,12,4,,1,70,,13809,12,4,,1,30,,24357,12,4,,1,70,,24356,12,4,,1
33601,'1',710,,24378,1,0,57 18,1,30,,24371,1,0,57 18,1,70,,24375,1,0,57 18,1,30,,24390,1,0,57 18,1,70,,24386,1,0,57 18,1,30,,19365,1,0,57 18,1,70,,24384,1,0,57 18,1,30,,24374,1,0,57 18,1,70,,24382,1,0,57 18,1,30,,24379,1,0,57 18,1,70,,24373,1,0,57 18,1,30,,24370,1,0,57 18,1,70,,24376,1,0,57 18,1,30,,24380,1,0,57 18,1,70,,24385,1,0,57 18,1,30,,24389,1,0,57 18,1,70,,24377,1,0,57 18,1,30,,24387,1,0,57 18,1,70,,21000,1,0,57 18,1,30,,24383,1,0,57 18,1,70,,24388,1,0,57 18,1,30,,24381,1,0,57 18,1,70,,24372,1,0,57 18,1
33601,'10',710,,24400,1,0,57 18,1,30,,24393,1,0,57 18,1,70,,24397,1,0,57 18,1,30,,24412,1,0,57 18,1,70,,24409,1,0,57 18,1,30,,24391,1,0,57 18,1,70,,24407,1,0,57 18,1,30,,24396,1,0,57 18,1,70,,24405,1,0,57 18,1,30,,24401,1,0,57 18,1,70,,24395,1,0,57 18,1,30,,24392,1,0,57 18,1,70,,24398,1,0,57 18,1,30,,24402,1,0,57 18,1,70,,24408,1,0,57 18,1,30,,24411,1,0,57 18,1,70,,24399,1,0,57 18,1,30,,24410,1,0,57 18,1,70,,24404,1,0,57 18,1,30,,24406,1,0,57 18,1,70,,4606,1,0,57 18,1,30,,24403,1,0,57 18,1,70,,24394,1,0,57 18,1
33601,'3',710,,24422,1,0,57 18,1,30,,24415,1,0,57 18,1,70,,24419,1,0,57 18,1,30,,24434,1,0,57 18,1,70,,24431,1,0,57 18,1,30,,24413,1,0,57 18,1,70,,24429,1,0,57 18,1,30,,24418,1,0,57 18,1,70,,24427,1,0,57 18,1,30,,24423,1,0,57 18,1,70,,24417,1,0,57 18,1,30,,24414,1,0,57 18,1,70,,24420,1,0,57 18,1,30,,24424,1,0,57 18,1,70,,24430,1,0,57 18,1,30,,24433,1,0,57 18,1,70,,24421,1,0,57 18,1,30,,24432,1,0,57 18,1,70,,24426,1,0,57 18,1,30,,24428,1,0,57 18,1,70,,12076,1,0,57 18,1,30,,24425,1,0,57 18,1,70,,24416,1,0,57 18,1
41600,'1',1857,,26403,22,4,,1,69,,26402,22,4,,1,30,,26401,22,4,,1,70,,26405,22,4,,1,30,,26399,22,4,,1,70,,5203,22,4,,1,30,,26406,22,4,,1,70,,26404,22,4,,1,30,,26407,22,4,,1,70,,26400,22,4,,1
41600,'10',1857,,26412,22,4,,1,69,,26411,22,4,,1,30,,26410,22,4,,1,70,,26415,22,4,,1,30,,26408,22,4,,1,70,,26414,22,4,,1,30,,26416,22,4,,1,70,,26413,22,4,,1,30,,10450,22,4,,1,70,,26409,22,4,,1
41600,'11',856,,26417,22,4,,1,70,,26427,22,4,,1,30,,26425,22,4,,1,71,,26433,22,4,,1,30,,14715,22,4,,1,70,,26431,22,4,,1,30,,26430,22,4,,1,70,,26435,22,4,,1,30,,26424,22,4,,1,70,,26428,22,4,,1,30,,26422,22,4,,1,70,,26426,22,4,,1,30,,26436,22,4,,1,70,,14519,22,4,,1,30,,26429,22,4,,1,70,,26423,22,4,,1,30,,13162,22,4,,1,70,,26432,22,4,,1,30,,26418,22,4,,1,70,,26434,22,4,,1,30,,26420,22,4,,1,69,,26421,22,4,,1,30,,26419,22,4,,1
41600,'13',726,,26447,22,4,,1,30,,26460,22,4,,1,70,,26451,22,4,,1,30,,26444,22,4,,1,70,,26454,22,4,,1,30,,26443,22,4,,1,71,,26446,22,4,,1,30,,26455,22,4,,1,70,,26437,22,4,,1,30,,5913,22,4,,1,70,,26445,22,4,,1,30,,26449,22,4,,1,70,,26458,22,4,,1,30,,26461,22,4,,1,70,,26457,22,4,,1,30,,26439,22,4,,1,70,,26450,22,4,,1,30,,26441,22,4,,1,70,,26453,22,4,,1,30,,26452,22,4,,1,70,,26465,22,4,,1,30,,26442,22,4,,1,70,,26438,22,4,,1,30,,26467,22,4,,1,69,,26466,22,4,,1,30,,26459,22,4,,1,70,,26456,22,4,,1,30,,26448,22,4,,1,70,,26462,22,4,,1,30,,26463,22,4,,1,70,,18782,22,4,,1,30,,26440,22,4,,1,70,,26464,22,4,,1
41600,'3',1857,,26472,22,4,,1,69,,26471,22,4,,1,30,,26470,22,4,,1,70,,26475,22,4,,1,30,,26468,22,4,,1,70,,26474,22,4,,1,30,,26476,22,4,,1,70,,26473,22,4,,1,30,,10492,22,4,,1,70,,26469,22,4,,1
41600,'8',856,,19220,22,4,,1,70,,26487,22,4,,1,30,,26484,22,4,,1,71,,26493,22,4,,1,30,,26485,22,4,,1,70,,26491,22,4,,1,30,,26490,22,4,,1,70,,26496,22,4,,1,30,,26483,22,4,,1,70,,26488,22,4,,1,30,,26481,22,4,,1,70,,26486,22,4,,1,30,,26497,22,4,,1,70,,26494,22,4,,1,30,,26489,22,4,,1,70,,26482,22,4,,1,30,,26479,22,4,,1,70,,26492,22,4,,1,30,,26477,22,4,,1,70,,26495,22,4,,1,30,,8032,22,4,,1,69,,26480,22,4,,1,30,,26478,22,4,,1
41601,'1',1900,,26505,1,,,1,30,,26504,1,,,1,70,,26503,1,,,1,30,,26499,1,,,1,70,,26500,1,,,1,30,,26501,1,,,1,70,,18017,1,,,1,30,,26502,1,,,1,70,,26498,1,,,1,30,,26506,1,,,1
41601,'10',1900,,26513,1,,,1,30,,26512,1,,,1,70,,26511,1,,,1,30,,7247,1,,,1,70,,5301,1,,,1,30,,26508,1,,,1,70,,26510,1,,,1,30,,26509,1,,,1,70,,26507,1,,,1,30,,26514,1,,,1
41601,'11',855,,26531,1,,,1,70,,26525,1,,,1,30,,26521,1,,,1,70,,26518,1,,,1,30,,26529,1,,,1,70,,26516,1,,,1,30,,26532,1,,,1,70,,26515,1,,,1,30,,26530,1,,,1,70,,26526,1,,,1,30,,26519,1,,,1,70,,12838,1,,,1,30,,15461,1,,,1,70,,26523,1,,,1,30,,26522,1,,,1,70,,26527,1,,,1,30,,26528,1,,,1,70,,11918,1,,,1,30,,26524,1,,,1,70,,26520,1,,,1,30,,11644,1,,,1,70,,12059,1,,,1,30,,14149,1,,,1,70,,26517,1,,,1
41601,'13',730,,26566,1,,,1,70,,26541,1,,,1,30,,26535,1,,,1,70,,26553,1,,,1,25,,26551,1,,,1,30,,26567,1,,,1,70,,26555,1,,,1,30,,26549,1,,,1,70,,26562,1,,,1,30,,26533,1,,,1,70,,26547,1,,,1,30,,26558,1,,,1,70,,26565,1,,,1,30,,26545,1,,,1,70,,26544,1,,,1,30,,26552,1,,,1,70,,26538,1,,,1,30,,26556,1,,,1,70,,26548,1,,,1,30,,26568,1,,,1,70,,26554,1,,,1,30,,26546,1,,,1,75,,26563,1,,,1,70,,26569,1,,,1,30,,26543,1,,,1,70,,26557,1,,,1,30,,26539,1,,,1,70,,26534,1,,,1,30,,26560,1,,,1,27,,26536,1,,,1,43,,26540,1,,,1,27,,26561,1,,,1,3,,26564,1,,,1,27,,26559,1,,,1,43,,26542,1,,,1,27,,26537,1,,,1,3,,26550,1,,,1
41601,'3',1900,,26578,1,,,1,30,,26577,1,,,1,70,,26576,1,,,1,30,,26571,1,,,1,70,,26572,1,,,1,30,,26573,1,,,1,70,,26575,1,,,1,30,,26574,1,,,1,70,,26570,1,,,1,30,,26579,1,,,1
41601,'8',855,,26601,1,,,1,70,,18465,1,,,1,30,,26587,1,,,1,70,,26583,1,,,1,30,,26598,1,,,1,70,,26581,1,,,1,30,,19762,1,,,1,70,,26580,1,,,1,30,,26599,1,,,1,70,,26594,1,,,1,30,,26584,1,,,1,70,,26585,1,,,1,30,,26589,1,,,1,70,,26591,1,,,1,30,,26590,1,,,1,70,,26596,1,,,1,30,,26597,1,,,1,70,,26595,1,,,1,30,,26592,1,,,1,70,,26586,1,,,1,30,,26588,1,,,1,70,,26600,1,,,1,30,,26593,1,,,1,70,,26582,1,,,1
42100,'1',1851,,27058,28,4,,1,100,,27060,28,4,,1,100,,18908,28,4,,1,100,,19367,28,4,,1,100,,27059,28,4,,1
42100,'11',851,,27065,28,4,,1,100,,27072,28,4,,1,100,,27066,28,4,,1,100,,27067,28,4,,1,100,,27062,28,4,,1,100,,27061,28,4,,1,100,,27063,28,4,,1,100,,27064,28,4,,1,100,,27068,28,4,,1,100,,27070,28,4,,1,100,,27071,28,4,,1,100,,27069,28,4,,1
42101,'1',1906,,27075,1,0,56,1,100,,27073,1,0,56,1,100,,27076,1,0,56,1,100,,27077,1,0,56,1,100,,27074,1,0,56,1
42101,'11',906,,27085,1,0,56,1,100,,27087,1,0,56,1,100,,27082,1,0,56,1,100,,27079,1,0,56,1,100,,27083,1,0,56,1,100,,27080,1,0,56,1,100,,27078,1,0,56,1,100,,27086,1,0,56,1,100,,27084,1,0,56,1,100,,27081,1,0,56,1,100,,14713,1,0,56,1,100,,7251,1,0,56,1
42400,'1',1900,,27091,1,0,54,1,100,,27092,1,0,54,1,100,,27090,1,0,54,1,100,,27089,1,0,54,1,100,,27088,1,0,54,1
42400,'10',1900,,20763,1,0,54,1,100,,27096,1,0,54,1,100,,27095,1,0,54,1,100,,27094,1,0,54,1,100,,27093,1,0,54,1
42400,'3',1900,,27100,1,0,54,1,100,,27101,1,0,54,1,100,,27099,1,0,54,1,100,,27098,1,0,54,1,100,,27097,1,0,54,1
42401,'1',1919,,27106,10,4,,1,100,,27102,10,4,,1,100,,27103,10,4,,1,100,,27105,10,4,,1,100,,27104,10,4,,1
42401,'10',1919,,27110,10,4,,1,100,,27107,10,4,,1,100,,14589,10,4,,1,100,,27109,10,4,,1,100,,27108,10,4,,1
42401,'3',1919,,27115,10,4,,1,100,,27111,10,4,,1,100,,27112,10,4,,1,100,,27114,10,4,,1,100,,27113,10,4,,1
43100,'1',1830,,27119,1,0,55,1,100,,27120,1,0,55,1,100,,27121,1,0,55,1,100,,27117,1,0,55,1,100,,27116,1,0,55,1,100,,27118,1,0,55,1
43100,'10',1830,,27125,1,0,55,1,100,,27126,1,0,55,1,100,,14813,1,0,55,1,100,,27123,1,0,55,1,100,,27122,1,0,55,1,100,,27124,1,0,55,1
43100,'3',1830,,27130,1,0,55,1,100,,27131,1,0,55,1,100,,27132,1,0,55,1,100,,27128,1,0,55,1,100,,27127,1,0,55,1,100,,27129,1,0,55,1
43101,'1',1852,,27137,12,4,,1,99,,27136,12,4,,1,100,,27135,12,4,,1,100,,27133,12,4,,1,100,,27134,12,4,,1,100,,17557,12,4,,1
43101,'10',1852,,15597,12,4,,1,99,,27141,12,4,,1,100,,27140,12,4,,1,100,,27138,12,4,,1,100,,27139,12,4,,1,100,,27142,12,4,,1
43101,'3',1852,,27148,12,4,,1,99,,27146,12,4,,1,100,,27145,12,4,,1,100,,27143,12,4,,1,100,,27144,12,4,,1,100,,27147,12,4,,1
43500,'1',1845,,27151,1,0,48 18,1,70,,27152,1,0,48 18,1,30,,27154,1,0,48 18,1,70,,27155,1,0,48 18,1,30,,27150,1,0,48 18,1,70,,504,1,0,48 18,1,30,,27149,1,0,48 18,1,70,,27153,1,0,48 18,1
43500,'10',1845,,27158,1,0,48 18,1,70,,14200,1,0,48 18,1,30,,27159,1,0,48 18,1,70,,27160,1,0,48 18,1,30,,27157,1,0,48 18,1,70,,27161,1,0,48 18,1,30,,27156,1,0,48 18,1,70,,9918,1,0,48 18,1
43500,'11',1100,,11126,1,0,48 18,1,30,,27177,1,0,48 18,1,70,,27176,1,0,48 18,1,30,,27163,1,0,48 18,1,70,,27178,1,0,48 18,1,30,,27164,1,0,48 18,1,70,,27169,1,0,48 18,1,30,,27174,1,0,48 18,1,70,,27172,1,0,48 18,1,30,,27168,1,0,48 18,1,70,,27175,1,0,48 18,1,30,,27171,1,0,48 18,1,70,,27167,1,0,48 18,1,30,,27173,1,0,48 18,1,70,,9807,1,0,48 18,1,30,,12501,1,0,48 18,1,70,,27165,1,0,48 18,1,30,,27162,1,0,48 18,1,70,,27170,1,0,48 18,1,30,,27166,1,0,48 18,1
43500,'3',1845,,27181,1,0,48 18,1,70,,27182,1,0,48 18,1,30,,27183,1,0,48 18,1,70,,27184,1,0,48 18,1,30,,27180,1,0,48 18,1,70,,27185,1,0,48 18,1,30,,27179,1,0,48 18,1,70,,9961,1,0,48 18,1
43501,'1',1840,,27190,10,4,,1,69,,27188,10,4,,1,30,,27186,10,4,,1,70,,27192,10,4,,1,30,,27187,10,4,,1,70,,27193,10,4,,1,30,,27191,10,4,,1,70,,27189,10,4,,1
43501,'10',1840,,27198,10,4,,1,69,,27196,10,4,,1,30,,27194,10,4,,1,70,,27199,10,4,,1,30,,27195,10,4,,1,70,,27200,10,4,,1,30,,14698,10,4,,1,70,,27197,10,4,,1
43501,'11',1124,,27201,10,4,,1,30,,27205,10,4,,1,70,,27212,10,4,,1,30,,12834,10,4,,1,70,,11511,10,4,,1,30,,27211,10,4,,1,71,,12862,10,4,,1,30,,27214,10,4,,1,70,,27209,10,4,,1,30,,27213,10,4,,1,70,,27203,10,4,,1,30,,27204,10,4,,1,70,,27207,10,4,,1,30,,27206,10,4,,1,70,,27202,10,4,,1,30,,15630,10,4,,1,69,,27215,10,4,,1,30,,27208,10,4,,1,70,,27210,10,4,,1
43501,'3',1840,,27220,10,4,,1,69,,27218,10,4,,1,30,,27216,10,4,,1,70,,27222,10,4,,1,30,,27217,10,4,,1,70,,27223,10,4,,1,30,,27221,10,4,,1,70,,27219,10,4,,1
