31701,'11',627,,28814,34,0,62,1,30,,28817,34,0,62,1,70,,28823,34,0,62,1,30,,28807,34,0,62,1,70,,28810,34,0,62,1,30,,28821,34,0,62,1,70,,28822,34,0,62,1,30,,28805,34,0,62,1,71,,28803,34,0,62,1,30,,28806,34,0,62,1,70,,28808,34,0,62,1,30,,28816,34,0,62,1,70,,28811,34,0,62,1,30,,28813,34,0,62,1,70,,28825,34,0,62,1,30,,28819,34,0,62,1,71,,28804,34,0,62,1,30,,28818,34,0,62,1,70,,28815,34,0,62,1,30,,28812,34,0,62,1,70,,24029,34,0,62,1,30,,28809,34,0,62,1,70,,28820,34,0,62,1,30,,28824,34,0,62,1
31701,'3',627,,28837,34,0,62,1,30,,28840,34,0,62,1,70,,28846,34,0,62,1,30,,28830,34,0,62,1,70,,28833,34,0,62,1,30,,28844,34,0,62,1,70,,28845,34,0,62,1,30,,28828,34,0,62,1,71,,28826,34,0,62,1,30,,28829,34,0,62,1,70,,28831,34,0,62,1,30,,28839,34,0,62,1,70,,28834,34,0,62,1,30,,28836,34,0,62,1,70,,28848,34,0,62,1,30,,28842,34,0,62,1,71,,28827,34,0,62,1,30,,28841,34,0,62,1,70,,28838,34,0,62,1,30,,28835,34,0,62,1,70,,24055,34,0,62,1,30,,28832,34,0,62,1,70,,28843,34,0,62,1,30,,28847,34,0,62,1
31800,'11',608,,28858,17,0,45 46 18,1,30,,20436,17,0,45 46 18,1,70,,28855,17,0,45 46 18,1,30,,28851,17,0,45 46 18,1,70,,28849,17,0,45 46 18,1,30,,28859,17,0,45 46 18,1,70,,28861,17,0,45 46 18,1,30,,28860,17,0,45 46 18,1,70,,28863,17,0,45 46 18,1,30,,28852,17,0,45 46 18,1,70,,28867,17,0,45 46 18,1,30,,28868,17,0,45 46 18,1,70,,28857,17,0,45 46 18,1,30,,21708,17,0,45 46 18,1,70,,28865,17,0,45 46 18,1,30,,28856,17,0,45 46 18,1,70,,27315,17,0,45 46 18,1,30,,27157,17,0,45 46 18,1,70,,28854,17,0,45 46 18,1,30,,28853,17,0,45 46 18,1,70,,25580,17,0,45 46 18,1,30,,28866,17,0,45 46 18,1,70,,28850,17,0,45 46 18,1,30,,28864,17,0,45 46 18,1,70,,28862,17,0,45 46 18,1
31800,'3',608,,28878,17,0,45 46 18,1,30,,20452,17,0,45 46 18,1,70,,28875,17,0,45 46 18,1,30,,28871,17,0,45 46 18,1,70,,28869,17,0,45 46 18,1,30,,28879,17,0,45 46 18,1,70,,28881,17,0,45 46 18,1,30,,28880,17,0,45 46 18,1,70,,28883,17,0,45 46 18,1,30,,28872,17,0,45 46 18,1,70,,28887,17,0,45 46 18,1,30,,28888,17,0,45 46 18,1,70,,28877,17,0,45 46 18,1,30,,21727,17,0,45 46 18,1,70,,28885,17,0,45 46 18,1,30,,28876,17,0,45 46 18,1,70,,27329,17,0,45 46 18,1,30,,27180,17,0,45 46 18,1,70,,28874,17,0,45 46 18,1,30,,28873,17,0,45 46 18,1,70,,25629,17,0,45 46 18,1,30,,28886,17,0,45 46 18,1,70,,28870,17,0,45 46 18,1,30,,28884,17,0,45 46 18,1,70,,28882,17,0,45 46 18,1
41701,'1',630,,31991,28,0,62,1,70,,32011,28,0,62,1,30,,31997,28,0,62,1,70,,23600,28,0,62,1,30,,22835,28,0,62,1,70,,32000,28,0,62,1,30,,31998,28,0,62,1,70,,31992,28,0,62,1,32,,26889,28,0,62,1,70,,32013,28,0,62,1,30,,32014,28,0,62,1,70,,31993,28,0,62,1,30,,32002,28,0,62,1,70,,32005,28,0,62,1,30,,32001,28,0,62,1,70,,31999,28,0,62,1,30,,32003,28,0,62,1,70,,32008,28,0,62,1,30,,31994,28,0,62,1,70,,32012,28,0,62,1,30,,31990,28,0,62,1,70,,32010,28,0,62,1,30,,32009,28,0,62,1,70,,32007,28,0,62,1,30,,32006,28,0,62,1,98,,32004,28,0,62,1,100,,31996,28,0,62,1,100,,22901,28,0,62,1,100,,22196,28,0,62,1,100,,31995,28,0,62,1
41701,'11',1832,,32015,28,0,62,1,98,,32016,28,0,62,1,100,,32017,28,0,62,1,100,,32018,28,0,62,1,100,,32019,28,0,62,1,100,,25274,28,0,62,1
41701,'12',1132,,32021,28,0,62,1,100,,32025,28,0,62,1,100,,32024,28,0,62,1,100,,32022,28,0,62,1,100,,32023,28,0,62,1,100,,32020,28,0,62,1,100,,32026,28,0,62,1
41701,'14',630,,32029,28,0,62,1,70,,32051,28,0,62,1,30,,32035,28,0,62,1,70,,32041,28,0,62,1,30,,32036,28,0,62,1,70,,32038,28,0,62,1,30,,25386,28,0,62,1,70,,32030,28,0,62,1,32,,32028,28,0,62,1,70,,32053,28,0,62,1,30,,32054,28,0,62,1,70,,32031,28,0,62,1,30,,32040,28,0,62,1,70,,32044,28,0,62,1,30,,32039,28,0,62,1,70,,32037,28,0,62,1,30,,32042,28,0,62,1,70,,32048,28,0,62,1,30,,24778,28,0,62,1,70,,32052,28,0,62,1,30,,32027,28,0,62,1,70,,32050,28,0,62,1,30,,32049,28,0,62,1,70,,32047,28,0,62,1,30,,32046,28,0,62,1,98,,32043,28,0,62,1,100,,32034,28,0,62,1,100,,32045,28,0,62,1,100,,32033,28,0,62,1,100,,32032,28,0,62,1
41701,'3',1832,,32055,28,0,62,1,98,,32056,28,0,62,1,100,,32057,28,0,62,1,100,,32058,28,0,62,1,100,,32059,28,0,62,1,100,,25323,28,0,62,1
41701,'8',930,,32075,28,0,62,1,172,,32063,28,0,62,1,30,,32071,28,0,62,1,70,,32068,28,0,62,1,30,,32069,28,0,62,1,70,,32074,28,0,62,1,30,,32060,28,0,62,1,100,,32072,28,0,62,1,70,,32061,28,0,62,1,30,,32070,28,0,62,1,70,,32064,28,0,62,1,30,,32065,28,0,62,1,70,,32067,28,0,62,1,30,,32066,28,0,62,1,70,,32062,28,0,62,1,30,,32073,28,0,62,1,98,,25341,28,0,62,1
41800,'1',623,,32076,19,0,45 46 18,1,30,,32081,19,0,45 46 18,1,70,,32089,19,0,45 46 18,1,30,,23803,19,0,45 46 18,1,70,,32086,19,0,45 46 18,1,30,,32100,19,0,45 46 18,1,70,,25654,19,0,45 46 18,1,30,,32099,19,0,45 46 18,1,71,,32092,19,0,45 46 18,1,30,,32091,19,0,45 46 18,1,70,,27188,19,0,45 46 18,1,30,,32082,19,0,45 46 18,1,70,,32083,19,0,45 46 18,1,30,,32094,19,0,45 46 18,1,70,,32084,19,0,45 46 18,1,30,,32087,19,0,45 46 18,1,70,,32095,19,0,45 46 18,1,30,,32077,19,0,45 46 18,1,70,,32085,19,0,45 46 18,1,30,,32088,19,0,45 46 18,1,70,,32079,19,0,45 46 18,1,30,,32098,19,0,45 46 18,1,70,,32080,19,0,45 46 18,1,30,,32090,19,0,45 46 18,1,100,,32097,19,0,45 46 18,1,100,,32093,19,0,45 46 18,1,100,,32078,19,0,45 46 18,1,100,,32101,19,0,45 46 18,1,100,,24439,19,0,45 46 18,1,100,,32096,19,0,45 46 18,1
41800,'11',1854,,32102,19,0,45 46 18,1,100,,32106,19,0,45 46 18,1,100,,32105,19,0,45 46 18,1,100,,32103,19,0,45 46 18,1,100,,32107,19,0,45 46 18,1,100,,32104,19,0,45 46 18,1
41800,'12',1054,,25355,19,0,45 46 18,1,100,,32110,19,0,45 46 18,1,100,,32109,19,0,45 46 18,1,100,,32111,19,0,45 46 18,1,100,,32114,19,0,45 46 18,1,100,,32108,19,0,45 46 18,1,100,,32113,19,0,45 46 18,1,100,,32112,19,0,45 46 18,1
41800,'14',623,,32115,19,0,45 46 18,1,30,,32121,19,0,45 46 18,1,70,,32130,19,0,45 46 18,1,30,,32135,19,0,45 46 18,1,70,,32127,19,0,45 46 18,1,30,,32141,19,0,45 46 18,1,70,,32136,19,0,45 46 18,1,30,,32140,19,0,45 46 18,1,71,,32133,19,0,45 46 18,1,30,,32132,19,0,45 46 18,1,70,,32124,19,0,45 46 18,1,30,,32122,19,0,45 46 18,1,70,,32123,19,0,45 46 18,1,30,,32134,19,0,45 46 18,1,70,,32125,19,0,45 46 18,1,30,,32128,19,0,45 46 18,1,70,,26713,19,0,45 46 18,1,30,,32116,19,0,45 46 18,1,70,,32126,19,0,45 46 18,1,30,,32129,19,0,45 46 18,1,70,,32118,19,0,45 46 18,1,30,,32139,19,0,45 46 18,1,70,,32119,19,0,45 46 18,1,30,,32131,19,0,45 46 18,1,100,,32138,19,0,45 46 18,1,100,,25392,19,0,45 46 18,1,100,,32117,19,0,45 46 18,1,100,,32142,19,0,45 46 18,1,100,,32120,19,0,45 46 18,1,100,,32137,19,0,45 46 18,1
41800,'3',1854,,32143,19,0,45 46 18,1,100,,32147,19,0,45 46 18,1,100,,32146,19,0,45 46 18,1,100,,32144,19,0,45 46 18,1,100,,32148,19,0,45 46 18,1,100,,32145,19,0,45 46 18,1
41800,'8',953,,32155,19,0,45 46 18,1,71,,32152,19,0,45 46 18,1,30,,32156,19,0,45 46 18,1,70,,32162,19,0,45 46 18,1,30,,32149,19,0,45 46 18,1,100,,32154,19,0,45 46 18,1,70,,32150,19,0,45 46 18,1,30,,32164,19,0,45 46 18,1,100,,32151,19,0,45 46 18,1,70,,32159,19,0,45 46 18,1,30,,32160,19,0,45 46 18,1,70,,32158,19,0,45 46 18,1,30,,32157,19,0,45 46 18,1,70,,32161,19,0,45 46 18,1,30,,32163,19,0,45 46 18,1,100,,32153,19,0,45 46 18,1,100,,32165,19,0,45 46 18,1
