30600,'12',603,,33883,9,0,7,1,30,,33881,9,0,7,1,70,,33882,9,0,7,1,30,,33861,9,0,7,1,70,,33866,9,0,7,1,30,,33879,9,0,7,1,70,,33864,9,0,7,1,30,,33869,9,0,7,1,70,,33863,9,0,7,1,30,,33878,9,0,7,1,70,,33884,9,0,7,1,30,,33876,9,0,7,1,70,,33865,9,0,7,1,30,,33872,9,0,7,1,70,,33875,9,0,7,1,30,,33862,9,0,7,1,71,,33874,9,0,7,1,30,,33871,9,0,7,1,70,,33880,9,0,7,1,30,,33870,9,0,7,1,70,,33868,9,0,7,1,30,,33867,9,0,7,1,70,,33873,9,0,7,1,30,,33877,9,0,7,1
30600,'13',603,,33904,9,0,7,1,30,,33902,9,0,7,1,70,,33903,9,0,7,1,30,,33885,9,0,7,1,70,,33889,9,0,7,1,30,,33900,9,0,7,1,70,,29025,9,0,7,1,30,,33892,9,0,7,1,70,,33887,9,0,7,1,30,,33899,9,0,7,1,70,,33905,9,0,7,1,30,,33897,9,0,7,1,70,,33888,9,0,7,1,30,,33895,9,0,7,1,70,,33896,9,0,7,1,30,,33886,9,0,7,1,71,,32474,9,0,7,1,30,,33894,9,0,7,1,70,,33901,9,0,7,1,30,,33893,9,0,7,1,70,,33891,9,0,7,1,30,,33890,9,0,7,1,70,,28902,9,0,7,1,30,,33898,9,0,7,1
30600,'3',603,,33925,9,0,7,1,30,,33923,9,0,7,1,70,,33924,9,0,7,1,30,,33906,9,0,7,1,70,,33910,9,0,7,1,30,,33921,9,0,7,1,70,,29032,9,0,7,1,30,,33913,9,0,7,1,70,,33908,9,0,7,1,30,,33920,9,0,7,1,70,,33926,9,0,7,1,30,,33918,9,0,7,1,70,,33909,9,0,7,1,30,,33916,9,0,7,1,70,,33917,9,0,7,1,30,,33907,9,0,7,1,71,,32479,9,0,7,1,30,,33915,9,0,7,1,70,,33922,9,0,7,1,30,,33914,9,0,7,1,70,,33912,9,0,7,1,30,,33911,9,0,7,1,70,,28926,9,0,7,1,30,,33919,9,0,7,1
30600,'6',603,,33949,9,0,7,1,30,,33947,9,0,7,1,70,,33948,9,0,7,1,30,,33927,9,0,7,1,70,,33932,9,0,7,1,30,,33945,9,0,7,1,70,,33930,9,0,7,1,30,,33935,9,0,7,1,70,,33929,9,0,7,1,30,,33944,9,0,7,1,70,,33950,9,0,7,1,30,,33942,9,0,7,1,70,,33931,9,0,7,1,30,,33938,9,0,7,1,70,,33941,9,0,7,1,30,,33928,9,0,7,1,71,,33940,9,0,7,1,30,,33937,9,0,7,1,70,,33946,9,0,7,1,30,,33936,9,0,7,1,70,,33934,9,0,7,1,30,,33933,9,0,7,1,70,,33939,9,0,7,1,30,,33943,9,0,7,1
40600,'1',618,,38838,9,0,9 10,1,30,,38821,9,0,9 10,1,70,,38820,9,0,9 10,1,30,,38834,9,0,9 10,1,70,,31587,9,0,9 10,1,30,,38836,9,0,9 10,1,70,,38828,9,0,9 10,1,30,,38830,9,0,9 10,1,70,,38824,9,0,9 10,1,30,,38829,9,0,9 10,1,70,,38817,9,0,9 10,1,30,,38827,9,0,9 10,1,70,,38816,9,0,9 10,1,30,,29422,9,0,9 10,1,70,,38837,9,0,9 10,1,30,,38826,9,0,9 10,1,70,,31583,9,0,9 10,1,30,,38823,9,0,9 10,1,70,,38814,9,0,9 10,1,30,,23436,9,0,9 10,1,70,,38831,9,0,9 10,1,30,,38822,9,0,9 10,1,70,,38815,9,0,9 10,1,30,,38825,9,0,9 10,1,70,,38835,9,0,9 10,1,100,,30676,9,0,9 10,1,100,,38833,9,0,9 10,1,100,,38819,9,0,9 10,1,100,,38832,9,0,9 10,1,100,,38818,9,0,9 10,1
40600,'11',618,,38868,9,0,9 10,1,30,,38849,9,0,9 10,1,70,,38848,9,0,9 10,1,30,,38864,9,0,9 10,1,70,,38846,9,0,9 10,1,30,,38866,9,0,9 10,1,70,,38856,9,0,9 10,1,30,,38860,9,0,9 10,1,70,,38852,9,0,9 10,1,30,,38857,9,0,9 10,1,70,,38844,9,0,9 10,1,30,,38855,9,0,9 10,1,70,,38843,9,0,9 10,1,30,,38859,9,0,9 10,1,70,,38867,9,0,9 10,1,30,,38854,9,0,9 10,1,70,,38842,9,0,9 10,1,30,,38851,9,0,9 10,1,70,,38840,9,0,9 10,1,30,,38858,9,0,9 10,1,70,,38861,9,0,9 10,1,30,,38850,9,0,9 10,1,70,,38841,9,0,9 10,1,30,,38853,9,0,9 10,1,70,,38865,9,0,9 10,1,100,,38839,9,0,9 10,1,100,,38863,9,0,9 10,1,100,,38847,9,0,9 10,1,100,,38862,9,0,9 10,1,100,,38845,9,0,9 10,1
40600,'12',1818,,38874,9,0,9 10,1,100,,38871,9,0,9 10,1,100,,38873,9,0,9 10,1,100,,38872,9,0,9 10,1,100,,38869,9,0,9 10,1,100,,38870,9,0,9 10,1
40600,'13',1818,,38880,9,0,9 10,1,100,,38877,9,0,9 10,1,100,,38879,9,0,9 10,1,100,,38878,9,0,9 10,1,100,,38875,9,0,9 10,1,100,,38876,9,0,9 10,1
40600,'14',1118,,38887,9,0,9 10,1,100,,38886,9,0,9 10,1,100,,38881,9,0,9 10,1,100,,38884,9,0,9 10,1,100,,38882,9,0,9 10,1,100,,38883,9,0,9 10,1,100,,38885,9,0,9 10,1
40600,'16',618,,38912,9,0,9 10,1,30,,38895,9,0,9 10,1,70,,38894,9,0,9 10,1,30,,38908,9,0,9 10,1,70,,24564,9,0,9 10,1,30,,38910,9,0,9 10,1,70,,38902,9,0,9 10,1,30,,38904,9,0,9 10,1,70,,38898,9,0,9 10,1,30,,38903,9,0,9 10,1,70,,38891,9,0,9 10,1,30,,38901,9,0,9 10,1,70,,38890,9,0,9 10,1,30,,29541,9,0,9 10,1,70,,38911,9,0,9 10,1,30,,38900,9,0,9 10,1,70,,31620,9,0,9 10,1,30,,38897,9,0,9 10,1,70,,38888,9,0,9 10,1,30,,30164,9,0,9 10,1,70,,38905,9,0,9 10,1,30,,38896,9,0,9 10,1,70,,38889,9,0,9 10,1,30,,38899,9,0,9 10,1,70,,38909,9,0,9 10,1,100,,30714,9,0,9 10,1,100,,38907,9,0,9 10,1,100,,38893,9,0,9 10,1,100,,38906,9,0,9 10,1,100,,38892,9,0,9 10,1
40600,'3',1818,,38918,9,0,9 10,1,100,,38915,9,0,9 10,1,100,,38917,9,0,9 10,1,100,,38916,9,0,9 10,1,100,,38913,9,0,9 10,1,100,,38914,9,0,9 10,1
40600,'6',1818,,38924,9,0,9 10,1,100,,38921,9,0,9 10,1,100,,38923,9,0,9 10,1,100,,38922,9,0,9 10,1,100,,38919,9,0,9 10,1,100,,38920,9,0,9 10,1
40600,'8',918,,38931,9,0,9 10,1,100,,38940,9,0,9 10,1,30,,38927,9,0,9 10,1,70,,38926,9,0,9 10,1,30,,38937,9,0,9 10,1,70,,38936,9,0,9 10,1,30,,38925,9,0,9 10,1,70,,30747,9,0,9 10,1,30,,38938,9,0,9 10,1,70,,38941,9,0,9 10,1,30,,38935,9,0,9 10,1,70,,38934,9,0,9 10,1,30,,38930,9,0,9 10,1,70,,32157,9,0,9 10,1,30,,38933,9,0,9 10,1,70,,38939,9,0,9 10,1,30,,38932,9,0,9 10,1,70,,38929,9,0,9 10,1,100,,38928,9,0,9 10,1
