30201,'12',629,,33215,20,0,24,1,30,,33224,20,0,24,1,70,,33225,20,0,24,1,30,,33230,20,0,24,1,70,,33218,20,0,24,1,30,,33235,20,0,24,1,70,,33219,20,0,24,1,30,,33229,20,0,24,1,72,,33231,20,0,24,1,70,,33237,20,0,24,1,30,,33216,20,0,24,1,70,,33217,20,0,24,1,30,,33232,20,0,24,1,70,,33226,20,0,24,1,30,,33223,20,0,24,1,70,,33227,20,0,24,1,33,,33228,20,0,24,1,78,,33221,20,0,24,1,30,,33220,20,0,24,1,70,,33234,20,0,24,1,30,,33233,20,0,24,1,70,,33238,20,0,24,1,30,,33222,20,0,24,1,70,,33236,20,0,24,1
30201,'13',629,,33239,20,0,24,1,30,,33248,20,0,24,1,70,,33249,20,0,24,1,30,,33254,20,0,24,1,70,,33242,20,0,24,1,30,,33258,20,0,24,1,70,,33243,20,0,24,1,30,,33253,20,0,24,1,72,,33255,20,0,24,1,70,,33260,20,0,24,1,30,,33240,20,0,24,1,70,,33241,20,0,24,1,30,,33256,20,0,24,1,70,,33250,20,0,24,1,30,,33247,20,0,24,1,70,,33251,20,0,24,1,33,,33252,20,0,24,1,78,,33245,20,0,24,1,30,,33244,20,0,24,1,70,,33257,20,0,24,1,30,,29290,20,0,24,1,70,,28820,20,0,24,1,30,,33246,20,0,24,1,70,,33259,20,0,24,1
30201,'3',629,,33261,20,0,24,1,30,,33270,20,0,24,1,70,,33271,20,0,24,1,30,,33276,20,0,24,1,70,,33264,20,0,24,1,30,,33280,20,0,24,1,70,,33265,20,0,24,1,30,,33275,20,0,24,1,72,,33277,20,0,24,1,70,,33282,20,0,24,1,30,,33262,20,0,24,1,70,,33263,20,0,24,1,30,,33278,20,0,24,1,70,,33272,20,0,24,1,30,,33269,20,0,24,1,70,,33273,20,0,24,1,33,,33274,20,0,24,1,78,,33267,20,0,24,1,30,,33266,20,0,24,1,70,,33279,20,0,24,1,30,,29309,20,0,24,1,70,,28843,20,0,24,1,30,,33268,20,0,24,1,70,,33281,20,0,24,1
30201,'6',629,,33283,20,0,24,1,30,,33292,20,0,24,1,70,,33293,20,0,24,1,30,,33298,20,0,24,1,70,,33286,20,0,24,1,30,,33303,20,0,24,1,70,,33287,20,0,24,1,30,,33297,20,0,24,1,72,,33299,20,0,24,1,70,,33305,20,0,24,1,30,,33284,20,0,24,1,70,,33285,20,0,24,1,30,,33300,20,0,24,1,70,,33294,20,0,24,1,30,,33291,20,0,24,1,70,,33295,20,0,24,1,33,,33296,20,0,24,1,78,,33289,20,0,24,1,30,,33288,20,0,24,1,70,,33302,20,0,24,1,30,,33301,20,0,24,1,70,,33306,20,0,24,1,30,,33290,20,0,24,1,70,,33304,20,0,24,1
40201,'1',656,,38428,20,0,24,1,70,,38425,20,0,24,1,30,,38426,20,0,24,1,70,,38427,20,0,24,1,30,,38437,20,0,24,1,70,,38432,20,0,24,1,30,,38441,20,0,24,1,70,,38423,20,0,24,1,30,,38430,20,0,24,1,70,,38436,20,0,24,1,30,,38419,20,0,24,1,70,,38433,20,0,24,1,30,,38438,20,0,24,1,70,,31028,20,0,24,1,30,,38418,20,0,24,1,70,,38415,20,0,24,1,30,,38424,20,0,24,1,70,,38431,20,0,24,1,30,,38435,20,0,24,1,70,,38421,20,0,24,1,30,,31249,20,0,24,1,70,,38417,20,0,24,1,30,,38422,20,0,24,1,70,,38442,20,0,24,1,30,,38434,20,0,24,1,99,,38429,20,0,24,1,100,,38440,20,0,24,1,100,,38420,20,0,24,1,100,,38439,20,0,24,1,100,,38416,20,0,24,1
40201,'11',656,,38459,20,0,24,1,70,,38456,20,0,24,1,30,,38457,20,0,24,1,70,,38458,20,0,24,1,30,,38454,20,0,24,1,70,,38463,20,0,24,1,30,,38471,20,0,24,1,70,,38453,20,0,24,1,30,,38461,20,0,24,1,70,,38467,20,0,24,1,30,,38449,20,0,24,1,70,,38464,20,0,24,1,30,,38468,20,0,24,1,70,,38443,20,0,24,1,30,,38448,20,0,24,1,70,,38444,20,0,24,1,30,,38455,20,0,24,1,70,,38462,20,0,24,1,30,,38466,20,0,24,1,70,,38451,20,0,24,1,30,,38446,20,0,24,1,70,,38447,20,0,24,1,30,,38452,20,0,24,1,70,,38472,20,0,24,1,30,,38465,20,0,24,1,99,,38460,20,0,24,1,100,,38470,20,0,24,1,100,,38450,20,0,24,1,100,,38469,20,0,24,1,100,,38445,20,0,24,1
40201,'12',1856,,38476,20,0,24,1,99,,38473,20,0,24,1,100,,38474,20,0,24,1,100,,38478,20,0,24,1,100,,38475,20,0,24,1,100,,38477,20,0,24,1
40201,'13',1856,,38482,20,0,24,1,99,,38479,20,0,24,1,100,,38480,20,0,24,1,100,,38484,20,0,24,1,100,,38481,20,0,24,1,100,,38483,20,0,24,1
40201,'14',1156,,38488,20,0,24,1,100,,29737,20,0,24,1,100,,38487,20,0,24,1,100,,38486,20,0,24,1,100,,38490,20,0,24,1,100,,38485,20,0,24,1,100,,38489,20,0,24,1
40201,'16',656,,38504,20,0,24,1,70,,38501,20,0,24,1,30,,38502,20,0,24,1,70,,38503,20,0,24,1,30,,38513,20,0,24,1,70,,38508,20,0,24,1,30,,38517,20,0,24,1,70,,38499,20,0,24,1,30,,38506,20,0,24,1,70,,38512,20,0,24,1,30,,38495,20,0,24,1,70,,38509,20,0,24,1,30,,38514,20,0,24,1,70,,31065,20,0,24,1,30,,38494,20,0,24,1,70,,38491,20,0,24,1,30,,38500,20,0,24,1,70,,38507,20,0,24,1,30,,38511,20,0,24,1,70,,38497,20,0,24,1,30,,31288,20,0,24,1,70,,38493,20,0,24,1,30,,38498,20,0,24,1,70,,38518,20,0,24,1,30,,38510,20,0,24,1,99,,38505,20,0,24,1,100,,38516,20,0,24,1,100,,38496,20,0,24,1,100,,38515,20,0,24,1,100,,38492,20,0,24,1
40201,'3',1856,,38522,20,0,24,1,99,,38519,20,0,24,1,100,,38520,20,0,24,1,100,,38524,20,0,24,1,100,,38521,20,0,24,1,100,,38523,20,0,24,1
40201,'6',1856,,38528,20,0,24,1,99,,38525,20,0,24,1,100,,38526,20,0,24,1,100,,38530,20,0,24,1,100,,38527,20,0,24,1,100,,38529,20,0,24,1
40201,'8',956,,38533,20,0,24,1,100,,38534,20,0,24,1,70,,38536,20,0,24,1,30,,25796,20,0,24,1,70,,38545,20,0,24,1,30,,38542,20,0,24,1,70,,38540,20,0,24,1,30,,38539,20,0,24,1,70,,38547,20,0,24,1,30,,38532,20,0,24,1,70,,38544,20,0,24,1,30,,38543,20,0,24,1,70,,38535,20,0,24,1,30,,38538,20,0,24,1,70,,38531,20,0,24,1,30,,38548,20,0,24,1,70,,38541,20,0,24,1,30,,38546,20,0,24,1,99,,38537,20,0,24,1
