32101,'12',718,,36378,18,0,56,1,100,,36376,18,0,56,1,100,,36374,18,0,56,1,100,,36371,18,0,56,1,100,,36380,18,0,56,1,100,,36372,18,0,56,1,100,,36370,18,0,56,1,102,,36377,18,0,56,1,100,,36369,18,0,56,1,100,,36379,18,0,56,1,100,,36375,18,0,56,1,100,,36373,18,0,56,1
32101,'13',818,,36384,18,0,56,1,100,,28026,18,0,56,1,100,,36382,18,0,56,1,402,,36385,18,0,56,1,100,,36381,18,0,56,1,100,,36386,18,0,56,1,100,,36383,18,0,56,1
32101,'3',818,,36390,18,0,56,1,100,,28049,18,0,56,1,100,,36388,18,0,56,1,402,,36391,18,0,56,1,100,,36387,18,0,56,1,100,,36392,18,0,56,1,100,,36389,18,0,56,1
32101,'6',718,,36402,18,0,56,1,100,,36400,18,0,56,1,100,,36398,18,0,56,1,100,,36395,18,0,56,1,100,,36404,18,0,56,1,100,,36396,18,0,56,1,100,,36394,18,0,56,1,102,,36401,18,0,56,1,100,,36393,18,0,56,1,100,,36403,18,0,56,1,100,,36399,18,0,56,1,100,,36397,18,0,56,1
33101,'12',741,,36641,5,0,55,1,100,,36640,5,0,55,1,100,,36637,5,0,55,1,100,,36643,5,0,55,1,100,,36636,5,0,55,1,100,,36639,5,0,55,1,100,,36644,5,0,55,1,100,,36642,5,0,55,1,100,,36635,5,0,55,1,100,,36638,5,0,55,1,100,,36634,5,0,55,1
42101,'11',718,,41572,18,0,56,1,100,,41571,18,0,56,1,100,,41580,18,0,56,1,100,,41569,18,0,56,1,100,,41578,18,0,56,1,100,,41565,18,0,56,1,100,,41570,18,0,56,1,101,,41576,18,0,56,1,100,,41581,18,0,56,1,100,,41568,18,0,56,1,100,,41567,18,0,56,1,100,,41574,18,0,56,1,100,,41566,18,0,56,1,100,,41577,18,0,56,1,100,,41573,18,0,56,1,100,,41579,18,0,56,1,100,,41575,18,0,56,1
42101,'12',1919,,41584,18,0,56,1,100,,41582,18,0,56,1,100,,41585,18,0,56,1,100,,41583,18,0,56,1,100,,41586,18,0,56,1
42101,'6',1919,,41589,18,0,56,1,100,,41587,18,0,56,1,100,,41590,18,0,56,1,100,,41588,18,0,56,1,100,,41591,18,0,56,1
43101,'1',740,,41684,5,0,55,1,100,,22390,5,0,55,1,100,,41690,5,0,55,1,101,,41687,5,0,55,1,100,,41683,5,0,55,1,100,,41682,5,0,55,1,100,,41689,5,0,55,1,101,,41695,5,0,55,1,100,,41692,5,0,55,1,100,,41691,5,0,55,1,100,,41686,5,0,55,1,100,,41685,5,0,55,1,99,,29662,5,0,55,1,100,,41693,5,0,55,1,100,,41688,5,0,55,1,100,,41694,5,0,55,1
43101,'12',1842,,41699,5,0,55,1,99,,41698,5,0,55,1,100,,41700,5,0,55,1,100,,41697,5,0,55,1,100,,41696,5,0,55,1,100,,41701,5,0,55,1
