30501,'12',629,,33786,26,0,27,1,30,,33763,26,0,27,1,70,,33779,26,0,27,1,30,,33766,26,0,27,1,70,,33777,26,0,27,1,30,,33769,26,0,27,1,70,,33774,26,0,27,1,30,,33784,26,0,27,1,70,,33772,26,0,27,1,30,,33770,26,0,27,1,70,,33787,26,0,27,1,30,,33775,26,0,27,1,70,,33767,26,0,27,1,30,,33765,26,0,27,1,70,,33782,26,0,27,1,30,,33783,26,0,27,1,70,,33768,26,0,27,1,30,,33781,26,0,27,1,70,,33778,26,0,27,1,30,,33771,26,0,27,1,70,,33764,26,0,27,1,30,,33780,26,0,27,1,70,,33773,26,0,27,1,30,,33785,26,0,27,1
30501,'13',629,,33810,26,0,27,1,30,,33788,26,0,27,1,70,,33804,26,0,27,1,30,,33791,26,0,27,1,70,,33802,26,0,27,1,30,,33794,26,0,27,1,70,,33799,26,0,27,1,30,,33809,26,0,27,1,70,,33797,26,0,27,1,30,,33795,26,0,27,1,70,,33811,26,0,27,1,30,,33800,26,0,27,1,70,,33792,26,0,27,1,30,,33790,26,0,27,1,70,,33807,26,0,27,1,30,,33808,26,0,27,1,70,,33793,26,0,27,1,30,,33806,26,0,27,1,70,,33803,26,0,27,1,30,,33796,26,0,27,1,70,,33789,26,0,27,1,30,,33805,26,0,27,1,70,,33798,26,0,27,1,30,,28368,26,0,27,1
30501,'3',629,,33834,26,0,27,1,30,,33812,26,0,27,1,70,,33828,26,0,27,1,30,,33815,26,0,27,1,70,,33826,26,0,27,1,30,,33818,26,0,27,1,70,,33823,26,0,27,1,30,,33833,26,0,27,1,70,,33821,26,0,27,1,30,,33819,26,0,27,1,70,,33835,26,0,27,1,30,,33824,26,0,27,1,70,,33816,26,0,27,1,30,,33814,26,0,27,1,70,,33831,26,0,27,1,30,,33832,26,0,27,1,70,,33817,26,0,27,1,30,,33830,26,0,27,1,70,,33827,26,0,27,1,30,,33820,26,0,27,1,70,,33813,26,0,27,1,30,,33829,26,0,27,1,70,,33822,26,0,27,1,30,,28386,26,0,27,1
30501,'6',629,,33859,26,0,27,1,30,,33836,26,0,27,1,70,,33852,26,0,27,1,30,,33839,26,0,27,1,70,,33850,26,0,27,1,30,,33842,26,0,27,1,70,,33847,26,0,27,1,30,,33857,26,0,27,1,70,,33845,26,0,27,1,30,,33843,26,0,27,1,70,,33860,26,0,27,1,30,,33848,26,0,27,1,70,,33840,26,0,27,1,30,,33838,26,0,27,1,70,,33855,26,0,27,1,30,,33856,26,0,27,1,70,,33841,26,0,27,1,30,,33854,26,0,27,1,70,,33851,26,0,27,1,30,,33844,26,0,27,1,70,,33837,26,0,27,1,30,,33853,26,0,27,1,70,,33846,26,0,27,1,30,,33858,26,0,27,1
41201,'1',624,,39929,29,,,1,30,,39924,29,,,1,70,,39914,29,,,1,30,,39933,29,,,1,70,,39918,29,,,1,30,,31492,29,,,1,70,,39913,29,,,1,30,,39928,29,,,1,71,,39930,29,,,1,30,,39916,29,,,1,70,,39919,29,,,1,30,,39931,29,,,1,70,,39920,29,,,1,30,,39922,29,,,1,70,,39939,29,,,1,30,,39923,29,,,1,70,,39921,29,,,1,30,,39937,29,,,1,70,,39926,29,,,1,30,,39912,29,,,1,70,,39936,29,,,1,30,,39935,29,,,1,70,,39938,29,,,1,30,,39932,29,,,1,70,,39925,29,,,1,100,,39927,29,,,1,100,,31591,29,,,1,100,,39917,29,,,1,100,,39934,29,,,1,100,,39915,29,,,1
41201,'11',624,,39959,29,,,1,30,,39953,29,,,1,70,,39942,29,,,1,30,,39963,29,,,1,70,,39947,29,,,1,30,,39943,29,,,1,70,,39941,29,,,1,30,,39958,29,,,1,71,,39960,29,,,1,30,,39945,29,,,1,70,,39948,29,,,1,30,,39961,29,,,1,70,,39949,29,,,1,30,,39951,29,,,1,70,,39969,29,,,1,30,,39952,29,,,1,70,,39950,29,,,1,30,,39967,29,,,1,70,,39955,29,,,1,30,,39940,29,,,1,70,,39966,29,,,1,30,,39965,29,,,1,70,,39968,29,,,1,30,,39962,29,,,1,70,,39954,29,,,1,100,,39957,29,,,1,100,,39956,29,,,1,100,,39946,29,,,1,100,,39964,29,,,1,100,,39944,29,,,1
41201,'12',1825,,39971,29,,,1,100,,39972,29,,,1,100,,39975,29,,,1,100,,39973,29,,,1,100,,39970,29,,,1,100,,39974,29,,,1
41201,'13',1825,,24112,29,,,1,100,,27610,29,,,1,100,,39979,29,,,1,100,,39977,29,,,1,100,,39976,29,,,1,100,,39978,29,,,1
41201,'14',1125,,39986,29,,,1,100,,39987,29,,,1,100,,39984,29,,,1,100,,39982,29,,,1,100,,39981,29,,,1,100,,39985,29,,,1,100,,39980,29,,,1
41201,'16',624,,40005,29,,,1,30,,40000,29,,,1,70,,39990,29,,,1,30,,40009,29,,,1,70,,39994,29,,,1,30,,31532,29,,,1,70,,39989,29,,,1,30,,40004,29,,,1,71,,40006,29,,,1,30,,39992,29,,,1,70,,39995,29,,,1,30,,40007,29,,,1,70,,39996,29,,,1,30,,39998,29,,,1,70,,40015,29,,,1,30,,39999,29,,,1,70,,39997,29,,,1,30,,40013,29,,,1,70,,40002,29,,,1,30,,39988,29,,,1,70,,40012,29,,,1,30,,40011,29,,,1,70,,40014,29,,,1,30,,40008,29,,,1,70,,40001,29,,,1,100,,40003,29,,,1,100,,31627,29,,,1,100,,39993,29,,,1,100,,40010,29,,,1,100,,39991,29,,,1
41201,'3',1825,,24124,29,,,1,100,,27633,29,,,1,100,,40019,29,,,1,100,,40017,29,,,1,100,,40016,29,,,1,100,,40018,29,,,1
41201,'6',1825,,40021,29,,,1,100,,40022,29,,,1,100,,40025,29,,,1,100,,40023,29,,,1,100,,40020,29,,,1,100,,40024,29,,,1
41201,'8',924,,40044,29,,,1,101,,40026,29,,,1,30,,40034,29,,,1,70,,40029,29,,,1,30,,40038,29,,,1,70,,40031,29,,,1,30,,40039,29,,,1,70,,40028,29,,,1,30,,40037,29,,,1,70,,30497,29,,,1,30,,40036,29,,,1,70,,40027,29,,,1,30,,40035,29,,,1,70,,40030,29,,,1,30,,40041,29,,,1,70,,40033,29,,,1,30,,40032,29,,,1,70,,40040,29,,,1,100,,40042,29,,,1,100,,40043,29,,,1
