33100,'15',737,,14877,9,0,55,1,100,,14871,9,0,55,1,100,,14870,9,0,55,1,100,,14876,9,0,55,1,100,,14868,9,0,55,1,100,,14875,9,0,55,1,100,,14873,9,0,55,1,100,,14869,9,0,55,1,100,,14872,9,0,55,1,100,,14878,9,0,55,1,100,,14874,9,0,55,1
33100,'16',707,,5230,9,0,55,1,30,,14896,9,0,55,1,70,,14880,9,0,55,1,30,,14883,9,0,55,1,70,,14886,9,0,55,1,30,,4578,9,0,55,1,70,,14888,9,0,55,1,30,,14892,9,0,55,1,70,,14895,9,0,55,1,30,,14879,9,0,55,1,70,,5263,9,0,55,1,30,,14891,9,0,55,1,70,,14884,9,0,55,1,30,,14887,9,0,55,1,70,,14890,9,0,55,1,30,,14881,9,0,55,1,70,,4239,9,0,55,1,30,,14885,9,0,55,1,70,,14893,9,0,55,1,30,,14897,9,0,55,1,70,,14882,9,0,55,1,30,,14889,9,0,55,1,70,,14894,9,0,55,1
33100,'17',707,,5280,9,0,55,1,30,,14914,9,0,55,1,70,,14899,9,0,55,1,30,,14902,9,0,55,1,70,,14905,9,0,55,1,30,,4591,9,0,55,1,70,,14907,9,0,55,1,30,,4403,9,0,55,1,70,,14913,9,0,55,1,30,,14898,9,0,55,1,70,,5313,9,0,55,1,30,,14910,9,0,55,1,70,,14903,9,0,55,1,30,,14906,9,0,55,1,70,,14909,9,0,55,1,30,,14900,9,0,55,1,70,,4261,9,0,55,1,30,,14904,9,0,55,1,70,,14911,9,0,55,1,30,,14915,9,0,55,1,70,,14901,9,0,55,1,30,,14908,9,0,55,1,70,,14912,9,0,55,1
33100,'19',707,,14931,9,0,55,1,30,,14933,9,0,55,1,70,,14934,9,0,55,1,30,,8069,9,0,55,1,70,,14927,9,0,55,1,30,,14920,9,0,55,1,70,,14935,9,0,55,1,30,,14929,9,0,55,1,70,,14919,9,0,55,1,30,,14917,9,0,55,1,70,,14924,9,0,55,1,30,,14928,9,0,55,1,70,,14930,9,0,55,1,30,,14926,9,0,55,1,70,,14916,9,0,55,1,30,,14918,9,0,55,1,70,,14925,9,0,55,1,30,,14923,9,0,55,1,70,,7981,9,0,55,1,30,,14936,9,0,55,1,70,,14932,9,0,55,1,30,,14922,9,0,55,1,70,,14921,9,0,55,1
33100,'5',707,,14945,9,0,55,1,30,,14949,9,0,55,1,70,,14940,9,0,55,1,30,,14939,9,0,55,1,70,,14953,9,0,55,1,30,,4618,9,0,55,1,70,,4869,9,0,55,1,30,,14947,9,0,55,1,70,,14948,9,0,55,1,30,,8411,9,0,55,1,70,,8525,9,0,55,1,30,,14946,9,0,55,1,70,,1347,9,0,55,1,30,,14944,9,0,55,1,70,,14952,9,0,55,1,30,,14937,9,0,55,1,70,,14950,9,0,55,1,30,,14942,9,0,55,1,70,,14938,9,0,55,1,30,,14951,9,0,55,1,70,,375,9,0,55,1,30,,14941,9,0,55,1,70,,14943,9,0,55,1
33100,'6',737,,14963,9,0,55,1,100,,14957,9,0,55,1,100,,14956,9,0,55,1,100,,14962,9,0,55,1,100,,14954,9,0,55,1,100,,14961,9,0,55,1,100,,14959,9,0,55,1,100,,14955,9,0,55,1,100,,14958,9,0,55,1,100,,14964,9,0,55,1,100,,14960,9,0,55,1
43100,'10',706,,20562,9,0,55,1,30,,20558,9,0,55,1,70,,20576,9,0,55,1,30,,20568,9,0,55,1,70,,20566,9,0,55,1,30,,20565,9,0,55,1,71,,20581,9,0,55,1,30,,20584,9,0,55,1,70,,20557,9,0,55,1,30,,20553,9,0,55,1,70,,20561,9,0,55,1,30,,20578,9,0,55,1,70,,20564,9,0,55,1,30,,20574,9,0,55,1,71,,20571,9,0,55,1,30,,20559,9,0,55,1,70,,20575,9,0,55,1,30,,20577,9,0,55,1,70,,20567,9,0,55,1,30,,20580,9,0,55,1,70,,20579,9,0,55,1,30,,20572,9,0,55,1,70,,20583,9,0,55,1,30,,20552,9,0,55,1,69,,20570,9,0,55,1,30,,20573,9,0,55,1,70,,20554,9,0,55,1,30,,20551,9,0,55,1,70,,20563,9,0,55,1,30,,20555,9,0,55,1,70,,20556,9,0,55,1,30,,20560,9,0,55,1,70,,20582,9,0,55,1,30,,20569,9,0,55,1
43100,'15',1838,,20589,9,0,55,1,99,,20587,9,0,55,1,100,,20590,9,0,55,1,100,,20585,9,0,55,1,100,,20588,9,0,55,1,100,,20586,9,0,55,1
43100,'16',1838,,20592,9,0,55,1,69,,20599,9,0,55,1,30,,20595,9,0,55,1,70,,20594,9,0,55,1,30,,20598,9,0,55,1,70,,88,9,0,55,1,30,,20591,9,0,55,1,70,,20597,9,0,55,1,30,,1486,9,0,55,1,100,,20596,9,0,55,1,70,,20593,9,0,55,1
43100,'17',1838,,20601,9,0,55,1,69,,20607,9,0,55,1,30,,20604,9,0,55,1,70,,20603,9,0,55,1,30,,20606,9,0,55,1,70,,135,9,0,55,1,30,,20600,9,0,55,1,70,,4325,9,0,55,1,30,,1510,9,0,55,1,100,,20605,9,0,55,1,70,,20602,9,0,55,1
43100,'19',1838,,20609,9,0,55,1,99,,20610,9,0,55,1,100,,20613,9,0,55,1,100,,20608,9,0,55,1,100,,20612,9,0,55,1,100,,20611,9,0,55,1
43100,'5',1838,,20614,9,0,55,1,69,,20620,9,0,55,1,30,,20619,9,0,55,1,70,,20617,9,0,55,1,30,,20621,9,0,55,1,70,,20616,9,0,55,1,30,,20615,9,0,55,1,70,,20622,9,0,55,1,30,,1534,9,0,55,1,100,,20618,9,0,55,1
43100,'6',1838,,20627,9,0,55,1,99,,20625,9,0,55,1,100,,20628,9,0,55,1,100,,20623,9,0,55,1,100,,20626,9,0,55,1,100,,20624,9,0,55,1
