33700,'1',713,,36993,18,,,1,30,,37006,18,,,1,70,,37000,18,,,1,30,,37011,18,,,1,70,,36982,18,,,1,30,,37002,18,,,1,70,,37025,18,,,1,30,,36994,18,,,1,70,,37007,18,,,1,30,,36997,18,,,1,70,,36992,18,,,1,30,,37009,18,,,1,70,,37016,18,,,1,30,,36988,18,,,1,70,,37024,18,,,1,30,,37027,18,,,1,70,,37014,18,,,1,30,,36995,18,,,1,70,,36983,18,,,1,30,,37004,18,,,1,70,,36991,18,,,1,30,,36996,18,,,1,70,,36986,18,,,1,30,,37022,18,,,1,70,,31991,18,,,1
33700,'11',713,,37041,18,,,1,30,,37056,18,,,1,70,,37049,18,,,1,30,,37061,18,,,1,70,,37029,18,,,1,30,,37051,18,,,1,70,,37075,18,,,1,30,,37042,18,,,1,70,,37057,18,,,1,30,,37046,18,,,1,70,,37040,18,,,1,30,,37059,18,,,1,70,,37066,18,,,1,30,,37036,18,,,1,70,,37074,18,,,1,30,,37077,18,,,1,70,,37064,18,,,1,30,,37043,18,,,1,70,,37030,18,,,1,30,,37053,18,,,1,70,,37039,18,,,1,30,,37044,18,,,1,70,,37034,18,,,1,30,,37072,18,,,1,70,,37033,18,,,1
33700,'12',643,,37100,18,,,1,70,,37111,18,,,1,30,,37082,18,,,1,70,,37089,18,,,1,30,,37103,18,,,1,70,,37090,18,,,1,30,,37116,18,,,1,70,,37087,18,,,1,30,,37104,18,,,1,70,,37097,18,,,1,30,,37079,18,,,1,70,,37088,18,,,1,30,,37109,18,,,1,70,,37124,18,,,1,30,,37094,18,,,1,70,,37095,18,,,1,30,,37122,18,,,1,70,,37102,18,,,1,30,,37119,18,,,1,70,,37113,18,,,1,30,,37099,18,,,1,70,,37101,18,,,1,30,,37117,18,,,1,70,,37114,18,,,1,30,,37080,18,,,1
33700,'13',643,,37145,18,,,1,70,,37154,18,,,1,30,,37132,18,,,1,70,,37136,18,,,1,30,,29323,18,,,1,70,,37137,18,,,1,30,,37156,18,,,1,70,,29041,18,,,1,30,,37147,18,,,1,70,,37142,18,,,1,30,,37129,18,,,1,70,,28682,18,,,1,30,,37152,18,,,1,70,,37163,18,,,1,30,,37140,18,,,1,70,,37141,18,,,1,30,,37161,18,,,1,70,,27428,18,,,1,30,,37159,18,,,1,70,,29162,18,,,1,30,,37144,18,,,1,70,,37146,18,,,1,30,,37157,18,,,1,70,,32600,18,,,1,30,,37130,18,,,1
33700,'14',1113,,37187,18,,,1,30,,37176,18,,,1,70,,37191,18,,,1,30,,37178,18,,,1,70,,37184,18,,,1,30,,37189,18,,,1,70,,37171,18,,,1,30,,37186,18,,,1,70,,37167,18,,,1,30,,37179,18,,,1,70,,37185,18,,,1,30,,37180,18,,,1,70,,37173,18,,,1,30,,37172,18,,,1,70,,37182,18,,,1
33700,'16',713,,37208,18,,,1,30,,37221,18,,,1,70,,37215,18,,,1,30,,37226,18,,,1,70,,37197,18,,,1,30,,37217,18,,,1,70,,37240,18,,,1,30,,37209,18,,,1,70,,37222,18,,,1,30,,37212,18,,,1,70,,37207,18,,,1,30,,37224,18,,,1,70,,37231,18,,,1,30,,37203,18,,,1,70,,37239,18,,,1,30,,37242,18,,,1,70,,37229,18,,,1,30,,37210,18,,,1,70,,37198,18,,,1,30,,37219,18,,,1,70,,37206,18,,,1,30,,37211,18,,,1,70,,37201,18,,,1,30,,37237,18,,,1,70,,32029,18,,,1
33700,'3',643,,37260,18,,,1,70,,37269,18,,,1,30,,37247,18,,,1,70,,37251,18,,,1,30,,29344,18,,,1,70,,37252,18,,,1,30,,37271,18,,,1,70,,29047,18,,,1,30,,37262,18,,,1,70,,37257,18,,,1,30,,37244,18,,,1,70,,28726,18,,,1,30,,37267,18,,,1,70,,37278,18,,,1,30,,37255,18,,,1,70,,37256,18,,,1,30,,37276,18,,,1,70,,27477,18,,,1,30,,37274,18,,,1,70,,29172,18,,,1,30,,37259,18,,,1,70,,37261,18,,,1,30,,37272,18,,,1,70,,32607,18,,,1,30,,37245,18,,,1
33700,'6',643,,37304,18,,,1,70,,37315,18,,,1,30,,37286,18,,,1,70,,37293,18,,,1,30,,37307,18,,,1,70,,37294,18,,,1,30,,37320,18,,,1,70,,37291,18,,,1,30,,37308,18,,,1,70,,37301,18,,,1,30,,37283,18,,,1,70,,37292,18,,,1,30,,37313,18,,,1,70,,37328,18,,,1,30,,37298,18,,,1,70,,37299,18,,,1,30,,37326,18,,,1,70,,37306,18,,,1,30,,37323,18,,,1,70,,37317,18,,,1,30,,37303,18,,,1,70,,37305,18,,,1,30,,37321,18,,,1,70,,37318,18,,,1,30,,37284,18,,,1
33700,'8',1143,,37337,18,,,1,70,,37340,18,,,1,30,,37352,18,,,1,70,,37343,18,,,1,30,,37344,18,,,1,70,,29852,18,,,1,30,,37359,18,,,1,70,,37333,18,,,1,30,,37346,18,,,1,70,,37348,18,,,1,30,,37358,18,,,1,70,,37354,18,,,1,30,,37355,18,,,1,70,,37334,18,,,1,30,,37335,18,,,1
43700,'1',1930,,41864,10,,,1,100,,41858,10,,,1,100,,41865,10,,,1,100,,41859,10,,,1,100,,41860,10,,,1
43700,'11',1930,,41874,10,,,1,100,,41867,10,,,1,100,,41875,10,,,1,100,,41868,10,,,1,100,,41869,10,,,1
43700,'12',1930,,41877,10,,,1,100,,41885,10,,,1,100,,41879,10,,,1,100,,41883,10,,,1,100,,41882,10,,,1
43700,'13',1930,,41887,10,,,1,100,,41894,10,,,1,100,,41889,10,,,1,100,,27816,10,,,1,100,,41892,10,,,1
43700,'16',1930,,41902,10,,,1,100,,41896,10,,,1,100,,41903,10,,,1,100,,41897,10,,,1,100,,41898,10,,,1
43700,'3',1930,,41905,10,,,1,100,,41912,10,,,1,100,,41907,10,,,1,100,,27839,10,,,1,100,,41910,10,,,1
43700,'6',1930,,41914,10,,,1,100,,41922,10,,,1,100,,41916,10,,,1,100,,41920,10,,,1,100,,41919,10,,,1
