30101,'1',633,,193,35,0,5 15,1,70,,200,35,0,5 15,1,30,,196,35,0,5 15,1,70,,238,35,0,5 15,1,30,,233,35,0,5 15,1,70,,226,35,0,5 15,1,30,,197,35,0,5 15,1,70,,208,35,0,5 15,1,30,,228,35,0,5 15,1,70,,203,35,0,5 15,1,30,,207,35,0,5 15,1,70,,192,35,0,5 15,1,30,,215,35,0,5 15,1,70,,206,35,0,5 15,1,30,,234,35,0,5 15,1,70,,211,35,0,5 15,1,30,,190,35,0,5 15,1,70,,213,35,0,5 15,1,30,,227,35,0,5 15,1,70,,219,35,0,5 15,1,30,,216,35,0,5 15,1,70,,204,35,0,5 15,1,30,,201,35,0,5 15,1,70,,236,35,0,5 15,1
30101,'10',633,,243,35,0,5 15,1,70,,250,35,0,5 15,1,30,,246,35,0,5 15,1,70,,288,35,0,5 15,1,30,,283,35,0,5 15,1,70,,276,35,0,5 15,1,30,,247,35,0,5 15,1,70,,258,35,0,5 15,1,30,,278,35,0,5 15,1,70,,253,35,0,5 15,1,30,,257,35,0,5 15,1,70,,242,35,0,5 15,1,30,,265,35,0,5 15,1,70,,256,35,0,5 15,1,30,,284,35,0,5 15,1,70,,261,35,0,5 15,1,30,,240,35,0,5 15,1,70,,263,35,0,5 15,1,30,,277,35,0,5 15,1,70,,269,35,0,5 15,1,30,,266,35,0,5 15,1,70,,254,35,0,5 15,1,30,,251,35,0,5 15,1,70,,286,35,0,5 15,1
30101,'11',633,,293,35,0,5 15,1,70,,300,35,0,5 15,1,30,,296,35,0,5 15,1,70,,338,35,0,5 15,1,30,,333,35,0,5 15,1,70,,326,35,0,5 15,1,30,,297,35,0,5 15,1,70,,308,35,0,5 15,1,30,,328,35,0,5 15,1,70,,303,35,0,5 15,1,30,,307,35,0,5 15,1,70,,292,35,0,5 15,1,30,,315,35,0,5 15,1,70,,306,35,0,5 15,1,30,,334,35,0,5 15,1,70,,311,35,0,5 15,1,30,,290,35,0,5 15,1,70,,313,35,0,5 15,1,30,,327,35,0,5 15,1,70,,319,35,0,5 15,1,30,,316,35,0,5 15,1,70,,304,35,0,5 15,1,30,,301,35,0,5 15,1,70,,336,35,0,5 15,1
30101,'3',633,,343,35,0,5 15,1,70,,350,35,0,5 15,1,30,,346,35,0,5 15,1,70,,388,35,0,5 15,1,30,,383,35,0,5 15,1,70,,376,35,0,5 15,1,30,,347,35,0,5 15,1,70,,358,35,0,5 15,1,30,,378,35,0,5 15,1,70,,353,35,0,5 15,1,30,,357,35,0,5 15,1,70,,342,35,0,5 15,1,30,,365,35,0,5 15,1,70,,356,35,0,5 15,1,30,,384,35,0,5 15,1,70,,361,35,0,5 15,1,30,,340,35,0,5 15,1,70,,363,35,0,5 15,1,30,,377,35,0,5 15,1,70,,369,35,0,5 15,1,30,,366,35,0,5 15,1,70,,354,35,0,5 15,1,30,,351,35,0,5 15,1,70,,386,35,0,5 15,1
40101,'1',1847,,5972,35,0,16,1,100,,5979,35,0,16,1,100,,5969,35,0,16,1,100,,5978,35,0,16,1,100,,5973,35,0,16,1,100,,5971,35,0,5,1
40101,'10',1847,,5983,35,0,16,1,100,,5990,35,0,16,1,100,,5980,35,0,16,1,100,,5989,35,0,16,1,100,,5984,35,0,16,1,100,,5982,35,0,5,1
40101,'11',1847,,5994,35,0,16,1,100,,6001,35,0,16,1,100,,5991,35,0,16,1,100,,6000,35,0,16,1,100,,5995,35,0,16,1,100,,5993,35,0,5,1
40101,'12',1047,,6013,35,0,16,1,100,,6010,35,0,16,1,100,,6012,35,0,16,1,100,,6005,35,0,16,1,100,,6004,35,0,16,1,100,,6015,35,0,16,1,100,,6009,35,0,16,1,100,,6002,35,0,5,1
40101,'14',647,,6023,35,0,16,1,70,,6042,35,0,16,1,30,,6033,35,0,16,1,70,,6040,35,0,16,1,30,,6061,35,0,16,1,70,,6064,35,0,16,1,30,,6068,35,0,16,1,70,,6058,35,0,16,1,30,,6044,35,0,16,1,70,,6053,35,0,16,1,30,,6047,35,0,16,1,70,,6043,35,0,16,1,30,,6024,35,0,16,1,70,,6038,35,0,16,1,30,,6065,35,0,16,1,70,,6062,35,0,16,1,30,,6036,35,0,16,1,70,,6059,35,0,16,1,30,,6073,35,0,16,1,70,,6022,35,0,16,1,30,,6028,35,0,16,1,70,,6032,35,0,16,1,30,,6069,35,0,16,1,70,,6031,35,0,16,1,30,,6074,35,0,16,1,100,,6071,35,0,16,1,100,,6054,35,0,16,1,100,,6050,35,0,16,1,100,,6018,35,0,16,1,100,,6025,35,0,5,1
40101,'3',1847,,6081,35,0,16,1,100,,6088,35,0,16,1,100,,6078,35,0,16,1,100,,6087,35,0,16,1,100,,6082,35,0,16,1,100,,6080,35,0,5,1
40101,'7',847,,6095,35,0,16,1,100,,6105,35,0,16,1,100,,6118,35,0,16,1,70,,6127,35,0,16,1,30,,6119,35,0,16,1,70,,6122,35,0,16,1,30,,6092,35,0,16,1,70,,6093,35,0,16,1,30,,6116,35,0,16,1,70,,6097,35,0,16,1,30,,6110,35,0,16,1,70,,6124,35,0,16,1,30,,6106,35,0,16,1,70,,6102,35,0,16,1,30,,6101,35,0,16,1,70,,6115,35,0,16,1,30,,6094,35,0,16,1,70,,6123,35,0,16,1,30,,6104,35,0,16,1,100,,6112,35,0,16,1
