30201,'12',627,,33215,16,0,24,1,30,,33224,16,0,24,1,70,,33225,16,0,24,1,30,,33230,16,0,24,1,70,,33218,16,0,24,1,30,,33235,16,0,24,1,70,,33219,16,0,24,1,30,,33229,16,0,24,1,71,,33231,16,0,24,1,30,,33237,16,0,24,1,70,,33216,16,0,24,1,30,,33217,16,0,24,1,70,,33232,16,0,24,1,30,,33226,16,0,24,1,70,,33223,16,0,24,1,30,,33227,16,0,24,1,73,,33228,16,0,24,1,78,,33221,16,0,24,1,30,,33220,16,0,24,1,70,,33234,16,0,24,1,30,,33233,16,0,24,1,70,,33238,16,0,24,1,30,,33222,16,0,24,1,70,,33236,16,0,24,1
30201,'13',627,,33239,16,0,24,1,30,,33248,16,0,24,1,70,,33249,16,0,24,1,30,,33254,16,0,24,1,70,,33242,16,0,24,1,30,,33258,16,0,24,1,70,,33243,16,0,24,1,30,,33253,16,0,24,1,71,,33255,16,0,24,1,30,,33260,16,0,24,1,70,,33240,16,0,24,1,30,,33241,16,0,24,1,70,,33256,16,0,24,1,30,,33250,16,0,24,1,70,,33247,16,0,24,1,30,,33251,16,0,24,1,73,,33252,16,0,24,1,78,,33245,16,0,24,1,30,,33244,16,0,24,1,70,,33257,16,0,24,1,30,,29290,16,0,24,1,70,,28820,16,0,24,1,30,,33246,16,0,24,1,70,,33259,16,0,24,1
30201,'3',627,,33261,16,0,24,1,30,,33270,16,0,24,1,70,,33271,16,0,24,1,30,,33276,16,0,24,1,70,,33264,16,0,24,1,30,,33280,16,0,24,1,70,,33265,16,0,24,1,30,,33275,16,0,24,1,71,,33277,16,0,24,1,30,,33282,16,0,24,1,70,,33262,16,0,24,1,30,,33263,16,0,24,1,70,,33278,16,0,24,1,30,,33272,16,0,24,1,70,,33269,16,0,24,1,30,,33273,16,0,24,1,73,,33274,16,0,24,1,78,,33267,16,0,24,1,30,,33266,16,0,24,1,70,,33279,16,0,24,1,30,,29309,16,0,24,1,70,,28843,16,0,24,1,30,,33268,16,0,24,1,70,,33281,16,0,24,1
30201,'6',627,,33283,16,0,24,1,30,,33292,16,0,24,1,70,,33293,16,0,24,1,30,,33298,16,0,24,1,70,,33286,16,0,24,1,30,,33303,16,0,24,1,70,,33287,16,0,24,1,30,,33297,16,0,24,1,71,,33299,16,0,24,1,30,,33305,16,0,24,1,70,,33284,16,0,24,1,30,,33285,16,0,24,1,70,,33300,16,0,24,1,30,,33294,16,0,24,1,70,,33291,16,0,24,1,30,,33295,16,0,24,1,73,,33296,16,0,24,1,78,,33289,16,0,24,1,30,,33288,16,0,24,1,70,,33302,16,0,24,1,30,,33301,16,0,24,1,70,,33306,16,0,24,1,30,,33290,16,0,24,1,70,,33304,16,0,24,1
40201,'1',654,,38428,16,0,24,1,70,,38425,16,0,24,1,30,,38426,16,0,24,1,70,,38427,16,0,24,1,30,,38437,16,0,24,1,70,,38432,16,0,24,1,30,,38441,16,0,24,1,70,,38423,16,0,24,1,30,,38430,16,0,24,1,70,,38436,16,0,24,1,30,,38419,16,0,24,1,70,,38433,16,0,24,1,30,,38438,16,0,24,1,70,,31028,16,0,24,1,30,,38418,16,0,24,1,70,,38415,16,0,24,1,30,,38424,16,0,24,1,70,,38431,16,0,24,1,30,,38435,16,0,24,1,70,,38421,16,0,24,1,30,,31249,16,0,24,1,70,,38417,16,0,24,1,30,,38422,16,0,24,1,70,,38442,16,0,24,1,30,,38434,16,0,24,1,100,,38429,16,0,24,1,100,,38440,16,0,24,1,100,,38420,16,0,24,1,100,,38439,16,0,24,1,100,,38416,16,0,24,1
40201,'11',654,,38459,16,0,24,1,70,,38456,16,0,24,1,30,,38457,16,0,24,1,70,,38458,16,0,24,1,30,,38454,16,0,24,1,70,,38463,16,0,24,1,30,,38471,16,0,24,1,70,,38453,16,0,24,1,30,,38461,16,0,24,1,70,,38467,16,0,24,1,30,,38449,16,0,24,1,70,,38464,16,0,24,1,30,,38468,16,0,24,1,70,,38443,16,0,24,1,30,,38448,16,0,24,1,70,,38444,16,0,24,1,30,,38455,16,0,24,1,70,,38462,16,0,24,1,30,,38466,16,0,24,1,70,,38451,16,0,24,1,30,,38446,16,0,24,1,70,,38447,16,0,24,1,30,,38452,16,0,24,1,70,,38472,16,0,24,1,30,,38465,16,0,24,1,100,,38460,16,0,24,1,100,,38470,16,0,24,1,100,,38450,16,0,24,1,100,,38469,16,0,24,1,100,,38445,16,0,24,1
40201,'12',1854,,38476,16,0,24,1,100,,38473,16,0,24,1,100,,38474,16,0,24,1,100,,38478,16,0,24,1,100,,38475,16,0,24,1,100,,38477,16,0,24,1
40201,'13',1854,,38482,16,0,24,1,100,,38479,16,0,24,1,100,,38480,16,0,24,1,100,,38484,16,0,24,1,100,,38481,16,0,24,1,100,,38483,16,0,24,1
40201,'14',1154,,38488,16,0,24,1,100,,29737,16,0,24,1,100,,38487,16,0,24,1,100,,38486,16,0,24,1,100,,38490,16,0,24,1,100,,38485,16,0,24,1,100,,38489,16,0,24,1
40201,'16',654,,38504,16,0,24,1,70,,38501,16,0,24,1,30,,38502,16,0,24,1,70,,38503,16,0,24,1,30,,38513,16,0,24,1,70,,38508,16,0,24,1,30,,38517,16,0,24,1,70,,38499,16,0,24,1,30,,38506,16,0,24,1,70,,38512,16,0,24,1,30,,38495,16,0,24,1,70,,38509,16,0,24,1,30,,38514,16,0,24,1,70,,31065,16,0,24,1,30,,38494,16,0,24,1,70,,38491,16,0,24,1,30,,38500,16,0,24,1,70,,38507,16,0,24,1,30,,38511,16,0,24,1,70,,38497,16,0,24,1,30,,31288,16,0,24,1,70,,38493,16,0,24,1,30,,38498,16,0,24,1,70,,38518,16,0,24,1,30,,38510,16,0,24,1,100,,38505,16,0,24,1,100,,38516,16,0,24,1,100,,38496,16,0,24,1,100,,38515,16,0,24,1,100,,38492,16,0,24,1
40201,'3',1854,,38522,16,0,24,1,100,,38519,16,0,24,1,100,,38520,16,0,24,1,100,,38524,16,0,24,1,100,,38521,16,0,24,1,100,,38523,16,0,24,1
40201,'6',1854,,38528,16,0,24,1,100,,38525,16,0,24,1,100,,38526,16,0,24,1,100,,38530,16,0,24,1,100,,38527,16,0,24,1,100,,38529,16,0,24,1
40201,'8',954,,38533,16,0,24,1,100,,38534,16,0,24,1,70,,38536,16,0,24,1,30,,25796,16,0,24,1,70,,38545,16,0,24,1,30,,38542,16,0,24,1,70,,38540,16,0,24,1,30,,38539,16,0,24,1,70,,38547,16,0,24,1,30,,38532,16,0,24,1,70,,38544,16,0,24,1,30,,38543,16,0,24,1,70,,38535,16,0,24,1,30,,38538,16,0,24,1,70,,38531,16,0,24,1,30,,38548,16,0,24,1,70,,38541,16,0,24,1,30,,38546,16,0,24,1,100,,38537,16,0,24,1
