30500,'1',617,,971,5,0,58,1,30,,966,5,0,58,1,70,,964,5,0,58,1,30,,974,5,0,58,1,70,,981,5,0,58,1,30,,978,5,0,58,1,70,,961,5,0,58,1,30,,977,5,0,58,1,70,,970,5,0,58,1,30,,969,5,0,58,1,70,,976,5,0,58,1,30,,982,5,0,58,1,70,,972,5,0,58,1,30,,965,5,0,58,1,70,,962,5,0,58,1,30,,967,5,0,58,1,70,,980,5,0,58,1,30,,983,5,0,58,1,70,,979,5,0,58,1,30,,963,5,0,58,1,70,,975,5,0,58,1,30,,973,5,0,58,1,70,,968,5,0,58,1
30500,'10',617,,995,5,0,58,1,30,,990,5,0,58,1,70,,988,5,0,58,1,30,,998,5,0,58,1,70,,1005,5,0,58,1,30,,1002,5,0,58,1,70,,985,5,0,58,1,30,,1001,5,0,58,1,70,,994,5,0,58,1,30,,993,5,0,58,1,70,,1000,5,0,58,1,30,,1006,5,0,58,1,70,,996,5,0,58,1,30,,989,5,0,58,1,70,,986,5,0,58,1,30,,991,5,0,58,1,70,,1004,5,0,58,1,30,,1007,5,0,58,1,70,,1003,5,0,58,1,30,,987,5,0,58,1,70,,999,5,0,58,1,30,,997,5,0,58,1,70,,992,5,0,58,1
30500,'11',617,,1019,5,0,58,1,30,,1014,5,0,58,1,70,,1012,5,0,58,1,30,,1022,5,0,58,1,70,,1029,5,0,58,1,30,,1026,5,0,58,1,70,,1009,5,0,58,1,30,,1025,5,0,58,1,70,,1017,5,0,58,1,30,,1018,5,0,58,1,70,,1024,5,0,58,1,30,,1030,5,0,58,1,70,,1020,5,0,58,1,30,,1013,5,0,58,1,70,,1010,5,0,58,1,30,,1015,5,0,58,1,70,,1028,5,0,58,1,30,,1031,5,0,58,1,70,,1027,5,0,58,1,30,,1011,5,0,58,1,70,,1023,5,0,58,1,30,,1021,5,0,58,1,70,,1016,5,0,58,1
30500,'3',617,,1043,5,0,58,1,30,,1038,5,0,58,1,70,,1036,5,0,58,1,30,,1046,5,0,58,1,70,,1053,5,0,58,1,30,,1050,5,0,58,1,70,,1033,5,0,58,1,30,,1049,5,0,58,1,70,,1041,5,0,58,1,30,,1042,5,0,58,1,70,,1048,5,0,58,1,30,,1054,5,0,58,1,70,,1044,5,0,58,1,30,,1037,5,0,58,1,70,,1034,5,0,58,1,30,,1039,5,0,58,1,70,,1052,5,0,58,1,30,,1055,5,0,58,1,70,,1051,5,0,58,1,30,,1035,5,0,58,1,70,,1047,5,0,58,1,30,,1045,5,0,58,1,70,,1040,5,0,58,1
41200,'1',1816,,7037,5,0,23,1,100,,7035,5,0,23,1,100,,7034,5,0,23,1,100,,7036,5,0,23,1,100,,7038,5,0,23,1,100,,7033,5,0,23,1
41200,'10',1816,,7043,5,0,23,1,100,,7041,5,0,23,1,100,,7040,5,0,23,1,100,,7042,5,0,23,1,100,,7044,5,0,23,1,100,,7039,5,0,23,1
41200,'11',1816,,7049,5,0,23,1,100,,7047,5,0,23,1,100,,7046,5,0,23,1,100,,7048,5,0,23,1,100,,7050,5,0,23,1,100,,7045,5,0,23,1
41200,'12',1117,,7051,5,0,23,1,100,,7056,5,0,23,1,100,,7054,5,0,23,1,99,,7052,5,0,23,1,100,,7057,5,0,23,1,100,,7053,5,0,23,1,100,,7055,5,0,23,1
41200,'14',616,,7082,5,0,23,1,30,,7078,5,0,23,1,70,,7071,5,0,23,1,30,,7061,5,0,23,1,70,,7072,5,0,23,1,30,,7064,5,0,23,1,70,,7065,5,0,23,1,30,,7063,5,0,23,1,71,,7081,5,0,23,1,30,,7059,5,0,23,1,70,,7075,5,0,23,1,30,,7062,5,0,23,1,70,,7086,5,0,23,1,30,,7079,5,0,23,1,70,,7067,5,0,23,1,30,,7066,5,0,23,1,69,,7084,5,0,23,1,30,,7085,5,0,23,1,70,,7070,5,0,23,1,30,,7083,5,0,23,1,70,,7076,5,0,23,1,30,,7073,5,0,23,1,70,,7068,5,0,23,1,30,,7060,5,0,23,1,70,,7087,5,0,23,1,100,,7077,5,0,23,1,100,,7074,5,0,23,1,100,,7058,5,0,23,1,100,,7069,5,0,23,1,100,,7080,5,0,23,1
41200,'3',1816,,7092,5,0,23,1,100,,7090,5,0,23,1,100,,7089,5,0,23,1,100,,7091,5,0,23,1,100,,7093,5,0,23,1,100,,7088,5,0,23,1
41200,'7',916,,7094,5,0,23,1,101,,7102,5,0,23,1,30,,7105,5,0,23,1,70,,7108,5,0,23,1,30,,7095,5,0,23,1,70,,7098,5,0,23,1,30,,7104,5,0,23,1,70,,7103,5,0,23,1,30,,7107,5,0,23,1,69,,7109,5,0,23,1,30,,7101,5,0,23,1,70,,7106,5,0,23,1,30,,7096,5,0,23,1,70,,7112,5,0,23,1,30,,7097,5,0,23,1,70,,7100,5,0,23,1,30,,7110,5,0,23,1,70,,7111,5,0,23,1,100,,7099,5,0,23,1
