30100,'1',611,,16,20,0,5 6,1,30,,28,20,0,5 6,1,70,,31,20,0,5 6,1,30,,26,20,0,5 6,1,70,,43,20,0,5 6,1,30,,15,20,0,5 6,1,70,,10,20,0,5 6,1,30,,2,20,0,5 6,1,70,,46,20,0,5 6,1,30,,11,20,0,5 6,1,70,,27,20,0,5 6,1,30,,7,20,0,5 6,1,70,,18,20,0,5 6,1,30,,38,20,0,5 6,1,70,,17,20,0,5 6,1,30,,12,20,0,5 6,1,70,,36,20,0,5 6,1,30,,6,20,0,5 6,1,70,,33,20,0,5 6,1,30,,19,20,0,5 6,1,70,,1,20,0,5 6,1,30,,24,20,0,5 6,1,70,,21,20,0,5 6,1,30,,37,20,0,5 6,1
30100,'10',611,,63,20,0,5 6,1,30,,75,20,0,5 6,1,70,,78,20,0,5 6,1,30,,73,20,0,5 6,1,70,,90,20,0,5 6,1,30,,62,20,0,5 6,1,70,,57,20,0,5 6,1,30,,49,20,0,5 6,1,70,,93,20,0,5 6,1,30,,58,20,0,5 6,1,70,,74,20,0,5 6,1,30,,54,20,0,5 6,1,70,,65,20,0,5 6,1,30,,85,20,0,5 6,1,70,,64,20,0,5 6,1,30,,59,20,0,5 6,1,70,,83,20,0,5 6,1,30,,53,20,0,5 6,1,70,,80,20,0,5 6,1,30,,66,20,0,5 6,1,70,,48,20,0,5 6,1,30,,71,20,0,5 6,1,70,,68,20,0,5 6,1,30,,84,20,0,5 6,1
30100,'11',611,,110,20,0,5 6,1,30,,122,20,0,5 6,1,70,,125,20,0,5 6,1,30,,120,20,0,5 6,1,70,,137,20,0,5 6,1,30,,109,20,0,5 6,1,70,,104,20,0,5 6,1,30,,96,20,0,5 6,1,70,,140,20,0,5 6,1,30,,105,20,0,5 6,1,70,,121,20,0,5 6,1,30,,101,20,0,5 6,1,70,,112,20,0,5 6,1,30,,132,20,0,5 6,1,70,,111,20,0,5 6,1,30,,106,20,0,5 6,1,70,,130,20,0,5 6,1,30,,100,20,0,5 6,1,70,,127,20,0,5 6,1,30,,113,20,0,5 6,1,70,,95,20,0,5 6,1,30,,118,20,0,5 6,1,70,,115,20,0,5 6,1,30,,131,20,0,5 6,1
30100,'3',611,,157,20,0,5 6,1,30,,169,20,0,5 6,1,70,,172,20,0,5 6,1,30,,167,20,0,5 6,1,70,,184,20,0,5 6,1,30,,156,20,0,5 6,1,70,,151,20,0,5 6,1,30,,143,20,0,5 6,1,70,,187,20,0,5 6,1,30,,152,20,0,5 6,1,70,,168,20,0,5 6,1,30,,148,20,0,5 6,1,70,,159,20,0,5 6,1,30,,179,20,0,5 6,1,70,,158,20,0,5 6,1,30,,153,20,0,5 6,1,70,,177,20,0,5 6,1,30,,147,20,0,5 6,1,70,,174,20,0,5 6,1,30,,160,20,0,5 6,1,70,,142,20,0,5 6,1,30,,165,20,0,5 6,1,70,,162,20,0,5 6,1,30,,178,20,0,5 6,1
40100,'1',1805,,5800,20,0,8,1,100,,5797,20,0,8,1,100,,5804,20,0,8,1,100,,5809,20,0,8,1,100,,5803,20,0,8,1,100,,5802,20,0,8,1,100,,5798,20,0,8,1
40100,'10',1805,,5814,20,0,8,1,100,,5811,20,0,8,1,100,,5818,20,0,8,1,100,,5823,20,0,8,1,100,,5817,20,0,8,1,100,,5816,20,0,8,1,100,,5812,20,0,8,1
40100,'11',1805,,5828,20,0,8,1,100,,5825,20,0,8,1,100,,5832,20,0,8,1,100,,5837,20,0,8,1,100,,5831,20,0,8,1,100,,5830,20,0,8,1,100,,5826,20,0,8,1
40100,'12',1105,,5842,20,0,8,1,100,,5854,20,0,8,1,100,,5850,20,0,8,1,100,,5839,20,0,8,1,100,,5840,20,0,8,1,100,,5845,20,0,8,1,100,,5848,20,0,8,1,100,,5843,20,0,8,1
40100,'14',635,,5907,20,0,8,1,70,,5862,20,0,8,1,30,,5901,20,0,8,1,70,,5909,20,0,8,1,30,,5905,20,0,8,1,70,,5913,20,0,8,1,30,,5863,20,0,8,1,70,,5869,20,0,8,1,30,,5865,20,0,8,1,70,,5895,20,0,8,1,30,,5896,20,0,8,1,70,,5856,20,0,8,1,30,,5908,20,0,8,1,70,,5885,20,0,8,1,30,,5875,20,0,8,1,70,,5910,20,0,8,1,30,,5891,20,0,8,1,70,,5898,20,0,8,1,30,,5897,20,0,8,1,70,,5881,20,0,8,1,30,,5870,20,0,8,1,70,,5886,20,0,8,1,30,,5902,20,0,8,1,70,,5914,20,0,8,1,100,,5912,20,0,8,1,100,,5872,20,0,8,1,100,,5889,20,0,8,1,100,,5903,20,0,8,1,100,,5880,20,0,8,1,100,,5911,20,0,8,1
40100,'3',1805,,5918,20,0,8,1,100,,5915,20,0,8,1,100,,5922,20,0,8,1,100,,5927,20,0,8,1,100,,5921,20,0,8,1,100,,5920,20,0,8,1,100,,5916,20,0,8,1
40100,'7',905,,5944,20,0,8,1,100,,5966,20,0,8,1,30,,5968,20,0,8,1,70,,5930,20,0,8,1,30,,5945,20,0,8,1,70,,5947,20,0,8,1,30,,5961,20,0,8,1,70,,5936,20,0,8,1,30,,5955,20,0,8,1,70,,5935,20,0,8,1,30,,5957,20,0,8,1,70,,5931,20,0,8,1,30,,5965,20,0,8,1,70,,5967,20,0,8,1,30,,5964,20,0,8,1,70,,5959,20,0,8,1,30,,5954,20,0,8,1,70,,5953,20,0,8,1,100,,5942,20,0,8,1,100,,5948,20,0,8,1
