31201,'12',639,,35035,12,,,1,72,,35034,12,,,1,30,,35040,12,,,1,70,,35024,12,,,1,30,,35044,12,,,1,70,,35039,12,,,1,30,,35042,12,,,1,70,,35038,12,,,1,30,,35032,12,,,1,70,,35041,12,,,1,30,,35037,12,,,1,70,,35043,12,,,1,30,,35025,12,,,1,70,,35036,12,,,1,30,,35028,12,,,1,68,,35045,12,,,1,41,,35027,12,,,1,70,,35030,12,,,1,30,,35031,12,,,1,70,,35026,12,,,1,30,,35023,12,,,1,70,,35029,12,,,1,30,,35033,12,,,1
31201,'13',639,,29247,12,,,1,72,,35056,12,,,1,30,,29475,12,,,1,70,,35047,12,,,1,30,,35064,12,,,1,70,,35060,12,,,1,30,,35062,12,,,1,70,,35059,12,,,1,30,,35054,12,,,1,70,,35061,12,,,1,30,,35058,12,,,1,70,,35063,12,,,1,30,,35048,12,,,1,70,,35057,12,,,1,30,,35051,12,,,1,68,,35065,12,,,1,41,,35050,12,,,1,70,,35052,12,,,1,30,,35053,12,,,1,70,,35049,12,,,1,30,,35046,12,,,1,70,,24711,12,,,1,30,,35055,12,,,1
31201,'3',639,,29266,12,,,1,72,,35076,12,,,1,30,,29596,12,,,1,70,,35067,12,,,1,30,,35084,12,,,1,70,,35080,12,,,1,30,,35082,12,,,1,70,,35079,12,,,1,30,,35074,12,,,1,70,,35081,12,,,1,30,,35078,12,,,1,70,,35083,12,,,1,30,,35068,12,,,1,70,,35077,12,,,1,30,,35071,12,,,1,68,,35085,12,,,1,41,,35070,12,,,1,70,,35072,12,,,1,30,,35073,12,,,1,70,,35069,12,,,1,30,,35066,12,,,1,70,,24815,12,,,1,30,,35075,12,,,1
31201,'6',639,,35098,12,,,1,72,,35097,12,,,1,30,,35103,12,,,1,70,,35087,12,,,1,30,,35107,12,,,1,70,,35102,12,,,1,30,,35105,12,,,1,70,,35101,12,,,1,30,,35095,12,,,1,70,,35104,12,,,1,30,,35100,12,,,1,70,,35106,12,,,1,30,,35088,12,,,1,70,,35099,12,,,1,30,,35091,12,,,1,68,,35108,12,,,1,41,,35090,12,,,1,70,,35093,12,,,1,30,,35094,12,,,1,70,,35089,12,,,1,30,,35086,12,,,1,70,,35092,12,,,1,30,,35096,12,,,1
41201,'1',615,,39929,12,0,68,1,30,,39924,12,0,68,1,70,,39914,12,0,68,1,30,,39933,12,0,68,1,70,,39918,12,0,68,1,30,,31492,12,0,68,1,70,,39913,12,0,68,1,30,,39928,12,0,68,1,70,,39930,12,0,68,1,30,,39916,12,0,68,1,70,,39919,12,0,68,1,30,,39931,12,0,68,1,70,,39920,12,0,68,1,30,,39922,12,0,68,1,70,,39939,12,0,68,1,30,,39923,12,0,68,1,70,,39921,12,0,68,1,30,,39937,12,0,68,1,70,,39926,12,0,68,1,30,,39912,12,0,68,1,70,,39936,12,0,68,1,30,,39935,12,0,68,1,70,,39938,12,0,68,1,30,,39932,12,0,68,1,70,,39925,12,0,68,1,100,,39927,12,0,68,1,100,,31591,12,0,68,1,100,,39917,12,0,68,1,100,,39934,12,0,68,1,100,,39915,12,0,68,1
41201,'11',615,,39959,12,0,68,1,30,,39953,12,0,68,1,70,,39942,12,0,68,1,30,,39963,12,0,68,1,70,,39947,12,0,68,1,30,,39943,12,0,68,1,70,,39941,12,0,68,1,30,,39958,12,0,68,1,70,,39960,12,0,68,1,30,,39945,12,0,68,1,70,,39948,12,0,68,1,30,,39961,12,0,68,1,70,,39949,12,0,68,1,30,,39951,12,0,68,1,70,,39969,12,0,68,1,30,,39952,12,0,68,1,70,,39950,12,0,68,1,30,,39967,12,0,68,1,70,,39955,12,0,68,1,30,,39940,12,0,68,1,70,,39966,12,0,68,1,30,,39965,12,0,68,1,70,,39968,12,0,68,1,30,,39962,12,0,68,1,70,,39954,12,0,68,1,100,,39957,12,0,68,1,100,,39956,12,0,68,1,100,,39946,12,0,68,1,100,,39964,12,0,68,1,100,,39944,12,0,68,1
41201,'12',1815,,39971,12,0,68,1,100,,39972,12,0,68,1,100,,39975,12,0,68,1,100,,39973,12,0,68,1,100,,39970,12,0,68,1,100,,39974,12,0,68,1
41201,'13',1815,,24112,12,0,68,1,100,,27610,12,0,68,1,100,,39979,12,0,68,1,100,,39977,12,0,68,1,100,,39976,12,0,68,1,100,,39978,12,0,68,1
41201,'14',1115,,39986,12,0,68,1,100,,39987,12,0,68,1,100,,39984,12,0,68,1,100,,39982,12,0,68,1,100,,39981,12,0,68,1,100,,39985,12,0,68,1,100,,39980,12,0,68,1,100,,39983,12,0,69 29,1
41201,'16',615,,40005,12,0,68,1,30,,40000,12,0,68,1,70,,39990,12,0,68,1,30,,40009,12,0,68,1,70,,39994,12,0,68,1,30,,31532,12,0,68,1,70,,39989,12,0,68,1,30,,40004,12,0,68,1,70,,40006,12,0,68,1,30,,39992,12,0,68,1,70,,39995,12,0,68,1,30,,40007,12,0,68,1,70,,39996,12,0,68,1,30,,39998,12,0,68,1,70,,40015,12,0,68,1,30,,39999,12,0,68,1,70,,39997,12,0,68,1,30,,40013,12,0,68,1,70,,40002,12,0,68,1,30,,39988,12,0,68,1,70,,40012,12,0,68,1,30,,40011,12,0,68,1,70,,40014,12,0,68,1,30,,40008,12,0,68,1,70,,40001,12,0,68,1,100,,40003,12,0,68,1,100,,31627,12,0,68,1,100,,39993,12,0,68,1,100,,40010,12,0,68,1,100,,39991,12,0,68,1
41201,'3',1815,,24124,12,0,68,1,100,,27633,12,0,68,1,100,,40019,12,0,68,1,100,,40017,12,0,68,1,100,,40016,12,0,68,1,100,,40018,12,0,68,1
41201,'6',1815,,40021,12,0,68,1,100,,40022,12,0,68,1,100,,40025,12,0,68,1,100,,40023,12,0,68,1,100,,40020,12,0,68,1,100,,40024,12,0,68,1
41201,'8',915,,40044,12,0,68,1,100,,40026,12,0,68,1,30,,40034,12,0,68,1,70,,40029,12,0,68,1,30,,40038,12,0,68,1,70,,40031,12,0,68,1,30,,40039,12,0,68,1,70,,40028,12,0,68,1,30,,40037,12,0,68,1,70,,30497,12,0,68,1,30,,40036,12,0,68,1,70,,40027,12,0,68,1,30,,40035,12,0,68,1,70,,40030,12,0,68,1,30,,40041,12,0,68,1,70,,40033,12,0,68,1,30,,40032,12,0,68,1,70,,40040,12,0,68,1,100,,40042,12,0,68,1,100,,40043,12,0,68,1
