33701,'1',1049,,16365,24,,,1,70,,16353,24,,,1,30,,16370,24,,,1,70,,16369,24,,,1,30,,16367,24,,,1,70,,16352,24,,,1,30,,16355,24,,,1,70,,1922,24,,,1,30,,676,24,,,1,70,,16351,24,,,1,30,,16366,24,,,1,70,,16371,24,,,1,30,,16354,24,,,1,70,,16364,24,,,1,30,,2019,24,,,1
33701,'10',648,,16419,24,,,1,70,,16385,24,,,1,30,,16424,24,,,1,70,,16396,24,,,1,30,,16405,24,,,1,70,,16421,24,,,1,30,,16400,24,,,1,71,,16401,24,,,1,30,,16379,24,,,1,70,,16387,24,,,1,30,,16382,24,,,1,70,,16412,24,,,1,30,,16403,24,,,1,70,,16414,24,,,1,30,,16406,24,,,1,70,,16376,24,,,1,30,,16397,24,,,1,70,,16417,24,,,1,30,,16416,24,,,1,70,,16391,24,,,1,30,,16413,24,,,1,70,,16404,24,,,1,30,,16398,24,,,1,70,,16407,24,,,1,30,,16422,24,,,1
33701,'12',1119,,16438,24,,,1,30,,16449,24,,,1,70,,5940,24,,,1,30,,16429,24,,,1,70,,16444,24,,,1,30,,16450,24,,,1,70,,16445,24,,,1,30,,16441,24,,,1,70,,16426,24,,,1,30,,16447,24,,,1,70,,16433,24,,,1,30,,16452,24,,,1,70,,16448,24,,,1,30,,16436,24,,,1,70,,6367,24,,,1
33701,'15',628,,16458,24,,,1,30,,16453,24,,,1,70,,16499,24,,,1,30,,16473,24,,,1,70,,16461,24,,,1,30,,16465,24,,,1,70,,16489,24,,,1,30,,16480,24,,,1,71,,16494,24,,,1,30,,16490,24,,,1,70,,16483,24,,,1,30,,16460,24,,,1,70,,16486,24,,,1,30,,16471,24,,,1,70,,16497,24,,,1,30,,16498,24,,,1,70,,16475,24,,,1,30,,16462,24,,,1,70,,16493,24,,,1,30,,16495,24,,,1,70,,16468,24,,,1,30,,16456,24,,,1,70,,16482,24,,,1,30,,16481,24,,,1,70,,16478,24,,,1
33701,'16',628,,16507,24,,,1,30,,16503,24,,,1,70,,16541,24,,,1,30,,16521,24,,,1,70,,16510,24,,,1,30,,16513,24,,,1,70,,16534,24,,,1,30,,16527,24,,,1,71,,7523,24,,,1,30,,3360,24,,,1,70,,16529,24,,,1,30,,16509,24,,,1,70,,4836,24,,,1,30,,16519,24,,,1,70,,16539,24,,,1,30,,16540,24,,,1,70,,3451,24,,,1,30,,16511,24,,,1,70,,7809,24,,,1,30,,16537,24,,,1,70,,16516,24,,,1,30,,16505,24,,,1,70,,5268,24,,,1,30,,16528,24,,,1,70,,16525,24,,,1
33701,'17',628,,16549,24,,,1,30,,16545,24,,,1,70,,16581,24,,,1,30,,16563,24,,,1,70,,16552,24,,,1,30,,16555,24,,,1,70,,16574,24,,,1,30,,16569,24,,,1,71,,7542,24,,,1,30,,3384,24,,,1,70,,16570,24,,,1,30,,16551,24,,,1,70,,4859,24,,,1,30,,16561,24,,,1,70,,16579,24,,,1,30,,16580,24,,,1,70,,3475,24,,,1,30,,16553,24,,,1,70,,7815,24,,,1,30,,16577,24,,,1,70,,16558,24,,,1,30,,16547,24,,,1,70,,5318,24,,,1,30,,1891,24,,,1,70,,16567,24,,,1
33701,'19',628,,16590,24,,,1,30,,16585,24,,,1,70,,16629,24,,,1,30,,16605,24,,,1,70,,16593,24,,,1,30,,16597,24,,,1,70,,16619,24,,,1,30,,16612,24,,,1,71,,16624,24,,,1,30,,16620,24,,,1,70,,16615,24,,,1,30,,16592,24,,,1,70,,16618,24,,,1,30,,16603,24,,,1,70,,16627,24,,,1,30,,16628,24,,,1,70,,16607,24,,,1,30,,16594,24,,,1,70,,16623,24,,,1,30,,16625,24,,,1,70,,16600,24,,,1,30,,16588,24,,,1,70,,16614,24,,,1,30,,16613,24,,,1,70,,16610,24,,,1
33701,'21',648,,16669,24,,,1,70,,16642,24,,,1,30,,16674,24,,,1,70,,16650,24,,,1,30,,16658,24,,,1,70,,16671,24,,,1,30,,16653,24,,,1,71,,16654,24,,,1,30,,16636,24,,,1,70,,16644,24,,,1,30,,16639,24,,,1,70,,7853,24,,,1,30,,16656,24,,,1,70,,16664,24,,,1,30,,16659,24,,,1,70,,16633,24,,,1,30,,16651,24,,,1,70,,16667,24,,,1,30,,16666,24,,,1,70,,6402,24,,,1,30,,16663,24,,,1,70,,16657,24,,,1,30,,7681,24,,,1,70,,16660,24,,,1,30,,16672,24,,,1
33701,'5',628,,16679,24,,,1,30,,16676,24,,,1,70,,16711,24,,,1,30,,16693,24,,,1,70,,16682,24,,,1,30,,16685,24,,,1,70,,16704,24,,,1,30,,16699,24,,,1,71,,7612,24,,,1,30,,3408,24,,,1,70,,16700,24,,,1,30,,16681,24,,,1,70,,4882,24,,,1,30,,16691,24,,,1,70,,16709,24,,,1,30,,16710,24,,,1,70,,3499,24,,,1,30,,16683,24,,,1,70,,7859,24,,,1,30,,16707,24,,,1,70,,16688,24,,,1,30,,16678,24,,,1,70,,5448,24,,,1,30,,1916,24,,,1,70,,16697,24,,,1
33701,'6',628,,16720,24,,,1,30,,16715,24,,,1,70,,16761,24,,,1,30,,16735,24,,,1,70,,16723,24,,,1,30,,16727,24,,,1,70,,16751,24,,,1,30,,16742,24,,,1,71,,16756,24,,,1,30,,16752,24,,,1,70,,16745,24,,,1,30,,16722,24,,,1,70,,16748,24,,,1,30,,16733,24,,,1,70,,16759,24,,,1,30,,16760,24,,,1,70,,16737,24,,,1,30,,16724,24,,,1,70,,16755,24,,,1,30,,16757,24,,,1,70,,16730,24,,,1,30,,16718,24,,,1,70,,16744,24,,,1,30,,16743,24,,,1,70,,16740,24,,,1
