31701,'1',622,,3422,23,0,62,1,30,,3431,23,0,62,1,70,,3419,23,0,62,1,30,,3427,23,0,62,1,70,,3412,23,0,62,1,30,,3415,23,0,62,1,70,,3434,23,0,62,1,30,,3423,23,0,62,1,70,,3418,23,0,62,1,30,,3432,23,0,62,1,70,,3413,23,0,62,1,30,,3420,23,0,62,1,70,,3417,23,0,62,1,30,,3424,23,0,62,1,70,,3429,23,0,62,1,30,,3421,23,0,62,1,71,,3426,23,0,62,1,30,,3411,23,0,62,1,70,,3425,23,0,62,1,30,,3430,23,0,62,1,70,,3414,23,0,62,1,30,,3433,23,0,62,1,70,,3416,23,0,62,1,30,,3428,23,0,62,1
31701,'10',622,,3446,23,0,62,1,30,,3455,23,0,62,1,70,,3443,23,0,62,1,30,,3451,23,0,62,1,70,,3436,23,0,62,1,30,,3439,23,0,62,1,70,,3458,23,0,62,1,30,,3447,23,0,62,1,70,,3442,23,0,62,1,30,,3456,23,0,62,1,70,,3437,23,0,62,1,30,,3444,23,0,62,1,70,,3441,23,0,62,1,30,,3448,23,0,62,1,70,,3453,23,0,62,1,30,,3445,23,0,62,1,71,,3450,23,0,62,1,30,,3435,23,0,62,1,70,,3449,23,0,62,1,30,,3454,23,0,62,1,70,,3438,23,0,62,1,30,,3457,23,0,62,1,70,,3440,23,0,62,1,30,,3452,23,0,62,1
31701,'11',622,,3470,23,0,62,1,30,,3479,23,0,62,1,70,,3467,23,0,62,1,30,,3475,23,0,62,1,70,,3460,23,0,62,1,30,,3463,23,0,62,1,70,,3482,23,0,62,1,30,,3471,23,0,62,1,70,,3466,23,0,62,1,30,,3480,23,0,62,1,70,,3461,23,0,62,1,30,,3468,23,0,62,1,70,,3465,23,0,62,1,30,,3472,23,0,62,1,70,,3477,23,0,62,1,30,,3469,23,0,62,1,71,,3474,23,0,62,1,30,,3459,23,0,62,1,70,,3473,23,0,62,1,30,,3478,23,0,62,1,70,,3462,23,0,62,1,30,,3481,23,0,62,1,70,,3464,23,0,62,1,30,,3476,23,0,62,1
31701,'3',622,,3494,23,0,62,1,30,,3503,23,0,62,1,70,,3491,23,0,62,1,30,,3499,23,0,62,1,70,,3484,23,0,62,1,30,,3487,23,0,62,1,70,,3506,23,0,62,1,30,,3495,23,0,62,1,70,,3490,23,0,62,1,30,,3504,23,0,62,1,70,,3485,23,0,62,1,30,,3492,23,0,62,1,70,,3489,23,0,62,1,30,,3496,23,0,62,1,70,,3501,23,0,62,1,30,,3493,23,0,62,1,71,,3498,23,0,62,1,30,,3483,23,0,62,1,70,,3497,23,0,62,1,30,,3502,23,0,62,1,70,,3486,23,0,62,1,30,,3505,23,0,62,1,70,,3488,23,0,62,1,30,,3500,23,0,62,1
41701,'1',1827,,7718,17,0,62,1,99,,7722,17,0,62,1,100,,7721,17,0,62,1,100,,7723,17,0,62,1,100,,7720,17,0,62,1,100,,7719,17,0,62,1
41701,'10',1827,,7724,17,0,62,1,99,,7728,17,0,62,1,100,,7727,17,0,62,1,100,,7729,17,0,62,1,100,,7726,17,0,62,1,100,,7725,17,0,62,1
41701,'11',1827,,7730,17,0,62,1,99,,7734,17,0,62,1,100,,7733,17,0,62,1,100,,7735,17,0,62,1,100,,7732,17,0,62,1,100,,7731,17,0,62,1
41701,'12',1127,,7738,17,0,62,1,100,,7742,17,0,62,1,100,,7737,17,0,62,1,100,,7736,17,0,62,1,100,,7739,17,0,62,1,100,,7741,17,0,62,1,100,,7740,17,0,62,1
41701,'14',626,,7767,17,0,62,1,30,,7745,17,0,62,1,70,,7748,17,0,62,1,30,,7753,17,0,62,1,70,,7743,17,0,62,1,30,,7765,17,0,62,1,70,,7771,17,0,62,1,30,,7763,17,0,62,1,71,,7769,17,0,62,1,30,,7746,17,0,62,1,70,,7754,17,0,62,1,30,,7758,17,0,62,1,70,,7747,17,0,62,1,30,,7770,17,0,62,1,70,,7772,17,0,62,1,30,,7750,17,0,62,1,70,,7760,17,0,62,1,30,,7766,17,0,62,1,70,,7757,17,0,62,1,30,,7762,17,0,62,1,70,,7768,17,0,62,1,30,,7752,17,0,62,1,70,,7756,17,0,62,1,30,,7744,17,0,62,1,70,,7755,17,0,62,1,99,,7759,17,0,62,1,100,,7764,17,0,62,1,100,,7761,17,0,62,1,100,,7749,17,0,62,1,100,,7751,17,0,62,1
41701,'3',1827,,7773,17,0,62,1,99,,7777,17,0,62,1,100,,7776,17,0,62,1,100,,7778,17,0,62,1,100,,7775,17,0,62,1,100,,7774,17,0,62,1
41701,'7',926,,7782,17,0,62,1,101,,7788,17,0,62,1,30,,7785,17,0,62,1,70,,7787,17,0,62,1,30,,7792,17,0,62,1,70,,7784,17,0,62,1,30,,7779,17,0,62,1,70,,7796,17,0,62,1,30,,7794,17,0,62,1,70,,7790,17,0,62,1,30,,7795,17,0,62,1,70,,7783,17,0,62,1,30,,7789,17,0,62,1,70,,7791,17,0,62,1,30,,7797,17,0,62,1,70,,7793,17,0,62,1,30,,7786,17,0,62,1,70,,7780,17,0,62,1,99,,7781,17,0,62,1
