30100,'12',610,,32810,17,0,5 6,1,30,,32795,17,0,5 6,1,70,,32770,17,0,5 6,1,30,,32777,17,0,5 6,1,70,,32812,17,0,5 6,1,30,,32785,17,0,5 6,1,70,,32790,17,0,5 6,1,30,,32786,17,0,5 6,1,70,,32789,17,0,5 6,1,30,,32804,17,0,5 6,1,70,,32771,17,0,5 6,1,30,,32778,17,0,5 6,1,70,,32776,17,0,5 6,1,30,,32774,17,0,5 6,1,70,,32768,17,0,5 6,1,30,,32794,17,0,5 6,1,70,,32773,17,0,5 6,1,30,,32806,17,0,5 6,1,70,,32802,17,0,5 6,1,30,,32803,17,0,5 6,1,70,,32780,17,0,5 6,1,30,,32807,17,0,5 6,1,70,,32796,17,0,5 6,1,30,,32787,17,0,5 6,1
30100,'13',610,,32852,17,0,5 6,1,30,,32839,17,0,5 6,1,70,,32816,17,0,5 6,1,30,,32823,17,0,5 6,1,70,,32854,17,0,5 6,1,30,,32831,17,0,5 6,1,70,,32836,17,0,5 6,1,30,,32832,17,0,5 6,1,70,,32835,17,0,5 6,1,30,,32847,17,0,5 6,1,70,,32817,17,0,5 6,1,30,,32824,17,0,5 6,1,70,,32822,17,0,5 6,1,30,,32820,17,0,5 6,1,70,,32814,17,0,5 6,1,30,,32838,17,0,5 6,1,70,,32819,17,0,5 6,1,30,,32848,17,0,5 6,1,70,,32845,17,0,5 6,1,30,,32846,17,0,5 6,1,70,,32826,17,0,5 6,1,30,,32849,17,0,5 6,1,70,,32840,17,0,5 6,1,30,,32833,17,0,5 6,1
30100,'3',610,,32894,17,0,5 6,1,30,,32881,17,0,5 6,1,70,,32858,17,0,5 6,1,30,,32865,17,0,5 6,1,70,,32896,17,0,5 6,1,30,,32873,17,0,5 6,1,70,,32878,17,0,5 6,1,30,,32874,17,0,5 6,1,70,,32877,17,0,5 6,1,30,,32889,17,0,5 6,1,70,,32859,17,0,5 6,1,30,,32866,17,0,5 6,1,70,,32864,17,0,5 6,1,30,,32862,17,0,5 6,1,70,,32856,17,0,5 6,1,30,,32880,17,0,5 6,1,70,,32861,17,0,5 6,1,30,,32890,17,0,5 6,1,70,,32887,17,0,5 6,1,30,,32888,17,0,5 6,1,70,,32868,17,0,5 6,1,30,,32891,17,0,5 6,1,70,,32882,17,0,5 6,1,30,,32875,17,0,5 6,1
30100,'6',610,,32941,17,0,5 6,1,30,,32926,17,0,5 6,1,70,,32901,17,0,5 6,1,30,,32908,17,0,5 6,1,70,,32943,17,0,5 6,1,30,,32916,17,0,5 6,1,70,,32921,17,0,5 6,1,30,,32917,17,0,5 6,1,70,,32920,17,0,5 6,1,30,,32935,17,0,5 6,1,70,,32902,17,0,5 6,1,30,,32909,17,0,5 6,1,70,,32907,17,0,5 6,1,30,,32905,17,0,5 6,1,70,,32899,17,0,5 6,1,30,,32925,17,0,5 6,1,70,,32904,17,0,5 6,1,30,,32937,17,0,5 6,1,70,,32933,17,0,5 6,1,30,,32934,17,0,5 6,1,70,,32911,17,0,5 6,1,30,,32938,17,0,5 6,1,70,,32927,17,0,5 6,1,30,,32918,17,0,5 6,1
40100,'1',634,,31498,17,0,8,1,70,,37760,17,0,8,1,30,,37775,17,0,8,1,70,,37763,17,0,8,1,30,,37783,17,0,8,1,70,,37779,17,0,8,1,30,,37772,17,0,8,1,70,,37793,17,0,8,1,30,,37752,17,0,8,1,70,,37792,17,0,8,1,30,,37789,17,0,8,1,70,,37771,17,0,8,1,30,,37745,17,0,8,1,70,,32649,17,0,8,1,30,,37750,17,0,8,1,70,,37754,17,0,8,1,30,,37770,17,0,8,1,70,,37768,17,0,8,1,30,,37747,17,0,8,1,70,,37774,17,0,8,1,30,,37787,17,0,8,1,70,,37781,17,0,8,1,30,,31183,17,0,8,1,70,,37756,17,0,8,1,100,,37778,17,0,8,1,100,,37765,17,0,8,1,100,,37777,17,0,8,1,100,,37759,17,0,8,1,100,,37757,17,0,8,1,100,,31193,17,0,8,1
40100,'11',634,,37826,17,0,8,1,70,,37811,17,0,8,1,30,,37832,17,0,8,1,70,,37816,17,0,8,1,30,,37842,17,0,8,1,70,,37837,17,0,8,1,30,,37827,17,0,8,1,70,,37852,17,0,8,1,30,,37803,17,0,8,1,70,,37851,17,0,8,1,30,,37848,17,0,8,1,70,,37825,17,0,8,1,30,,37796,17,0,8,1,70,,37831,17,0,8,1,30,,37801,17,0,8,1,70,,37805,17,0,8,1,30,,37824,17,0,8,1,70,,37822,17,0,8,1,30,,37798,17,0,8,1,70,,37830,17,0,8,1,30,,37846,17,0,8,1,70,,37839,17,0,8,1,30,,37815,17,0,8,1,70,,37807,17,0,8,1,100,,37836,17,0,8,1,100,,37819,17,0,8,1,100,,37834,17,0,8,1,100,,37810,17,0,8,1,100,,37808,17,0,8,1,100,,37853,17,0,8,1
40100,'12',1804,,37861,17,0,8,1,100,,37858,17,0,8,1,100,,37867,17,0,8,1,100,,37865,17,0,8,1,100,,37866,17,0,8,1,100,,37859,17,0,8,1,100,,37857,17,0,8,1
40100,'13',1804,,37873,17,0,8,1,100,,37870,17,0,8,1,100,,37879,17,0,8,1,100,,37877,17,0,8,1,100,,37878,17,0,8,1,100,,37871,17,0,8,1,100,,27848,17,0,8,1
40100,'14',1104,,37890,17,0,8,1,100,,37892,17,0,8,1,100,,37884,17,0,8,1,100,,37882,17,0,8,1,100,,37889,17,0,8,1,100,,37893,17,0,8,1,100,,37891,17,0,8,1,100,,37886,17,0,8,1
40100,'16',634,,31539,17,0,8,1,70,,37912,17,0,8,1,30,,37927,17,0,8,1,70,,37915,17,0,8,1,30,,37935,17,0,8,1,70,,37931,17,0,8,1,30,,37924,17,0,8,1,70,,37945,17,0,8,1,30,,37904,17,0,8,1,70,,37944,17,0,8,1,30,,37941,17,0,8,1,70,,37923,17,0,8,1,30,,37897,17,0,8,1,70,,32668,17,0,8,1,30,,37902,17,0,8,1,70,,37906,17,0,8,1,30,,37922,17,0,8,1,70,,37920,17,0,8,1,30,,37899,17,0,8,1,70,,37926,17,0,8,1,30,,37939,17,0,8,1,70,,37933,17,0,8,1,30,,26849,17,0,8,1,70,,37908,17,0,8,1,100,,37930,17,0,8,1,100,,37917,17,0,8,1,100,,37929,17,0,8,1,100,,37911,17,0,8,1,100,,37909,17,0,8,1,100,,31222,17,0,8,1
40100,'3',1804,,37951,17,0,8,1,100,,37948,17,0,8,1,100,,37957,17,0,8,1,100,,37955,17,0,8,1,100,,37956,17,0,8,1,100,,37949,17,0,8,1,100,,27869,17,0,8,1
40100,'6',1804,,37965,17,0,8,1,100,,37962,17,0,8,1,100,,37971,17,0,8,1,100,,37969,17,0,8,1,100,,37970,17,0,8,1,100,,37963,17,0,8,1,100,,37961,17,0,8,1
40100,'8',904,,37973,17,0,8,1,100,,37986,17,0,8,1,30,,38003,17,0,8,1,70,,37977,17,0,8,1,30,,37993,17,0,8,1,70,,32420,17,0,8,1,30,,37972,17,0,8,1,70,,37996,17,0,8,1,30,,38007,17,0,8,1,70,,38001,17,0,8,1,30,,38006,17,0,8,1,70,,37989,17,0,8,1,30,,38005,17,0,8,1,70,,37991,17,0,8,1,30,,37988,17,0,8,1,70,,37990,17,0,8,1,30,,37974,17,0,8,1,70,,38002,17,0,8,1,100,,37981,17,0,8,1,100,,37980,17,0,8,1
