32100,'1',648,,3916,13,0,53,1,90,,3910,13,0,53,1,100,,3908,13,0,53,1,100,,3914,13,0,53,1,100,,3918,13,0,53,1,100,,3912,13,0,53,1,100,,3915,13,0,53,1,100,,3913,13,0,53,1,100,,3909,13,0,53,1,100,,3907,13,0,53,1,100,,3911,13,0,53,1,100,,3917,13,0,53,1
32100,'10',648,,3928,13,0,53,1,90,,3922,13,0,53,1,100,,3920,13,0,53,1,100,,3926,13,0,53,1,100,,3930,13,0,53,1,100,,3924,13,0,53,1,100,,3927,13,0,53,1,100,,3925,13,0,53,1,100,,3921,13,0,53,1,100,,3919,13,0,53,1,100,,3923,13,0,53,1,100,,3929,13,0,53,1
32100,'11',648,,3941,13,0,53,1,90,,3934,13,0,53,1,100,,3931,13,0,53,1,100,,3938,13,0,53,1,100,,3942,13,0,53,1,100,,3935,13,0,53,1,100,,3940,13,0,53,1,100,,3937,13,0,53,1,100,,3939,13,0,53,1,100,,3932,13,0,53,1,100,,3933,13,0,53,1,100,,3936,13,0,53,1
32100,'3',648,,3953,13,0,53,1,90,,3946,13,0,53,1,100,,3943,13,0,53,1,100,,3950,13,0,53,1,100,,3954,13,0,53,1,100,,3947,13,0,53,1,100,,3952,13,0,53,1,100,,3949,13,0,53,1,100,,3951,13,0,53,1,100,,3944,13,0,53,1,100,,3945,13,0,53,1,100,,3948,13,0,53,1
42100,'1',1838,,8142,13,0,53,1,100,,8140,13,0,53,1,100,,8141,13,0,53,1,100,,8143,13,0,53,1,100,,8144,13,0,53,1
42100,'10',1838,,8147,13,0,53,1,100,,8145,13,0,53,1,100,,8146,13,0,53,1,100,,8148,13,0,53,1,100,,8149,13,0,53,1
42100,'11',1838,,8152,13,0,53,1,100,,8150,13,0,53,1,100,,8151,13,0,53,1,100,,8153,13,0,53,1,100,,8154,13,0,53,1
42100,'12',1038,,8160,13,0,53,1,100,,8155,13,0,53,1,100,,8158,13,0,53,1,100,,8161,13,0,53,1,100,,8156,13,0,53,1,100,,8157,13,0,53,1,100,,8159,13,0,53,1
42100,'14',648,,8176,13,0,53,1,90,,8169,13,0,53,1,100,,8170,13,0,53,1,100,,8178,13,0,53,1,100,,8166,13,0,53,1,100,,8165,13,0,53,1,100,,8177,13,0,53,1,100,,8164,13,0,53,1,100,,8173,13,0,53,1,100,,8171,13,0,53,1,100,,8174,13,0,53,1,100,,8163,13,0,53,1,100,,8172,13,0,53,1,100,,8175,13,0,53,1,100,,8168,13,0,53,1,100,,8162,13,0,53,1,100,,8167,13,0,53,1
42100,'3',1838,,8181,13,0,53,1,100,,8179,13,0,53,1,100,,8180,13,0,53,1,100,,8182,13,0,53,1,100,,8183,13,0,53,1
42100,'7',838,,8185,13,0,53,1,100,,8187,13,0,53,1,100,,8191,13,0,53,1,100,,8193,13,0,53,1,100,,8195,13,0,53,1,100,,8189,13,0,53,1,100,,8194,13,0,53,1,100,,8186,13,0,53,1,100,,8190,13,0,53,1,100,,8192,13,0,53,1,100,,8188,13,0,53,1,100,,8184,13,0,53,1
