31101,'11',609,,28329,17,0,43 44,1,30,,28323,17,0,43 44,1,70,,28320,17,0,43 44,1,30,,28315,17,0,43 44,1,70,,28324,17,0,43 44,1,30,,28335,17,0,43 44,1,70,,28318,17,0,43 44,1,30,,28319,17,0,43 44,1,70,,28322,17,0,43 44,1,30,,28317,17,0,43 44,1,70,,28316,17,0,43 44,1,30,,28327,17,0,43 44,1,70,,28334,17,0,43 44,1,30,,23612,17,0,43 44,1,70,,28333,17,0,43 44,1,30,,28326,17,0,43 44,1,70,,22228,17,0,43 44,1,32,,28321,17,0,43 44,1,70,,28331,17,0,43 44,1,30,,28328,17,0,43 44,1,70,,24496,17,0,43 44,1,30,,28330,17,0,43 44,1,70,,23262,17,0,43 44,1,30,,28332,17,0,43 44,1,70,,28325,17,0,43 44,1
31101,'3',609,,28350,17,0,43 44,1,30,,28344,17,0,43 44,1,70,,28341,17,0,43 44,1,30,,28336,17,0,43 44,1,70,,28345,17,0,43 44,1,30,,28356,17,0,43 44,1,70,,28339,17,0,43 44,1,30,,28340,17,0,43 44,1,70,,28343,17,0,43 44,1,30,,28338,17,0,43 44,1,70,,28337,17,0,43 44,1,30,,28348,17,0,43 44,1,70,,28355,17,0,43 44,1,30,,23632,17,0,43 44,1,70,,28354,17,0,43 44,1,30,,28347,17,0,43 44,1,70,,22247,17,0,43 44,1,32,,28342,17,0,43 44,1,70,,28352,17,0,43 44,1,30,,28349,17,0,43 44,1,70,,24603,17,0,43 44,1,30,,28351,17,0,43 44,1,70,,23285,17,0,43 44,1,30,,28353,17,0,43 44,1,70,,28346,17,0,43 44,1
31800,'11',616,,28858,32,0,45 46 18,1,30,,20436,32,0,45 46 18,1,70,,28855,32,0,45 46 18,1,30,,28851,32,0,45 46 18,1,70,,28849,32,0,45 46 18,1,30,,28859,32,0,45 46 18,1,70,,28861,32,0,45 46 18,1,30,,28860,32,0,45 46 18,1,70,,28863,32,0,45 46 18,1,30,,28852,32,0,45 46 18,1,70,,28867,32,0,45 46 18,1,30,,28868,32,0,45 46 18,1,70,,28857,32,0,45 46 18,1,30,,21708,32,0,45 46 18,1,70,,28865,32,0,45 46 18,1,30,,28856,32,0,45 46 18,1,70,,27315,32,0,45 46 18,1,30,,27157,32,0,45 46 18,1,70,,28854,32,0,45 46 18,1,30,,28853,32,0,45 46 18,1,70,,25580,32,0,45 46 18,1,30,,28866,32,0,45 46 18,1,70,,28850,32,0,45 46 18,1,30,,28864,32,0,45 46 18,1,70,,28862,32,0,45 46 18,1
31800,'3',616,,28878,32,0,45 46 18,1,30,,20452,32,0,45 46 18,1,70,,28875,32,0,45 46 18,1,30,,28871,32,0,45 46 18,1,70,,28869,32,0,45 46 18,1,30,,28879,32,0,45 46 18,1,70,,28881,32,0,45 46 18,1,30,,28880,32,0,45 46 18,1,70,,28883,32,0,45 46 18,1,30,,28872,32,0,45 46 18,1,70,,28887,32,0,45 46 18,1,30,,28888,32,0,45 46 18,1,70,,28877,32,0,45 46 18,1,30,,21727,32,0,45 46 18,1,70,,28885,32,0,45 46 18,1,30,,28876,32,0,45 46 18,1,70,,27329,32,0,45 46 18,1,30,,27180,32,0,45 46 18,1,70,,28874,32,0,45 46 18,1,30,,28873,32,0,45 46 18,1,70,,25629,32,0,45 46 18,1,30,,28886,32,0,45 46 18,1,70,,28870,32,0,45 46 18,1,30,,28884,32,0,45 46 18,1,70,,28882,32,0,45 46 18,1
41800,'1',631,,32076,34,0,45 46 18,1,70,,32081,34,0,45 46 18,1,30,,32089,34,0,45 46 18,1,70,,23803,34,0,45 46 18,1,30,,32086,34,0,45 46 18,1,70,,32100,34,0,45 46 18,1,30,,25654,34,0,45 46 18,1,70,,32099,34,0,45 46 18,1,31,,32092,34,0,45 46 18,1,70,,32091,34,0,45 46 18,1,30,,27188,34,0,45 46 18,1,70,,32082,34,0,45 46 18,1,30,,32083,34,0,45 46 18,1,70,,32094,34,0,45 46 18,1,30,,32084,34,0,45 46 18,1,70,,32087,34,0,45 46 18,1,30,,32095,34,0,45 46 18,1,70,,32077,34,0,45 46 18,1,30,,32085,34,0,45 46 18,1,70,,32088,34,0,45 46 18,1,30,,32079,34,0,45 46 18,1,70,,32098,34,0,45 46 18,1,30,,32080,34,0,45 46 18,1,70,,32090,34,0,45 46 18,1,100,,32097,34,0,45 46 18,1,100,,32093,34,0,45 46 18,1,100,,32078,34,0,45 46 18,1,100,,32101,34,0,45 46 18,1,100,,24439,34,0,45 46 18,1,100,,32096,34,0,45 46 18,1
41800,'11',1902,,32102,34,0,45 46 18,1,100,,32106,34,0,45 46 18,1,100,,32105,34,0,45 46 18,1,100,,32103,34,0,45 46 18,1,100,,32107,34,0,45 46 18,1,100,,32104,34,0,45 46 18,1
41800,'12',1102,,25355,34,0,45 46 18,1,100,,32110,34,0,45 46 18,1,100,,32109,34,0,45 46 18,1,100,,32111,34,0,45 46 18,1,100,,32114,34,0,45 46 18,1,100,,32108,34,0,45 46 18,1,100,,32113,34,0,45 46 18,1,100,,32112,34,0,45 46 18,1
41800,'14',631,,32115,34,0,45 46 18,1,70,,32121,34,0,45 46 18,1,30,,32130,34,0,45 46 18,1,70,,32135,34,0,45 46 18,1,30,,32127,34,0,45 46 18,1,70,,32141,34,0,45 46 18,1,30,,32136,34,0,45 46 18,1,70,,32140,34,0,45 46 18,1,31,,32133,34,0,45 46 18,1,70,,32132,34,0,45 46 18,1,30,,32124,34,0,45 46 18,1,70,,32122,34,0,45 46 18,1,30,,32123,34,0,45 46 18,1,70,,32134,34,0,45 46 18,1,30,,32125,34,0,45 46 18,1,70,,32128,34,0,45 46 18,1,30,,26713,34,0,45 46 18,1,70,,32116,34,0,45 46 18,1,30,,32126,34,0,45 46 18,1,70,,32129,34,0,45 46 18,1,30,,32118,34,0,45 46 18,1,70,,32139,34,0,45 46 18,1,30,,32119,34,0,45 46 18,1,70,,32131,34,0,45 46 18,1,100,,32138,34,0,45 46 18,1,100,,25392,34,0,45 46 18,1,100,,32117,34,0,45 46 18,1,100,,32142,34,0,45 46 18,1,100,,32120,34,0,45 46 18,1,100,,32137,34,0,45 46 18,1
41800,'3',1902,,32143,34,0,45 46 18,1,100,,32147,34,0,45 46 18,1,100,,32146,34,0,45 46 18,1,100,,32144,34,0,45 46 18,1,100,,32148,34,0,45 46 18,1,100,,32145,34,0,45 46 18,1
41800,'8',1001,,32155,34,0,45 46 18,1,31,,32152,34,0,45 46 18,1,70,,32156,34,0,45 46 18,1,30,,32162,34,0,45 46 18,1,70,,32149,34,0,45 46 18,1,100,,32154,34,0,45 46 18,1,30,,32150,34,0,45 46 18,1,70,,32164,34,0,45 46 18,1,100,,32151,34,0,45 46 18,1,30,,32159,34,0,45 46 18,1,70,,32160,34,0,45 46 18,1,30,,32158,34,0,45 46 18,1,70,,32157,34,0,45 46 18,1,30,,32161,34,0,45 46 18,1,70,,32163,34,0,45 46 18,1,100,,32153,34,0,45 46 18,1,100,,32165,34,0,45 46 18,1
