30900,'1',618,,1747,6,,,1,30,,1742,6,,,1,70,,1748,6,,,1,30,,1731,6,,,1,70,,1749,6,,,1,30,,1739,6,,,1,70,,1733,6,,,1,30,,1736,6,,,1,70,,1745,6,,,1,30,,1750,6,,,1,70,,1740,6,,,1,30,,1751,6,,,1,70,,1729,6,,,1,30,,1744,6,,,1,70,,1730,6,,,1,30,,1738,6,,,1,71,,1734,6,,,1,30,,1743,6,,,1,70,,1732,6,,,1,30,,1741,6,,,1,70,,1737,6,,,1,30,,1735,6,,,1,70,,1746,6,,,1
30900,'10',618,,1770,6,,,1,30,,1765,6,,,1,70,,1771,6,,,1,30,,1754,6,,,1,70,,1772,6,,,1,30,,1762,6,,,1,70,,1756,6,,,1,30,,1759,6,,,1,70,,1768,6,,,1,30,,1773,6,,,1,70,,1763,6,,,1,30,,1774,6,,,1,70,,1752,6,,,1,30,,1767,6,,,1,70,,1753,6,,,1,30,,1761,6,,,1,71,,1757,6,,,1,30,,1766,6,,,1,70,,1755,6,,,1,30,,1764,6,,,1,70,,1760,6,,,1,30,,1758,6,,,1,70,,1769,6,,,1
30900,'11',618,,1793,6,,,1,30,,1788,6,,,1,70,,1794,6,,,1,30,,1777,6,,,1,70,,1795,6,,,1,30,,1785,6,,,1,70,,1779,6,,,1,30,,1782,6,,,1,70,,1791,6,,,1,30,,1796,6,,,1,70,,1786,6,,,1,30,,1797,6,,,1,70,,1775,6,,,1,30,,1790,6,,,1,70,,1776,6,,,1,30,,1784,6,,,1,71,,1780,6,,,1,30,,1789,6,,,1,70,,1778,6,,,1,30,,1787,6,,,1,70,,1783,6,,,1,30,,1781,6,,,1,70,,1792,6,,,1
30900,'3',618,,1816,6,,,1,30,,1811,6,,,1,70,,1817,6,,,1,30,,1800,6,,,1,70,,1818,6,,,1,30,,1808,6,,,1,70,,1802,6,,,1,30,,1805,6,,,1,70,,1814,6,,,1,30,,1819,6,,,1,70,,1809,6,,,1,30,,1820,6,,,1,70,,1798,6,,,1,30,,1813,6,,,1,70,,1799,6,,,1,30,,1807,6,,,1,71,,1803,6,,,1,30,,1812,6,,,1,70,,1801,6,,,1,30,,1810,6,,,1,70,,1806,6,,,1,30,,1804,6,,,1,70,,1815,6,,,1
31200,'1',603,,2316,6,0,23,1,30,,2330,6,0,23,1,70,,2331,6,0,23,1,30,,2335,6,0,23,1,70,,2332,6,0,23,1,30,,2337,6,0,23,1,70,,2317,6,0,23,1,30,,2322,6,0,23,1,70,,2325,6,0,23,1,30,,2336,6,0,23,1,70,,2334,6,0,23,1,30,,2320,6,0,23,1,70,,2324,6,0,23,1,30,,2328,6,0,23,1,70,,2329,6,0,23,1,30,,2318,6,0,23,1,71,,2314,6,0,23,1,30,,2333,6,0,23,1,70,,2326,6,0,23,1,30,,2327,6,0,23,1,70,,2315,6,0,23,1,30,,2319,6,0,23,1,70,,2323,6,0,23,1,30,,2321,6,0,23,1,70,,2313,6,0,23,1
31200,'10',603,,2341,6,0,23,1,30,,2355,6,0,23,1,70,,2356,6,0,23,1,30,,2360,6,0,23,1,70,,2357,6,0,23,1,30,,2362,6,0,23,1,70,,2342,6,0,23,1,30,,2347,6,0,23,1,70,,2350,6,0,23,1,30,,2361,6,0,23,1,70,,2359,6,0,23,1,30,,2345,6,0,23,1,70,,2349,6,0,23,1,30,,2353,6,0,23,1,70,,2354,6,0,23,1,30,,2343,6,0,23,1,71,,2339,6,0,23,1,30,,2358,6,0,23,1,70,,2351,6,0,23,1,30,,2352,6,0,23,1,70,,2340,6,0,23,1,30,,2344,6,0,23,1,70,,2348,6,0,23,1,30,,2346,6,0,23,1,70,,2338,6,0,23,1
31200,'11',603,,2366,6,0,23,1,30,,2380,6,0,23,1,70,,2381,6,0,23,1,30,,2385,6,0,23,1,70,,2382,6,0,23,1,30,,2387,6,0,23,1,70,,2367,6,0,23,1,30,,2373,6,0,23,1,70,,2369,6,0,23,1,30,,2386,6,0,23,1,70,,2384,6,0,23,1,30,,2371,6,0,23,1,70,,2375,6,0,23,1,30,,2378,6,0,23,1,70,,2379,6,0,23,1,30,,2368,6,0,23,1,71,,2364,6,0,23,1,30,,2383,6,0,23,1,70,,2376,6,0,23,1,30,,2377,6,0,23,1,70,,2365,6,0,23,1,30,,2370,6,0,23,1,70,,2374,6,0,23,1,30,,2372,6,0,23,1,70,,2363,6,0,23,1
31200,'3',603,,2391,6,0,23,1,30,,2405,6,0,23,1,70,,2406,6,0,23,1,30,,2410,6,0,23,1,70,,2407,6,0,23,1,30,,2412,6,0,23,1,70,,2392,6,0,23,1,30,,2398,6,0,23,1,70,,2394,6,0,23,1,30,,2411,6,0,23,1,70,,2409,6,0,23,1,30,,2396,6,0,23,1,70,,2400,6,0,23,1,30,,2403,6,0,23,1,70,,2404,6,0,23,1,30,,2393,6,0,23,1,71,,2389,6,0,23,1,30,,2408,6,0,23,1,70,,2401,6,0,23,1,30,,2402,6,0,23,1,70,,2390,6,0,23,1,30,,2395,6,0,23,1,70,,2399,6,0,23,1,30,,2397,6,0,23,1,70,,2388,6,0,23,1
40900,'1',1748,,6774,6,0,23,1,100,,6771,6,0,23,1,100,,6770,6,0,23,1,100,,6773,6,0,23,1,100,,6776,6,0,23,1,100,,6772,6,0,23,1,100,,6775,6,0,23,1
40900,'10',1748,,6781,6,0,23,1,100,,6778,6,0,23,1,100,,6777,6,0,23,1,100,,6780,6,0,23,1,100,,6783,6,0,23,1,100,,6779,6,0,23,1,100,,6782,6,0,23,1
40900,'11',1748,,6788,6,0,23,1,100,,6785,6,0,23,1,100,,6784,6,0,23,1,100,,6787,6,0,23,1,100,,6790,6,0,23,1,100,,6786,6,0,23,1,100,,6789,6,0,23,1
40900,'12',1048,,6793,6,0,23,1,100,,6791,6,0,23,1,100,,6795,6,0,23,1,100,,6796,6,0,23,1,100,,6797,6,0,23,1,100,,6798,6,0,23,1,100,,6792,6,0,23,1,100,,6794,6,0,23,1
40900,'14',648,,6799,6,0,23,1,70,,6822,6,0,23,1,30,,6805,6,0,23,1,70,,6819,6,0,23,1,30,,6824,6,0,23,1,70,,6803,6,0,23,1,30,,6816,6,0,23,1,70,,6804,6,0,23,1,30,,6817,6,0,23,1,70,,6814,6,0,23,1,30,,6802,6,0,23,1,70,,6813,6,0,23,1,30,,6807,6,0,23,1,70,,6823,6,0,23,1,30,,6818,6,0,23,1,70,,6811,6,0,23,1,30,,6812,6,0,23,1,70,,6826,6,0,23,1,30,,6809,6,0,23,1,70,,6820,6,0,23,1,30,,6800,6,0,23,1,70,,6801,6,0,23,1,30,,6821,6,0,23,1,100,,6815,6,0,23,1,100,,6810,6,0,23,1,100,,6827,6,0,23,1,100,,6825,6,0,23,1,100,,6806,6,0,23,1,100,,6808,6,0,23,1
40900,'3',1748,,6832,6,0,23,1,100,,6829,6,0,23,1,100,,6828,6,0,23,1,100,,6831,6,0,23,1,100,,6834,6,0,23,1,100,,6830,6,0,23,1,100,,6833,6,0,23,1
40900,'7',848,,6841,6,0,23,1,100,,6837,6,0,23,1,70,,6835,6,0,23,1,30,,6843,6,0,23,1,70,,6838,6,0,23,1,30,,6839,6,0,23,1,70,,6844,6,0,23,1,30,,6847,6,0,23,1,70,,6852,6,0,23,1,30,,6853,6,0,23,1,70,,6846,6,0,23,1,30,,6848,6,0,23,1,70,,6845,6,0,23,1,30,,6851,6,0,23,1,70,,6854,6,0,23,1,30,,6849,6,0,23,1,70,,6850,6,0,23,1,30,,6836,6,0,23,1,100,,6842,6,0,23,1,100,,6840,6,0,23,1
