30701,'12',704,,34135,31,,,1,32,,34148,31,,,1,70,,34147,31,,,1,30,,34156,31,,,1,70,,34138,31,,,1,30,,34151,31,,,1,70,,34140,31,,,1,31,,34149,31,,,1,70,,34136,31,,,1,30,,34143,31,,,1,70,,34145,31,,,1,30,,34133,31,,,1,70,,34134,31,,,1,30,,34142,31,,,1,70,,34152,31,,,1,28,,34144,14,0,65 12,1,2,,34155,31,,,1,70,,34154,31,,,1,30,,34141,31,,,1,70,,34146,31,,,1,30,,34139,31,,,1,70,,34153,31,,,1,30,,34150,31,,,1,70,,34137,31,,,1
30701,'13',704,,34159,31,,,1,32,,34170,31,,,1,70,,34169,31,,,1,30,,34178,31,,,1,70,,34162,31,,,1,30,,34173,31,,,1,70,,34164,31,,,1,31,,34171,31,,,1,70,,34160,31,,,1,30,,34166,31,,,1,70,,28152,31,,,1,30,,34157,31,,,1,70,,34158,31,,,1,30,,6785,31,,,1,70,,34174,31,,,1,28,,34167,14,0,65 12,1,2,,34177,31,,,1,70,,34176,31,,,1,30,,34165,31,,,1,70,,34168,31,,,1,30,,34163,31,,,1,70,,34175,31,,,1,30,,34172,31,,,1,70,,34161,31,,,1
30701,'3',704,,34181,31,,,1,32,,34192,31,,,1,70,,34191,31,,,1,30,,34200,31,,,1,70,,34184,31,,,1,30,,34195,31,,,1,70,,34186,31,,,1,31,,34193,31,,,1,70,,34182,31,,,1,30,,34188,31,,,1,70,,28174,31,,,1,30,,34179,31,,,1,70,,34180,31,,,1,30,,6829,31,,,1,70,,34196,31,,,1,28,,34189,14,0,65 12,1,2,,34199,31,,,1,70,,34198,31,,,1,30,,34187,31,,,1,70,,34190,31,,,1,30,,34185,31,,,1,70,,34197,31,,,1,30,,34194,31,,,1,70,,34183,31,,,1
30701,'6',704,,34203,31,,,1,32,,34216,31,,,1,70,,34215,31,,,1,30,,34224,31,,,1,70,,34206,31,,,1,30,,34219,31,,,1,70,,34208,31,,,1,31,,34217,31,,,1,70,,34204,31,,,1,30,,34211,31,,,1,70,,34213,31,,,1,30,,34201,31,,,1,70,,34202,31,,,1,30,,34210,31,,,1,70,,34220,31,,,1,28,,34212,14,0,65 12,1,2,,34223,31,,,1,70,,34222,31,,,1,30,,34209,31,,,1,70,,34214,31,,,1,30,,34207,31,,,1,70,,34221,31,,,1,30,,34218,31,,,1,70,,34205,31,,,1
31101,'12',618,,34852,34,0,43 44,1,30,,34846,34,0,43 44,1,70,,34853,34,0,43 44,1,30,,34848,34,0,43 44,1,70,,34845,34,0,43 44,1,30,,34866,34,0,43 44,1,70,,34867,34,0,43 44,1,30,,34858,34,0,43 44,1,70,,34849,34,0,43 44,1,30,,34859,34,0,43 44,1,70,,34865,34,0,43 44,1,30,,34850,34,0,43 44,1,70,,34861,34,0,43 44,1,30,,34864,34,0,43 44,1,70,,34862,34,0,43 44,1,30,,34860,34,0,43 44,1,70,,34851,34,0,43 44,1,32,,34856,34,0,43 44,1,70,,34869,34,0,43 44,1,30,,34854,34,0,43 44,1,70,,34868,34,0,43 44,1,30,,34863,34,0,43 44,1,70,,34855,34,0,43 44,1,30,,34857,34,0,43 44,1,70,,34847,34,0,43 44,1
31101,'13',618,,29695,34,0,43 44,1,30,,34871,34,0,43 44,1,70,,34876,34,0,43 44,1,30,,34873,34,0,43 44,1,70,,34870,34,0,43 44,1,30,,34884,34,0,43 44,1,70,,34885,34,0,43 44,1,30,,34879,34,0,43 44,1,70,,34875,34,0,43 44,1,30,,34880,34,0,43 44,1,70,,28288,34,0,43 44,1,30,,34874,34,0,43 44,1,70,,34881,34,0,43 44,1,30,,28287,34,0,43 44,1,70,,34882,34,0,43 44,1,30,,23103,34,0,43 44,1,70,,28316,34,0,43 44,1,32,,27686,34,0,43 44,1,70,,34887,34,0,43 44,1,30,,28148,34,0,43 44,1,70,,34886,34,0,43 44,1,30,,34883,34,0,43 44,1,70,,34877,34,0,43 44,1,30,,34878,34,0,43 44,1,70,,34872,34,0,43 44,1
31101,'3',618,,29814,34,0,43 44,1,30,,34889,34,0,43 44,1,70,,34894,34,0,43 44,1,30,,34891,34,0,43 44,1,70,,34888,34,0,43 44,1,30,,34902,34,0,43 44,1,70,,34903,34,0,43 44,1,30,,34897,34,0,43 44,1,70,,34893,34,0,43 44,1,30,,34898,34,0,43 44,1,70,,28310,34,0,43 44,1,30,,34892,34,0,43 44,1,70,,34899,34,0,43 44,1,30,,28309,34,0,43 44,1,70,,34900,34,0,43 44,1,30,,23116,34,0,43 44,1,70,,28337,34,0,43 44,1,32,,27707,34,0,43 44,1,70,,34905,34,0,43 44,1,30,,28170,34,0,43 44,1,70,,34904,34,0,43 44,1,30,,34901,34,0,43 44,1,70,,34895,34,0,43 44,1,30,,34896,34,0,43 44,1,70,,34890,34,0,43 44,1
31101,'6',618,,34913,34,0,43 44,1,30,,34907,34,0,43 44,1,70,,34914,34,0,43 44,1,30,,34909,34,0,43 44,1,70,,34906,34,0,43 44,1,30,,34927,34,0,43 44,1,70,,34928,34,0,43 44,1,30,,34919,34,0,43 44,1,70,,34910,34,0,43 44,1,30,,34920,34,0,43 44,1,70,,34926,34,0,43 44,1,30,,34911,34,0,43 44,1,70,,34922,34,0,43 44,1,30,,34925,34,0,43 44,1,70,,34923,34,0,43 44,1,30,,34921,34,0,43 44,1,70,,34912,34,0,43 44,1,32,,34917,34,0,43 44,1,70,,34930,34,0,43 44,1,30,,34915,34,0,43 44,1,70,,34929,34,0,43 44,1,30,,34924,34,0,43 44,1,70,,34916,34,0,43 44,1,30,,34918,34,0,43 44,1,70,,34908,34,0,43 44,1
31801,'12',620,,36057,38,0,45 50,1,30,,36068,38,0,45 50,1,71,,36059,38,0,45 50,1,30,,36064,38,0,45 50,1,70,,36069,38,0,45 50,1,30,,36076,38,0,45 50,1,70,,36071,38,0,45 50,1,30,,36058,38,0,45 50,1,71,,36078,38,0,45 50,1,30,,36075,38,0,45 50,1,70,,36062,38,0,45 50,1,30,,36060,38,0,45 50,1,70,,36067,38,0,45 50,1,30,,36077,38,0,45 50,1,70,,36065,38,0,45 50,1,30,,36074,38,0,45 50,1,68,,36066,38,0,45 50,1,30,,36070,38,0,45 50,1,70,,36063,38,0,45 50,1,30,,36072,38,0,45 50,1,70,,36073,38,0,45 50,1,30,,36061,38,0,45 50,1,70,,36053,38,0,45 50,1,30,,36056,38,0,45 50,1,76,,36055,38,0,45 50,1,25,,36054,38,0,45 50,1
31801,'13',620,,36083,38,0,45 50,1,30,,36092,38,0,45 50,1,71,,36085,38,0,45 50,1,30,,36089,38,0,45 50,1,70,,36093,38,0,45 50,1,30,,36099,38,0,45 50,1,70,,36095,38,0,45 50,1,30,,36084,38,0,45 50,1,71,,36101,38,0,45 50,1,30,,36098,38,0,45 50,1,70,,21825,38,0,45 50,1,30,,36086,38,0,45 50,1,70,,36091,38,0,45 50,1,30,,36100,38,0,45 50,1,70,,9655,38,0,45 50,1,30,,28819,38,0,45 50,1,68,,36090,38,0,45 50,1,30,,36094,38,0,45 50,1,70,,36088,38,0,45 50,1,30,,36096,38,0,45 50,1,70,,36097,38,0,45 50,1,30,,36087,38,0,45 50,1,70,,36079,38,0,45 50,1,30,,36082,38,0,45 50,1,76,,36081,38,0,45 50,1,25,,36080,38,0,45 50,1
31801,'3',620,,36106,38,0,45 50,1,30,,36115,38,0,45 50,1,71,,36108,38,0,45 50,1,30,,36112,38,0,45 50,1,70,,36116,38,0,45 50,1,30,,36122,38,0,45 50,1,70,,36118,38,0,45 50,1,30,,36107,38,0,45 50,1,71,,36124,38,0,45 50,1,30,,36121,38,0,45 50,1,70,,21848,38,0,45 50,1,30,,36109,38,0,45 50,1,70,,36114,38,0,45 50,1,30,,36123,38,0,45 50,1,70,,9697,38,0,45 50,1,30,,28842,38,0,45 50,1,68,,36113,38,0,45 50,1,30,,36117,38,0,45 50,1,70,,36111,38,0,45 50,1,30,,36119,38,0,45 50,1,70,,36120,38,0,45 50,1,30,,36110,38,0,45 50,1,70,,36102,38,0,45 50,1,30,,36105,38,0,45 50,1,76,,36104,38,0,45 50,1,25,,36103,38,0,45 50,1
31801,'6',620,,36129,38,0,45 50,1,30,,36140,38,0,45 50,1,71,,36131,38,0,45 50,1,30,,36136,38,0,45 50,1,70,,36141,38,0,45 50,1,30,,36148,38,0,45 50,1,70,,36143,38,0,45 50,1,30,,36130,38,0,45 50,1,71,,36150,38,0,45 50,1,30,,36147,38,0,45 50,1,70,,36134,38,0,45 50,1,30,,36132,38,0,45 50,1,70,,36139,38,0,45 50,1,30,,36149,38,0,45 50,1,70,,36137,38,0,45 50,1,30,,36146,38,0,45 50,1,68,,36138,38,0,45 50,1,30,,36142,38,0,45 50,1,70,,36135,38,0,45 50,1,30,,36144,38,0,45 50,1,70,,36145,38,0,45 50,1,30,,36133,38,0,45 50,1,70,,36125,38,0,45 50,1,30,,36128,38,0,45 50,1,76,,36127,38,0,45 50,1,25,,36126,38,0,45 50,1
41801,'1',636,,41138,38,0,45 50,1,70,,41133,38,0,45 50,1,30,,41141,38,0,45 50,1,70,,41144,38,0,45 50,1,30,,41131,38,0,45 50,1,70,,41145,38,0,45 50,1,30,,41140,38,0,45 50,1,70,,41132,38,0,45 50,1,31,,41154,38,0,45 50,1,70,,41136,38,0,45 50,1,30,,41137,38,0,45 50,1,70,,41155,38,0,45 50,1,30,,41148,38,0,45 50,1,70,,32507,38,0,45 50,1,30,,29113,38,0,45 50,1,70,,41146,38,0,45 50,1,30,,41142,38,0,45 50,1,70,,41143,38,0,45 50,1,30,,41151,38,0,45 50,1,70,,41150,38,0,45 50,1,30,,41147,38,0,45 50,1,70,,41153,38,0,45 50,1,30,,31460,38,0,45 50,1,70,,41135,38,0,45 50,1,30,,41152,38,0,45 50,1,70,,41134,38,0,45 50,1,99,,41139,38,0,45 50,1,100,,30259,38,0,45 50,1,100,,41149,38,0,45 50,1,100,,29424,38,0,45 50,1
41801,'11',636,,41165,38,0,45 50,1,70,,41159,38,0,45 50,1,30,,41168,38,0,45 50,1,70,,41171,38,0,45 50,1,30,,41157,38,0,45 50,1,70,,41173,38,0,45 50,1,30,,41167,38,0,45 50,1,70,,41158,38,0,45 50,1,31,,41184,38,0,45 50,1,70,,41162,38,0,45 50,1,30,,41163,38,0,45 50,1,70,,41185,38,0,45 50,1,30,,41176,38,0,45 50,1,70,,41172,38,0,45 50,1,30,,41164,38,0,45 50,1,70,,41174,38,0,45 50,1,30,,41169,38,0,45 50,1,70,,41170,38,0,45 50,1,30,,41180,38,0,45 50,1,70,,41179,38,0,45 50,1,30,,41175,38,0,45 50,1,70,,41182,38,0,45 50,1,30,,41156,38,0,45 50,1,70,,41161,38,0,45 50,1,30,,41181,38,0,45 50,1,70,,41160,38,0,45 50,1,99,,41166,38,0,45 50,1,100,,41183,38,0,45 50,1,100,,41178,38,0,45 50,1,100,,41177,38,0,45 50,1
41801,'12',1907,,41188,38,0,45 50,1,99,,41186,38,0,45 50,1,100,,41190,38,0,45 50,1,100,,41189,38,0,45 50,1,100,,41187,38,0,45 50,1
41801,'13',1907,,41193,38,0,45 50,1,99,,41191,38,0,45 50,1,100,,41195,38,0,45 50,1,100,,41194,38,0,45 50,1,100,,41192,38,0,45 50,1
41801,'14',1207,,41200,38,0,45 50,1,100,,41197,38,0,45 50,1,100,,41198,38,0,45 50,1,100,,41201,38,0,45 50,1,100,,41196,38,0,45 50,1,100,,41199,38,0,45 50,1,100,,41202,38,0,45 50,1
41801,'16',636,,41210,38,0,45 50,1,70,,41205,38,0,45 50,1,30,,41213,38,0,45 50,1,70,,41216,38,0,45 50,1,30,,41203,38,0,45 50,1,70,,41218,38,0,45 50,1,30,,41212,38,0,45 50,1,70,,41204,38,0,45 50,1,31,,41227,38,0,45 50,1,70,,41208,38,0,45 50,1,30,,41209,38,0,45 50,1,70,,41228,38,0,45 50,1,30,,41221,38,0,45 50,1,70,,41217,38,0,45 50,1,30,,29137,38,0,45 50,1,70,,41219,38,0,45 50,1,30,,41214,38,0,45 50,1,70,,41215,38,0,45 50,1,30,,41224,38,0,45 50,1,70,,41223,38,0,45 50,1,30,,41220,38,0,45 50,1,70,,41226,38,0,45 50,1,30,,31476,38,0,45 50,1,70,,41207,38,0,45 50,1,30,,41225,38,0,45 50,1,70,,41206,38,0,45 50,1,99,,41211,38,0,45 50,1,100,,30300,38,0,45 50,1,100,,41222,38,0,45 50,1,100,,29543,38,0,45 50,1
41801,'3',1907,,41231,38,0,45 50,1,99,,41229,38,0,45 50,1,100,,41233,38,0,45 50,1,100,,41232,38,0,45 50,1,100,,41230,38,0,45 50,1
41801,'6',1907,,41236,38,0,45 50,1,99,,41234,38,0,45 50,1,100,,41238,38,0,45 50,1,100,,41237,38,0,45 50,1,100,,41235,38,0,45 50,1
41801,'8',906,,41247,38,0,45 50,1,100,,41243,38,0,45 50,1,101,,41246,38,0,45 50,1,30,,41239,38,0,45 50,1,70,,41254,38,0,45 50,1,30,,41248,38,0,45 50,1,70,,41257,38,0,45 50,1,30,,41242,38,0,45 50,1,70,,41253,38,0,45 50,1,30,,41252,38,0,45 50,1,70,,41240,38,0,45 50,1,30,,41241,38,0,45 50,1,70,,41255,38,0,45 50,1,30,,41256,38,0,45 50,1,70,,41245,38,0,45 50,1,30,,41258,38,0,45 50,1,70,,41249,38,0,45 50,1,30,,41250,38,0,45 50,1,70,,41244,38,0,45 50,1,99,,41251,38,0,45 50,1
