30501,'12',633,,33786,36,0,27,1,70,,33763,36,0,27,1,30,,33779,36,0,27,1,70,,33766,36,0,27,1,30,,33777,36,0,27,1,70,,33769,36,0,27,1,30,,33774,36,0,27,1,70,,33784,36,0,27,1,30,,33772,36,0,27,1,70,,33770,36,0,27,1,30,,33787,36,0,27,1,70,,33775,36,0,27,1,30,,33767,36,0,27,1,70,,33765,36,0,27,1,30,,33782,36,0,27,1,70,,33783,36,0,27,1,30,,33768,36,0,27,1,70,,33781,36,0,27,1,30,,33778,36,0,27,1,70,,33771,36,0,27,1,30,,33764,36,0,27,1,70,,33780,36,0,27,1,30,,33773,36,0,27,1,70,,33785,36,0,27,1
30501,'13',633,,33810,36,0,27,1,70,,33788,36,0,27,1,30,,33804,36,0,27,1,70,,33791,36,0,27,1,30,,33802,36,0,27,1,70,,33794,36,0,27,1,30,,33799,36,0,27,1,70,,33809,36,0,27,1,30,,33797,36,0,27,1,70,,33795,36,0,27,1,30,,33811,36,0,27,1,70,,33800,36,0,27,1,30,,33792,36,0,27,1,70,,33790,36,0,27,1,30,,33807,36,0,27,1,70,,33808,36,0,27,1,30,,33793,36,0,27,1,70,,33806,36,0,27,1,30,,33803,36,0,27,1,70,,33796,36,0,27,1,30,,33789,36,0,27,1,70,,33805,36,0,27,1,30,,33798,36,0,27,1,70,,28368,36,0,27,1
30501,'3',633,,33834,36,0,27,1,70,,33812,36,0,27,1,30,,33828,36,0,27,1,70,,33815,36,0,27,1,30,,33826,36,0,27,1,70,,33818,36,0,27,1,30,,33823,36,0,27,1,70,,33833,36,0,27,1,30,,33821,36,0,27,1,70,,33819,36,0,27,1,30,,33835,36,0,27,1,70,,33824,36,0,27,1,30,,33816,36,0,27,1,70,,33814,36,0,27,1,30,,33831,36,0,27,1,70,,33832,36,0,27,1,30,,33817,36,0,27,1,70,,33830,36,0,27,1,30,,33827,36,0,27,1,70,,33820,36,0,27,1,30,,33813,36,0,27,1,70,,33829,36,0,27,1,30,,33822,36,0,27,1,70,,28386,36,0,27,1
30501,'6',633,,33859,36,0,27,1,70,,33836,36,0,27,1,30,,33852,36,0,27,1,70,,33839,36,0,27,1,30,,33850,36,0,27,1,70,,33842,36,0,27,1,30,,33847,36,0,27,1,70,,33857,36,0,27,1,30,,33845,36,0,27,1,70,,33843,36,0,27,1,30,,33860,36,0,27,1,70,,33848,36,0,27,1,30,,33840,36,0,27,1,70,,33838,36,0,27,1,30,,33855,36,0,27,1,70,,33856,36,0,27,1,30,,33841,36,0,27,1,70,,33854,36,0,27,1,30,,33851,36,0,27,1,70,,33844,36,0,27,1,30,,33837,36,0,27,1,70,,33853,36,0,27,1,30,,33846,36,0,27,1,70,,33858,36,0,27,1
41201,'1',627,,39929,39,,,1,30,,39924,39,,,1,70,,39914,39,,,1,30,,39933,39,,,1,70,,39918,39,,,1,30,,31492,39,,,1,70,,39913,39,,,1,30,,39928,39,,,1,71,,39930,39,,,1,30,,39916,39,,,1,70,,39919,39,,,1,30,,39931,39,,,1,70,,39920,39,,,1,30,,39922,39,,,1,70,,39939,39,,,1,30,,39923,39,,,1,70,,39921,39,,,1,30,,39937,39,,,1,70,,39926,39,,,1,30,,39912,39,,,1,70,,39936,39,,,1,30,,39935,39,,,1,70,,39938,39,,,1,30,,39932,39,,,1,70,,39925,39,,,1,100,,39927,39,,,1,100,,31591,39,,,1,100,,39917,39,,,1,100,,39934,39,,,1,100,,39915,39,,,1
41201,'11',627,,39959,39,,,1,30,,39953,39,,,1,70,,39942,39,,,1,30,,39963,39,,,1,70,,39947,39,,,1,30,,39943,39,,,1,70,,39941,39,,,1,30,,39958,39,,,1,71,,39960,39,,,1,30,,39945,39,,,1,70,,39948,39,,,1,30,,39961,39,,,1,70,,39949,39,,,1,30,,39951,39,,,1,70,,39969,39,,,1,30,,39952,39,,,1,70,,39950,39,,,1,30,,39967,39,,,1,70,,39955,39,,,1,30,,39940,39,,,1,70,,39966,39,,,1,30,,39965,39,,,1,70,,39968,39,,,1,30,,39962,39,,,1,70,,39954,39,,,1,100,,39957,39,,,1,100,,39956,39,,,1,100,,39946,39,,,1,100,,39964,39,,,1,100,,39944,39,,,1
41201,'12',1828,,39971,39,,,1,100,,39972,39,,,1,100,,39975,39,,,1,100,,39973,39,,,1,100,,39970,39,,,1,100,,39974,39,,,1
41201,'13',1828,,24112,39,,,1,100,,27610,39,,,1,100,,39979,39,,,1,100,,39977,39,,,1,100,,39976,39,,,1,100,,39978,39,,,1
41201,'14',1128,,39986,39,,,1,100,,39987,39,,,1,100,,39984,39,,,1,100,,39982,39,,,1,100,,39981,39,,,1,100,,39985,39,,,1,100,,39980,39,,,1
41201,'16',627,,40005,39,,,1,30,,40000,39,,,1,70,,39990,39,,,1,30,,40009,39,,,1,70,,39994,39,,,1,30,,31532,39,,,1,70,,39989,39,,,1,30,,40004,39,,,1,71,,40006,39,,,1,30,,39992,39,,,1,70,,39995,39,,,1,30,,40007,39,,,1,70,,39996,39,,,1,30,,39998,39,,,1,70,,40015,39,,,1,30,,39999,39,,,1,70,,39997,39,,,1,30,,40013,39,,,1,70,,40002,39,,,1,30,,39988,39,,,1,70,,40012,39,,,1,30,,40011,39,,,1,70,,40014,39,,,1,30,,40008,39,,,1,70,,40001,39,,,1,100,,40003,39,,,1,100,,31627,39,,,1,100,,39993,39,,,1,100,,40010,39,,,1,100,,39991,39,,,1
41201,'3',1828,,24124,39,,,1,100,,27633,39,,,1,100,,40019,39,,,1,100,,40017,39,,,1,100,,40016,39,,,1,100,,40018,39,,,1
41201,'6',1828,,40021,39,,,1,100,,40022,39,,,1,100,,40025,39,,,1,100,,40023,39,,,1,100,,40020,39,,,1,100,,40024,39,,,1
41201,'8',927,,40044,39,,,1,101,,40026,39,,,1,30,,40034,39,,,1,70,,40029,39,,,1,30,,40038,39,,,1,70,,40031,39,,,1,30,,40039,39,,,1,70,,40028,39,,,1,30,,40037,39,,,1,70,,30497,39,,,1,30,,40036,39,,,1,70,,40027,39,,,1,30,,40035,39,,,1,70,,40030,39,,,1,30,,40041,39,,,1,70,,40033,39,,,1,30,,40032,39,,,1,70,,40040,39,,,1,100,,40042,39,,,1,100,,40043,39,,,1
