31200,'12',609,,34950,16,,,1,30,,34941,16,,,1,70,,34938,16,,,1,30,,34940,16,,,1,70,,34952,16,,,1,30,,34934,16,,,1,70,,34948,16,,,1,30,,34937,16,,,1,71,,34951,16,,,1,30,,34947,16,,,1,70,,34955,16,,,1,30,,34945,16,,,1,70,,34931,16,,,1,30,,34932,16,,,1,70,,34954,16,,,1,30,,34942,16,,,1,75,,34953,16,,,1,30,,34935,16,,,1,70,,34936,16,,,1,30,,34939,16,,,1,70,,34944,16,,,1,30,,34946,16,,,1,70,,34933,16,,,1,30,,34943,16,,,1,70,,34949,16,,,1
31200,'13',609,,27356,16,,,1,30,,34965,16,,,1,70,,28317,16,,,1,30,,34964,16,,,1,70,,34974,16,,,1,30,,34959,16,,,1,70,,34971,16,,,1,30,,34962,16,,,1,71,,34973,16,,,1,30,,34970,16,,,1,70,,34976,16,,,1,30,,34968,16,,,1,70,,34956,16,,,1,30,,34957,16,,,1,70,,34975,16,,,1,30,,442,16,,,1,75,,29070,16,,,1,30,,34960,16,,,1,70,,34961,16,,,1,30,,34963,16,,,1,70,,34967,16,,,1,30,,34969,16,,,1,70,,34958,16,,,1,30,,34966,16,,,1,70,,34972,16,,,1
31200,'3',609,,27394,16,,,1,30,,34986,16,,,1,70,,28338,16,,,1,30,,34985,16,,,1,70,,34995,16,,,1,30,,34980,16,,,1,70,,34992,16,,,1,30,,34983,16,,,1,71,,34994,16,,,1,30,,34991,16,,,1,70,,34997,16,,,1,30,,34989,16,,,1,70,,34977,16,,,1,30,,34978,16,,,1,70,,34996,16,,,1,30,,465,16,,,1,75,,29098,16,,,1,30,,34981,16,,,1,70,,34982,16,,,1,30,,34984,16,,,1,70,,34988,16,,,1,30,,34990,16,,,1,70,,34979,16,,,1,30,,34987,16,,,1,70,,34993,16,,,1
31200,'6',609,,35017,16,,,1,30,,35008,16,,,1,70,,35005,16,,,1,30,,35007,16,,,1,70,,35019,16,,,1,30,,35001,16,,,1,70,,35015,16,,,1,30,,35004,16,,,1,71,,35018,16,,,1,30,,35014,16,,,1,70,,35022,16,,,1,30,,35012,16,,,1,70,,34998,16,,,1,30,,34999,16,,,1,70,,35021,16,,,1,30,,35009,16,,,1,75,,35020,16,,,1,30,,35002,16,,,1,70,,35003,16,,,1,30,,35006,16,,,1,70,,35011,16,,,1,30,,35013,16,,,1,70,,35000,16,,,1,30,,35010,16,,,1,70,,35016,16,,,1
41200,'1',633,,39797,34,0,23,1,70,,39789,34,0,23,1,30,,39787,34,0,23,1,70,,39793,34,0,23,1,30,,39796,34,0,23,1,70,,39784,34,0,23,1,30,,39788,34,0,23,1,70,,32721,34,0,23,1,32,,39786,34,0,23,1,70,,39803,34,0,23,1,30,,39806,34,0,23,1,70,,39804,34,0,23,1,30,,39795,34,0,23,1,70,,39780,34,0,23,1,30,,39802,34,0,23,1,70,,39791,34,0,23,1,29,,39792,34,0,23,1,70,,39783,34,0,23,1,30,,39801,34,0,23,1,70,,39798,34,0,23,1,30,,39794,34,0,23,1,70,,39799,34,0,23,1,30,,39782,34,0,23,1,70,,39790,34,0,23,1,30,,39781,34,0,23,1,100,,39805,34,0,23,1,100,,31127,34,0,23,1,100,,39800,34,0,23,1,100,,39785,34,0,23,1,100,,32572,34,0,23,1
41200,'11',633,,39825,34,0,23,1,70,,39817,34,0,23,1,30,,39815,34,0,23,1,70,,39821,34,0,23,1,30,,39809,34,0,23,1,70,,39812,34,0,23,1,30,,39816,34,0,23,1,70,,39834,34,0,23,1,32,,39814,34,0,23,1,70,,39831,34,0,23,1,30,,39836,34,0,23,1,70,,39832,34,0,23,1,30,,39823,34,0,23,1,70,,39807,34,0,23,1,30,,39830,34,0,23,1,70,,39819,34,0,23,1,29,,39820,34,0,23,1,70,,39811,34,0,23,1,30,,39829,34,0,23,1,70,,39826,34,0,23,1,30,,39822,34,0,23,1,70,,39827,34,0,23,1,30,,39810,34,0,23,1,70,,39818,34,0,23,1,30,,39808,34,0,23,1,100,,39835,34,0,23,1,100,,39833,34,0,23,1,100,,39828,34,0,23,1,100,,39813,34,0,23,1,100,,39824,34,0,23,1
41200,'12',1834,,39841,34,0,23,1,100,,39842,34,0,23,1,100,,39837,34,0,23,1,100,,39840,34,0,23,1,100,,39839,34,0,23,1,100,,39838,34,0,23,1
41200,'13',1834,,31821,34,0,23,1,100,,39847,34,0,23,1,100,,39843,34,0,23,1,100,,39846,34,0,23,1,100,,39845,34,0,23,1,100,,39844,34,0,23,1
41200,'14',1135,,39853,34,0,23,1,100,,39849,34,0,23,1,100,,39848,34,0,23,1,99,,31369,34,0,23,1,100,,39852,34,0,23,1,100,,39850,34,0,23,1,100,,39851,34,0,23,1
41200,'16',633,,39872,34,0,23,1,70,,39863,34,0,23,1,30,,39861,34,0,23,1,70,,39867,34,0,23,1,30,,39870,34,0,23,1,70,,39858,34,0,23,1,30,,39862,34,0,23,1,70,,39880,34,0,23,1,32,,39860,34,0,23,1,70,,39878,34,0,23,1,30,,39882,34,0,23,1,70,,39879,34,0,23,1,30,,39869,34,0,23,1,70,,39854,34,0,23,1,30,,39877,34,0,23,1,70,,39865,34,0,23,1,29,,39866,34,0,23,1,70,,39857,34,0,23,1,30,,39876,34,0,23,1,70,,39873,34,0,23,1,30,,39868,34,0,23,1,70,,39874,34,0,23,1,30,,39856,34,0,23,1,70,,39864,34,0,23,1,30,,39855,34,0,23,1,100,,39881,34,0,23,1,100,,31152,34,0,23,1,100,,39875,34,0,23,1,100,,39859,34,0,23,1,100,,39871,34,0,23,1
41200,'3',1834,,31880,34,0,23,1,100,,39887,34,0,23,1,100,,39883,34,0,23,1,100,,39886,34,0,23,1,100,,39885,34,0,23,1,100,,39884,34,0,23,1
41200,'6',1834,,39892,34,0,23,1,100,,39893,34,0,23,1,100,,39888,34,0,23,1,100,,39891,34,0,23,1,100,,39890,34,0,23,1,100,,39889,34,0,23,1
41200,'8',933,,39901,34,0,23,1,102,,39904,34,0,23,1,70,,39903,34,0,23,1,30,,39909,34,0,23,1,70,,39906,34,0,23,1,30,,39911,34,0,23,1,70,,39895,34,0,23,1,30,,39896,34,0,23,1,70,,39908,34,0,23,1,29,,32740,34,0,23,1,70,,39910,34,0,23,1,30,,39894,34,0,23,1,70,,39898,34,0,23,1,30,,39902,34,0,23,1,70,,39899,34,0,23,1,30,,39900,34,0,23,1,70,,39905,34,0,23,1,30,,39897,34,0,23,1,100,,39907,34,0,23,1
