32101,'1',715,,3963,11,0,56,1,100,,3966,11,0,56,1,100,,3957,11,0,56,1,100,,3955,11,0,56,1,100,,3958,11,0,56,1,100,,3960,11,0,56,1,100,,3956,11,0,56,1,101,,3964,11,0,56,1,100,,3965,11,0,56,1,100,,3962,11,0,56,1,100,,3959,11,0,56,1,100,,3961,11,0,56,1
32101,'10',715,,3975,11,0,56,1,100,,3978,11,0,56,1,100,,3969,11,0,56,1,100,,3967,11,0,56,1,100,,3970,11,0,56,1,100,,3972,11,0,56,1,100,,3968,11,0,56,1,101,,3976,11,0,56,1,100,,3977,11,0,56,1,100,,3974,11,0,56,1,100,,3971,11,0,56,1,100,,3973,11,0,56,1
32101,'11',715,,3985,11,0,56,1,100,,3988,11,0,56,1,100,,3981,11,0,56,1,100,,3979,11,0,56,1,100,,3982,11,0,56,1,100,,3984,11,0,56,1,100,,3980,11,0,56,1,101,,3986,11,0,56,1,100,,3983,11,0,56,1,100,,3987,11,0,56,1,100,,3989,11,0,56,1,100,,3990,11,0,56,1
32101,'3',715,,3997,11,0,56,1,100,,4000,11,0,56,1,100,,3993,11,0,56,1,100,,3991,11,0,56,1,100,,3994,11,0,56,1,100,,3996,11,0,56,1,100,,3992,11,0,56,1,101,,3998,11,0,56,1,100,,3995,11,0,56,1,100,,3999,11,0,56,1,100,,4001,11,0,56,1,100,,4002,11,0,56,1
42101,'1',1915,,8200,11,0,56,1,100,,8198,11,0,56,1,100,,8197,11,0,56,1,100,,8196,11,0,56,1,100,,8199,11,0,56,1
42101,'10',1915,,8205,11,0,56,1,100,,8203,11,0,56,1,100,,8202,11,0,56,1,100,,8201,11,0,56,1,100,,8204,11,0,56,1
42101,'11',1915,,8210,11,0,56,1,100,,8208,11,0,56,1,100,,8207,11,0,56,1,100,,8206,11,0,56,1,100,,8209,11,0,56,1
42101,'12',1115,,8211,11,0,56,1,100,,8216,11,0,56,1,100,,8213,11,0,56,1,100,,8217,11,0,56,1,100,,8212,11,0,56,1,100,,8214,11,0,56,1,100,,8215,11,0,56,1
42101,'14',715,,8234,11,0,56,1,100,,8228,11,0,56,1,100,,8231,11,0,56,1,100,,8222,11,0,56,1,100,,8227,11,0,56,1,100,,8224,11,0,56,1,100,,8219,11,0,56,1,100,,8226,11,0,56,1,100,,8218,11,0,56,1,100,,8230,11,0,56,1,100,,8232,11,0,56,1,100,,8233,11,0,56,1,100,,8225,11,0,56,1,100,,8220,11,0,56,1,100,,8229,11,0,56,1,100,,8221,11,0,56,1,100,,8223,11,0,56,1
42101,'3',1915,,8239,11,0,56,1,100,,8237,11,0,56,1,100,,8236,11,0,56,1,100,,8235,11,0,56,1,100,,8238,11,0,56,1
42101,'7',915,,8243,11,0,56,1,100,,8240,11,0,56,1,100,,8246,11,0,56,1,100,,8251,11,0,56,1,100,,8241,11,0,56,1,100,,8250,11,0,56,1,100,,8245,11,0,56,1,100,,8248,11,0,56,1,100,,8247,11,0,56,1,100,,8242,11,0,56,1,100,,8249,11,0,56,1,100,,8244,11,0,56,1
