30500,'1',600,42,22068,16,0,22,1,30,2,22054,27,0,22,1,70,42,22074,27,0,22,1,30,2,22067,27,0,22,1,70,42,22066,27,0,22,1,30,2,22058,27,0,22,1,70,42,22064,27,0,22,1,30,2,22071,27,0,22,1,70,42,22072,27,0,22,1,30,2,22069,27,0,22,1,70,42,22057,27,0,22,1,30,2,22061,27,0,22,1,70,42,22065,27,0,22,1,30,2,22062,27,0,22,1,70,42,22073,27,0,22,1,30,2,22060,27,0,22,1,70,42,22063,27,0,22,1,30,,22075,27,0,22,1,70,41,22076,27,0,22,1,30,,22070,27,0,22,1,70,41,22059,27,0,22,1,30,,22056,27,0,22,1,70,41,22055,27,0,22,1,30,,22077,27,0,22,1
30500,'10',600,42,22090,16,0,22,1,30,2,22078,27,0,22,1,70,42,22095,27,0,22,1,30,2,22089,27,0,22,1,70,42,22088,27,0,22,1,30,2,9166,27,0,22,1,70,42,22087,27,0,22,1,30,2,22093,27,0,22,1,70,42,22094,27,0,22,1,30,2,22091,27,0,22,1,70,42,22081,27,0,22,1,30,2,22084,27,0,22,1,70,42,16136,27,0,22,1,30,2,22085,27,0,22,1,70,42,19547,27,0,22,1,30,2,22083,27,0,22,1,70,42,22086,27,0,22,1,30,,22096,27,0,22,1,70,41,22097,27,0,22,1,30,,22092,27,0,22,1,70,41,22082,27,0,22,1,30,,22080,27,0,22,1,70,41,22079,27,0,22,1,30,,22098,27,0,22,1
30500,'3',600,42,22111,16,0,22,1,30,2,22099,27,0,22,1,70,42,22116,27,0,22,1,30,2,22110,27,0,22,1,70,42,22109,27,0,22,1,30,2,9260,27,0,22,1,70,42,22108,27,0,22,1,30,2,22114,27,0,22,1,70,42,22115,27,0,22,1,30,2,22112,27,0,22,1,70,42,22102,27,0,22,1,30,2,22105,27,0,22,1,70,42,16270,27,0,22,1,30,2,22106,27,0,22,1,70,42,19586,27,0,22,1,30,2,22104,27,0,22,1,70,42,22107,27,0,22,1,30,,22117,27,0,22,1,70,41,22118,27,0,22,1,30,,22113,27,0,22,1,70,41,22103,27,0,22,1,30,,22101,27,0,22,1,70,41,22100,27,0,22,1,30,,15883,27,0,22,1
30501,'1',624,5,22127,15,0,27,1,30,5,22131,15,0,27,1,70,5,22140,15,0,27,1,30,5,22135,15,0,27,1,70,5,22142,15,0,27,1,30,5,22137,15,0,27,1,70,5,22130,15,0,27,1,30,5,22126,15,0,27,1,70,4,22123,15,0,27,1,30,4,22125,15,0,27,1,70,4,22143,15,0,27,1,30,4,22138,15,0,27,1,70,4,22139,15,0,27,1,30,4,22136,15,0,27,1,70,4,22122,15,0,27,1,30,4,22134,15,0,27,1,70,4,22120,15,0,27,1,30,4,22132,15,0,27,1,70,4,22128,15,0,27,1,30,4,22133,15,0,27,1,70,4,22119,15,0,27,1,30,4,22124,15,0,27,1,70,4,22141,15,0,27,1,30,4,22121,15,0,27,1,70,,22129,15,4,,1
30501,'10',624,5,22152,15,0,27,1,30,5,22156,15,0,27,1,70,5,19274,15,0,27,1,30,5,22160,15,0,27,1,70,5,22166,15,0,27,1,30,5,22162,15,0,27,1,70,5,22155,15,0,27,1,30,5,22151,15,0,27,1,70,4,22148,15,0,27,1,30,4,22150,15,0,27,1,70,4,8704,15,0,27,1,30,4,22163,15,0,27,1,70,4,22164,15,0,27,1,30,4,22161,15,0,27,1,70,4,22147,15,0,27,1,30,4,22159,15,0,27,1,70,4,22145,15,0,27,1,30,4,22157,15,0,27,1,70,4,22153,15,0,27,1,30,4,22158,15,0,27,1,70,4,22144,15,0,27,1,30,4,22149,15,0,27,1,70,4,22165,15,0,27,1,30,4,22146,15,0,27,1,70,,22154,15,4,,1
30501,'3',624,5,22174,15,0,27,1,30,5,22178,15,0,27,1,70,5,19345,15,0,27,1,30,5,22182,15,0,27,1,70,5,22188,15,0,27,1,30,5,22184,15,0,27,1,70,5,22177,15,0,27,1,30,5,22173,15,0,27,1,70,4,14529,15,0,27,1,30,4,22172,15,0,27,1,70,4,8724,15,0,27,1,30,4,22185,15,0,27,1,70,4,22186,15,0,27,1,30,4,22183,15,0,27,1,70,4,22170,15,0,27,1,30,4,22181,15,0,27,1,70,4,22168,15,0,27,1,30,4,22179,15,0,27,1,70,4,22175,15,0,27,1,30,4,22180,15,0,27,1,70,4,22167,15,0,27,1,30,4,22171,15,0,27,1,70,4,22187,15,0,27,1,30,4,22169,15,0,27,1,70,,22176,15,4,,1
30900,'1',621,,22571,9,0,23,1,30,,22582,9,0,23,1,70,,22580,9,0,23,1,30,,22578,9,0,23,1,70,,22579,9,0,23,1,30,,22584,9,0,23,1,70,,22587,9,0,23,1,30,,22585,9,0,23,1,71,,22573,9,0,23,1,30,,22588,9,0,23,1,70,,22567,9,0,23,1,30,,22570,9,0,23,1,70,,22586,9,0,23,1,30,,22566,9,0,23,1,70,,22572,9,0,23,1,30,,22583,9,0,23,1,73,,22574,9,0,23,1,30,,22575,9,0,23,1,70,,22577,9,0,23,1,30,,22581,9,0,23,1,70,,22568,9,0,23,1,30,,22576,9,0,23,1,70,,22569,9,0,23,1
30900,'10',621,,21393,9,0,23,1,30,,22600,9,0,23,1,70,,22599,9,0,23,1,30,,22597,9,0,23,1,70,,22598,9,0,23,1,30,,10847,9,0,23,1,70,,22604,9,0,23,1,30,,22602,9,0,23,1,71,,10443,9,0,23,1,30,,22605,9,0,23,1,70,,22589,9,0,23,1,30,,9389,9,0,23,1,70,,22603,9,0,23,1,30,,12268,9,0,23,1,70,,22592,9,0,23,1,30,,22601,9,0,23,1,73,,22593,9,0,23,1,30,,22594,9,0,23,1,70,,22596,9,0,23,1,30,,10846,9,0,23,1,70,,22590,9,0,23,1,30,,22595,9,0,23,1,70,,22591,9,0,23,1
30900,'3',621,,21403,9,0,23,1,30,,22616,9,0,23,1,70,,22615,9,0,23,1,30,,22613,9,0,23,1,70,,22614,9,0,23,1,30,,10891,9,0,23,1,70,,22620,9,0,23,1,30,,22618,9,0,23,1,71,,10485,9,0,23,1,30,,22621,9,0,23,1,70,,22606,9,0,23,1,30,,9431,9,0,23,1,70,,22619,9,0,23,1,30,,12301,9,0,23,1,70,,22609,9,0,23,1,30,,22617,9,0,23,1,73,,22610,9,0,23,1,30,,22611,9,0,23,1,70,,20856,9,0,23,1,30,,10890,9,0,23,1,70,,22607,9,0,23,1,30,,22612,9,0,23,1,70,,22608,9,0,23,1
30901,'1',628,,22639,24,0,25 14 26,1,30,,22631,24,0,25 14 26,1,71,,22624,24,0,25 14 26,1,30,,22622,24,0,25 14 26,1,70,,22638,24,0,25 14 26,1,30,,22632,24,0,25 14 26,1,70,,22623,24,0,25 14 26,1,30,,22642,24,0,25 14 26,1,70,,22630,24,0,25 14 26,1,30,,22643,24,0,25 14 26,1,70,,22640,24,0,25 14 26,1,30,,22626,24,0,25 14 26,1,70,,22646,24,0,25 14 26,1,30,,22633,24,0,25 14 26,1,70,,22636,24,0,25 14 26,1,30,,22628,24,0,25 14 26,1,70,,22645,24,0,25 14 26,1,81,3,22637,24,0,25 14 26,1,30,3,22641,24,0,25 14 26,1,70,3,22635,24,0,25 14 26,1,30,3,22627,24,0,25 14 26,1,70,3,22634,24,0,25 14 26,1,30,3,22629,24,0,25 14 26,1,70,3,22644,24,0,25 14 26,1,23,,22625,20,0,25 14 26,1
30901,'10',628,,22661,24,0,25 14 26,1,30,,22654,24,0,25 14 26,1,71,,22649,24,0,25 14 26,1,30,,22647,24,0,25 14 26,1,70,,22660,24,0,25 14 26,1,30,,22655,24,0,25 14 26,1,70,,22648,24,0,25 14 26,1,30,,13366,24,0,25 14 26,1,70,,11885,24,0,25 14 26,1,30,,22664,24,0,25 14 26,1,70,,22662,24,0,25 14 26,1,30,,22651,24,0,25 14 26,1,70,,22666,24,0,25 14 26,1,30,,22656,24,0,25 14 26,1,70,,22658,24,0,25 14 26,1,30,,12272,24,0,25 14 26,1,70,,12606,24,0,25 14 26,1,81,3,22659,24,0,25 14 26,1,30,3,22663,24,0,25 14 26,1,70,3,20020,24,0,25 14 26,1,30,3,22652,24,0,25 14 26,1,70,3,22657,24,0,25 14 26,1,30,3,22653,24,0,25 14 26,1,70,3,22665,24,0,25 14 26,1,23,,22650,20,0,25 14 26,1
30901,'3',628,,22681,24,0,25 14 26,1,30,,22674,24,0,25 14 26,1,71,,22669,24,0,25 14 26,1,30,,22667,24,0,25 14 26,1,70,,22680,24,0,25 14 26,1,30,,22675,24,0,25 14 26,1,70,,22668,24,0,25 14 26,1,30,,13407,24,0,25 14 26,1,70,,11931,24,0,25 14 26,1,30,,22684,24,0,25 14 26,1,70,,22682,24,0,25 14 26,1,30,,22671,24,0,25 14 26,1,70,,22686,24,0,25 14 26,1,30,,22676,24,0,25 14 26,1,70,,22678,24,0,25 14 26,1,30,,12305,24,0,25 14 26,1,70,,12647,24,0,25 14 26,1,81,3,22679,24,0,25 14 26,1,30,3,22683,24,0,25 14 26,1,70,3,20058,24,0,25 14 26,1,30,3,22672,24,0,25 14 26,1,70,3,22677,24,0,25 14 26,1,30,3,22673,24,0,25 14 26,1,70,3,22685,24,0,25 14 26,1,23,,22670,20,0,25 14 26,1
31200,'1',606,,22968,9,0,23,1,30,,22961,9,0,23,1,70,,22960,9,0,23,1,30,,22965,9,0,23,1,70,,22958,9,0,23,1,30,,22975,9,0,23,1,70,,22973,9,0,23,1,30,,22955,9,0,23,1,70,,22959,9,0,23,1,30,,22969,9,0,23,1,70,,22957,9,0,23,1,30,,22966,9,0,23,1,70,,22964,9,0,23,1,30,,22972,9,0,23,1,70,,22978,9,0,23,1,30,,22977,9,0,23,1,74,,22970,9,0,23,1,30,,22962,9,0,23,1,70,,22967,9,0,23,1,30,,22974,9,0,23,1,70,,22979,9,0,23,1,30,,22971,9,0,23,1,70,,22963,9,0,23,1,30,,22956,9,0,23,1,70,,22976,9,0,23,1
31200,'10',606,,22993,9,0,23,1,30,,22986,9,0,23,1,70,,22985,9,0,23,1,30,,22990,9,0,23,1,70,,22983,9,0,23,1,30,,22997,9,0,23,1,70,,22995,9,0,23,1,30,,22980,9,0,23,1,70,,22984,9,0,23,1,30,,15445,9,0,23,1,70,,22982,9,0,23,1,30,,22991,9,0,23,1,70,,22989,9,0,23,1,30,,2983,9,0,23,1,70,,23000,9,0,23,1,30,,22999,9,0,23,1,74,,22994,9,0,23,1,30,,22987,9,0,23,1,70,,22992,9,0,23,1,30,,22996,9,0,23,1,70,,1223,9,0,23,1,30,,13125,9,0,23,1,70,,22988,9,0,23,1,30,,22981,9,0,23,1,70,,22998,9,0,23,1
31200,'3',606,,23013,9,0,23,1,30,,23007,9,0,23,1,70,,23006,9,0,23,1,30,,23011,9,0,23,1,70,,23004,9,0,23,1,30,,23017,9,0,23,1,70,,23015,9,0,23,1,30,,23001,9,0,23,1,70,,23005,9,0,23,1,30,,15487,9,0,23,1,70,,23003,9,0,23,1,30,,3492,9,0,23,1,70,,23010,9,0,23,1,30,,3054,9,0,23,1,70,,23020,9,0,23,1,30,,23019,9,0,23,1,74,,23014,9,0,23,1,30,,23008,9,0,23,1,70,,23012,9,0,23,1,30,,23016,9,0,23,1,70,,1247,9,0,23,1,30,,13237,9,0,23,1,70,,23009,9,0,23,1,30,,23002,9,0,23,1,70,,23018,9,0,23,1
31201,'1',643,,23038,18,,,1,72,,23040,18,,,1,30,,23030,18,,,1,70,,23035,18,,,1,30,,23043,18,,,1,70,,23023,18,,,1,30,,23041,18,,,1,70,,23026,18,,,1,30,,23042,18,,,1,70,,23029,18,,,1,30,,23027,18,,,1,70,,23036,18,,,1,30,,23039,18,,,1,70,,23028,18,,,1,30,,23034,18,,,1,68,,23037,18,,,1,44,3,23025,18,,,1,70,3,23024,18,,,1,30,3,23031,18,,,1,70,3,23021,18,,,1,30,3,23033,18,,,1,70,3,23032,18,,,1,30,3,23022,18,,,1
31201,'10',643,,23057,18,,,1,72,,23058,18,,,1,30,,18078,18,,,1,70,,23054,18,,,1,30,,23061,18,,,1,70,,23046,18,,,1,30,,23059,18,,,1,70,,15305,18,,,1,30,,23060,18,,,1,70,,23050,18,,,1,30,,23048,18,,,1,70,,23055,18,,,1,30,,1694,18,,,1,70,,23049,18,,,1,30,,23053,18,,,1,68,,23056,18,,,1,44,3,12778,18,,,1,70,3,23047,18,,,1,30,3,9781,18,,,1,70,3,23044,18,,,1,30,3,23052,18,,,1,70,3,23051,18,,,1,30,3,23045,18,,,1
31201,'3',643,,23076,18,,,1,72,,23077,18,,,1,30,,18117,18,,,1,70,,23073,18,,,1,30,,23079,18,,,1,70,,23064,18,,,1,30,,15684,18,,,1,70,,23066,18,,,1,30,,23078,18,,,1,70,,23069,18,,,1,30,,23067,18,,,1,70,,23074,18,,,1,30,,1717,18,,,1,70,,23068,18,,,1,30,,23072,18,,,1,68,,23075,18,,,1,44,3,12905,18,,,1,70,3,23065,18,,,1,30,3,9824,18,,,1,70,3,23062,18,,,1,30,3,23071,18,,,1,70,3,23070,18,,,1,30,3,23063,18,,,1
31400,'1',630,,23082,1,,,1,80,,23081,1,,,1,40,,23091,1,,,1,80,,5181,1,,,1,80,,23092,1,,,1,40,,23094,1,,,1,80,,23085,1,,,1,80,,23086,1,,,1,40,,23095,1,,,1,80,,23084,1,,,1,80,,23088,1,,,1,40,,23087,1,,,1,80,,23083,1,,,1,80,,23093,1,,,1,40,,23089,1,,,1,80,,23080,1,,,1,80,,16356,1,,,1,40,,23090,1,,,1
31400,'10',630,,23099,1,,,1,80,,12598,1,,,1,40,,23105,1,,,1,80,,23096,1,,,1,80,,23106,1,,,1,40,,23108,1,,,1,80,,23100,1,,,1,80,,23101,1,,,1,40,,23109,1,,,1,80,,5830,1,,,1,80,,23103,1,,,1,40,,23102,1,,,1,80,,10444,1,,,1,80,,23107,1,,,1,40,,23104,1,,,1,80,,23098,1,,,1,80,,23097,1,,,1,40,,10319,1,,,1
31400,'3',630,,23113,1,,,1,80,,12638,1,,,1,40,,23118,1,,,1,80,,23110,1,,,1,80,,23119,1,,,1,40,,21154,1,,,1,80,,23114,1,,,1,80,,4347,1,,,1,40,,23121,1,,,1,80,,5920,1,,,1,80,,23116,1,,,1,40,,23115,1,,,1,80,,10486,1,,,1,80,,23120,1,,,1,40,,23117,1,,,1,80,,23112,1,,,1,80,,23111,1,,,1,40,,10361,1,,,1
31401,'1',656,,23126,27,4,,1,80,,23123,27,4,,1,80,,23136,27,4,,1,40,,23125,27,4,,1,80,,23137,27,4,,1,80,,23135,27,4,,1,41,,18360,27,4,,1,80,,23131,27,4,,1,80,,23130,27,4,,1,40,,23134,27,4,,1,80,,23124,27,4,,1,80,,23127,27,4,,1,41,,23138,27,4,,1,80,,23129,27,4,,1,80,,23132,27,4,,1,40,,23128,27,4,,1,80,,23133,27,4,,1,80,,23122,27,4,,1
31401,'10',656,,23142,27,4,,1,80,,100,27,4,,1,80,,23150,27,4,,1,40,,23141,27,4,,1,80,,15811,27,4,,1,80,,14808,27,4,,1,41,,23149,27,4,,1,80,,23146,27,4,,1,80,,23145,27,4,,1,40,,23148,27,4,,1,80,,23140,27,4,,1,80,,8409,27,4,,1,41,,23151,27,4,,1,80,,23144,27,4,,1,80,,23147,27,4,,1,40,,23143,27,4,,1,80,,14592,27,4,,1,80,,23139,27,4,,1
31401,'3',656,,23155,27,4,,1,80,,147,27,4,,1,80,,23163,27,4,,1,40,,23154,27,4,,1,80,,23164,27,4,,1,80,,14848,27,4,,1,41,,23162,27,4,,1,80,,23159,27,4,,1,80,,23158,27,4,,1,40,,23161,27,4,,1,80,,23153,27,4,,1,80,,12513,27,4,,1,41,,23165,27,4,,1,80,,23157,27,4,,1,80,,23160,27,4,,1,40,,23156,27,4,,1,80,,14633,27,4,,1,80,,23152,27,4,,1
40900,'1',1755,4,25798,9,0,23,1,100,4,25802,9,0,23,1,100,4,25797,9,0,23,1,100,4,25803,9,0,23,1,100,4,25799,9,0,23,1,100,4,25800,9,0,23,1,100,4,25801,9,0,23,1
40900,'10',1755,4,25805,9,0,23,1,100,4,25809,9,0,23,1,100,4,25804,9,0,23,1,100,4,25810,9,0,23,1,100,4,25806,9,0,23,1,100,4,25807,9,0,23,1,100,4,25808,9,0,23,1
40900,'11',855,4,25811,9,0,23,1,170,4,25821,9,0,23,1,30,4,25820,9,0,23,1,70,4,25812,9,0,23,1,30,4,15125,9,0,23,1,70,4,25823,9,0,23,1,30,4,25826,9,0,23,1,100,4,25825,9,0,23,1,70,4,25813,9,0,23,1,30,4,25818,9,0,23,1,70,4,25815,9,0,23,1,30,4,25819,9,0,23,1,70,4,25824,9,0,23,1,30,4,25817,9,0,23,1,70,4,25814,9,0,23,1,30,4,25822,9,0,23,1,100,4,25816,9,0,23,1,100,4,25827,9,0,23,1
40900,'13',655,4,25837,9,0,23,1,70,4,25849,9,0,23,1,30,4,25854,9,0,23,1,70,4,16235,9,0,23,1,30,4,25841,9,0,23,1,70,4,25828,9,0,23,1,30,4,25840,9,0,23,1,70,4,25851,9,0,23,1,30,4,25847,9,0,23,1,70,4,25832,9,0,23,1,30,4,25831,9,0,23,1,70,4,25846,9,0,23,1,30,4,25843,9,0,23,1,70,4,25842,9,0,23,1,30,4,25829,9,0,23,1,70,4,25850,9,0,23,1,30,4,25853,9,0,23,1,70,4,25834,9,0,23,1,30,4,25845,9,0,23,1,70,4,25839,9,0,23,1,30,4,25836,9,0,23,1,70,4,25833,9,0,23,1,30,4,25848,9,0,23,1,100,4,25830,9,0,23,1,100,4,25852,9,0,23,1,100,4,25844,9,0,23,1,100,4,25835,9,0,23,1,100,4,25838,9,0,23,1,100,4,25855,9,0,23,1
40900,'3',1755,4,25857,9,0,23,1,100,4,25861,9,0,23,1,100,4,25856,9,0,23,1,100,4,25862,9,0,23,1,100,4,25858,9,0,23,1,100,4,25859,9,0,23,1,100,4,25860,9,0,23,1
40900,'8',855,4,25863,9,0,23,1,170,4,25872,9,0,23,1,30,4,25871,9,0,23,1,70,4,25864,9,0,23,1,30,4,25875,9,0,23,1,70,4,25874,9,0,23,1,30,4,25878,9,0,23,1,100,4,25877,9,0,23,1,70,4,25865,9,0,23,1,30,4,25869,9,0,23,1,70,4,19862,9,0,23,1,30,4,25870,9,0,23,1,70,4,25876,9,0,23,1,30,4,25868,9,0,23,1,70,4,25866,9,0,23,1,30,4,25873,9,0,23,1,100,4,25867,9,0,23,1,100,4,25879,9,0,23,1
40901,'1',1856,,25882,24,0,25 12,1,100,,25881,24,0,25 12,1,100,,25883,24,0,25 12,1,100,,25884,24,0,25 12,1,100,,25880,24,0,25 12,1
40901,'10',1856,,25887,24,0,25 12,1,100,,25886,24,0,25 12,1,100,,25888,24,0,25 12,1,100,,25889,24,0,25 12,1,100,,25885,24,0,25 12,1
40901,'11',856,,25890,24,0,25 12,1,100,,25896,24,0,25 12,1,100,,10463,24,0,25 12,1,70,,25898,24,0,25 12,1,30,,25894,24,0,25 12,1,70,,25903,24,0,25 12,1,30,,25895,24,0,25 12,1,70,,25905,24,0,25 12,1,30,,25901,24,0,25 12,1,70,,25899,24,0,25 12,1,30,,25892,24,0,25 12,1,70,,5651,24,0,25 12,1,30,,9552,24,0,25 12,1,70,,25904,24,0,25 12,1,30,,25902,24,0,25 12,1,70,,25900,24,0,25 12,1,30,,25891,24,0,25 12,1,70,,25906,24,0,25 12,1,30,,25893,24,0,25 12,1,100,,25897,24,0,25 12,1
40901,'13',656,,25924,24,0,25 12,1,70,,25921,24,0,25 12,1,30,,25929,24,0,25 12,1,70,,25913,24,0,25 12,1,30,,25925,24,0,25 12,1,70,,25914,24,0,25 12,1,30,,25931,24,0,25 12,1,70,,25915,24,0,25 12,1,30,,5876,24,0,25 12,1,70,,25928,24,0,25 12,1,30,,25911,24,0,25 12,1,70,,25930,24,0,25 12,1,30,,25917,24,0,25 12,1,70,,25922,24,0,25 12,1,30,,25916,24,0,25 12,1,70,,25926,24,0,25 12,1,30,,25907,24,0,25 12,1,70,,25919,24,0,25 12,1,30,,25920,24,0,25 12,1,70,,25923,24,0,25 12,1,30,,25932,24,0,25 12,1,70,,25918,24,0,25 12,1,30,,25912,24,0,25 12,1,70,,25910,24,0,25 12,1,30,,25933,24,0,25 12,1,100,,25908,24,0,25 12,1,100,,8497,24,0,25 12,1,100,,25927,24,0,25 12,1,100,,25909,24,0,25 12,1
40901,'3',1856,,25936,24,0,25 12,1,100,,25935,24,0,25 12,1,100,,4488,24,0,25 12,1,100,,25937,24,0,25 12,1,100,,25934,24,0,25 12,1
40901,'8',856,,25938,24,0,25 12,1,100,,25944,24,0,25 12,1,100,,25947,24,0,25 12,1,70,,25946,24,0,25 12,1,30,,25942,24,0,25 12,1,70,,25952,24,0,25 12,1,30,,25943,24,0,25 12,1,70,,25953,24,0,25 12,1,30,,19755,24,0,25 12,1,70,,25948,24,0,25 12,1,30,,25940,24,0,25 12,1,70,,25950,24,0,25 12,1,30,,25954,24,0,25 12,1,70,,19416,24,0,25 12,1,30,,25951,24,0,25 12,1,70,,25949,24,0,25 12,1,30,,25939,24,0,25 12,1,70,,25955,24,0,25 12,1,30,,25941,24,0,25 12,1,100,,25945,24,0,25 12,1
41200,'1',1830,3,26073,27,0,23,1,100,3,26078,27,0,23,1,100,3,26074,27,0,23,1,100,3,26077,27,0,23,1,100,3,26076,27,0,23,1,100,3,26075,27,0,23,1
41200,'10',1830,3,11756,27,0,23,1,100,3,8701,27,0,23,1,100,3,13490,27,0,23,1,100,3,26081,27,0,23,1,100,3,26080,27,0,23,1,100,3,26079,27,0,23,1
41200,'11',930,3,12491,27,0,23,1,101,3,26092,27,0,23,1,70,43,15039,27,0,23,1,30,3,26097,27,0,23,1,70,43,26083,27,0,23,1,30,3,26087,27,0,23,1,70,43,26091,27,0,23,1,30,3,26095,27,0,23,1,70,43,26094,27,0,23,1,29,3,26086,27,0,23,1,70,43,26090,27,0,23,1,30,3,14826,27,0,23,1,70,43,26096,27,0,23,1,30,3,26093,27,0,23,1,70,43,26089,27,0,23,1,30,3,26084,27,0,23,1,70,43,26088,27,0,23,1,30,3,26085,27,0,23,1,100,3,26082,27,0,23,1
41200,'13',630,3,26115,27,0,23,1,70,43,26102,27,0,23,1,30,3,26111,27,0,23,1,70,43,26116,27,0,23,1,30,3,26125,27,0,23,1,70,43,26107,27,0,23,1,30,3,26108,27,0,23,1,70,43,26101,27,0,23,1,31,3,26112,27,0,23,1,70,43,26105,27,0,23,1,30,3,26120,27,0,23,1,70,43,26103,27,0,23,1,30,3,26104,27,0,23,1,70,43,26109,27,0,23,1,30,3,26122,27,0,23,1,70,43,26121,27,0,23,1,29,3,26124,27,0,23,1,70,43,17193,27,0,23,1,30,3,26114,27,0,23,1,70,43,26118,27,0,23,1,30,3,26119,27,0,23,1,70,43,26106,27,0,23,1,30,3,26117,27,0,23,1,70,43,26113,27,0,23,1,30,3,26123,27,0,23,1,100,3,26099,27,0,23,1,100,3,26098,27,0,23,1,100,3,26110,27,0,23,1,100,3,26100,27,0,23,1,100,3,26126,27,0,23,1
41200,'3',1830,3,11795,27,0,23,1,100,3,8721,27,0,23,1,100,3,13533,27,0,23,1,100,3,26129,27,0,23,1,100,3,26128,27,0,23,1,100,3,26127,27,0,23,1
41200,'8',930,3,26136,27,0,23,1,101,3,26140,27,0,23,1,70,43,26147,27,0,23,1,30,3,26146,27,0,23,1,70,43,26131,27,0,23,1,30,3,26135,27,0,23,1,70,43,26139,27,0,23,1,30,3,26144,27,0,23,1,70,43,26143,27,0,23,1,29,3,26134,27,0,23,1,70,43,26138,27,0,23,1,30,3,26141,27,0,23,1,70,43,26145,27,0,23,1,30,3,26142,27,0,23,1,70,43,17378,27,0,23,1,30,3,26132,27,0,23,1,70,43,26137,27,0,23,1,30,3,26133,27,0,23,1,100,3,26130,27,0,23,1
41201,'1',1820,,26153,18,0,68,1,100,,26150,18,0,68,1,100,,26152,18,0,68,1,100,,26149,18,0,68,1,100,,26148,18,0,68,1,100,,26151,18,0,68,1
41201,'10',1820,,6707,18,0,68,1,100,,26155,18,0,68,1,100,,26157,18,0,68,1,100,,11224,18,0,68,1,100,,26154,18,0,68,1,100,,26156,18,0,68,1
41201,'11',920,,26169,18,0,68,1,100,,26160,18,0,68,1,30,,10071,18,0,68,1,70,,26163,18,0,68,1,30,,26158,18,0,68,1,70,,26164,18,0,68,1,30,,26159,18,0,68,1,70,,9547,18,0,68,1,30,,26167,18,0,68,1,70,,14514,18,0,68,1,30,,26162,18,0,68,1,70,,8073,18,0,68,1,30,,8486,18,0,68,1,70,,26165,18,0,68,1,30,,26161,18,0,68,1,70,,26170,18,0,68,1,30,,26168,18,0,68,1,70,,26171,18,0,68,1,100,,26166,18,0,68,1,100,,9809,18,0,68,1
41201,'13',620,,26182,18,0,68,1,30,,26175,18,0,68,1,70,,26173,18,0,68,1,30,,26184,18,0,68,1,70,,26174,18,0,68,1,30,,26190,18,0,68,1,70,,26181,18,0,68,1,30,,26191,18,0,68,1,70,,26188,18,0,68,1,30,,26176,18,0,68,1,70,,26185,18,0,68,1,30,,26186,18,0,68,1,70,,26187,18,0,68,1,30,,6486,18,0,68,1,70,,26172,18,0,68,1,30,,26180,18,0,68,1,70,,26196,18,0,68,1,30,,26197,18,0,68,1,70,,26183,18,0,68,1,30,,20043,18,0,68,1,70,,17155,18,0,68,1,30,,26194,18,0,68,1,70,,26192,18,0,68,1,30,,26193,18,0,68,1,70,,26178,18,0,68,1,100,,14310,18,0,68,1,100,,26179,18,0,68,1,100,,26195,18,0,68,1,100,,26189,18,0,68,1,100,,26177,18,0,68,1
41201,'3',1820,,6749,18,0,68,1,100,,26199,18,0,68,1,100,,26201,18,0,68,1,100,,11267,18,0,68,1,100,,26198,18,0,68,1,100,,26200,18,0,68,1
41201,'8',920,,26218,18,0,68,1,100,,26205,18,0,68,1,30,,26204,18,0,68,1,70,,26208,18,0,68,1,30,,26202,18,0,68,1,70,,26209,18,0,68,1,30,,26203,18,0,68,1,70,,26211,18,0,68,1,30,,26216,18,0,68,1,70,,26212,18,0,68,1,30,,26207,18,0,68,1,70,,26213,18,0,68,1,30,,26214,18,0,68,1,70,,26210,18,0,68,1,30,,26206,18,0,68,1,70,,26219,18,0,68,1,30,,26217,18,0,68,1,70,,26220,18,0,68,1,100,,18647,18,0,68,1,100,,26215,18,0,68,1
41400,'13',630,,26221,1,,,1,80,,26235,1,,,1,40,,26230,1,,,1,80,,26236,1,,,1,80,,26222,1,,,1,40,,26227,1,,,1,80,,26229,1,,,1,80,,7268,1,,,1,40,,26224,1,,,1,80,,26231,1,,,1,80,,26228,1,,,1,40,,26226,1,,,1,80,,16926,1,,,1,80,,26223,1,,,1,40,,26234,1,,,1,80,,26233,1,,,1,80,,26225,1,,,1,40,,26232,1,,,1
41401,'13',655,,26242,27,4,,1,80,,26245,27,4,,1,80,,26238,27,4,,1,40,,17987,27,4,,1,80,,26249,27,4,,1,80,,26237,27,4,,1,41,,26253,27,4,,1,80,,26247,27,4,,1,80,,26248,27,4,,1,40,,26240,27,4,,1,80,,26243,27,4,,1,80,,26239,27,4,,1,41,,26250,27,4,,1,80,,26246,27,4,,1,80,,26241,27,4,,1,40,,26251,27,4,,1,80,,26244,27,4,,1,80,,26252,27,4,,1
