30400,'12',707,,33509,17,0,39 40 41,1,30,,33512,17,0,39 40 41,1,70,,33503,17,0,39 40 41,1,30,,33505,17,0,39 40 41,1,70,,33493,17,0,39 40 41,1,30,,33506,17,0,39 40 41,1,72,,33495,17,0,39 40 41,1,30,,33508,17,0,39 40 41,1,70,,33507,17,0,39 40 41,1,30,,33492,17,0,39 40 41,1,70,,33497,17,0,39 40 41,1,30,,33499,17,0,39 40 41,1,70,,33504,17,0,39 40 41,1,30,,33511,17,0,39 40 41,1,71,,33498,17,0,39 40 41,1,30,,33500,17,0,39 40 41,1,70,,33491,17,0,39 40 41,1,30,,33496,17,0,39 40 41,1,70,,33494,17,0,39 40 41,1,30,,33513,17,0,39 40 41,1,70,,33502,17,0,39 40 41,1,30,,33501,17,0,39 40 41,1,70,,33510,17,0,39 40 41,1
30400,'13',707,,33529,17,0,39 40 41,1,30,,33532,17,0,39 40 41,1,70,,33524,17,0,39 40 41,1,30,,33525,17,0,39 40 41,1,70,,29321,17,0,39 40 41,1,30,,33526,17,0,39 40 41,1,72,,33516,17,0,39 40 41,1,30,,33528,17,0,39 40 41,1,70,,33527,17,0,39 40 41,1,30,,28018,17,0,39 40 41,1,70,,33518,17,0,39 40 41,1,30,,33520,17,0,39 40 41,1,70,,27980,17,0,39 40 41,1,30,,33531,17,0,39 40 41,1,71,,33519,17,0,39 40 41,1,30,,33521,17,0,39 40 41,1,70,,33514,17,0,39 40 41,1,30,,33517,17,0,39 40 41,1,70,,33515,17,0,39 40 41,1,30,,33533,17,0,39 40 41,1,70,,33523,17,0,39 40 41,1,30,,33522,17,0,39 40 41,1,70,,33530,17,0,39 40 41,1
30400,'3',707,,33549,17,0,39 40 41,1,30,,33552,17,0,39 40 41,1,70,,33544,17,0,39 40 41,1,30,,33545,17,0,39 40 41,1,70,,29342,17,0,39 40 41,1,30,,33546,17,0,39 40 41,1,72,,33536,17,0,39 40 41,1,30,,33548,17,0,39 40 41,1,70,,33547,17,0,39 40 41,1,30,,28041,17,0,39 40 41,1,70,,33538,17,0,39 40 41,1,30,,33540,17,0,39 40 41,1,70,,28003,17,0,39 40 41,1,30,,33551,17,0,39 40 41,1,71,,33539,17,0,39 40 41,1,30,,33541,17,0,39 40 41,1,70,,33534,17,0,39 40 41,1,30,,33537,17,0,39 40 41,1,70,,33535,17,0,39 40 41,1,30,,33553,17,0,39 40 41,1,70,,33543,17,0,39 40 41,1,30,,33542,17,0,39 40 41,1,70,,33550,17,0,39 40 41,1
30400,'6',707,,33572,17,0,39 40 41,1,30,,33575,17,0,39 40 41,1,70,,33566,17,0,39 40 41,1,30,,33568,17,0,39 40 41,1,70,,33556,17,0,39 40 41,1,30,,33569,17,0,39 40 41,1,72,,33558,17,0,39 40 41,1,30,,33571,17,0,39 40 41,1,70,,33570,17,0,39 40 41,1,30,,33555,17,0,39 40 41,1,70,,33560,17,0,39 40 41,1,30,,33562,17,0,39 40 41,1,70,,33567,17,0,39 40 41,1,30,,33574,17,0,39 40 41,1,71,,33561,17,0,39 40 41,1,30,,33563,17,0,39 40 41,1,70,,33554,17,0,39 40 41,1,30,,33559,17,0,39 40 41,1,70,,33557,17,0,39 40 41,1,30,,33576,17,0,39 40 41,1,70,,33565,17,0,39 40 41,1,30,,33564,17,0,39 40 41,1,70,,33573,17,0,39 40 41,1
40400,'1',622,,38560,17,0,39 40 42 18,1,30,,38561,17,0,39 40 42 18,1,70,,38549,17,0,39 40 42 18,1,30,,38570,17,0,39 40 42 18,1,70,,38572,17,0,39 40 42 18,1,30,,38564,17,0,39 40 42 18,1,70,,38558,17,0,39 40 42 18,1,30,,38553,17,0,39 40 42 18,1,71,,38562,17,0,39 40 42 18,1,30,,31463,17,0,39 40 42 18,1,70,,38557,17,0,39 40 42 18,1,30,,38573,17,0,39 40 42 18,1,70,,38567,17,0,39 40 42 18,1,30,,38552,17,0,39 40 42 18,1,70,,38574,17,0,39 40 42 18,1,30,,38551,17,0,39 40 42 18,1,69,,29896,17,0,39 40 42 18,1,30,,38550,17,0,39 40 42 18,1,70,,38568,17,0,39 40 42 18,1,30,,38563,17,0,39 40 42 18,1,70,,38571,17,0,39 40 42 18,1,30,,31341,17,0,39 40 42 18,1,70,,38565,17,0,39 40 42 18,1,30,,38559,17,0,39 40 42 18,1,70,,38566,17,0,39 40 42 18,1,100,,38569,17,0,39 40 42 18,1,100,,38556,17,0,39 40 42 18,1,100,,38554,17,0,39 40 42 18,1,100,,38555,17,0,39 40 42 18,1,100,,31995,17,0,39 40 42 18,1
40400,'11',622,,38589,17,0,39 40 42 18,1,30,,38590,17,0,39 40 42 18,1,70,,38575,17,0,39 40 42 18,1,30,,38600,17,0,39 40 42 18,1,70,,38602,17,0,39 40 42 18,1,30,,38593,17,0,39 40 42 18,1,70,,38584,17,0,39 40 42 18,1,30,,38579,17,0,39 40 42 18,1,71,,38591,17,0,39 40 42 18,1,30,,38588,17,0,39 40 42 18,1,70,,38583,17,0,39 40 42 18,1,30,,38603,17,0,39 40 42 18,1,70,,38596,17,0,39 40 42 18,1,30,,38578,17,0,39 40 42 18,1,70,,38604,17,0,39 40 42 18,1,30,,38577,17,0,39 40 42 18,1,69,,38597,17,0,39 40 42 18,1,30,,38576,17,0,39 40 42 18,1,70,,38598,17,0,39 40 42 18,1,30,,38592,17,0,39 40 42 18,1,70,,38601,17,0,39 40 42 18,1,30,,38586,17,0,39 40 42 18,1,70,,38594,17,0,39 40 42 18,1,30,,38587,17,0,39 40 42 18,1,70,,38595,17,0,39 40 42 18,1,100,,38599,17,0,39 40 42 18,1,100,,38582,17,0,39 40 42 18,1,100,,38580,17,0,39 40 42 18,1,100,,38581,17,0,39 40 42 18,1,100,,38585,17,0,39 40 42 18,1
40400,'12',1822,,38608,17,0,39 40 42 18,1,100,,38606,17,0,39 40 42 18,1,100,,38609,17,0,39 40 42 18,1,100,,38605,17,0,39 40 42 18,1,100,,38610,17,0,39 40 42 18,1,100,,38607,17,0,39 40 42 18,1
40400,'13',1822,,38614,17,0,39 40 42 18,1,100,,38612,17,0,39 40 42 18,1,100,,38615,17,0,39 40 42 18,1,100,,38611,17,0,39 40 42 18,1,100,,38616,17,0,39 40 42 18,1,100,,38613,17,0,39 40 42 18,1
40400,'14',1123,,38619,17,0,39 40 42 18,1,100,,38617,17,0,39 40 42 18,1,100,,38620,17,0,39 40 42 18,1,99,,38618,17,0,39 40 42 18,1,100,,38623,17,0,39 40 42 18,1,100,,38621,17,0,39 40 42 18,1,100,,38622,17,0,39 40 42 18,1
40400,'16',622,,38635,17,0,39 40 42 18,1,30,,38636,17,0,39 40 42 18,1,70,,38624,17,0,39 40 42 18,1,30,,38645,17,0,39 40 42 18,1,70,,38647,17,0,39 40 42 18,1,30,,38639,17,0,39 40 42 18,1,70,,38633,17,0,39 40 42 18,1,30,,38628,17,0,39 40 42 18,1,71,,38637,17,0,39 40 42 18,1,30,,31480,17,0,39 40 42 18,1,70,,38632,17,0,39 40 42 18,1,30,,38648,17,0,39 40 42 18,1,70,,38642,17,0,39 40 42 18,1,30,,38627,17,0,39 40 42 18,1,70,,38649,17,0,39 40 42 18,1,30,,38626,17,0,39 40 42 18,1,69,,29976,17,0,39 40 42 18,1,30,,38625,17,0,39 40 42 18,1,70,,38643,17,0,39 40 42 18,1,30,,38638,17,0,39 40 42 18,1,70,,38646,17,0,39 40 42 18,1,30,,31382,17,0,39 40 42 18,1,70,,38640,17,0,39 40 42 18,1,30,,38634,17,0,39 40 42 18,1,70,,38641,17,0,39 40 42 18,1,100,,38644,17,0,39 40 42 18,1,100,,38631,17,0,39 40 42 18,1,100,,38629,17,0,39 40 42 18,1,100,,38630,17,0,39 40 42 18,1,100,,32032,17,0,39 40 42 18,1
40400,'3',1822,,38653,17,0,39 40 42 18,1,100,,38651,17,0,39 40 42 18,1,100,,38654,17,0,39 40 42 18,1,100,,38650,17,0,39 40 42 18,1,100,,38655,17,0,39 40 42 18,1,100,,38652,17,0,39 40 42 18,1
40400,'6',1822,,38659,17,0,39 40 42 18,1,100,,38657,17,0,39 40 42 18,1,100,,38660,17,0,39 40 42 18,1,100,,38656,17,0,39 40 42 18,1,100,,38661,17,0,39 40 42 18,1,100,,38658,17,0,39 40 42 18,1
40400,'8',922,,38680,17,0,39 40 42 18,1,101,,38669,17,0,39 40 42 18,1,30,,38679,17,0,39 40 42 18,1,70,,38673,17,0,39 40 42 18,1,30,,38672,17,0,39 40 42 18,1,70,,38674,17,0,39 40 42 18,1,30,,38670,17,0,39 40 42 18,1,70,,38666,17,0,39 40 42 18,1,30,,38676,17,0,39 40 42 18,1,69,,38677,17,0,39 40 42 18,1,30,,38671,17,0,39 40 42 18,1,70,,38668,17,0,39 40 42 18,1,30,,38663,17,0,39 40 42 18,1,70,,38664,17,0,39 40 42 18,1,30,,38665,17,0,39 40 42 18,1,70,,38675,17,0,39 40 42 18,1,30,,38678,17,0,39 40 42 18,1,70,,38667,17,0,39 40 42 18,1,100,,38662,17,0,39 40 42 18,1
