30200,'12',629,,33134,31,0,11,1,30,,33147,31,0,11,1,70,,33146,31,0,11,1,30,,33145,31,0,11,1,70,,33150,31,0,11,1,30,,33144,31,0,11,1,70,,33133,31,0,11,1,30,,33138,31,0,11,1,74,,33151,31,0,11,1,70,,33131,31,0,11,1,30,,33135,31,0,11,1,70,,33132,31,0,11,1,30,,33149,31,0,11,1,70,,33129,31,0,11,1,30,,33148,31,0,11,1,70,,33140,31,0,11,1,29,,33142,31,0,11,1,70,,33143,31,0,11,1,30,,33137,31,0,11,1,70,,33130,31,0,11,1,30,,33136,31,0,11,1,70,,33139,31,0,11,1,30,,33141,31,0,11,1
30200,'13',629,,33156,31,0,11,1,30,,33168,31,0,11,1,70,,33167,31,0,11,1,30,,33166,31,0,11,1,70,,33170,31,0,11,1,30,,33165,31,0,11,1,70,,33155,31,0,11,1,30,,27942,31,0,11,1,74,,33171,31,0,11,1,70,,33153,31,0,11,1,30,,33157,31,0,11,1,70,,33154,31,0,11,1,30,,33169,31,0,11,1,70,,28545,31,0,11,1,30,,29185,31,0,11,1,70,,33161,31,0,11,1,29,,33163,31,0,11,1,70,,33164,31,0,11,1,30,,33159,31,0,11,1,70,,33152,31,0,11,1,30,,33158,31,0,11,1,70,,33160,31,0,11,1,30,,33162,31,0,11,1
30200,'3',629,,33176,31,0,11,1,30,,33188,31,0,11,1,70,,33187,31,0,11,1,30,,33186,31,0,11,1,70,,33190,31,0,11,1,30,,33185,31,0,11,1,70,,33175,31,0,11,1,30,,27959,31,0,11,1,74,,33191,31,0,11,1,70,,33173,31,0,11,1,30,,33177,31,0,11,1,70,,33174,31,0,11,1,30,,33189,31,0,11,1,70,,28567,31,0,11,1,30,,29196,31,0,11,1,70,,33181,31,0,11,1,29,,33183,31,0,11,1,70,,33184,31,0,11,1,30,,33179,31,0,11,1,70,,33172,31,0,11,1,30,,33178,31,0,11,1,70,,33180,31,0,11,1,30,,33182,31,0,11,1
30200,'6',629,,33197,31,0,11,1,30,,33210,31,0,11,1,70,,33209,31,0,11,1,30,,33208,31,0,11,1,70,,33213,31,0,11,1,30,,33207,31,0,11,1,70,,33196,31,0,11,1,30,,33201,31,0,11,1,74,,33214,31,0,11,1,70,,33194,31,0,11,1,30,,33198,31,0,11,1,70,,33195,31,0,11,1,30,,33212,31,0,11,1,70,,33192,31,0,11,1,30,,33211,31,0,11,1,70,,33203,31,0,11,1,29,,33205,31,0,11,1,70,,33206,31,0,11,1,30,,33200,31,0,11,1,70,,33193,31,0,11,1,30,,33199,31,0,11,1,70,,33202,31,0,11,1,30,,33204,31,0,11,1
30900,'12',626,,34408,24,0,23,1,30,,34397,24,0,23,1,71,,34402,24,0,23,1,30,,34399,24,0,23,1,70,,34391,24,0,23,1,30,,34409,24,0,23,1,70,,34395,24,0,23,1,30,,34404,24,0,23,1,71,,34401,24,0,23,1,30,,34400,24,0,23,1,70,,34393,24,0,23,1,30,,34411,24,0,23,1,70,,34390,24,0,23,1,30,,34398,24,0,23,1,70,,34410,24,0,23,1,30,,34394,24,0,23,1,74,,34406,24,0,23,1,70,,34392,24,0,23,1,30,,34407,24,0,23,1,70,,34405,24,0,23,1,30,,34396,24,0,23,1,70,,34403,24,0,23,1,30,,34389,24,0,23,1
30900,'13',626,,34426,24,0,23,1,30,,34418,24,0,23,1,71,,34421,24,0,23,1,30,,34419,24,0,23,1,70,,34414,24,0,23,1,30,,34427,24,0,23,1,70,,34416,24,0,23,1,30,,27440,24,0,23,1,71,,27095,24,0,23,1,30,,34420,24,0,23,1,70,,28989,24,0,23,1,30,,34428,24,0,23,1,70,,34413,24,0,23,1,30,,29327,24,0,23,1,70,,29478,24,0,23,1,30,,28899,24,0,23,1,74,,34424,24,0,23,1,70,,34415,24,0,23,1,30,,34425,24,0,23,1,70,,34423,24,0,23,1,30,,34417,24,0,23,1,70,,34422,24,0,23,1,30,,34412,24,0,23,1
30900,'3',626,,34443,24,0,23,1,30,,34435,24,0,23,1,71,,34438,24,0,23,1,30,,34436,24,0,23,1,70,,34431,24,0,23,1,30,,34444,24,0,23,1,70,,34433,24,0,23,1,30,,27489,24,0,23,1,71,,27099,24,0,23,1,30,,34437,24,0,23,1,70,,29011,24,0,23,1,30,,34445,24,0,23,1,70,,34430,24,0,23,1,30,,29348,24,0,23,1,70,,29599,24,0,23,1,30,,28923,24,0,23,1,74,,34441,24,0,23,1,70,,34432,24,0,23,1,30,,34442,24,0,23,1,70,,34440,24,0,23,1,30,,34434,24,0,23,1,70,,34439,24,0,23,1,30,,34429,24,0,23,1
30900,'6',626,,34465,24,0,23,1,30,,34454,24,0,23,1,71,,34459,24,0,23,1,30,,34456,24,0,23,1,70,,34448,24,0,23,1,30,,34466,24,0,23,1,70,,34452,24,0,23,1,30,,34461,24,0,23,1,71,,34458,24,0,23,1,30,,34457,24,0,23,1,70,,34450,24,0,23,1,30,,34468,24,0,23,1,70,,34447,24,0,23,1,30,,34455,24,0,23,1,70,,34467,24,0,23,1,30,,34451,24,0,23,1,74,,34463,24,0,23,1,70,,34449,24,0,23,1,30,,34464,24,0,23,1,70,,34462,24,0,23,1,30,,34453,24,0,23,1,70,,34460,24,0,23,1,30,,34446,24,0,23,1
40200,'1',629,,38289,31,0,13 14,1,30,,38293,31,0,13 14,1,70,,38305,31,0,13 14,1,30,,38286,31,0,13 14,1,70,,38303,31,0,13 14,1,30,,38284,31,0,13 14,1,70,,38287,31,0,13 14,1,30,,38283,31,0,13 14,1,70,,29418,31,0,13 14,1,30,,38294,31,0,13 14,1,70,,38290,31,0,13 14,1,30,,38306,31,0,13 14,1,70,,38307,31,0,13 14,1,30,,38288,31,0,13 14,1,70,,38301,31,0,13 14,1,30,,38298,31,0,13 14,1,70,,38297,31,0,13 14,1,30,,38300,31,0,13 14,1,70,,38295,31,0,13 14,1,30,,29676,31,0,13 14,1,70,,38292,31,0,13 14,1,30,,38291,31,0,13 14,1,70,,38282,31,0,13 14,1,30,,38296,31,0,13 14,1,100,,31675,31,0,13 14,1,98,,38285,31,0,13 14,1,100,,38299,31,0,13 14,1,100,,38304,31,0,13 14,1,100,,38302,31,0,13 14,1
40200,'11',629,,38316,31,0,13 14,1,30,,38321,31,0,13 14,1,70,,38333,31,0,13 14,1,30,,38312,31,0,13 14,1,70,,38331,31,0,13 14,1,30,,38310,31,0,13 14,1,70,,38313,31,0,13 14,1,30,,38309,31,0,13 14,1,70,,38320,31,0,13 14,1,30,,38322,31,0,13 14,1,70,,38317,31,0,13 14,1,30,,38334,31,0,13 14,1,70,,38335,31,0,13 14,1,30,,38314,31,0,13 14,1,70,,38329,31,0,13 14,1,30,,38326,31,0,13 14,1,70,,38325,31,0,13 14,1,30,,38328,31,0,13 14,1,70,,38323,31,0,13 14,1,30,,38336,31,0,13 14,1,70,,38319,31,0,13 14,1,30,,38318,31,0,13 14,1,70,,38308,31,0,13 14,1,30,,38324,31,0,13 14,1,100,,38315,31,0,13 14,1,98,,38311,31,0,13 14,1,100,,38327,31,0,13 14,1,100,,38332,31,0,13 14,1,100,,38330,31,0,13 14,1
40200,'12',1759,,38340,31,0,13 14,1,100,,38338,31,0,13 14,1,98,,38342,31,0,13 14,1,100,,38339,31,0,13 14,1,100,,38341,31,0,13 14,1,100,,38337,31,0,13 14,1
40200,'13',1759,,38346,31,0,13 14,1,100,,38344,31,0,13 14,1,98,,38348,31,0,13 14,1,100,,38345,31,0,13 14,1,100,,38347,31,0,13 14,1,100,,38343,31,0,13 14,1
40200,'14',1059,,38356,31,0,13 14,1,100,,38349,31,0,13 14,1,100,,38350,31,0,13 14,1,100,,38355,31,0,13 14,1,100,,38351,31,0,13 14,1,100,,38354,31,0,13 14,1,100,,38352,31,0,13 14,1,100,,38353,31,0,13 14,1
40200,'16',629,,38364,31,0,13 14,1,30,,38368,31,0,13 14,1,70,,38380,31,0,13 14,1,30,,38361,31,0,13 14,1,70,,38378,31,0,13 14,1,30,,38359,31,0,13 14,1,70,,38362,31,0,13 14,1,30,,38358,31,0,13 14,1,70,,29537,31,0,13 14,1,30,,38369,31,0,13 14,1,70,,38365,31,0,13 14,1,30,,38381,31,0,13 14,1,70,,38382,31,0,13 14,1,30,,38363,31,0,13 14,1,70,,38376,31,0,13 14,1,30,,38373,31,0,13 14,1,70,,38372,31,0,13 14,1,30,,38375,31,0,13 14,1,70,,38370,31,0,13 14,1,30,,29795,31,0,13 14,1,70,,38367,31,0,13 14,1,30,,38366,31,0,13 14,1,70,,38357,31,0,13 14,1,30,,38371,31,0,13 14,1,100,,31732,31,0,13 14,1,98,,38360,31,0,13 14,1,100,,38374,31,0,13 14,1,100,,38379,31,0,13 14,1,100,,38377,31,0,13 14,1
40200,'3',1759,,38386,31,0,13 14,1,100,,38384,31,0,13 14,1,98,,38388,31,0,13 14,1,100,,38385,31,0,13 14,1,100,,38387,31,0,13 14,1,100,,38383,31,0,13 14,1
40200,'6',1759,,38392,31,0,13 14,1,100,,38390,31,0,13 14,1,98,,38394,31,0,13 14,1,100,,38391,31,0,13 14,1,100,,38393,31,0,13 14,1,100,,38389,31,0,13 14,1
40200,'8',859,,38397,31,0,13 14,1,100,,38401,31,0,13 14,1,70,,38413,31,0,13 14,1,30,,38395,31,0,13 14,1,70,,38414,31,0,13 14,1,30,,38407,31,0,13 14,1,70,,38411,31,0,13 14,1,30,,38396,31,0,13 14,1,70,,38400,31,0,13 14,1,30,,38408,31,0,13 14,1,70,,38398,31,0,13 14,1,30,,38403,31,0,13 14,1,70,,38405,31,0,13 14,1,30,,38412,31,0,13 14,1,70,,38404,31,0,13 14,1,30,,38410,31,0,13 14,1,70,,38406,31,0,13 14,1,30,,38409,31,0,13 14,1,100,,38402,31,0,13 14,1,98,,38399,31,0,13 14,1
40900,'1',700,,39350,24,0,23,1,30,,39359,24,0,23,1,70,,39351,24,0,23,1,30,,39367,24,0,23,1,70,,32246,24,0,23,1,30,,39349,24,0,23,1,70,,39348,24,0,23,1,32,,39345,24,0,23,1,70,,39363,24,0,23,1,30,,39362,24,0,23,1,70,,39355,24,0,23,1,30,,31045,24,0,23,1,70,,39365,24,0,23,1,30,,39346,24,0,23,1,70,,39343,24,0,23,1,30,,39353,24,0,23,1,70,,39360,24,0,23,1,30,,39358,24,0,23,1,70,,39354,24,0,23,1,30,,39344,24,0,23,1,70,,39356,24,0,23,1,30,,39357,24,0,23,1,70,,39347,24,0,23,1,100,,39364,24,0,23,1,98,,39342,24,0,23,1,100,,39366,24,0,23,1,100,,39361,24,0,23,1,100,,39368,24,0,23,1,100,,39352,24,0,23,1
40900,'11',700,,39378,24,0,23,1,30,,39387,24,0,23,1,70,,39379,24,0,23,1,30,,39395,24,0,23,1,70,,39370,24,0,23,1,30,,39377,24,0,23,1,70,,39376,24,0,23,1,32,,39373,24,0,23,1,70,,39391,24,0,23,1,30,,39390,24,0,23,1,70,,39383,24,0,23,1,30,,39396,24,0,23,1,70,,39393,24,0,23,1,30,,39374,24,0,23,1,70,,39371,24,0,23,1,30,,39381,24,0,23,1,70,,39388,24,0,23,1,30,,39386,24,0,23,1,70,,39382,24,0,23,1,30,,39372,24,0,23,1,70,,39384,24,0,23,1,30,,39385,24,0,23,1,70,,39375,24,0,23,1,100,,39392,24,0,23,1,98,,39369,24,0,23,1,100,,39394,24,0,23,1,100,,39389,24,0,23,1,100,,39397,24,0,23,1,100,,39380,24,0,23,1
40900,'12',1802,,39403,24,0,23,1,100,,39398,24,0,23,1,98,,39404,24,0,23,1,100,,39402,24,0,23,1,100,,39401,24,0,23,1,100,,39399,24,0,23,1,100,,39400,24,0,23,1
40900,'13',1802,,39408,24,0,23,1,100,,39405,24,0,23,1,98,,39409,24,0,23,1,100,,27727,24,0,23,1,100,,28548,24,0,23,1,100,,39406,24,0,23,1,100,,39407,24,0,23,1
40900,'14',1102,,39410,24,0,23,1,100,,39416,24,0,23,1,100,,39414,24,0,23,1,100,,39415,24,0,23,1,100,,39417,24,0,23,1,100,,39413,24,0,23,1,100,,39412,24,0,23,1,100,,39411,24,0,23,1
40900,'16',700,,39426,24,0,23,1,30,,39435,24,0,23,1,70,,39427,24,0,23,1,30,,39443,24,0,23,1,70,,32290,24,0,23,1,30,,39425,24,0,23,1,70,,39424,24,0,23,1,32,,39421,24,0,23,1,70,,39439,24,0,23,1,30,,39438,24,0,23,1,70,,39431,24,0,23,1,30,,31083,24,0,23,1,70,,39441,24,0,23,1,30,,39422,24,0,23,1,70,,39419,24,0,23,1,30,,39429,24,0,23,1,70,,39436,24,0,23,1,30,,39434,24,0,23,1,70,,39430,24,0,23,1,30,,39420,24,0,23,1,70,,39432,24,0,23,1,30,,39433,24,0,23,1,70,,39423,24,0,23,1,100,,39440,24,0,23,1,98,,39418,24,0,23,1,100,,39442,24,0,23,1,100,,39437,24,0,23,1,100,,39444,24,0,23,1,100,,39428,24,0,23,1
40900,'3',1802,,39448,24,0,23,1,100,,39445,24,0,23,1,98,,39449,24,0,23,1,100,,27748,24,0,23,1,100,,28570,24,0,23,1,100,,39446,24,0,23,1,100,,39447,24,0,23,1
40900,'6',1802,,39455,24,0,23,1,100,,39450,24,0,23,1,98,,39456,24,0,23,1,100,,39454,24,0,23,1,100,,39453,24,0,23,1,100,,39451,24,0,23,1,100,,39452,24,0,23,1
40900,'8',900,,39471,24,0,23,1,132,,39458,24,0,23,1,70,,39461,24,0,23,1,30,,39470,24,0,23,1,70,,39464,24,0,23,1,30,,39469,24,0,23,1,70,,39468,24,0,23,1,100,,39459,24,0,23,1,30,,26494,24,0,23,1,70,,39460,24,0,23,1,30,,39467,24,0,23,1,70,,39466,24,0,23,1,30,,39463,24,0,23,1,70,,39457,24,0,23,1,30,,39473,24,0,23,1,70,,39472,24,0,23,1,100,,39465,24,0,23,1,98,,39462,24,0,23,1
