30700,'1',642,,1369,22,0,65 14,1,70,,1364,22,0,65 14,1,30,,1357,22,0,65 14,1,70,,1371,22,0,65 14,1,30,,1368,22,0,65 14,1,70,,1374,22,0,65 14,1,30,,1366,22,0,65 14,1,71,,1356,22,0,65 14,1,30,,1354,22,0,65 14,1,70,,1370,22,0,65 14,1,30,,1362,22,0,65 14,1,70,,1353,22,0,65 14,1,30,,1360,22,0,65 14,1,70,,1375,22,0,65 14,1,30,,1358,22,0,65 14,1,70,,1361,22,0,65 14,1,30,,1359,22,0,65 14,1,70,,1355,22,0,65 14,1,30,,1365,22,0,65 14,1,70,,1372,22,0,65 14,1,30,,1363,22,0,65 14,1,70,,1367,22,0,65 14,1,30,,1373,22,0,65 14,1
30700,'10',642,,1392,22,0,65 14,1,70,,1387,22,0,65 14,1,30,,1380,22,0,65 14,1,70,,1394,22,0,65 14,1,30,,1391,22,0,65 14,1,70,,1397,22,0,65 14,1,30,,1389,22,0,65 14,1,71,,1379,22,0,65 14,1,30,,1377,22,0,65 14,1,70,,1393,22,0,65 14,1,30,,1385,22,0,65 14,1,70,,1376,22,0,65 14,1,30,,1383,22,0,65 14,1,70,,1398,22,0,65 14,1,30,,1381,22,0,65 14,1,70,,1384,22,0,65 14,1,30,,1382,22,0,65 14,1,70,,1378,22,0,65 14,1,30,,1388,22,0,65 14,1,70,,1395,22,0,65 14,1,30,,1386,22,0,65 14,1,70,,1390,22,0,65 14,1,30,,1396,22,0,65 14,1
30700,'11',642,,1415,22,0,65 14,1,70,,1410,22,0,65 14,1,30,,1403,22,0,65 14,1,70,,1417,22,0,65 14,1,30,,1414,22,0,65 14,1,70,,1420,22,0,65 14,1,30,,1412,22,0,65 14,1,71,,1402,22,0,65 14,1,30,,1400,22,0,65 14,1,70,,1416,22,0,65 14,1,30,,1408,22,0,65 14,1,70,,1399,22,0,65 14,1,30,,1406,22,0,65 14,1,70,,1421,22,0,65 14,1,30,,1404,22,0,65 14,1,70,,1407,22,0,65 14,1,30,,1405,22,0,65 14,1,70,,1401,22,0,65 14,1,30,,1411,22,0,65 14,1,70,,1418,22,0,65 14,1,30,,1409,22,0,65 14,1,70,,1413,22,0,65 14,1,30,,1419,22,0,65 14,1
30700,'3',642,,1438,22,0,65 14,1,70,,1433,22,0,65 14,1,30,,1426,22,0,65 14,1,70,,1440,22,0,65 14,1,30,,1437,22,0,65 14,1,70,,1443,22,0,65 14,1,30,,1435,22,0,65 14,1,71,,1425,22,0,65 14,1,30,,1423,22,0,65 14,1,70,,1439,22,0,65 14,1,30,,1431,22,0,65 14,1,70,,1422,22,0,65 14,1,30,,1429,22,0,65 14,1,70,,1444,22,0,65 14,1,30,,1427,22,0,65 14,1,70,,1430,22,0,65 14,1,30,,1428,22,0,65 14,1,70,,1424,22,0,65 14,1,30,,1434,22,0,65 14,1,70,,1441,22,0,65 14,1,30,,1432,22,0,65 14,1,70,,1436,22,0,65 14,1,30,,1442,22,0,65 14,1
41700,'1',1831,,7642,37,0,67,1,100,,7643,37,0,67,1,100,,7639,37,0,67,1,100,,7640,37,0,67,1,100,,7641,37,0,67,1,100,,7638,37,0,67,1
41700,'10',1831,,7648,37,0,67,1,100,,7649,37,0,67,1,100,,7645,37,0,67,1,100,,7646,37,0,67,1,100,,7647,37,0,67,1,100,,7644,37,0,67,1
41700,'11',1831,,7654,37,0,67,1,100,,7655,37,0,67,1,100,,7651,37,0,67,1,100,,7652,37,0,67,1,100,,7653,37,0,67,1,100,,7650,37,0,67,1
41700,'12',1131,,7656,37,0,67,1,100,,7660,37,0,67,1,100,,7658,37,0,67,1,100,,7662,37,0,67,1,100,,7661,37,0,67,1,100,,7657,37,0,67,1,100,,7659,37,0,67,1
41700,'14',630,,7672,37,0,67,1,70,,7688,37,0,67,1,31,,7665,37,0,67,1,70,,7690,37,0,67,1,30,,7682,37,0,67,1,70,,7680,37,0,67,1,30,,7681,37,0,67,1,70,,7669,37,0,67,1,30,,7684,37,0,67,1,70,,7671,37,0,67,1,30,,7675,37,0,67,1,70,,7676,37,0,67,1,30,,7691,37,0,67,1,70,,7686,37,0,67,1,30,,7664,37,0,67,1,70,,7687,37,0,67,1,30,,7692,37,0,67,1,70,,7663,37,0,67,1,30,,7673,37,0,67,1,70,,7677,37,0,67,1,30,,7666,37,0,67,1,70,,7689,37,0,67,1,30,,7667,37,0,67,1,70,,7683,37,0,67,1,30,,7674,37,0,67,1,100,,7685,37,0,67,1,100,,7668,37,0,67,1,100,,7679,37,0,67,1,100,,7678,37,0,67,1,100,,7670,37,0,67,1
41700,'3',1831,,7697,37,0,67,1,100,,7698,37,0,67,1,100,,7694,37,0,67,1,100,,7695,37,0,67,1,100,,7696,37,0,67,1,100,,7693,37,0,67,1
41700,'7',931,,7707,37,0,67,1,100,,7704,37,0,67,1,70,,7700,37,0,67,1,30,,7699,37,0,67,1,70,,7712,37,0,67,1,30,,7708,37,0,67,1,70,,7703,37,0,67,1,30,,7706,37,0,67,1,70,,7717,37,0,67,1,30,,7714,37,0,67,1,70,,7702,37,0,67,1,30,,7705,37,0,67,1,70,,7710,37,0,67,1,30,,7709,37,0,67,1,70,,7716,37,0,67,1,30,,7701,37,0,67,1,70,,7711,37,0,67,1,30,,7715,37,0,67,1,100,,7713,37,0,67,1
