30900,'1',617,,1747,5,,,1,30,,1742,5,,,1,70,,1748,5,,,1,30,,1731,5,,,1,70,,1749,5,,,1,30,,1739,5,,,1,70,,1733,5,,,1,30,,1736,5,,,1,71,,1745,5,,,1,30,,1750,5,,,1,70,,1740,5,,,1,30,,1751,5,,,1,70,,1729,5,,,1,30,,1744,5,,,1,70,,1730,5,,,1,30,,1738,5,,,1,71,,1734,5,,,1,30,,1743,5,,,1,70,,1732,5,,,1,30,,1741,5,,,1,70,,1737,5,,,1,30,,1735,5,,,1,70,,1746,5,,,1
30900,'10',617,,1770,5,,,1,30,,1765,5,,,1,70,,1771,5,,,1,30,,1754,5,,,1,70,,1772,5,,,1,30,,1762,5,,,1,70,,1756,5,,,1,30,,1759,5,,,1,71,,1768,5,,,1,30,,1773,5,,,1,70,,1763,5,,,1,30,,1774,5,,,1,70,,1752,5,,,1,30,,1767,5,,,1,70,,1753,5,,,1,30,,1761,5,,,1,71,,1757,5,,,1,30,,1766,5,,,1,70,,1755,5,,,1,30,,1764,5,,,1,70,,1760,5,,,1,30,,1758,5,,,1,70,,1769,5,,,1
30900,'11',617,,1793,5,,,1,30,,1788,5,,,1,70,,1794,5,,,1,30,,1777,5,,,1,70,,1795,5,,,1,30,,1785,5,,,1,70,,1779,5,,,1,30,,1782,5,,,1,71,,1791,5,,,1,30,,1796,5,,,1,70,,1786,5,,,1,30,,1797,5,,,1,70,,1775,5,,,1,30,,1790,5,,,1,70,,1776,5,,,1,30,,1784,5,,,1,71,,1780,5,,,1,30,,1789,5,,,1,70,,1778,5,,,1,30,,1787,5,,,1,70,,1783,5,,,1,30,,1781,5,,,1,70,,1792,5,,,1
30900,'3',617,,1816,5,,,1,30,,1811,5,,,1,70,,1817,5,,,1,30,,1800,5,,,1,70,,1818,5,,,1,30,,1808,5,,,1,70,,1802,5,,,1,30,,1805,5,,,1,71,,1814,5,,,1,30,,1819,5,,,1,70,,1809,5,,,1,30,,1820,5,,,1,70,,1798,5,,,1,30,,1813,5,,,1,70,,1799,5,,,1,30,,1807,5,,,1,71,,1803,5,,,1,30,,1812,5,,,1,70,,1801,5,,,1,30,,1810,5,,,1,70,,1806,5,,,1,30,,1804,5,,,1,70,,1815,5,,,1
31200,'1',602,,2316,5,0,23,1,30,,2330,5,0,23,1,70,,2331,5,0,23,1,30,,2335,5,0,23,1,70,,2332,5,0,23,1,30,,2337,5,0,23,1,70,,2317,5,0,23,1,30,,2322,5,0,23,1,70,,2325,5,0,23,1,30,,2336,5,0,23,1,70,,2334,5,0,23,1,30,,2320,5,0,23,1,70,,2324,5,0,23,1,30,,2328,5,0,23,1,70,,2329,5,0,23,1,30,,2318,5,0,23,1,72,,2314,5,0,23,1,30,,2333,5,0,23,1,70,,2326,5,0,23,1,30,,2327,5,0,23,1,70,,2315,5,0,23,1,30,,2319,5,0,23,1,70,,2323,5,0,23,1,30,,2321,5,0,23,1,70,,2313,5,0,23,1
31200,'10',602,,2341,5,0,23,1,30,,2355,5,0,23,1,70,,2356,5,0,23,1,30,,2360,5,0,23,1,70,,2357,5,0,23,1,30,,2362,5,0,23,1,70,,2342,5,0,23,1,30,,2347,5,0,23,1,70,,2350,5,0,23,1,30,,2361,5,0,23,1,70,,2359,5,0,23,1,30,,2345,5,0,23,1,70,,2349,5,0,23,1,30,,2353,5,0,23,1,70,,2354,5,0,23,1,30,,2343,5,0,23,1,72,,2339,5,0,23,1,30,,2358,5,0,23,1,70,,2351,5,0,23,1,30,,2352,5,0,23,1,70,,2340,5,0,23,1,30,,2344,5,0,23,1,70,,2348,5,0,23,1,30,,2346,5,0,23,1,70,,2338,5,0,23,1
31200,'11',602,,2366,5,0,23,1,30,,2380,5,0,23,1,70,,2381,5,0,23,1,30,,2385,5,0,23,1,70,,2382,5,0,23,1,30,,2387,5,0,23,1,70,,2367,5,0,23,1,30,,2373,5,0,23,1,70,,2369,5,0,23,1,30,,2386,5,0,23,1,70,,2384,5,0,23,1,30,,2371,5,0,23,1,70,,2375,5,0,23,1,30,,2378,5,0,23,1,70,,2379,5,0,23,1,30,,2368,5,0,23,1,72,,2364,5,0,23,1,30,,2383,5,0,23,1,70,,2376,5,0,23,1,30,,2377,5,0,23,1,70,,2365,5,0,23,1,30,,2370,5,0,23,1,70,,2374,5,0,23,1,30,,2372,5,0,23,1,70,,2363,5,0,23,1
31200,'3',602,,2391,5,0,23,1,30,,2405,5,0,23,1,70,,2406,5,0,23,1,30,,2410,5,0,23,1,70,,2407,5,0,23,1,30,,2412,5,0,23,1,70,,2392,5,0,23,1,30,,2398,5,0,23,1,70,,2394,5,0,23,1,30,,2411,5,0,23,1,70,,2409,5,0,23,1,30,,2396,5,0,23,1,70,,2400,5,0,23,1,30,,2403,5,0,23,1,70,,2404,5,0,23,1,30,,2393,5,0,23,1,72,,2389,5,0,23,1,30,,2408,5,0,23,1,70,,2401,5,0,23,1,30,,2402,5,0,23,1,70,,2390,5,0,23,1,30,,2395,5,0,23,1,70,,2399,5,0,23,1,30,,2397,5,0,23,1,70,,2388,5,0,23,1
40900,'1',1747,,6774,5,0,23,1,100,,6771,5,0,23,1,100,,6770,5,0,23,1,100,,6773,5,0,23,1,100,,6776,5,0,23,1,100,,6772,5,0,23,1,100,,6775,5,0,23,1
40900,'10',1747,,6781,5,0,23,1,100,,6778,5,0,23,1,100,,6777,5,0,23,1,100,,6780,5,0,23,1,100,,6783,5,0,23,1,100,,6779,5,0,23,1,100,,6782,5,0,23,1
40900,'11',1747,,6788,5,0,23,1,100,,6785,5,0,23,1,100,,6784,5,0,23,1,100,,6787,5,0,23,1,100,,6790,5,0,23,1,100,,6786,5,0,23,1,100,,6789,5,0,23,1
40900,'12',1047,,6793,5,0,23,1,100,,6791,5,0,23,1,100,,6795,5,0,23,1,100,,6796,5,0,23,1,100,,6797,5,0,23,1,100,,6798,5,0,23,1,100,,6792,5,0,23,1,100,,6794,5,0,23,1
40900,'14',647,,6799,5,0,23,1,70,,6822,5,0,23,1,30,,6805,5,0,23,1,70,,6819,5,0,23,1,30,,6824,5,0,23,1,70,,6803,5,0,23,1,30,,6816,5,0,23,1,70,,6804,5,0,23,1,30,,6817,5,0,23,1,70,,6814,5,0,23,1,30,,6802,5,0,23,1,70,,6813,5,0,23,1,30,,6807,5,0,23,1,70,,6823,5,0,23,1,30,,6818,5,0,23,1,70,,6811,5,0,23,1,30,,6812,5,0,23,1,70,,6826,5,0,23,1,30,,6809,5,0,23,1,70,,6820,5,0,23,1,30,,6800,5,0,23,1,70,,6801,5,0,23,1,30,,6821,5,0,23,1,100,,6815,5,0,23,1,100,,6810,5,0,23,1,100,,6827,5,0,23,1,100,,6825,5,0,23,1,100,,6806,5,0,23,1,100,,6808,5,0,23,1
40900,'3',1747,,6832,5,0,23,1,100,,6829,5,0,23,1,100,,6828,5,0,23,1,100,,6831,5,0,23,1,100,,6834,5,0,23,1,100,,6830,5,0,23,1,100,,6833,5,0,23,1
40900,'7',847,,6841,5,0,23,1,100,,6837,5,0,23,1,70,,6835,5,0,23,1,30,,6843,5,0,23,1,70,,6838,5,0,23,1,30,,6839,5,0,23,1,70,,6844,5,0,23,1,30,,6847,5,0,23,1,70,,6852,5,0,23,1,30,,6853,5,0,23,1,70,,6846,5,0,23,1,30,,6848,5,0,23,1,70,,6845,5,0,23,1,30,,6851,5,0,23,1,70,,6854,5,0,23,1,30,,6849,5,0,23,1,70,,6850,5,0,23,1,30,,6836,5,0,23,1,100,,6842,5,0,23,1,100,,6840,5,0,23,1
