32101,'15',724,,14183,27,0,56,1,100,,14182,27,0,56,1,100,,14189,27,0,56,1,100,,14184,27,0,56,1,100,,14187,27,0,56,1,100,,14179,27,0,56,1,100,,14188,27,0,56,1,102,,14185,27,0,56,1,100,,14190,27,0,56,1,100,,14186,27,0,56,1,100,,14180,27,0,56,1,100,,14181,27,0,56,1
32101,'16',724,,14194,27,0,56,1,100,,14193,27,0,56,1,100,,14198,27,0,56,1,100,,427,27,0,56,1,100,,14196,27,0,56,1,100,,14191,27,0,56,1,100,,5271,27,0,56,1,102,,14197,27,0,56,1,100,,14195,27,0,56,1,100,,14192,27,0,56,1,100,,3553,27,0,56,1,100,,617,27,0,56,1
32101,'17',724,,14202,27,0,56,1,100,,14201,27,0,56,1,100,,14206,27,0,56,1,100,,450,27,0,56,1,100,,14204,27,0,56,1,100,,14199,27,0,56,1,100,,5321,27,0,56,1,102,,14205,27,0,56,1,100,,14203,27,0,56,1,100,,14200,27,0,56,1,100,,3578,27,0,56,1,100,,641,27,0,56,1
32101,'19',724,,14211,27,0,56,1,100,,14210,27,0,56,1,100,,14217,27,0,56,1,100,,14212,27,0,56,1,100,,14215,27,0,56,1,100,,14208,27,0,56,1,100,,14216,27,0,56,1,102,,14214,27,0,56,1,100,,14209,27,0,56,1,100,,14207,27,0,56,1,100,,14213,27,0,56,1,100,,14218,27,0,56,1
32101,'5',724,,14223,27,0,56,1,100,,14222,27,0,56,1,100,,14226,27,0,56,1,100,,473,27,0,56,1,100,,14225,27,0,56,1,100,,14220,27,0,56,1,100,,5451,27,0,56,1,102,,14224,27,0,56,1,100,,14221,27,0,56,1,100,,14219,27,0,56,1,100,,954,27,0,56,1,100,,14227,27,0,56,1
32101,'6',724,,14232,27,0,56,1,100,,14231,27,0,56,1,100,,14238,27,0,56,1,100,,14233,27,0,56,1,100,,14236,27,0,56,1,100,,14228,27,0,56,1,100,,14237,27,0,56,1,102,,14234,27,0,56,1,100,,14239,27,0,56,1,100,,14235,27,0,56,1,100,,14229,27,0,56,1,100,,14230,27,0,56,1
42101,'1',1124,,20150,27,0,56,1,100,,778,27,0,56,1,100,,20154,27,0,56,1,101,,20153,27,0,56,1,100,,20152,27,0,56,1,100,,20149,27,0,56,1,100,,20151,27,0,56,1
42101,'10',724,,20170,27,0,56,1,100,,20160,27,0,56,1,100,,20155,27,0,56,1,100,,20169,27,0,56,1,100,,20159,27,0,56,1,100,,20167,27,0,56,1,100,,20164,27,0,56,1,101,,20156,27,0,56,1,100,,20162,27,0,56,1,100,,20171,27,0,56,1,100,,20158,27,0,56,1,100,,20163,27,0,56,1,100,,20166,27,0,56,1,100,,20161,27,0,56,1,100,,20168,27,0,56,1,100,,20157,27,0,56,1,100,,20165,27,0,56,1
42101,'12',924,,5966,27,0,56,1,100,,20180,27,0,56,1,100,,20179,27,0,56,1,100,,20172,27,0,56,1,100,,20182,27,0,56,1,101,,20181,27,0,56,1,100,,20177,27,0,56,1,100,,20175,27,0,56,1,100,,20174,27,0,56,1,100,,20173,27,0,56,1,100,,20178,27,0,56,1,100,,20176,27,0,56,1
42101,'15',1925,,20187,27,0,56,1,100,,20183,27,0,56,1,100,,20186,27,0,56,1,100,,20185,27,0,56,1,100,,20184,27,0,56,1
42101,'16',1925,,20192,27,0,56,1,100,,20188,27,0,56,1,100,,20191,27,0,56,1,100,,20190,27,0,56,1,100,,20189,27,0,56,1
42101,'17',1925,,20197,27,0,56,1,100,,20193,27,0,56,1,100,,20196,27,0,56,1,100,,20195,27,0,56,1,100,,20194,27,0,56,1
42101,'19',1925,,20202,27,0,56,1,100,,20198,27,0,56,1,100,,20201,27,0,56,1,100,,20200,27,0,56,1,100,,20199,27,0,56,1
42101,'21',724,,20216,27,0,56,1,100,,20208,27,0,56,1,100,,20203,27,0,56,1,100,,20215,27,0,56,1,100,,20207,27,0,56,1,100,,20214,27,0,56,1,100,,20211,27,0,56,1,101,,20204,27,0,56,1,100,,7756,27,0,56,1,100,,20217,27,0,56,1,100,,20206,27,0,56,1,100,,20210,27,0,56,1,100,,20213,27,0,56,1,100,,20209,27,0,56,1,100,,5684,27,0,56,1,100,,20205,27,0,56,1,100,,20212,27,0,56,1
42101,'5',1925,,20222,27,0,56,1,100,,20218,27,0,56,1,100,,20221,27,0,56,1,100,,20220,27,0,56,1,100,,20219,27,0,56,1
42101,'6',1925,,20227,27,0,56,1,100,,20223,27,0,56,1,100,,20226,27,0,56,1,100,,20225,27,0,56,1,100,,20224,27,0,56,1
