30501,'12',627,,33786,21,0,27,1,30,,33763,21,0,27,1,70,,33779,21,0,27,1,30,,33766,21,0,27,1,70,,33777,21,0,27,1,30,,33769,21,0,27,1,70,,33774,21,0,27,1,30,,33784,21,0,27,1,70,,33772,21,0,27,1,30,,33770,21,0,27,1,70,,33787,21,0,27,1,30,,33775,21,0,27,1,70,,33767,21,0,27,1,30,,33765,21,0,27,1,70,,33782,21,0,27,1,30,,33783,21,0,27,1,70,,33768,21,0,27,1,30,,33781,21,0,27,1,70,,33778,21,0,27,1,30,,33771,21,0,27,1,70,,33764,21,0,27,1,30,,33780,21,0,27,1,70,,33773,21,0,27,1,30,,33785,21,0,27,1
30501,'13',627,,33810,21,0,27,1,30,,33788,21,0,27,1,70,,33804,21,0,27,1,30,,33791,21,0,27,1,70,,33802,21,0,27,1,30,,33794,21,0,27,1,70,,33799,21,0,27,1,30,,33809,21,0,27,1,70,,33797,21,0,27,1,30,,33795,21,0,27,1,70,,33811,21,0,27,1,30,,33800,21,0,27,1,70,,33792,21,0,27,1,30,,33790,21,0,27,1,70,,33807,21,0,27,1,30,,33808,21,0,27,1,70,,33793,21,0,27,1,30,,33806,21,0,27,1,70,,33803,21,0,27,1,30,,33796,21,0,27,1,70,,33789,21,0,27,1,30,,33805,21,0,27,1,70,,33798,21,0,27,1,30,,28368,21,0,27,1
30501,'3',627,,33834,21,0,27,1,30,,33812,21,0,27,1,70,,33828,21,0,27,1,30,,33815,21,0,27,1,70,,33826,21,0,27,1,30,,33818,21,0,27,1,70,,33823,21,0,27,1,30,,33833,21,0,27,1,70,,33821,21,0,27,1,30,,33819,21,0,27,1,70,,33835,21,0,27,1,30,,33824,21,0,27,1,70,,33816,21,0,27,1,30,,33814,21,0,27,1,70,,33831,21,0,27,1,30,,33832,21,0,27,1,70,,33817,21,0,27,1,30,,33830,21,0,27,1,70,,33827,21,0,27,1,30,,33820,21,0,27,1,70,,33813,21,0,27,1,30,,33829,21,0,27,1,70,,33822,21,0,27,1,30,,28386,21,0,27,1
30501,'6',627,,33859,21,0,27,1,30,,33836,21,0,27,1,70,,33852,21,0,27,1,30,,33839,21,0,27,1,70,,33850,21,0,27,1,30,,33842,21,0,27,1,70,,33847,21,0,27,1,30,,33857,21,0,27,1,70,,33845,21,0,27,1,30,,33843,21,0,27,1,70,,33860,21,0,27,1,30,,33848,21,0,27,1,70,,33840,21,0,27,1,30,,33838,21,0,27,1,70,,33855,21,0,27,1,30,,33856,21,0,27,1,70,,33841,21,0,27,1,30,,33854,21,0,27,1,70,,33851,21,0,27,1,30,,33844,21,0,27,1,70,,33837,21,0,27,1,30,,33853,21,0,27,1,70,,33846,21,0,27,1,30,,33858,21,0,27,1
41201,'1',622,,39929,24,,,1,30,,39924,24,,,1,70,,39914,24,,,1,30,,39933,24,,,1,70,,39918,24,,,1,30,,31492,24,,,1,70,,39913,24,,,1,30,,39928,24,,,1,71,,39930,24,,,1,30,,39916,24,,,1,70,,39919,24,,,1,30,,39931,24,,,1,70,,39920,24,,,1,30,,39922,24,,,1,70,,39939,24,,,1,30,,39923,24,,,1,70,,39921,24,,,1,30,,39937,24,,,1,70,,39926,24,,,1,30,,39912,24,,,1,70,,39936,24,,,1,30,,39935,24,,,1,70,,39938,24,,,1,30,,39932,24,,,1,70,,39925,24,,,1,100,,39927,24,,,1,100,,31591,24,,,1,100,,39917,24,,,1,100,,39934,24,,,1,100,,39915,24,,,1
41201,'11',622,,39959,24,,,1,30,,39953,24,,,1,70,,39942,24,,,1,30,,39963,24,,,1,70,,39947,24,,,1,30,,39943,24,,,1,70,,39941,24,,,1,30,,39958,24,,,1,71,,39960,24,,,1,30,,39945,24,,,1,70,,39948,24,,,1,30,,39961,24,,,1,70,,39949,24,,,1,30,,39951,24,,,1,70,,39969,24,,,1,30,,39952,24,,,1,70,,39950,24,,,1,30,,39967,24,,,1,70,,39955,24,,,1,30,,39940,24,,,1,70,,39966,24,,,1,30,,39965,24,,,1,70,,39968,24,,,1,30,,39962,24,,,1,70,,39954,24,,,1,100,,39957,24,,,1,100,,39956,24,,,1,100,,39946,24,,,1,100,,39964,24,,,1,100,,39944,24,,,1
41201,'12',1823,,39971,24,,,1,100,,39972,24,,,1,100,,39975,24,,,1,100,,39973,24,,,1,100,,39970,24,,,1,100,,39974,24,,,1
41201,'13',1823,,24112,24,,,1,100,,27610,24,,,1,100,,39979,24,,,1,100,,39977,24,,,1,100,,39976,24,,,1,100,,39978,24,,,1
41201,'14',1123,,39986,24,,,1,100,,39987,24,,,1,100,,39984,24,,,1,100,,39982,24,,,1,100,,39981,24,,,1,100,,39985,24,,,1,100,,39980,24,,,1
41201,'16',622,,40005,24,,,1,30,,40000,24,,,1,70,,39990,24,,,1,30,,40009,24,,,1,70,,39994,24,,,1,30,,31532,24,,,1,70,,39989,24,,,1,30,,40004,24,,,1,71,,40006,24,,,1,30,,39992,24,,,1,70,,39995,24,,,1,30,,40007,24,,,1,70,,39996,24,,,1,30,,39998,24,,,1,70,,40015,24,,,1,30,,39999,24,,,1,70,,39997,24,,,1,30,,40013,24,,,1,70,,40002,24,,,1,30,,39988,24,,,1,70,,40012,24,,,1,30,,40011,24,,,1,70,,40014,24,,,1,30,,40008,24,,,1,70,,40001,24,,,1,100,,40003,24,,,1,100,,31627,24,,,1,100,,39993,24,,,1,100,,40010,24,,,1,100,,39991,24,,,1
41201,'3',1823,,24124,24,,,1,100,,27633,24,,,1,100,,40019,24,,,1,100,,40017,24,,,1,100,,40016,24,,,1,100,,40018,24,,,1
41201,'6',1823,,40021,24,,,1,100,,40022,24,,,1,100,,40025,24,,,1,100,,40023,24,,,1,100,,40020,24,,,1,100,,40024,24,,,1
41201,'8',922,,40044,24,,,1,101,,40026,24,,,1,30,,40034,24,,,1,70,,40029,24,,,1,30,,40038,24,,,1,70,,40031,24,,,1,30,,40039,24,,,1,70,,40028,24,,,1,30,,40037,24,,,1,70,,30497,24,,,1,30,,40036,24,,,1,70,,40027,24,,,1,30,,40035,24,,,1,70,,40030,24,,,1,30,,40041,24,,,1,70,,40033,24,,,1,30,,40032,24,,,1,70,,40040,24,,,1,100,,40042,24,,,1,100,,40043,24,,,1
