30501,'12',630,,33786,30,0,27,1,70,,33763,30,0,27,1,30,,33779,30,0,27,1,70,,33766,30,0,27,1,30,,33777,30,0,27,1,70,,33769,30,0,27,1,30,,33774,30,0,27,1,70,,33784,30,0,27,1,30,,33772,30,0,27,1,70,,33770,30,0,27,1,30,,33787,30,0,27,1,70,,33775,30,0,27,1,30,,33767,30,0,27,1,70,,33765,30,0,27,1,30,,33782,30,0,27,1,70,,33783,30,0,27,1,30,,33768,30,0,27,1,70,,33781,30,0,27,1,30,,33778,30,0,27,1,70,,33771,30,0,27,1,30,,33764,30,0,27,1,70,,33780,30,0,27,1,30,,33773,30,0,27,1,70,,33785,30,0,27,1
30501,'13',630,,33810,30,0,27,1,70,,33788,30,0,27,1,30,,33804,30,0,27,1,70,,33791,30,0,27,1,30,,33802,30,0,27,1,70,,33794,30,0,27,1,30,,33799,30,0,27,1,70,,33809,30,0,27,1,30,,33797,30,0,27,1,70,,33795,30,0,27,1,30,,33811,30,0,27,1,70,,33800,30,0,27,1,30,,33792,30,0,27,1,70,,33790,30,0,27,1,30,,33807,30,0,27,1,70,,33808,30,0,27,1,30,,33793,30,0,27,1,70,,33806,30,0,27,1,30,,33803,30,0,27,1,70,,33796,30,0,27,1,30,,33789,30,0,27,1,70,,33805,30,0,27,1,30,,33798,30,0,27,1,70,,28368,30,0,27,1
30501,'3',630,,33834,30,0,27,1,70,,33812,30,0,27,1,30,,33828,30,0,27,1,70,,33815,30,0,27,1,30,,33826,30,0,27,1,70,,33818,30,0,27,1,30,,33823,30,0,27,1,70,,33833,30,0,27,1,30,,33821,30,0,27,1,70,,33819,30,0,27,1,30,,33835,30,0,27,1,70,,33824,30,0,27,1,30,,33816,30,0,27,1,70,,33814,30,0,27,1,30,,33831,30,0,27,1,70,,33832,30,0,27,1,30,,33817,30,0,27,1,70,,33830,30,0,27,1,30,,33827,30,0,27,1,70,,33820,30,0,27,1,30,,33813,30,0,27,1,70,,33829,30,0,27,1,30,,33822,30,0,27,1,70,,28386,30,0,27,1
30501,'6',630,,33859,30,0,27,1,70,,33836,30,0,27,1,30,,33852,30,0,27,1,70,,33839,30,0,27,1,30,,33850,30,0,27,1,70,,33842,30,0,27,1,30,,33847,30,0,27,1,70,,33857,30,0,27,1,30,,33845,30,0,27,1,70,,33843,30,0,27,1,30,,33860,30,0,27,1,70,,33848,30,0,27,1,30,,33840,30,0,27,1,70,,33838,30,0,27,1,30,,33855,30,0,27,1,70,,33856,30,0,27,1,30,,33841,30,0,27,1,70,,33854,30,0,27,1,30,,33851,30,0,27,1,70,,33844,30,0,27,1,30,,33837,30,0,27,1,70,,33853,30,0,27,1,30,,33846,30,0,27,1,70,,33858,30,0,27,1
41201,'1',625,,39929,33,,,1,30,,39924,33,,,1,70,,39914,33,,,1,30,,39933,33,,,1,70,,39918,33,,,1,30,,31492,33,,,1,70,,39913,33,,,1,30,,39928,33,,,1,71,,39930,33,,,1,30,,39916,33,,,1,70,,39919,33,,,1,30,,39931,33,,,1,70,,39920,33,,,1,30,,39922,33,,,1,70,,39939,33,,,1,30,,39923,33,,,1,70,,39921,33,,,1,30,,39937,33,,,1,70,,39926,33,,,1,30,,39912,33,,,1,70,,39936,33,,,1,30,,39935,33,,,1,70,,39938,33,,,1,30,,39932,33,,,1,70,,39925,33,,,1,100,,39927,33,,,1,100,,31591,33,,,1,100,,39917,33,,,1,100,,39934,33,,,1,100,,39915,33,,,1
41201,'11',625,,39959,33,,,1,30,,39953,33,,,1,70,,39942,33,,,1,30,,39963,33,,,1,70,,39947,33,,,1,30,,39943,33,,,1,70,,39941,33,,,1,30,,39958,33,,,1,71,,39960,33,,,1,30,,39945,33,,,1,70,,39948,33,,,1,30,,39961,33,,,1,70,,39949,33,,,1,30,,39951,33,,,1,70,,39969,33,,,1,30,,39952,33,,,1,70,,39950,33,,,1,30,,39967,33,,,1,70,,39955,33,,,1,30,,39940,33,,,1,70,,39966,33,,,1,30,,39965,33,,,1,70,,39968,33,,,1,30,,39962,33,,,1,70,,39954,33,,,1,100,,39957,33,,,1,100,,39956,33,,,1,100,,39946,33,,,1,100,,39964,33,,,1,100,,39944,33,,,1
41201,'12',1826,,39971,33,,,1,100,,39972,33,,,1,100,,39975,33,,,1,100,,39973,33,,,1,100,,39970,33,,,1,100,,39974,33,,,1
41201,'13',1826,,24112,33,,,1,100,,27610,33,,,1,100,,39979,33,,,1,100,,39977,33,,,1,100,,39976,33,,,1,100,,39978,33,,,1
41201,'14',1126,,39986,33,,,1,100,,39987,33,,,1,100,,39984,33,,,1,100,,39982,33,,,1,100,,39981,33,,,1,100,,39985,33,,,1,100,,39980,33,,,1
41201,'16',625,,40005,33,,,1,30,,40000,33,,,1,70,,39990,33,,,1,30,,40009,33,,,1,70,,39994,33,,,1,30,,31532,33,,,1,70,,39989,33,,,1,30,,40004,33,,,1,71,,40006,33,,,1,30,,39992,33,,,1,70,,39995,33,,,1,30,,40007,33,,,1,70,,39996,33,,,1,30,,39998,33,,,1,70,,40015,33,,,1,30,,39999,33,,,1,70,,39997,33,,,1,30,,40013,33,,,1,70,,40002,33,,,1,30,,39988,33,,,1,70,,40012,33,,,1,30,,40011,33,,,1,70,,40014,33,,,1,30,,40008,33,,,1,70,,40001,33,,,1,100,,40003,33,,,1,100,,31627,33,,,1,100,,39993,33,,,1,100,,40010,33,,,1,100,,39991,33,,,1
41201,'3',1826,,24124,33,,,1,100,,27633,33,,,1,100,,40019,33,,,1,100,,40017,33,,,1,100,,40016,33,,,1,100,,40018,33,,,1
41201,'6',1826,,40021,33,,,1,100,,40022,33,,,1,100,,40025,33,,,1,100,,40023,33,,,1,100,,40020,33,,,1,100,,40024,33,,,1
41201,'8',925,,40044,33,,,1,101,,40026,33,,,1,30,,40034,33,,,1,70,,40029,33,,,1,30,,40038,33,,,1,70,,40031,33,,,1,30,,40039,33,,,1,70,,40028,33,,,1,30,,40037,33,,,1,70,,30497,33,,,1,30,,40036,33,,,1,70,,40027,33,,,1,30,,40035,33,,,1,70,,40030,33,,,1,30,,40041,33,,,1,70,,40033,33,,,1,30,,40032,33,,,1,70,,40040,33,,,1,100,,40042,33,,,1,100,,40043,33,,,1
