30800,'12',605,,34244,11,0,59,1,30,,34225,11,0,59,1,70,,34245,11,0,59,1,30,,34233,11,0,59,1,70,,34243,11,0,59,1,30,,34229,11,0,59,1,70,,34246,11,0,59,1,30,,34231,11,0,59,1,70,,34238,11,0,59,1,30,,34240,11,0,59,1,70,,34237,11,0,59,1,30,,34235,11,0,59,1,70,,34247,11,0,59,1,30,,34248,11,0,59,1,70,,34232,11,0,59,1,30,,34234,11,0,59,1,70,,34236,11,0,59,1,32,,34228,11,0,59,1,70,,34226,11,0,59,1,30,,34227,11,0,59,1,70,,34241,11,0,59,1,30,,34239,11,0,59,1,70,,34242,11,0,59,1,30,,34230,11,0,59,1
30800,'13',605,,28199,11,0,59,1,30,,34249,11,0,59,1,70,,34263,11,0,59,1,30,,34255,11,0,59,1,70,,34262,11,0,59,1,30,,32495,11,0,59,1,70,,34264,11,0,59,1,30,,34253,11,0,59,1,70,,34259,11,0,59,1,30,,29044,11,0,59,1,70,,28195,11,0,59,1,30,,34257,11,0,59,1,70,,34265,11,0,59,1,30,,30620,11,0,59,1,70,,34254,11,0,59,1,30,,34256,11,0,59,1,70,,34258,11,0,59,1,32,,30531,11,0,59,1,70,,34250,11,0,59,1,30,,34251,11,0,59,1,70,,34260,11,0,59,1,30,,29366,11,0,59,1,70,,34261,11,0,59,1,30,,34252,11,0,59,1
30800,'3',605,,28220,11,0,59,1,30,,34266,11,0,59,1,70,,34280,11,0,59,1,30,,34272,11,0,59,1,70,,34279,11,0,59,1,30,,32499,11,0,59,1,70,,34281,11,0,59,1,30,,34270,11,0,59,1,70,,34276,11,0,59,1,30,,29050,11,0,59,1,70,,28216,11,0,59,1,30,,34274,11,0,59,1,70,,34282,11,0,59,1,30,,30657,11,0,59,1,70,,34271,11,0,59,1,30,,34273,11,0,59,1,70,,34275,11,0,59,1,32,,30568,11,0,59,1,70,,34267,11,0,59,1,30,,34268,11,0,59,1,70,,34277,11,0,59,1,30,,29388,11,0,59,1,70,,34278,11,0,59,1,30,,34269,11,0,59,1
30800,'6',605,,34302,11,0,59,1,30,,34283,11,0,59,1,70,,34303,11,0,59,1,30,,34291,11,0,59,1,70,,34301,11,0,59,1,30,,34287,11,0,59,1,70,,34304,11,0,59,1,30,,34289,11,0,59,1,70,,34296,11,0,59,1,30,,34298,11,0,59,1,70,,34295,11,0,59,1,30,,34293,11,0,59,1,70,,34305,11,0,59,1,30,,34306,11,0,59,1,70,,34290,11,0,59,1,30,,34292,11,0,59,1,70,,34294,11,0,59,1,32,,34286,11,0,59,1,70,,34284,11,0,59,1,30,,34285,11,0,59,1,70,,34299,11,0,59,1,30,,34297,11,0,59,1,70,,34300,11,0,59,1,30,,34288,11,0,59,1
33701,'1',641,,37363,11,,,1,70,,29420,11,,,1,30,,37391,11,,,1,70,,37369,11,,,1,30,,37384,11,,,1,70,,37372,11,,,1,30,,37371,11,,,1,70,,37375,11,,,1,30,,37387,11,,,1,70,,37383,11,,,1,30,,37373,11,,,1,70,,37367,11,,,1,30,,32345,11,,,1,70,,37399,11,,,1,30,,37365,11,,,1,70,,37386,11,,,1,30,,37389,11,,,1,70,,37360,11,,,1,30,,37377,11,,,1,70,,37403,11,,,1,30,,37390,11,,,1,70,,37364,11,,,1,30,,37376,11,,,1,70,,37381,11,,,1,30,,22061,11,,,1
33701,'11',641,,37410,11,,,1,70,,37443,11,,,1,30,,37439,11,,,1,70,,37416,11,,,1,30,,37432,11,,,1,70,,37419,11,,,1,30,,37418,11,,,1,70,,37422,11,,,1,30,,37435,11,,,1,70,,37431,11,,,1,30,,37420,11,,,1,70,,37414,11,,,1,30,,37444,11,,,1,70,,37449,11,,,1,30,,37412,11,,,1,70,,37434,11,,,1,30,,37437,11,,,1,70,,37406,11,,,1,30,,37424,11,,,1,70,,37453,11,,,1,30,,37438,11,,,1,70,,37411,11,,,1,30,,37423,11,,,1,70,,37428,11,,,1,30,,37429,11,,,1
33701,'12',621,,37480,11,,,1,30,,37497,11,,,1,70,,37466,11,,,1,30,,37462,11,,,1,70,,37461,11,,,1,30,,37503,11,,,1,70,,37501,11,,,1,30,,37495,11,,,1,70,,37486,11,,,1,30,,37504,11,,,1,70,,37465,11,,,1,30,,37498,11,,,1,70,,37502,11,,,1,30,,37493,11,,,1,70,,37475,11,,,1,30,,37484,11,,,1,70,,37478,11,,,1,30,,37472,11,,,1,70,,37489,11,,,1,30,,37468,11,,,1,70,,37500,11,,,1,30,,37490,11,,,1,70,,37477,11,,,1,30,,37473,11,,,1,70,,37476,11,,,1
33701,'13',621,,37527,11,,,1,30,,37540,11,,,1,70,,37515,11,,,1,30,,37512,11,,,1,70,,37511,11,,,1,30,,37545,11,,,1,70,,27985,11,,,1,30,,28408,11,,,1,70,,37532,11,,,1,30,,37546,11,,,1,70,,37514,11,,,1,30,,37541,11,,,1,70,,37544,11,,,1,30,,37538,11,,,1,70,,31700,11,,,1,30,,37530,11,,,1,70,,37525,11,,,1,30,,37520,11,,,1,70,,37535,11,,,1,30,,37517,11,,,1,70,,37543,11,,,1,30,,37536,11,,,1,70,,37524,11,,,1,30,,37521,11,,,1,70,,37523,11,,,1
33701,'14',1041,,37561,11,,,1,70,,37562,11,,,1,30,,37564,11,,,1,70,,37549,11,,,1,30,,37559,11,,,1,70,,37548,11,,,1,30,,37558,11,,,1,70,,37554,11,,,1,30,,37568,11,,,1,70,,37567,11,,,1,30,,29744,11,,,1,70,,37575,11,,,1,30,,37566,11,,,1,70,,37573,11,,,1,30,,37574,11,,,1
33701,'16',641,,37580,11,,,1,70,,29539,11,,,1,30,,37608,11,,,1,70,,37586,11,,,1,30,,37601,11,,,1,70,,37589,11,,,1,30,,37588,11,,,1,70,,37592,11,,,1,30,,37604,11,,,1,70,,37600,11,,,1,30,,37590,11,,,1,70,,37584,11,,,1,30,,32392,11,,,1,70,,37616,11,,,1,30,,37582,11,,,1,70,,37603,11,,,1,30,,37606,11,,,1,70,,37577,11,,,1,30,,37594,11,,,1,70,,37620,11,,,1,30,,37607,11,,,1,70,,37581,11,,,1,30,,37593,11,,,1,70,,37598,11,,,1,30,,29969,11,,,1
33701,'3',621,,37644,11,,,1,30,,37657,11,,,1,70,,37632,11,,,1,30,,37629,11,,,1,70,,37628,11,,,1,30,,37662,11,,,1,70,,28008,11,,,1,30,,28429,11,,,1,70,,37649,11,,,1,30,,37663,11,,,1,70,,37631,11,,,1,30,,37658,11,,,1,70,,37661,11,,,1,30,,37655,11,,,1,70,,31755,11,,,1,30,,37647,11,,,1,70,,37642,11,,,1,30,,37637,11,,,1,70,,37652,11,,,1,30,,37634,11,,,1,70,,37660,11,,,1,30,,37653,11,,,1,70,,37641,11,,,1,30,,37638,11,,,1,70,,37640,11,,,1
33701,'6',621,,37689,11,,,1,30,,37706,11,,,1,70,,37675,11,,,1,30,,37671,11,,,1,70,,37670,11,,,1,30,,37712,11,,,1,70,,37710,11,,,1,30,,37704,11,,,1,70,,37695,11,,,1,30,,37713,11,,,1,70,,37674,11,,,1,30,,37707,11,,,1,70,,37711,11,,,1,30,,37702,11,,,1,70,,37684,11,,,1,30,,37693,11,,,1,70,,37687,11,,,1,30,,37681,11,,,1,70,,37698,11,,,1,30,,37677,11,,,1,70,,37709,11,,,1,30,,37699,11,,,1,70,,37686,11,,,1,30,,37682,11,,,1,70,,37685,11,,,1
33701,'8',1111,,30756,11,,,1,30,,37729,11,,,1,70,,37725,11,,,1,30,,37718,11,,,1,70,,37738,11,,,1,30,,37715,11,,,1,70,,37740,11,,,1,30,,37721,11,,,1,70,,37730,11,,,1,30,,31765,11,,,1,70,,37719,11,,,1,30,,37720,11,,,1,70,,37723,11,,,1,30,,37722,11,,,1,70,,37726,11,,,1
40800,'1',620,,39087,11,0,60 61,1,30,,39086,11,0,60 61,1,70,,39072,11,0,60 61,1,30,,39094,11,0,60 61,1,70,,39093,11,0,60 61,1,30,,39088,11,0,60 61,1,70,,39082,11,0,60 61,1,30,,39096,11,0,60 61,1,70,,39076,11,0,60 61,1,30,,39084,11,0,60 61,1,70,,39079,11,0,60 61,1,30,,30443,11,0,60 61,1,70,,39074,11,0,60 61,1,30,,39075,11,0,60 61,1,70,,39083,11,0,60 61,1,30,,39089,11,0,60 61,1,70,,39070,11,0,60 61,1,30,,39077,11,0,60 61,1,70,,39080,11,0,60 61,1,30,,39078,11,0,60 61,1,70,,39071,11,0,60 61,1,30,,39097,11,0,60 61,1,70,,39092,11,0,60 61,1,30,,39085,11,0,60 61,1,100,,39091,11,0,60 61,1,100,,39069,11,0,60 61,1,100,,39081,11,0,60 61,1,100,,39095,11,0,60 61,1,100,,39090,11,0,60 61,1,100,,39073,11,0,60 61,1
40800,'11',620,,39116,11,0,60 61,1,30,,39115,11,0,60 61,1,70,,39101,11,0,60 61,1,30,,39123,11,0,60 61,1,70,,39122,11,0,60 61,1,30,,39117,11,0,60 61,1,70,,39111,11,0,60 61,1,30,,39125,11,0,60 61,1,70,,39105,11,0,60 61,1,30,,39113,11,0,60 61,1,70,,39108,11,0,60 61,1,30,,39126,11,0,60 61,1,70,,39103,11,0,60 61,1,30,,39104,11,0,60 61,1,70,,39112,11,0,60 61,1,30,,39118,11,0,60 61,1,70,,39099,11,0,60 61,1,30,,39106,11,0,60 61,1,70,,39109,11,0,60 61,1,30,,39107,11,0,60 61,1,70,,39100,11,0,60 61,1,30,,39127,11,0,60 61,1,70,,39121,11,0,60 61,1,30,,39114,11,0,60 61,1,100,,39120,11,0,60 61,1,100,,39098,11,0,60 61,1,100,,39110,11,0,60 61,1,100,,39124,11,0,60 61,1,100,,39119,11,0,60 61,1,100,,39102,11,0,60 61,1
40800,'12',1750,,39130,11,0,60 61,1,100,,39133,11,0,60 61,1,100,,39134,11,0,60 61,1,100,,39132,11,0,60 61,1,100,,39129,11,0,60 61,1,100,,39128,11,0,60 61,1,100,,39131,11,0,60 61,1
40800,'13',1750,,39137,11,0,60 61,1,100,,39140,11,0,60 61,1,100,,39141,11,0,60 61,1,100,,39139,11,0,60 61,1,100,,39136,11,0,60 61,1,100,,39135,11,0,60 61,1,100,,39138,11,0,60 61,1
40800,'14',1050,,39147,11,0,60 61,1,100,,39145,11,0,60 61,1,100,,39142,11,0,60 61,1,100,,39143,11,0,60 61,1,100,,39148,11,0,60 61,1,100,,39144,11,0,60 61,1,100,,39149,11,0,60 61,1,100,,39146,11,0,60 61,1
40800,'16',620,,39168,11,0,60 61,1,30,,39167,11,0,60 61,1,70,,39153,11,0,60 61,1,30,,39175,11,0,60 61,1,70,,39174,11,0,60 61,1,30,,39169,11,0,60 61,1,70,,39163,11,0,60 61,1,30,,39177,11,0,60 61,1,70,,39157,11,0,60 61,1,30,,39165,11,0,60 61,1,70,,39160,11,0,60 61,1,30,,30481,11,0,60 61,1,70,,39155,11,0,60 61,1,30,,39156,11,0,60 61,1,70,,39164,11,0,60 61,1,30,,39170,11,0,60 61,1,70,,39151,11,0,60 61,1,30,,39158,11,0,60 61,1,70,,39161,11,0,60 61,1,30,,39159,11,0,60 61,1,70,,39152,11,0,60 61,1,30,,39178,11,0,60 61,1,70,,39173,11,0,60 61,1,30,,39166,11,0,60 61,1,100,,39172,11,0,60 61,1,100,,39150,11,0,60 61,1,100,,39162,11,0,60 61,1,100,,39176,11,0,60 61,1,100,,39171,11,0,60 61,1,100,,39154,11,0,60 61,1
40800,'3',1750,,39181,11,0,60 61,1,100,,39184,11,0,60 61,1,100,,39185,11,0,60 61,1,100,,39183,11,0,60 61,1,100,,39180,11,0,60 61,1,100,,39179,11,0,60 61,1,100,,39182,11,0,60 61,1
40800,'6',1750,,39188,11,0,60 61,1,100,,39191,11,0,60 61,1,100,,39192,11,0,60 61,1,100,,39190,11,0,60 61,1,100,,39187,11,0,60 61,1,100,,39186,11,0,60 61,1,100,,39189,11,0,60 61,1
40800,'8',850,,39208,11,0,60 61,1,100,,39199,11,0,60 61,1,70,,39200,11,0,60 61,1,30,,39194,11,0,60 61,1,70,,39197,11,0,60 61,1,30,,39209,11,0,60 61,1,70,,39202,11,0,60 61,1,30,,39204,11,0,60 61,1,70,,39205,11,0,60 61,1,30,,39196,11,0,60 61,1,70,,39210,11,0,60 61,1,30,,39201,11,0,60 61,1,70,,39198,11,0,60 61,1,30,,39193,11,0,60 61,1,70,,39203,11,0,60 61,1,30,,30039,11,0,60 61,1,70,,39207,11,0,60 61,1,30,,31168,11,0,60 61,1,100,,39206,11,0,60 61,1,100,,39195,11,0,60 61,1
43701,'1',1920,,41926,11,,,1,100,,41927,11,,,1,100,,41924,11,,,1,100,,41923,11,,,1,100,,30690,11,,,1
43701,'11',1920,,41934,11,,,1,100,,41935,11,,,1,100,,41932,11,,,1,100,,41931,11,,,1,100,,41936,11,,,1
43701,'12',1920,,41948,11,,,1,100,,41941,11,,,1,100,,41949,11,,,1,100,,41946,11,,,1,100,,41947,11,,,1
43701,'13',1920,,41957,11,,,1,100,,41951,11,,,1,100,,41958,11,,,1,100,,41956,11,,,1,100,,28240,11,,,1
43701,'16',1920,,41963,11,,,1,100,,41964,11,,,1,100,,41961,11,,,1,100,,41960,11,,,1,100,,30728,11,,,1
43701,'3',1920,,41975,11,,,1,100,,41969,11,,,1,100,,41976,11,,,1,100,,41974,11,,,1,100,,28262,11,,,1
43701,'6',1920,,41985,11,,,1,100,,41978,11,,,1,100,,41986,11,,,1,100,,41983,11,,,1,100,,41984,11,,,1
