30801,'1',635,,1640,3,0,64 38,1,70,,1650,3,0,64 38,1,30,,1652,3,0,64 38,1,70,,1644,3,0,64 38,1,30,,1655,3,0,64 38,1,70,,1645,3,0,64 38,1,30,,1637,3,0,64 38,1,70,,1657,3,0,64 38,1,30,,1646,3,0,64 38,1,70,,1639,3,0,64 38,1,30,,1638,3,0,64 38,1,70,,1649,3,0,64 38,1,30,,1651,3,0,64 38,1,70,,1641,3,0,64 38,1,30,,1658,3,0,64 38,1,70,,1642,3,0,64 38,1,40,,1659,3,0,64 38,1,70,,1643,3,0,64 38,1,30,,1653,3,0,64 38,1,70,,1648,3,0,64 38,1,30,,1654,3,0,64 38,1,70,,1647,3,0,64 38,1,30,,1656,3,0,64 38,1
30801,'10',635,,1663,3,0,64 38,1,70,,1673,3,0,64 38,1,30,,1675,3,0,64 38,1,70,,1667,3,0,64 38,1,30,,1678,3,0,64 38,1,70,,1668,3,0,64 38,1,30,,1660,3,0,64 38,1,70,,1680,3,0,64 38,1,30,,1669,3,0,64 38,1,70,,1662,3,0,64 38,1,30,,1661,3,0,64 38,1,70,,1672,3,0,64 38,1,30,,1674,3,0,64 38,1,70,,1664,3,0,64 38,1,30,,1681,3,0,64 38,1,70,,1665,3,0,64 38,1,40,,1682,3,0,64 38,1,70,,1666,3,0,64 38,1,30,,1676,3,0,64 38,1,70,,1671,3,0,64 38,1,30,,1677,3,0,64 38,1,70,,1670,3,0,64 38,1,30,,1679,3,0,64 38,1
30801,'11',635,,1686,3,0,64 38,1,70,,1696,3,0,64 38,1,30,,1698,3,0,64 38,1,70,,1690,3,0,64 38,1,30,,1701,3,0,64 38,1,70,,1691,3,0,64 38,1,30,,1683,3,0,64 38,1,70,,1703,3,0,64 38,1,30,,1692,3,0,64 38,1,70,,1685,3,0,64 38,1,30,,1684,3,0,64 38,1,70,,1695,3,0,64 38,1,30,,1697,3,0,64 38,1,70,,1687,3,0,64 38,1,30,,1704,3,0,64 38,1,70,,1688,3,0,64 38,1,40,,1705,3,0,64 38,1,70,,1689,3,0,64 38,1,30,,1699,3,0,64 38,1,70,,1694,3,0,64 38,1,30,,1700,3,0,64 38,1,70,,1693,3,0,64 38,1,30,,1702,3,0,64 38,1
30801,'3',635,,1709,3,0,64 38,1,70,,1719,3,0,64 38,1,30,,1721,3,0,64 38,1,70,,1713,3,0,64 38,1,30,,1724,3,0,64 38,1,70,,1714,3,0,64 38,1,30,,1706,3,0,64 38,1,70,,1726,3,0,64 38,1,30,,1715,3,0,64 38,1,70,,1708,3,0,64 38,1,30,,1707,3,0,64 38,1,70,,1718,3,0,64 38,1,30,,1720,3,0,64 38,1,70,,1710,3,0,64 38,1,30,,1727,3,0,64 38,1,70,,1711,3,0,64 38,1,40,,1728,3,0,64 38,1,70,,1712,3,0,64 38,1,30,,1722,3,0,64 38,1,70,,1717,3,0,64 38,1,30,,1723,3,0,64 38,1,70,,1716,3,0,64 38,1,30,,1725,3,0,64 38,1
40801,'1',1820,,6694,3,0,64 38,1,100,,6692,3,0,64 38,1,100,,6693,3,0,64 38,1,100,,6691,3,0,64 38,1,100,,6695,3,0,64 38,1,100,,6696,3,0,64 38,1
40801,'10',1820,,6700,3,0,64 38,1,100,,6698,3,0,64 38,1,100,,6699,3,0,64 38,1,100,,6697,3,0,64 38,1,100,,6701,3,0,64 38,1,100,,6702,3,0,64 38,1
40801,'11',1820,,6706,3,0,64 38,1,100,,6704,3,0,64 38,1,100,,6705,3,0,64 38,1,100,,6703,3,0,64 38,1,100,,6707,3,0,64 38,1,100,,6708,3,0,64 38,1
40801,'12',1120,,6710,3,0,64 38,1,100,,6709,3,0,64 38,1,100,,6715,3,0,64 38,1,100,,6713,3,0,64 38,1,100,,6712,3,0,64 38,1,100,,6711,3,0,64 38,1,100,,6714,3,0,64 38,1
40801,'14',650,,6727,3,0,64 38,1,70,,6734,3,0,64 38,1,30,,6732,3,0,64 38,1,70,,6724,3,0,64 38,1,30,,6735,3,0,64 38,1,70,,6738,3,0,64 38,1,30,,6733,3,0,64 38,1,70,,6725,3,0,64 38,1,30,,6729,3,0,64 38,1,70,,6721,3,0,64 38,1,30,,6740,3,0,64 38,1,70,,6720,3,0,64 38,1,30,,6742,3,0,64 38,1,70,,6741,3,0,64 38,1,30,,6731,3,0,64 38,1,70,,6723,3,0,64 38,1,30,,6730,3,0,64 38,1,70,,6743,3,0,64 38,1,30,,6739,3,0,64 38,1,70,,6726,3,0,64 38,1,30,,6717,3,0,64 38,1,70,,6716,3,0,64 38,1,30,,6722,3,0,64 38,1,70,,6728,3,0,64 38,1,100,,6737,3,0,64 38,1,100,,6744,3,0,64 38,1,100,,6718,3,0,64 38,1,100,,6719,3,0,64 38,1,100,,6736,3,0,64 38,1
40801,'3',1820,,6748,3,0,64 38,1,100,,6746,3,0,64 38,1,100,,6747,3,0,64 38,1,100,,6745,3,0,64 38,1,100,,6749,3,0,64 38,1,100,,6750,3,0,64 38,1
40801,'7',920,,6763,3,0,64 38,1,100,,6752,3,0,64 38,1,30,,6751,3,0,64 38,1,70,,6762,3,0,64 38,1,30,,6769,3,0,64 38,1,70,,6757,3,0,64 38,1,30,,6755,3,0,64 38,1,70,,6756,3,0,64 38,1,30,,6764,3,0,64 38,1,70,,6758,3,0,64 38,1,30,,6754,3,0,64 38,1,70,,6759,3,0,64 38,1,30,,6761,3,0,64 38,1,70,,6753,3,0,64 38,1,30,,6768,3,0,64 38,1,70,,6766,3,0,64 38,1,30,,6760,3,0,64 38,1,70,,6767,3,0,64 38,1,100,,6765,3,0,64 38,1
