30100,'15',607,,8846,13,0,5 6,1,30,,8861,13,0,5 6,1,70,,8850,13,0,5 6,1,30,,8836,13,0,5 6,1,70,,8845,13,0,5 6,1,30,,8839,13,0,5 6,1,70,,8827,13,0,5 6,1,30,,8841,13,0,5 6,1,70,,8849,13,0,5 6,1,30,,8834,13,0,5 6,1,70,,8853,13,0,5 6,1,30,,8857,13,0,5 6,1,70,,8828,13,0,5 6,1,30,,8843,13,0,5 6,1,70,,8871,13,0,5 6,1,30,,8831,13,0,5 6,1,70,,8851,13,0,5 6,1,30,,8838,13,0,5 6,1,70,,8837,13,0,5 6,1,30,,8854,13,0,5 6,1,70,,8855,13,0,5 6,1,30,,8858,13,0,5 6,1,70,,8840,13,0,5 6,1,30,,8829,13,0,5 6,1
30100,'16',607,,2451,13,0,5 6,1,30,,8895,13,0,5 6,1,70,,8887,13,0,5 6,1,30,,8879,13,0,5 6,1,70,,8885,13,0,5 6,1,30,,8881,13,0,5 6,1,70,,8873,13,0,5 6,1,30,,8883,13,0,5 6,1,70,,1097,13,0,5 6,1,30,,6860,13,0,5 6,1,70,,8890,13,0,5 6,1,30,,8893,13,0,5 6,1,70,,5228,13,0,5 6,1,30,,2909,13,0,5 6,1,70,,8905,13,0,5 6,1,30,,8875,13,0,5 6,1,70,,8888,13,0,5 6,1,30,,2345,13,0,5 6,1,70,,8880,13,0,5 6,1,30,,8891,13,0,5 6,1,70,,8892,13,0,5 6,1,30,,1201,13,0,5 6,1,70,,8882,13,0,5 6,1,30,,4441,13,0,5 6,1
30100,'17',607,,2474,13,0,5 6,1,30,,8928,13,0,5 6,1,70,,8920,13,0,5 6,1,30,,8912,13,0,5 6,1,70,,8918,13,0,5 6,1,30,,8914,13,0,5 6,1,70,,8907,13,0,5 6,1,30,,8916,13,0,5 6,1,70,,1122,13,0,5 6,1,30,,6865,13,0,5 6,1,70,,8923,13,0,5 6,1,30,,8926,13,0,5 6,1,70,,5278,13,0,5 6,1,30,,2975,13,0,5 6,1,70,,8938,13,0,5 6,1,30,,8908,13,0,5 6,1,70,,8921,13,0,5 6,1,30,,2371,13,0,5 6,1,70,,8913,13,0,5 6,1,30,,8924,13,0,5 6,1,70,,8925,13,0,5 6,1,30,,1225,13,0,5 6,1,70,,8915,13,0,5 6,1,30,,4451,13,0,5 6,1
30100,'19',607,,8959,13,0,5 6,1,30,,8974,13,0,5 6,1,70,,8963,13,0,5 6,1,30,,8950,13,0,5 6,1,70,,5651,13,0,5 6,1,30,,8953,13,0,5 6,1,70,,8941,13,0,5 6,1,30,,8955,13,0,5 6,1,70,,8962,13,0,5 6,1,30,,8948,13,0,5 6,1,70,,8966,13,0,5 6,1,30,,8970,13,0,5 6,1,70,,8942,13,0,5 6,1,30,,8957,13,0,5 6,1,70,,8983,13,0,5 6,1,30,,8945,13,0,5 6,1,70,,8964,13,0,5 6,1,30,,8952,13,0,5 6,1,70,,8951,13,0,5 6,1,30,,8967,13,0,5 6,1,70,,8968,13,0,5 6,1,30,,8971,13,0,5 6,1,70,,8954,13,0,5 6,1,30,,8943,13,0,5 6,1
30100,'5',607,,2497,13,0,5 6,1,30,,9004,13,0,5 6,1,70,,8997,13,0,5 6,1,30,,4998,13,0,5 6,1,70,,8995,13,0,5 6,1,30,,8991,13,0,5 6,1,70,,8985,13,0,5 6,1,30,,8993,13,0,5 6,1,70,,1147,13,0,5 6,1,30,,6907,13,0,5 6,1,70,,9000,13,0,5 6,1,30,,9002,13,0,5 6,1,70,,5408,13,0,5 6,1,30,,3043,13,0,5 6,1,70,,9014,13,0,5 6,1,30,,8986,13,0,5 6,1,70,,8998,13,0,5 6,1,30,,2396,13,0,5 6,1,70,,8990,13,0,5 6,1,30,,4214,13,0,5 6,1,70,,9001,13,0,5 6,1,30,,1249,13,0,5 6,1,70,,8992,13,0,5 6,1,30,,4474,13,0,5 6,1
30100,'6',607,,9036,13,0,5 6,1,30,,9051,13,0,5 6,1,70,,9040,13,0,5 6,1,30,,9026,13,0,5 6,1,70,,9035,13,0,5 6,1,30,,9029,13,0,5 6,1,70,,9017,13,0,5 6,1,30,,9031,13,0,5 6,1,70,,9039,13,0,5 6,1,30,,9024,13,0,5 6,1,70,,9043,13,0,5 6,1,30,,9047,13,0,5 6,1,70,,9018,13,0,5 6,1,30,,9033,13,0,5 6,1,70,,9061,13,0,5 6,1,30,,9021,13,0,5 6,1,70,,9041,13,0,5 6,1,30,,9028,13,0,5 6,1,70,,9027,13,0,5 6,1,30,,9044,13,0,5 6,1,70,,9045,13,0,5 6,1,30,,9048,13,0,5 6,1,70,,9030,13,0,5 6,1,30,,9019,13,0,5 6,1
40100,'1',1101,,16776,13,0,8,1,100,,16774,13,0,8,1,100,,219,13,0,8,1,100,,16770,13,0,8,1,100,,16769,13,0,8,1,100,,16772,13,0,8,1,100,,16775,13,0,8,1,100,,16771,13,0,8,1
40100,'10',631,,16792,13,0,8,1,70,,16826,13,0,8,1,30,,16808,13,0,8,1,70,,16820,13,0,8,1,30,,16811,13,0,8,1,70,,16818,13,0,8,1,30,,16803,13,0,8,1,70,,16819,13,0,8,1,30,,16828,13,0,8,1,70,,16832,13,0,8,1,30,,16804,13,0,8,1,70,,16790,13,0,8,1,30,,16807,13,0,8,1,70,,16784,13,0,8,1,30,,16781,13,0,8,1,70,,16815,13,0,8,1,30,,16778,13,0,8,1,70,,16823,13,0,8,1,30,,16799,13,0,8,1,70,,16797,13,0,8,1,30,,16806,13,0,8,1,70,,16783,13,0,8,1,30,,16780,13,0,8,1,70,,16805,13,0,8,1,100,,16812,13,0,8,1,100,,16835,13,0,8,1,100,,16789,13,0,8,1,100,,16788,13,0,8,1,100,,16785,13,0,8,1,100,,16794,13,0,8,1
40100,'12',901,,16860,13,0,8,1,100,,16864,13,0,8,1,30,,16843,13,0,8,1,70,,16870,13,0,8,1,30,,16862,13,0,8,1,70,,16854,13,0,8,1,30,,16851,13,0,8,1,70,,16868,13,0,8,1,30,,16852,13,0,8,1,70,,6122,13,0,8,1,30,,16866,13,0,8,1,70,,7866,13,0,8,1,30,,16837,13,0,8,1,70,,16849,13,0,8,1,30,,16842,13,0,8,1,70,,16872,13,0,8,1,30,,16867,13,0,8,1,70,,16869,13,0,8,1,100,,16859,13,0,8,1,100,,16865,13,0,8,1
40100,'15',1801,,16877,13,0,8,1,100,,16883,13,0,8,1,100,,16885,13,0,8,1,100,,16886,13,0,8,1,100,,16881,13,0,8,1,100,,16879,13,0,8,1,100,,16882,13,0,8,1
40100,'16',1801,,615,13,0,8,1,100,,16894,13,0,8,1,100,,16896,13,0,8,1,100,,16897,13,0,8,1,100,,284,13,0,8,1,100,,16893,13,0,8,1,100,,16892,13,0,8,1
40100,'17',1801,,639,13,0,8,1,100,,16905,13,0,8,1,100,,16907,13,0,8,1,100,,16908,13,0,8,1,100,,334,13,0,8,1,100,,16903,13,0,8,1,100,,16904,13,0,8,1
40100,'19',1801,,16913,13,0,8,1,100,,16919,13,0,8,1,100,,16921,13,0,8,1,100,,16922,13,0,8,1,100,,16917,13,0,8,1,100,,16915,13,0,8,1,100,,16918,13,0,8,1
40100,'21',631,,16934,13,0,8,1,70,,16962,13,0,8,1,30,,16945,13,0,8,1,70,,16956,13,0,8,1,30,,16948,13,0,8,1,70,,16954,13,0,8,1,30,,16942,13,0,8,1,70,,16955,13,0,8,1,30,,16964,13,0,8,1,70,,16968,13,0,8,1,30,,16943,13,0,8,1,70,,16933,13,0,8,1,30,,7358,13,0,8,1,70,,16928,13,0,8,1,30,,6472,13,0,8,1,70,,16951,13,0,8,1,30,,7825,13,0,8,1,70,,16959,13,0,8,1,30,,16939,13,0,8,1,70,,7576,13,0,8,1,30,,7225,13,0,8,1,70,,16927,13,0,8,1,30,,16925,13,0,8,1,70,,16944,13,0,8,1,100,,16949,13,0,8,1,100,,16971,13,0,8,1,100,,16932,13,0,8,1,100,,16931,13,0,8,1,100,,16929,13,0,8,1,100,,16936,13,0,8,1
40100,'5',1801,,663,13,0,8,1,100,,16980,13,0,8,1,100,,16982,13,0,8,1,100,,16983,13,0,8,1,100,,384,13,0,8,1,100,,16978,13,0,8,1,100,,16979,13,0,8,1
40100,'6',1801,,16988,13,0,8,1,100,,16994,13,0,8,1,100,,16996,13,0,8,1,100,,16997,13,0,8,1,100,,16992,13,0,8,1,100,,16990,13,0,8,1,100,,16993,13,0,8,1
