31600,'1',655,,15943,20,0,19,1,55,,23309,20,0,19,1,15,,23302,20,0,19,1,15,,23320,20,0,19,1,15,,23289,20,0,19,1,55,,23301,20,0,19,1,15,,23326,20,0,19,1,15,,23314,20,0,19,1,15,,23305,20,0,19,1,55,,23330,20,0,19,1,15,,23327,20,0,19,1,15,,23311,20,0,19,1,15,,23316,20,0,19,1,56,,23299,20,0,19,1,15,,23296,20,0,19,1,15,,23312,20,0,19,1,15,,23294,20,0,19,1,55,,23290,20,0,19,1,15,,23329,20,0,19,1,15,,18909,20,0,19,1,15,,23300,20,0,19,1,55,,23325,20,0,19,1,15,,23292,20,0,19,1,15,,23317,20,0,19,1,15,,23321,20,0,19,1,55,,23307,20,0,19,1,15,,23310,20,0,19,1,15,,23306,20,0,19,1,15,,16765,20,0,19,1,56,,23318,20,0,19,1,15,,23328,20,0,19,1,15,,19023,20,0,19,1,15,,23313,20,0,19,1,55,,23322,20,0,19,1,15,,23303,20,0,19,1,15,,23293,20,0,19,1,15,,23319,20,0,19,1,55,,23304,20,0,19,1,15,,23298,20,0,19,1,15,,23297,20,0,19,1,15,,23288,20,0,19,1,55,,23308,20,0,19,1,15,,23324,20,0,19,1,15,,23291,20,0,19,1,15,,23323,20,0,19,1,55,,23295,20,0,19,1,15,,23315,20,0,19,1
31600,'10',655,,23364,20,0,19,1,55,,23352,20,0,19,1,15,,23344,20,0,19,1,15,,23361,20,0,19,1,15,,10970,20,0,19,1,55,,23343,20,0,19,1,15,,23366,20,0,19,1,15,,11759,20,0,19,1,15,,23348,20,0,19,1,55,,12807,20,0,19,1,15,,23367,20,0,19,1,15,,23353,20,0,19,1,15,,23357,20,0,19,1,56,,23341,20,0,19,1,15,,23339,20,0,19,1,15,,23354,20,0,19,1,15,,23337,20,0,19,1,55,,23333,20,0,19,1,15,,5321,20,0,19,1,15,,23346,20,0,19,1,15,,23342,20,0,19,1,55,,21075,20,0,19,1,15,,23335,20,0,19,1,15,,23358,20,0,19,1,15,,642,20,0,19,1,55,,23350,20,0,19,1,15,,14697,20,0,19,1,15,,23349,20,0,19,1,15,,23332,20,0,19,1,56,,23359,20,0,19,1,15,,23368,20,0,19,1,15,,23351,20,0,19,1,15,,23355,20,0,19,1,55,,23362,20,0,19,1,15,,23345,20,0,19,1,15,,23336,20,0,19,1,15,,23360,20,0,19,1,55,,23347,20,0,19,1,15,,20840,20,0,19,1,15,,23340,20,0,19,1,15,,23331,20,0,19,1,55,,14904,20,0,19,1,15,,23365,20,0,19,1,15,,23334,20,0,19,1,15,,23363,20,0,19,1,55,,23338,20,0,19,1,15,,23356,20,0,19,1
31600,'3',655,,23402,20,0,19,1,55,,23390,20,0,19,1,15,,23382,20,0,19,1,15,,23399,20,0,19,1,15,,11012,20,0,19,1,55,,23381,20,0,19,1,15,,23405,20,0,19,1,15,,11800,20,0,19,1,15,,23386,20,0,19,1,55,,12938,20,0,19,1,15,,23406,20,0,19,1,15,,23391,20,0,19,1,15,,23395,20,0,19,1,56,,23379,20,0,19,1,15,,23377,20,0,19,1,15,,23392,20,0,19,1,15,,23375,20,0,19,1,55,,23371,20,0,19,1,15,,5451,20,0,19,1,15,,23384,20,0,19,1,15,,23380,20,0,19,1,55,,23404,20,0,19,1,15,,23373,20,0,19,1,15,,23396,20,0,19,1,15,,666,20,0,19,1,55,,23388,20,0,19,1,15,,14740,20,0,19,1,15,,23387,20,0,19,1,15,,23370,20,0,19,1,56,,23397,20,0,19,1,15,,23407,20,0,19,1,15,,23389,20,0,19,1,15,,23393,20,0,19,1,55,,23400,20,0,19,1,15,,23383,20,0,19,1,15,,23374,20,0,19,1,15,,23398,20,0,19,1,55,,23385,20,0,19,1,15,,20855,20,0,19,1,15,,23378,20,0,19,1,15,,23369,20,0,19,1,55,,14942,20,0,19,1,15,,23403,20,0,19,1,15,,23372,20,0,19,1,15,,23401,20,0,19,1,55,,23376,20,0,19,1,15,,23394,20,0,19,1
33600,'1',730,,24311,10,0,57 18,1,70,,24317,10,0,57 18,1,30,,24318,10,0,57 18,1,70,,24323,10,0,57 18,1,30,,24328,10,0,57 18,1,70,,24324,10,0,57 18,1,30,,24313,10,0,57 18,1,70,,24316,10,0,57 18,1,30,,24326,10,0,57 18,1,70,,24322,10,0,57 18,1,30,,24319,10,0,57 18,1,70,,24308,10,0,57 18,1,30,,24321,10,0,57 18,1,70,,24320,10,0,57 18,1,30,,24310,10,0,57 18,1,70,,24327,10,0,57 18,1,30,,24309,10,0,57 18,1,70,,24312,10,0,57 18,1,30,,24325,10,0,57 18,1,70,,24307,10,0,57 18,1,30,,24315,10,0,57 18,1,70,,24314,10,0,57 18,1
33600,'10',730,,24332,10,0,57 18,1,70,,24338,10,0,57 18,1,30,,24339,10,0,57 18,1,70,,24344,10,0,57 18,1,30,,24349,10,0,57 18,1,70,,24345,10,0,57 18,1,30,,24334,10,0,57 18,1,70,,24337,10,0,57 18,1,30,,24347,10,0,57 18,1,70,,24343,10,0,57 18,1,30,,24340,10,0,57 18,1,70,,24329,10,0,57 18,1,30,,24342,10,0,57 18,1,70,,24341,10,0,57 18,1,30,,24331,10,0,57 18,1,70,,24348,10,0,57 18,1,30,,24330,10,0,57 18,1,70,,24333,10,0,57 18,1,30,,24346,10,0,57 18,1,70,,13761,10,0,57 18,1,30,,24336,10,0,57 18,1,70,,24335,10,0,57 18,1
33600,'3',730,,24353,10,0,57 18,1,70,,24359,10,0,57 18,1,30,,24360,10,0,57 18,1,70,,24365,10,0,57 18,1,30,,24369,10,0,57 18,1,70,,24366,10,0,57 18,1,30,,24355,10,0,57 18,1,70,,24358,10,0,57 18,1,30,,24368,10,0,57 18,1,70,,24364,10,0,57 18,1,30,,24361,10,0,57 18,1,70,,24350,10,0,57 18,1,30,,24363,10,0,57 18,1,70,,24362,10,0,57 18,1,30,,24352,10,0,57 18,1,70,,21190,10,0,57 18,1,30,,24351,10,0,57 18,1,70,,24354,10,0,57 18,1,30,,24367,10,0,57 18,1,70,,13809,10,0,57 18,1,30,,24357,10,0,57 18,1,70,,24356,10,0,57 18,1
41600,'1',1855,,26403,20,0,19,1,69,,26402,20,0,19,1,30,,26401,20,0,19,1,70,,26405,20,0,19,1,30,,26399,20,0,19,1,70,,5203,20,0,19,1,30,,26406,20,0,19,1,70,,26404,20,0,19,1,30,,26407,20,0,19,1,70,,26400,20,0,19,1
41600,'10',1855,,26412,20,0,19,1,69,,26411,20,0,19,1,30,,26410,20,0,19,1,70,,26415,20,0,19,1,30,,26408,20,0,19,1,70,,26414,20,0,19,1,30,,26416,20,0,19,1,70,,26413,20,0,19,1,30,,10450,20,0,19,1,70,,26409,20,0,19,1
41600,'11',854,,26417,20,0,19,1,70,,26427,20,0,19,1,30,,26425,20,0,19,1,71,,26433,20,0,19,1,30,,14715,20,0,19,1,70,,26431,20,0,19,1,30,,26430,20,0,19,1,70,,26435,20,0,19,1,30,,26424,20,0,19,1,70,,26428,20,0,19,1,30,,26422,20,0,19,1,70,,26426,20,0,19,1,30,,26436,20,0,19,1,70,,14519,20,0,19,1,30,,26429,20,0,19,1,70,,26423,20,0,19,1,30,,13162,20,0,19,1,70,,26432,20,0,19,1,30,,26418,20,0,19,1,70,,26434,20,0,19,1,30,,26420,20,0,19,1,69,,26421,20,0,19,1,30,,26419,20,0,19,1
41600,'13',724,,26447,20,0,19,1,30,,26460,20,0,19,1,70,,26451,20,0,19,1,30,,26444,20,0,19,1,70,,26454,20,0,19,1,30,,26443,20,0,19,1,71,,26446,20,0,19,1,30,,26455,20,0,19,1,70,,26437,20,0,19,1,30,,5913,20,0,19,1,70,,26445,20,0,19,1,30,,26449,20,0,19,1,70,,26458,20,0,19,1,30,,26461,20,0,19,1,70,,26457,20,0,19,1,30,,26439,20,0,19,1,70,,26450,20,0,19,1,30,,26441,20,0,19,1,70,,26453,20,0,19,1,30,,26452,20,0,19,1,70,,26465,20,0,19,1,30,,26442,20,0,19,1,70,,26438,20,0,19,1,30,,26467,20,0,19,1,69,,26466,20,0,19,1,30,,26459,20,0,19,1,70,,26456,20,0,19,1,30,,26448,20,0,19,1,70,,26462,20,0,19,1,30,,26463,20,0,19,1,70,,18782,20,0,19,1,30,,26440,20,0,19,1,70,,26464,20,0,19,1
41600,'3',1855,,26472,20,0,19,1,69,,26471,20,0,19,1,30,,26470,20,0,19,1,70,,26475,20,0,19,1,30,,26468,20,0,19,1,70,,26474,20,0,19,1,30,,26476,20,0,19,1,70,,26473,20,0,19,1,30,,10492,20,0,19,1,70,,26469,20,0,19,1
41600,'8',854,,19220,20,0,19,1,70,,26487,20,0,19,1,30,,26484,20,0,19,1,71,,26493,20,0,19,1,30,,26485,20,0,19,1,70,,26491,20,0,19,1,30,,26490,20,0,19,1,70,,26496,20,0,19,1,30,,26483,20,0,19,1,70,,26488,20,0,19,1,30,,26481,20,0,19,1,70,,26486,20,0,19,1,30,,26497,20,0,19,1,70,,26494,20,0,19,1,30,,26489,20,0,19,1,70,,26482,20,0,19,1,30,,26479,20,0,19,1,70,,26492,20,0,19,1,30,,26477,20,0,19,1,70,,26495,20,0,19,1,30,,8032,20,0,19,1,69,,26480,20,0,19,1,30,,26478,20,0,19,1
