32100,'15',651,,14121,21,0,53,1,91,,14115,21,0,53,1,100,,14123,21,0,53,1,100,,14125,21,0,53,1,100,,14120,21,0,53,1,100,,14119,21,0,53,1,100,,14116,21,0,53,1,100,,14124,21,0,53,1,100,,14122,21,0,53,1,100,,14114,21,0,53,1,100,,14118,21,0,53,1,100,,14117,21,0,53,1
32100,'16',651,,14130,21,0,53,1,91,,14126,21,0,53,1,100,,1005,21,0,53,1,100,,14133,21,0,53,1,100,,5261,21,0,53,1,100,,14129,21,0,53,1,100,,14127,21,0,53,1,100,,14132,21,0,53,1,100,,14128,21,0,53,1,100,,14131,21,0,53,1,100,,14135,21,0,53,1,100,,14134,21,0,53,1
32100,'17',651,,14140,21,0,53,1,91,,14136,21,0,53,1,100,,1029,21,0,53,1,100,,14143,21,0,53,1,100,,5311,21,0,53,1,100,,14139,21,0,53,1,100,,14137,21,0,53,1,100,,14142,21,0,53,1,100,,14138,21,0,53,1,100,,14141,21,0,53,1,100,,14145,21,0,53,1,100,,14144,21,0,53,1
32100,'19',651,,14152,21,0,53,1,91,,14146,21,0,53,1,100,,14153,21,0,53,1,100,,14156,21,0,53,1,100,,14151,21,0,53,1,100,,14150,21,0,53,1,100,,14147,21,0,53,1,100,,14155,21,0,53,1,100,,14149,21,0,53,1,100,,14148,21,0,53,1,100,,14157,21,0,53,1,100,,14154,21,0,53,1
32100,'5',651,,14163,21,0,53,1,91,,14158,21,0,53,1,100,,1053,21,0,53,1,100,,14165,21,0,53,1,100,,5441,21,0,53,1,100,,14162,21,0,53,1,100,,14159,21,0,53,1,100,,14164,21,0,53,1,100,,14161,21,0,53,1,100,,14160,21,0,53,1,100,,14166,21,0,53,1,100,,8794,21,0,53,1
32100,'6',651,,14174,21,0,53,1,91,,14168,21,0,53,1,100,,14176,21,0,53,1,100,,14178,21,0,53,1,100,,14173,21,0,53,1,100,,14172,21,0,53,1,100,,14169,21,0,53,1,100,,14177,21,0,53,1,100,,14175,21,0,53,1,100,,14167,21,0,53,1,100,,14171,21,0,53,1,100,,14170,21,0,53,1
42100,'1',1042,,1932,21,0,53,1,100,,20074,21,0,53,1,100,,20072,21,0,53,1,100,,20070,21,0,53,1,100,,20073,21,0,53,1,100,,20071,21,0,53,1,100,,20069,21,0,53,1
42100,'10',651,,20091,21,0,53,1,91,,20087,21,0,53,1,100,,20076,21,0,53,1,100,,20088,21,0,53,1,100,,20082,21,0,53,1,100,,20078,21,0,53,1,100,,20081,21,0,53,1,100,,20090,21,0,53,1,100,,20086,21,0,53,1,100,,20077,21,0,53,1,100,,20084,21,0,53,1,100,,20080,21,0,53,1,100,,20085,21,0,53,1,100,,20075,21,0,53,1,100,,20079,21,0,53,1,100,,20083,21,0,53,1,100,,20089,21,0,53,1
42100,'12',842,,20094,21,0,53,1,100,,20095,21,0,53,1,100,,20097,21,0,53,1,100,,20100,21,0,53,1,100,,20093,21,0,53,1,100,,20099,21,0,53,1,100,,20101,21,0,53,1,100,,20098,21,0,53,1,100,,20102,21,0,53,1,100,,20092,21,0,53,1,100,,20096,21,0,53,1,100,,20103,21,0,53,1
42100,'15',1842,,20105,21,0,53,1,100,,20107,21,0,53,1,100,,20104,21,0,53,1,100,,20106,21,0,53,1,100,,20108,21,0,53,1
42100,'16',1842,,20110,21,0,53,1,100,,20112,21,0,53,1,100,,20109,21,0,53,1,100,,20111,21,0,53,1,100,,20113,21,0,53,1
42100,'17',1842,,20115,21,0,53,1,100,,20117,21,0,53,1,100,,20114,21,0,53,1,100,,20116,21,0,53,1,100,,20118,21,0,53,1
42100,'19',1842,,20120,21,0,53,1,100,,20122,21,0,53,1,100,,20119,21,0,53,1,100,,20121,21,0,53,1,100,,20123,21,0,53,1
42100,'21',651,,20138,21,0,53,1,91,,20134,21,0,53,1,100,,20125,21,0,53,1,100,,20135,21,0,53,1,100,,20130,21,0,53,1,100,,20127,21,0,53,1,100,,20129,21,0,53,1,100,,20137,21,0,53,1,100,,20133,21,0,53,1,100,,20126,21,0,53,1,100,,20131,21,0,53,1,100,,6805,21,0,53,1,100,,20132,21,0,53,1,100,,20124,21,0,53,1,100,,20128,21,0,53,1,100,,8225,21,0,53,1,100,,20136,21,0,53,1
42100,'5',1842,,20140,21,0,53,1,100,,20142,21,0,53,1,100,,20139,21,0,53,1,100,,20141,21,0,53,1,100,,20143,21,0,53,1
42100,'6',1842,,20145,21,0,53,1,100,,20147,21,0,53,1,100,,20144,21,0,53,1,100,,20146,21,0,53,1,100,,20148,21,0,53,1
