30500,'12',553,,33676,11,0,58,1,71,,33679,22,0,58,1,30,,33670,22,0,58,1,70,,33691,22,0,58,1,30,,33683,22,0,58,1,70,,33675,22,0,58,1,30,,33684,22,0,58,1,70,,33685,22,0,58,1,30,,33687,22,0,58,1,70,,33688,22,0,58,1,30,,33680,22,0,58,1,70,,33689,22,0,58,1,30,,33671,22,0,58,1,70,,33681,22,0,58,1,30,,33673,22,0,58,1,70,,33669,22,0,58,1,30,,33692,22,0,58,1,70,,33682,22,0,58,1,30,,33690,22,0,58,1,70,,33672,22,0,58,1,30,,33686,22,0,58,1,70,,33674,22,0,58,1,30,,33677,22,0,58,1,70,,33678,22,0,58,1
30500,'13',553,,33700,11,0,58,1,71,,33703,22,0,58,1,30,,33694,22,0,58,1,70,,33714,22,0,58,1,30,,33707,22,0,58,1,70,,33699,22,0,58,1,30,,33708,22,0,58,1,70,,33709,22,0,58,1,30,,33711,22,0,58,1,70,,33712,22,0,58,1,30,,33704,22,0,58,1,70,,28111,22,0,58,1,30,,33695,22,0,58,1,70,,33705,22,0,58,1,30,,33697,22,0,58,1,70,,33693,22,0,58,1,30,,33715,22,0,58,1,70,,33706,22,0,58,1,30,,33713,22,0,58,1,70,,33696,22,0,58,1,30,,33710,22,0,58,1,70,,33698,22,0,58,1,30,,33701,22,0,58,1,70,,33702,22,0,58,1
30500,'3',553,,33723,11,0,58,1,71,,33726,22,0,58,1,30,,33717,22,0,58,1,70,,33737,22,0,58,1,30,,33730,22,0,58,1,70,,33722,22,0,58,1,30,,33731,22,0,58,1,70,,33732,22,0,58,1,30,,33734,22,0,58,1,70,,33735,22,0,58,1,30,,33727,22,0,58,1,70,,28133,22,0,58,1,30,,33718,22,0,58,1,70,,33728,22,0,58,1,30,,33720,22,0,58,1,70,,33716,22,0,58,1,30,,33738,22,0,58,1,70,,33729,22,0,58,1,30,,33736,22,0,58,1,70,,33719,22,0,58,1,30,,33733,22,0,58,1,70,,33721,22,0,58,1,30,,33724,22,0,58,1,70,,33725,22,0,58,1
30500,'6',553,,33746,11,0,58,1,71,,33749,22,0,58,1,30,,33740,22,0,58,1,70,,33761,22,0,58,1,30,,33753,22,0,58,1,70,,33745,22,0,58,1,30,,33754,22,0,58,1,70,,33755,22,0,58,1,30,,33757,22,0,58,1,70,,33758,22,0,58,1,30,,33750,22,0,58,1,70,,33759,22,0,58,1,30,,33741,22,0,58,1,70,,33751,22,0,58,1,30,,33743,22,0,58,1,70,,33739,22,0,58,1,30,,33762,22,0,58,1,70,,33752,22,0,58,1,30,,33760,22,0,58,1,70,,33742,22,0,58,1,30,,33756,22,0,58,1,70,,33744,22,0,58,1,30,,33747,22,0,58,1,70,,33748,22,0,58,1
41200,'1',622,,39797,22,0,23,1,30,,39789,22,0,23,1,70,,39787,22,0,23,1,30,,39793,22,0,23,1,70,,39796,22,0,23,1,30,,39784,22,0,23,1,70,,39788,22,0,23,1,30,,32721,22,0,23,1,71,,39786,22,0,23,1,30,,39803,22,0,23,1,70,,39806,22,0,23,1,30,,39804,22,0,23,1,70,,39795,22,0,23,1,30,,39780,22,0,23,1,70,,39802,22,0,23,1,30,,39791,22,0,23,1,69,,39792,22,0,23,1,30,,39783,22,0,23,1,70,,39801,22,0,23,1,30,,39798,22,0,23,1,70,,39794,22,0,23,1,30,,39799,22,0,23,1,70,,39782,22,0,23,1,30,,39790,22,0,23,1,70,,39781,22,0,23,1,100,,39805,22,0,23,1,100,,31127,22,0,23,1,100,,39800,22,0,23,1,100,,39785,22,0,23,1,100,,32572,22,0,23,1
41200,'11',622,,39825,22,0,23,1,30,,39817,22,0,23,1,70,,39815,22,0,23,1,30,,39821,22,0,23,1,70,,39809,22,0,23,1,30,,39812,22,0,23,1,70,,39816,22,0,23,1,30,,39834,22,0,23,1,71,,39814,22,0,23,1,30,,39831,22,0,23,1,70,,39836,22,0,23,1,30,,39832,22,0,23,1,70,,39823,22,0,23,1,30,,39807,22,0,23,1,70,,39830,22,0,23,1,30,,39819,22,0,23,1,69,,39820,22,0,23,1,30,,39811,22,0,23,1,70,,39829,22,0,23,1,30,,39826,22,0,23,1,70,,39822,22,0,23,1,30,,39827,22,0,23,1,70,,39810,22,0,23,1,30,,39818,22,0,23,1,70,,39808,22,0,23,1,100,,39835,22,0,23,1,100,,39833,22,0,23,1,100,,39828,22,0,23,1,100,,39813,22,0,23,1,100,,39824,22,0,23,1
41200,'12',1822,,39841,22,0,23,1,100,,39842,22,0,23,1,100,,39837,22,0,23,1,100,,39840,22,0,23,1,100,,39839,22,0,23,1,100,,39838,22,0,23,1
41200,'13',1822,,31821,22,0,23,1,100,,39847,22,0,23,1,100,,39843,22,0,23,1,100,,39846,22,0,23,1,100,,39845,22,0,23,1,100,,39844,22,0,23,1
41200,'14',1123,,39853,22,0,23,1,100,,39849,22,0,23,1,100,,39848,22,0,23,1,99,,31369,22,0,23,1,100,,39852,22,0,23,1,100,,39850,22,0,23,1,100,,39851,22,0,23,1
41200,'16',622,,39872,22,0,23,1,30,,39863,22,0,23,1,70,,39861,22,0,23,1,30,,39867,22,0,23,1,70,,39870,22,0,23,1,30,,39858,22,0,23,1,70,,39862,22,0,23,1,30,,39880,22,0,23,1,71,,39860,22,0,23,1,30,,39878,22,0,23,1,70,,39882,22,0,23,1,30,,39879,22,0,23,1,70,,39869,22,0,23,1,30,,39854,22,0,23,1,70,,39877,22,0,23,1,30,,39865,22,0,23,1,69,,39866,22,0,23,1,30,,39857,22,0,23,1,70,,39876,22,0,23,1,30,,39873,22,0,23,1,70,,39868,22,0,23,1,30,,39874,22,0,23,1,70,,39856,22,0,23,1,30,,39864,22,0,23,1,70,,39855,22,0,23,1,100,,39881,22,0,23,1,100,,31152,22,0,23,1,100,,39875,22,0,23,1,100,,39859,22,0,23,1,100,,39871,22,0,23,1
41200,'3',1822,,31880,22,0,23,1,100,,39887,22,0,23,1,100,,39883,22,0,23,1,100,,39886,22,0,23,1,100,,39885,22,0,23,1,100,,39884,22,0,23,1
41200,'6',1822,,39892,22,0,23,1,100,,39893,22,0,23,1,100,,39888,22,0,23,1,100,,39891,22,0,23,1,100,,39890,22,0,23,1,100,,39889,22,0,23,1
41200,'8',922,,39901,22,0,23,1,101,,39904,22,0,23,1,30,,39903,22,0,23,1,70,,39909,22,0,23,1,30,,39906,22,0,23,1,70,,39911,22,0,23,1,30,,39895,22,0,23,1,70,,39896,22,0,23,1,30,,39908,22,0,23,1,69,,32740,22,0,23,1,30,,39910,22,0,23,1,70,,39894,22,0,23,1,30,,39898,22,0,23,1,70,,39902,22,0,23,1,30,,39899,22,0,23,1,70,,39900,22,0,23,1,30,,39905,22,0,23,1,70,,39897,22,0,23,1,100,,39907,22,0,23,1
