33700,'1',1107,,15940,6,,,1,30,,15952,6,,,1,70,,15939,6,,,1,30,,15947,6,,,1,70,,15933,6,,,1,30,,15949,6,,,1,70,,15942,6,,,1,30,,15953,6,,,1,70,,1748,6,,,1,30,,774,6,,,1,70,,15934,6,,,1,30,,15928,6,,,1,70,,15930,6,,,1,30,,15945,6,,,1,70,,3122,6,,,1
33700,'10',707,,15965,6,,,1,30,,15966,6,,,1,70,,15993,6,,,1,30,,16002,6,,,1,70,,15967,6,,,1,30,,16001,6,,,1,70,,15995,6,,,1,30,,15983,6,,,1,70,,15954,6,,,1,30,,15982,6,,,1,70,,15971,6,,,1,30,,15999,6,,,1,70,,15977,6,,,1,30,,15955,6,,,1,70,,15957,6,,,1,30,,15987,6,,,1,70,,15991,6,,,1,30,,15978,6,,,1,70,,15980,6,,,1,30,,15973,6,,,1,70,,15981,6,,,1,30,,15998,6,,,1,70,,15984,6,,,1,30,,15990,6,,,1,70,,15997,6,,,1
33700,'12',1137,,16009,6,,,1,70,,16016,6,,,1,30,,16030,6,,,1,70,,16017,6,,,1,30,,16023,6,,,1,70,,16008,6,,,1,30,,16013,6,,,1,70,,16021,6,,,1,30,,16025,6,,,1,70,,16015,6,,,1,30,,16019,6,,,1,70,,16006,6,,,1,30,,16014,6,,,1,70,,16010,6,,,1,30,,16004,6,,,1
33700,'15',637,,16043,6,,,1,70,,16067,6,,,1,30,,16066,6,,,1,70,,16074,6,,,1,30,,16058,6,,,1,70,,16065,6,,,1,30,,16051,6,,,1,70,,16037,6,,,1,30,,16034,6,,,1,70,,16069,6,,,1,30,,16042,6,,,1,70,,16063,6,,,1,30,,16055,6,,,1,70,,16045,6,,,1,30,,16071,6,,,1,70,,16032,6,,,1,30,,16078,6,,,1,70,,16077,6,,,1,30,,16076,6,,,1,70,,16068,6,,,1,30,,16049,6,,,1,70,,16075,6,,,1,30,,16033,6,,,1,70,,16072,6,,,1,30,,16048,6,,,1
33700,'16',637,,16091,6,,,1,70,,16110,6,,,1,30,,16109,6,,,1,70,,16116,6,,,1,30,,16102,6,,,1,70,,16108,6,,,1,30,,16097,6,,,1,70,,16086,6,,,1,30,,8288,6,,,1,70,,16112,6,,,1,30,,16090,6,,,1,70,,16106,6,,,1,30,,16099,6,,,1,70,,2444,6,,,1,30,,6457,6,,,1,70,,16082,6,,,1,30,,16120,6,,,1,70,,16119,6,,,1,30,,16118,6,,,1,70,,16111,6,,,1,30,,16095,6,,,1,70,,16117,6,,,1,30,,16083,6,,,1,70,,16114,6,,,1,30,,16094,6,,,1
33700,'17',637,,16133,6,,,1,70,,16153,6,,,1,30,,16152,6,,,1,70,,16159,6,,,1,30,,16145,6,,,1,70,,16151,6,,,1,30,,16140,6,,,1,70,,16128,6,,,1,30,,8294,6,,,1,70,,16155,6,,,1,30,,16132,6,,,1,70,,16149,6,,,1,30,,16142,6,,,1,70,,2467,6,,,1,30,,6463,6,,,1,70,,16124,6,,,1,30,,16163,6,,,1,70,,16162,6,,,1,30,,16161,6,,,1,70,,16154,6,,,1,30,,16138,6,,,1,70,,16160,6,,,1,30,,16125,6,,,1,70,,16157,6,,,1,30,,16137,6,,,1
33700,'19',637,,16178,6,,,1,70,,16200,6,,,1,30,,16199,6,,,1,70,,16207,6,,,1,30,,16191,6,,,1,70,,16198,6,,,1,30,,16184,6,,,1,70,,16172,6,,,1,30,,16169,6,,,1,70,,16202,6,,,1,30,,16177,6,,,1,70,,16196,6,,,1,30,,16188,6,,,1,70,,16180,6,,,1,30,,16204,6,,,1,70,,16167,6,,,1,30,,16211,6,,,1,70,,16210,6,,,1,30,,16209,6,,,1,70,,16201,6,,,1,30,,7549,6,,,1,70,,16208,6,,,1,30,,16168,6,,,1,70,,16205,6,,,1,30,,16183,6,,,1
33700,'21',707,,16223,6,,,1,30,,16224,6,,,1,70,,16248,6,,,1,30,,16257,6,,,1,70,,7214,6,,,1,30,,16256,6,,,1,70,,16250,6,,,1,30,,16239,6,,,1,70,,16215,6,,,1,30,,8171,6,,,1,70,,16228,6,,,1,30,,16254,6,,,1,70,,16234,6,,,1,30,,16216,6,,,1,70,,5859,6,,,1,30,,16243,6,,,1,70,,16246,6,,,1,30,,16235,6,,,1,70,,16237,6,,,1,30,,16230,6,,,1,70,,16238,6,,,1,30,,16253,6,,,1,70,,16240,6,,,1,30,,7366,6,,,1,70,,16252,6,,,1
33700,'5',637,,16267,6,,,1,70,,16287,6,,,1,30,,16286,6,,,1,70,,16293,6,,,1,30,,16279,6,,,1,70,,16285,6,,,1,30,,16274,6,,,1,70,,16263,6,,,1,30,,8301,6,,,1,70,,16289,6,,,1,30,,4615,6,,,1,70,,16283,6,,,1,30,,16276,6,,,1,70,,2490,6,,,1,30,,6506,6,,,1,70,,16259,6,,,1,30,,16297,6,,,1,70,,16296,6,,,1,30,,16295,6,,,1,70,,16288,6,,,1,30,,16272,6,,,1,70,,16294,6,,,1,30,,16260,6,,,1,70,,16291,6,,,1,30,,16271,6,,,1
33700,'6',637,,16312,6,,,1,70,,16336,6,,,1,30,,16335,6,,,1,70,,16343,6,,,1,30,,16327,6,,,1,70,,16334,6,,,1,30,,16320,6,,,1,70,,16306,6,,,1,30,,16303,6,,,1,70,,16338,6,,,1,30,,16311,6,,,1,70,,16332,6,,,1,30,,16324,6,,,1,70,,16314,6,,,1,30,,16340,6,,,1,70,,16301,6,,,1,30,,16347,6,,,1,70,,16346,6,,,1,30,,16345,6,,,1,70,,16337,6,,,1,30,,16318,6,,,1,70,,16344,6,,,1,30,,16302,6,,,1,70,,16341,6,,,1,30,,16317,6,,,1
