32001,'1',619,,3807,4,0,47 18,1,27,,3824,4,0,47 18,1,70,,3815,4,0,47 18,1,30,,3828,4,0,47 18,1,70,,3814,4,0,47 18,1,30,,3809,4,0,47 18,1,70,,3819,4,0,47 18,1,30,,3811,4,0,47 18,1,70,,3812,4,0,47 18,1,30,,3808,4,0,47 18,1,70,,3818,4,0,47 18,1,30,,3827,4,0,47 18,1,70,,3822,4,0,47 18,1,30,,3821,4,0,47 18,1,70,,3826,4,0,47 18,1,30,,3823,4,0,47 18,1,70,,3816,4,0,47 18,1,30,,3829,4,0,47 18,1,70,,3817,4,0,47 18,1,30,,3825,4,0,47 18,1,70,,3810,4,0,47 18,1,30,,3813,4,0,47 18,1,70,,3820,4,0,47 18,1,30,,3831,4,0,47 18,1,70,,3830,4,0,47 18,1
32001,'10',619,,3832,4,0,47 18,1,27,,3849,4,0,47 18,1,70,,3840,4,0,47 18,1,30,,3853,4,0,47 18,1,70,,3839,4,0,47 18,1,30,,3834,4,0,47 18,1,70,,3844,4,0,47 18,1,30,,3836,4,0,47 18,1,70,,3837,4,0,47 18,1,30,,3833,4,0,47 18,1,70,,3843,4,0,47 18,1,30,,3852,4,0,47 18,1,70,,3847,4,0,47 18,1,30,,3846,4,0,47 18,1,70,,3851,4,0,47 18,1,30,,3848,4,0,47 18,1,70,,3841,4,0,47 18,1,30,,3854,4,0,47 18,1,70,,3842,4,0,47 18,1,30,,3850,4,0,47 18,1,70,,3835,4,0,47 18,1,30,,3838,4,0,47 18,1,70,,3845,4,0,47 18,1,30,,3856,4,0,47 18,1,70,,3855,4,0,47 18,1
32001,'11',619,,3857,4,0,47 18,1,27,,3874,4,0,47 18,1,70,,3865,4,0,47 18,1,30,,3878,4,0,47 18,1,70,,3864,4,0,47 18,1,30,,3859,4,0,47 18,1,70,,3869,4,0,47 18,1,30,,3861,4,0,47 18,1,70,,3862,4,0,47 18,1,30,,3858,4,0,47 18,1,70,,3868,4,0,47 18,1,30,,3877,4,0,47 18,1,70,,3872,4,0,47 18,1,30,,3871,4,0,47 18,1,70,,3876,4,0,47 18,1,30,,3873,4,0,47 18,1,70,,3866,4,0,47 18,1,30,,3879,4,0,47 18,1,70,,3867,4,0,47 18,1,30,,3875,4,0,47 18,1,70,,3860,4,0,47 18,1,30,,3863,4,0,47 18,1,70,,3870,4,0,47 18,1,30,,3881,4,0,47 18,1,70,,3880,4,0,47 18,1
32001,'3',619,,3882,4,0,47 18,1,27,,3899,4,0,47 18,1,70,,3890,4,0,47 18,1,30,,3903,4,0,47 18,1,70,,3889,4,0,47 18,1,30,,3884,4,0,47 18,1,70,,3894,4,0,47 18,1,30,,3886,4,0,47 18,1,70,,3887,4,0,47 18,1,30,,3883,4,0,47 18,1,70,,3893,4,0,47 18,1,30,,3902,4,0,47 18,1,70,,3897,4,0,47 18,1,30,,3896,4,0,47 18,1,70,,3901,4,0,47 18,1,30,,3898,4,0,47 18,1,70,,3891,4,0,47 18,1,30,,3904,4,0,47 18,1,70,,3892,4,0,47 18,1,30,,3900,4,0,47 18,1,70,,3885,4,0,47 18,1,30,,3888,4,0,47 18,1,70,,3895,4,0,47 18,1,30,,3906,4,0,47 18,1,70,,3905,4,0,47 18,1
42001,'1',1846,,8048,4,0,47 18,1,100,,8052,4,0,47 18,1,100,,8049,4,0,47 18,1,100,,8051,4,0,47 18,1,100,,8050,4,0,47 18,1,100,,8053,4,0,47 18,1
42001,'10',1846,,8054,4,0,47 18,1,100,,8058,4,0,47 18,1,100,,8055,4,0,47 18,1,100,,8057,4,0,47 18,1,100,,8056,4,0,47 18,1,100,,8059,4,0,47 18,1
42001,'11',1846,,8060,4,0,47 18,1,100,,8064,4,0,47 18,1,100,,8061,4,0,47 18,1,100,,8063,4,0,47 18,1,100,,8062,4,0,47 18,1,100,,8065,4,0,47 18,1
42001,'12',1046,,8075,4,0,47 18,1,70,,8069,4,0,47 18,1,30,,8074,4,0,47 18,1,70,,8066,4,0,47 18,1,30,,8071,4,0,47 18,1,70,,8080,4,0,47 18,1,30,,8073,4,0,47 18,1,70,,8070,4,0,47 18,1,30,,8078,4,0,47 18,1,70,,8077,4,0,47 18,1,30,,8068,4,0,47 18,1,70,,8076,4,0,47 18,1,30,,8079,4,0,47 18,1,70,,8067,4,0,47 18,1,30,,8072,4,0,47 18,1
42001,'14',646,,8082,4,0,47 18,1,70,,8110,4,0,47 18,1,30,,8090,4,0,47 18,1,70,,8094,4,0,47 18,1,30,,8089,4,0,47 18,1,70,,8083,4,0,47 18,1,30,,8107,4,0,47 18,1,70,,8092,4,0,47 18,1,30,,8100,4,0,47 18,1,70,,8108,4,0,47 18,1,30,,8109,4,0,47 18,1,70,,8086,4,0,47 18,1,30,,8099,4,0,47 18,1,70,,8088,4,0,47 18,1,30,,8081,4,0,47 18,1,70,,8093,4,0,47 18,1,30,,8105,4,0,47 18,1,70,,8095,4,0,47 18,1,30,,8103,4,0,47 18,1,70,,8097,4,0,47 18,1,30,,8085,4,0,47 18,1,70,,8091,4,0,47 18,1,30,,8084,4,0,47 18,1,70,,8087,4,0,47 18,1,30,,8104,4,0,47 18,1,100,,8106,4,0,47 18,1,100,,8102,4,0,47 18,1,100,,8101,4,0,47 18,1,100,,8098,4,0,47 18,1,100,,8096,4,0,47 18,1
42001,'3',1846,,8111,4,0,47 18,1,100,,8115,4,0,47 18,1,100,,8112,4,0,47 18,1,100,,8114,4,0,47 18,1,100,,8113,4,0,47 18,1,100,,8116,4,0,47 18,1
42001,'7',846,,8130,4,0,47 18,1,70,,8129,4,0,47 18,1,30,,8125,4,0,47 18,1,70,,8124,4,0,47 18,1,30,,8127,4,0,47 18,1,70,,8118,4,0,47 18,1,30,,8134,4,0,47 18,1,70,,8139,4,0,47 18,1,30,,8122,4,0,47 18,1,70,,8133,4,0,47 18,1,30,,8135,4,0,47 18,1,70,,8120,4,0,47 18,1,30,,8131,4,0,47 18,1,70,,8117,4,0,47 18,1,30,,8136,4,0,47 18,1,70,,8121,4,0,47 18,1,30,,8138,4,0,47 18,1,70,,8123,4,0,47 18,1,30,,8126,4,0,47 18,1,70,,8132,4,0,47 18,1,30,,8119,4,0,47 18,1,70,,8128,4,0,47 18,1,30,,8137,4,0,47 18,1
