32101,'15',710,,14183,7,0,56,1,100,,14182,7,0,56,1,100,,14189,7,0,56,1,100,,14184,7,0,56,1,100,,14187,7,0,56,1,100,,14179,7,0,56,1,100,,14188,7,0,56,1,101,,14185,7,0,56,1,100,,14190,7,0,56,1,100,,14186,7,0,56,1,100,,14180,7,0,56,1,100,,14181,7,0,56,1
32101,'16',710,,14194,7,0,56,1,100,,14193,7,0,56,1,100,,14198,7,0,56,1,100,,427,7,0,56,1,100,,14196,7,0,56,1,100,,14191,7,0,56,1,100,,5271,7,0,56,1,101,,14197,7,0,56,1,100,,14195,7,0,56,1,100,,14192,7,0,56,1,100,,3553,7,0,56,1,100,,617,7,0,56,1
32101,'17',710,,14202,7,0,56,1,100,,14201,7,0,56,1,100,,14206,7,0,56,1,100,,450,7,0,56,1,100,,14204,7,0,56,1,100,,14199,7,0,56,1,100,,5321,7,0,56,1,101,,14205,7,0,56,1,100,,14203,7,0,56,1,100,,14200,7,0,56,1,100,,3578,7,0,56,1,100,,641,7,0,56,1
32101,'19',710,,14211,7,0,56,1,100,,14210,7,0,56,1,100,,14217,7,0,56,1,100,,14212,7,0,56,1,100,,14215,7,0,56,1,100,,14208,7,0,56,1,100,,14216,7,0,56,1,101,,14214,7,0,56,1,100,,14209,7,0,56,1,100,,14207,7,0,56,1,100,,14213,7,0,56,1,100,,14218,7,0,56,1
32101,'5',710,,14223,7,0,56,1,100,,14222,7,0,56,1,100,,14226,7,0,56,1,100,,473,7,0,56,1,100,,14225,7,0,56,1,100,,14220,7,0,56,1,100,,5451,7,0,56,1,101,,14224,7,0,56,1,100,,14221,7,0,56,1,100,,14219,7,0,56,1,100,,954,7,0,56,1,100,,14227,7,0,56,1
32101,'6',710,,14232,7,0,56,1,100,,14231,7,0,56,1,100,,14238,7,0,56,1,100,,14233,7,0,56,1,100,,14236,7,0,56,1,100,,14228,7,0,56,1,100,,14237,7,0,56,1,101,,14234,7,0,56,1,100,,14239,7,0,56,1,100,,14235,7,0,56,1,100,,14229,7,0,56,1,100,,14230,7,0,56,1
33100,'15',734,,14877,7,0,55,1,100,,14871,7,0,55,1,100,,14870,7,0,55,1,100,,14876,7,0,55,1,100,,14868,7,0,55,1,100,,14875,7,0,55,1,100,,14873,7,0,55,1,100,,14869,7,0,55,1,100,,14872,7,0,55,1,100,,14878,7,0,55,1,100,,14874,7,0,55,1
33100,'16',704,,5230,7,0,55,1,30,,14896,7,0,55,1,70,,14880,7,0,55,1,30,,14883,7,0,55,1,70,,14886,7,0,55,1,30,,4578,7,0,55,1,70,,14888,7,0,55,1,30,,14892,7,0,55,1,70,,14895,7,0,55,1,30,,14879,7,0,55,1,70,,5263,7,0,55,1,30,,14891,7,0,55,1,70,,14884,7,0,55,1,30,,14887,7,0,55,1,70,,14890,7,0,55,1,30,,14881,7,0,55,1,70,,4239,7,0,55,1,30,,14885,7,0,55,1,70,,14893,7,0,55,1,30,,14897,7,0,55,1,70,,14882,7,0,55,1,30,,14889,7,0,55,1,70,,14894,7,0,55,1
33100,'17',704,,5280,7,0,55,1,30,,14914,7,0,55,1,70,,14899,7,0,55,1,30,,14902,7,0,55,1,70,,14905,7,0,55,1,30,,4591,7,0,55,1,70,,14907,7,0,55,1,30,,4403,7,0,55,1,70,,14913,7,0,55,1,30,,14898,7,0,55,1,70,,5313,7,0,55,1,30,,14910,7,0,55,1,70,,14903,7,0,55,1,30,,14906,7,0,55,1,70,,14909,7,0,55,1,30,,14900,7,0,55,1,70,,4261,7,0,55,1,30,,14904,7,0,55,1,70,,14911,7,0,55,1,30,,14915,7,0,55,1,70,,14901,7,0,55,1,30,,14908,7,0,55,1,70,,14912,7,0,55,1
33100,'19',704,,14931,7,0,55,1,30,,14933,7,0,55,1,70,,14934,7,0,55,1,30,,8069,7,0,55,1,70,,14927,7,0,55,1,30,,14920,7,0,55,1,70,,14935,7,0,55,1,30,,14929,7,0,55,1,70,,14919,7,0,55,1,30,,14917,7,0,55,1,70,,14924,7,0,55,1,30,,14928,7,0,55,1,70,,14930,7,0,55,1,30,,14926,7,0,55,1,70,,14916,7,0,55,1,30,,14918,7,0,55,1,70,,14925,7,0,55,1,30,,14923,7,0,55,1,70,,7981,7,0,55,1,30,,14936,7,0,55,1,70,,14932,7,0,55,1,30,,14922,7,0,55,1,70,,14921,7,0,55,1
33100,'5',704,,14945,7,0,55,1,30,,14949,7,0,55,1,70,,14940,7,0,55,1,30,,14939,7,0,55,1,70,,14953,7,0,55,1,30,,4618,7,0,55,1,70,,4869,7,0,55,1,30,,14947,7,0,55,1,70,,14948,7,0,55,1,30,,8411,7,0,55,1,70,,8525,7,0,55,1,30,,14946,7,0,55,1,70,,1347,7,0,55,1,30,,14944,7,0,55,1,70,,14952,7,0,55,1,30,,14937,7,0,55,1,70,,14950,7,0,55,1,30,,14942,7,0,55,1,70,,14938,7,0,55,1,30,,14951,7,0,55,1,70,,375,7,0,55,1,30,,14941,7,0,55,1,70,,14943,7,0,55,1
33100,'6',734,,14963,7,0,55,1,100,,14957,7,0,55,1,100,,14956,7,0,55,1,100,,14962,7,0,55,1,100,,14954,7,0,55,1,100,,14961,7,0,55,1,100,,14959,7,0,55,1,100,,14955,7,0,55,1,100,,14958,7,0,55,1,100,,14964,7,0,55,1,100,,14960,7,0,55,1
42101,'1',1110,,20150,7,0,56,1,100,,778,7,0,56,1,100,,20154,7,0,56,1,100,,20153,7,0,56,1,100,,20152,7,0,56,1,100,,20149,7,0,56,1,100,,20151,7,0,56,1
42101,'10',710,,20170,7,0,56,1,100,,20160,7,0,56,1,100,,20155,7,0,56,1,100,,20169,7,0,56,1,100,,20159,7,0,56,1,100,,20167,7,0,56,1,100,,20164,7,0,56,1,100,,20156,7,0,56,1,100,,20162,7,0,56,1,100,,20171,7,0,56,1,100,,20158,7,0,56,1,100,,20163,7,0,56,1,100,,20166,7,0,56,1,100,,20161,7,0,56,1,100,,20168,7,0,56,1,100,,20157,7,0,56,1,100,,20165,7,0,56,1
42101,'12',910,,5966,7,0,56,1,100,,20180,7,0,56,1,100,,20179,7,0,56,1,100,,20172,7,0,56,1,100,,20182,7,0,56,1,100,,20181,7,0,56,1,100,,20177,7,0,56,1,100,,20175,7,0,56,1,100,,20174,7,0,56,1,100,,20173,7,0,56,1,100,,20178,7,0,56,1,100,,20176,7,0,56,1
42101,'15',1910,,20187,7,0,56,1,100,,20183,7,0,56,1,100,,20186,7,0,56,1,100,,20185,7,0,56,1,100,,20184,7,0,56,1
42101,'16',1910,,20192,7,0,56,1,100,,20188,7,0,56,1,100,,20191,7,0,56,1,100,,20190,7,0,56,1,100,,20189,7,0,56,1
42101,'17',1910,,20197,7,0,56,1,100,,20193,7,0,56,1,100,,20196,7,0,56,1,100,,20195,7,0,56,1,100,,20194,7,0,56,1
42101,'19',1910,,20202,7,0,56,1,100,,20198,7,0,56,1,100,,20201,7,0,56,1,100,,20200,7,0,56,1,100,,20199,7,0,56,1
42101,'21',710,,20216,7,0,56,1,100,,20208,7,0,56,1,100,,20203,7,0,56,1,100,,20215,7,0,56,1,100,,20207,7,0,56,1,100,,20214,7,0,56,1,100,,20211,7,0,56,1,100,,20204,7,0,56,1,100,,7756,7,0,56,1,100,,20217,7,0,56,1,100,,20206,7,0,56,1,100,,20210,7,0,56,1,100,,20213,7,0,56,1,100,,20209,7,0,56,1,100,,5684,7,0,56,1,100,,20205,7,0,56,1,100,,20212,7,0,56,1
42101,'5',1910,,20222,7,0,56,1,100,,20218,7,0,56,1,100,,20221,7,0,56,1,100,,20220,7,0,56,1,100,,20219,7,0,56,1
42101,'6',1910,,20227,7,0,56,1,100,,20223,7,0,56,1,100,,20226,7,0,56,1,100,,20225,7,0,56,1,100,,20224,7,0,56,1
43100,'10',703,,20562,7,0,55,1,30,,20558,7,0,55,1,70,,20576,7,0,55,1,30,,20568,7,0,55,1,70,,20566,7,0,55,1,30,,20565,7,0,55,1,71,,20581,7,0,55,1,30,,20584,7,0,55,1,70,,20557,7,0,55,1,30,,20553,7,0,55,1,70,,20561,7,0,55,1,30,,20578,7,0,55,1,70,,20564,7,0,55,1,30,,20574,7,0,55,1,70,,20571,7,0,55,1,30,,20559,7,0,55,1,70,,20575,7,0,55,1,30,,20577,7,0,55,1,70,,20567,7,0,55,1,30,,20580,7,0,55,1,70,,20579,7,0,55,1,30,,20572,7,0,55,1,70,,20583,7,0,55,1,30,,20552,7,0,55,1,70,,20570,7,0,55,1,30,,20573,7,0,55,1,70,,20554,7,0,55,1,30,,20551,7,0,55,1,70,,20563,7,0,55,1,30,,20555,7,0,55,1,70,,20556,7,0,55,1,30,,20560,7,0,55,1,70,,20582,7,0,55,1,30,,20569,7,0,55,1
43100,'15',1834,,20589,7,0,55,1,100,,20587,7,0,55,1,100,,20590,7,0,55,1,100,,20585,7,0,55,1,100,,20588,7,0,55,1,100,,20586,7,0,55,1
43100,'16',1834,,20592,7,0,55,1,70,,20599,7,0,55,1,30,,20595,7,0,55,1,70,,20594,7,0,55,1,30,,20598,7,0,55,1,70,,88,7,0,55,1,30,,20591,7,0,55,1,70,,20597,7,0,55,1,30,,1486,7,0,55,1,100,,20596,7,0,55,1,70,,20593,7,0,55,1
43100,'17',1834,,20601,7,0,55,1,70,,20607,7,0,55,1,30,,20604,7,0,55,1,70,,20603,7,0,55,1,30,,20606,7,0,55,1,70,,135,7,0,55,1,30,,20600,7,0,55,1,70,,4325,7,0,55,1,30,,1510,7,0,55,1,100,,20605,7,0,55,1,70,,20602,7,0,55,1
43100,'19',1834,,20609,7,0,55,1,100,,20610,7,0,55,1,100,,20613,7,0,55,1,100,,20608,7,0,55,1,100,,20612,7,0,55,1,100,,20611,7,0,55,1
43100,'5',1834,,20614,7,0,55,1,70,,20620,7,0,55,1,30,,20619,7,0,55,1,70,,20617,7,0,55,1,30,,20621,7,0,55,1,70,,20616,7,0,55,1,30,,20615,7,0,55,1,70,,20622,7,0,55,1,30,,1534,7,0,55,1,100,,20618,7,0,55,1
43100,'6',1834,,20627,7,0,55,1,100,,20625,7,0,55,1,100,,20628,7,0,55,1,100,,20623,7,0,55,1,100,,20626,7,0,55,1,100,,20624,7,0,55,1
