31501,'1',603,,7893,0,20 14 35 26,1,30,,7884,0,20 14 35 26,1,70,,7888,0,20 14 35 26,1,30,,7887,0,20 14 35 26,1,70,,7871,0,20 14 35 26,1,30,,7872,0,20 14 35 26,1,70,,7870,0,20 14 35 26,1,30,,7876,0,20 14 35 26,1,70,,7885,0,20 14 35 26,1,30,,7882,0,20 14 35 26,1,70,,7889,0,20 14 35 26,1,30,,7878,0,20 14 35 26,1,70,,7883,0,20 14 35 26,1,30,,7874,0,20 14 35 26,1,70,,7879,0,20 14 35 26,1,30,,7877,0,20 14 35 26,1,70,,7890,0,20 14 35 26,1,30,,7875,0,20 14 35 26,1,70,,7891,0,20 14 35 26,1,30,,7886,0,20 14 35 26,1,70,,7881,0,20 14 35 26,1,30,,7880,0,20 14 35 26,1,70,,7892,0,20 14 35 26,1,30,,7873,0,20 14 35 26,1
31501,'10',603,,7917,0,20 14 35 26,1,30,,7908,0,20 14 35 26,1,70,,7912,0,20 14 35 26,1,30,,7911,0,20 14 35 26,1,70,,7895,0,20 14 35 26,1,30,,7896,0,20 14 35 26,1,70,,7894,0,20 14 35 26,1,30,,7900,0,20 14 35 26,1,70,,7909,0,20 14 35 26,1,30,,7906,0,20 14 35 26,1,70,,7913,0,20 14 35 26,1,30,,7902,0,20 14 35 26,1,70,,7907,0,20 14 35 26,1,30,,7898,0,20 14 35 26,1,70,,7903,0,20 14 35 26,1,30,,7901,0,20 14 35 26,1,70,,7914,0,20 14 35 26,1,30,,7899,0,20 14 35 26,1,70,,7915,0,20 14 35 26,1,30,,7910,0,20 14 35 26,1,70,,7905,0,20 14 35 26,1,30,,7904,0,20 14 35 26,1,70,,7916,0,20 14 35 26,1,30,,7897,0,20 14 35 26,1
31501,'11',603,,2597,0,20 14 35 26,1,30,,7930,0,20 14 35 26,1,70,,7934,0,20 14 35 26,1,30,,7933,0,20 14 35 26,1,70,,7919,0,20 14 35 26,1,30,,7920,0,20 14 35 26,1,70,,7918,0,20 14 35 26,1,30,,1190,0,20 14 35 26,1,70,,7931,0,20 14 35 26,1,30,,7928,0,20 14 35 26,1,70,,7936,0,20 14 35 26,1,30,,7925,0,20 14 35 26,1,70,,7929,0,20 14 35 26,1,30,,7922,0,20 14 35 26,1,70,,7926,0,20 14 35 26,1,30,,7924,0,20 14 35 26,1,70,,7937,0,20 14 35 26,1,30,,7923,0,20 14 35 26,1,70,,7938,0,20 14 35 26,1,30,,7932,0,20 14 35 26,1,70,,7927,0,20 14 35 26,1,30,,7935,0,20 14 35 26,1,70,,7939,0,20 14 35 26,1,30,,7921,0,20 14 35 26,1
31501,'3',603,,2574,0,20 14 35 26,1,30,,7951,0,20 14 35 26,1,70,,7955,0,20 14 35 26,1,30,,7954,0,20 14 35 26,1,70,,7941,0,20 14 35 26,1,30,,7942,0,20 14 35 26,1,70,,7940,0,20 14 35 26,1,30,,1165,0,20 14 35 26,1,70,,7952,0,20 14 35 26,1,30,,7949,0,20 14 35 26,1,70,,7957,0,20 14 35 26,1,30,,7946,0,20 14 35 26,1,70,,7950,0,20 14 35 26,1,30,,7943,0,20 14 35 26,1,70,,7947,0,20 14 35 26,1,30,,7945,0,20 14 35 26,1,70,,7958,0,20 14 35 26,1,30,,7944,0,20 14 35 26,1,70,,7959,0,20 14 35 26,1,30,,7953,0,20 14 35 26,1,70,,7948,0,20 14 35 26,1,30,,7956,0,20 14 35 26,1,70,,7960,0,20 14 35 26,1,30,,2464,0,20 14 35 26,1
32300,'1',725,,9124,0,20 30 31,1,100,,9126,0,20 30 31,1,100,,9132,0,20 30 31,1,100,,9134,0,20 30 31,1,100,,9125,0,20 30 31,1,100,,9127,0,20 30 31,1,100,,9130,0,20 30 31,1,100,,9131,0,20 30 31,1,100,,9133,0,20 30 31,1,100,,9128,0,20 30 31,1,100,,9129,0,20 30 31,1
32300,'10',725,,9135,0,20 30 31,1,100,,9137,0,20 30 31,1,100,,9143,0,20 30 31,1,100,,9145,0,20 30 31,1,100,,9136,0,20 30 31,1,100,,9138,0,20 30 31,1,100,,9141,0,20 30 31,1,100,,9142,0,20 30 31,1,100,,9144,0,20 30 31,1,100,,9139,0,20 30 31,1,100,,9140,0,20 30 31,1
32300,'11',725,,9147,0,20 30 31,1,30,,9156,0,20 30 31,1,70,,9150,0,20 30 31,1,30,,9159,0,20 30 31,1,70,,9158,0,20 30 31,1,30,,9146,0,20 30 31,1,70,,334,0,20 30 31,1,30,,9155,0,20 30 31,1,70,,9149,0,20 30 31,1,30,,9153,0,20 30 31,1,70,,1833,0,20 30 31,1,30,,9154,0,20 30 31,1,70,,4459,0,20 30 31,1,30,,9148,0,20 30 31,1,70,,9157,0,20 30 31,1,30,,189,0,20 30 31,1,70,,1752,0,20 30 31,1,30,,9160,0,20 30 31,1,70,,9151,0,20 30 31,1,30,,9152,0,20 30 31,1,70,,1365,0,20 30 31,1,30,,9161,0,20 30 31,1
32300,'3',725,,9164,0,20 30 31,1,30,,2186,0,20 30 31,1,70,,2465,0,20 30 31,1,30,,9166,0,20 30 31,1,70,,9173,0,20 30 31,1,30,,9175,0,20 30 31,1,70,,310,0,20 30 31,1,30,,9176,0,20 30 31,1,70,,9165,0,20 30 31,1,30,,9169,0,20 30 31,1,70,,1808,0,20 30 31,1,30,,9168,0,20 30 31,1,70,,4426,0,20 30 31,1,30,,9171,0,20 30 31,1,70,,9172,0,20 30 31,1,30,,9174,0,20 30 31,1,70,,1728,0,20 30 31,1,30,,9163,0,20 30 31,1,70,,9167,0,20 30 31,1,30,,9170,0,20 30 31,1,70,,1341,0,20 30 31,1,30,,9162,0,20 30 31,1
41501,'1',1803,,11919,0,20 14 34,1,30,,11920,0,20 14 34,1,85,,11914,0,20 14 34,1,100,,11916,0,20 14 34,1,100,,11917,0,20 14 34,1,100,,11915,0,20 14 34,1,100,,11918,0,20 14 34,1
41501,'10',1803,,11926,0,20 14 34,1,30,,11927,0,20 14 34,1,85,,11921,0,20 14 34,1,100,,11923,0,20 14 34,1,100,,11924,0,20 14 34,1,100,,11922,0,20 14 34,1,100,,11925,0,20 14 34,1
41501,'11',1803,,11934,0,20 14 34,1,30,,11932,0,20 14 34,1,85,,11928,0,20 14 34,1,100,,11930,0,20 14 34,1,100,,11931,0,20 14 34,1,100,,11929,0,20 14 34,1,100,,11933,0,20 14 34,1
41501,'12',1118,,11935,0,20 14 34,1,100,,11939,0,20 14 34,1,100,,11937,0,20 14 34,1,100,,11940,0,20 14 34,1,100,,11938,0,20 14 34,1,100,,11941,0,20 14 34,1,100,,11936,0,20 14 34,1
41501,'14',648,,11962,0,20 14 34,1,70,,11956,0,20 14 34,1,30,,11948,0,20 14 34,1,70,,11951,0,20 14 34,1,30,,11959,0,20 14 34,1,70,,11963,0,20 14 34,1,30,,11957,0,20 14 34,1,70,,11961,0,20 14 34,1,30,,11946,0,20 14 34,1,70,,11966,0,20 14 34,1,30,,11944,0,20 14 34,1,70,,11955,0,20 14 34,1,30,,11954,0,20 14 34,1,70,,3533,0,20 14 34,1,30,,3001,0,20 14 34,1,70,,11950,0,20 14 34,1,30,,11965,0,20 14 34,1,70,,11943,0,20 14 34,1,30,,11952,0,20 14 34,1,70,,11958,0,20 14 34,1,30,,5382,0,20 14 34,1,70,,11947,0,20 14 34,1,30,,11964,0,20 14 34,1,70,,11960,0,20 14 34,1,100,,11945,0,20 14 34,1,100,,11949,0,20 14 34,1,100,,11942,0,20 14 34,1,100,,11953,0,20 14 34,1,100,,3788,0,20 14 34,1
41501,'3',1803,,11973,0,20 14 34,1,30,,11971,0,20 14 34,1,85,,11967,0,20 14 34,1,100,,11969,0,20 14 34,1,100,,11970,0,20 14 34,1,100,,11968,0,20 14 34,1,100,,11972,0,20 14 34,1
41501,'7',918,,11985,0,20 14 34,1,100,,11980,0,20 14 34,1,30,,11992,0,20 14 34,1,70,,11986,0,20 14 34,1,30,,11989,0,20 14 34,1,70,,11977,0,20 14 34,1,30,,11978,0,20 14 34,1,70,,11991,0,20 14 34,1,30,,11975,0,20 14 34,1,70,,11976,0,20 14 34,1,30,,11974,0,20 14 34,1,70,,11987,0,20 14 34,1,30,,11988,0,20 14 34,1,70,,11981,0,20 14 34,1,30,,11984,0,20 14 34,1,70,,11983,0,20 14 34,1,30,,11982,0,20 14 34,1,70,,11979,0,20 14 34,1,100,,11990,0,20 14 34,1
42300,'1',1826,,12761,0,20 30 31,1,99,,12760,0,20 30 31,1,100,,12763,0,20 30 31,1,100,,12759,0,20 30 31,1,100,,12764,0,20 30 31,1,100,,12762,0,20 30 31,1
42300,'10',1826,,12767,0,20 30 31,1,99,,12766,0,20 30 31,1,100,,12769,0,20 30 31,1,100,,12765,0,20 30 31,1,100,,12770,0,20 30 31,1,100,,12768,0,20 30 31,1
42300,'11',1826,,12773,0,20 30 31,1,99,,12772,0,20 30 31,1,100,,12774,0,20 30 31,1,100,,12771,0,20 30 31,1,100,,12775,0,20 30 31,1,100,,3127,0,20 30 31,1
42300,'3',1826,,12778,0,20 30 31,1,30,,12784,0,20 30 31,1,69,,12777,0,20 30 31,1,30,,12783,0,20 30 31,1,70,,12780,0,20 30 31,1,30,,12779,0,20 30 31,1,70,,12776,0,20 30 31,1,30,,2476,0,20 30 31,1,70,,12782,0,20 30 31,1,30,,12781,0,20 30 31,1,70,,3047,0,20 30 31,1
