30900,'12',623,,34408,13,0,23,1,30,,34397,13,0,23,1,70,,34402,13,0,23,1,30,,34399,13,0,23,1,70,,34391,13,0,23,1,30,,34409,13,0,23,1,70,,34395,13,0,23,1,30,,34404,13,0,23,1,71,,34401,13,0,23,1,30,,34400,13,0,23,1,70,,34393,13,0,23,1,30,,34411,13,0,23,1,70,,34390,13,0,23,1,30,,34398,13,0,23,1,70,,34410,13,0,23,1,30,,34394,13,0,23,1,73,,34406,13,0,23,1,30,,34392,13,0,23,1,70,,34407,13,0,23,1,30,,34405,13,0,23,1,70,,34396,13,0,23,1,30,,34403,13,0,23,1,70,,34389,13,0,23,1
30900,'13',623,,34426,13,0,23,1,30,,34418,13,0,23,1,70,,34421,13,0,23,1,30,,34419,13,0,23,1,70,,34414,13,0,23,1,30,,34427,13,0,23,1,70,,34416,13,0,23,1,30,,27440,13,0,23,1,71,,27095,13,0,23,1,30,,34420,13,0,23,1,70,,28989,13,0,23,1,30,,34428,13,0,23,1,70,,34413,13,0,23,1,30,,29327,13,0,23,1,70,,29478,13,0,23,1,30,,28899,13,0,23,1,73,,34424,13,0,23,1,30,,34415,13,0,23,1,70,,34425,13,0,23,1,30,,34423,13,0,23,1,70,,34417,13,0,23,1,30,,34422,13,0,23,1,70,,34412,13,0,23,1
30900,'3',623,,34443,13,0,23,1,30,,34435,13,0,23,1,70,,34438,13,0,23,1,30,,34436,13,0,23,1,70,,34431,13,0,23,1,30,,34444,13,0,23,1,70,,34433,13,0,23,1,30,,27489,13,0,23,1,71,,27099,13,0,23,1,30,,34437,13,0,23,1,70,,29011,13,0,23,1,30,,34445,13,0,23,1,70,,34430,13,0,23,1,30,,29348,13,0,23,1,70,,29599,13,0,23,1,30,,28923,13,0,23,1,73,,34441,13,0,23,1,30,,34432,13,0,23,1,70,,34442,13,0,23,1,30,,34440,13,0,23,1,70,,34434,13,0,23,1,30,,34439,13,0,23,1,70,,34429,13,0,23,1
30900,'6',623,,34465,13,0,23,1,30,,34454,13,0,23,1,70,,34459,13,0,23,1,30,,34456,13,0,23,1,70,,34448,13,0,23,1,30,,34466,13,0,23,1,70,,34452,13,0,23,1,30,,34461,13,0,23,1,71,,34458,13,0,23,1,30,,34457,13,0,23,1,70,,34450,13,0,23,1,30,,34468,13,0,23,1,70,,34447,13,0,23,1,30,,34455,13,0,23,1,70,,34467,13,0,23,1,30,,34451,13,0,23,1,73,,34463,13,0,23,1,30,,34449,13,0,23,1,70,,34464,13,0,23,1,30,,34462,13,0,23,1,70,,34453,13,0,23,1,30,,34460,13,0,23,1,70,,34446,13,0,23,1
40900,'1',657,,39350,13,0,23,1,70,,39359,13,0,23,1,30,,39351,13,0,23,1,70,,39367,13,0,23,1,30,,32246,13,0,23,1,70,,39349,13,0,23,1,30,,39348,13,0,23,1,70,,39345,13,0,23,1,30,,39363,13,0,23,1,70,,39362,13,0,23,1,30,,39355,13,0,23,1,70,,31045,13,0,23,1,30,,39365,13,0,23,1,70,,39346,13,0,23,1,30,,39343,13,0,23,1,70,,39353,13,0,23,1,30,,39360,13,0,23,1,70,,39358,13,0,23,1,30,,39354,13,0,23,1,70,,39344,13,0,23,1,30,,39356,13,0,23,1,70,,39357,13,0,23,1,30,,39347,13,0,23,1,100,,39364,13,0,23,1,99,,39342,13,0,23,1,100,,39366,13,0,23,1,100,,39361,13,0,23,1,100,,39368,13,0,23,1,100,,39352,13,0,23,1
40900,'11',657,,39378,13,0,23,1,70,,39387,13,0,23,1,30,,39379,13,0,23,1,70,,39395,13,0,23,1,30,,39370,13,0,23,1,70,,39377,13,0,23,1,30,,39376,13,0,23,1,70,,39373,13,0,23,1,30,,39391,13,0,23,1,70,,39390,13,0,23,1,30,,39383,13,0,23,1,70,,39396,13,0,23,1,30,,39393,13,0,23,1,70,,39374,13,0,23,1,30,,39371,13,0,23,1,70,,39381,13,0,23,1,30,,39388,13,0,23,1,70,,39386,13,0,23,1,30,,39382,13,0,23,1,70,,39372,13,0,23,1,30,,39384,13,0,23,1,70,,39385,13,0,23,1,30,,39375,13,0,23,1,100,,39392,13,0,23,1,99,,39369,13,0,23,1,100,,39394,13,0,23,1,100,,39389,13,0,23,1,100,,39397,13,0,23,1,100,,39380,13,0,23,1
40900,'12',1757,,39403,13,0,23,1,100,,39398,13,0,23,1,99,,39404,13,0,23,1,100,,39402,13,0,23,1,100,,39401,13,0,23,1,100,,39399,13,0,23,1,100,,39400,13,0,23,1
40900,'13',1757,,39408,13,0,23,1,100,,39405,13,0,23,1,99,,39409,13,0,23,1,100,,27727,13,0,23,1,100,,28548,13,0,23,1,100,,39406,13,0,23,1,100,,39407,13,0,23,1
40900,'14',1057,,39410,13,0,23,1,100,,39416,13,0,23,1,100,,39414,13,0,23,1,100,,39415,13,0,23,1,100,,39417,13,0,23,1,100,,39413,13,0,23,1,100,,39412,13,0,23,1,100,,39411,13,0,23,1
40900,'16',657,,39426,13,0,23,1,70,,39435,13,0,23,1,30,,39427,13,0,23,1,70,,39443,13,0,23,1,30,,32290,13,0,23,1,70,,39425,13,0,23,1,30,,39424,13,0,23,1,70,,39421,13,0,23,1,30,,39439,13,0,23,1,70,,39438,13,0,23,1,30,,39431,13,0,23,1,70,,31083,13,0,23,1,30,,39441,13,0,23,1,70,,39422,13,0,23,1,30,,39419,13,0,23,1,70,,39429,13,0,23,1,30,,39436,13,0,23,1,70,,39434,13,0,23,1,30,,39430,13,0,23,1,70,,39420,13,0,23,1,30,,39432,13,0,23,1,70,,39433,13,0,23,1,30,,39423,13,0,23,1,100,,39440,13,0,23,1,99,,39418,13,0,23,1,100,,39442,13,0,23,1,100,,39437,13,0,23,1,100,,39444,13,0,23,1,100,,39428,13,0,23,1
40900,'3',1757,,39448,13,0,23,1,100,,39445,13,0,23,1,99,,39449,13,0,23,1,100,,27748,13,0,23,1,100,,28570,13,0,23,1,100,,39446,13,0,23,1,100,,39447,13,0,23,1
40900,'6',1757,,39455,13,0,23,1,100,,39450,13,0,23,1,99,,39456,13,0,23,1,100,,39454,13,0,23,1,100,,39453,13,0,23,1,100,,39451,13,0,23,1,100,,39452,13,0,23,1
40900,'8',857,,39471,13,0,23,1,170,,39458,13,0,23,1,30,,39461,13,0,23,1,70,,39470,13,0,23,1,30,,39464,13,0,23,1,70,,39469,13,0,23,1,30,,39468,13,0,23,1,100,,39459,13,0,23,1,70,,26494,13,0,23,1,30,,39460,13,0,23,1,70,,39467,13,0,23,1,30,,39466,13,0,23,1,70,,39463,13,0,23,1,30,,39457,13,0,23,1,70,,39473,13,0,23,1,30,,39472,13,0,23,1,100,,39465,13,0,23,1,99,,39462,13,0,23,1
