33200,'1',809,,4575,7,0,30,1,100,,4569,7,0,30,1,100,,4567,7,0,30,1,100,,4566,7,0,30,1,100,,4565,7,0,30,1,100,,4570,7,0,30,1,100,,4571,7,0,30,1,100,,4574,7,0,30,1,100,,4573,7,0,30,1,100,,4572,7,0,30,1,100,,4568,7,0,30,1
33200,'10',809,,4586,7,0,30,1,100,,4580,7,0,30,1,100,,4578,7,0,30,1,100,,4577,7,0,30,1,100,,4576,7,0,30,1,100,,4581,7,0,30,1,100,,4582,7,0,30,1,100,,4585,7,0,30,1,100,,4584,7,0,30,1,100,,4583,7,0,30,1,100,,4579,7,0,30,1
33200,'11',739,,4594,7,0,30,1,70,,4605,7,0,30,1,30,,4589,7,0,30,1,70,,4595,7,0,30,1,30,,4588,7,0,30,1,70,,4591,7,0,30,1,30,,4602,7,0,30,1,70,,4590,7,0,30,1,30,,4598,7,0,30,1,70,,4587,7,0,30,1,30,,4606,7,0,30,1,70,,4599,7,0,30,1,30,,4608,7,0,30,1,70,,4600,7,0,30,1,30,,4609,7,0,30,1,70,,4604,7,0,30,1,30,,4607,7,0,30,1,70,,4603,7,0,30,1,30,,4597,7,0,30,1,70,,4601,7,0,30,1,30,,4592,7,0,30,1,70,,4593,7,0,30,1,30,,4596,7,0,30,1
33200,'3',739,,4628,7,0,30,1,70,,4631,7,0,30,1,30,,4626,7,0,30,1,70,,4622,7,0,30,1,30,,4611,7,0,30,1,70,,4618,7,0,30,1,30,,4619,7,0,30,1,70,,4617,7,0,30,1,30,,4613,7,0,30,1,70,,4614,7,0,30,1,30,,4620,7,0,30,1,70,,4623,7,0,30,1,30,,4616,7,0,30,1,70,,4625,7,0,30,1,30,,4612,7,0,30,1,70,,4630,7,0,30,1,30,,4624,7,0,30,1,70,,4629,7,0,30,1,30,,4615,7,0,30,1,70,,4627,7,0,30,1,30,,4632,7,0,30,1,70,,4621,7,0,30,1,30,,4610,7,0,30,1
33501,'1',719,,4813,6,0,48 18,1,30,,4800,6,0,48 18,1,70,,4798,6,0,48 18,1,30,,4816,6,0,48 18,1,70,,4804,6,0,48 18,1,30,,4801,6,0,48 18,1,70,,4807,6,0,48 18,1,30,,4810,6,0,48 18,1,70,,4802,6,0,48 18,1,30,,4817,6,0,48 18,1,70,,4806,6,0,48 18,1,30,,4809,6,0,48 18,1,70,,4815,6,0,48 18,1,30,,4797,6,0,48 18,1,70,,4812,6,0,48 18,1,30,,4811,6,0,48 18,1,70,,4805,6,0,48 18,1,30,,4795,6,0,48 18,1,70,,4796,6,0,48 18,1,30,,4803,6,0,48 18,1,70,,4799,6,0,48 18,1,30,,4808,6,0,48 18,1,70,,4814,6,0,48 18,1
33501,'10',719,,4836,6,0,48 18,1,30,,4823,6,0,48 18,1,70,,4821,6,0,48 18,1,30,,4839,6,0,48 18,1,70,,4827,6,0,48 18,1,30,,4824,6,0,48 18,1,70,,4830,6,0,48 18,1,30,,4833,6,0,48 18,1,70,,4825,6,0,48 18,1,30,,4840,6,0,48 18,1,70,,4829,6,0,48 18,1,30,,4832,6,0,48 18,1,70,,4838,6,0,48 18,1,30,,4820,6,0,48 18,1,70,,4835,6,0,48 18,1,30,,4834,6,0,48 18,1,70,,4828,6,0,48 18,1,30,,4818,6,0,48 18,1,70,,4819,6,0,48 18,1,30,,4826,6,0,48 18,1,70,,4822,6,0,48 18,1,30,,4831,6,0,48 18,1,70,,4837,6,0,48 18,1
33501,'11',719,,4859,6,0,48 18,1,30,,4846,6,0,48 18,1,70,,4845,6,0,48 18,1,30,,4861,6,0,48 18,1,70,,4849,6,0,48 18,1,30,,4847,6,0,48 18,1,70,,4853,6,0,48 18,1,30,,4856,6,0,48 18,1,70,,4848,6,0,48 18,1,30,,4862,6,0,48 18,1,70,,4852,6,0,48 18,1,30,,4854,6,0,48 18,1,70,,4860,6,0,48 18,1,30,,4843,6,0,48 18,1,70,,4858,6,0,48 18,1,30,,4857,6,0,48 18,1,70,,4842,6,0,48 18,1,30,,4863,6,0,48 18,1,70,,4844,6,0,48 18,1,30,,4855,6,0,48 18,1,70,,4850,6,0,48 18,1,30,,4841,6,0,48 18,1,70,,4851,6,0,48 18,1
33501,'3',719,,4882,6,0,48 18,1,30,,4869,6,0,48 18,1,70,,4868,6,0,48 18,1,30,,4884,6,0,48 18,1,70,,4872,6,0,48 18,1,30,,4870,6,0,48 18,1,70,,4876,6,0,48 18,1,30,,4879,6,0,48 18,1,70,,4871,6,0,48 18,1,30,,4885,6,0,48 18,1,70,,4875,6,0,48 18,1,30,,4877,6,0,48 18,1,70,,4883,6,0,48 18,1,30,,4866,6,0,48 18,1,70,,4881,6,0,48 18,1,30,,4880,6,0,48 18,1,70,,4865,6,0,48 18,1,30,,4886,6,0,48 18,1,70,,4867,6,0,48 18,1,30,,4878,6,0,48 18,1,70,,4873,6,0,48 18,1,30,,4864,6,0,48 18,1,70,,4874,6,0,48 18,1
43200,'1',1909,,8425,7,0,52,1,100,,8422,7,0,52,1,100,,8424,7,0,52,1,100,,8421,7,0,52,1,100,,8423,7,0,52,1
43200,'10',1909,,8430,7,0,52,1,100,,8427,7,0,52,1,100,,8429,7,0,52,1,100,,8426,7,0,52,1,100,,8428,7,0,52,1
43200,'11',1909,,8435,7,0,52,1,100,,8432,7,0,52,1,100,,8434,7,0,52,1,100,,8431,7,0,52,1,100,,8433,7,0,52,1
43200,'3',1909,,8443,7,0,52,1,30,,8441,7,0,52,1,70,,8438,7,0,52,1,30,,8444,7,0,52,1,70,,8442,7,0,52,1,30,,8437,7,0,52,1,70,,8436,7,0,52,1,30,,8439,7,0,52,1,70,,8440,7,0,52,1
43501,'11',1835,,8552,6,0,48 18,1,69,,8560,6,0,48 18,1,30,,8553,6,0,48 18,1,70,,8555,6,0,48 18,1,30,,8551,6,0,48 18,1,70,,8557,6,0,48 18,1,30,,8554,6,0,48 18,1,70,,8556,6,0,48 18,1,30,,8558,6,0,48 18,1,70,,8559,6,0,48 18,1
43501,'12',1119,,8565,6,0,48 18,1,30,,8569,6,0,48 18,1,70,,8566,6,0,48 18,1,30,,8567,6,0,48 18,1,70,,8568,6,0,48 18,1,30,,8571,6,0,48 18,1,71,,8562,6,0,48 18,1,30,,8572,6,0,48 18,1,70,,8563,6,0,48 18,1,30,,8564,6,0,48 18,1,70,,8561,6,0,48 18,1,30,,8570,6,0,48 18,1,70,,8573,6,0,48 18,1,30,,8574,6,0,48 18,1
43501,'14',819,,8592,6,0,48 18,1,30,,8590,6,0,48 18,1,70,,8596,6,0,48 18,1,30,,8600,6,0,48 18,1,70,,8585,6,0,48 18,1,30,,8588,6,0,48 18,1,70,,8576,6,0,48 18,1,30,,8581,6,0,48 18,1,70,,8601,6,0,48 18,1,30,,8594,6,0,48 18,1,70,,8598,6,0,48 18,1,30,,8580,6,0,48 18,1,71,,8582,6,0,48 18,1,30,,8591,6,0,48 18,1,70,,8583,6,0,48 18,1,30,,8599,6,0,48 18,1,70,,8579,6,0,48 18,1,30,,8597,6,0,48 18,1,70,,8586,6,0,48 18,1,30,,8577,6,0,48 18,1,70,,8593,6,0,48 18,1,30,,8587,6,0,48 18,1,69,,8595,6,0,48 18,1,30,,8575,6,0,48 18,1,70,,8584,6,0,48 18,1,30,,8589,6,0,48 18,1,70,,8578,6,0,48 18,1
43501,'3',1835,,8603,6,0,48 18,1,69,,8611,6,0,48 18,1,30,,8604,6,0,48 18,1,70,,8606,6,0,48 18,1,30,,8602,6,0,48 18,1,70,,8608,6,0,48 18,1,30,,8605,6,0,48 18,1,70,,8607,6,0,48 18,1,30,,8609,6,0,48 18,1,70,,8610,6,0,48 18,1
43501,'7',1119,,8622,6,0,48 18,1,30,,8616,6,0,48 18,1,70,,8624,6,0,48 18,1,30,,8627,6,0,48 18,1,70,,8630,6,0,48 18,1,30,,8625,6,0,48 18,1,71,,8629,6,0,48 18,1,30,,8621,6,0,48 18,1,70,,8623,6,0,48 18,1,30,,8617,6,0,48 18,1,70,,8615,6,0,48 18,1,30,,8613,6,0,48 18,1,70,,8619,6,0,48 18,1,30,,8614,6,0,48 18,1,70,,8612,6,0,48 18,1,30,,8618,6,0,48 18,1,69,,8628,6,0,48 18,1,30,,8626,6,0,48 18,1,70,,8620,6,0,48 18,1
