31201,'12',639,,35035,11,,,1,71,,35034,11,,,1,30,,35040,11,,,1,70,,35024,11,,,1,30,,35044,11,,,1,70,,35039,11,,,1,30,,35042,11,,,1,70,,35038,11,,,1,30,,35032,11,,,1,70,,35041,11,,,1,30,,35037,11,,,1,70,,35043,11,,,1,30,,35025,11,,,1,70,,35036,11,,,1,30,,35028,11,,,1,69,,35045,11,,,1,41,,35027,11,,,1,70,,35030,11,,,1,30,,35031,11,,,1,70,,35026,11,,,1,30,,35023,11,,,1,70,,35029,11,,,1,30,,35033,11,,,1
31201,'13',639,,29247,11,,,1,71,,35056,11,,,1,30,,29475,11,,,1,70,,35047,11,,,1,30,,35064,11,,,1,70,,35060,11,,,1,30,,35062,11,,,1,70,,35059,11,,,1,30,,35054,11,,,1,70,,35061,11,,,1,30,,35058,11,,,1,70,,35063,11,,,1,30,,35048,11,,,1,70,,35057,11,,,1,30,,35051,11,,,1,69,,35065,11,,,1,41,,35050,11,,,1,70,,35052,11,,,1,30,,35053,11,,,1,70,,35049,11,,,1,30,,35046,11,,,1,70,,24711,11,,,1,30,,35055,11,,,1
31201,'3',639,,29266,11,,,1,71,,35076,11,,,1,30,,29596,11,,,1,70,,35067,11,,,1,30,,35084,11,,,1,70,,35080,11,,,1,30,,35082,11,,,1,70,,35079,11,,,1,30,,35074,11,,,1,70,,35081,11,,,1,30,,35078,11,,,1,70,,35083,11,,,1,30,,35068,11,,,1,70,,35077,11,,,1,30,,35071,11,,,1,69,,35085,11,,,1,41,,35070,11,,,1,70,,35072,11,,,1,30,,35073,11,,,1,70,,35069,11,,,1,30,,35066,11,,,1,70,,24815,11,,,1,30,,35075,11,,,1
31201,'6',639,,35098,11,,,1,71,,35097,11,,,1,30,,35103,11,,,1,70,,35087,11,,,1,30,,35107,11,,,1,70,,35102,11,,,1,30,,35105,11,,,1,70,,35101,11,,,1,30,,35095,11,,,1,70,,35104,11,,,1,30,,35100,11,,,1,70,,35106,11,,,1,30,,35088,11,,,1,70,,35099,11,,,1,30,,35091,11,,,1,69,,35108,11,,,1,41,,35090,11,,,1,70,,35093,11,,,1,30,,35094,11,,,1,70,,35089,11,,,1,30,,35086,11,,,1,70,,35092,11,,,1,30,,35096,11,,,1
41201,'1',614,,39929,11,0,68,1,30,,39924,11,0,68,1,70,,39914,11,0,68,1,30,,39933,11,0,68,1,70,,39918,11,0,68,1,30,,31492,11,0,68,1,70,,39913,11,0,68,1,30,,39928,11,0,68,1,70,,39930,11,0,68,1,30,,39916,11,0,68,1,70,,39919,11,0,68,1,30,,39931,11,0,68,1,70,,39920,11,0,68,1,30,,39922,11,0,68,1,70,,39939,11,0,68,1,30,,39923,11,0,68,1,70,,39921,11,0,68,1,30,,39937,11,0,68,1,70,,39926,11,0,68,1,30,,39912,11,0,68,1,70,,39936,11,0,68,1,30,,39935,11,0,68,1,70,,39938,11,0,68,1,30,,39932,11,0,68,1,70,,39925,11,0,68,1,100,,39927,11,0,68,1,100,,31591,11,0,68,1,100,,39917,11,0,68,1,100,,39934,11,0,68,1,100,,39915,11,0,68,1
41201,'11',614,,39959,11,0,68,1,30,,39953,11,0,68,1,70,,39942,11,0,68,1,30,,39963,11,0,68,1,70,,39947,11,0,68,1,30,,39943,11,0,68,1,70,,39941,11,0,68,1,30,,39958,11,0,68,1,70,,39960,11,0,68,1,30,,39945,11,0,68,1,70,,39948,11,0,68,1,30,,39961,11,0,68,1,70,,39949,11,0,68,1,30,,39951,11,0,68,1,70,,39969,11,0,68,1,30,,39952,11,0,68,1,70,,39950,11,0,68,1,30,,39967,11,0,68,1,70,,39955,11,0,68,1,30,,39940,11,0,68,1,70,,39966,11,0,68,1,30,,39965,11,0,68,1,70,,39968,11,0,68,1,30,,39962,11,0,68,1,70,,39954,11,0,68,1,100,,39957,11,0,68,1,100,,39956,11,0,68,1,100,,39946,11,0,68,1,100,,39964,11,0,68,1,100,,39944,11,0,68,1
41201,'12',1814,,39971,11,0,68,1,100,,39972,11,0,68,1,100,,39975,11,0,68,1,100,,39973,11,0,68,1,100,,39970,11,0,68,1,100,,39974,11,0,68,1
41201,'13',1814,,24112,11,0,68,1,100,,27610,11,0,68,1,100,,39979,11,0,68,1,100,,39977,11,0,68,1,100,,39976,11,0,68,1,100,,39978,11,0,68,1
41201,'14',1114,,39986,11,0,68,1,100,,39987,11,0,68,1,100,,39984,11,0,68,1,100,,39982,11,0,68,1,100,,39981,11,0,68,1,100,,39985,11,0,68,1,100,,39980,11,0,68,1,100,,39983,11,0,69 29,1
41201,'16',614,,40005,11,0,68,1,30,,40000,11,0,68,1,70,,39990,11,0,68,1,30,,40009,11,0,68,1,70,,39994,11,0,68,1,30,,31532,11,0,68,1,70,,39989,11,0,68,1,30,,40004,11,0,68,1,70,,40006,11,0,68,1,30,,39992,11,0,68,1,70,,39995,11,0,68,1,30,,40007,11,0,68,1,70,,39996,11,0,68,1,30,,39998,11,0,68,1,70,,40015,11,0,68,1,30,,39999,11,0,68,1,70,,39997,11,0,68,1,30,,40013,11,0,68,1,70,,40002,11,0,68,1,30,,39988,11,0,68,1,70,,40012,11,0,68,1,30,,40011,11,0,68,1,70,,40014,11,0,68,1,30,,40008,11,0,68,1,70,,40001,11,0,68,1,100,,40003,11,0,68,1,100,,31627,11,0,68,1,100,,39993,11,0,68,1,100,,40010,11,0,68,1,100,,39991,11,0,68,1
41201,'3',1814,,24124,11,0,68,1,100,,27633,11,0,68,1,100,,40019,11,0,68,1,100,,40017,11,0,68,1,100,,40016,11,0,68,1,100,,40018,11,0,68,1
41201,'6',1814,,40021,11,0,68,1,100,,40022,11,0,68,1,100,,40025,11,0,68,1,100,,40023,11,0,68,1,100,,40020,11,0,68,1,100,,40024,11,0,68,1
41201,'8',914,,40044,11,0,68,1,100,,40026,11,0,68,1,30,,40034,11,0,68,1,70,,40029,11,0,68,1,30,,40038,11,0,68,1,70,,40031,11,0,68,1,30,,40039,11,0,68,1,70,,40028,11,0,68,1,30,,40037,11,0,68,1,70,,30497,11,0,68,1,30,,40036,11,0,68,1,70,,40027,11,0,68,1,30,,40035,11,0,68,1,70,,40030,11,0,68,1,30,,40041,11,0,68,1,70,,40033,11,0,68,1,30,,40032,11,0,68,1,70,,40040,11,0,68,1,100,,40042,11,0,68,1,100,,40043,11,0,68,1
