30800,'12',614,,34244,35,0,59,1,30,,34225,35,0,59,1,71,,34245,35,0,59,1,30,,34233,35,0,59,1,70,,34243,35,0,59,1,30,,34229,35,0,59,1,70,,34246,35,0,59,1,30,,34231,35,0,59,1,70,,34238,35,0,59,1,30,,34240,35,0,59,1,70,,34237,35,0,59,1,30,,34235,35,0,59,1,70,,34247,35,0,59,1,30,,34248,35,0,59,1,70,,34232,35,0,59,1,30,,34234,35,0,59,1,68,,34236,35,0,59,1,35,,34228,35,0,59,1,70,,34226,35,0,59,1,30,,34227,35,0,59,1,70,,34241,35,0,59,1,30,,34239,35,0,59,1,70,,34242,35,0,59,1,30,,34230,35,0,59,1
30800,'13',614,,28199,35,0,59,1,30,,34249,35,0,59,1,71,,34263,35,0,59,1,30,,34255,35,0,59,1,70,,34262,35,0,59,1,30,,32495,35,0,59,1,70,,34264,35,0,59,1,30,,34253,35,0,59,1,70,,34259,35,0,59,1,30,,29044,35,0,59,1,70,,28195,35,0,59,1,30,,34257,35,0,59,1,70,,34265,35,0,59,1,30,,30620,35,0,59,1,70,,34254,35,0,59,1,30,,34256,35,0,59,1,68,,34258,35,0,59,1,35,,30531,35,0,59,1,70,,34250,35,0,59,1,30,,34251,35,0,59,1,70,,34260,35,0,59,1,30,,29366,35,0,59,1,70,,34261,35,0,59,1,30,,34252,35,0,59,1
30800,'3',614,,28220,35,0,59,1,30,,34266,35,0,59,1,71,,34280,35,0,59,1,30,,34272,35,0,59,1,70,,34279,35,0,59,1,30,,32499,35,0,59,1,70,,34281,35,0,59,1,30,,34270,35,0,59,1,70,,34276,35,0,59,1,30,,29050,35,0,59,1,70,,28216,35,0,59,1,30,,34274,35,0,59,1,70,,34282,35,0,59,1,30,,30657,35,0,59,1,70,,34271,35,0,59,1,30,,34273,35,0,59,1,68,,34275,35,0,59,1,35,,30568,35,0,59,1,70,,34267,35,0,59,1,30,,34268,35,0,59,1,70,,34277,35,0,59,1,30,,29388,35,0,59,1,70,,34278,35,0,59,1,30,,34269,35,0,59,1
30800,'6',614,,34302,35,0,59,1,30,,34283,35,0,59,1,71,,34303,35,0,59,1,30,,34291,35,0,59,1,70,,34301,35,0,59,1,30,,34287,35,0,59,1,70,,34304,35,0,59,1,30,,34289,35,0,59,1,70,,34296,35,0,59,1,30,,34298,35,0,59,1,70,,34295,35,0,59,1,30,,34293,35,0,59,1,70,,34305,35,0,59,1,30,,34306,35,0,59,1,70,,34290,35,0,59,1,30,,34292,35,0,59,1,68,,34294,35,0,59,1,35,,34286,35,0,59,1,70,,34284,35,0,59,1,30,,34285,35,0,59,1,70,,34299,35,0,59,1,30,,34297,35,0,59,1,70,,34300,35,0,59,1,30,,34288,35,0,59,1
40800,'1',629,,39087,35,0,60 61,1,30,,39086,35,0,60 61,1,70,,39072,35,0,60 61,1,30,,39094,35,0,60 61,1,70,,39093,35,0,60 61,1,30,,39088,35,0,60 61,1,70,,39082,35,0,60 61,1,30,,39096,35,0,60 61,1,71,,39076,35,0,60 61,1,70,,39084,35,0,60 61,1,30,,39079,35,0,60 61,1,70,,30443,35,0,60 61,1,30,,39074,35,0,60 61,1,70,,39075,35,0,60 61,1,30,,39083,35,0,60 61,1,70,,39089,35,0,60 61,1,30,,39070,35,0,60 61,1,70,,39077,35,0,60 61,1,30,,39080,35,0,60 61,1,70,,39078,35,0,60 61,1,30,,39071,35,0,60 61,1,70,,39097,35,0,60 61,1,30,,39092,35,0,60 61,1,70,,39085,35,0,60 61,1,100,,39091,35,0,60 61,1,100,,39069,35,0,60 61,1,100,,39081,35,0,60 61,1,100,,39095,35,0,60 61,1,100,,39090,35,0,60 61,1,100,,39073,35,0,60 61,1
40800,'11',629,,39116,35,0,60 61,1,30,,39115,35,0,60 61,1,70,,39101,35,0,60 61,1,30,,39123,35,0,60 61,1,70,,39122,35,0,60 61,1,30,,39117,35,0,60 61,1,70,,39111,35,0,60 61,1,30,,39125,35,0,60 61,1,71,,39105,35,0,60 61,1,70,,39113,35,0,60 61,1,30,,39108,35,0,60 61,1,70,,39126,35,0,60 61,1,30,,39103,35,0,60 61,1,70,,39104,35,0,60 61,1,30,,39112,35,0,60 61,1,70,,39118,35,0,60 61,1,30,,39099,35,0,60 61,1,70,,39106,35,0,60 61,1,30,,39109,35,0,60 61,1,70,,39107,35,0,60 61,1,30,,39100,35,0,60 61,1,70,,39127,35,0,60 61,1,30,,39121,35,0,60 61,1,70,,39114,35,0,60 61,1,100,,39120,35,0,60 61,1,100,,39098,35,0,60 61,1,100,,39110,35,0,60 61,1,100,,39124,35,0,60 61,1,100,,39119,35,0,60 61,1,100,,39102,35,0,60 61,1
40800,'12',1800,,39130,35,0,60 61,1,100,,39133,35,0,60 61,1,100,,39134,35,0,60 61,1,100,,39132,35,0,60 61,1,100,,39129,35,0,60 61,1,100,,39128,35,0,60 61,1,100,,39131,35,0,60 61,1
40800,'13',1800,,39137,35,0,60 61,1,100,,39140,35,0,60 61,1,100,,39141,35,0,60 61,1,100,,39139,35,0,60 61,1,100,,39136,35,0,60 61,1,100,,39135,35,0,60 61,1,100,,39138,35,0,60 61,1
40800,'14',1100,,39147,35,0,60 61,1,100,,39145,35,0,60 61,1,100,,39142,35,0,60 61,1,100,,39143,35,0,60 61,1,100,,39148,35,0,60 61,1,100,,39144,35,0,60 61,1,100,,39149,35,0,60 61,1,100,,39146,35,0,60 61,1
40800,'16',629,,39168,35,0,60 61,1,30,,39167,35,0,60 61,1,70,,39153,35,0,60 61,1,30,,39175,35,0,60 61,1,70,,39174,35,0,60 61,1,30,,39169,35,0,60 61,1,70,,39163,35,0,60 61,1,30,,39177,35,0,60 61,1,71,,39157,35,0,60 61,1,70,,39165,35,0,60 61,1,30,,39160,35,0,60 61,1,70,,30481,35,0,60 61,1,30,,39155,35,0,60 61,1,70,,39156,35,0,60 61,1,30,,39164,35,0,60 61,1,70,,39170,35,0,60 61,1,30,,39151,35,0,60 61,1,70,,39158,35,0,60 61,1,30,,39161,35,0,60 61,1,70,,39159,35,0,60 61,1,30,,39152,35,0,60 61,1,70,,39178,35,0,60 61,1,30,,39173,35,0,60 61,1,70,,39166,35,0,60 61,1,100,,39172,35,0,60 61,1,100,,39150,35,0,60 61,1,100,,39162,35,0,60 61,1,100,,39176,35,0,60 61,1,100,,39171,35,0,60 61,1,100,,39154,35,0,60 61,1
40800,'3',1800,,39181,35,0,60 61,1,100,,39184,35,0,60 61,1,100,,39185,35,0,60 61,1,100,,39183,35,0,60 61,1,100,,39180,35,0,60 61,1,100,,39179,35,0,60 61,1,100,,39182,35,0,60 61,1
40800,'6',1800,,39188,35,0,60 61,1,100,,39191,35,0,60 61,1,100,,39192,35,0,60 61,1,100,,39190,35,0,60 61,1,100,,39187,35,0,60 61,1,100,,39186,35,0,60 61,1,100,,39189,35,0,60 61,1
40800,'8',859,,39208,35,0,60 61,1,100,,39199,35,0,60 61,1,71,,39200,35,0,60 61,1,70,,39194,35,0,60 61,1,30,,39197,35,0,60 61,1,70,,39209,35,0,60 61,1,30,,39202,35,0,60 61,1,70,,39204,35,0,60 61,1,30,,39205,35,0,60 61,1,70,,39196,35,0,60 61,1,30,,39210,35,0,60 61,1,70,,39201,35,0,60 61,1,30,,39198,35,0,60 61,1,70,,39193,35,0,60 61,1,30,,39203,35,0,60 61,1,70,,30039,35,0,60 61,1,30,,39207,35,0,60 61,1,70,,31168,35,0,60 61,1,100,,39206,35,0,60 61,1,100,,39195,35,0,60 61,1
