30500,'11',601,,27764,18,0,22,1,30,,27768,29,0,22,1,70,,27772,29,0,22,1,30,,27770,29,0,22,1,70,,27775,29,0,22,1,30,,27769,29,0,22,1,70,,27773,29,0,22,1,30,,27763,29,0,22,1,70,,27765,29,0,22,1,30,,10846,29,0,22,1,70,,22717,29,0,22,1,30,,27778,29,0,22,1,70,,27759,29,0,22,1,30,,27766,29,0,22,1,70,,27767,29,0,22,1,30,,23812,29,0,22,1,70,,27761,29,0,22,1,30,,27776,29,0,22,1,70,,27760,29,0,22,1,30,,27762,29,0,22,1,70,,27777,29,0,22,1,30,,27774,29,0,22,1,70,,24900,29,0,22,1,30,,27771,29,0,22,1
30500,'3',601,,27784,18,0,22,1,30,,27788,29,0,22,1,70,,27792,29,0,22,1,30,,27790,29,0,22,1,70,,27795,29,0,22,1,30,,27789,29,0,22,1,70,,27793,29,0,22,1,30,,27783,29,0,22,1,70,,27785,29,0,22,1,30,,10890,29,0,22,1,70,,22739,29,0,22,1,30,,27798,29,0,22,1,70,,27779,29,0,22,1,30,,27786,29,0,22,1,70,,27787,29,0,22,1,30,,23830,29,0,22,1,70,,27781,29,0,22,1,30,,27796,29,0,22,1,70,,27780,29,0,22,1,30,,27782,29,0,22,1,70,,27797,29,0,22,1,30,,27794,29,0,22,1,70,,24997,29,0,22,1,30,,27791,29,0,22,1
30600,'11',606,,27847,13,0,7,1,30,,27861,13,0,7,1,70,,24490,13,0,7,1,30,,27859,13,0,7,1,70,,27858,13,0,7,1,30,,27864,13,0,7,1,70,,27852,13,0,7,1,30,,27846,13,0,7,1,70,,27845,13,0,7,1,30,,27854,13,0,7,1,70,,27848,13,0,7,1,30,,27865,13,0,7,1,70,,27862,13,0,7,1,30,,27853,13,0,7,1,70,,27863,13,0,7,1,30,,27857,13,0,7,1,71,,27851,13,0,7,1,30,,27855,13,0,7,1,70,,24112,13,0,7,1,30,,27850,13,0,7,1,70,,27860,13,0,7,1,30,,27849,13,0,7,1,70,,23629,13,0,7,1,30,,27856,13,0,7,1
30600,'3',606,,27868,13,0,7,1,30,,27882,13,0,7,1,70,,24598,13,0,7,1,30,,27880,13,0,7,1,70,,27879,13,0,7,1,30,,27885,13,0,7,1,70,,27873,13,0,7,1,30,,27867,13,0,7,1,70,,27866,13,0,7,1,30,,27875,13,0,7,1,70,,27869,13,0,7,1,30,,27886,13,0,7,1,70,,27883,13,0,7,1,30,,27874,13,0,7,1,70,,27884,13,0,7,1,30,,27878,13,0,7,1,71,,27872,13,0,7,1,30,,27876,13,0,7,1,70,,24124,13,0,7,1,30,,27871,13,0,7,1,70,,27881,13,0,7,1,30,,27870,13,0,7,1,70,,23648,13,0,7,1,30,,27877,13,0,7,1
31400,'11',631,,28447,3,,,1,80,,12779,3,,,1,40,,28446,3,,,1,80,,28438,3,,,1,80,,28442,3,,,1,40,,28437,3,,,1,80,,23553,3,,,1,80,,28444,3,,,1,40,,28435,3,,,1,80,,23248,3,,,1,80,,28443,3,,,1,40,,28449,3,,,1,81,,28441,3,,,1,80,,28445,3,,,1,40,,28436,3,,,1,80,,28439,3,,,1,80,,28440,3,,,1,40,,28448,3,,,1
31400,'3',631,,28462,3,,,1,80,,24595,3,,,1,40,,28461,3,,,1,80,,28453,3,,,1,80,,28457,3,,,1,40,,28452,3,,,1,80,,23574,3,,,1,80,,28459,3,,,1,40,,28450,3,,,1,80,,23271,3,,,1,80,,28458,3,,,1,40,,28464,3,,,1,81,,28456,3,,,1,80,,28460,3,,,1,40,,28451,3,,,1,80,,28454,3,,,1,80,,28455,3,,,1,40,,28463,3,,,1
40600,'1',621,,30614,13,0,9 10,1,30,,23944,13,0,9 10,1,70,,30607,13,0,9 10,1,30,,30601,13,0,9 10,1,70,,30602,13,0,9 10,1,30,,30605,13,0,9 10,1,70,,30603,13,0,9 10,1,30,,21565,13,0,9 10,1,70,,30597,13,0,9 10,1,30,,30594,13,0,9 10,1,70,,30608,13,0,9 10,1,30,,30612,13,0,9 10,1,70,,30591,13,0,9 10,1,30,,30598,13,0,9 10,1,70,,21548,13,0,9 10,1,30,,30615,13,0,9 10,1,70,,30600,13,0,9 10,1,30,,30613,13,0,9 10,1,70,,30609,13,0,9 10,1,30,,30595,13,0,9 10,1,70,,30604,13,0,9 10,1,30,,30610,13,0,9 10,1,70,,30593,13,0,9 10,1,30,,30599,13,0,9 10,1,70,,30606,13,0,9 10,1,100,,30596,13,0,9 10,1,100,,30592,13,0,9 10,1,100,,30611,13,0,9 10,1,100,,30590,13,0,9 10,1,100,,30589,13,0,9 10,1
40600,'11',1821,,22085,13,0,9 10,1,100,,30618,13,0,9 10,1,100,,30619,13,0,9 10,1,100,,30616,13,0,9 10,1,100,,30617,13,0,9 10,1,100,,30620,13,0,9 10,1
40600,'12',1121,,30624,13,0,9 10,1,100,,30622,13,0,9 10,1,100,,30626,13,0,9 10,1,100,,30625,13,0,9 10,1,100,,30623,13,0,9 10,1,100,,30621,13,0,9 10,1,100,,30627,13,0,9 10,1
40600,'14',621,,30651,13,0,9 10,1,30,,30645,13,0,9 10,1,70,,30644,13,0,9 10,1,30,,30638,13,0,9 10,1,70,,23988,13,0,9 10,1,30,,30642,13,0,9 10,1,70,,30639,13,0,9 10,1,30,,30641,13,0,9 10,1,70,,30634,13,0,9 10,1,30,,25755,13,0,9 10,1,70,,26944,13,0,9 10,1,30,,30649,13,0,9 10,1,70,,30630,13,0,9 10,1,30,,30635,13,0,9 10,1,70,,30636,13,0,9 10,1,30,,30652,13,0,9 10,1,70,,30637,13,0,9 10,1,30,,30650,13,0,9 10,1,70,,30646,13,0,9 10,1,30,,30633,13,0,9 10,1,70,,30640,13,0,9 10,1,30,,30647,13,0,9 10,1,70,,30632,13,0,9 10,1,30,,26447,13,0,9 10,1,70,,30643,13,0,9 10,1,100,,25911,13,0,9 10,1,100,,30631,13,0,9 10,1,100,,30648,13,0,9 10,1,100,,30629,13,0,9 10,1,100,,30628,13,0,9 10,1
40600,'3',1821,,22106,13,0,9 10,1,100,,30655,13,0,9 10,1,100,,30656,13,0,9 10,1,100,,30653,13,0,9 10,1,100,,30654,13,0,9 10,1,100,,30657,13,0,9 10,1
40600,'8',921,,30665,13,0,9 10,1,100,,30663,13,0,9 10,1,30,,30669,13,0,9 10,1,70,,26142,13,0,9 10,1,30,,30670,13,0,9 10,1,70,,30666,13,0,9 10,1,30,,26010,13,0,9 10,1,70,,30659,13,0,9 10,1,30,,30658,13,0,9 10,1,70,,30667,13,0,9 10,1,30,,8620,13,0,9 10,1,70,,30668,13,0,9 10,1,30,,30664,13,0,9 10,1,70,,30672,13,0,9 10,1,30,,30673,13,0,9 10,1,70,,30671,13,0,9 10,1,30,,30661,13,0,9 10,1,70,,30660,13,0,9 10,1,100,,30662,13,0,9 10,1
41400,'1',631,,31429,3,,,1,80,,31435,3,,,1,40,,31430,3,,,1,80,,31439,3,,,1,80,,23523,3,,,1,40,,21451,3,,,1,80,,22055,3,,,1,80,,31427,3,,,1,40,,26256,3,,,1,80,,31428,3,,,1,80,,31436,3,,,1,40,,31432,3,,,1,80,,31433,3,,,1,80,,31431,3,,,1,40,,31438,3,,,1,80,,31426,3,,,1,80,,31434,3,,,1,40,,31437,3,,,1
41400,'14',631,,31445,3,,,1,80,,31452,3,,,1,40,,25914,3,,,1,80,,31456,3,,,1,80,,31442,3,,,1,40,,31451,3,,,1,80,,31444,3,,,1,80,,31441,3,,,1,40,,31446,3,,,1,80,,31443,3,,,1,80,,31453,3,,,1,40,,31448,3,,,1,80,,31449,3,,,1,80,,31447,3,,,1,40,,31455,3,,,1,80,,31440,3,,,1,80,,31450,3,,,1,40,,31454,3,,,1
