31800,'12',612,,35968,25,0,45 46 18,1,30,,35985,25,0,45 46 18,1,70,,35988,25,0,45 46 18,1,30,,35969,25,0,45 46 18,1,70,,35979,25,0,45 46 18,1,30,,35976,25,0,45 46 18,1,70,,35989,25,0,45 46 18,1,30,,35983,25,0,45 46 18,1,70,,35980,25,0,45 46 18,1,30,,35984,25,0,45 46 18,1,70,,35974,25,0,45 46 18,1,30,,35987,25,0,45 46 18,1,70,,35972,25,0,45 46 18,1,30,,35973,25,0,45 46 18,1,70,,35971,25,0,45 46 18,1,30,,35965,25,0,45 46 18,1,70,,35982,25,0,45 46 18,1,30,,35975,25,0,45 46 18,1,70,,35986,25,0,45 46 18,1,30,,35966,25,0,45 46 18,1,70,,35970,25,0,45 46 18,1,30,,35967,25,0,45 46 18,1,70,,35977,25,0,45 46 18,1,30,,35981,25,0,45 46 18,1,70,,35978,25,0,45 46 18,1
31800,'13',612,,35992,25,0,45 46 18,1,30,,36005,25,0,45 46 18,1,70,,36008,25,0,45 46 18,1,30,,35993,25,0,45 46 18,1,70,,36000,25,0,45 46 18,1,30,,35998,25,0,45 46 18,1,70,,27363,25,0,45 46 18,1,30,,36003,25,0,45 46 18,1,70,,29704,25,0,45 46 18,1,30,,36004,25,0,45 46 18,1,70,,35996,25,0,45 46 18,1,30,,36007,25,0,45 46 18,1,70,,35995,25,0,45 46 18,1,30,,28468,25,0,45 46 18,1,70,,35994,25,0,45 46 18,1,30,,28805,25,0,45 46 18,1,70,,36002,25,0,45 46 18,1,30,,35997,25,0,45 46 18,1,70,,36006,25,0,45 46 18,1,30,,35990,25,0,45 46 18,1,70,,29319,25,0,45 46 18,1,30,,35991,25,0,45 46 18,1,70,,27770,25,0,45 46 18,1,30,,36001,25,0,45 46 18,1,70,,35999,25,0,45 46 18,1
31800,'3',612,,36011,25,0,45 46 18,1,30,,36024,25,0,45 46 18,1,70,,36027,25,0,45 46 18,1,30,,36012,25,0,45 46 18,1,70,,36019,25,0,45 46 18,1,30,,36017,25,0,45 46 18,1,70,,27401,25,0,45 46 18,1,30,,36022,25,0,45 46 18,1,70,,29823,25,0,45 46 18,1,30,,36023,25,0,45 46 18,1,70,,36015,25,0,45 46 18,1,30,,36026,25,0,45 46 18,1,70,,36014,25,0,45 46 18,1,30,,28483,25,0,45 46 18,1,70,,36013,25,0,45 46 18,1,30,,28828,25,0,45 46 18,1,70,,36021,25,0,45 46 18,1,30,,36016,25,0,45 46 18,1,70,,36025,25,0,45 46 18,1,30,,36009,25,0,45 46 18,1,70,,29340,25,0,45 46 18,1,30,,36010,25,0,45 46 18,1,70,,27790,25,0,45 46 18,1,30,,36020,25,0,45 46 18,1,70,,36018,25,0,45 46 18,1
31800,'6',612,,36031,25,0,45 46 18,1,30,,36048,25,0,45 46 18,1,70,,36051,25,0,45 46 18,1,30,,36032,25,0,45 46 18,1,70,,36042,25,0,45 46 18,1,30,,36039,25,0,45 46 18,1,70,,36052,25,0,45 46 18,1,30,,36046,25,0,45 46 18,1,70,,36043,25,0,45 46 18,1,30,,36047,25,0,45 46 18,1,70,,36037,25,0,45 46 18,1,30,,36050,25,0,45 46 18,1,70,,36035,25,0,45 46 18,1,30,,36036,25,0,45 46 18,1,70,,36034,25,0,45 46 18,1,30,,36028,25,0,45 46 18,1,70,,36045,25,0,45 46 18,1,30,,36038,25,0,45 46 18,1,70,,36049,25,0,45 46 18,1,30,,36029,25,0,45 46 18,1,70,,36033,25,0,45 46 18,1,30,,36030,25,0,45 46 18,1,70,,36040,25,0,45 46 18,1,30,,36044,25,0,45 46 18,1,70,,36041,25,0,45 46 18,1
41800,'1',626,,41028,27,0,45 46 18,1,30,,31346,27,0,45 46 18,1,71,,41015,27,0,45 46 18,1,30,,41023,27,0,45 46 18,1,70,,41016,27,0,45 46 18,1,30,,41011,27,0,45 46 18,1,70,,41013,27,0,45 46 18,1,30,,41006,27,0,45 46 18,1,71,,41025,27,0,45 46 18,1,30,,41018,27,0,45 46 18,1,70,,41012,27,0,45 46 18,1,30,,41022,27,0,45 46 18,1,70,,41014,27,0,45 46 18,1,30,,41005,27,0,45 46 18,1,70,,41026,27,0,45 46 18,1,30,,41024,27,0,45 46 18,1,70,,41007,27,0,45 46 18,1,30,,41019,27,0,45 46 18,1,70,,24259,27,0,45 46 18,1,30,,41008,27,0,45 46 18,1,70,,41009,27,0,45 46 18,1,30,,41017,27,0,45 46 18,1,70,,29112,27,0,45 46 18,1,30,,23596,27,0,45 46 18,1,100,,30068,27,0,45 46 18,1,100,,41021,27,0,45 46 18,1,100,,32532,27,0,45 46 18,1,100,,41027,27,0,45 46 18,1,100,,41020,27,0,45 46 18,1,100,,41010,27,0,45 46 18,1
41800,'11',626,,41058,27,0,45 46 18,1,30,,41046,27,0,45 46 18,1,71,,41042,27,0,45 46 18,1,30,,41053,27,0,45 46 18,1,70,,41044,27,0,45 46 18,1,30,,41036,27,0,45 46 18,1,70,,41039,27,0,45 46 18,1,30,,41030,27,0,45 46 18,1,71,,41055,27,0,45 46 18,1,30,,41047,27,0,45 46 18,1,70,,41038,27,0,45 46 18,1,30,,41052,27,0,45 46 18,1,70,,41040,27,0,45 46 18,1,30,,41029,27,0,45 46 18,1,70,,41056,27,0,45 46 18,1,30,,41054,27,0,45 46 18,1,70,,41031,27,0,45 46 18,1,30,,41049,27,0,45 46 18,1,70,,41043,27,0,45 46 18,1,30,,41032,27,0,45 46 18,1,70,,41034,27,0,45 46 18,1,30,,41045,27,0,45 46 18,1,70,,41033,27,0,45 46 18,1,30,,41041,27,0,45 46 18,1,100,,41037,27,0,45 46 18,1,100,,41051,27,0,45 46 18,1,100,,41048,27,0,45 46 18,1,100,,41057,27,0,45 46 18,1,100,,41050,27,0,45 46 18,1,100,,41035,27,0,45 46 18,1
41800,'12',1858,,41062,27,0,45 46 18,1,100,,41059,27,0,45 46 18,1,100,,41063,27,0,45 46 18,1,100,,41060,27,0,45 46 18,1,100,,41064,27,0,45 46 18,1,100,,41061,27,0,45 46 18,1
41800,'13',1858,,41068,27,0,45 46 18,1,100,,41065,27,0,45 46 18,1,100,,41069,27,0,45 46 18,1,100,,41066,27,0,45 46 18,1,100,,41070,27,0,45 46 18,1,100,,41067,27,0,45 46 18,1
41800,'14',1058,,41072,27,0,45 46 18,1,100,,41074,27,0,45 46 18,1,100,,41077,27,0,45 46 18,1,100,,41076,27,0,45 46 18,1,100,,41073,27,0,45 46 18,1,100,,41071,27,0,45 46 18,1,100,,41078,27,0,45 46 18,1,100,,41075,27,0,45 46 18,1
41800,'16',626,,41103,27,0,45 46 18,1,30,,31387,27,0,45 46 18,1,71,,41089,27,0,45 46 18,1,30,,41098,27,0,45 46 18,1,70,,41090,27,0,45 46 18,1,30,,41085,27,0,45 46 18,1,70,,41087,27,0,45 46 18,1,30,,41080,27,0,45 46 18,1,71,,41100,27,0,45 46 18,1,30,,41092,27,0,45 46 18,1,70,,41086,27,0,45 46 18,1,30,,41097,27,0,45 46 18,1,70,,41088,27,0,45 46 18,1,30,,41079,27,0,45 46 18,1,70,,41101,27,0,45 46 18,1,30,,41099,27,0,45 46 18,1,70,,41081,27,0,45 46 18,1,30,,41094,27,0,45 46 18,1,70,,29533,27,0,45 46 18,1,30,,41082,27,0,45 46 18,1,70,,41083,27,0,45 46 18,1,30,,41091,27,0,45 46 18,1,70,,23985,27,0,45 46 18,1,30,,30899,27,0,45 46 18,1,100,,30148,27,0,45 46 18,1,100,,41096,27,0,45 46 18,1,100,,41093,27,0,45 46 18,1,100,,41102,27,0,45 46 18,1,100,,41095,27,0,45 46 18,1,100,,41084,27,0,45 46 18,1
41800,'3',1858,,41107,27,0,45 46 18,1,100,,41104,27,0,45 46 18,1,100,,41108,27,0,45 46 18,1,100,,41105,27,0,45 46 18,1,100,,41109,27,0,45 46 18,1,100,,41106,27,0,45 46 18,1
41800,'6',1858,,41113,27,0,45 46 18,1,100,,41110,27,0,45 46 18,1,100,,41114,27,0,45 46 18,1,100,,41111,27,0,45 46 18,1,100,,41115,27,0,45 46 18,1,100,,41112,27,0,45 46 18,1
41800,'8',957,,41130,27,0,45 46 18,1,71,,30580,27,0,45 46 18,1,30,,41126,27,0,45 46 18,1,70,,41129,27,0,45 46 18,1,30,,41116,27,0,45 46 18,1,100,,41120,27,0,45 46 18,1,70,,41123,27,0,45 46 18,1,30,,41121,27,0,45 46 18,1,100,,41125,27,0,45 46 18,1,70,,41119,27,0,45 46 18,1,30,,29849,27,0,45 46 18,1,70,,41117,27,0,45 46 18,1,30,,41122,27,0,45 46 18,1,70,,41118,27,0,45 46 18,1,30,,41128,27,0,45 46 18,1,100,,41127,27,0,45 46 18,1,100,,41124,27,0,45 46 18,1
