30401,'12',640,,33600,7,0,49,1,70,,33598,7,0,49,1,30,,33593,7,0,49,1,70,,33577,7,0,49,1,30,,33581,7,0,49,1,70,,33589,7,0,49,1,30,,33591,7,0,49,1,70,,33601,7,0,49,1,30,,33580,7,0,49,1,70,,33584,7,0,49,1,30,,33578,7,0,49,1,70,,33592,7,0,49,1,30,,33585,7,0,49,1,70,,33586,7,0,49,1,30,,33582,7,0,49,1,71,,33595,7,0,49,1,30,,33588,7,0,49,1,70,,33590,7,0,49,1,30,,33596,7,0,49,1,70,,33587,7,0,49,1,30,,33599,7,0,49,1,70,,33594,7,0,49,1,30,,33583,7,0,49,1,70,,33579,7,0,49,1,30,,33597,7,0,49,1
30401,'13',640,,27613,7,0,49,1,70,,33620,7,0,49,1,30,,33615,7,0,49,1,70,,22338,7,0,49,1,30,,33605,7,0,49,1,70,,33612,7,0,49,1,30,,33613,7,0,49,1,70,,33622,7,0,49,1,30,,33604,7,0,49,1,70,,33607,7,0,49,1,30,,33602,7,0,49,1,70,,33614,7,0,49,1,30,,33608,7,0,49,1,70,,33609,7,0,49,1,30,,21594,7,0,49,1,71,,33617,7,0,49,1,30,,33611,7,0,49,1,70,,28194,7,0,49,1,30,,33618,7,0,49,1,70,,33610,7,0,49,1,30,,33621,7,0,49,1,70,,33616,7,0,49,1,30,,33606,7,0,49,1,70,,33603,7,0,49,1,30,,33619,7,0,49,1
30401,'3',640,,27636,7,0,49,1,70,,33641,7,0,49,1,30,,33636,7,0,49,1,70,,22360,7,0,49,1,30,,33626,7,0,49,1,70,,33633,7,0,49,1,30,,33634,7,0,49,1,70,,33643,7,0,49,1,30,,33625,7,0,49,1,70,,33628,7,0,49,1,30,,33623,7,0,49,1,70,,33635,7,0,49,1,30,,33629,7,0,49,1,70,,33630,7,0,49,1,30,,21637,7,0,49,1,71,,33638,7,0,49,1,30,,33632,7,0,49,1,70,,28215,7,0,49,1,30,,33639,7,0,49,1,70,,33631,7,0,49,1,30,,33642,7,0,49,1,70,,33637,7,0,49,1,30,,33627,7,0,49,1,70,,33624,7,0,49,1,30,,33640,7,0,49,1
30401,'6',640,,33667,7,0,49,1,70,,33665,7,0,49,1,30,,33660,7,0,49,1,70,,33644,7,0,49,1,30,,33648,7,0,49,1,70,,33656,7,0,49,1,30,,33658,7,0,49,1,70,,33668,7,0,49,1,30,,33647,7,0,49,1,70,,33651,7,0,49,1,30,,33645,7,0,49,1,70,,33659,7,0,49,1,30,,33652,7,0,49,1,70,,33653,7,0,49,1,30,,33649,7,0,49,1,71,,33662,7,0,49,1,30,,33655,7,0,49,1,70,,33657,7,0,49,1,30,,33663,7,0,49,1,70,,33654,7,0,49,1,30,,33666,7,0,49,1,70,,33661,7,0,49,1,30,,33650,7,0,49,1,70,,33646,7,0,49,1,30,,33664,7,0,49,1
40401,'1',702,,38683,7,0,39 51,1,30,,38685,7,0,39 51,1,70,,38681,7,0,39 51,1,30,,38682,7,0,39 51,1,70,,38708,7,0,39 51,1,30,,38707,7,0,39 51,1,70,,38700,7,0,39 51,1,31,,38697,7,0,39 51,1,70,,30770,7,0,39 51,1,30,,38689,7,0,39 51,1,70,,38703,7,0,39 51,1,30,,38686,7,0,39 51,1,70,,38690,7,0,39 51,1,30,,38706,7,0,39 51,1,70,,38696,7,0,39 51,1,30,,38702,7,0,39 51,1,70,,38693,7,0,39 51,1,30,,38695,7,0,39 51,1,70,,38701,7,0,39 51,1,30,,38694,7,0,39 51,1,70,,38705,7,0,39 51,1,30,,38698,7,0,39 51,1,70,,38684,7,0,39 51,1,30,,38688,7,0,39 51,1,70,,38691,7,0,39 51,1,99,,38704,7,0,39 51,1,100,,38699,7,0,39 51,1,100,,38692,7,0,39 51,1,100,,38687,7,0,39 51,1
40401,'11',702,,38711,7,0,39 51,1,30,,38713,7,0,39 51,1,70,,38709,7,0,39 51,1,30,,38710,7,0,39 51,1,70,,38737,7,0,39 51,1,30,,38736,7,0,39 51,1,70,,38729,7,0,39 51,1,31,,38726,7,0,39 51,1,70,,38716,7,0,39 51,1,30,,38718,7,0,39 51,1,70,,38732,7,0,39 51,1,30,,38714,7,0,39 51,1,70,,38719,7,0,39 51,1,30,,38735,7,0,39 51,1,70,,38725,7,0,39 51,1,30,,38731,7,0,39 51,1,70,,38722,7,0,39 51,1,30,,38724,7,0,39 51,1,70,,38730,7,0,39 51,1,30,,38723,7,0,39 51,1,70,,38734,7,0,39 51,1,30,,38727,7,0,39 51,1,70,,38712,7,0,39 51,1,30,,38717,7,0,39 51,1,70,,38720,7,0,39 51,1,99,,38733,7,0,39 51,1,100,,38728,7,0,39 51,1,100,,38721,7,0,39 51,1,100,,38715,7,0,39 51,1
40401,'12',1903,,38741,7,0,39 51,1,99,,38739,7,0,39 51,1,100,,38738,7,0,39 51,1,100,,38742,7,0,39 51,1,100,,38740,7,0,39 51,1
40401,'13',1903,,38746,7,0,39 51,1,99,,38744,7,0,39 51,1,100,,38743,7,0,39 51,1,100,,38747,7,0,39 51,1,100,,38745,7,0,39 51,1
40401,'14',1103,,38752,7,0,39 51,1,100,,38751,7,0,39 51,1,100,,38748,7,0,39 51,1,100,,38754,7,0,39 51,1,100,,38749,7,0,39 51,1,100,,38753,7,0,39 51,1,100,,38755,7,0,39 51,1,100,,38750,7,0,39 51,1
40401,'16',702,,38758,7,0,39 51,1,30,,38760,7,0,39 51,1,70,,38756,7,0,39 51,1,30,,38757,7,0,39 51,1,70,,38783,7,0,39 51,1,30,,38782,7,0,39 51,1,70,,38775,7,0,39 51,1,31,,38772,7,0,39 51,1,70,,30812,7,0,39 51,1,30,,38764,7,0,39 51,1,70,,38778,7,0,39 51,1,30,,38761,7,0,39 51,1,70,,38765,7,0,39 51,1,30,,38781,7,0,39 51,1,70,,38771,7,0,39 51,1,30,,38777,7,0,39 51,1,70,,38768,7,0,39 51,1,30,,38770,7,0,39 51,1,70,,38776,7,0,39 51,1,30,,38769,7,0,39 51,1,70,,38780,7,0,39 51,1,30,,38773,7,0,39 51,1,70,,38759,7,0,39 51,1,30,,38763,7,0,39 51,1,70,,38766,7,0,39 51,1,99,,38779,7,0,39 51,1,100,,38774,7,0,39 51,1,100,,38767,7,0,39 51,1,100,,38762,7,0,39 51,1
40401,'3',1903,,38787,7,0,39 51,1,99,,38785,7,0,39 51,1,100,,38784,7,0,39 51,1,100,,38788,7,0,39 51,1,100,,38786,7,0,39 51,1
40401,'6',1903,,38792,7,0,39 51,1,99,,38790,7,0,39 51,1,100,,38789,7,0,39 51,1,100,,38793,7,0,39 51,1,100,,38791,7,0,39 51,1
40401,'8',902,,38807,7,0,39 51,1,100,,38811,7,0,39 51,1,31,,38810,7,0,39 51,1,70,,38795,7,0,39 51,1,30,,38797,7,0,39 51,1,70,,38801,7,0,39 51,1,30,,38802,7,0,39 51,1,70,,38803,7,0,39 51,1,30,,38796,7,0,39 51,1,70,,38794,7,0,39 51,1,30,,38812,7,0,39 51,1,70,,38804,7,0,39 51,1,30,,38798,7,0,39 51,1,70,,38813,7,0,39 51,1,30,,38806,7,0,39 51,1,70,,38808,7,0,39 51,1,30,,38805,7,0,39 51,1,70,,38809,7,0,39 51,1,100,,38799,7,0,39 51,1,99,,38800,7,0,39 51,1
