31801,'1',605,,3626,9,0,45 50,1,30,,3623,9,0,45 50,1,71,,3627,9,0,45 50,1,30,,3615,9,0,45 50,1,70,,3628,9,0,45 50,1,30,,3616,9,0,45 50,1,70,,3607,9,0,45 50,1,30,,3618,9,0,45 50,1,71,,3624,9,0,45 50,1,30,,3631,9,0,45 50,1,70,,3619,9,0,45 50,1,30,,3608,9,0,45 50,1,70,,3625,9,0,45 50,1,30,,3622,9,0,45 50,1,70,,3620,9,0,45 50,1,30,,3611,9,0,45 50,1,68,,3613,9,0,45 50,1,30,,3629,9,0,45 50,1,70,,3610,9,0,45 50,1,30,,3632,9,0,45 50,1,70,,3617,9,0,45 50,1,30,,3621,9,0,45 50,1,70,,3630,9,0,45 50,1,30,,3609,9,0,45 50,1,70,,3612,9,0,45 50,1,30,,3614,9,0,45 50,1
31801,'10',605,,3652,9,0,45 50,1,30,,3649,9,0,45 50,1,71,,3653,9,0,45 50,1,30,,3641,9,0,45 50,1,70,,3654,9,0,45 50,1,30,,3642,9,0,45 50,1,70,,3633,9,0,45 50,1,30,,3644,9,0,45 50,1,71,,3650,9,0,45 50,1,30,,3657,9,0,45 50,1,70,,3645,9,0,45 50,1,30,,3634,9,0,45 50,1,70,,3651,9,0,45 50,1,30,,3648,9,0,45 50,1,70,,3646,9,0,45 50,1,30,,3637,9,0,45 50,1,68,,3639,9,0,45 50,1,30,,3655,9,0,45 50,1,70,,3636,9,0,45 50,1,30,,3658,9,0,45 50,1,70,,3643,9,0,45 50,1,30,,3647,9,0,45 50,1,70,,3656,9,0,45 50,1,30,,3635,9,0,45 50,1,70,,3638,9,0,45 50,1,30,,3640,9,0,45 50,1
31801,'11',605,,3678,9,0,45 50,1,30,,3675,9,0,45 50,1,71,,3680,9,0,45 50,1,30,,3667,9,0,45 50,1,70,,3681,9,0,45 50,1,30,,3668,9,0,45 50,1,70,,3659,9,0,45 50,1,30,,3670,9,0,45 50,1,71,,3676,9,0,45 50,1,30,,3684,9,0,45 50,1,70,,3671,9,0,45 50,1,30,,3660,9,0,45 50,1,70,,3677,9,0,45 50,1,30,,3674,9,0,45 50,1,70,,3672,9,0,45 50,1,30,,3663,9,0,45 50,1,68,,3665,9,0,45 50,1,30,,3682,9,0,45 50,1,70,,3661,9,0,45 50,1,30,,3662,9,0,45 50,1,70,,3669,9,0,45 50,1,30,,3673,9,0,45 50,1,70,,3683,9,0,45 50,1,30,,3679,9,0,45 50,1,70,,3664,9,0,45 50,1,30,,3666,9,0,45 50,1
31801,'3',605,,3704,9,0,45 50,1,30,,3701,9,0,45 50,1,71,,3706,9,0,45 50,1,30,,3693,9,0,45 50,1,70,,3707,9,0,45 50,1,30,,3694,9,0,45 50,1,70,,3685,9,0,45 50,1,30,,3696,9,0,45 50,1,71,,3702,9,0,45 50,1,30,,3710,9,0,45 50,1,70,,3697,9,0,45 50,1,30,,3686,9,0,45 50,1,70,,3703,9,0,45 50,1,30,,3700,9,0,45 50,1,70,,3698,9,0,45 50,1,30,,3689,9,0,45 50,1,68,,3691,9,0,45 50,1,30,,3708,9,0,45 50,1,70,,3687,9,0,45 50,1,30,,3688,9,0,45 50,1,70,,3695,9,0,45 50,1,30,,3699,9,0,45 50,1,70,,3709,9,0,45 50,1,30,,3705,9,0,45 50,1,70,,3690,9,0,45 50,1,30,,3692,9,0,45 50,1
41801,'1',1852,,7880,9,0,45 50,1,99,,7882,9,0,45 50,1,100,,7884,9,0,45 50,1,100,,7883,9,0,45 50,1,100,,7881,9,0,45 50,1
41801,'10',1852,,7885,9,0,45 50,1,99,,7887,9,0,45 50,1,100,,7889,9,0,45 50,1,100,,7888,9,0,45 50,1,100,,7886,9,0,45 50,1
41801,'11',1852,,7890,9,0,45 50,1,99,,7892,9,0,45 50,1,100,,7894,9,0,45 50,1,100,,7893,9,0,45 50,1,100,,7891,9,0,45 50,1
41801,'12',1152,,7895,9,0,45 50,1,100,,7898,9,0,45 50,1,100,,7899,9,0,45 50,1,100,,7900,9,0,45 50,1,100,,7897,9,0,45 50,1,100,,7901,9,0,45 50,1,100,,7896,9,0,45 50,1
41801,'14',621,,7926,9,0,45 50,1,30,,7905,9,0,45 50,1,70,,7924,9,0,45 50,1,30,,7928,9,0,45 50,1,70,,7908,9,0,45 50,1,30,,7910,9,0,45 50,1,70,,7920,9,0,45 50,1,30,,7930,9,0,45 50,1,71,,7925,9,0,45 50,1,30,,7929,9,0,45 50,1,70,,7916,9,0,45 50,1,30,,7907,9,0,45 50,1,70,,7903,9,0,45 50,1,30,,7927,9,0,45 50,1,70,,7904,9,0,45 50,1,30,,7923,9,0,45 50,1,70,,7906,9,0,45 50,1,30,,7911,9,0,45 50,1,70,,7917,9,0,45 50,1,30,,7913,9,0,45 50,1,70,,7902,9,0,45 50,1,30,,7914,9,0,45 50,1,70,,7931,9,0,45 50,1,30,,7919,9,0,45 50,1,70,,7915,9,0,45 50,1,30,,7909,9,0,45 50,1,99,,7918,9,0,45 50,1,100,,7922,9,0,45 50,1,100,,7912,9,0,45 50,1,100,,7921,9,0,45 50,1
41801,'3',1852,,7932,9,0,45 50,1,99,,7934,9,0,45 50,1,100,,7936,9,0,45 50,1,100,,7935,9,0,45 50,1,100,,7933,9,0,45 50,1
41801,'7',851,,7947,9,0,45 50,1,100,,7949,9,0,45 50,1,101,,7952,9,0,45 50,1,70,,7942,9,0,45 50,1,30,,7944,9,0,45 50,1,70,,7939,9,0,45 50,1,30,,7951,9,0,45 50,1,70,,7946,9,0,45 50,1,30,,7956,9,0,45 50,1,70,,7941,9,0,45 50,1,30,,7954,9,0,45 50,1,70,,7938,9,0,45 50,1,30,,7943,9,0,45 50,1,70,,7950,9,0,45 50,1,30,,7937,9,0,45 50,1,70,,7955,9,0,45 50,1,30,,7945,9,0,45 50,1,70,,7953,9,0,45 50,1,30,,7948,9,0,45 50,1,99,,7940,9,0,45 50,1
