30800,'1',601,,1544,4,0,59,1,30,,1543,4,0,59,1,70,,1545,4,0,59,1,30,,1560,4,0,59,1,70,,1547,4,0,59,1,30,,1542,4,0,59,1,70,,1550,4,0,59,1,30,,1561,4,0,59,1,70,,1563,4,0,59,1,30,,1558,4,0,59,1,70,,1564,4,0,59,1,30,,1553,4,0,59,1,70,,1549,4,0,59,1,30,,1548,4,0,59,1,70,,1552,4,0,59,1,30,,1541,4,0,59,1,70,,1562,4,0,59,1,31,,1559,4,0,59,1,70,,1551,4,0,59,1,30,,1546,4,0,59,1,70,,1555,4,0,59,1,30,,1556,4,0,59,1,70,,1554,4,0,59,1,30,,1557,4,0,59,1
30800,'10',601,,1568,4,0,59,1,30,,1567,4,0,59,1,70,,1569,4,0,59,1,30,,1584,4,0,59,1,70,,1571,4,0,59,1,30,,1566,4,0,59,1,70,,1574,4,0,59,1,30,,1585,4,0,59,1,70,,1587,4,0,59,1,30,,1582,4,0,59,1,70,,1588,4,0,59,1,30,,1577,4,0,59,1,70,,1573,4,0,59,1,30,,1572,4,0,59,1,70,,1576,4,0,59,1,30,,1565,4,0,59,1,70,,1586,4,0,59,1,31,,1583,4,0,59,1,70,,1575,4,0,59,1,30,,1570,4,0,59,1,70,,1579,4,0,59,1,30,,1580,4,0,59,1,70,,1578,4,0,59,1,30,,1581,4,0,59,1
30800,'11',601,,1592,4,0,59,1,30,,1591,4,0,59,1,70,,1593,4,0,59,1,30,,1606,4,0,59,1,70,,1595,4,0,59,1,30,,1590,4,0,59,1,70,,1599,4,0,59,1,30,,1607,4,0,59,1,70,,1609,4,0,59,1,30,,1604,4,0,59,1,70,,1612,4,0,59,1,30,,1601,4,0,59,1,70,,1597,4,0,59,1,30,,1596,4,0,59,1,70,,1600,4,0,59,1,30,,1589,4,0,59,1,70,,1608,4,0,59,1,31,,1605,4,0,59,1,70,,1611,4,0,59,1,30,,1594,4,0,59,1,70,,1598,4,0,59,1,30,,1602,4,0,59,1,70,,1610,4,0,59,1,30,,1603,4,0,59,1
30800,'3',601,,1616,4,0,59,1,30,,1615,4,0,59,1,70,,1617,4,0,59,1,30,,1630,4,0,59,1,70,,1619,4,0,59,1,30,,1614,4,0,59,1,70,,1623,4,0,59,1,30,,1631,4,0,59,1,70,,1633,4,0,59,1,30,,1628,4,0,59,1,70,,1636,4,0,59,1,30,,1625,4,0,59,1,70,,1621,4,0,59,1,30,,1620,4,0,59,1,70,,1624,4,0,59,1,30,,1613,4,0,59,1,70,,1632,4,0,59,1,31,,1629,4,0,59,1,70,,1635,4,0,59,1,30,,1618,4,0,59,1,70,,1622,4,0,59,1,30,,1626,4,0,59,1,70,,1634,4,0,59,1,30,,1627,4,0,59,1
33701,'1',617,,5533,4,,,1,30,,5521,4,,,1,70,,5513,4,,,1,30,,5490,4,,,1,70,,5520,4,,,1,30,,5519,4,,,1,70,,5530,4,,,1,30,,5495,4,,,1,70,,5536,4,,,1,30,,5494,4,,,1,70,,5531,4,,,1,30,,5511,4,,,1,70,,5532,4,,,1,30,,5487,4,,,1,70,,5496,4,,,1,30,,5506,4,,,1,70,,5489,4,,,1,30,,5502,4,,,1,70,,5523,4,,,1,30,,5526,4,,,1,70,,5534,4,,,1,30,,5498,4,,,1,70,,5527,4,,,1,30,,5504,4,,,1,70,,5517,4,,,1
33701,'10',617,,5583,4,,,1,30,,5571,4,,,1,70,,5563,4,,,1,30,,5540,4,,,1,70,,5570,4,,,1,30,,5569,4,,,1,70,,5580,4,,,1,30,,5545,4,,,1,70,,5586,4,,,1,30,,5544,4,,,1,70,,5581,4,,,1,30,,5561,4,,,1,70,,5582,4,,,1,30,,5537,4,,,1,70,,5546,4,,,1,30,,5556,4,,,1,70,,5539,4,,,1,30,,5552,4,,,1,70,,5573,4,,,1,30,,5576,4,,,1,70,,5584,4,,,1,30,,5548,4,,,1,70,,5577,4,,,1,30,,5554,4,,,1,70,,5567,4,,,1
33701,'11',617,,5633,4,,,1,30,,5621,4,,,1,70,,5613,4,,,1,30,,5590,4,,,1,70,,5620,4,,,1,30,,5619,4,,,1,70,,5630,4,,,1,30,,5595,4,,,1,70,,5636,4,,,1,30,,5594,4,,,1,70,,5631,4,,,1,30,,5611,4,,,1,70,,5632,4,,,1,30,,5587,4,,,1,70,,5596,4,,,1,30,,5606,4,,,1,70,,5589,4,,,1,30,,5602,4,,,1,70,,5623,4,,,1,30,,5626,4,,,1,70,,5634,4,,,1,30,,5598,4,,,1,70,,5627,4,,,1,30,,5604,4,,,1,70,,5617,4,,,1
33701,'12',1037,,5656,4,,,1,70,,5645,4,,,1,30,,5643,4,,,1,70,,5637,4,,,1,30,,5664,4,,,1,70,,5642,4,,,1,30,,5657,4,,,1,70,,5638,4,,,1,30,,5665,4,,,1,70,,5662,4,,,1,30,,5641,4,,,1,70,,5661,4,,,1,30,,5639,4,,,1,70,,5647,4,,,1,30,,5663,4,,,1
33701,'14',637,,5682,4,,,1,70,,5673,4,,,1,30,,5679,4,,,1,70,,5698,4,,,1,30,,5714,4,,,1,70,,5710,4,,,1,30,,5715,4,,,1,70,,5704,4,,,1,30,,5706,4,,,1,70,,5701,4,,,1,30,,5669,4,,,1,70,,5678,4,,,1,30,,5683,4,,,1,70,,5703,4,,,1,30,,5671,4,,,1,70,,5676,4,,,1,30,,5697,4,,,1,70,,5688,4,,,1,30,,5705,4,,,1,70,,5708,4,,,1,30,,5680,4,,,1,70,,5672,4,,,1,30,,5674,4,,,1,70,,5689,4,,,1,30,,5707,4,,,1
33701,'3',617,,5763,4,,,1,30,,5751,4,,,1,70,,5743,4,,,1,30,,5720,4,,,1,70,,5750,4,,,1,30,,5749,4,,,1,70,,5760,4,,,1,30,,5725,4,,,1,70,,5766,4,,,1,30,,5724,4,,,1,70,,5761,4,,,1,30,,5741,4,,,1,70,,5762,4,,,1,30,,5717,4,,,1,70,,5726,4,,,1,30,,5736,4,,,1,70,,5719,4,,,1,30,,5732,4,,,1,70,,5753,4,,,1,30,,5756,4,,,1,70,,5764,4,,,1,30,,5728,4,,,1,70,,5757,4,,,1,30,,5734,4,,,1,70,,5747,4,,,1
33701,'7',1107,,5790,4,,,1,30,,5780,4,,,1,70,,5787,4,,,1,30,,5786,4,,,1,70,,5796,4,,,1,30,,5773,4,,,1,70,,5771,4,,,1,30,,5791,4,,,1,70,,5795,4,,,1,30,,5793,4,,,1,70,,5777,4,,,1,30,,5784,4,,,1,70,,5785,4,,,1,30,,5775,4,,,1,70,,5789,4,,,1
40800,'1',1746,,6610,4,0,60 61,1,100,,6605,4,0,60 61,1,100,,6611,4,0,60 61,1,100,,6609,4,0,60 61,1,100,,6606,4,0,60 61,1,100,,6608,4,0,60 61,1,100,,6607,4,0,60 61,1
40800,'10',1746,,6617,4,0,60 61,1,100,,6612,4,0,60 61,1,100,,6618,4,0,60 61,1,100,,6616,4,0,60 61,1,100,,6613,4,0,60 61,1,100,,6615,4,0,60 61,1,100,,6614,4,0,60 61,1
40800,'11',1746,,6624,4,0,60 61,1,100,,6619,4,0,60 61,1,100,,6625,4,0,60 61,1,100,,6623,4,0,60 61,1,100,,6620,4,0,60 61,1,100,,6622,4,0,60 61,1,100,,6621,4,0,60 61,1
40800,'12',1046,,6631,4,0,60 61,1,100,,6627,4,0,60 61,1,100,,6630,4,0,60 61,1,100,,6629,4,0,60 61,1,100,,6632,4,0,60 61,1,100,,6628,4,0,60 61,1,100,,6633,4,0,60 61,1,100,,6626,4,0,60 61,1
40800,'14',616,,6649,4,0,60 61,1,30,,6656,4,0,60 61,1,70,,6657,4,0,60 61,1,30,,6648,4,0,60 61,1,70,,6662,4,0,60 61,1,30,,6641,4,0,60 61,1,70,,6634,4,0,60 61,1,30,,6639,4,0,60 61,1,70,,6642,4,0,60 61,1,30,,6638,4,0,60 61,1,70,,6635,4,0,60 61,1,30,,6637,4,0,60 61,1,70,,6655,4,0,60 61,1,30,,6660,4,0,60 61,1,70,,6659,4,0,60 61,1,30,,6645,4,0,60 61,1,70,,6658,4,0,60 61,1,30,,6654,4,0,60 61,1,70,,6636,4,0,60 61,1,30,,6661,4,0,60 61,1,70,,6647,4,0,60 61,1,30,,6646,4,0,60 61,1,70,,6651,4,0,60 61,1,30,,6652,4,0,60 61,1,100,,6640,4,0,60 61,1,100,,6650,4,0,60 61,1,100,,6663,4,0,60 61,1,100,,6643,4,0,60 61,1,100,,6644,4,0,60 61,1,100,,6653,4,0,60 61,1
40800,'3',1746,,6669,4,0,60 61,1,100,,6664,4,0,60 61,1,100,,6670,4,0,60 61,1,100,,6668,4,0,60 61,1,100,,6665,4,0,60 61,1,100,,6667,4,0,60 61,1,100,,6666,4,0,60 61,1
40800,'7',846,,6682,4,0,60 61,1,100,,6680,4,0,60 61,1,70,,6676,4,0,60 61,1,30,,6687,4,0,60 61,1,70,,6671,4,0,60 61,1,30,,6681,4,0,60 61,1,70,,6672,4,0,60 61,1,30,,6677,4,0,60 61,1,70,,6684,4,0,60 61,1,30,,6674,4,0,60 61,1,70,,6689,4,0,60 61,1,30,,6688,4,0,60 61,1,70,,6685,4,0,60 61,1,30,,6679,4,0,60 61,1,70,,6675,4,0,60 61,1,30,,6690,4,0,60 61,1,70,,6678,4,0,60 61,1,30,,6673,4,0,60 61,1,100,,6683,4,0,60 61,1,100,,6686,4,0,60 61,1
43701,'1',1916,,8725,4,,,1,100,,8728,4,,,1,100,,8732,4,,,1,100,,8731,4,,,1,100,,8727,4,,,1
43701,'10',1916,,8735,4,,,1,100,,8738,4,,,1,100,,8742,4,,,1,100,,8741,4,,,1,100,,8737,4,,,1
43701,'11',1916,,8745,4,,,1,100,,8748,4,,,1,100,,8752,4,,,1,100,,8751,4,,,1,100,,8747,4,,,1
43701,'14',1916,,8764,4,,,1,100,,8758,4,,,1,100,,8760,4,,,1,100,,8762,4,,,1,100,,8761,4,,,1
43701,'3',1916,,8765,4,,,1,100,,8768,4,,,1,100,,8772,4,,,1,100,,8771,4,,,1,100,,8767,4,,,1
