30500,'12',619,,33679,10,0,58,1,30,,33670,10,0,58,1,70,,33691,10,0,58,1,30,,33683,10,0,58,1,70,,33675,10,0,58,1,30,,33684,10,0,58,1,70,,33685,10,0,58,1,30,,33687,10,0,58,1,70,,33688,10,0,58,1,30,,33680,10,0,58,1,70,,33689,10,0,58,1,30,,33671,10,0,58,1,70,,33681,10,0,58,1,30,,33673,10,0,58,1,70,,33669,10,0,58,1,30,,33692,10,0,58,1,70,,33682,10,0,58,1,30,,33690,10,0,58,1,70,,33672,10,0,58,1,30,,33686,10,0,58,1,70,,33674,10,0,58,1,30,,33677,10,0,58,1,70,,33678,10,0,58,1
30500,'13',619,,33703,10,0,58,1,30,,33694,10,0,58,1,70,,33714,10,0,58,1,30,,33707,10,0,58,1,70,,33699,10,0,58,1,30,,33708,10,0,58,1,70,,33709,10,0,58,1,30,,33711,10,0,58,1,70,,33712,10,0,58,1,30,,33704,10,0,58,1,70,,28111,10,0,58,1,30,,33695,10,0,58,1,70,,33705,10,0,58,1,30,,33697,10,0,58,1,70,,33693,10,0,58,1,30,,33715,10,0,58,1,70,,33706,10,0,58,1,30,,33713,10,0,58,1,70,,33696,10,0,58,1,30,,33710,10,0,58,1,70,,33698,10,0,58,1,30,,33701,10,0,58,1,70,,33702,10,0,58,1
30500,'3',619,,33726,10,0,58,1,30,,33717,10,0,58,1,70,,33737,10,0,58,1,30,,33730,10,0,58,1,70,,33722,10,0,58,1,30,,33731,10,0,58,1,70,,33732,10,0,58,1,30,,33734,10,0,58,1,70,,33735,10,0,58,1,30,,33727,10,0,58,1,70,,28133,10,0,58,1,30,,33718,10,0,58,1,70,,33728,10,0,58,1,30,,33720,10,0,58,1,70,,33716,10,0,58,1,30,,33738,10,0,58,1,70,,33729,10,0,58,1,30,,33736,10,0,58,1,70,,33719,10,0,58,1,30,,33733,10,0,58,1,70,,33721,10,0,58,1,30,,33724,10,0,58,1,70,,33725,10,0,58,1
30500,'6',619,,33749,10,0,58,1,30,,33740,10,0,58,1,70,,33761,10,0,58,1,30,,33753,10,0,58,1,70,,33745,10,0,58,1,30,,33754,10,0,58,1,70,,33755,10,0,58,1,30,,33757,10,0,58,1,70,,33758,10,0,58,1,30,,33750,10,0,58,1,70,,33759,10,0,58,1,30,,33741,10,0,58,1,70,,33751,10,0,58,1,30,,33743,10,0,58,1,70,,33739,10,0,58,1,30,,33762,10,0,58,1,70,,33752,10,0,58,1,30,,33760,10,0,58,1,70,,33742,10,0,58,1,30,,33756,10,0,58,1,70,,33744,10,0,58,1,30,,33747,10,0,58,1,70,,33748,10,0,58,1
41200,'1',618,,39797,10,0,23,1,30,,39789,10,0,23,1,70,,39787,10,0,23,1,30,,39793,10,0,23,1,70,,39796,10,0,23,1,30,,39784,10,0,23,1,70,,39788,10,0,23,1,30,,32721,10,0,23,1,71,,39786,10,0,23,1,30,,39803,10,0,23,1,70,,39806,10,0,23,1,30,,39804,10,0,23,1,70,,39795,10,0,23,1,30,,39780,10,0,23,1,70,,39802,10,0,23,1,30,,39791,10,0,23,1,69,,39792,10,0,23,1,30,,39783,10,0,23,1,70,,39801,10,0,23,1,30,,39798,10,0,23,1,70,,39794,10,0,23,1,30,,39799,10,0,23,1,70,,39782,10,0,23,1,30,,39790,10,0,23,1,70,,39781,10,0,23,1,100,,39805,10,0,23,1,100,,31127,10,0,23,1,100,,39800,10,0,23,1,100,,39785,10,0,23,1,100,,32572,10,0,23,1
41200,'11',618,,39825,10,0,23,1,30,,39817,10,0,23,1,70,,39815,10,0,23,1,30,,39821,10,0,23,1,70,,39809,10,0,23,1,30,,39812,10,0,23,1,70,,39816,10,0,23,1,30,,39834,10,0,23,1,71,,39814,10,0,23,1,30,,39831,10,0,23,1,70,,39836,10,0,23,1,30,,39832,10,0,23,1,70,,39823,10,0,23,1,30,,39807,10,0,23,1,70,,39830,10,0,23,1,30,,39819,10,0,23,1,69,,39820,10,0,23,1,30,,39811,10,0,23,1,70,,39829,10,0,23,1,30,,39826,10,0,23,1,70,,39822,10,0,23,1,30,,39827,10,0,23,1,70,,39810,10,0,23,1,30,,39818,10,0,23,1,70,,39808,10,0,23,1,100,,39835,10,0,23,1,100,,39833,10,0,23,1,100,,39828,10,0,23,1,100,,39813,10,0,23,1,100,,39824,10,0,23,1
41200,'12',1818,,39841,10,0,23,1,100,,39842,10,0,23,1,100,,39837,10,0,23,1,100,,39840,10,0,23,1,100,,39839,10,0,23,1,100,,39838,10,0,23,1
41200,'13',1818,,31821,10,0,23,1,100,,39847,10,0,23,1,100,,39843,10,0,23,1,100,,39846,10,0,23,1,100,,39845,10,0,23,1,100,,39844,10,0,23,1
41200,'14',1119,,39853,10,0,23,1,100,,39849,10,0,23,1,100,,39848,10,0,23,1,99,,31369,10,0,23,1,100,,39852,10,0,23,1,100,,39850,10,0,23,1,100,,39851,10,0,23,1
41200,'16',618,,39872,10,0,23,1,30,,39863,10,0,23,1,70,,39861,10,0,23,1,30,,39867,10,0,23,1,70,,39870,10,0,23,1,30,,39858,10,0,23,1,70,,39862,10,0,23,1,30,,39880,10,0,23,1,71,,39860,10,0,23,1,30,,39878,10,0,23,1,70,,39882,10,0,23,1,30,,39879,10,0,23,1,70,,39869,10,0,23,1,30,,39854,10,0,23,1,70,,39877,10,0,23,1,30,,39865,10,0,23,1,69,,39866,10,0,23,1,30,,39857,10,0,23,1,70,,39876,10,0,23,1,30,,39873,10,0,23,1,70,,39868,10,0,23,1,30,,39874,10,0,23,1,70,,39856,10,0,23,1,30,,39864,10,0,23,1,70,,39855,10,0,23,1,100,,39881,10,0,23,1,100,,31152,10,0,23,1,100,,39875,10,0,23,1,100,,39859,10,0,23,1,100,,39871,10,0,23,1
41200,'3',1818,,31880,10,0,23,1,100,,39887,10,0,23,1,100,,39883,10,0,23,1,100,,39886,10,0,23,1,100,,39885,10,0,23,1,100,,39884,10,0,23,1
41200,'6',1818,,39892,10,0,23,1,100,,39893,10,0,23,1,100,,39888,10,0,23,1,100,,39891,10,0,23,1,100,,39890,10,0,23,1,100,,39889,10,0,23,1
41200,'8',918,,39901,10,0,23,1,101,,39904,10,0,23,1,30,,39903,10,0,23,1,70,,39909,10,0,23,1,30,,39906,10,0,23,1,70,,39911,10,0,23,1,30,,39895,10,0,23,1,70,,39896,10,0,23,1,30,,39908,10,0,23,1,69,,32740,10,0,23,1,30,,39910,10,0,23,1,70,,39894,10,0,23,1,30,,39898,10,0,23,1,70,,39902,10,0,23,1,30,,39899,10,0,23,1,70,,39900,10,0,23,1,30,,39905,10,0,23,1,70,,39897,10,0,23,1,100,,39907,10,0,23,1
