30900,'11',616,,28116,3,,,1,30,,28102,3,,,1,70,,28118,3,,,1,30,,22716,3,,,1,70,,28109,3,,,1,30,,28117,3,,,1,70,,28105,3,,,1,30,,28112,3,,,1,71,,28114,3,,,1,30,,28099,3,,,1,70,,28104,3,,,1,30,,28100,3,,,1,70,,28108,3,,,1,30,,28106,3,,,1,70,,28110,3,,,1,30,,28098,3,,,1,70,,28115,3,,,1,30,,28101,3,,,1,70,,28097,3,,,1,30,,28113,3,,,1,70,,28103,3,,,1,30,,28111,3,,,1,70,,28107,3,,,1
30900,'3',616,,28138,3,,,1,30,,28124,3,,,1,70,,28140,3,,,1,30,,22738,3,,,1,70,,28131,3,,,1,30,,28139,3,,,1,70,,28127,3,,,1,30,,28134,3,,,1,71,,28136,3,,,1,30,,28121,3,,,1,70,,28126,3,,,1,30,,28122,3,,,1,70,,28130,3,,,1,30,,28128,3,,,1,70,,28132,3,,,1,30,,28120,3,,,1,70,,28137,3,,,1,30,,28123,3,,,1,70,,28119,3,,,1,30,,28135,3,,,1,70,,28125,3,,,1,30,,28133,3,,,1,70,,28129,3,,,1
31200,'11',601,,28358,3,0,23,1,30,,23821,3,0,23,1,70,,28365,3,0,23,1,30,,24737,3,0,23,1,70,,28364,3,0,23,1,30,,28363,3,0,23,1,70,,28361,3,0,23,1,30,,28360,3,0,23,1,70,,28374,3,0,23,1,30,,22542,3,0,23,1,70,,28367,3,0,23,1,30,,28371,3,0,23,1,70,,28372,3,0,23,1,30,,28366,3,0,23,1,70,,21453,3,0,23,1,30,,28362,3,0,23,1,71,,23245,3,0,23,1,30,,28357,3,0,23,1,70,,28373,3,0,23,1,30,,28369,3,0,23,1,70,,23948,3,0,23,1,30,,28368,3,0,23,1,70,,26411,3,0,23,1,30,,28359,3,0,23,1,70,,28370,3,0,23,1
31200,'3',601,,28376,3,0,23,1,30,,23839,3,0,23,1,70,,28383,3,0,23,1,30,,24838,3,0,23,1,70,,28382,3,0,23,1,30,,28381,3,0,23,1,70,,28379,3,0,23,1,30,,28378,3,0,23,1,70,,28392,3,0,23,1,30,,22560,3,0,23,1,70,,28385,3,0,23,1,30,,28389,3,0,23,1,70,,28390,3,0,23,1,30,,28384,3,0,23,1,70,,21493,3,0,23,1,30,,28380,3,0,23,1,71,,23268,3,0,23,1,30,,28375,3,0,23,1,70,,28391,3,0,23,1,30,,28387,3,0,23,1,70,,23952,3,0,23,1,30,,28386,3,0,23,1,70,,26471,3,0,23,1,30,,28377,3,0,23,1,70,,28388,3,0,23,1
40900,'1',646,,30954,3,0,23,1,70,,30948,3,0,23,1,30,,30950,3,0,23,1,70,,30946,3,0,23,1,30,,30945,3,0,23,1,70,,30962,3,0,23,1,30,,30939,3,0,23,1,70,,26672,3,0,23,1,30,,22521,3,0,23,1,70,,30961,3,0,23,1,30,,30949,3,0,23,1,70,,30960,3,0,23,1,30,,30942,3,0,23,1,70,,30943,3,0,23,1,30,,30964,3,0,23,1,70,,30956,3,0,23,1,30,,30941,3,0,23,1,70,,30959,3,0,23,1,30,,30951,3,0,23,1,70,,30953,3,0,23,1,30,,30963,3,0,23,1,70,,30955,3,0,23,1,30,,30947,3,0,23,1,100,,21683,3,0,23,1,100,,30952,3,0,23,1,100,,30940,3,0,23,1,100,,30957,3,0,23,1,100,,30958,3,0,23,1,100,,30944,3,0,23,1
40900,'11',1746,,30968,3,0,23,1,100,,30970,3,0,23,1,100,,30971,3,0,23,1,100,,30965,3,0,23,1,100,,30969,3,0,23,1,100,,30966,3,0,23,1,100,,30967,3,0,23,1
40900,'12',1046,,27297,3,0,23,1,100,,30978,3,0,23,1,100,,30976,3,0,23,1,100,,30977,3,0,23,1,100,,30973,3,0,23,1,100,,30972,3,0,23,1,100,,30975,3,0,23,1,100,,30974,3,0,23,1
40900,'14',646,,26189,3,0,23,1,70,,30989,3,0,23,1,30,,26547,3,0,23,1,70,,30987,3,0,23,1,30,,30986,3,0,23,1,70,,31002,3,0,23,1,30,,30979,3,0,23,1,70,,30985,3,0,23,1,30,,30993,3,0,23,1,70,,31001,3,0,23,1,30,,30990,3,0,23,1,70,,31000,3,0,23,1,30,,30982,3,0,23,1,70,,30983,3,0,23,1,30,,31004,3,0,23,1,70,,30996,3,0,23,1,30,,30981,3,0,23,1,70,,30999,3,0,23,1,30,,30991,3,0,23,1,70,,26114,3,0,23,1,30,,31003,3,0,23,1,70,,30995,3,0,23,1,30,,30988,3,0,23,1,100,,30994,3,0,23,1,100,,30992,3,0,23,1,100,,30980,3,0,23,1,100,,30997,3,0,23,1,100,,30998,3,0,23,1,100,,30984,3,0,23,1
40900,'3',1746,,31008,3,0,23,1,100,,31010,3,0,23,1,100,,31011,3,0,23,1,100,,31005,3,0,23,1,100,,31009,3,0,23,1,100,,31006,3,0,23,1,100,,31007,3,0,23,1
40900,'8',846,,31020,3,0,23,1,170,,31013,3,0,23,1,30,,31017,3,0,23,1,70,,31022,3,0,23,1,30,,31024,3,0,23,1,70,,31014,3,0,23,1,30,,31025,3,0,23,1,100,,31023,3,0,23,1,70,,26059,3,0,23,1,30,,25334,3,0,23,1,70,,31016,3,0,23,1,30,,31019,3,0,23,1,70,,31015,3,0,23,1,30,,26141,3,0,23,1,70,,31012,3,0,23,1,30,,31021,3,0,23,1,100,,24648,3,0,23,1,100,,31018,3,0,23,1
