30100,'12',603,,32810,6,0,5 6,1,30,,32795,6,0,5 6,1,70,,32770,6,0,5 6,1,30,,32777,6,0,5 6,1,70,,32812,6,0,5 6,1,30,,32785,6,0,5 6,1,70,,32790,6,0,5 6,1,30,,32786,6,0,5 6,1,70,,32789,6,0,5 6,1,30,,32804,6,0,5 6,1,70,,32771,6,0,5 6,1,30,,32778,6,0,5 6,1,70,,32776,6,0,5 6,1,30,,32774,6,0,5 6,1,70,,32768,6,0,5 6,1,30,,32794,6,0,5 6,1,70,,32773,6,0,5 6,1,30,,32806,6,0,5 6,1,70,,32802,6,0,5 6,1,30,,32803,6,0,5 6,1,70,,32780,6,0,5 6,1,30,,32807,6,0,5 6,1,70,,32796,6,0,5 6,1,30,,32787,6,0,5 6,1
30100,'13',603,,32852,6,0,5 6,1,30,,32839,6,0,5 6,1,70,,32816,6,0,5 6,1,30,,32823,6,0,5 6,1,70,,32854,6,0,5 6,1,30,,32831,6,0,5 6,1,70,,32836,6,0,5 6,1,30,,32832,6,0,5 6,1,70,,32835,6,0,5 6,1,30,,32847,6,0,5 6,1,70,,32817,6,0,5 6,1,30,,32824,6,0,5 6,1,70,,32822,6,0,5 6,1,30,,32820,6,0,5 6,1,70,,32814,6,0,5 6,1,30,,32838,6,0,5 6,1,70,,32819,6,0,5 6,1,30,,32848,6,0,5 6,1,70,,32845,6,0,5 6,1,30,,32846,6,0,5 6,1,70,,32826,6,0,5 6,1,30,,32849,6,0,5 6,1,70,,32840,6,0,5 6,1,30,,32833,6,0,5 6,1
30100,'3',603,,32894,6,0,5 6,1,30,,32881,6,0,5 6,1,70,,32858,6,0,5 6,1,30,,32865,6,0,5 6,1,70,,32896,6,0,5 6,1,30,,32873,6,0,5 6,1,70,,32878,6,0,5 6,1,30,,32874,6,0,5 6,1,70,,32877,6,0,5 6,1,30,,32889,6,0,5 6,1,70,,32859,6,0,5 6,1,30,,32866,6,0,5 6,1,70,,32864,6,0,5 6,1,30,,32862,6,0,5 6,1,70,,32856,6,0,5 6,1,30,,32880,6,0,5 6,1,70,,32861,6,0,5 6,1,30,,32890,6,0,5 6,1,70,,32887,6,0,5 6,1,30,,32888,6,0,5 6,1,70,,32868,6,0,5 6,1,30,,32891,6,0,5 6,1,70,,32882,6,0,5 6,1,30,,32875,6,0,5 6,1
30100,'6',603,,32941,6,0,5 6,1,30,,32926,6,0,5 6,1,70,,32901,6,0,5 6,1,30,,32908,6,0,5 6,1,70,,32943,6,0,5 6,1,30,,32916,6,0,5 6,1,70,,32921,6,0,5 6,1,30,,32917,6,0,5 6,1,70,,32920,6,0,5 6,1,30,,32935,6,0,5 6,1,70,,32902,6,0,5 6,1,30,,32909,6,0,5 6,1,70,,32907,6,0,5 6,1,30,,32905,6,0,5 6,1,70,,32899,6,0,5 6,1,30,,32925,6,0,5 6,1,70,,32904,6,0,5 6,1,30,,32937,6,0,5 6,1,70,,32933,6,0,5 6,1,30,,32934,6,0,5 6,1,70,,32911,6,0,5 6,1,30,,32938,6,0,5 6,1,70,,32927,6,0,5 6,1,30,,32918,6,0,5 6,1
40100,'1',627,,31498,6,0,8,1,30,,37760,6,0,8,1,70,,37775,6,0,8,1,30,,37763,6,0,8,1,70,,37783,6,0,8,1,30,,37779,6,0,8,1,70,,37772,6,0,8,1,30,,37793,6,0,8,1,70,,37752,6,0,8,1,30,,37792,6,0,8,1,70,,37789,6,0,8,1,30,,37771,6,0,8,1,70,,37745,6,0,8,1,30,,32649,6,0,8,1,70,,37750,6,0,8,1,30,,37754,6,0,8,1,70,,37770,6,0,8,1,30,,37768,6,0,8,1,70,,37747,6,0,8,1,30,,37774,6,0,8,1,70,,37787,6,0,8,1,30,,37781,6,0,8,1,70,,31183,6,0,8,1,30,,37756,6,0,8,1,100,,37778,6,0,8,1,100,,37765,6,0,8,1,100,,37777,6,0,8,1,100,,37759,6,0,8,1,100,,37757,6,0,8,1,100,,31193,6,0,8,1
40100,'11',627,,37826,6,0,8,1,30,,37811,6,0,8,1,70,,37832,6,0,8,1,30,,37816,6,0,8,1,70,,37842,6,0,8,1,30,,37837,6,0,8,1,70,,37827,6,0,8,1,30,,37852,6,0,8,1,70,,37803,6,0,8,1,30,,37851,6,0,8,1,70,,37848,6,0,8,1,30,,37825,6,0,8,1,70,,37796,6,0,8,1,30,,37831,6,0,8,1,70,,37801,6,0,8,1,30,,37805,6,0,8,1,70,,37824,6,0,8,1,30,,37822,6,0,8,1,70,,37798,6,0,8,1,30,,37830,6,0,8,1,70,,37846,6,0,8,1,30,,37839,6,0,8,1,70,,37815,6,0,8,1,30,,37807,6,0,8,1,100,,37836,6,0,8,1,100,,37819,6,0,8,1,100,,37834,6,0,8,1,100,,37810,6,0,8,1,100,,37808,6,0,8,1,100,,37853,6,0,8,1
40100,'12',1757,,37861,6,0,8,1,100,,37858,6,0,8,1,100,,37867,6,0,8,1,100,,37865,6,0,8,1,100,,37866,6,0,8,1,100,,37859,6,0,8,1,100,,37857,6,0,8,1
40100,'13',1757,,37873,6,0,8,1,100,,37870,6,0,8,1,100,,37879,6,0,8,1,100,,37877,6,0,8,1,100,,37878,6,0,8,1,100,,37871,6,0,8,1,100,,27848,6,0,8,1
40100,'14',1057,,37890,6,0,8,1,100,,37892,6,0,8,1,100,,37884,6,0,8,1,100,,37882,6,0,8,1,100,,37889,6,0,8,1,100,,37893,6,0,8,1,100,,37891,6,0,8,1,100,,37886,6,0,8,1
40100,'16',627,,31539,6,0,8,1,30,,37912,6,0,8,1,70,,37927,6,0,8,1,30,,37915,6,0,8,1,70,,37935,6,0,8,1,30,,37931,6,0,8,1,70,,37924,6,0,8,1,30,,37945,6,0,8,1,70,,37904,6,0,8,1,30,,37944,6,0,8,1,70,,37941,6,0,8,1,30,,37923,6,0,8,1,70,,37897,6,0,8,1,30,,32668,6,0,8,1,70,,37902,6,0,8,1,30,,37906,6,0,8,1,70,,37922,6,0,8,1,30,,37920,6,0,8,1,70,,37899,6,0,8,1,30,,37926,6,0,8,1,70,,37939,6,0,8,1,30,,37933,6,0,8,1,70,,26849,6,0,8,1,30,,37908,6,0,8,1,100,,37930,6,0,8,1,100,,37917,6,0,8,1,100,,37929,6,0,8,1,100,,37911,6,0,8,1,100,,37909,6,0,8,1,100,,31222,6,0,8,1
40100,'3',1757,,37951,6,0,8,1,100,,37948,6,0,8,1,100,,37957,6,0,8,1,100,,37955,6,0,8,1,100,,37956,6,0,8,1,100,,37949,6,0,8,1,100,,27869,6,0,8,1
40100,'6',1757,,37965,6,0,8,1,100,,37962,6,0,8,1,100,,37971,6,0,8,1,100,,37969,6,0,8,1,100,,37970,6,0,8,1,100,,37963,6,0,8,1,100,,37961,6,0,8,1
40100,'8',857,,37973,6,0,8,1,100,,37986,6,0,8,1,70,,38003,6,0,8,1,30,,37977,6,0,8,1,70,,37993,6,0,8,1,30,,32420,6,0,8,1,70,,37972,6,0,8,1,30,,37996,6,0,8,1,70,,38007,6,0,8,1,30,,38001,6,0,8,1,70,,38006,6,0,8,1,30,,37989,6,0,8,1,70,,38005,6,0,8,1,30,,37991,6,0,8,1,70,,37988,6,0,8,1,30,,37990,6,0,8,1,70,,37974,6,0,8,1,30,,38002,6,0,8,1,100,,37981,6,0,8,1,100,,37980,6,0,8,1
