31801,'1',617,,3626,32,0,45 50,1,30,,3623,32,0,45 50,1,71,,3627,32,0,45 50,1,30,,3615,32,0,45 50,1,70,,3628,32,0,45 50,1,30,,3616,32,0,45 50,1,70,,3607,32,0,45 50,1,30,,3618,32,0,45 50,1,71,,3624,32,0,45 50,1,30,,3631,32,0,45 50,1,70,,3619,32,0,45 50,1,30,,3608,32,0,45 50,1,70,,3625,32,0,45 50,1,30,,3622,32,0,45 50,1,70,,3620,32,0,45 50,1,30,,3611,32,0,45 50,1,68,,3613,32,0,45 50,1,30,,3629,32,0,45 50,1,70,,3610,32,0,45 50,1,30,,3632,32,0,45 50,1,70,,3617,32,0,45 50,1,30,,3621,32,0,45 50,1,70,,3630,32,0,45 50,1,30,,3609,32,0,45 50,1,73,,3612,32,0,45 50,1,28,,3614,32,0,45 50,1
31801,'10',617,,3652,32,0,45 50,1,30,,3649,32,0,45 50,1,71,,3653,32,0,45 50,1,30,,3641,32,0,45 50,1,70,,3654,32,0,45 50,1,30,,3642,32,0,45 50,1,70,,3633,32,0,45 50,1,30,,3644,32,0,45 50,1,71,,3650,32,0,45 50,1,30,,3657,32,0,45 50,1,70,,3645,32,0,45 50,1,30,,3634,32,0,45 50,1,70,,3651,32,0,45 50,1,30,,3648,32,0,45 50,1,70,,3646,32,0,45 50,1,30,,3637,32,0,45 50,1,68,,3639,32,0,45 50,1,30,,3655,32,0,45 50,1,70,,3636,32,0,45 50,1,30,,3658,32,0,45 50,1,70,,3643,32,0,45 50,1,30,,3647,32,0,45 50,1,70,,3656,32,0,45 50,1,30,,3635,32,0,45 50,1,73,,3638,32,0,45 50,1,28,,3640,32,0,45 50,1
31801,'11',617,,3678,32,0,45 50,1,30,,3675,32,0,45 50,1,71,,3680,32,0,45 50,1,30,,3667,32,0,45 50,1,70,,3681,32,0,45 50,1,30,,3668,32,0,45 50,1,70,,3659,32,0,45 50,1,30,,3670,32,0,45 50,1,71,,3676,32,0,45 50,1,30,,3684,32,0,45 50,1,70,,3671,32,0,45 50,1,30,,3660,32,0,45 50,1,70,,3677,32,0,45 50,1,30,,3674,32,0,45 50,1,70,,3672,32,0,45 50,1,30,,3663,32,0,45 50,1,68,,3665,32,0,45 50,1,30,,3682,32,0,45 50,1,70,,3661,32,0,45 50,1,30,,3662,32,0,45 50,1,70,,3669,32,0,45 50,1,30,,3673,32,0,45 50,1,70,,3683,32,0,45 50,1,30,,3679,32,0,45 50,1,73,,3664,32,0,45 50,1,28,,3666,32,0,45 50,1
31801,'3',617,,3704,32,0,45 50,1,30,,3701,32,0,45 50,1,71,,3706,32,0,45 50,1,30,,3693,32,0,45 50,1,70,,3707,32,0,45 50,1,30,,3694,32,0,45 50,1,70,,3685,32,0,45 50,1,30,,3696,32,0,45 50,1,71,,3702,32,0,45 50,1,30,,3710,32,0,45 50,1,70,,3697,32,0,45 50,1,30,,3686,32,0,45 50,1,70,,3703,32,0,45 50,1,30,,3700,32,0,45 50,1,70,,3698,32,0,45 50,1,30,,3689,32,0,45 50,1,68,,3691,32,0,45 50,1,30,,3708,32,0,45 50,1,70,,3687,32,0,45 50,1,30,,3688,32,0,45 50,1,70,,3695,32,0,45 50,1,30,,3699,32,0,45 50,1,70,,3709,32,0,45 50,1,30,,3705,32,0,45 50,1,73,,3690,32,0,45 50,1,28,,3692,32,0,45 50,1
41801,'1',1904,,7880,32,0,45 50,1,99,,7882,32,0,45 50,1,100,,7884,32,0,45 50,1,100,,7883,32,0,45 50,1,100,,7881,32,0,45 50,1
41801,'10',1904,,7885,32,0,45 50,1,99,,7887,32,0,45 50,1,100,,7889,32,0,45 50,1,100,,7888,32,0,45 50,1,100,,7886,32,0,45 50,1
41801,'11',1904,,7890,32,0,45 50,1,99,,7892,32,0,45 50,1,100,,7894,32,0,45 50,1,100,,7893,32,0,45 50,1,100,,7891,32,0,45 50,1
41801,'12',1204,,7895,32,0,45 50,1,100,,7898,32,0,45 50,1,100,,7899,32,0,45 50,1,100,,7900,32,0,45 50,1,100,,7897,32,0,45 50,1,100,,7901,32,0,45 50,1,100,,7896,32,0,45 50,1
41801,'14',633,,7926,32,0,45 50,1,70,,7905,32,0,45 50,1,30,,7924,32,0,45 50,1,70,,7928,32,0,45 50,1,30,,7908,32,0,45 50,1,70,,7910,32,0,45 50,1,30,,7920,32,0,45 50,1,70,,7930,32,0,45 50,1,31,,7925,32,0,45 50,1,70,,7929,32,0,45 50,1,30,,7916,32,0,45 50,1,70,,7907,32,0,45 50,1,30,,7903,32,0,45 50,1,70,,7927,32,0,45 50,1,30,,7904,32,0,45 50,1,70,,7923,32,0,45 50,1,30,,7906,32,0,45 50,1,70,,7911,32,0,45 50,1,30,,7917,32,0,45 50,1,70,,7913,32,0,45 50,1,30,,7902,32,0,45 50,1,70,,7914,32,0,45 50,1,30,,7931,32,0,45 50,1,70,,7919,32,0,45 50,1,30,,7915,32,0,45 50,1,70,,7909,32,0,45 50,1,99,,7918,32,0,45 50,1,100,,7922,32,0,45 50,1,100,,7912,32,0,45 50,1,100,,7921,32,0,45 50,1
41801,'3',1904,,7932,32,0,45 50,1,99,,7934,32,0,45 50,1,100,,7936,32,0,45 50,1,100,,7935,32,0,45 50,1,100,,7933,32,0,45 50,1
41801,'7',903,,7947,32,0,45 50,1,100,,7949,32,0,45 50,1,101,,7952,32,0,45 50,1,30,,7942,32,0,45 50,1,70,,7944,32,0,45 50,1,30,,7939,32,0,45 50,1,70,,7951,32,0,45 50,1,30,,7946,32,0,45 50,1,70,,7956,32,0,45 50,1,30,,7941,32,0,45 50,1,70,,7954,32,0,45 50,1,30,,7938,32,0,45 50,1,70,,7943,32,0,45 50,1,30,,7950,32,0,45 50,1,70,,7937,32,0,45 50,1,30,,7955,32,0,45 50,1,70,,7945,32,0,45 50,1,30,,7953,32,0,45 50,1,70,,7948,32,0,45 50,1,99,,7940,32,0,45 50,1
