31101,'12',614,,34852,26,0,43 44,1,30,,34846,26,0,43 44,1,70,,34853,26,0,43 44,1,30,,34848,26,0,43 44,1,70,,34845,26,0,43 44,1,30,,34866,26,0,43 44,1,70,,34867,26,0,43 44,1,30,,34858,26,0,43 44,1,70,,34849,26,0,43 44,1,30,,34859,26,0,43 44,1,70,,34865,26,0,43 44,1,30,,34850,26,0,43 44,1,70,,34861,26,0,43 44,1,30,,34864,26,0,43 44,1,70,,34862,26,0,43 44,1,30,,34860,26,0,43 44,1,70,,34851,26,0,43 44,1,32,,34856,26,0,43 44,1,70,,34869,26,0,43 44,1,30,,34854,26,0,43 44,1,70,,34868,26,0,43 44,1,30,,34863,26,0,43 44,1,70,,34855,26,0,43 44,1,30,,34857,26,0,43 44,1,70,,34847,26,0,43 44,1
31101,'13',614,,29695,26,0,43 44,1,30,,34871,26,0,43 44,1,70,,34876,26,0,43 44,1,30,,34873,26,0,43 44,1,70,,34870,26,0,43 44,1,30,,34884,26,0,43 44,1,70,,34885,26,0,43 44,1,30,,34879,26,0,43 44,1,70,,34875,26,0,43 44,1,30,,34880,26,0,43 44,1,70,,28288,26,0,43 44,1,30,,34874,26,0,43 44,1,70,,34881,26,0,43 44,1,30,,28287,26,0,43 44,1,70,,34882,26,0,43 44,1,30,,23103,26,0,43 44,1,70,,28316,26,0,43 44,1,32,,27686,26,0,43 44,1,70,,34887,26,0,43 44,1,30,,28148,26,0,43 44,1,70,,34886,26,0,43 44,1,30,,34883,26,0,43 44,1,70,,34877,26,0,43 44,1,30,,34878,26,0,43 44,1,70,,34872,26,0,43 44,1
31101,'3',614,,29814,26,0,43 44,1,30,,34889,26,0,43 44,1,70,,34894,26,0,43 44,1,30,,34891,26,0,43 44,1,70,,34888,26,0,43 44,1,30,,34902,26,0,43 44,1,70,,34903,26,0,43 44,1,30,,34897,26,0,43 44,1,70,,34893,26,0,43 44,1,30,,34898,26,0,43 44,1,70,,28310,26,0,43 44,1,30,,34892,26,0,43 44,1,70,,34899,26,0,43 44,1,30,,28309,26,0,43 44,1,70,,34900,26,0,43 44,1,30,,23116,26,0,43 44,1,70,,28337,26,0,43 44,1,32,,27707,26,0,43 44,1,70,,34905,26,0,43 44,1,30,,28170,26,0,43 44,1,70,,34904,26,0,43 44,1,30,,34901,26,0,43 44,1,70,,34895,26,0,43 44,1,30,,34896,26,0,43 44,1,70,,34890,26,0,43 44,1
31101,'6',614,,34913,26,0,43 44,1,30,,34907,26,0,43 44,1,70,,34914,26,0,43 44,1,30,,34909,26,0,43 44,1,70,,34906,26,0,43 44,1,30,,34927,26,0,43 44,1,70,,34928,26,0,43 44,1,30,,34919,26,0,43 44,1,70,,34910,26,0,43 44,1,30,,34920,26,0,43 44,1,70,,34926,26,0,43 44,1,30,,34911,26,0,43 44,1,70,,34922,26,0,43 44,1,30,,34925,26,0,43 44,1,70,,34923,26,0,43 44,1,30,,34921,26,0,43 44,1,70,,34912,26,0,43 44,1,32,,34917,26,0,43 44,1,70,,34930,26,0,43 44,1,30,,34915,26,0,43 44,1,70,,34929,26,0,43 44,1,30,,34924,26,0,43 44,1,70,,34916,26,0,43 44,1,30,,34918,26,0,43 44,1,70,,34908,26,0,43 44,1
31701,'12',628,,35896,37,0,62,1,30,,35885,37,0,62,1,70,,35883,37,0,62,1,30,,35876,37,0,62,1,70,,35880,37,0,62,1,30,,35886,37,0,62,1,70,,35888,37,0,62,1,30,,35873,37,0,62,1,71,,35894,37,0,62,1,30,,35877,37,0,62,1,70,,35878,37,0,62,1,30,,35892,37,0,62,1,70,,35895,37,0,62,1,30,,35889,37,0,62,1,70,,35891,37,0,62,1,30,,35884,37,0,62,1,71,,35882,37,0,62,1,70,,35879,37,0,62,1,30,,35893,37,0,62,1,70,,35890,37,0,62,1,30,,35875,37,0,62,1,70,,35887,37,0,62,1,30,,35874,37,0,62,1,70,,35881,37,0,62,1
31701,'13',628,,35918,37,0,62,1,30,,22658,37,0,62,1,70,,35906,37,0,62,1,30,,35899,37,0,62,1,70,,35903,37,0,62,1,30,,35908,37,0,62,1,70,,35910,37,0,62,1,30,,35897,37,0,62,1,71,,35916,37,0,62,1,30,,35900,37,0,62,1,70,,35901,37,0,62,1,30,,35914,37,0,62,1,70,,35917,37,0,62,1,30,,35911,37,0,62,1,70,,35913,37,0,62,1,30,,35907,37,0,62,1,71,,35905,37,0,62,1,70,,35902,37,0,62,1,30,,35915,37,0,62,1,70,,35912,37,0,62,1,30,,27975,37,0,62,1,70,,35909,37,0,62,1,30,,35898,37,0,62,1,70,,35904,37,0,62,1
31701,'3',628,,35940,37,0,62,1,30,,22678,37,0,62,1,70,,35928,37,0,62,1,30,,35921,37,0,62,1,70,,35925,37,0,62,1,30,,35930,37,0,62,1,70,,35932,37,0,62,1,30,,35919,37,0,62,1,71,,35938,37,0,62,1,30,,35922,37,0,62,1,70,,35923,37,0,62,1,30,,35936,37,0,62,1,70,,35939,37,0,62,1,30,,35933,37,0,62,1,70,,35935,37,0,62,1,30,,35929,37,0,62,1,71,,35927,37,0,62,1,70,,35924,37,0,62,1,30,,35937,37,0,62,1,70,,35934,37,0,62,1,30,,27998,37,0,62,1,70,,35931,37,0,62,1,30,,35920,37,0,62,1,70,,35926,37,0,62,1
31701,'6',628,,35964,37,0,62,1,30,,35953,37,0,62,1,70,,35951,37,0,62,1,30,,35944,37,0,62,1,70,,35948,37,0,62,1,30,,35954,37,0,62,1,70,,35956,37,0,62,1,30,,35941,37,0,62,1,71,,35962,37,0,62,1,30,,35945,37,0,62,1,70,,35946,37,0,62,1,30,,35960,37,0,62,1,70,,35963,37,0,62,1,30,,35957,37,0,62,1,70,,35959,37,0,62,1,30,,35952,37,0,62,1,71,,35950,37,0,62,1,70,,35947,37,0,62,1,30,,35961,37,0,62,1,70,,35958,37,0,62,1,30,,35943,37,0,62,1,70,,35955,37,0,62,1,30,,35942,37,0,62,1,70,,35949,37,0,62,1
41701,'1',632,,40905,31,0,62,1,70,,40894,31,0,62,1,30,,30080,31,0,62,1,70,,32586,31,0,62,1,30,,40904,31,0,62,1,70,,30610,31,0,62,1,30,,40885,31,0,62,1,70,,40902,31,0,62,1,32,,31345,31,0,62,1,70,,40901,31,0,62,1,30,,29900,31,0,62,1,70,,31670,31,0,62,1,30,,40895,31,0,62,1,70,,40889,31,0,62,1,30,,40899,31,0,62,1,70,,40891,31,0,62,1,30,,40900,31,0,62,1,70,,40893,31,0,62,1,30,,29109,31,0,62,1,70,,32248,31,0,62,1,30,,40897,31,0,62,1,70,,40898,31,0,62,1,30,,40887,31,0,62,1,70,,40903,31,0,62,1,30,,21426,31,0,62,1,98,,40892,31,0,62,1,100,,40888,31,0,62,1,100,,40886,31,0,62,1,100,,40896,31,0,62,1,100,,40890,31,0,62,1
41701,'11',632,,40935,31,0,62,1,70,,40918,31,0,62,1,30,,40927,31,0,62,1,70,,40923,31,0,62,1,30,,40934,31,0,62,1,70,,40933,31,0,62,1,30,,40908,31,0,62,1,70,,40931,31,0,62,1,32,,40924,31,0,62,1,70,,40930,31,0,62,1,30,,40929,31,0,62,1,70,,40910,31,0,62,1,30,,40919,31,0,62,1,70,,40913,31,0,62,1,30,,40926,31,0,62,1,70,,40915,31,0,62,1,30,,40928,31,0,62,1,70,,40917,31,0,62,1,30,,40907,31,0,62,1,70,,40906,31,0,62,1,30,,40922,31,0,62,1,70,,40925,31,0,62,1,30,,40911,31,0,62,1,70,,40932,31,0,62,1,30,,40921,31,0,62,1,98,,40916,31,0,62,1,100,,40912,31,0,62,1,100,,40909,31,0,62,1,100,,40920,31,0,62,1,100,,40914,31,0,62,1
41701,'12',1834,,40936,31,0,62,1,98,,40941,31,0,62,1,100,,40940,31,0,62,1,100,,40937,31,0,62,1,100,,40939,31,0,62,1,100,,40938,31,0,62,1
41701,'13',1834,,40942,31,0,62,1,98,,40947,31,0,62,1,100,,40946,31,0,62,1,100,,40943,31,0,62,1,100,,40945,31,0,62,1,100,,40944,31,0,62,1
41701,'14',1134,,40951,31,0,62,1,100,,40953,31,0,62,1,100,,40950,31,0,62,1,100,,40952,31,0,62,1,100,,40954,31,0,62,1,100,,40949,31,0,62,1,100,,40948,31,0,62,1
41701,'16',632,,40976,31,0,62,1,70,,40964,31,0,62,1,30,,30161,31,0,62,1,70,,40968,31,0,62,1,30,,40975,31,0,62,1,70,,30647,31,0,62,1,30,,40955,31,0,62,1,70,,40973,31,0,62,1,32,,31386,31,0,62,1,70,,40972,31,0,62,1,30,,29981,31,0,62,1,70,,31726,31,0,62,1,30,,40965,31,0,62,1,70,,40959,31,0,62,1,30,,40970,31,0,62,1,70,,40961,31,0,62,1,30,,40971,31,0,62,1,70,,40963,31,0,62,1,30,,17746,31,0,62,1,70,,32291,31,0,62,1,30,,40967,31,0,62,1,70,,40969,31,0,62,1,30,,40957,31,0,62,1,70,,40974,31,0,62,1,30,,31209,31,0,62,1,98,,40962,31,0,62,1,100,,40958,31,0,62,1,100,,40956,31,0,62,1,100,,40966,31,0,62,1,100,,40960,31,0,62,1
41701,'3',1834,,40977,31,0,62,1,98,,40982,31,0,62,1,100,,40981,31,0,62,1,100,,40978,31,0,62,1,100,,40980,31,0,62,1,100,,40979,31,0,62,1
41701,'6',1834,,40983,31,0,62,1,98,,40988,31,0,62,1,100,,40987,31,0,62,1,100,,40984,31,0,62,1,100,,40986,31,0,62,1,100,,40985,31,0,62,1
41701,'8',932,,40990,31,0,62,1,172,,41004,31,0,62,1,30,,40991,31,0,62,1,70,,40998,31,0,62,1,30,,40994,31,0,62,1,70,,40992,31,0,62,1,30,,40999,31,0,62,1,100,,41000,31,0,62,1,70,,40989,31,0,62,1,30,,40995,31,0,62,1,70,,40997,31,0,62,1,30,,41001,31,0,62,1,70,,41003,31,0,62,1,30,,40996,31,0,62,1,70,,40993,31,0,62,1,30,,41002,31,0,62,1,98,,30209,31,0,62,1
