31800,'12',609,,35968,19,0,45 46 18,1,30,,35985,19,0,45 46 18,1,70,,35988,19,0,45 46 18,1,30,,35969,19,0,45 46 18,1,70,,35979,19,0,45 46 18,1,30,,35976,19,0,45 46 18,1,70,,35989,19,0,45 46 18,1,30,,35983,19,0,45 46 18,1,70,,35980,19,0,45 46 18,1,30,,35984,19,0,45 46 18,1,70,,35974,19,0,45 46 18,1,30,,35987,19,0,45 46 18,1,70,,35972,19,0,45 46 18,1,30,,35973,19,0,45 46 18,1,70,,35971,19,0,45 46 18,1,30,,35965,19,0,45 46 18,1,70,,35982,19,0,45 46 18,1,30,,35975,19,0,45 46 18,1,70,,35986,19,0,45 46 18,1,30,,35966,19,0,45 46 18,1,70,,35970,19,0,45 46 18,1,30,,35967,19,0,45 46 18,1,70,,35977,19,0,45 46 18,1,30,,35981,19,0,45 46 18,1,70,,35978,19,0,45 46 18,1
31800,'13',609,,35992,19,0,45 46 18,1,30,,36005,19,0,45 46 18,1,70,,36008,19,0,45 46 18,1,30,,35993,19,0,45 46 18,1,70,,36000,19,0,45 46 18,1,30,,35998,19,0,45 46 18,1,70,,27363,19,0,45 46 18,1,30,,36003,19,0,45 46 18,1,70,,29704,19,0,45 46 18,1,30,,36004,19,0,45 46 18,1,70,,35996,19,0,45 46 18,1,30,,36007,19,0,45 46 18,1,70,,35995,19,0,45 46 18,1,30,,28468,19,0,45 46 18,1,70,,35994,19,0,45 46 18,1,30,,28805,19,0,45 46 18,1,70,,36002,19,0,45 46 18,1,30,,35997,19,0,45 46 18,1,70,,36006,19,0,45 46 18,1,30,,35990,19,0,45 46 18,1,70,,29319,19,0,45 46 18,1,30,,35991,19,0,45 46 18,1,70,,27770,19,0,45 46 18,1,30,,36001,19,0,45 46 18,1,70,,35999,19,0,45 46 18,1
31800,'3',609,,36011,19,0,45 46 18,1,30,,36024,19,0,45 46 18,1,70,,36027,19,0,45 46 18,1,30,,36012,19,0,45 46 18,1,70,,36019,19,0,45 46 18,1,30,,36017,19,0,45 46 18,1,70,,27401,19,0,45 46 18,1,30,,36022,19,0,45 46 18,1,70,,29823,19,0,45 46 18,1,30,,36023,19,0,45 46 18,1,70,,36015,19,0,45 46 18,1,30,,36026,19,0,45 46 18,1,70,,36014,19,0,45 46 18,1,30,,28483,19,0,45 46 18,1,70,,36013,19,0,45 46 18,1,30,,28828,19,0,45 46 18,1,70,,36021,19,0,45 46 18,1,30,,36016,19,0,45 46 18,1,70,,36025,19,0,45 46 18,1,30,,36009,19,0,45 46 18,1,70,,29340,19,0,45 46 18,1,30,,36010,19,0,45 46 18,1,70,,27790,19,0,45 46 18,1,30,,36020,19,0,45 46 18,1,70,,36018,19,0,45 46 18,1
31800,'6',609,,36031,19,0,45 46 18,1,30,,36048,19,0,45 46 18,1,70,,36051,19,0,45 46 18,1,30,,36032,19,0,45 46 18,1,70,,36042,19,0,45 46 18,1,30,,36039,19,0,45 46 18,1,70,,36052,19,0,45 46 18,1,30,,36046,19,0,45 46 18,1,70,,36043,19,0,45 46 18,1,30,,36047,19,0,45 46 18,1,70,,36037,19,0,45 46 18,1,30,,36050,19,0,45 46 18,1,70,,36035,19,0,45 46 18,1,30,,36036,19,0,45 46 18,1,70,,36034,19,0,45 46 18,1,30,,36028,19,0,45 46 18,1,70,,36045,19,0,45 46 18,1,30,,36038,19,0,45 46 18,1,70,,36049,19,0,45 46 18,1,30,,36029,19,0,45 46 18,1,70,,36033,19,0,45 46 18,1,30,,36030,19,0,45 46 18,1,70,,36040,19,0,45 46 18,1,30,,36044,19,0,45 46 18,1,70,,36041,19,0,45 46 18,1
41800,'1',624,,41028,21,0,45 46 18,1,30,,31346,21,0,45 46 18,1,70,,41015,21,0,45 46 18,1,30,,41023,21,0,45 46 18,1,70,,41016,21,0,45 46 18,1,30,,41011,21,0,45 46 18,1,70,,41013,21,0,45 46 18,1,30,,41006,21,0,45 46 18,1,71,,41025,21,0,45 46 18,1,30,,41018,21,0,45 46 18,1,70,,41012,21,0,45 46 18,1,30,,41022,21,0,45 46 18,1,70,,41014,21,0,45 46 18,1,30,,41005,21,0,45 46 18,1,70,,41026,21,0,45 46 18,1,30,,41024,21,0,45 46 18,1,70,,41007,21,0,45 46 18,1,30,,41019,21,0,45 46 18,1,70,,24259,21,0,45 46 18,1,30,,41008,21,0,45 46 18,1,70,,41009,21,0,45 46 18,1,30,,41017,21,0,45 46 18,1,70,,29112,21,0,45 46 18,1,30,,23596,21,0,45 46 18,1,100,,30068,21,0,45 46 18,1,100,,41021,21,0,45 46 18,1,100,,32532,21,0,45 46 18,1,100,,41027,21,0,45 46 18,1,100,,41020,21,0,45 46 18,1,100,,41010,21,0,45 46 18,1
41800,'11',624,,41058,21,0,45 46 18,1,30,,41046,21,0,45 46 18,1,70,,41042,21,0,45 46 18,1,30,,41053,21,0,45 46 18,1,70,,41044,21,0,45 46 18,1,30,,41036,21,0,45 46 18,1,70,,41039,21,0,45 46 18,1,30,,41030,21,0,45 46 18,1,71,,41055,21,0,45 46 18,1,30,,41047,21,0,45 46 18,1,70,,41038,21,0,45 46 18,1,30,,41052,21,0,45 46 18,1,70,,41040,21,0,45 46 18,1,30,,41029,21,0,45 46 18,1,70,,41056,21,0,45 46 18,1,30,,41054,21,0,45 46 18,1,70,,41031,21,0,45 46 18,1,30,,41049,21,0,45 46 18,1,70,,41043,21,0,45 46 18,1,30,,41032,21,0,45 46 18,1,70,,41034,21,0,45 46 18,1,30,,41045,21,0,45 46 18,1,70,,41033,21,0,45 46 18,1,30,,41041,21,0,45 46 18,1,100,,41037,21,0,45 46 18,1,100,,41051,21,0,45 46 18,1,100,,41048,21,0,45 46 18,1,100,,41057,21,0,45 46 18,1,100,,41050,21,0,45 46 18,1,100,,41035,21,0,45 46 18,1
41800,'12',1855,,41062,21,0,45 46 18,1,100,,41059,21,0,45 46 18,1,100,,41063,21,0,45 46 18,1,100,,41060,21,0,45 46 18,1,100,,41064,21,0,45 46 18,1,100,,41061,21,0,45 46 18,1
41800,'13',1855,,41068,21,0,45 46 18,1,100,,41065,21,0,45 46 18,1,100,,41069,21,0,45 46 18,1,100,,41066,21,0,45 46 18,1,100,,41070,21,0,45 46 18,1,100,,41067,21,0,45 46 18,1
41800,'14',1055,,41072,21,0,45 46 18,1,100,,41074,21,0,45 46 18,1,100,,41077,21,0,45 46 18,1,100,,41076,21,0,45 46 18,1,100,,41073,21,0,45 46 18,1,100,,41071,21,0,45 46 18,1,100,,41078,21,0,45 46 18,1,100,,41075,21,0,45 46 18,1
41800,'16',624,,41103,21,0,45 46 18,1,30,,31387,21,0,45 46 18,1,70,,41089,21,0,45 46 18,1,30,,41098,21,0,45 46 18,1,70,,41090,21,0,45 46 18,1,30,,41085,21,0,45 46 18,1,70,,41087,21,0,45 46 18,1,30,,41080,21,0,45 46 18,1,71,,41100,21,0,45 46 18,1,30,,41092,21,0,45 46 18,1,70,,41086,21,0,45 46 18,1,30,,41097,21,0,45 46 18,1,70,,41088,21,0,45 46 18,1,30,,41079,21,0,45 46 18,1,70,,41101,21,0,45 46 18,1,30,,41099,21,0,45 46 18,1,70,,41081,21,0,45 46 18,1,30,,41094,21,0,45 46 18,1,70,,29533,21,0,45 46 18,1,30,,41082,21,0,45 46 18,1,70,,41083,21,0,45 46 18,1,30,,41091,21,0,45 46 18,1,70,,23985,21,0,45 46 18,1,30,,30899,21,0,45 46 18,1,100,,30148,21,0,45 46 18,1,100,,41096,21,0,45 46 18,1,100,,41093,21,0,45 46 18,1,100,,41102,21,0,45 46 18,1,100,,41095,21,0,45 46 18,1,100,,41084,21,0,45 46 18,1
41800,'3',1855,,41107,21,0,45 46 18,1,100,,41104,21,0,45 46 18,1,100,,41108,21,0,45 46 18,1,100,,41105,21,0,45 46 18,1,100,,41109,21,0,45 46 18,1,100,,41106,21,0,45 46 18,1
41800,'6',1855,,41113,21,0,45 46 18,1,100,,41110,21,0,45 46 18,1,100,,41114,21,0,45 46 18,1,100,,41111,21,0,45 46 18,1,100,,41115,21,0,45 46 18,1,100,,41112,21,0,45 46 18,1
41800,'8',954,,41130,21,0,45 46 18,1,71,,30580,21,0,45 46 18,1,30,,41126,21,0,45 46 18,1,70,,41129,21,0,45 46 18,1,30,,41116,21,0,45 46 18,1,100,,41120,21,0,45 46 18,1,70,,41123,21,0,45 46 18,1,30,,41121,21,0,45 46 18,1,100,,41125,21,0,45 46 18,1,70,,41119,21,0,45 46 18,1,30,,29849,21,0,45 46 18,1,70,,41117,21,0,45 46 18,1,30,,41122,21,0,45 46 18,1,70,,41118,21,0,45 46 18,1,30,,41128,21,0,45 46 18,1,100,,41127,21,0,45 46 18,1,100,,41124,21,0,45 46 18,1
