30900,'12',626,,34408,23,0,23,1,30,,34397,23,0,23,1,71,,34402,23,0,23,1,30,,34399,23,0,23,1,70,,34391,23,0,23,1,30,,34409,23,0,23,1,70,,34395,23,0,23,1,30,,34404,23,0,23,1,71,,34401,23,0,23,1,30,,34400,23,0,23,1,70,,34393,23,0,23,1,30,,34411,23,0,23,1,70,,34390,23,0,23,1,30,,34398,23,0,23,1,70,,34410,23,0,23,1,30,,34394,23,0,23,1,74,,34406,23,0,23,1,70,,34392,23,0,23,1,30,,34407,23,0,23,1,70,,34405,23,0,23,1,30,,34396,23,0,23,1,70,,34403,23,0,23,1,30,,34389,23,0,23,1
30900,'13',626,,34426,23,0,23,1,30,,34418,23,0,23,1,71,,34421,23,0,23,1,30,,34419,23,0,23,1,70,,34414,23,0,23,1,30,,34427,23,0,23,1,70,,34416,23,0,23,1,30,,27440,23,0,23,1,71,,27095,23,0,23,1,30,,34420,23,0,23,1,70,,28989,23,0,23,1,30,,34428,23,0,23,1,70,,34413,23,0,23,1,30,,29327,23,0,23,1,70,,29478,23,0,23,1,30,,28899,23,0,23,1,74,,34424,23,0,23,1,70,,34415,23,0,23,1,30,,34425,23,0,23,1,70,,34423,23,0,23,1,30,,34417,23,0,23,1,70,,34422,23,0,23,1,30,,34412,23,0,23,1
30900,'3',626,,34443,23,0,23,1,30,,34435,23,0,23,1,71,,34438,23,0,23,1,30,,34436,23,0,23,1,70,,34431,23,0,23,1,30,,34444,23,0,23,1,70,,34433,23,0,23,1,30,,27489,23,0,23,1,71,,27099,23,0,23,1,30,,34437,23,0,23,1,70,,29011,23,0,23,1,30,,34445,23,0,23,1,70,,34430,23,0,23,1,30,,29348,23,0,23,1,70,,29599,23,0,23,1,30,,28923,23,0,23,1,74,,34441,23,0,23,1,70,,34432,23,0,23,1,30,,34442,23,0,23,1,70,,34440,23,0,23,1,30,,34434,23,0,23,1,70,,34439,23,0,23,1,30,,34429,23,0,23,1
30900,'6',626,,34465,23,0,23,1,30,,34454,23,0,23,1,71,,34459,23,0,23,1,30,,34456,23,0,23,1,70,,34448,23,0,23,1,30,,34466,23,0,23,1,70,,34452,23,0,23,1,30,,34461,23,0,23,1,71,,34458,23,0,23,1,30,,34457,23,0,23,1,70,,34450,23,0,23,1,30,,34468,23,0,23,1,70,,34447,23,0,23,1,30,,34455,23,0,23,1,70,,34467,23,0,23,1,30,,34451,23,0,23,1,74,,34463,23,0,23,1,70,,34449,23,0,23,1,30,,34464,23,0,23,1,70,,34462,23,0,23,1,30,,34453,23,0,23,1,70,,34460,23,0,23,1,30,,34446,23,0,23,1
40900,'1',700,,39350,23,0,23,1,30,,39359,23,0,23,1,70,,39351,23,0,23,1,30,,39367,23,0,23,1,70,,32246,23,0,23,1,30,,39349,23,0,23,1,70,,39348,23,0,23,1,32,,39345,23,0,23,1,70,,39363,23,0,23,1,30,,39362,23,0,23,1,70,,39355,23,0,23,1,30,,31045,23,0,23,1,70,,39365,23,0,23,1,30,,39346,23,0,23,1,70,,39343,23,0,23,1,30,,39353,23,0,23,1,70,,39360,23,0,23,1,30,,39358,23,0,23,1,70,,39354,23,0,23,1,30,,39344,23,0,23,1,70,,39356,23,0,23,1,30,,39357,23,0,23,1,70,,39347,23,0,23,1,100,,39364,23,0,23,1,57,,39342,23,0,23,1,100,,39366,23,0,23,1,100,,39361,23,0,23,1,100,,39368,23,0,23,1,100,,39352,23,0,23,1
40900,'11',700,,39378,23,0,23,1,30,,39387,23,0,23,1,70,,39379,23,0,23,1,30,,39395,23,0,23,1,70,,39370,23,0,23,1,30,,39377,23,0,23,1,70,,39376,23,0,23,1,32,,39373,23,0,23,1,70,,39391,23,0,23,1,30,,39390,23,0,23,1,70,,39383,23,0,23,1,30,,39396,23,0,23,1,70,,39393,23,0,23,1,30,,39374,23,0,23,1,70,,39371,23,0,23,1,30,,39381,23,0,23,1,70,,39388,23,0,23,1,30,,39386,23,0,23,1,70,,39382,23,0,23,1,30,,39372,23,0,23,1,70,,39384,23,0,23,1,30,,39385,23,0,23,1,70,,39375,23,0,23,1,100,,39392,23,0,23,1,57,,39369,23,0,23,1,100,,39394,23,0,23,1,100,,39389,23,0,23,1,100,,39397,23,0,23,1,100,,39380,23,0,23,1
40900,'12',1802,,39403,23,0,23,1,100,,39398,23,0,23,1,57,,39404,23,0,23,1,100,,39402,23,0,23,1,100,,39401,23,0,23,1,100,,39399,23,0,23,1,100,,39400,23,0,23,1
40900,'13',1802,,39408,23,0,23,1,100,,39405,23,0,23,1,57,,39409,23,0,23,1,100,,27727,23,0,23,1,100,,28548,23,0,23,1,100,,39406,23,0,23,1,100,,39407,23,0,23,1
40900,'14',1102,,39410,23,0,23,1,100,,39416,23,0,23,1,100,,39414,23,0,23,1,100,,39415,23,0,23,1,100,,39417,23,0,23,1,100,,39413,23,0,23,1,100,,39412,23,0,23,1,100,,39411,23,0,23,1
40900,'16',700,,39426,23,0,23,1,30,,39435,23,0,23,1,70,,39427,23,0,23,1,30,,39443,23,0,23,1,70,,32290,23,0,23,1,30,,39425,23,0,23,1,70,,39424,23,0,23,1,32,,39421,23,0,23,1,70,,39439,23,0,23,1,30,,39438,23,0,23,1,70,,39431,23,0,23,1,30,,31083,23,0,23,1,70,,39441,23,0,23,1,30,,39422,23,0,23,1,70,,39419,23,0,23,1,30,,39429,23,0,23,1,70,,39436,23,0,23,1,30,,39434,23,0,23,1,70,,39430,23,0,23,1,30,,39420,23,0,23,1,70,,39432,23,0,23,1,30,,39433,23,0,23,1,70,,39423,23,0,23,1,100,,39440,23,0,23,1,57,,39418,23,0,23,1,100,,39442,23,0,23,1,100,,39437,23,0,23,1,100,,39444,23,0,23,1,100,,39428,23,0,23,1
40900,'3',1802,,39448,23,0,23,1,100,,39445,23,0,23,1,57,,39449,23,0,23,1,100,,27748,23,0,23,1,100,,28570,23,0,23,1,100,,39446,23,0,23,1,100,,39447,23,0,23,1
40900,'6',1802,,39455,23,0,23,1,100,,39450,23,0,23,1,57,,39456,23,0,23,1,100,,39454,23,0,23,1,100,,39453,23,0,23,1,100,,39451,23,0,23,1,100,,39452,23,0,23,1
40900,'8',900,,39471,23,0,23,1,132,,39458,23,0,23,1,70,,39461,23,0,23,1,30,,39470,23,0,23,1,70,,39464,23,0,23,1,30,,39469,23,0,23,1,70,,39468,23,0,23,1,100,,39459,23,0,23,1,30,,26494,23,0,23,1,70,,39460,23,0,23,1,30,,39467,23,0,23,1,70,,39466,23,0,23,1,30,,39463,23,0,23,1,70,,39457,23,0,23,1,30,,39473,23,0,23,1,70,,39472,23,0,23,1,100,,39465,23,0,23,1,57,,39462,23,0,23,1
