32100,'12',656,,36334,25,0,53,1,92,,36342,25,0,53,1,100,,36338,25,0,53,1,100,,36337,25,0,53,1,100,,36333,25,0,53,1,100,,36340,25,0,53,1,100,,36339,25,0,53,1,100,,36331,25,0,53,1,100,,36332,25,0,53,1,100,,36341,25,0,53,1,100,,36336,25,0,53,1,100,,36335,25,0,53,1
32100,'13',748,,36349,25,0,53,1,100,,36347,25,0,53,1,100,,36346,25,0,53,1,400,,36343,25,0,53,1,100,,36344,25,0,53,1,100,,36348,25,0,53,1,100,,36345,25,0,53,1
32100,'3',748,,36356,25,0,53,1,100,,36354,25,0,53,1,100,,36353,25,0,53,1,400,,36350,25,0,53,1,100,,36351,25,0,53,1,100,,36355,25,0,53,1,100,,36352,25,0,53,1
32100,'6',656,,36360,25,0,53,1,92,,36368,25,0,53,1,100,,36364,25,0,53,1,100,,36363,25,0,53,1,100,,36359,25,0,53,1,100,,36366,25,0,53,1,100,,36365,25,0,53,1,100,,36357,25,0,53,1,100,,36358,25,0,53,1,100,,36367,25,0,53,1,100,,36362,25,0,53,1,100,,36361,25,0,53,1
32401,'12',719,,36615,7,0,54,1,100,,36622,7,0,54,1,100,,36620,7,0,54,1,100,,36611,7,0,54,1,100,,36616,7,0,54,1,100,,36621,7,0,54,1,100,,36614,7,0,54,1,100,,36618,7,0,54,1,100,,36612,7,0,54,1,100,,36613,7,0,54,1,100,,36619,7,0,54,1,100,,36617,7,0,54,1
33101,'12',748,,36641,9,0,55,1,100,,36640,9,0,55,1,100,,36637,9,0,55,1,100,,36643,9,0,55,1,100,,36636,9,0,55,1,100,,36639,9,0,55,1,100,,36644,9,0,55,1,100,,36642,9,0,55,1,100,,36635,9,0,55,1,100,,36638,9,0,55,1,100,,36634,9,0,55,1
42100,'11',656,,41549,25,0,53,1,92,,41539,25,0,53,1,100,,41553,25,0,53,1,100,,41552,25,0,53,1,100,,41543,25,0,53,1,100,,41554,25,0,53,1,100,,41542,25,0,53,1,100,,41548,25,0,53,1,100,,41551,25,0,53,1,100,,41540,25,0,53,1,100,,41541,25,0,53,1,100,,41550,25,0,53,1,100,,41538,25,0,53,1,100,,41546,25,0,53,1,100,,41544,25,0,53,1,100,,41545,25,0,53,1,100,,41547,25,0,53,1
42100,'12',1848,,41558,25,0,53,1,100,,41555,25,0,53,1,100,,41559,25,0,53,1,100,,41557,25,0,53,1,100,,41556,25,0,53,1
42100,'6',1848,,41563,25,0,53,1,100,,41560,25,0,53,1,100,,41564,25,0,53,1,100,,41562,25,0,53,1,100,,41561,25,0,53,1
42401,'1',717,,41648,7,0,54,1,100,,41646,7,0,54,1,100,,41652,7,0,54,1,101,,41647,7,0,54,1,100,,41650,7,0,54,1,100,,41653,7,0,54,1,100,,31041,7,0,54,1,101,,41655,7,0,54,1,100,,41651,7,0,54,1,100,,41656,7,0,54,1,100,,41645,7,0,54,1,100,,41644,7,0,54,1,97,,41643,7,0,54,1,100,,41654,7,0,54,1,100,,41642,7,0,54,1,100,,41649,7,0,54,1
42401,'12',1916,,41658,7,0,54,1,100,,41657,7,0,54,1,100,,41661,7,0,54,1,100,,41659,7,0,54,1,100,,41660,7,0,54,1
43101,'1',747,,41684,9,0,55,1,100,,22390,9,0,55,1,100,,41690,9,0,55,1,101,,41687,9,0,55,1,100,,41683,9,0,55,1,100,,41682,9,0,55,1,100,,41689,9,0,55,1,101,,41695,9,0,55,1,100,,41692,9,0,55,1,100,,41691,9,0,55,1,100,,41686,9,0,55,1,100,,41685,9,0,55,1,99,,29662,9,0,55,1,100,,41693,9,0,55,1,100,,41688,9,0,55,1,100,,41694,9,0,55,1
43101,'12',1849,,41699,9,0,55,1,99,,41698,9,0,55,1,100,,41700,9,0,55,1,100,,41697,9,0,55,1,100,,41696,9,0,55,1,100,,41701,9,0,55,1
