30700,'1',643,,1369,24,0,65 14,1,70,,1364,24,0,65 14,1,30,,1357,24,0,65 14,1,70,,1371,24,0,65 14,1,30,,1368,24,0,65 14,1,70,,1374,24,0,65 14,1,30,,1366,24,0,65 14,1,70,,1356,24,0,65 14,1,30,,1354,24,0,65 14,1,70,,1370,24,0,65 14,1,30,,1362,24,0,65 14,1,70,,1353,24,0,65 14,1,30,,1360,24,0,65 14,1,70,,1375,24,0,65 14,1,30,,1358,24,0,65 14,1,70,,1361,24,0,65 14,1,30,,1359,24,0,65 14,1,70,,1355,24,0,65 14,1,30,,1365,24,0,65 14,1,70,,1372,24,0,65 14,1,30,,1363,24,0,65 14,1,70,,1367,24,0,65 14,1,30,,1373,24,0,65 14,1
30700,'10',643,,1392,24,0,65 14,1,70,,1387,24,0,65 14,1,30,,1380,24,0,65 14,1,70,,1394,24,0,65 14,1,30,,1391,24,0,65 14,1,70,,1397,24,0,65 14,1,30,,1389,24,0,65 14,1,70,,1379,24,0,65 14,1,30,,1377,24,0,65 14,1,70,,1393,24,0,65 14,1,30,,1385,24,0,65 14,1,70,,1376,24,0,65 14,1,30,,1383,24,0,65 14,1,70,,1398,24,0,65 14,1,30,,1381,24,0,65 14,1,70,,1384,24,0,65 14,1,30,,1382,24,0,65 14,1,70,,1378,24,0,65 14,1,30,,1388,24,0,65 14,1,70,,1395,24,0,65 14,1,30,,1386,24,0,65 14,1,70,,1390,24,0,65 14,1,30,,1396,24,0,65 14,1
30700,'11',643,,1415,24,0,65 14,1,70,,1410,24,0,65 14,1,30,,1403,24,0,65 14,1,70,,1417,24,0,65 14,1,30,,1414,24,0,65 14,1,70,,1420,24,0,65 14,1,30,,1412,24,0,65 14,1,70,,1402,24,0,65 14,1,30,,1400,24,0,65 14,1,70,,1416,24,0,65 14,1,30,,1408,24,0,65 14,1,70,,1399,24,0,65 14,1,30,,1406,24,0,65 14,1,70,,1421,24,0,65 14,1,30,,1404,24,0,65 14,1,70,,1407,24,0,65 14,1,30,,1405,24,0,65 14,1,70,,1401,24,0,65 14,1,30,,1411,24,0,65 14,1,70,,1418,24,0,65 14,1,30,,1409,24,0,65 14,1,70,,1413,24,0,65 14,1,30,,1419,24,0,65 14,1
30700,'3',643,,1438,24,0,65 14,1,70,,1433,24,0,65 14,1,30,,1426,24,0,65 14,1,70,,1440,24,0,65 14,1,30,,1437,24,0,65 14,1,70,,1443,24,0,65 14,1,30,,1435,24,0,65 14,1,70,,1425,24,0,65 14,1,30,,1423,24,0,65 14,1,70,,1439,24,0,65 14,1,30,,1431,24,0,65 14,1,70,,1422,24,0,65 14,1,30,,1429,24,0,65 14,1,70,,1444,24,0,65 14,1,30,,1427,24,0,65 14,1,70,,1430,24,0,65 14,1,30,,1428,24,0,65 14,1,70,,1424,24,0,65 14,1,30,,1434,24,0,65 14,1,70,,1441,24,0,65 14,1,30,,1432,24,0,65 14,1,70,,1436,24,0,65 14,1,30,,1442,24,0,65 14,1
41700,'1',1831,,7642,39,0,67,1,100,,7643,39,0,67,1,100,,7639,39,0,67,1,100,,7640,39,0,67,1,100,,7641,39,0,67,1,100,,7638,39,0,67,1
41700,'10',1831,,7648,39,0,67,1,100,,7649,39,0,67,1,100,,7645,39,0,67,1,100,,7646,39,0,67,1,100,,7647,39,0,67,1,100,,7644,39,0,67,1
41700,'11',1831,,7654,39,0,67,1,100,,7655,39,0,67,1,100,,7651,39,0,67,1,100,,7652,39,0,67,1,100,,7653,39,0,67,1,100,,7650,39,0,67,1
41700,'12',1131,,7656,39,0,67,1,100,,7660,39,0,67,1,100,,7658,39,0,67,1,100,,7662,39,0,67,1,100,,7661,39,0,67,1,100,,7657,39,0,67,1,100,,7659,39,0,67,1
41700,'14',631,,7672,39,0,67,1,70,,7688,39,0,67,1,30,,7665,39,0,67,1,70,,7690,39,0,67,1,30,,7682,39,0,67,1,70,,7680,39,0,67,1,30,,7681,39,0,67,1,70,,7669,39,0,67,1,30,,7684,39,0,67,1,70,,7671,39,0,67,1,30,,7675,39,0,67,1,70,,7676,39,0,67,1,30,,7691,39,0,67,1,70,,7686,39,0,67,1,30,,7664,39,0,67,1,70,,7687,39,0,67,1,30,,7692,39,0,67,1,70,,7663,39,0,67,1,30,,7673,39,0,67,1,70,,7677,39,0,67,1,30,,7666,39,0,67,1,70,,7689,39,0,67,1,30,,7667,39,0,67,1,70,,7683,39,0,67,1,30,,7674,39,0,67,1,100,,7685,39,0,67,1,100,,7668,39,0,67,1,100,,7679,39,0,67,1,100,,7678,39,0,67,1,100,,7670,39,0,67,1
41700,'3',1831,,7697,39,0,67,1,100,,7698,39,0,67,1,100,,7694,39,0,67,1,100,,7695,39,0,67,1,100,,7696,39,0,67,1,100,,7693,39,0,67,1
41700,'7',931,,7707,39,0,67,1,100,,7704,39,0,67,1,70,,7700,39,0,67,1,30,,7699,39,0,67,1,70,,7712,39,0,67,1,30,,7708,39,0,67,1,70,,7703,39,0,67,1,30,,7706,39,0,67,1,70,,7717,39,0,67,1,30,,7714,39,0,67,1,70,,7702,39,0,67,1,30,,7705,39,0,67,1,70,,7710,39,0,67,1,30,,7709,39,0,67,1,70,,7716,39,0,67,1,30,,7701,39,0,67,1,70,,7711,39,0,67,1,30,,7715,39,0,67,1,100,,7713,39,0,67,1
