31200,'1',610,,2316,17,,,1,30,,2330,17,,,1,70,,2331,17,,,1,30,,2335,17,,,1,70,,2332,17,,,1,30,,2337,17,,,1,70,,2317,17,,,1,30,,2322,17,,,1,71,,2325,17,,,1,30,,2336,17,,,1,70,,2334,17,,,1,30,,2320,17,,,1,70,,2324,17,,,1,30,,2328,17,,,1,70,,2329,17,,,1,30,,2318,17,,,1,74,,2314,17,,,1,30,,2333,17,,,1,70,,2326,17,,,1,30,,2327,17,,,1,70,,2315,17,,,1,30,,2319,17,,,1,70,,2323,17,,,1,30,,2321,17,,,1,70,,2313,17,,,1
31200,'10',610,,2341,17,,,1,30,,2355,17,,,1,70,,2356,17,,,1,30,,2360,17,,,1,70,,2357,17,,,1,30,,2362,17,,,1,70,,2342,17,,,1,30,,2347,17,,,1,71,,2350,17,,,1,30,,2361,17,,,1,70,,2359,17,,,1,30,,2345,17,,,1,70,,2349,17,,,1,30,,2353,17,,,1,70,,2354,17,,,1,30,,2343,17,,,1,74,,2339,17,,,1,30,,2358,17,,,1,70,,2351,17,,,1,30,,2352,17,,,1,70,,2340,17,,,1,30,,2344,17,,,1,70,,2348,17,,,1,30,,2346,17,,,1,70,,2338,17,,,1
31200,'11',610,,2366,17,,,1,30,,2380,17,,,1,70,,2381,17,,,1,30,,2385,17,,,1,70,,2382,17,,,1,30,,2387,17,,,1,70,,2367,17,,,1,30,,2373,17,,,1,71,,2369,17,,,1,30,,2386,17,,,1,70,,2384,17,,,1,30,,2371,17,,,1,70,,2375,17,,,1,30,,2378,17,,,1,70,,2379,17,,,1,30,,2368,17,,,1,74,,2364,17,,,1,30,,2383,17,,,1,70,,2376,17,,,1,30,,2377,17,,,1,70,,2365,17,,,1,30,,2370,17,,,1,70,,2374,17,,,1,30,,2372,17,,,1,70,,2363,17,,,1
31200,'3',610,,2391,17,,,1,30,,2405,17,,,1,70,,2406,17,,,1,30,,2410,17,,,1,70,,2407,17,,,1,30,,2412,17,,,1,70,,2392,17,,,1,30,,2398,17,,,1,71,,2394,17,,,1,30,,2411,17,,,1,70,,2409,17,,,1,30,,2396,17,,,1,70,,2400,17,,,1,30,,2403,17,,,1,70,,2404,17,,,1,30,,2393,17,,,1,74,,2389,17,,,1,30,,2408,17,,,1,70,,2401,17,,,1,30,,2402,17,,,1,70,,2390,17,,,1,30,,2395,17,,,1,70,,2399,17,,,1,30,,2397,17,,,1,70,,2388,17,,,1
41200,'1',1835,,7037,35,0,23,1,99,,7035,35,0,23,1,100,,7034,35,0,23,1,100,,7036,35,0,23,1,100,,7038,35,0,23,1,100,,7033,35,0,23,1
41200,'10',1835,,7043,35,0,23,1,99,,7041,35,0,23,1,100,,7040,35,0,23,1,100,,7042,35,0,23,1,100,,7044,35,0,23,1,100,,7039,35,0,23,1
41200,'11',1835,,7049,35,0,23,1,99,,7047,35,0,23,1,100,,7046,35,0,23,1,100,,7048,35,0,23,1,100,,7050,35,0,23,1,100,,7045,35,0,23,1
41200,'12',1136,,7051,35,0,23,1,100,,7056,35,0,23,1,100,,7054,35,0,23,1,99,,7052,35,0,23,1,100,,7057,35,0,23,1,100,,7053,35,0,23,1,100,,7055,35,0,23,1
41200,'14',634,,7082,35,0,23,1,70,,7078,35,0,23,1,30,,7071,35,0,23,1,70,,7061,35,0,23,1,30,,7072,35,0,23,1,70,,7064,35,0,23,1,30,,7065,35,0,23,1,70,,7063,35,0,23,1,32,,7081,35,0,23,1,70,,7059,35,0,23,1,30,,7075,35,0,23,1,70,,7062,35,0,23,1,30,,7086,35,0,23,1,70,,7079,35,0,23,1,30,,7067,35,0,23,1,70,,7066,35,0,23,1,29,,7084,35,0,23,1,70,,7085,35,0,23,1,30,,7070,35,0,23,1,70,,7083,35,0,23,1,30,,7076,35,0,23,1,70,,7073,35,0,23,1,30,,7068,35,0,23,1,70,,7060,35,0,23,1,30,,7087,35,0,23,1,99,,7077,35,0,23,1,100,,7074,35,0,23,1,100,,7058,35,0,23,1,100,,7069,35,0,23,1,100,,7080,35,0,23,1
41200,'3',1835,,7092,35,0,23,1,99,,7090,35,0,23,1,100,,7089,35,0,23,1,100,,7091,35,0,23,1,100,,7093,35,0,23,1,100,,7088,35,0,23,1
41200,'7',934,,7094,35,0,23,1,102,,7102,35,0,23,1,70,,7105,35,0,23,1,30,,7108,35,0,23,1,70,,7095,35,0,23,1,30,,7098,35,0,23,1,70,,7104,35,0,23,1,30,,7103,35,0,23,1,70,,7107,35,0,23,1,29,,7109,35,0,23,1,70,,7101,35,0,23,1,30,,7106,35,0,23,1,70,,7096,35,0,23,1,30,,7112,35,0,23,1,70,,7097,35,0,23,1,30,,7100,35,0,23,1,70,,7110,35,0,23,1,30,,7111,35,0,23,1,99,,7099,35,0,23,1
