32000,'12',641,,36165,21,0,47 18,1,71,,36172,21,0,47 18,1,30,,36168,21,0,47 18,1,70,,36153,21,0,47 18,1,30,,36169,21,0,47 18,1,70,,36161,21,0,47 18,1,30,,36173,21,0,47 18,1,70,,36151,21,0,47 18,1,30,,36155,21,0,47 18,1,70,,36152,21,0,47 18,1,30,,36163,21,0,47 18,1,70,,36171,21,0,47 18,1,30,,36167,21,0,47 18,1,70,,36162,21,0,47 18,1,30,,36158,21,0,47 18,1,71,,36156,21,0,47 18,1,30,,36160,21,0,47 18,1,70,,36170,21,0,47 18,1,30,,36174,21,0,47 18,1,70,,36157,21,0,47 18,1,30,,36166,21,0,47 18,1,70,,36154,21,0,47 18,1,30,,36164,21,0,47 18,1,70,,36159,21,0,47 18,1
32000,'13',641,,36186,21,0,47 18,1,71,,36192,21,0,47 18,1,30,,36188,21,0,47 18,1,70,,36176,21,0,47 18,1,30,,36189,21,0,47 18,1,70,,36182,21,0,47 18,1,30,,36193,21,0,47 18,1,70,,28765,21,0,47 18,1,30,,27762,21,0,47 18,1,70,,36175,21,0,47 18,1,30,,36184,21,0,47 18,1,70,,36191,21,0,47 18,1,30,,28507,21,0,47 18,1,70,,36183,21,0,47 18,1,30,,36179,21,0,47 18,1,71,,36177,21,0,47 18,1,30,,36181,21,0,47 18,1,70,,36190,21,0,47 18,1,30,,36194,21,0,47 18,1,70,,36178,21,0,47 18,1,30,,36187,21,0,47 18,1,70,,29458,21,0,47 18,1,30,,36185,21,0,47 18,1,70,,36180,21,0,47 18,1
32000,'3',641,,36206,21,0,47 18,1,71,,36212,21,0,47 18,1,30,,36208,21,0,47 18,1,70,,36196,21,0,47 18,1,30,,36209,21,0,47 18,1,70,,36202,21,0,47 18,1,30,,36213,21,0,47 18,1,70,,28787,21,0,47 18,1,30,,27782,21,0,47 18,1,70,,36195,21,0,47 18,1,30,,36204,21,0,47 18,1,70,,36211,21,0,47 18,1,30,,28531,21,0,47 18,1,70,,36203,21,0,47 18,1,30,,36199,21,0,47 18,1,71,,36197,21,0,47 18,1,30,,36201,21,0,47 18,1,70,,36210,21,0,47 18,1,30,,36214,21,0,47 18,1,70,,36198,21,0,47 18,1,30,,36207,21,0,47 18,1,70,,29579,21,0,47 18,1,30,,36205,21,0,47 18,1,70,,36200,21,0,47 18,1
32000,'6',641,,36229,21,0,47 18,1,71,,36236,21,0,47 18,1,30,,36232,21,0,47 18,1,70,,36217,21,0,47 18,1,30,,36233,21,0,47 18,1,70,,36225,21,0,47 18,1,30,,36237,21,0,47 18,1,70,,36215,21,0,47 18,1,30,,36219,21,0,47 18,1,70,,36216,21,0,47 18,1,30,,36227,21,0,47 18,1,70,,36235,21,0,47 18,1,30,,36231,21,0,47 18,1,70,,36226,21,0,47 18,1,30,,36222,21,0,47 18,1,71,,36220,21,0,47 18,1,30,,36224,21,0,47 18,1,70,,36234,21,0,47 18,1,30,,36238,21,0,47 18,1,70,,36221,21,0,47 18,1,30,,36230,21,0,47 18,1,70,,36218,21,0,47 18,1,30,,36228,21,0,47 18,1,70,,36223,21,0,47 18,1
42000,'1',639,,41282,21,0,47 18,1,72,,41266,21,0,47 18,1,30,,31185,21,0,47 18,1,70,,41272,21,0,47 18,1,30,,41262,21,0,47 18,1,70,,41259,21,0,47 18,1,30,,41265,21,0,47 18,1,71,,41276,21,0,47 18,1,30,,41267,21,0,47 18,1,70,,41261,21,0,47 18,1,30,,32493,21,0,47 18,1,70,,41283,21,0,47 18,1,30,,32582,21,0,47 18,1,70,,41281,21,0,47 18,1,30,,30863,21,0,47 18,1,71,,41271,21,0,47 18,1,30,,41278,21,0,47 18,1,70,,41260,21,0,47 18,1,30,,41273,21,0,47 18,1,70,,41263,21,0,47 18,1,30,,41269,21,0,47 18,1,70,,41284,21,0,47 18,1,30,,41277,21,0,47 18,1,70,,41270,21,0,47 18,1,30,,41274,21,0,47 18,1,99,,41280,21,0,47 18,1,100,,41268,21,0,47 18,1,100,,41264,21,0,47 18,1,100,,41279,21,0,47 18,1,100,,41275,21,0,47 18,1
42000,'11',639,,41311,21,0,47 18,1,72,,41292,21,0,47 18,1,30,,41296,21,0,47 18,1,70,,41301,21,0,47 18,1,30,,41288,21,0,47 18,1,70,,41285,21,0,47 18,1,30,,41291,21,0,47 18,1,71,,41305,21,0,47 18,1,30,,41294,21,0,47 18,1,70,,41287,21,0,47 18,1,30,,41314,21,0,47 18,1,70,,41312,21,0,47 18,1,30,,41293,21,0,47 18,1,70,,41310,21,0,47 18,1,30,,41299,21,0,47 18,1,71,,41300,21,0,47 18,1,30,,41307,21,0,47 18,1,70,,41286,21,0,47 18,1,30,,41302,21,0,47 18,1,70,,41289,21,0,47 18,1,30,,41297,21,0,47 18,1,70,,41313,21,0,47 18,1,30,,41306,21,0,47 18,1,70,,41298,21,0,47 18,1,30,,41303,21,0,47 18,1,99,,41309,21,0,47 18,1,100,,41295,21,0,47 18,1,100,,41290,21,0,47 18,1,100,,41308,21,0,47 18,1,100,,41304,21,0,47 18,1
42000,'12',1843,,41318,21,0,47 18,1,99,,41315,21,0,47 18,1,100,,41319,21,0,47 18,1,100,,41317,21,0,47 18,1,100,,41316,21,0,47 18,1,100,,41320,21,0,47 18,1
42000,'13',1843,,28025,21,0,47 18,1,99,,41321,21,0,47 18,1,100,,28605,21,0,47 18,1,100,,41323,21,0,47 18,1,100,,41322,21,0,47 18,1,100,,41324,21,0,47 18,1
42000,'14',1112,,41334,21,0,47 18,1,30,,41337,21,0,47 18,1,70,,41330,21,0,47 18,1,30,,41335,21,0,47 18,1,70,,41333,21,0,47 18,1,30,,41329,21,0,47 18,1,71,,41327,21,0,47 18,1,30,,41336,21,0,47 18,1,70,,41338,21,0,47 18,1,30,,41331,21,0,47 18,1,70,,41326,21,0,47 18,1,30,,41328,21,0,47 18,1,70,,41325,21,0,47 18,1,30,,41332,21,0,47 18,1
42000,'16',639,,41363,21,0,47 18,1,72,,41346,21,0,47 18,1,30,,31210,21,0,47 18,1,70,,41353,21,0,47 18,1,30,,41342,21,0,47 18,1,70,,41339,21,0,47 18,1,30,,41345,21,0,47 18,1,71,,41357,21,0,47 18,1,30,,41348,21,0,47 18,1,70,,41341,21,0,47 18,1,30,,41366,21,0,47 18,1,70,,41364,21,0,47 18,1,30,,41347,21,0,47 18,1,70,,41362,21,0,47 18,1,30,,30903,21,0,47 18,1,71,,41352,21,0,47 18,1,30,,41359,21,0,47 18,1,70,,41340,21,0,47 18,1,30,,41354,21,0,47 18,1,70,,41343,21,0,47 18,1,30,,41350,21,0,47 18,1,70,,41365,21,0,47 18,1,30,,41358,21,0,47 18,1,70,,41351,21,0,47 18,1,30,,41355,21,0,47 18,1,99,,41361,21,0,47 18,1,100,,41349,21,0,47 18,1,100,,41344,21,0,47 18,1,100,,41360,21,0,47 18,1,100,,41356,21,0,47 18,1
42000,'3',1843,,28048,21,0,47 18,1,99,,41367,21,0,47 18,1,100,,28647,21,0,47 18,1,100,,41369,21,0,47 18,1,100,,41368,21,0,47 18,1,100,,41370,21,0,47 18,1
42000,'6',1843,,41374,21,0,47 18,1,99,,41371,21,0,47 18,1,100,,41375,21,0,47 18,1,100,,41373,21,0,47 18,1,100,,41372,21,0,47 18,1,100,,41376,21,0,47 18,1
42000,'8',911,,41390,21,0,47 18,1,30,,41397,21,0,47 18,1,71,,41396,21,0,47 18,1,30,,41398,21,0,47 18,1,70,,30493,21,0,47 18,1,30,,41377,21,0,47 18,1,70,,41380,21,0,47 18,1,30,,41379,21,0,47 18,1,70,,41392,21,0,47 18,1,30,,41393,21,0,47 18,1,71,,41394,21,0,47 18,1,30,,41389,21,0,47 18,1,70,,41381,21,0,47 18,1,30,,41387,21,0,47 18,1,70,,41384,21,0,47 18,1,30,,41378,21,0,47 18,1,70,,41385,21,0,47 18,1,30,,41391,21,0,47 18,1,70,,41395,21,0,47 18,1,30,,41388,21,0,47 18,1,69,,41386,21,0,47 18,1,30,,41382,21,0,47 18,1,70,,41383,21,0,47 18,1
