32000,'12',640,,36165,18,0,47 18,1,71,,36172,18,0,47 18,1,30,,36168,18,0,47 18,1,70,,36153,18,0,47 18,1,30,,36169,18,0,47 18,1,70,,36161,18,0,47 18,1,30,,36173,18,0,47 18,1,70,,36151,18,0,47 18,1,30,,36155,18,0,47 18,1,70,,36152,18,0,47 18,1,30,,36163,18,0,47 18,1,70,,36171,18,0,47 18,1,30,,36167,18,0,47 18,1,70,,36162,18,0,47 18,1,30,,36158,18,0,47 18,1,71,,36156,18,0,47 18,1,30,,36160,18,0,47 18,1,70,,36170,18,0,47 18,1,30,,36174,18,0,47 18,1,70,,36157,18,0,47 18,1,30,,36166,18,0,47 18,1,70,,36154,18,0,47 18,1,30,,36164,18,0,47 18,1,70,,36159,18,0,47 18,1
32000,'13',640,,36186,18,0,47 18,1,71,,36192,18,0,47 18,1,30,,36188,18,0,47 18,1,70,,36176,18,0,47 18,1,30,,36189,18,0,47 18,1,70,,36182,18,0,47 18,1,30,,36193,18,0,47 18,1,70,,28765,18,0,47 18,1,30,,27762,18,0,47 18,1,70,,36175,18,0,47 18,1,30,,36184,18,0,47 18,1,70,,36191,18,0,47 18,1,30,,28507,18,0,47 18,1,70,,36183,18,0,47 18,1,30,,36179,18,0,47 18,1,71,,36177,18,0,47 18,1,30,,36181,18,0,47 18,1,70,,36190,18,0,47 18,1,30,,36194,18,0,47 18,1,70,,36178,18,0,47 18,1,30,,36187,18,0,47 18,1,70,,29458,18,0,47 18,1,30,,36185,18,0,47 18,1,70,,36180,18,0,47 18,1
32000,'3',640,,36206,18,0,47 18,1,71,,36212,18,0,47 18,1,30,,36208,18,0,47 18,1,70,,36196,18,0,47 18,1,30,,36209,18,0,47 18,1,70,,36202,18,0,47 18,1,30,,36213,18,0,47 18,1,70,,28787,18,0,47 18,1,30,,27782,18,0,47 18,1,70,,36195,18,0,47 18,1,30,,36204,18,0,47 18,1,70,,36211,18,0,47 18,1,30,,28531,18,0,47 18,1,70,,36203,18,0,47 18,1,30,,36199,18,0,47 18,1,71,,36197,18,0,47 18,1,30,,36201,18,0,47 18,1,70,,36210,18,0,47 18,1,30,,36214,18,0,47 18,1,70,,36198,18,0,47 18,1,30,,36207,18,0,47 18,1,70,,29579,18,0,47 18,1,30,,36205,18,0,47 18,1,70,,36200,18,0,47 18,1
32000,'6',640,,36229,18,0,47 18,1,71,,36236,18,0,47 18,1,30,,36232,18,0,47 18,1,70,,36217,18,0,47 18,1,30,,36233,18,0,47 18,1,70,,36225,18,0,47 18,1,30,,36237,18,0,47 18,1,70,,36215,18,0,47 18,1,30,,36219,18,0,47 18,1,70,,36216,18,0,47 18,1,30,,36227,18,0,47 18,1,70,,36235,18,0,47 18,1,30,,36231,18,0,47 18,1,70,,36226,18,0,47 18,1,30,,36222,18,0,47 18,1,71,,36220,18,0,47 18,1,30,,36224,18,0,47 18,1,70,,36234,18,0,47 18,1,30,,36238,18,0,47 18,1,70,,36221,18,0,47 18,1,30,,36230,18,0,47 18,1,70,,36218,18,0,47 18,1,30,,36228,18,0,47 18,1,70,,36223,18,0,47 18,1
42000,'1',638,,41282,18,0,47 18,1,72,,41266,18,0,47 18,1,30,,31185,18,0,47 18,1,70,,41272,18,0,47 18,1,30,,41262,18,0,47 18,1,70,,41259,18,0,47 18,1,30,,41265,18,0,47 18,1,71,,41276,18,0,47 18,1,30,,41267,18,0,47 18,1,70,,41261,18,0,47 18,1,30,,32493,18,0,47 18,1,70,,41283,18,0,47 18,1,30,,32582,18,0,47 18,1,70,,41281,18,0,47 18,1,30,,30863,18,0,47 18,1,71,,41271,18,0,47 18,1,30,,41278,18,0,47 18,1,70,,41260,18,0,47 18,1,30,,41273,18,0,47 18,1,70,,41263,18,0,47 18,1,30,,41269,18,0,47 18,1,70,,41284,18,0,47 18,1,30,,41277,18,0,47 18,1,70,,41270,18,0,47 18,1,30,,41274,18,0,47 18,1,99,,41280,18,0,47 18,1,100,,41268,18,0,47 18,1,100,,41264,18,0,47 18,1,100,,41279,18,0,47 18,1,100,,41275,18,0,47 18,1
42000,'11',638,,41311,18,0,47 18,1,72,,41292,18,0,47 18,1,30,,41296,18,0,47 18,1,70,,41301,18,0,47 18,1,30,,41288,18,0,47 18,1,70,,41285,18,0,47 18,1,30,,41291,18,0,47 18,1,71,,41305,18,0,47 18,1,30,,41294,18,0,47 18,1,70,,41287,18,0,47 18,1,30,,41314,18,0,47 18,1,70,,41312,18,0,47 18,1,30,,41293,18,0,47 18,1,70,,41310,18,0,47 18,1,30,,41299,18,0,47 18,1,71,,41300,18,0,47 18,1,30,,41307,18,0,47 18,1,70,,41286,18,0,47 18,1,30,,41302,18,0,47 18,1,70,,41289,18,0,47 18,1,30,,41297,18,0,47 18,1,70,,41313,18,0,47 18,1,30,,41306,18,0,47 18,1,70,,41298,18,0,47 18,1,30,,41303,18,0,47 18,1,99,,41309,18,0,47 18,1,100,,41295,18,0,47 18,1,100,,41290,18,0,47 18,1,100,,41308,18,0,47 18,1,100,,41304,18,0,47 18,1
42000,'12',1842,,41318,18,0,47 18,1,99,,41315,18,0,47 18,1,100,,41319,18,0,47 18,1,100,,41317,18,0,47 18,1,100,,41316,18,0,47 18,1,100,,41320,18,0,47 18,1
42000,'13',1842,,28025,18,0,47 18,1,99,,41321,18,0,47 18,1,100,,28605,18,0,47 18,1,100,,41323,18,0,47 18,1,100,,41322,18,0,47 18,1,100,,41324,18,0,47 18,1
42000,'14',1111,,41334,18,0,47 18,1,30,,41337,18,0,47 18,1,70,,41330,18,0,47 18,1,30,,41335,18,0,47 18,1,70,,41333,18,0,47 18,1,30,,41329,18,0,47 18,1,71,,41327,18,0,47 18,1,30,,41336,18,0,47 18,1,70,,41338,18,0,47 18,1,30,,41331,18,0,47 18,1,70,,41326,18,0,47 18,1,30,,41328,18,0,47 18,1,70,,41325,18,0,47 18,1,30,,41332,18,0,47 18,1
42000,'16',638,,41363,18,0,47 18,1,72,,41346,18,0,47 18,1,30,,31210,18,0,47 18,1,70,,41353,18,0,47 18,1,30,,41342,18,0,47 18,1,70,,41339,18,0,47 18,1,30,,41345,18,0,47 18,1,71,,41357,18,0,47 18,1,30,,41348,18,0,47 18,1,70,,41341,18,0,47 18,1,30,,41366,18,0,47 18,1,70,,41364,18,0,47 18,1,30,,41347,18,0,47 18,1,70,,41362,18,0,47 18,1,30,,30903,18,0,47 18,1,71,,41352,18,0,47 18,1,30,,41359,18,0,47 18,1,70,,41340,18,0,47 18,1,30,,41354,18,0,47 18,1,70,,41343,18,0,47 18,1,30,,41350,18,0,47 18,1,70,,41365,18,0,47 18,1,30,,41358,18,0,47 18,1,70,,41351,18,0,47 18,1,30,,41355,18,0,47 18,1,99,,41361,18,0,47 18,1,100,,41349,18,0,47 18,1,100,,41344,18,0,47 18,1,100,,41360,18,0,47 18,1,100,,41356,18,0,47 18,1
42000,'3',1842,,28048,18,0,47 18,1,99,,41367,18,0,47 18,1,100,,28647,18,0,47 18,1,100,,41369,18,0,47 18,1,100,,41368,18,0,47 18,1,100,,41370,18,0,47 18,1
42000,'6',1842,,41374,18,0,47 18,1,99,,41371,18,0,47 18,1,100,,41375,18,0,47 18,1,100,,41373,18,0,47 18,1,100,,41372,18,0,47 18,1,100,,41376,18,0,47 18,1
42000,'8',910,,41390,18,0,47 18,1,30,,41397,18,0,47 18,1,71,,41396,18,0,47 18,1,30,,41398,18,0,47 18,1,70,,30493,18,0,47 18,1,30,,41377,18,0,47 18,1,70,,41380,18,0,47 18,1,30,,41379,18,0,47 18,1,70,,41392,18,0,47 18,1,30,,41393,18,0,47 18,1,71,,41394,18,0,47 18,1,30,,41389,18,0,47 18,1,70,,41381,18,0,47 18,1,30,,41387,18,0,47 18,1,70,,41384,18,0,47 18,1,30,,41378,18,0,47 18,1,70,,41385,18,0,47 18,1,30,,41391,18,0,47 18,1,70,,41395,18,0,47 18,1,30,,41388,18,0,47 18,1,69,,41386,18,0,47 18,1,30,,41382,18,0,47 18,1,70,,41383,18,0,47 18,1
