30700,'11',645,,21773,29,0,65 14,1,70,,27933,29,0,65 14,1,30,,27948,29,0,65 14,1,70,,27939,29,0,65 14,1,30,,27943,29,0,65 14,1,70,,27938,29,0,65 14,1,30,,23686,29,0,65 14,1,70,,27946,29,0,65 14,1,30,,22277,29,0,65 14,1,70,,27945,29,0,65 14,1,30,,27934,29,0,65 14,1,70,,21825,29,0,65 14,1,30,,27947,29,0,65 14,1,70,,25277,29,0,65 14,1,30,,27941,29,0,65 14,1,70,,27942,29,0,65 14,1,30,,27944,29,0,65 14,1,70,,27940,29,0,65 14,1,30,,27949,29,0,65 14,1,70,,27937,29,0,65 14,1,30,,27935,29,0,65 14,1,70,,24391,29,0,65 14,1,30,,27936,29,0,65 14,1
30700,'3',645,,21794,29,0,65 14,1,70,,27950,29,0,65 14,1,30,,27965,29,0,65 14,1,70,,27956,29,0,65 14,1,30,,27960,29,0,65 14,1,70,,27955,29,0,65 14,1,30,,23706,29,0,65 14,1,70,,27963,29,0,65 14,1,30,,22297,29,0,65 14,1,70,,27962,29,0,65 14,1,30,,27951,29,0,65 14,1,70,,21848,29,0,65 14,1,30,,27964,29,0,65 14,1,70,,25326,29,0,65 14,1,30,,27958,29,0,65 14,1,70,,27959,29,0,65 14,1,30,,27961,29,0,65 14,1,70,,27957,29,0,65 14,1,30,,27966,29,0,65 14,1,70,,27954,29,0,65 14,1,30,,27952,29,0,65 14,1,70,,24413,29,0,65 14,1,30,,27953,29,0,65 14,1
30901,'11',617,,28149,2,0,25 14 26,1,30,,28154,2,0,25 14 26,1,71,,28162,2,0,25 14 26,1,30,,23194,2,0,25 14 26,1,70,,28155,2,0,25 14 26,1,30,,28153,2,0,25 14 26,1,70,,28158,2,0,25 14 26,1,30,,28148,2,0,25 14 26,1,70,,28145,2,0,25 14 26,1,30,,28151,2,0,25 14 26,1,70,,28156,2,0,25 14 26,1,30,,28160,2,0,25 14 26,1,70,,21901,2,0,25 14 26,1,30,,28147,2,0,25 14 26,1,70,,28159,2,0,25 14 26,1,30,,28161,2,0,25 14 26,1,70,,28146,2,0,25 14 26,1,38,,28144,2,0,25 14 26,1,70,,28157,2,0,25 14 26,1,30,,28150,2,0,25 14 26,1,70,,28142,2,0,25 14 26,1,30,,28143,2,0,25 14 26,1,70,,28141,2,0,25 14 26,1,30,,22728,2,0,25 14 26,1
30901,'3',617,,28171,2,0,25 14 26,1,30,,28176,2,0,25 14 26,1,71,,28184,2,0,25 14 26,1,30,,23209,2,0,25 14 26,1,70,,28177,2,0,25 14 26,1,30,,28175,2,0,25 14 26,1,70,,28180,2,0,25 14 26,1,30,,28170,2,0,25 14 26,1,70,,28167,2,0,25 14 26,1,30,,28173,2,0,25 14 26,1,70,,28178,2,0,25 14 26,1,30,,28182,2,0,25 14 26,1,70,,21925,2,0,25 14 26,1,30,,28169,2,0,25 14 26,1,70,,28181,2,0,25 14 26,1,30,,28183,2,0,25 14 26,1,70,,28168,2,0,25 14 26,1,38,,28166,2,0,25 14 26,1,70,,28179,2,0,25 14 26,1,30,,28172,2,0,25 14 26,1,70,,28164,2,0,25 14 26,1,30,,28165,2,0,25 14 26,1,70,,28163,2,0,25 14 26,1,30,,22750,2,0,25 14 26,1
40800,'1',631,,30775,37,0,60 61,1,70,,30762,37,0,60 61,1,30,,24141,37,0,60 61,1,70,,30783,37,0,60 61,1,30,,30764,37,0,60 61,1,70,,30773,37,0,60 61,1,30,,30781,37,0,60 61,1,70,,30768,37,0,60 61,1,31,,30761,37,0,60 61,1,70,,30767,37,0,60 61,1,30,,30778,37,0,60 61,1,70,,30769,37,0,60 61,1,30,,30785,37,0,60 61,1,70,,30772,37,0,60 61,1,30,,30776,37,0,60 61,1,70,,30777,37,0,60 61,1,30,,30784,37,0,60 61,1,70,,30787,37,0,60 61,1,30,,30774,37,0,60 61,1,70,,30770,37,0,60 61,1,30,,30771,37,0,60 61,1,70,,30765,37,0,60 61,1,30,,30779,37,0,60 61,1,70,,30780,37,0,60 61,1,100,,23530,37,0,60 61,1,100,,30766,37,0,60 61,1,100,,30786,37,0,60 61,1,100,,22629,37,0,60 61,1,100,,30763,37,0,60 61,1,100,,30782,37,0,60 61,1
40800,'11',1802,,23147,37,0,60 61,1,100,,30793,37,0,60 61,1,100,,30790,37,0,60 61,1,100,,30791,37,0,60 61,1,100,,30788,37,0,60 61,1,100,,30792,37,0,60 61,1,100,,30789,37,0,60 61,1
40800,'12',1102,,30794,37,0,60 61,1,100,,30796,37,0,60 61,1,100,,30799,37,0,60 61,1,100,,30797,37,0,60 61,1,100,,30801,37,0,60 61,1,100,,30795,37,0,60 61,1,100,,30800,37,0,60 61,1,100,,30798,37,0,60 61,1
40800,'14',631,,30817,37,0,60 61,1,70,,30803,37,0,60 61,1,30,,30819,37,0,60 61,1,70,,30824,37,0,60 61,1,30,,30805,37,0,60 61,1,70,,30815,37,0,60 61,1,30,,30822,37,0,60 61,1,70,,30809,37,0,60 61,1,31,,30802,37,0,60 61,1,70,,30808,37,0,60 61,1,30,,24976,37,0,60 61,1,70,,30810,37,0,60 61,1,30,,30826,37,0,60 61,1,70,,30814,37,0,60 61,1,30,,30818,37,0,60 61,1,70,,26787,37,0,60 61,1,30,,30825,37,0,60 61,1,70,,30828,37,0,60 61,1,30,,30816,37,0,60 61,1,70,,30812,37,0,60 61,1,30,,17982,37,0,60 61,1,70,,30806,37,0,60 61,1,30,,30820,37,0,60 61,1,70,,30821,37,0,60 61,1,100,,30813,37,0,60 61,1,100,,30807,37,0,60 61,1,100,,30827,37,0,60 61,1,100,,30811,37,0,60 61,1,100,,30804,37,0,60 61,1,100,,30823,37,0,60 61,1
40800,'3',1802,,23160,37,0,60 61,1,100,,30834,37,0,60 61,1,100,,30831,37,0,60 61,1,100,,30832,37,0,60 61,1,100,,30829,37,0,60 61,1,100,,30833,37,0,60 61,1,100,,30830,37,0,60 61,1
40800,'8',901,,25489,37,0,60 61,1,100,,30836,37,0,60 61,1,31,,30845,37,0,60 61,1,70,,30850,37,0,60 61,1,30,,30840,37,0,60 61,1,70,,30843,37,0,60 61,1,30,,26064,37,0,60 61,1,70,,30846,37,0,60 61,1,30,,30839,37,0,60 61,1,70,,30849,37,0,60 61,1,30,,30842,37,0,60 61,1,70,,25796,37,0,60 61,1,30,,30835,37,0,60 61,1,70,,30847,37,0,60 61,1,30,,30838,37,0,60 61,1,70,,30848,37,0,60 61,1,30,,30844,37,0,60 61,1,70,,26215,37,0,60 61,1,100,,30837,37,0,60 61,1,100,,30841,37,0,60 61,1
40901,'1',645,,31036,2,0,25 12,1,70,,31051,2,0,25 12,1,30,,31052,2,0,25 12,1,70,,31026,2,0,25 12,1,30,,31030,2,0,25 12,1,70,,31031,2,0,25 12,1,30,,31050,2,0,25 12,1,70,,31027,2,0,25 12,1,30,,31035,2,0,25 12,1,70,,22839,2,0,25 12,1,30,,31044,2,0,25 12,1,70,,31048,2,0,25 12,1,30,,31029,2,0,25 12,1,70,,31040,2,0,25 12,1,30,,31047,2,0,25 12,1,70,,31045,2,0,25 12,1,30,,31038,2,0,25 12,1,70,,31049,2,0,25 12,1,30,,31028,2,0,25 12,1,70,,31039,2,0,25 12,1,30,,31032,2,0,25 12,1,70,,31042,2,0,25 12,1,30,,23719,2,0,25 12,1,70,,31037,2,0,25 12,1,30,,31034,2,0,25 12,1,100,,31046,2,0,25 12,1,100,,31043,2,0,25 12,1,100,,31041,2,0,25 12,1,100,,31033,2,0,25 12,1
40901,'11',1845,,31054,2,0,25 12,1,100,,26983,2,0,25 12,1,100,,31055,2,0,25 12,1,100,,21832,2,0,25 12,1,100,,31053,2,0,25 12,1
40901,'12',1045,,31058,2,0,25 12,1,100,,31060,2,0,25 12,1,100,,31056,2,0,25 12,1,100,,24528,2,0,25 12,1,100,,31057,2,0,25 12,1,100,,31062,2,0,25 12,1,100,,31059,2,0,25 12,1,100,,31061,2,0,25 12,1
40901,'14',645,,31073,2,0,25 12,1,70,,31089,2,0,25 12,1,30,,31090,2,0,25 12,1,70,,31063,2,0,25 12,1,30,,31067,2,0,25 12,1,70,,31068,2,0,25 12,1,30,,31088,2,0,25 12,1,70,,31064,2,0,25 12,1,30,,31072,2,0,25 12,1,70,,31076,2,0,25 12,1,30,,31082,2,0,25 12,1,70,,31086,2,0,25 12,1,30,,31066,2,0,25 12,1,70,,31078,2,0,25 12,1,30,,31085,2,0,25 12,1,70,,31083,2,0,25 12,1,30,,31075,2,0,25 12,1,70,,31087,2,0,25 12,1,30,,31065,2,0,25 12,1,70,,31077,2,0,25 12,1,30,,31070,2,0,25 12,1,70,,31080,2,0,25 12,1,30,,31069,2,0,25 12,1,70,,31074,2,0,25 12,1,30,,18097,2,0,25 12,1,100,,31084,2,0,25 12,1,100,,31081,2,0,25 12,1,100,,31079,2,0,25 12,1,100,,31071,2,0,25 12,1
40901,'3',1845,,31092,2,0,25 12,1,100,,27031,2,0,25 12,1,100,,31093,2,0,25 12,1,100,,21855,2,0,25 12,1,100,,31091,2,0,25 12,1
40901,'8',845,,31099,2,0,25 12,1,100,,31096,2,0,25 12,1,100,,31105,2,0,25 12,1,70,,31094,2,0,25 12,1,30,,31102,2,0,25 12,1,70,,31103,2,0,25 12,1,30,,31112,2,0,25 12,1,70,,31104,2,0,25 12,1,30,,31101,2,0,25 12,1,70,,31100,2,0,25 12,1,30,,31111,2,0,25 12,1,70,,31110,2,0,25 12,1,30,,31098,2,0,25 12,1,70,,31095,2,0,25 12,1,30,,31097,2,0,25 12,1,70,,31108,2,0,25 12,1,30,,31106,2,0,25 12,1,70,,31109,2,0,25 12,1,30,,26313,2,0,25 12,1,100,,31107,2,0,25 12,1
