31001,'15',630,,11593,4,0,36,1,70,,11576,4,0,36,1,30,,11582,4,0,36,1,70,,11588,4,0,36,1,30,,11594,4,0,36,1,70,,11577,4,0,36,1,30,,11575,4,0,36,1,70,,11592,4,0,36,1,30,,11584,4,0,36,1,70,,11578,4,0,36,1,30,,11581,4,0,36,1,70,,11580,4,0,36,1,30,,11590,4,0,36,1,70,,11574,4,0,36,1,30,,11598,4,0,36,1,70,,11573,4,0,36,1,30,,11585,4,0,36,1,70,,11586,4,0,36,1,27,,11595,1,0,37 38,1,3,,11579,4,0,36,1,70,,11589,4,0,36,1,30,,11591,4,0,36,1,70,,11596,4,0,36,1,30,,11587,4,0,36,1,70,,11583,4,0,36,1,30,,11597,4,0,36,1
31001,'16',630,,2931,4,0,36,1,70,,11601,4,0,36,1,30,,11606,4,0,36,1,70,,11611,4,0,36,1,30,,11615,4,0,36,1,70,,3142,4,0,36,1,30,,4096,4,0,36,1,70,,11614,4,0,36,1,30,,11608,4,0,36,1,70,,11602,4,0,36,1,30,,11605,4,0,36,1,70,,11604,4,0,36,1,30,,11613,4,0,36,1,70,,11600,4,0,36,1,30,,11619,4,0,36,1,70,,11599,4,0,36,1,30,,2153,4,0,36,1,70,,11609,4,0,36,1,27,,11616,1,0,37 38,1,3,,11603,4,0,36,1,70,,11612,4,0,36,1,30,,7123,4,0,36,1,70,,11617,4,0,36,1,30,,11610,4,0,36,1,70,,11607,4,0,36,1,30,,11618,4,0,36,1
31001,'17',630,,3006,4,0,36,1,70,,11622,4,0,36,1,30,,11626,4,0,36,1,70,,11631,4,0,36,1,30,,11635,4,0,36,1,70,,3193,4,0,36,1,30,,4111,4,0,36,1,70,,11634,4,0,36,1,30,,11628,4,0,36,1,70,,11623,4,0,36,1,30,,11625,4,0,36,1,70,,11624,4,0,36,1,30,,11633,4,0,36,1,70,,11621,4,0,36,1,30,,11639,4,0,36,1,70,,11620,4,0,36,1,30,,2177,4,0,36,1,70,,11629,4,0,36,1,27,,11636,1,0,37 38,1,3,,3195,4,0,36,1,70,,11632,4,0,36,1,30,,7129,4,0,36,1,70,,11637,4,0,36,1,30,,11630,4,0,36,1,70,,11627,4,0,36,1,30,,11638,4,0,36,1
31001,'19',630,,11660,4,0,36,1,70,,11643,4,0,36,1,30,,11649,4,0,36,1,70,,11655,4,0,36,1,30,,11661,4,0,36,1,70,,11644,4,0,36,1,30,,11642,4,0,36,1,70,,11659,4,0,36,1,30,,11651,4,0,36,1,70,,11645,4,0,36,1,30,,11648,4,0,36,1,70,,11647,4,0,36,1,30,,11657,4,0,36,1,70,,11641,4,0,36,1,30,,11665,4,0,36,1,70,,11640,4,0,36,1,30,,11652,4,0,36,1,70,,11653,4,0,36,1,27,,11662,1,0,37 38,1,3,,11646,4,0,36,1,70,,11656,4,0,36,1,30,,11658,4,0,36,1,70,,11663,4,0,36,1,30,,11654,4,0,36,1,70,,11650,4,0,36,1,30,,11664,4,0,36,1
31001,'5',630,,3079,4,0,36,1,70,,11668,4,0,36,1,30,,11673,4,0,36,1,70,,11678,4,0,36,1,30,,11681,4,0,36,1,70,,3265,4,0,36,1,30,,4141,4,0,36,1,70,,11680,4,0,36,1,30,,11675,4,0,36,1,70,,11669,4,0,36,1,30,,11672,4,0,36,1,70,,11671,4,0,36,1,30,,4628,4,0,36,1,70,,11667,4,0,36,1,30,,11685,4,0,36,1,70,,11666,4,0,36,1,30,,2201,4,0,36,1,70,,11676,4,0,36,1,27,,11682,1,0,37 38,1,3,,11670,4,0,36,1,70,,11679,4,0,36,1,30,,7173,4,0,36,1,70,,11683,4,0,36,1,30,,11677,4,0,36,1,70,,11674,4,0,36,1,30,,11684,4,0,36,1
31001,'6',630,,11706,4,0,36,1,70,,11689,4,0,36,1,30,,11695,4,0,36,1,70,,11701,4,0,36,1,30,,11707,4,0,36,1,70,,11690,4,0,36,1,30,,11688,4,0,36,1,70,,11705,4,0,36,1,30,,11697,4,0,36,1,70,,11691,4,0,36,1,30,,11694,4,0,36,1,70,,11693,4,0,36,1,30,,11703,4,0,36,1,70,,11687,4,0,36,1,30,,11711,4,0,36,1,70,,11686,4,0,36,1,30,,11698,4,0,36,1,70,,11699,4,0,36,1,27,,11708,1,0,37 38,1,3,,11692,4,0,36,1,70,,11702,4,0,36,1,30,,11704,4,0,36,1,70,,11709,4,0,36,1,30,,11700,4,0,36,1,70,,11696,4,0,36,1,30,,11710,4,0,36,1
41001,'1',1133,,18428,4,0,37 38,1,100,,2038,4,0,37 38,1,100,,7118,4,0,37 38,1,100,,18427,4,0,37 38,1,100,,18429,4,0,37 38,1,100,,18430,4,0,37 38,1,100,,18426,4,0,37 38,1
41001,'10',633,,18451,4,0,37 38,1,70,,18432,4,0,37 38,1,30,,18453,4,0,37 38,1,70,,18439,4,0,37 38,1,30,,18454,4,0,37 38,1,70,,18450,4,0,37 38,1,30,,18436,4,0,37 38,1,70,,18431,4,0,37 38,1,30,,18447,4,0,37 38,1,70,,18449,4,0,37 38,1,30,,18433,4,0,37 38,1,70,,18441,4,0,37 38,1,30,,18440,4,0,37 38,1,70,,18443,4,0,37 38,1,30,,18437,4,0,37 38,1,70,,18448,4,0,37 38,1,30,,18438,4,0,37 38,1,70,,18446,4,0,37 38,1,30,,18435,4,0,37 38,1,70,,18452,4,0,37 38,1,30,,18434,4,0,37 38,1,70,,18444,4,0,37 38,1,30,,18442,4,0,37 38,1,70,,18445,4,0,37 38,1
41001,'12',933,,18460,4,0,37 38,1,100,,18465,4,0,37 38,1,70,,6110,4,0,37 38,1,30,,18470,4,0,37 38,1,70,,18464,4,0,37 38,1,30,,18462,4,0,37 38,1,70,,6835,4,0,37 38,1,30,,18467,4,0,37 38,1,70,,18466,4,0,37 38,1,30,,18459,4,0,37 38,1,70,,18463,4,0,37 38,1,30,,18461,4,0,37 38,1,70,,18457,4,0,37 38,1,30,,6432,4,0,37 38,1,70,,18469,4,0,37 38,1,30,,18456,4,0,37 38,1,70,,18468,4,0,37 38,1,30,,18455,4,0,37 38,1,100,,18458,4,0,37 38,1
41001,'21',633,,18486,4,0,37 38,1,70,,5856,4,0,37 38,1,30,,18488,4,0,37 38,1,70,,18477,4,0,37 38,1,30,,18489,4,0,37 38,1,70,,18485,4,0,37 38,1,30,,18474,4,0,37 38,1,70,,18471,4,0,37 38,1,30,,18482,4,0,37 38,1,70,,18484,4,0,37 38,1,30,,18472,4,0,37 38,1,70,,18479,4,0,37 38,1,30,,18478,4,0,37 38,1,70,,18480,4,0,37 38,1,30,,18475,4,0,37 38,1,70,,18483,4,0,37 38,1,30,,18476,4,0,37 38,1,70,,18481,4,0,37 38,1,30,,6023,4,0,37 38,1,70,,18487,4,0,37 38,1,30,,18473,4,0,37 38,1,70,,7355,4,0,37 38,1,30,,8582,4,0,37 38,1,70,,8761,4,0,37 38,1
