32000,'12',636,,36165,11,0,47 18,1,71,,36172,11,0,47 18,1,30,,36168,11,0,47 18,1,70,,36153,11,0,47 18,1,30,,36169,11,0,47 18,1,70,,36161,11,0,47 18,1,30,,36173,11,0,47 18,1,70,,36151,11,0,47 18,1,30,,36155,11,0,47 18,1,70,,36152,11,0,47 18,1,30,,36163,11,0,47 18,1,70,,36171,11,0,47 18,1,30,,36167,11,0,47 18,1,70,,36162,11,0,47 18,1,30,,36158,11,0,47 18,1,71,,36156,11,0,47 18,1,30,,36160,11,0,47 18,1,70,,36170,11,0,47 18,1,30,,36174,11,0,47 18,1,70,,36157,11,0,47 18,1,30,,36166,11,0,47 18,1,70,,36154,11,0,47 18,1,30,,36164,11,0,47 18,1,70,,36159,11,0,47 18,1
32000,'13',636,,36186,11,0,47 18,1,71,,36192,11,0,47 18,1,30,,36188,11,0,47 18,1,70,,36176,11,0,47 18,1,30,,36189,11,0,47 18,1,70,,36182,11,0,47 18,1,30,,36193,11,0,47 18,1,70,,28765,11,0,47 18,1,30,,27762,11,0,47 18,1,70,,36175,11,0,47 18,1,30,,36184,11,0,47 18,1,70,,36191,11,0,47 18,1,30,,28507,11,0,47 18,1,70,,36183,11,0,47 18,1,30,,36179,11,0,47 18,1,71,,36177,11,0,47 18,1,30,,36181,11,0,47 18,1,70,,36190,11,0,47 18,1,30,,36194,11,0,47 18,1,70,,36178,11,0,47 18,1,30,,36187,11,0,47 18,1,70,,29458,11,0,47 18,1,30,,36185,11,0,47 18,1,70,,36180,11,0,47 18,1
32000,'3',636,,36206,11,0,47 18,1,71,,36212,11,0,47 18,1,30,,36208,11,0,47 18,1,70,,36196,11,0,47 18,1,30,,36209,11,0,47 18,1,70,,36202,11,0,47 18,1,30,,36213,11,0,47 18,1,70,,28787,11,0,47 18,1,30,,27782,11,0,47 18,1,70,,36195,11,0,47 18,1,30,,36204,11,0,47 18,1,70,,36211,11,0,47 18,1,30,,28531,11,0,47 18,1,70,,36203,11,0,47 18,1,30,,36199,11,0,47 18,1,71,,36197,11,0,47 18,1,30,,36201,11,0,47 18,1,70,,36210,11,0,47 18,1,30,,36214,11,0,47 18,1,70,,36198,11,0,47 18,1,30,,36207,11,0,47 18,1,70,,29579,11,0,47 18,1,30,,36205,11,0,47 18,1,70,,36200,11,0,47 18,1
32000,'6',636,,36229,11,0,47 18,1,71,,36236,11,0,47 18,1,30,,36232,11,0,47 18,1,70,,36217,11,0,47 18,1,30,,36233,11,0,47 18,1,70,,36225,11,0,47 18,1,30,,36237,11,0,47 18,1,70,,36215,11,0,47 18,1,30,,36219,11,0,47 18,1,70,,36216,11,0,47 18,1,30,,36227,11,0,47 18,1,70,,36235,11,0,47 18,1,30,,36231,11,0,47 18,1,70,,36226,11,0,47 18,1,30,,36222,11,0,47 18,1,71,,36220,11,0,47 18,1,30,,36224,11,0,47 18,1,70,,36234,11,0,47 18,1,30,,36238,11,0,47 18,1,70,,36221,11,0,47 18,1,30,,36230,11,0,47 18,1,70,,36218,11,0,47 18,1,30,,36228,11,0,47 18,1,70,,36223,11,0,47 18,1
42000,'1',636,,41282,11,0,47 18,1,71,,41266,11,0,47 18,1,30,,31185,11,0,47 18,1,70,,41272,11,0,47 18,1,30,,41262,11,0,47 18,1,70,,41259,11,0,47 18,1,30,,41265,11,0,47 18,1,70,,41276,11,0,47 18,1,30,,41267,11,0,47 18,1,70,,41261,11,0,47 18,1,30,,32493,11,0,47 18,1,70,,41283,11,0,47 18,1,30,,32582,11,0,47 18,1,70,,41281,11,0,47 18,1,30,,30863,11,0,47 18,1,71,,41271,11,0,47 18,1,30,,41278,11,0,47 18,1,70,,41260,11,0,47 18,1,30,,41273,11,0,47 18,1,70,,41263,11,0,47 18,1,30,,41269,11,0,47 18,1,70,,41284,11,0,47 18,1,30,,41277,11,0,47 18,1,70,,41270,11,0,47 18,1,30,,41274,11,0,47 18,1,99,,41280,11,0,47 18,1,100,,41268,11,0,47 18,1,100,,41264,11,0,47 18,1,100,,41279,11,0,47 18,1,100,,41275,11,0,47 18,1
42000,'11',636,,41311,11,0,47 18,1,71,,41292,11,0,47 18,1,30,,41296,11,0,47 18,1,70,,41301,11,0,47 18,1,30,,41288,11,0,47 18,1,70,,41285,11,0,47 18,1,30,,41291,11,0,47 18,1,70,,41305,11,0,47 18,1,30,,41294,11,0,47 18,1,70,,41287,11,0,47 18,1,30,,41314,11,0,47 18,1,70,,41312,11,0,47 18,1,30,,41293,11,0,47 18,1,70,,41310,11,0,47 18,1,30,,41299,11,0,47 18,1,71,,41300,11,0,47 18,1,30,,41307,11,0,47 18,1,70,,41286,11,0,47 18,1,30,,41302,11,0,47 18,1,70,,41289,11,0,47 18,1,30,,41297,11,0,47 18,1,70,,41313,11,0,47 18,1,30,,41306,11,0,47 18,1,70,,41298,11,0,47 18,1,30,,41303,11,0,47 18,1,99,,41309,11,0,47 18,1,100,,41295,11,0,47 18,1,100,,41290,11,0,47 18,1,100,,41308,11,0,47 18,1,100,,41304,11,0,47 18,1
42000,'12',1838,,41318,11,0,47 18,1,99,,41315,11,0,47 18,1,100,,41319,11,0,47 18,1,100,,41317,11,0,47 18,1,100,,41316,11,0,47 18,1,100,,41320,11,0,47 18,1
42000,'13',1838,,28025,11,0,47 18,1,99,,41321,11,0,47 18,1,100,,28605,11,0,47 18,1,100,,41323,11,0,47 18,1,100,,41322,11,0,47 18,1,100,,41324,11,0,47 18,1
42000,'14',1107,,41334,11,0,47 18,1,30,,41337,11,0,47 18,1,70,,41330,11,0,47 18,1,30,,41335,11,0,47 18,1,70,,41333,11,0,47 18,1,30,,41329,11,0,47 18,1,71,,41327,11,0,47 18,1,30,,41336,11,0,47 18,1,70,,41338,11,0,47 18,1,30,,41331,11,0,47 18,1,70,,41326,11,0,47 18,1,30,,41328,11,0,47 18,1,70,,41325,11,0,47 18,1,30,,41332,11,0,47 18,1
42000,'16',636,,41363,11,0,47 18,1,71,,41346,11,0,47 18,1,30,,31210,11,0,47 18,1,70,,41353,11,0,47 18,1,30,,41342,11,0,47 18,1,70,,41339,11,0,47 18,1,30,,41345,11,0,47 18,1,70,,41357,11,0,47 18,1,30,,41348,11,0,47 18,1,70,,41341,11,0,47 18,1,30,,41366,11,0,47 18,1,70,,41364,11,0,47 18,1,30,,41347,11,0,47 18,1,70,,41362,11,0,47 18,1,30,,30903,11,0,47 18,1,71,,41352,11,0,47 18,1,30,,41359,11,0,47 18,1,70,,41340,11,0,47 18,1,30,,41354,11,0,47 18,1,70,,41343,11,0,47 18,1,30,,41350,11,0,47 18,1,70,,41365,11,0,47 18,1,30,,41358,11,0,47 18,1,70,,41351,11,0,47 18,1,30,,41355,11,0,47 18,1,99,,41361,11,0,47 18,1,100,,41349,11,0,47 18,1,100,,41344,11,0,47 18,1,100,,41360,11,0,47 18,1,100,,41356,11,0,47 18,1
42000,'3',1838,,28048,11,0,47 18,1,99,,41367,11,0,47 18,1,100,,28647,11,0,47 18,1,100,,41369,11,0,47 18,1,100,,41368,11,0,47 18,1,100,,41370,11,0,47 18,1
42000,'6',1838,,41374,11,0,47 18,1,99,,41371,11,0,47 18,1,100,,41375,11,0,47 18,1,100,,41373,11,0,47 18,1,100,,41372,11,0,47 18,1,100,,41376,11,0,47 18,1
42000,'8',907,,41390,11,0,47 18,1,30,,41397,11,0,47 18,1,70,,41396,11,0,47 18,1,30,,41398,11,0,47 18,1,70,,30493,11,0,47 18,1,30,,41377,11,0,47 18,1,70,,41380,11,0,47 18,1,30,,41379,11,0,47 18,1,70,,41392,11,0,47 18,1,30,,41393,11,0,47 18,1,71,,41394,11,0,47 18,1,30,,41389,11,0,47 18,1,70,,41381,11,0,47 18,1,30,,41387,11,0,47 18,1,70,,41384,11,0,47 18,1,30,,41378,11,0,47 18,1,70,,41385,11,0,47 18,1,30,,41391,11,0,47 18,1,70,,41395,11,0,47 18,1,30,,41388,11,0,47 18,1,69,,41386,11,0,47 18,1,30,,41382,11,0,47 18,1,70,,41383,11,0,47 18,1
43201,'1',758,,41724,13,0,52,1,100,,41725,13,0,52,1,100,,41716,13,0,52,1,100,,41721,13,0,52,1,100,,41715,13,0,52,1,100,,41719,13,0,52,1,100,,41727,13,0,52,1,142,,41729,13,0,52,1,100,,41718,13,0,52,1,100,,41728,13,0,52,1,100,,41720,13,0,52,1,100,,41722,13,0,52,1,58,,41726,13,0,52,1,100,,30869,13,0,52,1,100,,41723,13,0,52,1,100,,41717,13,0,52,1
