31100,'12',621,,34754,13,0,43 44,1,30,,34760,13,0,43 44,1,70,,34764,13,0,43 44,1,30,,34771,13,0,43 44,1,70,,34773,13,0,43 44,1,30,,34766,13,0,43 44,1,70,,34765,13,0,43 44,1,30,,34763,13,0,43 44,1,70,,34758,13,0,43 44,1,30,,34770,13,0,43 44,1,70,,34762,13,0,43 44,1,30,,34755,13,0,43 44,1,70,,34768,13,0,43 44,1,30,,34767,13,0,43 44,1,70,,34769,13,0,43 44,1,30,,34751,13,0,43 44,1,71,,34756,13,0,43 44,1,30,,34761,13,0,43 44,1,70,,34772,13,0,43 44,1,30,,34752,13,0,43 44,1,70,,34753,13,0,43 44,1,30,,34774,13,0,43 44,1,70,,34759,13,0,43 44,1,30,,34757,13,0,43 44,1
31100,'13',621,,34778,13,0,43 44,1,30,,34784,13,0,43 44,1,70,,34788,13,0,43 44,1,30,,27817,13,0,43 44,1,70,,34796,13,0,43 44,1,30,,34790,13,0,43 44,1,70,,34789,13,0,43 44,1,30,,34787,13,0,43 44,1,70,,34782,13,0,43 44,1,30,,34794,13,0,43 44,1,70,,34786,13,0,43 44,1,30,,34779,13,0,43 44,1,70,,34792,13,0,43 44,1,30,,34791,13,0,43 44,1,70,,34793,13,0,43 44,1,30,,34775,13,0,43 44,1,71,,34780,13,0,43 44,1,30,,34785,13,0,43 44,1,70,,34795,13,0,43 44,1,30,,34776,13,0,43 44,1,70,,34777,13,0,43 44,1,30,,34797,13,0,43 44,1,70,,34783,13,0,43 44,1,30,,34781,13,0,43 44,1
31100,'3',621,,34801,13,0,43 44,1,30,,34807,13,0,43 44,1,70,,34811,13,0,43 44,1,30,,27840,13,0,43 44,1,70,,34819,13,0,43 44,1,30,,34813,13,0,43 44,1,70,,34812,13,0,43 44,1,30,,34810,13,0,43 44,1,70,,34805,13,0,43 44,1,30,,34817,13,0,43 44,1,70,,34809,13,0,43 44,1,30,,34802,13,0,43 44,1,70,,34815,13,0,43 44,1,30,,34814,13,0,43 44,1,70,,34816,13,0,43 44,1,30,,34798,13,0,43 44,1,71,,34803,13,0,43 44,1,30,,34808,13,0,43 44,1,70,,34818,13,0,43 44,1,30,,34799,13,0,43 44,1,70,,34800,13,0,43 44,1,30,,34820,13,0,43 44,1,70,,34806,13,0,43 44,1,30,,34804,13,0,43 44,1
31100,'6',621,,34824,13,0,43 44,1,30,,34830,13,0,43 44,1,70,,34834,13,0,43 44,1,30,,34841,13,0,43 44,1,70,,34843,13,0,43 44,1,30,,34836,13,0,43 44,1,70,,34835,13,0,43 44,1,30,,34833,13,0,43 44,1,70,,34828,13,0,43 44,1,30,,34840,13,0,43 44,1,70,,34832,13,0,43 44,1,30,,34825,13,0,43 44,1,70,,34838,13,0,43 44,1,30,,34837,13,0,43 44,1,70,,34839,13,0,43 44,1,30,,34821,13,0,43 44,1,71,,34826,13,0,43 44,1,30,,34831,13,0,43 44,1,70,,34842,13,0,43 44,1,30,,34822,13,0,43 44,1,70,,34823,13,0,43 44,1,30,,34844,13,0,43 44,1,70,,34829,13,0,43 44,1,30,,34827,13,0,43 44,1
31700,'12',620,,35780,11,0,63,1,30,,35778,11,0,63,1,70,,35793,11,0,63,1,30,,35787,11,0,63,1,70,,35789,11,0,63,1,30,,35781,11,0,63,1,70,,35785,11,0,63,1,30,,35798,11,0,63,1,70,,35796,11,0,63,1,30,,35800,11,0,63,1,70,,35791,11,0,63,1,30,,35784,11,0,63,1,70,,35792,11,0,63,1,30,,35786,11,0,63,1,70,,35783,11,0,63,1,30,,35788,11,0,63,1,70,,35779,11,0,63,1,30,,35799,11,0,63,1,70,,35795,11,0,63,1,30,,35790,11,0,63,1,70,,35782,11,0,63,1,30,,35794,11,0,63,1,70,,35777,11,0,63,1,30,,35797,11,0,63,1
31700,'13',620,,35804,11,0,63,1,30,,35802,11,0,63,1,70,,35817,11,0,63,1,30,,35811,11,0,63,1,70,,35813,11,0,63,1,30,,35805,11,0,63,1,70,,35809,11,0,63,1,30,,35822,11,0,63,1,70,,35820,11,0,63,1,30,,35824,11,0,63,1,70,,35815,11,0,63,1,30,,35808,11,0,63,1,70,,35816,11,0,63,1,30,,35810,11,0,63,1,70,,35807,11,0,63,1,30,,35812,11,0,63,1,70,,35803,11,0,63,1,30,,35823,11,0,63,1,70,,35819,11,0,63,1,30,,35814,11,0,63,1,70,,35806,11,0,63,1,30,,35818,11,0,63,1,70,,35801,11,0,63,1,30,,35821,11,0,63,1
31700,'3',620,,35828,11,0,63,1,30,,35826,11,0,63,1,70,,35841,11,0,63,1,30,,35835,11,0,63,1,70,,35837,11,0,63,1,30,,35829,11,0,63,1,70,,35833,11,0,63,1,30,,35846,11,0,63,1,70,,35844,11,0,63,1,30,,35848,11,0,63,1,70,,35839,11,0,63,1,30,,35832,11,0,63,1,70,,35840,11,0,63,1,30,,35834,11,0,63,1,70,,35831,11,0,63,1,30,,35836,11,0,63,1,70,,35827,11,0,63,1,30,,35847,11,0,63,1,70,,35843,11,0,63,1,30,,35838,11,0,63,1,70,,35830,11,0,63,1,30,,35842,11,0,63,1,70,,35825,11,0,63,1,30,,35845,11,0,63,1
31700,'6',620,,35852,11,0,63,1,30,,35850,11,0,63,1,70,,35865,11,0,63,1,30,,35859,11,0,63,1,70,,35861,11,0,63,1,30,,35853,11,0,63,1,70,,35857,11,0,63,1,30,,35870,11,0,63,1,70,,35868,11,0,63,1,30,,35872,11,0,63,1,70,,35863,11,0,63,1,30,,35856,11,0,63,1,70,,35864,11,0,63,1,30,,35858,11,0,63,1,70,,35855,11,0,63,1,30,,35860,11,0,63,1,70,,35851,11,0,63,1,30,,35871,11,0,63,1,70,,35867,11,0,63,1,30,,35862,11,0,63,1,70,,35854,11,0,63,1,30,,35866,11,0,63,1,70,,35849,11,0,63,1,30,,35869,11,0,63,1
41700,'1',620,,40762,11,0,67,1,30,,40769,11,0,67,1,70,,40763,11,0,67,1,30,,40774,11,0,67,1,70,,40775,11,0,67,1,30,,40782,11,0,67,1,70,,40768,11,0,67,1,30,,40767,11,0,67,1,70,,40783,11,0,67,1,30,,40765,11,0,67,1,70,,40778,11,0,67,1,30,,40771,11,0,67,1,70,,30428,11,0,67,1,30,,40764,11,0,67,1,70,,40781,11,0,67,1,30,,29674,11,0,67,1,70,,40772,11,0,67,1,30,,40773,11,0,67,1,70,,40761,11,0,67,1,30,,30086,11,0,67,1,70,,40766,11,0,67,1,30,,30078,11,0,67,1,70,,40776,11,0,67,1,30,,40777,11,0,67,1,70,,40779,11,0,67,1,100,,40760,11,0,67,1,100,,40770,11,0,67,1,100,,40759,11,0,67,1,100,,40780,11,0,67,1,100,,30781,11,0,67,1
41700,'11',620,,40787,11,0,67,1,30,,40795,11,0,67,1,70,,40788,11,0,67,1,30,,40801,11,0,67,1,70,,40802,11,0,67,1,30,,40811,11,0,67,1,70,,40793,11,0,67,1,30,,40792,11,0,67,1,70,,40813,11,0,67,1,30,,40790,11,0,67,1,70,,40806,11,0,67,1,30,,40797,11,0,67,1,70,,40794,11,0,67,1,30,,40789,11,0,67,1,70,,40810,11,0,67,1,30,,40812,11,0,67,1,70,,40799,11,0,67,1,30,,40800,11,0,67,1,70,,40786,11,0,67,1,30,,40804,11,0,67,1,70,,40791,11,0,67,1,30,,40798,11,0,67,1,70,,40803,11,0,67,1,30,,40805,11,0,67,1,70,,40808,11,0,67,1,100,,40785,11,0,67,1,100,,40796,11,0,67,1,100,,40784,11,0,67,1,100,,40809,11,0,67,1,100,,40807,11,0,67,1
41700,'12',1820,,40818,11,0,67,1,100,,40814,11,0,67,1,100,,40817,11,0,67,1,100,,40819,11,0,67,1,100,,40816,11,0,67,1,100,,40815,11,0,67,1
41700,'13',1820,,40824,11,0,67,1,100,,40820,11,0,67,1,100,,40823,11,0,67,1,100,,40825,11,0,67,1,100,,40822,11,0,67,1,100,,40821,11,0,67,1
41700,'14',1120,,40830,11,0,67,1,100,,29507,11,0,67,1,100,,40831,11,0,67,1,100,,40829,11,0,67,1,100,,40826,11,0,67,1,100,,40828,11,0,67,1,100,,40827,11,0,67,1
41700,'16',620,,40835,11,0,67,1,30,,40842,11,0,67,1,70,,40836,11,0,67,1,30,,40847,11,0,67,1,70,,40848,11,0,67,1,30,,40855,11,0,67,1,70,,40841,11,0,67,1,30,,40840,11,0,67,1,70,,40856,11,0,67,1,30,,40838,11,0,67,1,70,,40851,11,0,67,1,30,,40844,11,0,67,1,70,,30468,11,0,67,1,30,,40837,11,0,67,1,70,,40854,11,0,67,1,30,,29793,11,0,67,1,70,,40845,11,0,67,1,30,,40846,11,0,67,1,70,,40834,11,0,67,1,30,,30166,11,0,67,1,70,,40839,11,0,67,1,30,,30159,11,0,67,1,70,,40849,11,0,67,1,30,,40850,11,0,67,1,70,,40852,11,0,67,1,100,,40833,11,0,67,1,100,,40843,11,0,67,1,100,,40832,11,0,67,1,100,,40853,11,0,67,1,100,,30822,11,0,67,1
41700,'3',1820,,40861,11,0,67,1,100,,40857,11,0,67,1,100,,40860,11,0,67,1,100,,40862,11,0,67,1,100,,40859,11,0,67,1,100,,40858,11,0,67,1
41700,'6',1820,,40867,11,0,67,1,100,,40863,11,0,67,1,100,,40866,11,0,67,1,100,,40868,11,0,67,1,100,,40865,11,0,67,1,100,,40864,11,0,67,1
41700,'8',920,,40880,11,0,67,1,100,,32423,11,0,67,1,30,,40870,11,0,67,1,70,,40869,11,0,67,1,30,,40882,11,0,67,1,70,,40876,11,0,67,1,30,,40872,11,0,67,1,70,,40875,11,0,67,1,30,,40878,11,0,67,1,70,,40881,11,0,67,1,30,,40871,11,0,67,1,70,,40874,11,0,67,1,30,,30924,11,0,67,1,70,,40883,11,0,67,1,30,,40884,11,0,67,1,70,,40873,11,0,67,1,30,,40877,11,0,67,1,70,,40879,11,0,67,1,100,,31236,11,0,67,1
