30601,'1',630,,1260,10,0,9 12,1,70,,1277,10,0,9 12,1,30,,1273,10,0,9 12,1,70,,1272,10,0,9 12,1,30,,1255,10,0,9 12,1,70,,1270,10,0,9 12,1,30,,1257,10,0,9 12,1,70,,1263,10,0,9 12,1,30,,1267,10,0,9 12,1,70,,1266,10,0,9 12,1,30,,1253,10,0,9 12,1,70,,1265,10,0,9 12,1,30,,1254,10,0,9 12,1,70,,1261,10,0,9 12,1,30,,1268,10,0,9 12,1,70,,1256,10,0,9 12,1,30,,1262,10,0,9 12,1,25,,1275,10,0,9 12,1,45,,1259,10,0,9 12,1,30,,1269,10,0,9 12,1,70,,1264,10,0,9 12,1,30,,1258,10,0,9 12,1,70,,1271,10,0,9 12,1,30,,1274,10,0,9 12,1,70,,1276,10,0,9 12,1
30601,'10',630,,1285,10,0,9 12,1,70,,1302,10,0,9 12,1,30,,1298,10,0,9 12,1,70,,1297,10,0,9 12,1,30,,1280,10,0,9 12,1,70,,1295,10,0,9 12,1,30,,1282,10,0,9 12,1,70,,1288,10,0,9 12,1,30,,1292,10,0,9 12,1,70,,1291,10,0,9 12,1,30,,1278,10,0,9 12,1,70,,1290,10,0,9 12,1,30,,1279,10,0,9 12,1,70,,1286,10,0,9 12,1,30,,1293,10,0,9 12,1,70,,1281,10,0,9 12,1,30,,1287,10,0,9 12,1,25,,1300,10,0,9 12,1,45,,1284,10,0,9 12,1,30,,1294,10,0,9 12,1,70,,1289,10,0,9 12,1,30,,1283,10,0,9 12,1,70,,1296,10,0,9 12,1,30,,1299,10,0,9 12,1,70,,1301,10,0,9 12,1
30601,'11',630,,1310,10,0,9 12,1,70,,1327,10,0,9 12,1,30,,1323,10,0,9 12,1,70,,1322,10,0,9 12,1,30,,1305,10,0,9 12,1,70,,1320,10,0,9 12,1,30,,1307,10,0,9 12,1,70,,1313,10,0,9 12,1,30,,1317,10,0,9 12,1,70,,1316,10,0,9 12,1,30,,1303,10,0,9 12,1,70,,1315,10,0,9 12,1,30,,1304,10,0,9 12,1,70,,1311,10,0,9 12,1,30,,1318,10,0,9 12,1,70,,1306,10,0,9 12,1,30,,1312,10,0,9 12,1,25,,1325,10,0,9 12,1,45,,1309,10,0,9 12,1,30,,1319,10,0,9 12,1,70,,1314,10,0,9 12,1,30,,1308,10,0,9 12,1,70,,1321,10,0,9 12,1,30,,1324,10,0,9 12,1,70,,1326,10,0,9 12,1
30601,'3',630,,1335,10,0,9 12,1,70,,1352,10,0,9 12,1,30,,1348,10,0,9 12,1,70,,1347,10,0,9 12,1,30,,1330,10,0,9 12,1,70,,1345,10,0,9 12,1,30,,1332,10,0,9 12,1,70,,1338,10,0,9 12,1,30,,1342,10,0,9 12,1,70,,1341,10,0,9 12,1,30,,1328,10,0,9 12,1,70,,1340,10,0,9 12,1,30,,1329,10,0,9 12,1,70,,1336,10,0,9 12,1,30,,1343,10,0,9 12,1,70,,1331,10,0,9 12,1,30,,1337,10,0,9 12,1,25,,1350,10,0,9 12,1,45,,1334,10,0,9 12,1,30,,1344,10,0,9 12,1,70,,1339,10,0,9 12,1,30,,1333,10,0,9 12,1,70,,1346,10,0,9 12,1,30,,1349,10,0,9 12,1,70,,1351,10,0,9 12,1
40601,'1',1828,,6529,10,0,9 12,1,100,,6531,10,0,9 12,1,100,,6526,10,0,9 12,1,100,,6530,10,0,9 12,1,100,,6528,10,0,9 12,1,100,,6527,10,0,9 12,1
40601,'10',1828,,6535,10,0,9 12,1,100,,6537,10,0,9 12,1,100,,6532,10,0,9 12,1,100,,6536,10,0,9 12,1,100,,6534,10,0,9 12,1,100,,6533,10,0,9 12,1
40601,'11',1828,,6541,10,0,9 12,1,100,,6543,10,0,9 12,1,100,,6538,10,0,9 12,1,100,,6542,10,0,9 12,1,100,,6540,10,0,9 12,1,100,,6539,10,0,9 12,1
40601,'12',1128,,6546,10,0,9 12,1,100,,6547,10,0,9 12,1,100,,6548,10,0,9 12,1,100,,6545,10,0,9 12,1,100,,6550,10,0,9 12,1,100,,6549,10,0,9 12,1,100,,6544,10,0,9 12,1
40601,'14',658,,6567,10,0,9 12,1,70,,6573,10,0,9 12,1,30,,6565,10,0,9 12,1,70,,6556,10,0,9 12,1,30,,6561,10,0,9 12,1,70,,6566,10,0,9 12,1,30,,6572,10,0,9 12,1,70,,6576,10,0,9 12,1,30,,6559,10,0,9 12,1,70,,6563,10,0,9 12,1,30,,6560,10,0,9 12,1,70,,6571,10,0,9 12,1,30,,6564,10,0,9 12,1,70,,6577,10,0,9 12,1,30,,6552,10,0,9 12,1,70,,6555,10,0,9 12,1,30,,6569,10,0,9 12,1,70,,6554,10,0,9 12,1,30,,6557,10,0,9 12,1,70,,6579,10,0,9 12,1,30,,6570,10,0,9 12,1,70,,6553,10,0,9 12,1,30,,6578,10,0,9 12,1,70,,6575,10,0,9 12,1,100,,6568,10,0,9 12,1,100,,6574,10,0,9 12,1,100,,6558,10,0,9 12,1,100,,6562,10,0,9 12,1,100,,6551,10,0,9 12,1
40601,'3',1828,,6583,10,0,9 12,1,100,,6585,10,0,9 12,1,100,,6580,10,0,9 12,1,100,,6584,10,0,9 12,1,100,,6582,10,0,9 12,1,100,,6581,10,0,9 12,1
40601,'7',928,,6603,10,0,9 12,1,100,,6593,10,0,9 12,1,30,,6598,10,0,9 12,1,70,,6602,10,0,9 12,1,30,,6599,10,0,9 12,1,70,,6589,10,0,9 12,1,30,,6587,10,0,9 12,1,70,,6595,10,0,9 12,1,30,,6601,10,0,9 12,1,70,,6600,10,0,9 12,1,30,,6596,10,0,9 12,1,70,,6594,10,0,9 12,1,30,,6588,10,0,9 12,1,70,,6586,10,0,9 12,1,30,,6591,10,0,9 12,1,70,,6590,10,0,9 12,1,30,,6597,10,0,9 12,1,70,,6604,10,0,9 12,1,100,,6592,10,0,9 12,1
