30601,'15',626,,10526,4,0,9 12,1,30,,10525,4,0,9 12,1,70,,10538,4,0,9 12,1,30,,10539,4,0,9 12,1,70,,10524,4,0,9 12,1,30,,10532,4,0,9 12,1,70,,10541,4,0,9 12,1,30,,10543,4,0,9 12,1,70,,10542,4,0,9 12,1,30,,10534,4,0,9 12,1,70,,10536,4,0,9 12,1,30,,10547,4,0,9 12,1,70,,10535,4,0,9 12,1,30,,10528,4,0,9 12,1,70,,10533,4,0,9 12,1,30,,10546,4,0,9 12,1,70,,10544,4,0,9 12,1,25,,10530,4,0,9 12,1,5,,10545,4,0,9 12,1,70,,10531,4,0,9 12,1,30,,10548,4,0,9 12,1,70,,10540,4,0,9 12,1,30,,10527,4,0,9 12,1,70,,10537,4,0,9 12,1,30,,10529,4,0,9 12,1
30601,'16',626,,10551,4,0,9 12,1,30,,10550,4,0,9 12,1,70,,3355,4,0,9 12,1,30,,10561,4,0,9 12,1,70,,10549,4,0,9 12,1,30,,10555,4,0,9 12,1,70,,10563,4,0,9 12,1,30,,2695,4,0,9 12,1,70,,10564,4,0,9 12,1,30,,10557,4,0,9 12,1,70,,10559,4,0,9 12,1,30,,10568,4,0,9 12,1,70,,10558,4,0,9 12,1,30,,1760,4,0,9 12,1,70,,10556,4,0,9 12,1,30,,10567,4,0,9 12,1,70,,10565,4,0,9 12,1,25,,3638,4,0,9 12,1,5,,10566,4,0,9 12,1,70,,10554,4,0,9 12,1,30,,10569,4,0,9 12,1,70,,10562,4,0,9 12,1,30,,10552,4,0,9 12,1,70,,10560,4,0,9 12,1,30,,10553,4,0,9 12,1
30601,'17',626,,10572,4,0,9 12,1,30,,10571,4,0,9 12,1,70,,3379,4,0,9 12,1,30,,10580,4,0,9 12,1,70,,10570,4,0,9 12,1,30,,10575,4,0,9 12,1,70,,10581,4,0,9 12,1,30,,2720,4,0,9 12,1,70,,10582,4,0,9 12,1,30,,10577,4,0,9 12,1,70,,10578,4,0,9 12,1,30,,10586,4,0,9 12,1,70,,4535,4,0,9 12,1,30,,1783,4,0,9 12,1,70,,10576,4,0,9 12,1,30,,10585,4,0,9 12,1,70,,10583,4,0,9 12,1,25,,3664,4,0,9 12,1,5,,10584,4,0,9 12,1,70,,3202,4,0,9 12,1,30,,10587,4,0,9 12,1,70,,2993,4,0,9 12,1,30,,10573,4,0,9 12,1,70,,10579,4,0,9 12,1,30,,10574,4,0,9 12,1
30601,'19',626,,10590,4,0,9 12,1,30,,10589,4,0,9 12,1,70,,10602,4,0,9 12,1,30,,10603,4,0,9 12,1,70,,10588,4,0,9 12,1,30,,10596,4,0,9 12,1,70,,10605,4,0,9 12,1,30,,10606,4,0,9 12,1,70,,5351,4,0,9 12,1,30,,10598,4,0,9 12,1,70,,10600,4,0,9 12,1,30,,10610,4,0,9 12,1,70,,10599,4,0,9 12,1,30,,10592,4,0,9 12,1,70,,10597,4,0,9 12,1,30,,10609,4,0,9 12,1,70,,10607,4,0,9 12,1,25,,10594,4,0,9 12,1,5,,10608,4,0,9 12,1,70,,10595,4,0,9 12,1,30,,10611,4,0,9 12,1,70,,10604,4,0,9 12,1,30,,10591,4,0,9 12,1,70,,10601,4,0,9 12,1,30,,10593,4,0,9 12,1
30601,'5',626,,10614,4,0,9 12,1,30,,10613,4,0,9 12,1,70,,3403,4,0,9 12,1,30,,10623,4,0,9 12,1,70,,10612,4,0,9 12,1,30,,10618,4,0,9 12,1,70,,10625,4,0,9 12,1,30,,2744,4,0,9 12,1,70,,10626,4,0,9 12,1,30,,8362,4,0,9 12,1,70,,10621,4,0,9 12,1,30,,10630,4,0,9 12,1,70,,10620,4,0,9 12,1,30,,1806,4,0,9 12,1,70,,10619,4,0,9 12,1,30,,10629,4,0,9 12,1,70,,10627,4,0,9 12,1,25,,3690,4,0,9 12,1,5,,10628,4,0,9 12,1,70,,10617,4,0,9 12,1,30,,10631,4,0,9 12,1,70,,10624,4,0,9 12,1,30,,10615,4,0,9 12,1,70,,10622,4,0,9 12,1,30,,10616,4,0,9 12,1
30601,'6',626,,10634,4,0,9 12,1,30,,10633,4,0,9 12,1,70,,10646,4,0,9 12,1,30,,10647,4,0,9 12,1,70,,10632,4,0,9 12,1,30,,10640,4,0,9 12,1,70,,10649,4,0,9 12,1,30,,10651,4,0,9 12,1,70,,10650,4,0,9 12,1,30,,10642,4,0,9 12,1,70,,10644,4,0,9 12,1,30,,10655,4,0,9 12,1,70,,10643,4,0,9 12,1,30,,10636,4,0,9 12,1,70,,10641,4,0,9 12,1,30,,10654,4,0,9 12,1,70,,10652,4,0,9 12,1,25,,10638,4,0,9 12,1,5,,10653,4,0,9 12,1,70,,10639,4,0,9 12,1,30,,10656,4,0,9 12,1,70,,10648,4,0,9 12,1,30,,10635,4,0,9 12,1,70,,10645,4,0,9 12,1,30,,10637,4,0,9 12,1
40601,'1',1124,,17782,4,0,9 12,1,100,,2131,4,0,9 12,1,100,,17785,4,0,9 12,1,100,,17781,4,0,9 12,1,100,,17783,4,0,9 12,1,100,,17786,4,0,9 12,1,100,,17784,4,0,9 12,1
40601,'10',654,,17798,4,0,9 12,1,70,,17815,4,0,9 12,1,30,,17807,4,0,9 12,1,70,,17814,4,0,9 12,1,30,,17794,4,0,9 12,1,70,,17788,4,0,9 12,1,30,,17795,4,0,9 12,1,70,,17803,4,0,9 12,1,30,,17787,4,0,9 12,1,70,,17797,4,0,9 12,1,30,,17800,4,0,9 12,1,70,,17811,4,0,9 12,1,30,,17813,4,0,9 12,1,70,,17793,4,0,9 12,1,30,,17808,4,0,9 12,1,70,,17789,4,0,9 12,1,30,,17799,4,0,9 12,1,70,,17812,4,0,9 12,1,30,,17801,4,0,9 12,1,70,,17809,4,0,9 12,1,30,,17805,4,0,9 12,1,70,,17791,4,0,9 12,1,30,,17796,4,0,9 12,1,70,,17792,4,0,9 12,1,100,,17810,4,0,9 12,1,100,,17802,4,0,9 12,1,100,,17806,4,0,9 12,1,100,,17790,4,0,9 12,1,100,,17804,4,0,9 12,1
40601,'12',924,,6844,4,0,9 12,1,100,,17826,4,0,9 12,1,30,,17827,4,0,9 12,1,70,,17819,4,0,9 12,1,30,,6118,4,0,9 12,1,70,,17825,4,0,9 12,1,30,,17824,4,0,9 12,1,70,,17823,4,0,9 12,1,30,,17828,4,0,9 12,1,70,,17832,4,0,9 12,1,30,,17829,4,0,9 12,1,70,,17822,4,0,9 12,1,30,,17830,4,0,9 12,1,70,,17821,4,0,9 12,1,30,,17818,4,0,9 12,1,70,,17831,4,0,9 12,1,30,,17817,4,0,9 12,1,70,,17816,4,0,9 12,1,100,,17820,4,0,9 12,1
40601,'15',1824,,17838,4,0,9 12,1,100,,17833,4,0,9 12,1,100,,17834,4,0,9 12,1,100,,17835,4,0,9 12,1,100,,17836,4,0,9 12,1,100,,17837,4,0,9 12,1
40601,'16',1824,,17844,4,0,9 12,1,100,,17839,4,0,9 12,1,100,,17840,4,0,9 12,1,100,,17841,4,0,9 12,1,100,,17842,4,0,9 12,1,100,,17843,4,0,9 12,1
40601,'17',1824,,17850,4,0,9 12,1,100,,17845,4,0,9 12,1,100,,17846,4,0,9 12,1,100,,17847,4,0,9 12,1,100,,17848,4,0,9 12,1,100,,17849,4,0,9 12,1
40601,'19',1824,,17856,4,0,9 12,1,100,,17851,4,0,9 12,1,100,,17852,4,0,9 12,1,100,,17853,4,0,9 12,1,100,,17854,4,0,9 12,1,100,,17855,4,0,9 12,1
40601,'21',654,,17866,4,0,9 12,1,70,,17881,4,0,9 12,1,30,,17873,4,0,9 12,1,70,,17880,4,0,9 12,1,30,,7356,4,0,9 12,1,70,,17858,4,0,9 12,1,30,,17863,4,0,9 12,1,70,,17871,4,0,9 12,1,30,,17857,4,0,9 12,1,70,,17865,4,0,9 12,1,30,,17868,4,0,9 12,1,70,,17877,4,0,9 12,1,30,,17879,4,0,9 12,1,70,,17862,4,0,9 12,1,30,,17874,4,0,9 12,1,70,,17859,4,0,9 12,1,30,,17867,4,0,9 12,1,70,,17878,4,0,9 12,1,30,,17869,4,0,9 12,1,70,,17875,4,0,9 12,1,30,,17872,4,0,9 12,1,70,,17861,4,0,9 12,1,30,,17864,4,0,9 12,1,70,,5387,4,0,9 12,1,100,,17876,4,0,9 12,1,100,,17870,4,0,9 12,1,100,,6340,4,0,9 12,1,100,,17860,4,0,9 12,1,100,,6898,4,0,9 12,1
40601,'5',1824,,17887,4,0,9 12,1,100,,17882,4,0,9 12,1,100,,17883,4,0,9 12,1,100,,17884,4,0,9 12,1,100,,17885,4,0,9 12,1,100,,17886,4,0,9 12,1
40601,'6',1824,,17893,4,0,9 12,1,100,,17888,4,0,9 12,1,100,,17889,4,0,9 12,1,100,,17890,4,0,9 12,1,100,,17891,4,0,9 12,1,100,,17892,4,0,9 12,1
