31700,'1',624,,3323,18,0,63,1,30,,3321,18,0,63,1,70,,3325,18,0,63,1,30,,3332,18,0,63,1,70,,3333,18,0,63,1,30,,3322,18,0,63,1,70,,3328,18,0,63,1,30,,3316,18,0,63,1,70,,3318,18,0,63,1,30,,3329,18,0,63,1,70,,3335,18,0,63,1,30,,3338,18,0,63,1,70,,3317,18,0,63,1,30,,3324,18,0,63,1,70,,3331,18,0,63,1,30,,3315,18,0,63,1,70,,3336,18,0,63,1,30,,3326,18,0,63,1,70,,3334,18,0,63,1,30,,3337,18,0,63,1,70,,3330,18,0,63,1,30,,3320,18,0,63,1,70,,3327,18,0,63,1,30,,3319,18,0,63,1
31700,'10',624,,3347,18,0,63,1,30,,3345,18,0,63,1,70,,3349,18,0,63,1,30,,3356,18,0,63,1,70,,3357,18,0,63,1,30,,3346,18,0,63,1,70,,3352,18,0,63,1,30,,3340,18,0,63,1,70,,3342,18,0,63,1,30,,3353,18,0,63,1,70,,3359,18,0,63,1,30,,3362,18,0,63,1,70,,3341,18,0,63,1,30,,3348,18,0,63,1,70,,3355,18,0,63,1,30,,3339,18,0,63,1,70,,3360,18,0,63,1,30,,3350,18,0,63,1,70,,3358,18,0,63,1,30,,3361,18,0,63,1,70,,3354,18,0,63,1,30,,3344,18,0,63,1,70,,3351,18,0,63,1,30,,3343,18,0,63,1
31700,'11',624,,3371,18,0,63,1,30,,3369,18,0,63,1,70,,3373,18,0,63,1,30,,3380,18,0,63,1,70,,3381,18,0,63,1,30,,3370,18,0,63,1,70,,3376,18,0,63,1,30,,3364,18,0,63,1,70,,3366,18,0,63,1,30,,3377,18,0,63,1,70,,3383,18,0,63,1,30,,3386,18,0,63,1,70,,3365,18,0,63,1,30,,3372,18,0,63,1,70,,3379,18,0,63,1,30,,3363,18,0,63,1,70,,3384,18,0,63,1,30,,3374,18,0,63,1,70,,3382,18,0,63,1,30,,3385,18,0,63,1,70,,3378,18,0,63,1,30,,3368,18,0,63,1,70,,3375,18,0,63,1,30,,3367,18,0,63,1
31700,'3',624,,3395,18,0,63,1,30,,3393,18,0,63,1,70,,3397,18,0,63,1,30,,3404,18,0,63,1,70,,3405,18,0,63,1,30,,3394,18,0,63,1,70,,3400,18,0,63,1,30,,3388,18,0,63,1,70,,3390,18,0,63,1,30,,3401,18,0,63,1,70,,3407,18,0,63,1,30,,3410,18,0,63,1,70,,3389,18,0,63,1,30,,3396,18,0,63,1,70,,3403,18,0,63,1,30,,3387,18,0,63,1,70,,3408,18,0,63,1,30,,3398,18,0,63,1,70,,3406,18,0,63,1,30,,3409,18,0,63,1,70,,3402,18,0,63,1,30,,3392,18,0,63,1,70,,3399,18,0,63,1,30,,3391,18,0,63,1
41700,'1',1823,,7642,18,0,67,1,100,,7643,18,0,67,1,100,,7639,18,0,67,1,100,,7640,18,0,67,1,100,,7641,18,0,67,1,100,,7638,18,0,67,1
41700,'10',1823,,7648,18,0,67,1,100,,7649,18,0,67,1,100,,7645,18,0,67,1,100,,7646,18,0,67,1,100,,7647,18,0,67,1,100,,7644,18,0,67,1
41700,'11',1823,,7654,18,0,67,1,100,,7655,18,0,67,1,100,,7651,18,0,67,1,100,,7652,18,0,67,1,100,,7653,18,0,67,1,100,,7650,18,0,67,1
41700,'12',1123,,7656,18,0,67,1,100,,7660,18,0,67,1,100,,7658,18,0,67,1,100,,7662,18,0,67,1,100,,7661,18,0,67,1,100,,7657,18,0,67,1,100,,7659,18,0,67,1
41700,'14',623,,7672,18,0,67,1,30,,7688,18,0,67,1,70,,7665,18,0,67,1,30,,7690,18,0,67,1,70,,7682,18,0,67,1,30,,7680,18,0,67,1,70,,7681,18,0,67,1,30,,7669,18,0,67,1,70,,7684,18,0,67,1,30,,7671,18,0,67,1,70,,7675,18,0,67,1,30,,7676,18,0,67,1,70,,7691,18,0,67,1,30,,7686,18,0,67,1,70,,7664,18,0,67,1,30,,7687,18,0,67,1,70,,7692,18,0,67,1,30,,7663,18,0,67,1,70,,7673,18,0,67,1,30,,7677,18,0,67,1,70,,7666,18,0,67,1,30,,7689,18,0,67,1,70,,7667,18,0,67,1,30,,7683,18,0,67,1,70,,7674,18,0,67,1,100,,7685,18,0,67,1,100,,7668,18,0,67,1,100,,7679,18,0,67,1,100,,7678,18,0,67,1,100,,7670,18,0,67,1
41700,'3',1823,,7697,18,0,67,1,100,,7698,18,0,67,1,100,,7694,18,0,67,1,100,,7695,18,0,67,1,100,,7696,18,0,67,1,100,,7693,18,0,67,1
41700,'7',923,,7707,18,0,67,1,100,,7704,18,0,67,1,30,,7700,18,0,67,1,70,,7699,18,0,67,1,30,,7712,18,0,67,1,70,,7708,18,0,67,1,30,,7703,18,0,67,1,70,,7706,18,0,67,1,30,,7717,18,0,67,1,70,,7714,18,0,67,1,30,,7702,18,0,67,1,70,,7705,18,0,67,1,30,,7710,18,0,67,1,70,,7709,18,0,67,1,30,,7716,18,0,67,1,70,,7701,18,0,67,1,30,,7711,18,0,67,1,70,,7715,18,0,67,1,100,,7713,18,0,67,1
