32100,'15',641,,14121,3,0,53,1,90,,14115,3,0,53,1,100,,14123,3,0,53,1,100,,14125,3,0,53,1,100,,14120,3,0,53,1,100,,14119,3,0,53,1,100,,14116,3,0,53,1,100,,14124,3,0,53,1,100,,14122,3,0,53,1,100,,14114,3,0,53,1,100,,14118,3,0,53,1,100,,14117,3,0,53,1
32100,'16',641,,14130,3,0,53,1,90,,14126,3,0,53,1,100,,1005,3,0,53,1,100,,14133,3,0,53,1,100,,5261,3,0,53,1,100,,14129,3,0,53,1,100,,14127,3,0,53,1,100,,14132,3,0,53,1,100,,14128,3,0,53,1,100,,14131,3,0,53,1,100,,14135,3,0,53,1,100,,14134,3,0,53,1
32100,'17',641,,14140,3,0,53,1,90,,14136,3,0,53,1,100,,1029,3,0,53,1,100,,14143,3,0,53,1,100,,5311,3,0,53,1,100,,14139,3,0,53,1,100,,14137,3,0,53,1,100,,14142,3,0,53,1,100,,14138,3,0,53,1,100,,14141,3,0,53,1,100,,14145,3,0,53,1,100,,14144,3,0,53,1
32100,'19',641,,14152,3,0,53,1,90,,14146,3,0,53,1,100,,14153,3,0,53,1,100,,14156,3,0,53,1,100,,14151,3,0,53,1,100,,14150,3,0,53,1,100,,14147,3,0,53,1,100,,14155,3,0,53,1,100,,14149,3,0,53,1,100,,14148,3,0,53,1,100,,14157,3,0,53,1,100,,14154,3,0,53,1
32100,'5',641,,14163,3,0,53,1,90,,14158,3,0,53,1,100,,1053,3,0,53,1,100,,14165,3,0,53,1,100,,5441,3,0,53,1,100,,14162,3,0,53,1,100,,14159,3,0,53,1,100,,14164,3,0,53,1,100,,14161,3,0,53,1,100,,14160,3,0,53,1,100,,14166,3,0,53,1,100,,8794,3,0,53,1
32100,'6',641,,14174,3,0,53,1,90,,14168,3,0,53,1,100,,14176,3,0,53,1,100,,14178,3,0,53,1,100,,14173,3,0,53,1,100,,14172,3,0,53,1,100,,14169,3,0,53,1,100,,14177,3,0,53,1,100,,14175,3,0,53,1,100,,14167,3,0,53,1,100,,14171,3,0,53,1,100,,14170,3,0,53,1
42100,'1',1031,,1932,3,0,53,1,100,,20074,3,0,53,1,100,,20072,3,0,53,1,100,,20070,3,0,53,1,100,,20073,3,0,53,1,100,,20071,3,0,53,1,100,,20069,3,0,53,1
42100,'10',641,,20091,3,0,53,1,90,,20087,3,0,53,1,100,,20076,3,0,53,1,100,,20088,3,0,53,1,100,,20082,3,0,53,1,100,,20078,3,0,53,1,100,,20081,3,0,53,1,100,,20090,3,0,53,1,100,,20086,3,0,53,1,100,,20077,3,0,53,1,100,,20084,3,0,53,1,100,,20080,3,0,53,1,100,,20085,3,0,53,1,100,,20075,3,0,53,1,100,,20079,3,0,53,1,100,,20083,3,0,53,1,100,,20089,3,0,53,1
42100,'12',831,,20094,3,0,53,1,100,,20095,3,0,53,1,100,,20097,3,0,53,1,100,,20100,3,0,53,1,100,,20093,3,0,53,1,100,,20099,3,0,53,1,100,,20101,3,0,53,1,100,,20098,3,0,53,1,100,,20102,3,0,53,1,100,,20092,3,0,53,1,100,,20096,3,0,53,1,100,,20103,3,0,53,1
42100,'15',1831,,20105,3,0,53,1,100,,20107,3,0,53,1,100,,20104,3,0,53,1,100,,20106,3,0,53,1,100,,20108,3,0,53,1
42100,'16',1831,,20110,3,0,53,1,100,,20112,3,0,53,1,100,,20109,3,0,53,1,100,,20111,3,0,53,1,100,,20113,3,0,53,1
42100,'17',1831,,20115,3,0,53,1,100,,20117,3,0,53,1,100,,20114,3,0,53,1,100,,20116,3,0,53,1,100,,20118,3,0,53,1
42100,'19',1831,,20120,3,0,53,1,100,,20122,3,0,53,1,100,,20119,3,0,53,1,100,,20121,3,0,53,1,100,,20123,3,0,53,1
42100,'21',641,,20138,3,0,53,1,90,,20134,3,0,53,1,100,,20125,3,0,53,1,100,,20135,3,0,53,1,100,,20130,3,0,53,1,100,,20127,3,0,53,1,100,,20129,3,0,53,1,100,,20137,3,0,53,1,100,,20133,3,0,53,1,100,,20126,3,0,53,1,100,,20131,3,0,53,1,100,,6805,3,0,53,1,100,,20132,3,0,53,1,100,,20124,3,0,53,1,100,,20128,3,0,53,1,100,,8225,3,0,53,1,100,,20136,3,0,53,1
42100,'5',1831,,20140,3,0,53,1,100,,20142,3,0,53,1,100,,20139,3,0,53,1,100,,20141,3,0,53,1,100,,20143,3,0,53,1
42100,'6',1831,,20145,3,0,53,1,100,,20147,3,0,53,1,100,,20144,3,0,53,1,100,,20146,3,0,53,1,100,,20148,3,0,53,1
