30701,'15',649,,10789,4,,,1,70,,10801,4,,,1,30,,10791,4,,,1,70,,10804,4,,,1,30,,10810,4,,,1,70,,10798,4,,,1,30,,10808,4,,,1,71,,10797,4,,,1,30,,10803,4,,,1,70,,10809,4,,,1,30,,10790,4,,,1,70,,10805,4,,,1,30,,10799,4,,,1,70,,10793,4,,,1,30,,10792,4,,,1,70,,10806,4,,,1,30,,10800,4,,,1,70,,10796,4,,,1,30,,10795,4,,,1,70,,10787,4,,,1,30,,10807,4,,,1,70,,10788,4,,,1,30,,10794,4,,,1
30701,'16',649,,10813,4,,,1,70,,10825,4,,,1,30,,10815,4,,,1,70,,10828,4,,,1,30,,10833,4,,,1,70,,10822,4,,,1,30,,10831,4,,,1,71,,10821,4,,,1,30,,10827,4,,,1,70,,10832,4,,,1,30,,10814,4,,,1,70,,10829,4,,,1,30,,10823,4,,,1,70,,10817,4,,,1,30,,10816,4,,,1,70,,1204,4,,,1,30,,10824,4,,,1,70,,10820,4,,,1,30,,10819,4,,,1,70,,10811,4,,,1,30,,10830,4,,,1,70,,10812,4,,,1,30,,10818,4,,,1
30701,'17',649,,10836,4,,,1,70,,10848,4,,,1,30,,10838,4,,,1,70,,10851,4,,,1,30,,10856,4,,,1,70,,10845,4,,,1,30,,10854,4,,,1,71,,10844,4,,,1,30,,10850,4,,,1,70,,10855,4,,,1,30,,10837,4,,,1,70,,10852,4,,,1,30,,10846,4,,,1,70,,10840,4,,,1,30,,10839,4,,,1,70,,1228,4,,,1,30,,10847,4,,,1,70,,10843,4,,,1,30,,10842,4,,,1,70,,10834,4,,,1,30,,10853,4,,,1,70,,10835,4,,,1,30,,10841,4,,,1
30701,'19',649,,10859,4,,,1,70,,5342,4,,,1,30,,10861,4,,,1,70,,10872,4,,,1,30,,10878,4,,,1,70,,10867,4,,,1,30,,10876,4,,,1,71,,10866,4,,,1,30,,10871,4,,,1,70,,10877,4,,,1,30,,10860,4,,,1,70,,10873,4,,,1,30,,10868,4,,,1,70,,10863,4,,,1,30,,10862,4,,,1,70,,10874,4,,,1,30,,10869,4,,,1,70,,8074,4,,,1,30,,10865,4,,,1,70,,10857,4,,,1,30,,10875,4,,,1,70,,10858,4,,,1,30,,10864,4,,,1
30701,'5',649,,10881,4,,,1,70,,10892,4,,,1,30,,10883,4,,,1,70,,10895,4,,,1,30,,10900,4,,,1,70,,10889,4,,,1,30,,10898,4,,,1,71,,10888,4,,,1,30,,10894,4,,,1,70,,10899,4,,,1,30,,10882,4,,,1,70,,10896,4,,,1,30,,10890,4,,,1,70,,10885,4,,,1,30,,10884,4,,,1,70,,1252,4,,,1,30,,10891,4,,,1,70,,10887,4,,,1,30,,3284,4,,,1,70,,10879,4,,,1,30,,10897,4,,,1,70,,10880,4,,,1,30,,10886,4,,,1
30701,'6',649,,10903,4,,,1,70,,10915,4,,,1,30,,10905,4,,,1,70,,10918,4,,,1,30,,10924,4,,,1,70,,10912,4,,,1,30,,10922,4,,,1,71,,10911,4,,,1,30,,10917,4,,,1,70,,10923,4,,,1,30,,10904,4,,,1,70,,10919,4,,,1,30,,10913,4,,,1,70,,10907,4,,,1,30,,10906,4,,,1,70,,10920,4,,,1,30,,10914,4,,,1,70,,10910,4,,,1,30,,10909,4,,,1,70,,10901,4,,,1,30,,10921,4,,,1,70,,10902,4,,,1,30,,10908,4,,,1
40800,'1',1106,,17900,49,0,64 38,1,100,,17894,49,0,64 38,1,100,,17898,49,0,64 38,1,100,,17895,49,0,64 38,1,100,,17897,49,0,64 38,1,100,,17896,49,0,64 38,1,100,,17899,49,0,64 38,1,100,,1842,49,0,64 38,1
40800,'10',634,,17919,49,0,64 38,1,70,,17902,49,0,64 38,1,30,,17929,49,0,64 38,1,70,,17913,49,0,64 38,1,30,,17911,49,0,64 38,1,70,,17905,49,0,64 38,1,30,,17927,49,0,64 38,1,70,,17903,49,0,64 38,1,32,,17914,49,0,64 38,1,70,,17910,49,0,64 38,1,30,,17923,49,0,64 38,1,70,,17912,49,0,64 38,1,30,,17920,49,0,64 38,1,70,,17930,49,0,64 38,1,30,,17908,49,0,64 38,1,70,,17921,49,0,64 38,1,30,,17925,49,0,64 38,1,70,,17907,49,0,64 38,1,30,,17906,49,0,64 38,1,70,,17918,49,0,64 38,1,30,,17909,49,0,64 38,1,70,,17922,49,0,64 38,1,30,,17915,49,0,64 38,1,70,,17901,49,0,64 38,1,100,,17904,49,0,64 38,1,100,,17917,49,0,64 38,1,100,,17926,49,0,64 38,1,100,,17916,49,0,64 38,1,100,,17924,49,0,64 38,1,100,,17928,49,0,64 38,1
40800,'12',904,,17947,49,0,64 38,1,100,,17932,49,0,64 38,1,32,,17934,49,0,64 38,1,70,,17933,49,0,64 38,1,30,,17942,49,0,64 38,1,70,,7014,49,0,64 38,1,30,,17937,49,0,64 38,1,70,,17941,49,0,64 38,1,30,,17943,49,0,64 38,1,70,,17936,49,0,64 38,1,30,,17938,49,0,64 38,1,70,,17939,49,0,64 38,1,30,,17945,49,0,64 38,1,70,,8043,49,0,64 38,1,30,,17940,49,0,64 38,1,70,,17935,49,0,64 38,1,30,,17946,49,0,64 38,1,70,,17944,49,0,64 38,1,100,,17931,49,0,64 38,1,100,,17948,49,0,64 38,1
40800,'15',1806,,17952,49,0,64 38,1,100,,17950,49,0,64 38,1,100,,17949,49,0,64 38,1,100,,17951,49,0,64 38,1,100,,17955,49,0,64 38,1,100,,17953,49,0,64 38,1,100,,17954,49,0,64 38,1
40800,'16',1806,,5254,49,0,64 38,1,100,,17957,49,0,64 38,1,100,,17956,49,0,64 38,1,100,,17958,49,0,64 38,1,100,,17961,49,0,64 38,1,100,,17959,49,0,64 38,1,100,,17960,49,0,64 38,1
40800,'17',1806,,5304,49,0,64 38,1,100,,17963,49,0,64 38,1,100,,17962,49,0,64 38,1,100,,17964,49,0,64 38,1,100,,17967,49,0,64 38,1,100,,17965,49,0,64 38,1,100,,17966,49,0,64 38,1
40800,'19',1806,,17971,49,0,64 38,1,100,,17969,49,0,64 38,1,100,,17968,49,0,64 38,1,100,,17970,49,0,64 38,1,100,,17974,49,0,64 38,1,100,,17972,49,0,64 38,1,100,,17973,49,0,64 38,1
40800,'21',634,,17989,49,0,64 38,1,70,,17976,49,0,64 38,1,30,,6827,49,0,64 38,1,70,,17985,49,0,64 38,1,30,,17983,49,0,64 38,1,70,,7340,49,0,64 38,1,30,,17997,49,0,64 38,1,70,,17977,49,0,64 38,1,32,,17986,49,0,64 38,1,70,,17982,49,0,64 38,1,30,,17993,49,0,64 38,1,70,,17984,49,0,64 38,1,30,,17990,49,0,64 38,1,70,,17999,49,0,64 38,1,30,,17980,49,0,64 38,1,70,,17991,49,0,64 38,1,30,,17995,49,0,64 38,1,70,,8497,49,0,64 38,1,30,,17979,49,0,64 38,1,70,,8003,49,0,64 38,1,30,,17981,49,0,64 38,1,70,,17992,49,0,64 38,1,30,,17987,49,0,64 38,1,70,,17975,49,0,64 38,1,100,,17978,49,0,64 38,1,100,,8589,49,0,64 38,1,100,,17996,49,0,64 38,1,100,,17988,49,0,64 38,1,100,,17994,49,0,64 38,1,100,,17998,49,0,64 38,1
40800,'5',1806,,5434,49,0,64 38,1,100,,18001,49,0,64 38,1,100,,18000,49,0,64 38,1,100,,18002,49,0,64 38,1,100,,18005,49,0,64 38,1,100,,18003,49,0,64 38,1,100,,18004,49,0,64 38,1
40800,'6',1806,,18009,49,0,64 38,1,100,,18007,49,0,64 38,1,100,,18006,49,0,64 38,1,100,,18008,49,0,64 38,1,100,,18012,49,0,64 38,1,100,,18010,49,0,64 38,1,100,,18011,49,0,64 38,1
