32101,'15',715,,14183,13,0,56,1,100,,14182,13,0,56,1,100,,14189,13,0,56,1,100,,14184,13,0,56,1,100,,14187,13,0,56,1,100,,14179,13,0,56,1,100,,14188,13,0,56,1,102,,14185,13,0,56,1,100,,14190,13,0,56,1,100,,14186,13,0,56,1,100,,14180,13,0,56,1,100,,14181,13,0,56,1
32101,'16',715,,14194,13,0,56,1,100,,14193,13,0,56,1,100,,14198,13,0,56,1,100,,427,13,0,56,1,100,,14196,13,0,56,1,100,,14191,13,0,56,1,100,,5271,13,0,56,1,102,,14197,13,0,56,1,100,,14195,13,0,56,1,100,,14192,13,0,56,1,100,,3553,13,0,56,1,100,,617,13,0,56,1
32101,'17',715,,14202,13,0,56,1,100,,14201,13,0,56,1,100,,14206,13,0,56,1,100,,450,13,0,56,1,100,,14204,13,0,56,1,100,,14199,13,0,56,1,100,,5321,13,0,56,1,102,,14205,13,0,56,1,100,,14203,13,0,56,1,100,,14200,13,0,56,1,100,,3578,13,0,56,1,100,,641,13,0,56,1
32101,'19',715,,14211,13,0,56,1,100,,14210,13,0,56,1,100,,14217,13,0,56,1,100,,14212,13,0,56,1,100,,14215,13,0,56,1,100,,14208,13,0,56,1,100,,14216,13,0,56,1,102,,14214,13,0,56,1,100,,14209,13,0,56,1,100,,14207,13,0,56,1,100,,14213,13,0,56,1,100,,14218,13,0,56,1
32101,'5',715,,14223,13,0,56,1,100,,14222,13,0,56,1,100,,14226,13,0,56,1,100,,473,13,0,56,1,100,,14225,13,0,56,1,100,,14220,13,0,56,1,100,,5451,13,0,56,1,102,,14224,13,0,56,1,100,,14221,13,0,56,1,100,,14219,13,0,56,1,100,,954,13,0,56,1,100,,14227,13,0,56,1
32101,'6',715,,14232,13,0,56,1,100,,14231,13,0,56,1,100,,14238,13,0,56,1,100,,14233,13,0,56,1,100,,14236,13,0,56,1,100,,14228,13,0,56,1,100,,14237,13,0,56,1,102,,14234,13,0,56,1,100,,14239,13,0,56,1,100,,14235,13,0,56,1,100,,14229,13,0,56,1,100,,14230,13,0,56,1
42101,'1',1115,,20150,13,0,56,1,100,,778,13,0,56,1,100,,20154,13,0,56,1,101,,20153,13,0,56,1,100,,20152,13,0,56,1,100,,20149,13,0,56,1,100,,20151,13,0,56,1
42101,'10',715,,20170,13,0,56,1,100,,20160,13,0,56,1,100,,20155,13,0,56,1,100,,20169,13,0,56,1,100,,20159,13,0,56,1,100,,20167,13,0,56,1,100,,20164,13,0,56,1,101,,20156,13,0,56,1,100,,20162,13,0,56,1,100,,20171,13,0,56,1,100,,20158,13,0,56,1,100,,20163,13,0,56,1,100,,20166,13,0,56,1,100,,20161,13,0,56,1,100,,20168,13,0,56,1,100,,20157,13,0,56,1,100,,20165,13,0,56,1
42101,'12',915,,5966,13,0,56,1,100,,20180,13,0,56,1,100,,20179,13,0,56,1,100,,20172,13,0,56,1,100,,20182,13,0,56,1,101,,20181,13,0,56,1,100,,20177,13,0,56,1,100,,20175,13,0,56,1,100,,20174,13,0,56,1,100,,20173,13,0,56,1,100,,20178,13,0,56,1,100,,20176,13,0,56,1
42101,'15',1916,,20187,13,0,56,1,100,,20183,13,0,56,1,100,,20186,13,0,56,1,100,,20185,13,0,56,1,100,,20184,13,0,56,1
42101,'16',1916,,20192,13,0,56,1,100,,20188,13,0,56,1,100,,20191,13,0,56,1,100,,20190,13,0,56,1,100,,20189,13,0,56,1
42101,'17',1916,,20197,13,0,56,1,100,,20193,13,0,56,1,100,,20196,13,0,56,1,100,,20195,13,0,56,1,100,,20194,13,0,56,1
42101,'19',1916,,20202,13,0,56,1,100,,20198,13,0,56,1,100,,20201,13,0,56,1,100,,20200,13,0,56,1,100,,20199,13,0,56,1
42101,'21',715,,20216,13,0,56,1,100,,20208,13,0,56,1,100,,20203,13,0,56,1,100,,20215,13,0,56,1,100,,20207,13,0,56,1,100,,20214,13,0,56,1,100,,20211,13,0,56,1,101,,20204,13,0,56,1,100,,7756,13,0,56,1,100,,20217,13,0,56,1,100,,20206,13,0,56,1,100,,20210,13,0,56,1,100,,20213,13,0,56,1,100,,20209,13,0,56,1,100,,5684,13,0,56,1,100,,20205,13,0,56,1,100,,20212,13,0,56,1
42101,'5',1916,,20222,13,0,56,1,100,,20218,13,0,56,1,100,,20221,13,0,56,1,100,,20220,13,0,56,1,100,,20219,13,0,56,1
42101,'6',1916,,20227,13,0,56,1,100,,20223,13,0,56,1,100,,20226,13,0,56,1,100,,20225,13,0,56,1,100,,20224,13,0,56,1
