30900,'15',624,,11181,17,0,23,1,30,,11199,17,0,23,1,71,,11201,17,0,23,1,30,,11185,17,0,23,1,70,,11188,17,0,23,1,30,,11179,17,0,23,1,70,,11194,17,0,23,1,30,,11182,17,0,23,1,71,,11187,17,0,23,1,30,,11190,17,0,23,1,70,,11186,17,0,23,1,30,,11195,17,0,23,1,70,,11183,17,0,23,1,30,,11197,17,0,23,1,70,,11191,17,0,23,1,30,,11198,17,0,23,1,73,,11180,17,0,23,1,30,,11196,17,0,23,1,70,,11200,17,0,23,1,30,,11193,17,0,23,1,70,,11189,17,0,23,1,30,,11192,17,0,23,1,70,,11184,17,0,23,1
30900,'16',624,,11204,17,0,23,1,30,,11220,17,0,23,1,71,,11222,17,0,23,1,30,,11208,17,0,23,1,70,,7321,17,0,23,1,30,,11202,17,0,23,1,70,,11215,17,0,23,1,30,,11205,17,0,23,1,71,,5250,17,0,23,1,30,,11211,17,0,23,1,70,,11209,17,0,23,1,30,,11216,17,0,23,1,70,,11206,17,0,23,1,30,,11218,17,0,23,1,70,,11212,17,0,23,1,30,,11219,17,0,23,1,73,,11203,17,0,23,1,30,,11217,17,0,23,1,70,,11221,17,0,23,1,30,,11214,17,0,23,1,70,,11210,17,0,23,1,30,,11213,17,0,23,1,70,,11207,17,0,23,1
30900,'17',624,,11224,17,0,23,1,30,,11240,17,0,23,1,71,,11242,17,0,23,1,30,,11228,17,0,23,1,70,,7329,17,0,23,1,30,,11223,17,0,23,1,70,,11235,17,0,23,1,30,,11225,17,0,23,1,71,,5300,17,0,23,1,30,,11231,17,0,23,1,70,,11229,17,0,23,1,30,,11236,17,0,23,1,70,,11226,17,0,23,1,30,,11238,17,0,23,1,70,,11232,17,0,23,1,30,,11239,17,0,23,1,73,,3190,17,0,23,1,30,,11237,17,0,23,1,70,,11241,17,0,23,1,30,,11234,17,0,23,1,70,,11230,17,0,23,1,30,,11233,17,0,23,1,70,,11227,17,0,23,1
30900,'19',624,,5331,17,0,23,1,30,,11262,17,0,23,1,71,,11264,17,0,23,1,30,,11248,17,0,23,1,70,,11251,17,0,23,1,30,,11243,17,0,23,1,70,,11257,17,0,23,1,30,,11245,17,0,23,1,71,,11250,17,0,23,1,30,,11253,17,0,23,1,70,,11249,17,0,23,1,30,,11258,17,0,23,1,70,,11246,17,0,23,1,30,,11260,17,0,23,1,70,,11254,17,0,23,1,30,,11261,17,0,23,1,73,,11244,17,0,23,1,30,,11259,17,0,23,1,70,,11263,17,0,23,1,30,,11256,17,0,23,1,70,,11252,17,0,23,1,30,,11255,17,0,23,1,70,,11247,17,0,23,1
30900,'5',624,,11267,17,0,23,1,30,,11282,17,0,23,1,71,,11284,17,0,23,1,30,,11271,17,0,23,1,70,,7372,17,0,23,1,30,,11265,17,0,23,1,70,,11277,17,0,23,1,30,,11268,17,0,23,1,71,,5430,17,0,23,1,30,,11274,17,0,23,1,70,,11272,17,0,23,1,30,,11278,17,0,23,1,70,,11269,17,0,23,1,30,,11280,17,0,23,1,70,,11275,17,0,23,1,30,,11281,17,0,23,1,73,,11266,17,0,23,1,30,,11279,17,0,23,1,70,,11283,17,0,23,1,30,,11276,17,0,23,1,70,,11273,17,0,23,1,30,,5021,17,0,23,1,70,,11270,17,0,23,1
30900,'6',624,,11287,17,0,23,1,30,,11305,17,0,23,1,71,,11307,17,0,23,1,30,,11291,17,0,23,1,70,,11294,17,0,23,1,30,,11285,17,0,23,1,70,,11300,17,0,23,1,30,,11288,17,0,23,1,71,,11293,17,0,23,1,30,,11296,17,0,23,1,70,,11292,17,0,23,1,30,,11301,17,0,23,1,70,,11289,17,0,23,1,30,,11303,17,0,23,1,70,,11297,17,0,23,1,30,,11304,17,0,23,1,73,,11286,17,0,23,1,30,,11302,17,0,23,1,70,,11306,17,0,23,1,30,,11299,17,0,23,1,70,,11295,17,0,23,1,30,,11298,17,0,23,1,70,,11290,17,0,23,1
40900,'1',1059,,18129,17,0,23,1,100,,18131,17,0,23,1,100,,18132,17,0,23,1,100,,18128,17,0,23,1,100,,18135,17,0,23,1,100,,18130,17,0,23,1,100,,18133,17,0,23,1,100,,18134,17,0,23,1
40900,'10',658,,18162,17,0,23,1,70,,18151,17,0,23,1,30,,18154,17,0,23,1,70,,18144,17,0,23,1,30,,18141,17,0,23,1,70,,18146,17,0,23,1,30,,18163,17,0,23,1,71,,18155,17,0,23,1,30,,18149,17,0,23,1,70,,18153,17,0,23,1,30,,18143,17,0,23,1,70,,18160,17,0,23,1,30,,18150,17,0,23,1,70,,18164,17,0,23,1,30,,18147,17,0,23,1,70,,18138,17,0,23,1,30,,18139,17,0,23,1,70,,18148,17,0,23,1,30,,18157,17,0,23,1,70,,18136,17,0,23,1,30,,18161,17,0,23,1,70,,18152,17,0,23,1,30,,18156,17,0,23,1,100,,18145,17,0,23,1,99,,18158,17,0,23,1,100,,18159,17,0,23,1,100,,18142,17,0,23,1,100,,18140,17,0,23,1,100,,18137,17,0,23,1
40900,'12',858,,18172,17,0,23,1,100,,18183,17,0,23,1,71,,18171,17,0,23,1,30,,18175,17,0,23,1,70,,18180,17,0,23,1,30,,18166,17,0,23,1,70,,8796,17,0,23,1,30,,18168,17,0,23,1,70,,18177,17,0,23,1,30,,18176,17,0,23,1,70,,18181,17,0,23,1,30,,18165,17,0,23,1,70,,18178,17,0,23,1,30,,18179,17,0,23,1,70,,18167,17,0,23,1,30,,18173,17,0,23,1,70,,18169,17,0,23,1,30,,18170,17,0,23,1,100,,18174,17,0,23,1,99,,18182,17,0,23,1
40900,'15',1759,,18190,17,0,23,1,100,,18189,17,0,23,1,99,,18184,17,0,23,1,100,,18186,17,0,23,1,100,,18185,17,0,23,1,100,,18188,17,0,23,1,100,,18187,17,0,23,1
40900,'16',1759,,18195,17,0,23,1,100,,18194,17,0,23,1,99,,18191,17,0,23,1,100,,18192,17,0,23,1,100,,1183,17,0,23,1,100,,18193,17,0,23,1,100,,419,17,0,23,1
40900,'17',1759,,18200,17,0,23,1,100,,18199,17,0,23,1,99,,18196,17,0,23,1,100,,18197,17,0,23,1,100,,1207,17,0,23,1,100,,18198,17,0,23,1,100,,442,17,0,23,1
40900,'19',1759,,18207,17,0,23,1,100,,18206,17,0,23,1,99,,18201,17,0,23,1,100,,18203,17,0,23,1,100,,18202,17,0,23,1,100,,18205,17,0,23,1,100,,18204,17,0,23,1
40900,'21',658,,18231,17,0,23,1,70,,7226,17,0,23,1,30,,18223,17,0,23,1,70,,18214,17,0,23,1,30,,18212,17,0,23,1,70,,18216,17,0,23,1,30,,18232,17,0,23,1,71,,18224,17,0,23,1,30,,18219,17,0,23,1,70,,18222,17,0,23,1,30,,7753,17,0,23,1,70,,18229,17,0,23,1,30,,18220,17,0,23,1,70,,18233,17,0,23,1,30,,18217,17,0,23,1,70,,18210,17,0,23,1,30,,18211,17,0,23,1,70,,18218,17,0,23,1,30,,18226,17,0,23,1,70,,18208,17,0,23,1,30,,18230,17,0,23,1,70,,18221,17,0,23,1,30,,18225,17,0,23,1,100,,18215,17,0,23,1,99,,18227,17,0,23,1,100,,18228,17,0,23,1,100,,18213,17,0,23,1,100,,7907,17,0,23,1,100,,18209,17,0,23,1
40900,'5',1759,,18238,17,0,23,1,100,,18237,17,0,23,1,99,,18234,17,0,23,1,100,,18235,17,0,23,1,100,,1231,17,0,23,1,100,,18236,17,0,23,1,100,,465,17,0,23,1
40900,'6',1759,,18245,17,0,23,1,100,,18244,17,0,23,1,99,,18239,17,0,23,1,100,,18241,17,0,23,1,100,,18240,17,0,23,1,100,,18243,17,0,23,1,100,,18242,17,0,23,1
