31601,'11',714,,28707,7,,,1,15,,28687,7,,,1,15,,28686,7,,,1,15,,28679,7,,,1,55,,28703,7,,,1,15,,28714,7,,,1,15,,28712,7,,,1,15,,28696,7,,,1,55,,28695,7,,,1,15,,28709,7,,,1,15,,28705,7,,,1,15,,28708,7,,,1,55,,28672,7,,,1,15,,28702,7,,,1,15,,28692,7,,,1,15,,28711,7,,,1,55,,28699,7,,,1,15,,28671,7,,,1,15,,28676,7,,,1,15,,28678,7,,,1,55,,28673,7,,,1,15,,28697,7,,,1,15,,28710,7,,,1,15,,28698,7,,,1,55,,22598,7,,,1,15,,28682,7,,,1,15,,28688,7,,,1,15,,28683,7,,,1,55,,28704,7,,,1,15,,28690,7,,,1,15,,28684,7,,,1,15,,28701,7,,,1,55,,28689,7,,,1,15,,22794,7,,,1,15,,28674,7,,,1,15,,28691,7,,,1,55,,28700,7,,,1,15,,28693,7,,,1,15,,28685,7,,,1,15,,28694,7,,,1,55,,28680,7,,,1,15,,28681,7,,,1,15,,23141,7,,,1,15,,28675,7,,,1,55,,28677,7,,,1,15,,28706,7,,,1,15,,28713,7,,,1
31601,'3',714,,28751,7,,,1,15,,28731,7,,,1,15,,28730,7,,,1,15,,28723,7,,,1,55,,28747,7,,,1,15,,28758,7,,,1,15,,28756,7,,,1,15,,28740,7,,,1,55,,28739,7,,,1,15,,28753,7,,,1,15,,28749,7,,,1,15,,28752,7,,,1,55,,28716,7,,,1,15,,28746,7,,,1,15,,28736,7,,,1,15,,28755,7,,,1,55,,28743,7,,,1,15,,28715,7,,,1,15,,28720,7,,,1,15,,28722,7,,,1,55,,28717,7,,,1,15,,28741,7,,,1,15,,28754,7,,,1,15,,28742,7,,,1,55,,22614,7,,,1,15,,28726,7,,,1,15,,28732,7,,,1,15,,28727,7,,,1,55,,28748,7,,,1,15,,28734,7,,,1,15,,28728,7,,,1,15,,28745,7,,,1,55,,28733,7,,,1,15,,22816,7,,,1,15,,28718,7,,,1,15,,28735,7,,,1,55,,28744,7,,,1,15,,28737,7,,,1,15,,28729,7,,,1,15,,28738,7,,,1,55,,28724,7,,,1,15,,28725,7,,,1,15,,23154,7,,,1,15,,28719,7,,,1,55,,28721,7,,,1,15,,28750,7,,,1,15,,28757,7,,,1
33601,'11',714,,29359,7,0,57 18,1,30,,29368,7,0,57 18,1,70,,29358,7,0,57 18,1,30,,29375,7,0,57 18,1,70,,29376,7,0,57 18,1,30,,29356,7,0,57 18,1,70,,29374,7,0,57 18,1,30,,29369,7,0,57 18,1,70,,29370,7,0,57 18,1,30,,29362,7,0,57 18,1,70,,29371,7,0,57 18,1,30,,29372,7,0,57 18,1,70,,29360,7,0,57 18,1,30,,29363,7,0,57 18,1,70,,29364,7,0,57 18,1,30,,29357,7,0,57 18,1,70,,29366,7,0,57 18,1,30,,29361,7,0,57 18,1,70,,24400,7,0,57 18,1,30,,29365,7,0,57 18,1,70,,29373,7,0,57 18,1,30,,29367,7,0,57 18,1,70,,29355,7,0,57 18,1
33601,'3',714,,29381,7,0,57 18,1,30,,29390,7,0,57 18,1,70,,29380,7,0,57 18,1,30,,29397,7,0,57 18,1,70,,29398,7,0,57 18,1,30,,29378,7,0,57 18,1,70,,29396,7,0,57 18,1,30,,29391,7,0,57 18,1,70,,29392,7,0,57 18,1,30,,29384,7,0,57 18,1,70,,29393,7,0,57 18,1,30,,29394,7,0,57 18,1,70,,29382,7,0,57 18,1,30,,29385,7,0,57 18,1,70,,29386,7,0,57 18,1,30,,29379,7,0,57 18,1,70,,29388,7,0,57 18,1,30,,29383,7,0,57 18,1,70,,24422,7,0,57 18,1,30,,29387,7,0,57 18,1,70,,29395,7,0,57 18,1,30,,29389,7,0,57 18,1,70,,29377,7,0,57 18,1
41601,'1',734,,31783,7,,,1,70,,31807,7,,,1,30,,31785,7,,,1,70,,31798,7,,,1,25,,31799,7,,,1,30,,31788,7,,,1,70,,22955,7,,,1,30,,31805,7,,,1,70,,31797,7,,,1,30,,31789,7,,,1,70,,31792,7,,,1,30,,31803,7,,,1,70,,31795,7,,,1,30,,24008,7,,,1,70,,31784,7,,,1,30,,31808,7,,,1,70,,31814,7,,,1,30,,22208,7,,,1,70,,31801,7,,,1,30,,31812,7,,,1,70,,31786,7,,,1,30,,31810,7,,,1,75,,31804,7,,,1,70,,31796,7,,,1,30,,31793,7,,,1,70,,24686,7,,,1,30,,31791,7,,,1,70,,31794,7,,,1,30,,31790,7,,,1,67,,23235,7,,,1,3,,31800,7,,,1,27,,31802,7,,,1,3,,31813,7,,,1,67,,31787,7,,,1,3,,31806,7,,,1,27,,31811,7,,,1,3,,31809,7,,,1
41601,'11',1904,,31815,7,,,1,30,,31824,7,,,1,70,,31820,7,,,1,30,,31818,7,,,1,70,,31816,7,,,1,30,,31821,7,,,1,70,,31823,7,,,1,30,,31817,7,,,1,70,,31822,7,,,1,30,,31819,7,,,1
41601,'12',1104,,31826,7,,,1,30,,31835,7,,,1,70,,31834,7,,,1,30,,31831,7,,,1,70,,31833,7,,,1,30,,31832,7,,,1,70,,31828,7,,,1,30,,31827,7,,,1,70,,31830,7,,,1,30,,31836,7,,,1,70,,31837,7,,,1,30,,24535,7,,,1,70,,31838,7,,,1,30,,31825,7,,,1,70,,31829,7,,,1
41601,'14',734,,31839,7,,,1,70,,31866,7,,,1,30,,31841,7,,,1,70,,31857,7,,,1,25,,16948,7,,,1,30,,31846,7,,,1,70,,31842,7,,,1,30,,31864,7,,,1,70,,31854,7,,,1,30,,31847,7,,,1,70,,31850,7,,,1,30,,31862,7,,,1,70,,31852,7,,,1,30,,31845,7,,,1,70,,31840,7,,,1,30,,31867,7,,,1,70,,31873,7,,,1,30,,31860,7,,,1,70,,31859,7,,,1,30,,31871,7,,,1,70,,31843,7,,,1,30,,31869,7,,,1,75,,31863,7,,,1,70,,31853,7,,,1,30,,26451,7,,,1,70,,31855,7,,,1,30,,31849,7,,,1,70,,31851,7,,,1,30,,31848,7,,,1,67,,31856,7,,,1,3,,31858,7,,,1,27,,31861,7,,,1,3,,31872,7,,,1,67,,31844,7,,,1,3,,31865,7,,,1,27,,31870,7,,,1,3,,31868,7,,,1
41601,'3',1904,,31874,7,,,1,30,,31883,7,,,1,70,,31879,7,,,1,30,,31877,7,,,1,70,,31875,7,,,1,30,,31880,7,,,1,70,,31882,7,,,1,30,,31876,7,,,1,70,,31881,7,,,1,30,,31878,7,,,1
41601,'8',859,,31886,7,,,1,70,,31888,7,,,1,30,,31898,7,,,1,70,,31899,7,,,1,30,,26496,7,,,1,70,,31890,7,,,1,30,,25712,7,,,1,70,,31902,7,,,1,30,,31897,7,,,1,70,,31891,7,,,1,30,,31900,7,,,1,70,,31896,7,,,1,30,,31887,7,,,1,70,,31903,7,,,1,30,,31905,7,,,1,70,,31885,7,,,1,30,,31895,7,,,1,70,,31904,7,,,1,30,,31901,7,,,1,70,,31884,7,,,1,30,,31893,7,,,1,70,,31894,7,,,1,30,,31892,7,,,1,70,,31889,7,,,1
