31500,'12',646,,35245,35,,,1,70,,35250,35,,,1,30,,35249,35,,,1,70,,35263,35,,,1,30,,35266,35,,,1,70,,35246,35,,,1,30,,35261,35,,,1,70,,35254,35,,,1,30,,35253,35,,,1,70,,35248,35,,,1,30,,35267,35,,,1,70,,35264,35,,,1,30,,35258,35,,,1,70,,35247,35,,,1,30,,35256,35,,,1,72,,35255,35,,,1,30,,35262,35,,,1,70,,35259,35,,,1,30,,35265,35,,,1,70,,35252,35,,,1,30,,35251,35,,,1,70,,35257,35,,,1,30,,35260,35,,,1,70,,35268,35,,,1
31500,'13',646,,35269,35,,,1,70,,35274,35,,,1,30,,35273,35,,,1,70,,35286,35,,,1,30,,35289,35,,,1,70,,35270,35,,,1,30,,35285,35,,,1,70,,35278,35,,,1,30,,35277,35,,,1,70,,35272,35,,,1,30,,29184,35,,,1,70,,35287,35,,,1,30,,35282,35,,,1,70,,35271,35,,,1,30,,35280,35,,,1,72,,35279,35,,,1,30,,28817,35,,,1,70,,35283,35,,,1,30,,35288,35,,,1,70,,35276,35,,,1,30,,35275,35,,,1,70,,35281,35,,,1,30,,35284,35,,,1,70,,35290,35,,,1
31500,'3',646,,35291,35,,,1,70,,35296,35,,,1,30,,35295,35,,,1,70,,35308,35,,,1,30,,35311,35,,,1,70,,35292,35,,,1,30,,35307,35,,,1,70,,35300,35,,,1,30,,35299,35,,,1,70,,35294,35,,,1,30,,29195,35,,,1,70,,35309,35,,,1,30,,35304,35,,,1,70,,35293,35,,,1,30,,35302,35,,,1,72,,35301,35,,,1,30,,28840,35,,,1,70,,35305,35,,,1,30,,35310,35,,,1,70,,35298,35,,,1,30,,35297,35,,,1,70,,35303,35,,,1,30,,35306,35,,,1,70,,35312,35,,,1
31500,'6',646,,35313,35,,,1,70,,35318,35,,,1,30,,35317,35,,,1,70,,35331,35,,,1,30,,35334,35,,,1,70,,35314,35,,,1,30,,35329,35,,,1,70,,35322,35,,,1,30,,35321,35,,,1,70,,35316,35,,,1,30,,35335,35,,,1,70,,35332,35,,,1,30,,35326,35,,,1,70,,35315,35,,,1,30,,35324,35,,,1,72,,35323,35,,,1,30,,35330,35,,,1,70,,35327,35,,,1,30,,35333,35,,,1,70,,35320,35,,,1,30,,35319,35,,,1,70,,35325,35,,,1,30,,35328,35,,,1,70,,35336,35,,,1
41500,'1',705,,40162,44,0,20 14 21 18,1,30,,40152,44,0,20 14 21 18,1,70,,40169,44,0,20 14 21 18,1,30,,40153,44,0,20 14 21 18,1,70,,40164,44,0,20 14 21 18,1,30,,40148,44,0,20 14 21 18,1,70,,40151,44,0,20 14 21 18,1,31,,40147,44,0,20 14 21 18,1,70,,22327,44,0,20 14 21 18,1,30,,40167,44,0,20 14 21 18,1,70,,40159,44,0,20 14 21 18,1,30,,40171,44,0,20 14 21 18,1,70,,40170,44,0,20 14 21 18,1,30,,40163,44,0,20 14 21 18,1,70,,40156,44,0,20 14 21 18,1,30,,40149,44,0,20 14 21 18,1,70,,40165,44,0,20 14 21 18,1,30,,24701,44,0,20 14 21 18,1,70,,40168,44,0,20 14 21 18,1,30,,40154,44,0,20 14 21 18,1,70,,40172,44,0,20 14 21 18,1,30,,40166,44,0,20 14 21 18,1,70,,40155,44,0,20 14 21 18,1,30,,40150,44,0,20 14 21 18,1,99,,40160,44,0,20 14 21 18,1,100,,40158,44,0,20 14 21 18,1,100,,40161,44,0,20 14 21 18,1,100,,40173,44,0,20 14 21 18,1,100,,40157,44,0,20 14 21 18,1
41500,'11',705,,40190,44,0,20 14 21 18,1,30,,40179,44,0,20 14 21 18,1,70,,40197,44,0,20 14 21 18,1,30,,40180,44,0,20 14 21 18,1,70,,40192,44,0,20 14 21 18,1,30,,40175,44,0,20 14 21 18,1,70,,40178,44,0,20 14 21 18,1,31,,40174,44,0,20 14 21 18,1,70,,40185,44,0,20 14 21 18,1,30,,40195,44,0,20 14 21 18,1,70,,40187,44,0,20 14 21 18,1,30,,40200,44,0,20 14 21 18,1,70,,40198,44,0,20 14 21 18,1,30,,40191,44,0,20 14 21 18,1,70,,40183,44,0,20 14 21 18,1,30,,40176,44,0,20 14 21 18,1,70,,40193,44,0,20 14 21 18,1,30,,40199,44,0,20 14 21 18,1,70,,40196,44,0,20 14 21 18,1,30,,40181,44,0,20 14 21 18,1,70,,40201,44,0,20 14 21 18,1,30,,40194,44,0,20 14 21 18,1,70,,40182,44,0,20 14 21 18,1,30,,40177,44,0,20 14 21 18,1,99,,40188,44,0,20 14 21 18,1,100,,40186,44,0,20 14 21 18,1,100,,40189,44,0,20 14 21 18,1,100,,40202,44,0,20 14 21 18,1,100,,40184,44,0,20 14 21 18,1
41500,'12',1836,,40204,44,0,20 14 21 18,1,99,,40207,44,0,20 14 21 18,1,100,,40203,44,0,20 14 21 18,1,100,,40208,44,0,20 14 21 18,1,100,,40205,44,0,20 14 21 18,1,100,,40206,44,0,20 14 21 18,1
41500,'13',1836,,40210,44,0,20 14 21 18,1,99,,27351,44,0,20 14 21 18,1,100,,40209,44,0,20 14 21 18,1,100,,40213,44,0,20 14 21 18,1,100,,40211,44,0,20 14 21 18,1,100,,40212,44,0,20 14 21 18,1
41500,'14',1136,,40214,44,0,20 14 21 18,1,100,,40216,44,0,20 14 21 18,1,100,,40217,44,0,20 14 21 18,1,100,,40218,44,0,20 14 21 18,1,100,,40220,44,0,20 14 21 18,1,100,,40219,44,0,20 14 21 18,1,100,,40215,44,0,20 14 21 18,1
41500,'16',705,,40236,44,0,20 14 21 18,1,30,,40226,44,0,20 14 21 18,1,70,,40243,44,0,20 14 21 18,1,30,,40227,44,0,20 14 21 18,1,70,,40238,44,0,20 14 21 18,1,30,,40222,44,0,20 14 21 18,1,70,,40225,44,0,20 14 21 18,1,31,,40221,44,0,20 14 21 18,1,70,,30900,44,0,20 14 21 18,1,30,,40241,44,0,20 14 21 18,1,70,,40233,44,0,20 14 21 18,1,30,,40245,44,0,20 14 21 18,1,70,,40244,44,0,20 14 21 18,1,30,,40237,44,0,20 14 21 18,1,70,,40230,44,0,20 14 21 18,1,30,,40223,44,0,20 14 21 18,1,70,,40239,44,0,20 14 21 18,1,30,,31219,44,0,20 14 21 18,1,70,,40242,44,0,20 14 21 18,1,30,,40228,44,0,20 14 21 18,1,70,,40246,44,0,20 14 21 18,1,30,,40240,44,0,20 14 21 18,1,70,,40229,44,0,20 14 21 18,1,30,,40224,44,0,20 14 21 18,1,99,,40234,44,0,20 14 21 18,1,100,,40232,44,0,20 14 21 18,1,100,,40235,44,0,20 14 21 18,1,100,,40247,44,0,20 14 21 18,1,100,,40231,44,0,20 14 21 18,1
41500,'3',1836,,40249,44,0,20 14 21 18,1,99,,27389,44,0,20 14 21 18,1,100,,40248,44,0,20 14 21 18,1,100,,40252,44,0,20 14 21 18,1,100,,40250,44,0,20 14 21 18,1,100,,40251,44,0,20 14 21 18,1
41500,'6',1836,,40254,44,0,20 14 21 18,1,99,,40257,44,0,20 14 21 18,1,100,,40253,44,0,20 14 21 18,1,100,,40258,44,0,20 14 21 18,1,100,,40255,44,0,20 14 21 18,1,100,,40256,44,0,20 14 21 18,1
41500,'8',935,,40260,44,0,20 14 21 18,1,101,,40273,44,0,20 14 21 18,1,70,,40275,44,0,20 14 21 18,1,30,,40261,44,0,20 14 21 18,1,70,,40269,44,0,20 14 21 18,1,30,,40274,44,0,20 14 21 18,1,70,,40262,44,0,20 14 21 18,1,30,,40263,44,0,20 14 21 18,1,70,,40276,44,0,20 14 21 18,1,30,,40268,44,0,20 14 21 18,1,70,,40264,44,0,20 14 21 18,1,30,,40277,44,0,20 14 21 18,1,70,,40271,44,0,20 14 21 18,1,30,,40266,44,0,20 14 21 18,1,70,,40259,44,0,20 14 21 18,1,30,,40265,44,0,20 14 21 18,1,70,,40270,44,0,20 14 21 18,1,30,,40267,44,0,20 14 21 18,1,99,,40272,44,0,20 14 21 18,1
42301,'1',736,,41610,17,0,20 30 31,1,100,,41611,17,0,20 30 31,1,100,,41614,17,0,20 30 31,1,101,,41607,17,0,20 30 31,1,100,,41608,17,0,20 30 31,1,100,,41617,17,0,20 30 31,1,100,,41613,17,0,20 30 31,1,102,,41606,17,0,20 30 31,1,100,,41609,17,0,20 30 31,1,100,,41616,17,0,20 30 31,1,100,,32487,17,0,20 30 31,1,100,,41618,17,0,20 30 31,1,98,,41612,17,0,20 30 31,1,100,,41615,17,0,20 30 31,1,100,,41619,17,0,20 30 31,1,100,,41620,17,0,20 30 31,1
