30801,'12',637,,34328,6,0,64 38,1,70,,34314,6,0,64 38,1,30,,34325,6,0,64 38,1,70,,34324,6,0,64 38,1,30,,34307,6,0,64 38,1,70,,34326,6,0,64 38,1,30,,34312,6,0,64 38,1,70,,34316,6,0,64 38,1,30,,34329,6,0,64 38,1,70,,34322,6,0,64 38,1,30,,34319,6,0,64 38,1,70,,34309,6,0,64 38,1,30,,34310,6,0,64 38,1,70,,34318,6,0,64 38,1,30,,34313,6,0,64 38,1,70,,34315,6,0,64 38,1,40,,34317,6,0,64 38,1,70,,34308,6,0,64 38,1,30,,34311,6,0,64 38,1,70,,34320,6,0,64 38,1,30,,34323,6,0,64 38,1,70,,34327,6,0,64 38,1,30,,34321,6,0,64 38,1
30801,'13',637,,34346,6,0,64 38,1,70,,34334,6,0,64 38,1,30,,34344,6,0,64 38,1,70,,34343,6,0,64 38,1,30,,28358,6,0,64 38,1,70,,34345,6,0,64 38,1,30,,29463,6,0,64 38,1,70,,34336,6,0,64 38,1,30,,34347,6,0,64 38,1,70,,34342,6,0,64 38,1,30,,34339,6,0,64 38,1,70,,28145,6,0,64 38,1,30,,34331,6,0,64 38,1,70,,34338,6,0,64 38,1,30,,34333,6,0,64 38,1,70,,34335,6,0,64 38,1,40,,34337,6,0,64 38,1,70,,34330,6,0,64 38,1,30,,34332,6,0,64 38,1,70,,34340,6,0,64 38,1,30,,27448,6,0,64 38,1,70,,29291,6,0,64 38,1,30,,34341,6,0,64 38,1
30801,'3',637,,34364,6,0,64 38,1,70,,34352,6,0,64 38,1,30,,34362,6,0,64 38,1,70,,34361,6,0,64 38,1,30,,28376,6,0,64 38,1,70,,34363,6,0,64 38,1,30,,29584,6,0,64 38,1,70,,34354,6,0,64 38,1,30,,34365,6,0,64 38,1,70,,34360,6,0,64 38,1,30,,34357,6,0,64 38,1,70,,28167,6,0,64 38,1,30,,34349,6,0,64 38,1,70,,34356,6,0,64 38,1,30,,34351,6,0,64 38,1,70,,34353,6,0,64 38,1,40,,34355,6,0,64 38,1,70,,34348,6,0,64 38,1,30,,34350,6,0,64 38,1,70,,34358,6,0,64 38,1,30,,27497,6,0,64 38,1,70,,29310,6,0,64 38,1,30,,34359,6,0,64 38,1
30801,'6',637,,34387,6,0,64 38,1,70,,34373,6,0,64 38,1,30,,34384,6,0,64 38,1,70,,34383,6,0,64 38,1,30,,34366,6,0,64 38,1,70,,34385,6,0,64 38,1,30,,34371,6,0,64 38,1,70,,34375,6,0,64 38,1,30,,34388,6,0,64 38,1,70,,34381,6,0,64 38,1,30,,34378,6,0,64 38,1,70,,34368,6,0,64 38,1,30,,34369,6,0,64 38,1,70,,34377,6,0,64 38,1,30,,34372,6,0,64 38,1,70,,34374,6,0,64 38,1,40,,34376,6,0,64 38,1,70,,34367,6,0,64 38,1,30,,34370,6,0,64 38,1,70,,34379,6,0,64 38,1,30,,34382,6,0,64 38,1,70,,34386,6,0,64 38,1,30,,34380,6,0,64 38,1
40801,'1',652,,39214,6,0,64 38,1,70,,39212,6,0,64 38,1,30,,31913,6,0,64 38,1,70,,39216,6,0,64 38,1,30,,22901,6,0,64 38,1,70,,39218,6,0,64 38,1,30,,39232,6,0,64 38,1,70,,39229,6,0,64 38,1,30,,39223,6,0,64 38,1,70,,39222,6,0,64 38,1,30,,39220,6,0,64 38,1,70,,39226,6,0,64 38,1,30,,39235,6,0,64 38,1,70,,39230,6,0,64 38,1,30,,39221,6,0,64 38,1,70,,39211,6,0,64 38,1,30,,39227,6,0,64 38,1,70,,39215,6,0,64 38,1,30,,39225,6,0,64 38,1,70,,39219,6,0,64 38,1,30,,39213,6,0,64 38,1,70,,39236,6,0,64 38,1,30,,39233,6,0,64 38,1,70,,39234,6,0,64 38,1,100,,39231,6,0,64 38,1,100,,39217,6,0,64 38,1,100,,39237,6,0,64 38,1,100,,39228,6,0,64 38,1,100,,39224,6,0,64 38,1
40801,'11',652,,39242,6,0,64 38,1,70,,39240,6,0,64 38,1,30,,39238,6,0,64 38,1,70,,39244,6,0,64 38,1,30,,39258,6,0,64 38,1,70,,39246,6,0,64 38,1,30,,39261,6,0,64 38,1,70,,39257,6,0,64 38,1,30,,39251,6,0,64 38,1,70,,39250,6,0,64 38,1,30,,39248,6,0,64 38,1,70,,39254,6,0,64 38,1,30,,39264,6,0,64 38,1,70,,39259,6,0,64 38,1,30,,39249,6,0,64 38,1,70,,39239,6,0,64 38,1,30,,39255,6,0,64 38,1,70,,39243,6,0,64 38,1,30,,39253,6,0,64 38,1,70,,39247,6,0,64 38,1,30,,39241,6,0,64 38,1,70,,39265,6,0,64 38,1,30,,39262,6,0,64 38,1,70,,39263,6,0,64 38,1,100,,39260,6,0,64 38,1,100,,39245,6,0,64 38,1,100,,39266,6,0,64 38,1,100,,39256,6,0,64 38,1,100,,39252,6,0,64 38,1
40801,'12',1822,,39267,6,0,64 38,1,100,,39272,6,0,64 38,1,100,,39270,6,0,64 38,1,100,,39268,6,0,64 38,1,100,,39269,6,0,64 38,1,100,,39271,6,0,64 38,1
40801,'13',1822,,39273,6,0,64 38,1,100,,39278,6,0,64 38,1,100,,39276,6,0,64 38,1,100,,39274,6,0,64 38,1,100,,39275,6,0,64 38,1,100,,39277,6,0,64 38,1
40801,'14',1122,,39282,6,0,64 38,1,100,,39280,6,0,64 38,1,100,,39281,6,0,64 38,1,100,,39285,6,0,64 38,1,100,,39283,6,0,64 38,1,100,,39279,6,0,64 38,1,100,,39284,6,0,64 38,1
40801,'16',652,,39289,6,0,64 38,1,70,,39287,6,0,64 38,1,30,,31950,6,0,64 38,1,70,,39291,6,0,64 38,1,30,,32045,6,0,64 38,1,70,,39293,6,0,64 38,1,30,,39307,6,0,64 38,1,70,,39304,6,0,64 38,1,30,,39298,6,0,64 38,1,70,,39297,6,0,64 38,1,30,,39295,6,0,64 38,1,70,,39301,6,0,64 38,1,30,,39310,6,0,64 38,1,70,,39305,6,0,64 38,1,30,,39296,6,0,64 38,1,70,,39286,6,0,64 38,1,30,,39302,6,0,64 38,1,70,,39290,6,0,64 38,1,30,,39300,6,0,64 38,1,70,,39294,6,0,64 38,1,30,,39288,6,0,64 38,1,70,,39311,6,0,64 38,1,30,,39308,6,0,64 38,1,70,,39309,6,0,64 38,1,100,,39306,6,0,64 38,1,100,,39292,6,0,64 38,1,100,,39312,6,0,64 38,1,100,,39303,6,0,64 38,1,100,,39299,6,0,64 38,1
40801,'3',1822,,39313,6,0,64 38,1,100,,39318,6,0,64 38,1,100,,39316,6,0,64 38,1,100,,39314,6,0,64 38,1,100,,39315,6,0,64 38,1,100,,39317,6,0,64 38,1
40801,'6',1822,,39319,6,0,64 38,1,100,,39324,6,0,64 38,1,100,,39322,6,0,64 38,1,100,,39320,6,0,64 38,1,100,,39321,6,0,64 38,1,100,,39323,6,0,64 38,1
40801,'8',922,,39331,6,0,64 38,1,100,,39335,6,0,64 38,1,30,,32236,6,0,64 38,1,70,,39326,6,0,64 38,1,30,,39341,6,0,64 38,1,70,,39332,6,0,64 38,1,30,,39339,6,0,64 38,1,70,,39333,6,0,64 38,1,30,,30587,6,0,64 38,1,70,,39336,6,0,64 38,1,30,,39325,6,0,64 38,1,70,,39338,6,0,64 38,1,30,,39327,6,0,64 38,1,70,,39330,6,0,64 38,1,30,,39337,6,0,64 38,1,70,,39334,6,0,64 38,1,30,,39329,6,0,64 38,1,70,,39328,6,0,64 38,1,100,,39340,6,0,64 38,1
