31501,'1',612,,2768,27,0,20 14 35 26,1,30,,2759,27,0,20 14 35 26,1,70,,2763,27,0,20 14 35 26,1,30,,2762,27,0,20 14 35 26,1,70,,2746,27,0,20 14 35 26,1,30,,2747,27,0,20 14 35 26,1,70,,2745,27,0,20 14 35 26,1,30,,2751,27,0,20 14 35 26,1,70,,2760,27,0,20 14 35 26,1,30,,2757,27,0,20 14 35 26,1,70,,2764,27,0,20 14 35 26,1,30,,2753,27,0,20 14 35 26,1,70,,2758,27,0,20 14 35 26,1,30,,2749,27,0,20 14 35 26,1,70,,2754,27,0,20 14 35 26,1,30,,2752,27,0,20 14 35 26,1,71,,2765,27,0,20 14 35 26,1,30,,2750,27,0,20 14 35 26,1,70,,2766,27,0,20 14 35 26,1,30,,2761,27,0,20 14 35 26,1,70,,2756,27,0,20 14 35 26,1,30,,2755,27,0,20 14 35 26,1,70,,2767,27,0,20 14 35 26,1,30,,2748,27,0,20 14 35 26,1
31501,'10',612,,2792,27,0,20 14 35 26,1,30,,2783,27,0,20 14 35 26,1,70,,2787,27,0,20 14 35 26,1,30,,2786,27,0,20 14 35 26,1,70,,2770,27,0,20 14 35 26,1,30,,2771,27,0,20 14 35 26,1,70,,2769,27,0,20 14 35 26,1,30,,2775,27,0,20 14 35 26,1,70,,2784,27,0,20 14 35 26,1,30,,2781,27,0,20 14 35 26,1,70,,2788,27,0,20 14 35 26,1,30,,2777,27,0,20 14 35 26,1,70,,2782,27,0,20 14 35 26,1,30,,2773,27,0,20 14 35 26,1,70,,2778,27,0,20 14 35 26,1,30,,2776,27,0,20 14 35 26,1,71,,2789,27,0,20 14 35 26,1,30,,2774,27,0,20 14 35 26,1,70,,2790,27,0,20 14 35 26,1,30,,2785,27,0,20 14 35 26,1,70,,2780,27,0,20 14 35 26,1,30,,2779,27,0,20 14 35 26,1,70,,2791,27,0,20 14 35 26,1,30,,2772,27,0,20 14 35 26,1
31501,'11',612,,2816,27,0,20 14 35 26,1,30,,2806,27,0,20 14 35 26,1,70,,2810,27,0,20 14 35 26,1,30,,2809,27,0,20 14 35 26,1,70,,2794,27,0,20 14 35 26,1,30,,2795,27,0,20 14 35 26,1,70,,2793,27,0,20 14 35 26,1,30,,2799,27,0,20 14 35 26,1,70,,2807,27,0,20 14 35 26,1,30,,2804,27,0,20 14 35 26,1,70,,2812,27,0,20 14 35 26,1,30,,2801,27,0,20 14 35 26,1,70,,2805,27,0,20 14 35 26,1,30,,2797,27,0,20 14 35 26,1,70,,2802,27,0,20 14 35 26,1,30,,2800,27,0,20 14 35 26,1,71,,2813,27,0,20 14 35 26,1,30,,2798,27,0,20 14 35 26,1,70,,2814,27,0,20 14 35 26,1,30,,2808,27,0,20 14 35 26,1,70,,2803,27,0,20 14 35 26,1,30,,2811,27,0,20 14 35 26,1,70,,2815,27,0,20 14 35 26,1,30,,2796,27,0,20 14 35 26,1
31501,'3',612,,2840,27,0,20 14 35 26,1,30,,2830,27,0,20 14 35 26,1,70,,2834,27,0,20 14 35 26,1,30,,2833,27,0,20 14 35 26,1,70,,2818,27,0,20 14 35 26,1,30,,2819,27,0,20 14 35 26,1,70,,2817,27,0,20 14 35 26,1,30,,2823,27,0,20 14 35 26,1,70,,2831,27,0,20 14 35 26,1,30,,2828,27,0,20 14 35 26,1,70,,2836,27,0,20 14 35 26,1,30,,2825,27,0,20 14 35 26,1,70,,2829,27,0,20 14 35 26,1,30,,2821,27,0,20 14 35 26,1,70,,2826,27,0,20 14 35 26,1,30,,2824,27,0,20 14 35 26,1,71,,2837,27,0,20 14 35 26,1,30,,2822,27,0,20 14 35 26,1,70,,2838,27,0,20 14 35 26,1,30,,2832,27,0,20 14 35 26,1,70,,2827,27,0,20 14 35 26,1,30,,2835,27,0,20 14 35 26,1,70,,2839,27,0,20 14 35 26,1,30,,2820,27,0,20 14 35 26,1
41501,'1',1814,,7315,27,0,20 14 34,1,30,,7316,27,0,20 14 34,1,83,,7310,27,0,20 14 34,1,100,,7312,27,0,20 14 34,1,100,,7313,27,0,20 14 34,1,100,,7311,27,0,20 14 34,1,100,,7314,27,0,20 14 34,1
41501,'10',1814,,7322,27,0,20 14 34,1,30,,7323,27,0,20 14 34,1,83,,7317,27,0,20 14 34,1,100,,7319,27,0,20 14 34,1,100,,7320,27,0,20 14 34,1,100,,7318,27,0,20 14 34,1,100,,7321,27,0,20 14 34,1
41501,'11',1814,,7330,27,0,20 14 34,1,30,,7328,27,0,20 14 34,1,83,,7324,27,0,20 14 34,1,100,,7326,27,0,20 14 34,1,100,,7327,27,0,20 14 34,1,100,,7325,27,0,20 14 34,1,100,,7329,27,0,20 14 34,1
41501,'12',1128,,7331,27,0,20 14 34,1,100,,7335,27,0,20 14 34,1,100,,7333,27,0,20 14 34,1,101,,7336,27,0,20 14 34,1,100,,7334,27,0,20 14 34,1,100,,7337,27,0,20 14 34,1,100,,7332,27,0,20 14 34,1
41501,'14',657,,7362,27,0,20 14 34,1,70,,7356,27,0,20 14 34,1,30,,7345,27,0,20 14 34,1,70,,7349,27,0,20 14 34,1,30,,7359,27,0,20 14 34,1,70,,7363,27,0,20 14 34,1,30,,7357,27,0,20 14 34,1,71,,7361,27,0,20 14 34,1,30,,7343,27,0,20 14 34,1,70,,7366,27,0,20 14 34,1,30,,7340,27,0,20 14 34,1,70,,7355,27,0,20 14 34,1,30,,7353,27,0,20 14 34,1,70,,7341,27,0,20 14 34,1,30,,7352,27,0,20 14 34,1,71,,7348,27,0,20 14 34,1,30,,7365,27,0,20 14 34,1,70,,7339,27,0,20 14 34,1,30,,7350,27,0,20 14 34,1,70,,7358,27,0,20 14 34,1,30,,7346,27,0,20 14 34,1,70,,7344,27,0,20 14 34,1,30,,7364,27,0,20 14 34,1,70,,7360,27,0,20 14 34,1,98,,7342,27,0,20 14 34,1,100,,7347,27,0,20 14 34,1,100,,7338,27,0,20 14 34,1,100,,7351,27,0,20 14 34,1,100,,7354,27,0,20 14 34,1
41501,'3',1814,,7373,27,0,20 14 34,1,30,,7371,27,0,20 14 34,1,83,,7367,27,0,20 14 34,1,100,,7369,27,0,20 14 34,1,100,,7370,27,0,20 14 34,1,100,,7368,27,0,20 14 34,1,100,,7372,27,0,20 14 34,1
41501,'7',927,,7385,27,0,20 14 34,1,101,,7380,27,0,20 14 34,1,30,,7392,27,0,20 14 34,1,70,,7386,27,0,20 14 34,1,30,,7389,27,0,20 14 34,1,70,,7377,27,0,20 14 34,1,30,,7378,27,0,20 14 34,1,70,,7391,27,0,20 14 34,1,30,,7375,27,0,20 14 34,1,71,,7376,27,0,20 14 34,1,30,,7374,27,0,20 14 34,1,70,,7387,27,0,20 14 34,1,30,,7388,27,0,20 14 34,1,70,,7381,27,0,20 14 34,1,30,,7384,27,0,20 14 34,1,70,,7383,27,0,20 14 34,1,30,,7382,27,0,20 14 34,1,70,,7379,27,0,20 14 34,1,98,,7390,27,0,20 14 34,1
