30500,'1',554,,984,12,0,58,1,70,,971,23,0,58,1,30,,966,23,0,58,1,70,,964,23,0,58,1,30,,974,23,0,58,1,70,,981,23,0,58,1,30,,978,23,0,58,1,70,,961,23,0,58,1,30,,977,23,0,58,1,70,,970,23,0,58,1,30,,969,23,0,58,1,70,,976,23,0,58,1,30,,982,23,0,58,1,70,,972,23,0,58,1,30,,965,23,0,58,1,70,,962,23,0,58,1,30,,967,23,0,58,1,71,,980,23,0,58,1,30,,983,23,0,58,1,70,,979,23,0,58,1,30,,963,23,0,58,1,70,,975,23,0,58,1,30,,973,23,0,58,1,70,,968,23,0,58,1
30500,'10',554,,1008,12,0,58,1,70,,995,23,0,58,1,30,,990,23,0,58,1,70,,988,23,0,58,1,30,,998,23,0,58,1,70,,1005,23,0,58,1,30,,1002,23,0,58,1,70,,985,23,0,58,1,30,,1001,23,0,58,1,70,,994,23,0,58,1,30,,993,23,0,58,1,70,,1000,23,0,58,1,30,,1006,23,0,58,1,70,,996,23,0,58,1,30,,989,23,0,58,1,70,,986,23,0,58,1,30,,991,23,0,58,1,71,,1004,23,0,58,1,30,,1007,23,0,58,1,70,,1003,23,0,58,1,30,,987,23,0,58,1,70,,999,23,0,58,1,30,,997,23,0,58,1,70,,992,23,0,58,1
30500,'11',554,,1032,12,0,58,1,70,,1019,23,0,58,1,30,,1014,23,0,58,1,70,,1012,23,0,58,1,30,,1022,23,0,58,1,70,,1029,23,0,58,1,30,,1026,23,0,58,1,70,,1009,23,0,58,1,30,,1025,23,0,58,1,70,,1017,23,0,58,1,30,,1018,23,0,58,1,70,,1024,23,0,58,1,30,,1030,23,0,58,1,70,,1020,23,0,58,1,30,,1013,23,0,58,1,70,,1010,23,0,58,1,30,,1015,23,0,58,1,71,,1028,23,0,58,1,30,,1031,23,0,58,1,70,,1027,23,0,58,1,30,,1011,23,0,58,1,70,,1023,23,0,58,1,30,,1021,23,0,58,1,70,,1016,23,0,58,1
30500,'3',554,,1056,12,0,58,1,70,,1043,23,0,58,1,30,,1038,23,0,58,1,70,,1036,23,0,58,1,30,,1046,23,0,58,1,70,,1053,23,0,58,1,30,,1050,23,0,58,1,70,,1033,23,0,58,1,30,,1049,23,0,58,1,70,,1041,23,0,58,1,30,,1042,23,0,58,1,70,,1048,23,0,58,1,30,,1054,23,0,58,1,70,,1044,23,0,58,1,30,,1037,23,0,58,1,70,,1034,23,0,58,1,30,,1039,23,0,58,1,71,,1052,23,0,58,1,30,,1055,23,0,58,1,70,,1051,23,0,58,1,30,,1035,23,0,58,1,70,,1047,23,0,58,1,30,,1045,23,0,58,1,70,,1040,23,0,58,1
41200,'1',1823,,7037,23,0,23,1,100,,7035,23,0,23,1,100,,7034,23,0,23,1,100,,7036,23,0,23,1,100,,7038,23,0,23,1,100,,7033,23,0,23,1
41200,'10',1823,,7043,23,0,23,1,100,,7041,23,0,23,1,100,,7040,23,0,23,1,100,,7042,23,0,23,1,100,,7044,23,0,23,1,100,,7039,23,0,23,1
41200,'11',1823,,7049,23,0,23,1,100,,7047,23,0,23,1,100,,7046,23,0,23,1,100,,7048,23,0,23,1,100,,7050,23,0,23,1,100,,7045,23,0,23,1
41200,'12',1124,,7051,23,0,23,1,100,,7056,23,0,23,1,100,,7054,23,0,23,1,99,,7052,23,0,23,1,100,,7057,23,0,23,1,100,,7053,23,0,23,1,100,,7055,23,0,23,1
41200,'14',623,,7082,23,0,23,1,30,,7078,23,0,23,1,70,,7071,23,0,23,1,30,,7061,23,0,23,1,70,,7072,23,0,23,1,30,,7064,23,0,23,1,70,,7065,23,0,23,1,30,,7063,23,0,23,1,71,,7081,23,0,23,1,30,,7059,23,0,23,1,70,,7075,23,0,23,1,30,,7062,23,0,23,1,70,,7086,23,0,23,1,30,,7079,23,0,23,1,70,,7067,23,0,23,1,30,,7066,23,0,23,1,69,,7084,23,0,23,1,30,,7085,23,0,23,1,70,,7070,23,0,23,1,30,,7083,23,0,23,1,70,,7076,23,0,23,1,30,,7073,23,0,23,1,70,,7068,23,0,23,1,30,,7060,23,0,23,1,70,,7087,23,0,23,1,100,,7077,23,0,23,1,100,,7074,23,0,23,1,100,,7058,23,0,23,1,100,,7069,23,0,23,1,100,,7080,23,0,23,1
41200,'3',1823,,7092,23,0,23,1,100,,7090,23,0,23,1,100,,7089,23,0,23,1,100,,7091,23,0,23,1,100,,7093,23,0,23,1,100,,7088,23,0,23,1
41200,'7',923,,7094,23,0,23,1,101,,7102,23,0,23,1,30,,7105,23,0,23,1,70,,7108,23,0,23,1,30,,7095,23,0,23,1,70,,7098,23,0,23,1,30,,7104,23,0,23,1,70,,7103,23,0,23,1,30,,7107,23,0,23,1,69,,7109,23,0,23,1,30,,7101,23,0,23,1,70,,7106,23,0,23,1,30,,7096,23,0,23,1,70,,7112,23,0,23,1,30,,7097,23,0,23,1,70,,7100,23,0,23,1,30,,7110,23,0,23,1,70,,7111,23,0,23,1,100,,7099,23,0,23,1
