30200,'11',627,,27511,26,0,11,1,30,,27510,26,0,11,1,70,,27516,26,0,11,1,30,,27521,26,0,11,1,70,,27526,26,0,11,1,30,,27509,26,0,11,1,70,,27528,26,0,11,1,30,,27523,26,0,11,1,73,,27525,26,0,11,1,70,,27527,26,0,11,1,30,,27520,26,0,11,1,70,,27513,26,0,11,1,30,,27517,26,0,11,1,70,,27519,26,0,11,1,30,,27522,26,0,11,1,70,,27518,26,0,11,1,29,,27524,26,0,11,1,30,,27507,26,0,11,1,70,,27508,26,0,11,1,30,,27512,26,0,11,1,70,,27515,26,0,11,1,30,,23615,26,0,11,1,70,,27514,26,0,11,1
30200,'3',627,,27533,26,0,11,1,30,,27532,26,0,11,1,70,,27538,26,0,11,1,30,,27543,26,0,11,1,70,,27548,26,0,11,1,30,,27531,26,0,11,1,70,,27550,26,0,11,1,30,,27545,26,0,11,1,73,,27547,26,0,11,1,70,,27549,26,0,11,1,30,,27542,26,0,11,1,70,,27535,26,0,11,1,30,,27539,26,0,11,1,70,,27541,26,0,11,1,30,,27544,26,0,11,1,70,,27540,26,0,11,1,29,,27546,26,0,11,1,30,,27529,26,0,11,1,70,,27530,26,0,11,1,30,,27534,26,0,11,1,70,,27537,26,0,11,1,30,,23635,26,0,11,1,70,,27536,26,0,11,1
30601,'11',626,,27896,3,0,9 12,1,30,,16146,3,0,9 12,1,70,,27902,3,0,9 12,1,30,,27904,3,0,9 12,1,70,,27892,3,0,9 12,1,30,,27900,3,0,9 12,1,70,,27903,3,0,9 12,1,30,,27890,3,0,9 12,1,70,,27907,3,0,9 12,1,30,,27909,3,0,9 12,1,70,,27888,3,0,9 12,1,30,,27897,3,0,9 12,1,70,,27895,3,0,9 12,1,30,,27887,3,0,9 12,1,70,,27898,3,0,9 12,1,30,,27899,3,0,9 12,1,70,,27905,3,0,9 12,1,25,,23143,3,0,9 12,1,5,,27901,3,0,9 12,1,70,,27891,3,0,9 12,1,30,,27906,3,0,9 12,1,70,,27908,3,0,9 12,1,30,,27894,3,0,9 12,1,70,,27893,3,0,9 12,1,30,,27889,3,0,9 12,1
30601,'3',626,,27919,3,0,9 12,1,30,,16280,3,0,9 12,1,70,,27925,3,0,9 12,1,30,,27927,3,0,9 12,1,70,,27915,3,0,9 12,1,30,,27923,3,0,9 12,1,70,,27926,3,0,9 12,1,30,,27913,3,0,9 12,1,70,,27930,3,0,9 12,1,30,,27932,3,0,9 12,1,70,,27911,3,0,9 12,1,30,,27920,3,0,9 12,1,70,,27918,3,0,9 12,1,30,,27910,3,0,9 12,1,70,,27921,3,0,9 12,1,30,,27922,3,0,9 12,1,70,,27928,3,0,9 12,1,25,,23156,3,0,9 12,1,5,,27924,3,0,9 12,1,70,,27914,3,0,9 12,1,30,,27929,3,0,9 12,1,70,,27931,3,0,9 12,1,30,,27917,3,0,9 12,1,70,,27916,3,0,9 12,1,30,,27912,3,0,9 12,1
40200,'1',627,,30256,26,0,13 14,1,30,,30254,26,0,13 14,1,70,,30241,26,0,13 14,1,30,,30260,26,0,13 14,1,70,,30243,26,0,13 14,1,30,,30248,26,0,13 14,1,70,,30244,26,0,13 14,1,30,,30240,26,0,13 14,1,70,,30252,26,0,13 14,1,30,,30262,26,0,13 14,1,70,,30246,26,0,13 14,1,30,,27116,26,0,13 14,1,70,,27263,26,0,13 14,1,30,,30250,26,0,13 14,1,70,,30251,26,0,13 14,1,30,,30245,26,0,13 14,1,70,,30239,26,0,13 14,1,30,,30249,26,0,13 14,1,70,,30237,26,0,13 14,1,30,,30242,26,0,13 14,1,70,,30253,26,0,13 14,1,30,,30258,26,0,13 14,1,70,,18130,26,0,13 14,1,30,,30261,26,0,13 14,1,100,,30238,26,0,13 14,1,98,,30255,26,0,13 14,1,100,,30259,26,0,13 14,1,100,,30247,26,0,13 14,1,100,,30257,26,0,13 14,1
40200,'11',1757,,30264,26,0,13 14,1,100,,30268,26,0,13 14,1,98,,30266,26,0,13 14,1,100,,30263,26,0,13 14,1,100,,30267,26,0,13 14,1,100,,30265,26,0,13 14,1
40200,'12',1057,,30270,26,0,13 14,1,100,,30274,26,0,13 14,1,100,,30273,26,0,13 14,1,100,,30272,26,0,13 14,1,100,,30276,26,0,13 14,1,100,,30269,26,0,13 14,1,100,,30275,26,0,13 14,1,100,,30271,26,0,13 14,1
40200,'14',627,,30297,26,0,13 14,1,30,,30295,26,0,13 14,1,70,,30281,26,0,13 14,1,30,,30301,26,0,13 14,1,70,,30283,26,0,13 14,1,30,,30287,26,0,13 14,1,70,,27011,26,0,13 14,1,30,,30280,26,0,13 14,1,70,,30292,26,0,13 14,1,30,,30303,26,0,13 14,1,70,,30285,26,0,13 14,1,30,,30284,26,0,13 14,1,70,,30290,26,0,13 14,1,30,,30289,26,0,13 14,1,70,,30291,26,0,13 14,1,30,,25525,26,0,13 14,1,70,,30279,26,0,13 14,1,30,,30288,26,0,13 14,1,70,,30277,26,0,13 14,1,30,,30282,26,0,13 14,1,70,,30293,26,0,13 14,1,30,,30299,26,0,13 14,1,70,,30294,26,0,13 14,1,30,,30302,26,0,13 14,1,100,,30278,26,0,13 14,1,98,,30296,26,0,13 14,1,100,,30300,26,0,13 14,1,100,,30286,26,0,13 14,1,100,,30298,26,0,13 14,1
40200,'3',1757,,30305,26,0,13 14,1,100,,30309,26,0,13 14,1,98,,30307,26,0,13 14,1,100,,30304,26,0,13 14,1,100,,30308,26,0,13 14,1,100,,30306,26,0,13 14,1
40200,'8',857,,30317,26,0,13 14,1,100,,30311,26,0,13 14,1,70,,30316,26,0,13 14,1,30,,30327,26,0,13 14,1,70,,30310,26,0,13 14,1,30,,30321,26,0,13 14,1,70,,30319,26,0,13 14,1,30,,30314,26,0,13 14,1,70,,30318,26,0,13 14,1,30,,30323,26,0,13 14,1,70,,30326,26,0,13 14,1,30,,30320,26,0,13 14,1,70,,30324,26,0,13 14,1,30,,30315,26,0,13 14,1,70,,25941,26,0,13 14,1,30,,30322,26,0,13 14,1,70,,30325,26,0,13 14,1,30,,30312,26,0,13 14,1,100,,26207,26,0,13 14,1,98,,30313,26,0,13 14,1
40601,'1',654,,30687,3,0,9 12,1,70,,22066,3,0,9 12,1,30,,30692,3,0,9 12,1,70,,30680,3,0,9 12,1,30,,30681,3,0,9 12,1,70,,30682,3,0,9 12,1,30,,30697,3,0,9 12,1,70,,30694,3,0,9 12,1,30,,21568,3,0,9 12,1,70,,30683,3,0,9 12,1,30,,30678,3,0,9 12,1,70,,30677,3,0,9 12,1,30,,30684,3,0,9 12,1,70,,30689,3,0,9 12,1,30,,30686,3,0,9 12,1,70,,30690,3,0,9 12,1,30,,30695,3,0,9 12,1,70,,30693,3,0,9 12,1,30,,30674,3,0,9 12,1,70,,23082,3,0,9 12,1,30,,30679,3,0,9 12,1,70,,30688,3,0,9 12,1,30,,30676,3,0,9 12,1,70,,30685,3,0,9 12,1,100,,30691,3,0,9 12,1,100,,30675,3,0,9 12,1,100,,24656,3,0,9 12,1,100,,30696,3,0,9 12,1,100,,23137,3,0,9 12,1
40601,'11',1824,,30701,3,0,9 12,1,100,,30698,3,0,9 12,1,100,,30700,3,0,9 12,1,100,,30699,3,0,9 12,1,100,,30703,3,0,9 12,1,100,,30702,3,0,9 12,1
40601,'12',1124,,30708,3,0,9 12,1,100,,30709,3,0,9 12,1,100,,30704,3,0,9 12,1,100,,30710,3,0,9 12,1,100,,30707,3,0,9 12,1,100,,30706,3,0,9 12,1,100,,30705,3,0,9 12,1
40601,'14',654,,30726,3,0,9 12,1,70,,30724,3,0,9 12,1,30,,30730,3,0,9 12,1,70,,25115,3,0,9 12,1,30,,30718,3,0,9 12,1,70,,30719,3,0,9 12,1,30,,30736,3,0,9 12,1,70,,30732,3,0,9 12,1,30,,30729,3,0,9 12,1,70,,30720,3,0,9 12,1,30,,30716,3,0,9 12,1,70,,30715,3,0,9 12,1,30,,30721,3,0,9 12,1,70,,25922,3,0,9 12,1,30,,30725,3,0,9 12,1,70,,30728,3,0,9 12,1,30,,30734,3,0,9 12,1,70,,30731,3,0,9 12,1,30,,30711,3,0,9 12,1,70,,30723,3,0,9 12,1,30,,30717,3,0,9 12,1,70,,30727,3,0,9 12,1,30,,30714,3,0,9 12,1,70,,30722,3,0,9 12,1,100,,24587,3,0,9 12,1,100,,30712,3,0,9 12,1,100,,30713,3,0,9 12,1,100,,30735,3,0,9 12,1,100,,30733,3,0,9 12,1
40601,'3',1824,,30740,3,0,9 12,1,100,,30737,3,0,9 12,1,100,,30739,3,0,9 12,1,100,,30738,3,0,9 12,1,100,,30742,3,0,9 12,1,100,,30741,3,0,9 12,1
40601,'8',924,,30757,3,0,9 12,1,100,,30748,3,0,9 12,1,30,,30753,3,0,9 12,1,70,,30747,3,0,9 12,1,30,,30760,3,0,9 12,1,70,,30750,3,0,9 12,1,30,,30746,3,0,9 12,1,70,,30756,3,0,9 12,1,30,,30744,3,0,9 12,1,70,,30751,3,0,9 12,1,30,,30754,3,0,9 12,1,70,,30759,3,0,9 12,1,30,,30749,3,0,9 12,1,70,,30745,3,0,9 12,1,30,,26014,3,0,9 12,1,70,,30755,3,0,9 12,1,30,,30758,3,0,9 12,1,70,,30752,3,0,9 12,1,100,,30743,3,0,9 12,1
