30101,'12',550,,32951,9,0,5 15,1,70,,32950,9,0,5 15,1,30,,32970,9,0,5 15,1,70,,32946,9,0,5 15,1,30,,32959,9,0,5 15,1,70,,32981,9,0,5 15,1,30,,32958,9,0,5 15,1,70,,32968,9,0,5 15,1,30,,32983,9,0,5 15,1,71,,32963,9,0,5 15,1,30,,32979,9,0,5 15,1,70,,32953,9,0,5 15,1,30,,32982,9,0,5 15,1,70,,32992,9,0,5 15,1,30,,32975,9,0,5 15,1,70,,32989,9,0,5 15,1,30,,32949,9,0,5 15,1,70,,32974,9,0,5 15,1,30,,32973,9,0,5 15,1,70,,32961,9,0,5 15,1,30,,32988,9,0,5 15,1,70,,32962,9,0,5 15,1,30,,32978,9,0,5 15,1,70,,32964,9,0,5 15,1,30,,32984,9,0,5 15,1,70,,32965,9,0,5 15,1
30101,'13',550,,33000,9,0,5 15,1,70,,28987,9,0,5 15,1,30,,28603,9,0,5 15,1,70,,32996,9,0,5 15,1,30,,28364,9,0,5 15,1,70,,33027,9,0,5 15,1,30,,33007,9,0,5 15,1,70,,21832,9,0,5 15,1,30,,33029,9,0,5 15,1,71,,33011,9,0,5 15,1,30,,33025,9,0,5 15,1,70,,33002,9,0,5 15,1,30,,33028,9,0,5 15,1,70,,33034,9,0,5 15,1,30,,33021,9,0,5 15,1,70,,33032,9,0,5 15,1,30,,32999,9,0,5 15,1,70,,33020,9,0,5 15,1,30,,33019,9,0,5 15,1,70,,33009,9,0,5 15,1,30,,33031,9,0,5 15,1,70,,33010,9,0,5 15,1,30,,33024,9,0,5 15,1,70,,33012,9,0,5 15,1,30,,27566,9,0,5 15,1,70,,33013,9,0,5 15,1
30101,'3',550,,33042,9,0,5 15,1,70,,29009,9,0,5 15,1,30,,28645,9,0,5 15,1,70,,33038,9,0,5 15,1,30,,28382,9,0,5 15,1,70,,33069,9,0,5 15,1,30,,33049,9,0,5 15,1,70,,21855,9,0,5 15,1,30,,33071,9,0,5 15,1,71,,33053,9,0,5 15,1,30,,33067,9,0,5 15,1,70,,33044,9,0,5 15,1,30,,33070,9,0,5 15,1,70,,33076,9,0,5 15,1,30,,33063,9,0,5 15,1,70,,33074,9,0,5 15,1,30,,33041,9,0,5 15,1,70,,33062,9,0,5 15,1,30,,33061,9,0,5 15,1,70,,33051,9,0,5 15,1,30,,33073,9,0,5 15,1,70,,33052,9,0,5 15,1,30,,33066,9,0,5 15,1,70,,33054,9,0,5 15,1,30,,27588,9,0,5 15,1,70,,33055,9,0,5 15,1
30101,'6',550,,33085,9,0,5 15,1,70,,33084,9,0,5 15,1,30,,33104,9,0,5 15,1,70,,33080,9,0,5 15,1,30,,33093,9,0,5 15,1,70,,33115,9,0,5 15,1,30,,33092,9,0,5 15,1,70,,33102,9,0,5 15,1,30,,33117,9,0,5 15,1,71,,33097,9,0,5 15,1,30,,33113,9,0,5 15,1,70,,33087,9,0,5 15,1,30,,33116,9,0,5 15,1,70,,33126,9,0,5 15,1,30,,33109,9,0,5 15,1,70,,33123,9,0,5 15,1,30,,33083,9,0,5 15,1,70,,33108,9,0,5 15,1,30,,33107,9,0,5 15,1,70,,33095,9,0,5 15,1,30,,33122,9,0,5 15,1,70,,33096,9,0,5 15,1,30,,33112,9,0,5 15,1,70,,33098,9,0,5 15,1,30,,33118,9,0,5 15,1,70,,33099,9,0,5 15,1
33701,'1',627,,37361,13,,,1,30,,37374,13,,,1,71,,37404,13,,,1,30,,37380,13,,,1,70,,37401,13,,,1,30,,37385,13,,,1,70,,37368,13,,,1,30,,37396,13,,,1,72,,37402,13,,,1,70,,37366,13,,,1,30,,37388,13,,,1,70,,37362,13,,,1,30,,37382,13,,,1,70,,37394,13,,,1,30,,37393,13,,,1,70,,37400,13,,,1,30,,37378,13,,,1,70,,31114,13,,,1,30,,37392,13,,,1,70,,37405,13,,,1,30,,37398,13,,,1,70,,37370,13,,,1,30,,37395,13,,,1,70,,37397,13,,,1,30,,37379,13,,,1
33701,'11',627,,37407,13,,,1,30,,37421,13,,,1,71,,37454,13,,,1,30,,37427,13,,,1,70,,37451,13,,,1,30,,37433,13,,,1,70,,37415,13,,,1,30,,37446,13,,,1,72,,37452,13,,,1,70,,37413,13,,,1,30,,37436,13,,,1,70,,37408,13,,,1,30,,37430,13,,,1,70,,37442,13,,,1,30,,37441,13,,,1,70,,37450,13,,,1,30,,37425,13,,,1,70,,37409,13,,,1,30,,37440,13,,,1,70,,37455,13,,,1,30,,37448,13,,,1,70,,37417,13,,,1,30,,37445,13,,,1,70,,37447,13,,,1,30,,37426,13,,,1
33701,'12',607,,37463,13,,,1,30,,37488,13,,,1,70,,37467,13,,,1,30,,37494,13,,,1,70,,37492,13,,,1,30,,37487,13,,,1,70,,37456,13,,,1,30,,37470,13,,,1,70,,37505,13,,,1,30,,37499,13,,,1,70,,37483,13,,,1,30,,37460,13,,,1,70,,37459,13,,,1,30,,37469,13,,,1,70,,37496,13,,,1,30,,37491,13,,,1,69,,37464,13,,,1,30,,37457,13,,,1,70,,37485,13,,,1,30,,37479,13,,,1,70,,37471,13,,,1,30,,37474,13,,,1,70,,37482,13,,,1,30,,37458,13,,,1,70,,37481,13,,,1
33701,'13',607,,22712,13,,,1,30,,37534,13,,,1,70,,37516,13,,,1,30,,37539,13,,,1,70,,27815,13,,,1,30,,37533,13,,,1,70,,37506,13,,,1,30,,37519,13,,,1,70,,37547,13,,,1,30,,37542,13,,,1,70,,28608,13,,,1,30,,37510,13,,,1,70,,37509,13,,,1,30,,37518,13,,,1,70,,32018,13,,,1,30,,37537,13,,,1,69,,37513,13,,,1,30,,37507,13,,,1,70,,37531,13,,,1,30,,37526,13,,,1,70,,32724,13,,,1,30,,37522,13,,,1,70,,37529,13,,,1,30,,37508,13,,,1,70,,37528,13,,,1
33701,'14',1030,,37565,13,,,1,70,,37563,13,,,1,30,,37550,13,,,1,70,,37556,13,,,1,30,,37570,13,,,1,70,,37555,13,,,1,30,,37560,13,,,1,70,,37569,13,,,1,30,,37557,13,,,1,70,,37572,13,,,1,30,,37551,13,,,1,70,,37552,13,,,1,30,,37576,13,,,1,70,,37571,13,,,1,30,,37553,13,,,1
33701,'16',627,,37578,13,,,1,30,,37591,13,,,1,71,,37621,13,,,1,30,,37597,13,,,1,70,,37618,13,,,1,30,,37602,13,,,1,70,,37585,13,,,1,30,,37613,13,,,1,72,,37619,13,,,1,70,,37583,13,,,1,30,,37605,13,,,1,70,,37579,13,,,1,30,,37599,13,,,1,70,,37611,13,,,1,30,,37610,13,,,1,70,,37617,13,,,1,30,,37595,13,,,1,70,,26840,13,,,1,30,,37609,13,,,1,70,,37622,13,,,1,30,,37615,13,,,1,70,,37587,13,,,1,30,,37612,13,,,1,70,,37614,13,,,1,30,,37596,13,,,1
33701,'3',607,,22734,13,,,1,30,,37651,13,,,1,70,,37633,13,,,1,30,,37656,13,,,1,70,,27838,13,,,1,30,,37650,13,,,1,70,,37623,13,,,1,30,,37636,13,,,1,70,,37664,13,,,1,30,,37659,13,,,1,70,,28650,13,,,1,30,,37627,13,,,1,70,,37626,13,,,1,30,,37635,13,,,1,70,,32058,13,,,1,30,,37654,13,,,1,69,,37630,13,,,1,30,,37624,13,,,1,70,,37648,13,,,1,30,,37643,13,,,1,70,,32737,13,,,1,30,,37639,13,,,1,70,,37646,13,,,1,30,,37625,13,,,1,70,,37645,13,,,1
33701,'6',607,,37672,13,,,1,30,,37697,13,,,1,70,,37676,13,,,1,30,,37703,13,,,1,70,,37701,13,,,1,30,,37696,13,,,1,70,,37665,13,,,1,30,,37679,13,,,1,70,,37714,13,,,1,30,,37708,13,,,1,70,,37692,13,,,1,30,,37669,13,,,1,70,,37668,13,,,1,30,,37678,13,,,1,70,,37705,13,,,1,30,,37700,13,,,1,69,,37673,13,,,1,30,,37666,13,,,1,70,,37694,13,,,1,30,,37688,13,,,1,70,,37680,13,,,1,30,,37683,13,,,1,70,,37691,13,,,1,30,,37667,13,,,1,70,,37690,13,,,1
33701,'8',1100,,37741,13,,,1,30,,37735,13,,,1,70,,37731,13,,,1,30,,37716,13,,,1,70,,37742,13,,,1,30,,37732,13,,,1,70,,37717,13,,,1,30,,37739,13,,,1,70,,37727,13,,,1,30,,37724,13,,,1,70,,37736,13,,,1,30,,37734,13,,,1,70,,37728,13,,,1,30,,37733,13,,,1,70,,37737,13,,,1
40101,'1',600,,38014,9,0,16,1,30,,38016,9,0,16,1,70,,38039,9,0,16,1,30,,38035,9,0,16,1,70,,38055,9,0,16,1,30,,38050,9,0,16,1,70,,29433,9,0,16,1,30,,38030,9,0,16,1,70,,38023,9,0,16,1,30,,38062,9,0,16,1,70,,38042,9,0,16,1,30,,38022,9,0,16,1,70,,24141,9,0,16,1,30,,38029,9,0,16,1,70,,38051,9,0,16,1,30,,38015,9,0,16,1,70,,38065,9,0,16,1,30,,38009,9,0,16,1,70,,38053,9,0,16,1,30,,38047,9,0,16,1,70,,38021,9,0,16,1,30,,38041,9,0,16,1,70,,38019,9,0,16,1,30,,38064,9,0,16,1,70,,38044,9,0,16,1,30,,38058,9,0,16,1,70,,38024,9,0,16,1,100,,38017,9,0,16,1,100,,38010,9,0,16,1,100,,38018,9,0,16,1,100,,38061,9,0,16,1
40101,'11',600,,38071,9,0,16,1,30,,38073,9,0,16,1,70,,38096,9,0,16,1,30,,38092,9,0,16,1,70,,38115,9,0,16,1,30,,38109,9,0,16,1,70,,38122,9,0,16,1,30,,38087,9,0,16,1,70,,38080,9,0,16,1,30,,38123,9,0,16,1,70,,38100,9,0,16,1,30,,38079,9,0,16,1,70,,38111,9,0,16,1,30,,38086,9,0,16,1,70,,38110,9,0,16,1,30,,38072,9,0,16,1,70,,38126,9,0,16,1,30,,38066,9,0,16,1,70,,38113,9,0,16,1,30,,38106,9,0,16,1,70,,38078,9,0,16,1,30,,38098,9,0,16,1,70,,38076,9,0,16,1,30,,38125,9,0,16,1,70,,38103,9,0,16,1,30,,38118,9,0,16,1,70,,38081,9,0,16,1,100,,38074,9,0,16,1,100,,38067,9,0,16,1,100,,38075,9,0,16,1,100,,38121,9,0,16,1
40101,'12',1900,,38136,9,0,16,1,100,,38131,9,0,16,1,100,,38135,9,0,16,1,100,,38129,9,0,16,1,100,,38127,9,0,16,1
40101,'13',1900,,38147,9,0,16,1,100,,38142,9,0,16,1,100,,38146,9,0,16,1,100,,38140,9,0,16,1,100,,38138,9,0,16,1
40101,'14',1100,,38154,9,0,16,1,100,,38161,9,0,16,1,100,,38152,9,0,16,1,100,,38163,9,0,16,1,100,,38160,9,0,16,1,100,,38150,9,0,16,1,100,,38155,9,0,16,1
40101,'16',600,,38169,9,0,16,1,30,,38171,9,0,16,1,70,,38194,9,0,16,1,30,,38190,9,0,16,1,70,,38210,9,0,16,1,30,,38205,9,0,16,1,70,,29553,9,0,16,1,30,,38185,9,0,16,1,70,,38178,9,0,16,1,30,,38217,9,0,16,1,70,,38197,9,0,16,1,30,,38177,9,0,16,1,70,,30819,9,0,16,1,30,,38184,9,0,16,1,70,,38206,9,0,16,1,30,,38170,9,0,16,1,70,,38220,9,0,16,1,30,,38164,9,0,16,1,70,,38208,9,0,16,1,30,,38202,9,0,16,1,70,,38176,9,0,16,1,30,,38196,9,0,16,1,70,,38174,9,0,16,1,30,,38219,9,0,16,1,70,,38199,9,0,16,1,30,,38213,9,0,16,1,70,,38179,9,0,16,1,100,,38172,9,0,16,1,100,,38165,9,0,16,1,100,,38173,9,0,16,1,100,,38216,9,0,16,1
40101,'3',1900,,38230,9,0,16,1,100,,38225,9,0,16,1,100,,38229,9,0,16,1,100,,38223,9,0,16,1,100,,38221,9,0,16,1
40101,'6',1900,,38241,9,0,16,1,100,,38236,9,0,16,1,100,,38240,9,0,16,1,100,,38234,9,0,16,1,100,,38232,9,0,16,1
40101,'8',900,,38256,9,0,16,1,100,,38280,9,0,16,1,100,,38265,9,0,16,1,30,,38271,9,0,16,1,70,,38275,9,0,16,1,30,,38277,9,0,16,1,70,,38264,9,0,16,1,30,,38249,9,0,16,1,70,,38266,9,0,16,1,30,,38270,9,0,16,1,70,,38255,9,0,16,1,30,,38278,9,0,16,1,70,,38259,9,0,16,1,30,,38246,9,0,16,1,70,,38257,9,0,16,1,30,,38261,9,0,16,1,70,,38250,9,0,16,1,30,,38245,9,0,16,1,70,,38263,9,0,16,1
43701,'1',1907,,32627,13,,,1,100,,41925,13,,,1,100,,41928,13,,,1,100,,41929,13,,,1,100,,41930,13,,,1
43701,'11',1907,,41939,13,,,1,100,,41933,13,,,1,100,,41937,13,,,1,100,,41938,13,,,1,100,,41940,13,,,1
43701,'12',1907,,41943,13,,,1,100,,41942,13,,,1,100,,41950,13,,,1,100,,41944,13,,,1,100,,41945,13,,,1
43701,'13',1907,,41953,13,,,1,100,,41952,13,,,1,100,,41959,13,,,1,100,,41954,13,,,1,100,,41955,13,,,1
43701,'16',1907,,41967,13,,,1,100,,41962,13,,,1,100,,41965,13,,,1,100,,41966,13,,,1,100,,41968,13,,,1
43701,'3',1907,,41971,13,,,1,100,,41970,13,,,1,100,,41977,13,,,1,100,,41972,13,,,1,100,,41973,13,,,1
43701,'6',1907,,41980,13,,,1,100,,41979,13,,,1,100,,41987,13,,,1,100,,41981,13,,,1,100,,41982,13,,,1
