30100,'1',615,,16,29,0,5 6,1,30,,28,29,0,5 6,1,70,,31,29,0,5 6,1,30,,26,29,0,5 6,1,70,,43,29,0,5 6,1,30,,15,29,0,5 6,1,70,,10,29,0,5 6,1,30,,2,29,0,5 6,1,70,,46,29,0,5 6,1,30,,11,29,0,5 6,1,70,,27,29,0,5 6,1,30,,7,29,0,5 6,1,70,,18,29,0,5 6,1,30,,38,29,0,5 6,1,70,,17,29,0,5 6,1,30,,12,29,0,5 6,1,70,,36,29,0,5 6,1,30,,6,29,0,5 6,1,70,,33,29,0,5 6,1,30,,19,29,0,5 6,1,70,,1,29,0,5 6,1,30,,24,29,0,5 6,1,70,,21,29,0,5 6,1,30,,37,29,0,5 6,1
30100,'10',615,,63,29,0,5 6,1,30,,75,29,0,5 6,1,70,,78,29,0,5 6,1,30,,73,29,0,5 6,1,70,,90,29,0,5 6,1,30,,62,29,0,5 6,1,70,,57,29,0,5 6,1,30,,49,29,0,5 6,1,70,,93,29,0,5 6,1,30,,58,29,0,5 6,1,70,,74,29,0,5 6,1,30,,54,29,0,5 6,1,70,,65,29,0,5 6,1,30,,85,29,0,5 6,1,70,,64,29,0,5 6,1,30,,59,29,0,5 6,1,70,,83,29,0,5 6,1,30,,53,29,0,5 6,1,70,,80,29,0,5 6,1,30,,66,29,0,5 6,1,70,,48,29,0,5 6,1,30,,71,29,0,5 6,1,70,,68,29,0,5 6,1,30,,84,29,0,5 6,1
30100,'11',615,,110,29,0,5 6,1,30,,122,29,0,5 6,1,70,,125,29,0,5 6,1,30,,120,29,0,5 6,1,70,,137,29,0,5 6,1,30,,109,29,0,5 6,1,70,,104,29,0,5 6,1,30,,96,29,0,5 6,1,70,,140,29,0,5 6,1,30,,105,29,0,5 6,1,70,,121,29,0,5 6,1,30,,101,29,0,5 6,1,70,,112,29,0,5 6,1,30,,132,29,0,5 6,1,70,,111,29,0,5 6,1,30,,106,29,0,5 6,1,70,,130,29,0,5 6,1,30,,100,29,0,5 6,1,70,,127,29,0,5 6,1,30,,113,29,0,5 6,1,70,,95,29,0,5 6,1,30,,118,29,0,5 6,1,70,,115,29,0,5 6,1,30,,131,29,0,5 6,1
30100,'3',615,,157,29,0,5 6,1,30,,169,29,0,5 6,1,70,,172,29,0,5 6,1,30,,167,29,0,5 6,1,70,,184,29,0,5 6,1,30,,156,29,0,5 6,1,70,,151,29,0,5 6,1,30,,143,29,0,5 6,1,70,,187,29,0,5 6,1,30,,152,29,0,5 6,1,70,,168,29,0,5 6,1,30,,148,29,0,5 6,1,70,,159,29,0,5 6,1,30,,179,29,0,5 6,1,70,,158,29,0,5 6,1,30,,153,29,0,5 6,1,70,,177,29,0,5 6,1,30,,147,29,0,5 6,1,70,,174,29,0,5 6,1,30,,160,29,0,5 6,1,70,,142,29,0,5 6,1,30,,165,29,0,5 6,1,70,,162,29,0,5 6,1,30,,178,29,0,5 6,1
40100,'1',1809,,5800,29,0,8,1,100,,5797,29,0,8,1,100,,5804,29,0,8,1,100,,5809,29,0,8,1,100,,5803,29,0,8,1,100,,5802,29,0,8,1,100,,5798,29,0,8,1
40100,'10',1809,,5814,29,0,8,1,100,,5811,29,0,8,1,100,,5818,29,0,8,1,100,,5823,29,0,8,1,100,,5817,29,0,8,1,100,,5816,29,0,8,1,100,,5812,29,0,8,1
40100,'11',1809,,5828,29,0,8,1,100,,5825,29,0,8,1,100,,5832,29,0,8,1,100,,5837,29,0,8,1,100,,5831,29,0,8,1,100,,5830,29,0,8,1,100,,5826,29,0,8,1
40100,'12',1109,,5842,29,0,8,1,100,,5854,29,0,8,1,100,,5850,29,0,8,1,100,,5839,29,0,8,1,100,,5840,29,0,8,1,100,,5845,29,0,8,1,100,,5848,29,0,8,1,100,,5843,29,0,8,1
40100,'14',639,,5907,29,0,8,1,70,,5862,29,0,8,1,30,,5901,29,0,8,1,70,,5909,29,0,8,1,30,,5905,29,0,8,1,70,,5913,29,0,8,1,30,,5863,29,0,8,1,70,,5869,29,0,8,1,30,,5865,29,0,8,1,70,,5895,29,0,8,1,30,,5896,29,0,8,1,70,,5856,29,0,8,1,30,,5908,29,0,8,1,70,,5885,29,0,8,1,30,,5875,29,0,8,1,70,,5910,29,0,8,1,30,,5891,29,0,8,1,70,,5898,29,0,8,1,30,,5897,29,0,8,1,70,,5881,29,0,8,1,30,,5870,29,0,8,1,70,,5886,29,0,8,1,30,,5902,29,0,8,1,70,,5914,29,0,8,1,100,,5912,29,0,8,1,100,,5872,29,0,8,1,100,,5889,29,0,8,1,100,,5903,29,0,8,1,100,,5880,29,0,8,1,100,,5911,29,0,8,1
40100,'3',1809,,5918,29,0,8,1,100,,5915,29,0,8,1,100,,5922,29,0,8,1,100,,5927,29,0,8,1,100,,5921,29,0,8,1,100,,5920,29,0,8,1,100,,5916,29,0,8,1
40100,'7',909,,5944,29,0,8,1,100,,5966,29,0,8,1,30,,5968,29,0,8,1,70,,5930,29,0,8,1,30,,5945,29,0,8,1,70,,5947,29,0,8,1,30,,5961,29,0,8,1,70,,5936,29,0,8,1,30,,5955,29,0,8,1,70,,5935,29,0,8,1,30,,5957,29,0,8,1,70,,5931,29,0,8,1,30,,5965,29,0,8,1,70,,5967,29,0,8,1,30,,5964,29,0,8,1,70,,5959,29,0,8,1,30,,5954,29,0,8,1,70,,5953,29,0,8,1,100,,5942,29,0,8,1,100,,5948,29,0,8,1
