30100,'11',617,,27361,5,0,5 6,1,30,,27337,5,0,5 6,1,70,,27355,5,0,5 6,1,30,,27370,5,0,5 6,1,70,,27336,5,0,5 6,1,30,,6785,5,0,5 6,1,70,,27357,5,0,5 6,1,30,,22225,5,0,5 6,1,70,,27367,5,0,5 6,1,30,,24152,5,0,5 6,1,70,,27356,5,0,5 6,1,30,,27363,5,0,5 6,1,70,,27349,5,0,5 6,1,30,,27359,5,0,5 6,1,70,,27348,5,0,5 6,1,30,,27333,5,0,5 6,1,70,,22859,5,0,5 6,1,30,,27365,5,0,5 6,1,70,,27358,5,0,5 6,1,30,,27344,5,0,5 6,1,70,,27345,5,0,5 6,1,30,,27369,5,0,5 6,1,70,,27347,5,0,5 6,1
30100,'3',617,,27399,5,0,5 6,1,30,,27375,5,0,5 6,1,70,,27393,5,0,5 6,1,30,,27408,5,0,5 6,1,70,,27374,5,0,5 6,1,30,,6829,5,0,5 6,1,70,,27395,5,0,5 6,1,30,,22244,5,0,5 6,1,70,,27405,5,0,5 6,1,30,,24162,5,0,5 6,1,70,,27394,5,0,5 6,1,30,,27401,5,0,5 6,1,70,,27387,5,0,5 6,1,30,,27397,5,0,5 6,1,70,,27386,5,0,5 6,1,30,,27371,5,0,5 6,1,70,,22879,5,0,5 6,1,30,,27403,5,0,5 6,1,70,,27396,5,0,5 6,1,30,,27382,5,0,5 6,1,70,,27383,5,0,5 6,1,30,,27407,5,0,5 6,1,70,,27385,5,0,5 6,1
33700,'1',731,,29436,5,,,1,70,,29427,5,,,1,30,,29401,5,,,1,70,,29407,5,,,1,30,,29442,5,,,1,70,,29412,5,,,1,30,,24259,5,,,1,70,,29438,5,,,1,30,,29425,5,,,1,70,,29416,5,,,1,30,,29406,5,,,1,70,,29419,5,,,1,30,,29423,5,,,1,70,,29417,5,,,1,30,,26406,5,,,1,70,,29415,5,,,1,30,,29404,5,,,1,70,,23725,5,,,1,30,,29403,5,,,1,70,,29437,5,,,1,30,,29409,5,,,1,70,,29434,5,,,1,30,,29424,5,,,1,70,,29418,5,,,1,30,,23651,5,,,1
33700,'11',701,,29460,5,,,1,30,,29483,5,,,1,70,,29474,5,,,1,30,,29465,5,,,1,70,,29462,5,,,1,30,,29445,5,,,1,70,,29481,5,,,1,30,,23332,5,,,1,70,,29450,5,,,1,30,,29482,5,,,1,70,,29484,5,,,1,30,,29454,5,,,1,70,,21466,5,,,1,30,,29467,5,,,1,70,,29449,5,,,1,30,,29463,5,,,1,70,,29448,5,,,1,30,,29480,5,,,1,70,,29461,5,,,1,30,,29458,5,,,1,70,,29464,5,,,1,30,,19106,5,,,1,70,,29486,5,,,1,30,,12268,5,,,1,70,,29472,5,,,1
33700,'12',1131,,29488,5,,,1,70,,29489,5,,,1,30,,29501,5,,,1,70,,29502,5,,,1,30,,29510,5,,,1,70,,29487,5,,,1,30,,29497,5,,,1,70,,29508,5,,,1,30,,29506,5,,,1,70,,29507,5,,,1,30,,29491,5,,,1,70,,29503,5,,,1,30,,29493,5,,,1,70,,29490,5,,,1,30,,29504,5,,,1
33700,'14',731,,29557,5,,,1,70,,29546,5,,,1,30,,29518,5,,,1,70,,29524,5,,,1,30,,29563,5,,,1,70,,29530,5,,,1,30,,29533,5,,,1,70,,29559,5,,,1,30,,26866,5,,,1,70,,29535,5,,,1,30,,29523,5,,,1,70,,29538,5,,,1,30,,29542,5,,,1,70,,29536,5,,,1,30,,29549,5,,,1,70,,29532,5,,,1,30,,29521,5,,,1,70,,29534,5,,,1,30,,29520,5,,,1,70,,29558,5,,,1,30,,29527,5,,,1,70,,29555,5,,,1,30,,29543,5,,,1,70,,29537,5,,,1,30,,29526,5,,,1
33700,'3',701,,29581,5,,,1,30,,29604,5,,,1,70,,29595,5,,,1,30,,29586,5,,,1,70,,29583,5,,,1,30,,29566,5,,,1,70,,29602,5,,,1,30,,23370,5,,,1,70,,29571,5,,,1,30,,29603,5,,,1,70,,29605,5,,,1,30,,29575,5,,,1,70,,21505,5,,,1,30,,29588,5,,,1,70,,29570,5,,,1,30,,29584,5,,,1,70,,29569,5,,,1,30,,29601,5,,,1,70,,29582,5,,,1,30,,29579,5,,,1,70,,29585,5,,,1,30,,19153,5,,,1,70,,29607,5,,,1,30,,12301,5,,,1,70,,29593,5,,,1
33700,'8',1201,,25555,5,,,1,30,,29618,5,,,1,70,,29624,5,,,1,30,,29626,5,,,1,70,,29617,5,,,1,30,,29629,5,,,1,70,,29634,5,,,1,30,,29630,5,,,1,70,,29613,5,,,1,30,,29611,5,,,1,70,,29635,5,,,1,30,,29622,5,,,1,70,,29620,5,,,1,30,,29625,5,,,1,70,,29623,5,,,1
40100,'1',616,,29888,5,0,8,1,30,,29890,5,0,8,1,70,,29908,5,0,8,1,30,,29891,5,0,8,1,70,,29871,5,0,8,1,30,,29897,5,0,8,1,70,,29910,5,0,8,1,30,,29914,5,0,8,1,71,,29887,5,0,8,1,30,,29916,5,0,8,1,70,,29919,5,0,8,1,30,,23084,5,0,8,1,70,,29889,5,0,8,1,30,,29909,5,0,8,1,70,,29877,5,0,8,1,30,,24668,5,0,8,1,69,,29903,5,0,8,1,30,,29881,5,0,8,1,70,,29874,5,0,8,1,30,,29901,5,0,8,1,70,,29900,5,0,8,1,30,,29892,5,0,8,1,70,,29876,5,0,8,1,30,,29880,5,0,8,1,100,,29906,5,0,8,1,100,,29883,5,0,8,1,100,,29885,5,0,8,1,100,,29872,5,0,8,1,100,,29870,5,0,8,1,100,,29896,5,0,8,1
40100,'11',1746,,29931,5,0,8,1,100,,29920,5,0,8,1,100,,29923,5,0,8,1,100,,29922,5,0,8,1,100,,24724,5,0,8,1,100,,29926,5,0,8,1,100,,29921,5,0,8,1
40100,'12',1047,,29938,5,0,8,1,100,,29939,5,0,8,1,100,,29936,5,0,8,1,100,,29933,5,0,8,1,99,,29937,5,0,8,1,100,,29941,5,0,8,1,100,,25360,5,0,8,1,100,,29944,5,0,8,1
40100,'14',616,,24954,5,0,8,1,30,,29970,5,0,8,1,70,,29991,5,0,8,1,30,,29971,5,0,8,1,70,,29948,5,0,8,1,30,,29978,5,0,8,1,70,,29993,5,0,8,1,30,,29997,5,0,8,1,71,,29968,5,0,8,1,30,,24808,5,0,8,1,70,,30001,5,0,8,1,30,,29977,5,0,8,1,70,,25531,5,0,8,1,30,,29992,5,0,8,1,70,,29954,5,0,8,1,30,,29965,5,0,8,1,69,,29986,5,0,8,1,30,,29958,5,0,8,1,70,,29951,5,0,8,1,30,,29983,5,0,8,1,70,,29981,5,0,8,1,30,,29972,5,0,8,1,70,,29953,5,0,8,1,30,,29957,5,0,8,1,100,,29989,5,0,8,1,100,,29961,5,0,8,1,100,,29966,5,0,8,1,100,,29949,5,0,8,1,100,,29947,5,0,8,1,100,,29976,5,0,8,1
40100,'3',1746,,30013,5,0,8,1,100,,30002,5,0,8,1,100,,30005,5,0,8,1,100,,30004,5,0,8,1,100,,24826,5,0,8,1,100,,30008,5,0,8,1,100,,30003,5,0,8,1
40100,'8',846,,30016,5,0,8,1,100,,30021,5,0,8,1,71,,30033,5,0,8,1,30,,30031,5,0,8,1,70,,30039,5,0,8,1,30,,30017,5,0,8,1,70,,30045,5,0,8,1,30,,30029,5,0,8,1,70,,30037,5,0,8,1,30,,30052,5,0,8,1,69,,30038,5,0,8,1,30,,30022,5,0,8,1,70,,30034,5,0,8,1,30,,30044,5,0,8,1,70,,30050,5,0,8,1,30,,30018,5,0,8,1,70,,30053,5,0,8,1,30,,30028,5,0,8,1,100,,30026,5,0,8,1,100,,30049,5,0,8,1
43700,'1',1947,,32647,5,,,1,100,,32643,5,,,1,100,,32642,5,,,1,100,,32649,5,,,1,100,,32646,5,,,1
43700,'11',1947,,32655,5,,,1,100,,32653,5,,,1,100,,32660,5,,,1,100,,32654,5,,,1,100,,22911,5,,,1
43700,'14',1947,,32666,5,,,1,100,,32662,5,,,1,100,,32661,5,,,1,100,,32668,5,,,1,100,,32665,5,,,1
43700,'3',1947,,32674,5,,,1,100,,32672,5,,,1,100,,32679,5,,,1,100,,32673,5,,,1,100,,22935,5,,,1
