30401,'12',642,,33600,11,0,49,1,70,,33598,11,0,49,1,30,,33593,11,0,49,1,70,,33577,11,0,49,1,30,,33581,11,0,49,1,70,,33589,11,0,49,1,30,,33591,11,0,49,1,70,,33601,11,0,49,1,30,,33580,11,0,49,1,70,,33584,11,0,49,1,30,,33578,11,0,49,1,70,,33592,11,0,49,1,30,,33585,11,0,49,1,70,,33586,11,0,49,1,30,,33582,11,0,49,1,71,,33595,11,0,49,1,30,,33588,11,0,49,1,70,,33590,11,0,49,1,30,,33596,11,0,49,1,70,,33587,11,0,49,1,30,,33599,11,0,49,1,70,,33594,11,0,49,1,30,,33583,11,0,49,1,70,,33579,11,0,49,1,30,,33597,11,0,49,1
30401,'13',642,,27613,11,0,49,1,70,,33620,11,0,49,1,30,,33615,11,0,49,1,70,,22338,11,0,49,1,30,,33605,11,0,49,1,70,,33612,11,0,49,1,30,,33613,11,0,49,1,70,,33622,11,0,49,1,30,,33604,11,0,49,1,70,,33607,11,0,49,1,30,,33602,11,0,49,1,70,,33614,11,0,49,1,30,,33608,11,0,49,1,70,,33609,11,0,49,1,30,,21594,11,0,49,1,71,,33617,11,0,49,1,30,,33611,11,0,49,1,70,,28194,11,0,49,1,30,,33618,11,0,49,1,70,,33610,11,0,49,1,30,,33621,11,0,49,1,70,,33616,11,0,49,1,30,,33606,11,0,49,1,70,,33603,11,0,49,1,30,,33619,11,0,49,1
30401,'3',642,,27636,11,0,49,1,70,,33641,11,0,49,1,30,,33636,11,0,49,1,70,,22360,11,0,49,1,30,,33626,11,0,49,1,70,,33633,11,0,49,1,30,,33634,11,0,49,1,70,,33643,11,0,49,1,30,,33625,11,0,49,1,70,,33628,11,0,49,1,30,,33623,11,0,49,1,70,,33635,11,0,49,1,30,,33629,11,0,49,1,70,,33630,11,0,49,1,30,,21637,11,0,49,1,71,,33638,11,0,49,1,30,,33632,11,0,49,1,70,,28215,11,0,49,1,30,,33639,11,0,49,1,70,,33631,11,0,49,1,30,,33642,11,0,49,1,70,,33637,11,0,49,1,30,,33627,11,0,49,1,70,,33624,11,0,49,1,30,,33640,11,0,49,1
30401,'6',642,,33667,11,0,49,1,70,,33665,11,0,49,1,30,,33660,11,0,49,1,70,,33644,11,0,49,1,30,,33648,11,0,49,1,70,,33656,11,0,49,1,30,,33658,11,0,49,1,70,,33668,11,0,49,1,30,,33647,11,0,49,1,70,,33651,11,0,49,1,30,,33645,11,0,49,1,70,,33659,11,0,49,1,30,,33652,11,0,49,1,70,,33653,11,0,49,1,30,,33649,11,0,49,1,71,,33662,11,0,49,1,30,,33655,11,0,49,1,70,,33657,11,0,49,1,30,,33663,11,0,49,1,70,,33654,11,0,49,1,30,,33666,11,0,49,1,70,,33661,11,0,49,1,30,,33650,11,0,49,1,70,,33646,11,0,49,1,30,,33664,11,0,49,1
40401,'1',704,,38683,11,0,39 51,1,30,,38685,11,0,39 51,1,70,,38681,11,0,39 51,1,30,,38682,11,0,39 51,1,70,,38708,11,0,39 51,1,30,,38707,11,0,39 51,1,70,,38700,11,0,39 51,1,31,,38697,11,0,39 51,1,70,,30770,11,0,39 51,1,30,,38689,11,0,39 51,1,70,,38703,11,0,39 51,1,30,,38686,11,0,39 51,1,70,,38690,11,0,39 51,1,30,,38706,11,0,39 51,1,70,,38696,11,0,39 51,1,30,,38702,11,0,39 51,1,70,,38693,11,0,39 51,1,30,,38695,11,0,39 51,1,70,,38701,11,0,39 51,1,30,,38694,11,0,39 51,1,70,,38705,11,0,39 51,1,30,,38698,11,0,39 51,1,70,,38684,11,0,39 51,1,30,,38688,11,0,39 51,1,70,,38691,11,0,39 51,1,99,,38704,11,0,39 51,1,100,,38699,11,0,39 51,1,100,,38692,11,0,39 51,1,100,,38687,11,0,39 51,1
40401,'11',704,,38711,11,0,39 51,1,30,,38713,11,0,39 51,1,70,,38709,11,0,39 51,1,30,,38710,11,0,39 51,1,70,,38737,11,0,39 51,1,30,,38736,11,0,39 51,1,70,,38729,11,0,39 51,1,31,,38726,11,0,39 51,1,70,,38716,11,0,39 51,1,30,,38718,11,0,39 51,1,70,,38732,11,0,39 51,1,30,,38714,11,0,39 51,1,70,,38719,11,0,39 51,1,30,,38735,11,0,39 51,1,70,,38725,11,0,39 51,1,30,,38731,11,0,39 51,1,70,,38722,11,0,39 51,1,30,,38724,11,0,39 51,1,70,,38730,11,0,39 51,1,30,,38723,11,0,39 51,1,70,,38734,11,0,39 51,1,30,,38727,11,0,39 51,1,70,,38712,11,0,39 51,1,30,,38717,11,0,39 51,1,70,,38720,11,0,39 51,1,99,,38733,11,0,39 51,1,100,,38728,11,0,39 51,1,100,,38721,11,0,39 51,1,100,,38715,11,0,39 51,1
40401,'12',1905,,38741,11,0,39 51,1,99,,38739,11,0,39 51,1,100,,38738,11,0,39 51,1,100,,38742,11,0,39 51,1,100,,38740,11,0,39 51,1
40401,'13',1905,,38746,11,0,39 51,1,99,,38744,11,0,39 51,1,100,,38743,11,0,39 51,1,100,,38747,11,0,39 51,1,100,,38745,11,0,39 51,1
40401,'14',1105,,38752,11,0,39 51,1,100,,38751,11,0,39 51,1,100,,38748,11,0,39 51,1,100,,38754,11,0,39 51,1,100,,38749,11,0,39 51,1,100,,38753,11,0,39 51,1,100,,38755,11,0,39 51,1,100,,38750,11,0,39 51,1
40401,'16',704,,38758,11,0,39 51,1,30,,38760,11,0,39 51,1,70,,38756,11,0,39 51,1,30,,38757,11,0,39 51,1,70,,38783,11,0,39 51,1,30,,38782,11,0,39 51,1,70,,38775,11,0,39 51,1,31,,38772,11,0,39 51,1,70,,30812,11,0,39 51,1,30,,38764,11,0,39 51,1,70,,38778,11,0,39 51,1,30,,38761,11,0,39 51,1,70,,38765,11,0,39 51,1,30,,38781,11,0,39 51,1,70,,38771,11,0,39 51,1,30,,38777,11,0,39 51,1,70,,38768,11,0,39 51,1,30,,38770,11,0,39 51,1,70,,38776,11,0,39 51,1,30,,38769,11,0,39 51,1,70,,38780,11,0,39 51,1,30,,38773,11,0,39 51,1,70,,38759,11,0,39 51,1,30,,38763,11,0,39 51,1,70,,38766,11,0,39 51,1,99,,38779,11,0,39 51,1,100,,38774,11,0,39 51,1,100,,38767,11,0,39 51,1,100,,38762,11,0,39 51,1
40401,'3',1905,,38787,11,0,39 51,1,99,,38785,11,0,39 51,1,100,,38784,11,0,39 51,1,100,,38788,11,0,39 51,1,100,,38786,11,0,39 51,1
40401,'6',1905,,38792,11,0,39 51,1,99,,38790,11,0,39 51,1,100,,38789,11,0,39 51,1,100,,38793,11,0,39 51,1,100,,38791,11,0,39 51,1
40401,'8',904,,38807,11,0,39 51,1,100,,38811,11,0,39 51,1,31,,38810,11,0,39 51,1,70,,38795,11,0,39 51,1,30,,38797,11,0,39 51,1,70,,38801,11,0,39 51,1,30,,38802,11,0,39 51,1,70,,38803,11,0,39 51,1,30,,38796,11,0,39 51,1,70,,38794,11,0,39 51,1,30,,38812,11,0,39 51,1,70,,38804,11,0,39 51,1,30,,38798,11,0,39 51,1,70,,38813,11,0,39 51,1,30,,38806,11,0,39 51,1,70,,38808,11,0,39 51,1,30,,38805,11,0,39 51,1,70,,38809,11,0,39 51,1,100,,38799,11,0,39 51,1,99,,38800,11,0,39 51,1
