31801,'12',610,,36057,17,0,45 50,1,30,,36068,17,0,45 50,1,71,,36059,17,0,45 50,1,30,,36064,17,0,45 50,1,70,,36069,17,0,45 50,1,30,,36076,17,0,45 50,1,70,,36071,17,0,45 50,1,30,,36058,17,0,45 50,1,71,,36078,17,0,45 50,1,30,,36075,17,0,45 50,1,70,,36062,17,0,45 50,1,30,,36060,17,0,45 50,1,70,,36067,17,0,45 50,1,30,,36077,17,0,45 50,1,70,,36065,17,0,45 50,1,30,,36074,17,0,45 50,1,68,,36066,17,0,45 50,1,30,,36070,17,0,45 50,1,70,,36063,17,0,45 50,1,30,,36072,17,0,45 50,1,70,,36073,17,0,45 50,1,30,,36061,17,0,45 50,1,70,,36053,17,0,45 50,1,30,,36056,17,0,45 50,1,70,,36055,17,0,45 50,1,30,,36054,17,0,45 50,1
31801,'13',610,,36083,17,0,45 50,1,30,,36092,17,0,45 50,1,71,,36085,17,0,45 50,1,30,,36089,17,0,45 50,1,70,,36093,17,0,45 50,1,30,,36099,17,0,45 50,1,70,,36095,17,0,45 50,1,30,,36084,17,0,45 50,1,71,,36101,17,0,45 50,1,30,,36098,17,0,45 50,1,70,,21825,17,0,45 50,1,30,,36086,17,0,45 50,1,70,,36091,17,0,45 50,1,30,,36100,17,0,45 50,1,70,,9655,17,0,45 50,1,30,,28819,17,0,45 50,1,68,,36090,17,0,45 50,1,30,,36094,17,0,45 50,1,70,,36088,17,0,45 50,1,30,,36096,17,0,45 50,1,70,,36097,17,0,45 50,1,30,,36087,17,0,45 50,1,70,,36079,17,0,45 50,1,30,,36082,17,0,45 50,1,70,,36081,17,0,45 50,1,30,,36080,17,0,45 50,1
31801,'3',610,,36106,17,0,45 50,1,30,,36115,17,0,45 50,1,71,,36108,17,0,45 50,1,30,,36112,17,0,45 50,1,70,,36116,17,0,45 50,1,30,,36122,17,0,45 50,1,70,,36118,17,0,45 50,1,30,,36107,17,0,45 50,1,71,,36124,17,0,45 50,1,30,,36121,17,0,45 50,1,70,,21848,17,0,45 50,1,30,,36109,17,0,45 50,1,70,,36114,17,0,45 50,1,30,,36123,17,0,45 50,1,70,,9697,17,0,45 50,1,30,,28842,17,0,45 50,1,68,,36113,17,0,45 50,1,30,,36117,17,0,45 50,1,70,,36111,17,0,45 50,1,30,,36119,17,0,45 50,1,70,,36120,17,0,45 50,1,30,,36110,17,0,45 50,1,70,,36102,17,0,45 50,1,30,,36105,17,0,45 50,1,70,,36104,17,0,45 50,1,30,,36103,17,0,45 50,1
31801,'6',610,,36129,17,0,45 50,1,30,,36140,17,0,45 50,1,71,,36131,17,0,45 50,1,30,,36136,17,0,45 50,1,70,,36141,17,0,45 50,1,30,,36148,17,0,45 50,1,70,,36143,17,0,45 50,1,30,,36130,17,0,45 50,1,71,,36150,17,0,45 50,1,30,,36147,17,0,45 50,1,70,,36134,17,0,45 50,1,30,,36132,17,0,45 50,1,70,,36139,17,0,45 50,1,30,,36149,17,0,45 50,1,70,,36137,17,0,45 50,1,30,,36146,17,0,45 50,1,68,,36138,17,0,45 50,1,30,,36142,17,0,45 50,1,70,,36135,17,0,45 50,1,30,,36144,17,0,45 50,1,70,,36145,17,0,45 50,1,30,,36133,17,0,45 50,1,70,,36125,17,0,45 50,1,30,,36128,17,0,45 50,1,70,,36127,17,0,45 50,1,30,,36126,17,0,45 50,1
41801,'1',626,,41138,17,0,45 50,1,30,,41133,17,0,45 50,1,70,,41141,17,0,45 50,1,30,,41144,17,0,45 50,1,70,,41131,17,0,45 50,1,30,,41145,17,0,45 50,1,70,,41140,17,0,45 50,1,30,,41132,17,0,45 50,1,71,,41154,17,0,45 50,1,30,,41136,17,0,45 50,1,70,,41137,17,0,45 50,1,30,,41155,17,0,45 50,1,70,,41148,17,0,45 50,1,30,,32507,17,0,45 50,1,70,,29113,17,0,45 50,1,30,,41146,17,0,45 50,1,70,,41142,17,0,45 50,1,30,,41143,17,0,45 50,1,70,,41151,17,0,45 50,1,30,,41150,17,0,45 50,1,70,,41147,17,0,45 50,1,30,,41153,17,0,45 50,1,70,,31460,17,0,45 50,1,30,,41135,17,0,45 50,1,70,,41152,17,0,45 50,1,30,,41134,17,0,45 50,1,99,,41139,17,0,45 50,1,100,,30259,17,0,45 50,1,100,,41149,17,0,45 50,1,100,,29424,17,0,45 50,1
41801,'11',626,,41165,17,0,45 50,1,30,,41159,17,0,45 50,1,70,,41168,17,0,45 50,1,30,,41171,17,0,45 50,1,70,,41157,17,0,45 50,1,30,,41173,17,0,45 50,1,70,,41167,17,0,45 50,1,30,,41158,17,0,45 50,1,71,,41184,17,0,45 50,1,30,,41162,17,0,45 50,1,70,,41163,17,0,45 50,1,30,,41185,17,0,45 50,1,70,,41176,17,0,45 50,1,30,,41172,17,0,45 50,1,70,,41164,17,0,45 50,1,30,,41174,17,0,45 50,1,70,,41169,17,0,45 50,1,30,,41170,17,0,45 50,1,70,,41180,17,0,45 50,1,30,,41179,17,0,45 50,1,70,,41175,17,0,45 50,1,30,,41182,17,0,45 50,1,70,,41156,17,0,45 50,1,30,,41161,17,0,45 50,1,70,,41181,17,0,45 50,1,30,,41160,17,0,45 50,1,99,,41166,17,0,45 50,1,100,,41183,17,0,45 50,1,100,,41178,17,0,45 50,1,100,,41177,17,0,45 50,1
41801,'12',1857,,41188,17,0,45 50,1,99,,41186,17,0,45 50,1,100,,41190,17,0,45 50,1,100,,41189,17,0,45 50,1,100,,41187,17,0,45 50,1
41801,'13',1857,,41193,17,0,45 50,1,99,,41191,17,0,45 50,1,100,,41195,17,0,45 50,1,100,,41194,17,0,45 50,1,100,,41192,17,0,45 50,1
41801,'14',1157,,41200,17,0,45 50,1,100,,41197,17,0,45 50,1,100,,41198,17,0,45 50,1,100,,41201,17,0,45 50,1,100,,41196,17,0,45 50,1,100,,41199,17,0,45 50,1,100,,41202,17,0,45 50,1
41801,'16',626,,41210,17,0,45 50,1,30,,41205,17,0,45 50,1,70,,41213,17,0,45 50,1,30,,41216,17,0,45 50,1,70,,41203,17,0,45 50,1,30,,41218,17,0,45 50,1,70,,41212,17,0,45 50,1,30,,41204,17,0,45 50,1,71,,41227,17,0,45 50,1,30,,41208,17,0,45 50,1,70,,41209,17,0,45 50,1,30,,41228,17,0,45 50,1,70,,41221,17,0,45 50,1,30,,41217,17,0,45 50,1,70,,29137,17,0,45 50,1,30,,41219,17,0,45 50,1,70,,41214,17,0,45 50,1,30,,41215,17,0,45 50,1,70,,41224,17,0,45 50,1,30,,41223,17,0,45 50,1,70,,41220,17,0,45 50,1,30,,41226,17,0,45 50,1,70,,31476,17,0,45 50,1,30,,41207,17,0,45 50,1,70,,41225,17,0,45 50,1,30,,41206,17,0,45 50,1,99,,41211,17,0,45 50,1,100,,30300,17,0,45 50,1,100,,41222,17,0,45 50,1,100,,29543,17,0,45 50,1
41801,'3',1857,,41231,17,0,45 50,1,99,,41229,17,0,45 50,1,100,,41233,17,0,45 50,1,100,,41232,17,0,45 50,1,100,,41230,17,0,45 50,1
41801,'6',1857,,41236,17,0,45 50,1,99,,41234,17,0,45 50,1,100,,41238,17,0,45 50,1,100,,41237,17,0,45 50,1,100,,41235,17,0,45 50,1
41801,'8',856,,41247,17,0,45 50,1,100,,41243,17,0,45 50,1,101,,41246,17,0,45 50,1,70,,41239,17,0,45 50,1,30,,41254,17,0,45 50,1,70,,41248,17,0,45 50,1,30,,41257,17,0,45 50,1,70,,41242,17,0,45 50,1,30,,41253,17,0,45 50,1,70,,41252,17,0,45 50,1,30,,41240,17,0,45 50,1,70,,41241,17,0,45 50,1,30,,41255,17,0,45 50,1,70,,41256,17,0,45 50,1,30,,41245,17,0,45 50,1,70,,41258,17,0,45 50,1,30,,41249,17,0,45 50,1,70,,41250,17,0,45 50,1,30,,41244,17,0,45 50,1,99,,41251,17,0,45 50,1
