33700,'1',713,,36993,17,,,1,30,,37006,17,,,1,70,,37000,17,,,1,30,,37011,17,,,1,70,,36982,17,,,1,30,,37002,17,,,1,70,,37025,17,,,1,30,,36994,17,,,1,70,,37007,17,,,1,30,,36997,17,,,1,70,,36992,17,,,1,30,,37009,17,,,1,70,,37016,17,,,1,30,,36988,17,,,1,70,,37024,17,,,1,30,,37027,17,,,1,70,,37014,17,,,1,30,,36995,17,,,1,70,,36983,17,,,1,30,,37004,17,,,1,70,,36991,17,,,1,30,,36996,17,,,1,70,,36986,17,,,1,30,,37022,17,,,1,70,,31991,17,,,1
33700,'11',713,,37041,17,,,1,30,,37056,17,,,1,70,,37049,17,,,1,30,,37061,17,,,1,70,,37029,17,,,1,30,,37051,17,,,1,70,,37075,17,,,1,30,,37042,17,,,1,70,,37057,17,,,1,30,,37046,17,,,1,70,,37040,17,,,1,30,,37059,17,,,1,70,,37066,17,,,1,30,,37036,17,,,1,70,,37074,17,,,1,30,,37077,17,,,1,70,,37064,17,,,1,30,,37043,17,,,1,70,,37030,17,,,1,30,,37053,17,,,1,70,,37039,17,,,1,30,,37044,17,,,1,70,,37034,17,,,1,30,,37072,17,,,1,70,,37033,17,,,1
33700,'12',643,,37100,17,,,1,70,,37111,17,,,1,30,,37082,17,,,1,70,,37089,17,,,1,30,,37103,17,,,1,70,,37090,17,,,1,30,,37116,17,,,1,70,,37087,17,,,1,30,,37104,17,,,1,70,,37097,17,,,1,30,,37079,17,,,1,70,,37088,17,,,1,30,,37109,17,,,1,70,,37124,17,,,1,30,,37094,17,,,1,70,,37095,17,,,1,30,,37122,17,,,1,70,,37102,17,,,1,30,,37119,17,,,1,70,,37113,17,,,1,30,,37099,17,,,1,70,,37101,17,,,1,30,,37117,17,,,1,70,,37114,17,,,1,30,,37080,17,,,1
33700,'13',643,,37145,17,,,1,70,,37154,17,,,1,30,,37132,17,,,1,70,,37136,17,,,1,30,,29323,17,,,1,70,,37137,17,,,1,30,,37156,17,,,1,70,,29041,17,,,1,30,,37147,17,,,1,70,,37142,17,,,1,30,,37129,17,,,1,70,,28682,17,,,1,30,,37152,17,,,1,70,,37163,17,,,1,30,,37140,17,,,1,70,,37141,17,,,1,30,,37161,17,,,1,70,,27428,17,,,1,30,,37159,17,,,1,70,,29162,17,,,1,30,,37144,17,,,1,70,,37146,17,,,1,30,,37157,17,,,1,70,,32600,17,,,1,30,,37130,17,,,1
33700,'14',1113,,37187,17,,,1,30,,37176,17,,,1,70,,37191,17,,,1,30,,37178,17,,,1,70,,37184,17,,,1,30,,37189,17,,,1,70,,37171,17,,,1,30,,37186,17,,,1,70,,37167,17,,,1,30,,37179,17,,,1,70,,37185,17,,,1,30,,37180,17,,,1,70,,37173,17,,,1,30,,37172,17,,,1,70,,37182,17,,,1
33700,'16',713,,37208,17,,,1,30,,37221,17,,,1,70,,37215,17,,,1,30,,37226,17,,,1,70,,37197,17,,,1,30,,37217,17,,,1,70,,37240,17,,,1,30,,37209,17,,,1,70,,37222,17,,,1,30,,37212,17,,,1,70,,37207,17,,,1,30,,37224,17,,,1,70,,37231,17,,,1,30,,37203,17,,,1,70,,37239,17,,,1,30,,37242,17,,,1,70,,37229,17,,,1,30,,37210,17,,,1,70,,37198,17,,,1,30,,37219,17,,,1,70,,37206,17,,,1,30,,37211,17,,,1,70,,37201,17,,,1,30,,37237,17,,,1,70,,32029,17,,,1
33700,'3',643,,37260,17,,,1,70,,37269,17,,,1,30,,37247,17,,,1,70,,37251,17,,,1,30,,29344,17,,,1,70,,37252,17,,,1,30,,37271,17,,,1,70,,29047,17,,,1,30,,37262,17,,,1,70,,37257,17,,,1,30,,37244,17,,,1,70,,28726,17,,,1,30,,37267,17,,,1,70,,37278,17,,,1,30,,37255,17,,,1,70,,37256,17,,,1,30,,37276,17,,,1,70,,27477,17,,,1,30,,37274,17,,,1,70,,29172,17,,,1,30,,37259,17,,,1,70,,37261,17,,,1,30,,37272,17,,,1,70,,32607,17,,,1,30,,37245,17,,,1
33700,'6',643,,37304,17,,,1,70,,37315,17,,,1,30,,37286,17,,,1,70,,37293,17,,,1,30,,37307,17,,,1,70,,37294,17,,,1,30,,37320,17,,,1,70,,37291,17,,,1,30,,37308,17,,,1,70,,37301,17,,,1,30,,37283,17,,,1,70,,37292,17,,,1,30,,37313,17,,,1,70,,37328,17,,,1,30,,37298,17,,,1,70,,37299,17,,,1,30,,37326,17,,,1,70,,37306,17,,,1,30,,37323,17,,,1,70,,37317,17,,,1,30,,37303,17,,,1,70,,37305,17,,,1,30,,37321,17,,,1,70,,37318,17,,,1,30,,37284,17,,,1
33700,'8',1143,,37337,17,,,1,70,,37340,17,,,1,30,,37352,17,,,1,70,,37343,17,,,1,30,,37344,17,,,1,70,,29852,17,,,1,30,,37359,17,,,1,70,,37333,17,,,1,30,,37346,17,,,1,70,,37348,17,,,1,30,,37358,17,,,1,70,,37354,17,,,1,30,,37355,17,,,1,70,,37334,17,,,1,30,,37335,17,,,1
43700,'1',1930,,41864,9,,,1,100,,41858,9,,,1,100,,41865,9,,,1,100,,41859,9,,,1,100,,41860,9,,,1
43700,'11',1930,,41874,9,,,1,100,,41867,9,,,1,100,,41875,9,,,1,100,,41868,9,,,1,100,,41869,9,,,1
43700,'12',1930,,41877,9,,,1,100,,41885,9,,,1,100,,41879,9,,,1,100,,41883,9,,,1,100,,41882,9,,,1
43700,'13',1930,,41887,9,,,1,100,,41894,9,,,1,100,,41889,9,,,1,100,,27816,9,,,1,100,,41892,9,,,1
43700,'16',1930,,41902,9,,,1,100,,41896,9,,,1,100,,41903,9,,,1,100,,41897,9,,,1,100,,41898,9,,,1
43700,'3',1930,,41905,9,,,1,100,,41912,9,,,1,100,,41907,9,,,1,100,,27839,9,,,1,100,,41910,9,,,1
43700,'6',1930,,41914,9,,,1,100,,41922,9,,,1,100,,41916,9,,,1,100,,41920,9,,,1,100,,41919,9,,,1
