30900,'1',625,,1747,21,0,23,1,30,,1742,21,0,23,1,71,,1748,21,0,23,1,30,,1731,21,0,23,1,70,,1749,21,0,23,1,30,,1739,21,0,23,1,70,,1733,21,0,23,1,30,,1736,21,0,23,1,71,,1745,21,0,23,1,30,,1750,21,0,23,1,70,,1740,21,0,23,1,30,,1751,21,0,23,1,70,,1729,21,0,23,1,30,,1744,21,0,23,1,70,,1730,21,0,23,1,30,,1738,21,0,23,1,74,,1734,21,0,23,1,70,,1743,21,0,23,1,30,,1732,21,0,23,1,70,,1741,21,0,23,1,30,,1737,21,0,23,1,70,,1735,21,0,23,1,30,,1746,21,0,23,1
30900,'10',625,,1770,21,0,23,1,30,,1765,21,0,23,1,71,,1771,21,0,23,1,30,,1754,21,0,23,1,70,,1772,21,0,23,1,30,,1762,21,0,23,1,70,,1756,21,0,23,1,30,,1759,21,0,23,1,71,,1768,21,0,23,1,30,,1773,21,0,23,1,70,,1763,21,0,23,1,30,,1774,21,0,23,1,70,,1752,21,0,23,1,30,,1767,21,0,23,1,70,,1753,21,0,23,1,30,,1761,21,0,23,1,74,,1757,21,0,23,1,70,,1766,21,0,23,1,30,,1755,21,0,23,1,70,,1764,21,0,23,1,30,,1760,21,0,23,1,70,,1758,21,0,23,1,30,,1769,21,0,23,1
30900,'11',625,,1793,21,0,23,1,30,,1788,21,0,23,1,71,,1794,21,0,23,1,30,,1777,21,0,23,1,70,,1795,21,0,23,1,30,,1785,21,0,23,1,70,,1779,21,0,23,1,30,,1782,21,0,23,1,71,,1791,21,0,23,1,30,,1796,21,0,23,1,70,,1786,21,0,23,1,30,,1797,21,0,23,1,70,,1775,21,0,23,1,30,,1790,21,0,23,1,70,,1776,21,0,23,1,30,,1784,21,0,23,1,74,,1780,21,0,23,1,70,,1789,21,0,23,1,30,,1778,21,0,23,1,70,,1787,21,0,23,1,30,,1783,21,0,23,1,70,,1781,21,0,23,1,30,,1792,21,0,23,1
30900,'3',625,,1816,21,0,23,1,30,,1811,21,0,23,1,71,,1817,21,0,23,1,30,,1800,21,0,23,1,70,,1818,21,0,23,1,30,,1808,21,0,23,1,70,,1802,21,0,23,1,30,,1805,21,0,23,1,71,,1814,21,0,23,1,30,,1819,21,0,23,1,70,,1809,21,0,23,1,30,,1820,21,0,23,1,70,,1798,21,0,23,1,30,,1813,21,0,23,1,70,,1799,21,0,23,1,30,,1807,21,0,23,1,74,,1803,21,0,23,1,70,,1812,21,0,23,1,30,,1801,21,0,23,1,70,,1810,21,0,23,1,30,,1806,21,0,23,1,70,,1804,21,0,23,1,30,,1815,21,0,23,1
40900,'1',1801,,6774,21,0,23,1,100,,6771,21,0,23,1,58,,6770,21,0,23,1,100,,6773,21,0,23,1,100,,6776,21,0,23,1,100,,6772,21,0,23,1,100,,6775,21,0,23,1
40900,'10',1801,,6781,21,0,23,1,100,,6778,21,0,23,1,58,,6777,21,0,23,1,100,,6780,21,0,23,1,100,,6783,21,0,23,1,100,,6779,21,0,23,1,100,,6782,21,0,23,1
40900,'11',1801,,6788,21,0,23,1,100,,6785,21,0,23,1,58,,6784,21,0,23,1,100,,6787,21,0,23,1,100,,6790,21,0,23,1,100,,6786,21,0,23,1,100,,6789,21,0,23,1
40900,'12',1101,,6793,21,0,23,1,100,,6791,21,0,23,1,100,,6795,21,0,23,1,100,,6796,21,0,23,1,100,,6797,21,0,23,1,100,,6798,21,0,23,1,100,,6792,21,0,23,1,100,,6794,21,0,23,1
40900,'14',659,,6799,21,0,23,1,70,,6822,21,0,23,1,30,,6805,21,0,23,1,70,,6819,21,0,23,1,30,,6824,21,0,23,1,70,,6803,21,0,23,1,30,,6816,21,0,23,1,72,,6804,21,0,23,1,70,,6817,21,0,23,1,30,,6814,21,0,23,1,70,,6802,21,0,23,1,30,,6813,21,0,23,1,70,,6807,21,0,23,1,30,,6823,21,0,23,1,70,,6818,21,0,23,1,30,,6811,21,0,23,1,70,,6812,21,0,23,1,30,,6826,21,0,23,1,70,,6809,21,0,23,1,30,,6820,21,0,23,1,70,,6800,21,0,23,1,30,,6801,21,0,23,1,70,,6821,21,0,23,1,100,,6815,21,0,23,1,58,,6810,21,0,23,1,100,,6827,21,0,23,1,100,,6825,21,0,23,1,100,,6806,21,0,23,1,100,,6808,21,0,23,1
40900,'3',1801,,6832,21,0,23,1,100,,6829,21,0,23,1,58,,6828,21,0,23,1,100,,6831,21,0,23,1,100,,6834,21,0,23,1,100,,6830,21,0,23,1,100,,6833,21,0,23,1
40900,'7',859,,6841,21,0,23,1,100,,6837,21,0,23,1,72,,6835,21,0,23,1,70,,6843,21,0,23,1,30,,6838,21,0,23,1,70,,6839,21,0,23,1,30,,6844,21,0,23,1,70,,6847,21,0,23,1,30,,6852,21,0,23,1,70,,6853,21,0,23,1,30,,6846,21,0,23,1,70,,6848,21,0,23,1,30,,6845,21,0,23,1,70,,6851,21,0,23,1,30,,6854,21,0,23,1,70,,6849,21,0,23,1,30,,6850,21,0,23,1,70,,6836,21,0,23,1,100,,6842,21,0,23,1,58,,6840,21,0,23,1
