30301,'1',627,,694,6,0,32 33,1,30,,696,6,0,32 33,1,70,,673,6,0,32 33,1,30,,687,6,0,32 33,1,70,,691,6,0,32 33,1,30,,686,6,0,32 33,1,70,,685,6,0,32 33,1,30,,676,6,0,32 33,1,70,,682,6,0,32 33,1,30,,683,6,0,32 33,1,70,,692,6,0,32 33,1,30,,678,6,0,32 33,1,70,,681,6,0,32 33,1,30,,693,6,0,32 33,1,70,,689,6,0,32 33,1,30,,677,6,0,32 33,1,71,,695,6,0,32 33,1,30,,675,6,0,32 33,1,70,,690,6,0,32 33,1,30,,684,6,0,32 33,1,70,,679,6,0,32 33,1,30,,674,6,0,32 33,1,70,,688,6,0,32 33,1,30,,680,6,0,32 33,1
30301,'10',627,,718,6,0,32 33,1,30,,720,6,0,32 33,1,70,,697,6,0,32 33,1,30,,711,6,0,32 33,1,70,,715,6,0,32 33,1,30,,710,6,0,32 33,1,70,,709,6,0,32 33,1,30,,700,6,0,32 33,1,70,,706,6,0,32 33,1,30,,707,6,0,32 33,1,70,,716,6,0,32 33,1,30,,702,6,0,32 33,1,70,,705,6,0,32 33,1,30,,717,6,0,32 33,1,70,,713,6,0,32 33,1,30,,701,6,0,32 33,1,71,,719,6,0,32 33,1,30,,699,6,0,32 33,1,70,,714,6,0,32 33,1,30,,708,6,0,32 33,1,70,,703,6,0,32 33,1,30,,698,6,0,32 33,1,70,,712,6,0,32 33,1,30,,704,6,0,32 33,1
30301,'11',627,,742,6,0,32 33,1,30,,744,6,0,32 33,1,70,,721,6,0,32 33,1,30,,735,6,0,32 33,1,70,,739,6,0,32 33,1,30,,734,6,0,32 33,1,70,,732,6,0,32 33,1,30,,724,6,0,32 33,1,70,,730,6,0,32 33,1,30,,733,6,0,32 33,1,70,,740,6,0,32 33,1,30,,726,6,0,32 33,1,70,,729,6,0,32 33,1,30,,741,6,0,32 33,1,70,,737,6,0,32 33,1,30,,725,6,0,32 33,1,71,,743,6,0,32 33,1,30,,723,6,0,32 33,1,70,,738,6,0,32 33,1,30,,731,6,0,32 33,1,70,,727,6,0,32 33,1,30,,722,6,0,32 33,1,70,,736,6,0,32 33,1,30,,728,6,0,32 33,1
30301,'3',627,,766,6,0,32 33,1,30,,768,6,0,32 33,1,70,,745,6,0,32 33,1,30,,759,6,0,32 33,1,70,,763,6,0,32 33,1,30,,758,6,0,32 33,1,70,,756,6,0,32 33,1,30,,748,6,0,32 33,1,70,,754,6,0,32 33,1,30,,757,6,0,32 33,1,70,,764,6,0,32 33,1,30,,750,6,0,32 33,1,70,,753,6,0,32 33,1,30,,765,6,0,32 33,1,70,,761,6,0,32 33,1,30,,749,6,0,32 33,1,71,,767,6,0,32 33,1,30,,747,6,0,32 33,1,70,,762,6,0,32 33,1,30,,755,6,0,32 33,1,70,,751,6,0,32 33,1,30,,746,6,0,32 33,1,70,,760,6,0,32 33,1,30,,752,6,0,32 33,1
41500,'1',1820,,7232,13,0,20 14 21 18,1,100,,7236,13,0,20 14 21 18,1,100,,7231,13,0,20 14 21 18,1,100,,7235,13,0,20 14 21 18,1,100,,7234,13,0,20 14 21 18,1,100,,7233,13,0,20 14 21 18,1
41500,'10',1820,,7238,13,0,20 14 21 18,1,100,,7242,13,0,20 14 21 18,1,100,,7237,13,0,20 14 21 18,1,100,,7241,13,0,20 14 21 18,1,100,,7240,13,0,20 14 21 18,1,100,,7239,13,0,20 14 21 18,1
41500,'11',1820,,7244,13,0,20 14 21 18,1,100,,7248,13,0,20 14 21 18,1,100,,7243,13,0,20 14 21 18,1,100,,7247,13,0,20 14 21 18,1,100,,7246,13,0,20 14 21 18,1,100,,7245,13,0,20 14 21 18,1
41500,'12',1120,,7252,13,0,20 14 21 18,1,100,,7254,13,0,20 14 21 18,1,100,,7255,13,0,20 14 21 18,1,100,,7249,13,0,20 14 21 18,1,100,,7250,13,0,20 14 21 18,1,100,,7251,13,0,20 14 21 18,1,100,,7253,13,0,20 14 21 18,1
41500,'14',650,,7271,13,0,20 14 21 18,1,70,,7272,13,0,20 14 21 18,1,30,,7274,13,0,20 14 21 18,1,70,,7258,13,0,20 14 21 18,1,30,,7266,13,0,20 14 21 18,1,70,,7269,13,0,20 14 21 18,1,30,,7280,13,0,20 14 21 18,1,70,,7283,13,0,20 14 21 18,1,30,,7273,13,0,20 14 21 18,1,70,,7257,13,0,20 14 21 18,1,30,,7265,13,0,20 14 21 18,1,70,,7260,13,0,20 14 21 18,1,30,,7275,13,0,20 14 21 18,1,70,,7279,13,0,20 14 21 18,1,30,,7270,13,0,20 14 21 18,1,70,,7277,13,0,20 14 21 18,1,30,,7267,13,0,20 14 21 18,1,70,,7262,13,0,20 14 21 18,1,30,,7256,13,0,20 14 21 18,1,70,,7284,13,0,20 14 21 18,1,30,,7261,13,0,20 14 21 18,1,70,,7263,13,0,20 14 21 18,1,30,,7276,13,0,20 14 21 18,1,70,,7268,13,0,20 14 21 18,1,100,,7259,13,0,20 14 21 18,1,100,,7282,13,0,20 14 21 18,1,100,,7278,13,0,20 14 21 18,1,100,,7281,13,0,20 14 21 18,1,100,,7264,13,0,20 14 21 18,1
41500,'3',1820,,7286,13,0,20 14 21 18,1,100,,7290,13,0,20 14 21 18,1,100,,7285,13,0,20 14 21 18,1,100,,7289,13,0,20 14 21 18,1,100,,7288,13,0,20 14 21 18,1,100,,7287,13,0,20 14 21 18,1
41500,'7',920,,7308,13,0,20 14 21 18,1,100,,7307,13,0,20 14 21 18,1,30,,7294,13,0,20 14 21 18,1,70,,7303,13,0,20 14 21 18,1,30,,7306,13,0,20 14 21 18,1,70,,7305,13,0,20 14 21 18,1,30,,7297,13,0,20 14 21 18,1,70,,7302,13,0,20 14 21 18,1,30,,7301,13,0,20 14 21 18,1,70,,7295,13,0,20 14 21 18,1,30,,7300,13,0,20 14 21 18,1,70,,7298,13,0,20 14 21 18,1,30,,7299,13,0,20 14 21 18,1,70,,7309,13,0,20 14 21 18,1,30,,7296,13,0,20 14 21 18,1,70,,7292,13,0,20 14 21 18,1,30,,7291,13,0,20 14 21 18,1,70,,7293,13,0,20 14 21 18,1,100,,7304,13,0,20 14 21 18,1
41501,'1',1817,,7315,32,0,20 14 34,1,30,,7316,32,0,20 14 34,1,82,,7310,32,0,20 14 34,1,100,,7312,32,0,20 14 34,1,100,,7313,32,0,20 14 34,1,100,,7311,32,0,20 14 34,1,100,,7314,32,0,20 14 34,1
41501,'10',1817,,7322,32,0,20 14 34,1,30,,7323,32,0,20 14 34,1,82,,7317,32,0,20 14 34,1,100,,7319,32,0,20 14 34,1,100,,7320,32,0,20 14 34,1,100,,7318,32,0,20 14 34,1,100,,7321,32,0,20 14 34,1
41501,'11',1817,,7330,32,0,20 14 34,1,30,,7328,32,0,20 14 34,1,82,,7324,32,0,20 14 34,1,100,,7326,32,0,20 14 34,1,100,,7327,32,0,20 14 34,1,100,,7325,32,0,20 14 34,1,100,,7329,32,0,20 14 34,1
41501,'12',1131,,7331,32,0,20 14 34,1,100,,7335,32,0,20 14 34,1,100,,7333,32,0,20 14 34,1,101,,7336,32,0,20 14 34,1,100,,7334,32,0,20 14 34,1,100,,7337,32,0,20 14 34,1,100,,7332,32,0,20 14 34,1
41501,'14',659,,7362,32,0,20 14 34,1,71,,7356,32,0,20 14 34,1,70,,7345,32,0,20 14 34,1,30,,7349,32,0,20 14 34,1,70,,7359,32,0,20 14 34,1,30,,7363,32,0,20 14 34,1,70,,7357,32,0,20 14 34,1,31,,7361,32,0,20 14 34,1,70,,7343,32,0,20 14 34,1,30,,7366,32,0,20 14 34,1,70,,7340,32,0,20 14 34,1,30,,7355,32,0,20 14 34,1,70,,7353,32,0,20 14 34,1,30,,7341,32,0,20 14 34,1,70,,7352,32,0,20 14 34,1,31,,7348,32,0,20 14 34,1,70,,7365,32,0,20 14 34,1,30,,7339,32,0,20 14 34,1,70,,7350,32,0,20 14 34,1,30,,7358,32,0,20 14 34,1,70,,7346,32,0,20 14 34,1,30,,7344,32,0,20 14 34,1,70,,7364,32,0,20 14 34,1,30,,7360,32,0,20 14 34,1,97,,7342,32,0,20 14 34,1,100,,7347,32,0,20 14 34,1,100,,7338,32,0,20 14 34,1,100,,7351,32,0,20 14 34,1,100,,7354,32,0,20 14 34,1
41501,'3',1817,,7373,32,0,20 14 34,1,30,,7371,32,0,20 14 34,1,82,,7367,32,0,20 14 34,1,100,,7369,32,0,20 14 34,1,100,,7370,32,0,20 14 34,1,100,,7368,32,0,20 14 34,1,100,,7372,32,0,20 14 34,1
41501,'7',930,,7385,32,0,20 14 34,1,101,,7380,32,0,20 14 34,1,70,,7392,32,0,20 14 34,1,30,,7386,32,0,20 14 34,1,70,,7389,32,0,20 14 34,1,30,,7377,32,0,20 14 34,1,70,,7378,32,0,20 14 34,1,30,,7391,32,0,20 14 34,1,70,,7375,32,0,20 14 34,1,31,,7376,32,0,20 14 34,1,70,,7374,32,0,20 14 34,1,30,,7387,32,0,20 14 34,1,70,,7388,32,0,20 14 34,1,30,,7381,32,0,20 14 34,1,70,,7384,32,0,20 14 34,1,30,,7383,32,0,20 14 34,1,70,,7382,32,0,20 14 34,1,30,,7379,32,0,20 14 34,1,97,,7390,32,0,20 14 34,1
