30701,'12',652,,34135,10,,,1,70,,34148,10,,,1,30,,34147,10,,,1,70,,34156,10,,,1,30,,34138,10,,,1,70,,34151,10,,,1,30,,34140,10,,,1,71,,34149,10,,,1,30,,34136,10,,,1,70,,34143,10,,,1,30,,34145,10,,,1,70,,34133,10,,,1,30,,34134,10,,,1,70,,34142,10,,,1,30,,34152,10,,,1,70,,34155,10,,,1,30,,34154,10,,,1,70,,34141,10,,,1,30,,34146,10,,,1,70,,34139,10,,,1,30,,34153,10,,,1,70,,34150,10,,,1,30,,34137,10,,,1
30701,'13',652,,34159,10,,,1,70,,34170,10,,,1,30,,34169,10,,,1,70,,34178,10,,,1,30,,34162,10,,,1,70,,34173,10,,,1,30,,34164,10,,,1,71,,34171,10,,,1,30,,34160,10,,,1,70,,34166,10,,,1,30,,28152,10,,,1,70,,34157,10,,,1,30,,34158,10,,,1,70,,6785,10,,,1,30,,34174,10,,,1,70,,34177,10,,,1,30,,34176,10,,,1,70,,34165,10,,,1,30,,34168,10,,,1,70,,34163,10,,,1,30,,34175,10,,,1,70,,34172,10,,,1,30,,34161,10,,,1
30701,'3',652,,34181,10,,,1,70,,34192,10,,,1,30,,34191,10,,,1,70,,34200,10,,,1,30,,34184,10,,,1,70,,34195,10,,,1,30,,34186,10,,,1,71,,34193,10,,,1,30,,34182,10,,,1,70,,34188,10,,,1,30,,28174,10,,,1,70,,34179,10,,,1,30,,34180,10,,,1,70,,6829,10,,,1,30,,34196,10,,,1,70,,34199,10,,,1,30,,34198,10,,,1,70,,34187,10,,,1,30,,34190,10,,,1,70,,34185,10,,,1,30,,34197,10,,,1,70,,34194,10,,,1,30,,34183,10,,,1
30701,'6',652,,34203,10,,,1,70,,34216,10,,,1,30,,34215,10,,,1,70,,34224,10,,,1,30,,34206,10,,,1,70,,34219,10,,,1,30,,34208,10,,,1,71,,34217,10,,,1,30,,34204,10,,,1,70,,34211,10,,,1,30,,34213,10,,,1,70,,34201,10,,,1,30,,34202,10,,,1,70,,34210,10,,,1,30,,34220,10,,,1,70,,34223,10,,,1,30,,34222,10,,,1,70,,34209,10,,,1,30,,34214,10,,,1,70,,34207,10,,,1,30,,34221,10,,,1,70,,34218,10,,,1,30,,34205,10,,,1
41701,'1',621,,40905,5,0,62,1,30,,40894,5,0,62,1,70,,30080,5,0,62,1,30,,32586,5,0,62,1,70,,40904,5,0,62,1,30,,30610,5,0,62,1,70,,40885,5,0,62,1,30,,40902,5,0,62,1,70,,31345,5,0,62,1,30,,40901,5,0,62,1,70,,29900,5,0,62,1,30,,31670,5,0,62,1,70,,40895,5,0,62,1,30,,40889,5,0,62,1,70,,40899,5,0,62,1,30,,40891,5,0,62,1,70,,40900,5,0,62,1,30,,40893,5,0,62,1,70,,29109,5,0,62,1,30,,32248,5,0,62,1,70,,40897,5,0,62,1,30,,40898,5,0,62,1,70,,40887,5,0,62,1,30,,40903,5,0,62,1,70,,21426,5,0,62,1,100,,40892,5,0,62,1,100,,40888,5,0,62,1,100,,40886,5,0,62,1,100,,40896,5,0,62,1,100,,40890,5,0,62,1
41701,'11',621,,40935,5,0,62,1,30,,40918,5,0,62,1,70,,40927,5,0,62,1,30,,40923,5,0,62,1,70,,40934,5,0,62,1,30,,40933,5,0,62,1,70,,40908,5,0,62,1,30,,40931,5,0,62,1,70,,40924,5,0,62,1,30,,40930,5,0,62,1,70,,40929,5,0,62,1,30,,40910,5,0,62,1,70,,40919,5,0,62,1,30,,40913,5,0,62,1,70,,40926,5,0,62,1,30,,40915,5,0,62,1,70,,40928,5,0,62,1,30,,40917,5,0,62,1,70,,40907,5,0,62,1,30,,40906,5,0,62,1,70,,40922,5,0,62,1,30,,40925,5,0,62,1,70,,40911,5,0,62,1,30,,40932,5,0,62,1,70,,40921,5,0,62,1,100,,40916,5,0,62,1,100,,40912,5,0,62,1,100,,40909,5,0,62,1,100,,40920,5,0,62,1,100,,40914,5,0,62,1
41701,'12',1821,,40936,5,0,62,1,100,,40941,5,0,62,1,100,,40940,5,0,62,1,100,,40937,5,0,62,1,100,,40939,5,0,62,1,100,,40938,5,0,62,1
41701,'13',1821,,40942,5,0,62,1,100,,40947,5,0,62,1,100,,40946,5,0,62,1,100,,40943,5,0,62,1,100,,40945,5,0,62,1,100,,40944,5,0,62,1
41701,'14',1121,,40951,5,0,62,1,100,,40953,5,0,62,1,100,,40950,5,0,62,1,100,,40952,5,0,62,1,100,,40954,5,0,62,1,100,,40949,5,0,62,1,100,,40948,5,0,62,1
41701,'16',621,,40976,5,0,62,1,30,,40964,5,0,62,1,70,,30161,5,0,62,1,30,,40968,5,0,62,1,70,,40975,5,0,62,1,30,,30647,5,0,62,1,70,,40955,5,0,62,1,30,,40973,5,0,62,1,70,,31386,5,0,62,1,30,,40972,5,0,62,1,70,,29981,5,0,62,1,30,,31726,5,0,62,1,70,,40965,5,0,62,1,30,,40959,5,0,62,1,70,,40970,5,0,62,1,30,,40961,5,0,62,1,70,,40971,5,0,62,1,30,,40963,5,0,62,1,70,,17746,5,0,62,1,30,,32291,5,0,62,1,70,,40967,5,0,62,1,30,,40969,5,0,62,1,70,,40957,5,0,62,1,30,,40974,5,0,62,1,70,,31209,5,0,62,1,100,,40962,5,0,62,1,100,,40958,5,0,62,1,100,,40956,5,0,62,1,100,,40966,5,0,62,1,100,,40960,5,0,62,1
41701,'3',1821,,40977,5,0,62,1,100,,40982,5,0,62,1,100,,40981,5,0,62,1,100,,40978,5,0,62,1,100,,40980,5,0,62,1,100,,40979,5,0,62,1
41701,'6',1821,,40983,5,0,62,1,100,,40988,5,0,62,1,100,,40987,5,0,62,1,100,,40984,5,0,62,1,100,,40986,5,0,62,1,100,,40985,5,0,62,1
41701,'8',921,,40990,5,0,62,1,130,,41004,5,0,62,1,70,,40991,5,0,62,1,30,,40998,5,0,62,1,70,,40994,5,0,62,1,30,,40992,5,0,62,1,70,,40999,5,0,62,1,100,,41000,5,0,62,1,30,,40989,5,0,62,1,70,,40995,5,0,62,1,30,,40997,5,0,62,1,70,,41001,5,0,62,1,30,,41003,5,0,62,1,70,,40996,5,0,62,1,30,,40993,5,0,62,1,70,,41002,5,0,62,1,100,,30209,5,0,62,1
