32101,'1',713,,3963,8,0,56,1,100,,3966,8,0,56,1,100,,3957,8,0,56,1,100,,3955,8,0,56,1,100,,3958,8,0,56,1,100,,3960,8,0,56,1,100,,3956,8,0,56,1,101,,3964,8,0,56,1,100,,3965,8,0,56,1,100,,3962,8,0,56,1,100,,3959,8,0,56,1,100,,3961,8,0,56,1
32101,'10',713,,3975,8,0,56,1,100,,3978,8,0,56,1,100,,3969,8,0,56,1,100,,3967,8,0,56,1,100,,3970,8,0,56,1,100,,3972,8,0,56,1,100,,3968,8,0,56,1,101,,3976,8,0,56,1,100,,3977,8,0,56,1,100,,3974,8,0,56,1,100,,3971,8,0,56,1,100,,3973,8,0,56,1
32101,'11',713,,3985,8,0,56,1,100,,3988,8,0,56,1,100,,3981,8,0,56,1,100,,3979,8,0,56,1,100,,3982,8,0,56,1,100,,3984,8,0,56,1,100,,3980,8,0,56,1,101,,3986,8,0,56,1,100,,3983,8,0,56,1,100,,3987,8,0,56,1,100,,3989,8,0,56,1,100,,3990,8,0,56,1
32101,'3',713,,3997,8,0,56,1,100,,4000,8,0,56,1,100,,3993,8,0,56,1,100,,3991,8,0,56,1,100,,3994,8,0,56,1,100,,3996,8,0,56,1,100,,3992,8,0,56,1,101,,3998,8,0,56,1,100,,3995,8,0,56,1,100,,3999,8,0,56,1,100,,4001,8,0,56,1,100,,4002,8,0,56,1
42101,'1',1913,,8200,8,0,56,1,100,,8198,8,0,56,1,100,,8197,8,0,56,1,100,,8196,8,0,56,1,100,,8199,8,0,56,1
42101,'10',1913,,8205,8,0,56,1,100,,8203,8,0,56,1,100,,8202,8,0,56,1,100,,8201,8,0,56,1,100,,8204,8,0,56,1
42101,'11',1913,,8210,8,0,56,1,100,,8208,8,0,56,1,100,,8207,8,0,56,1,100,,8206,8,0,56,1,100,,8209,8,0,56,1
42101,'12',1113,,8211,8,0,56,1,100,,8216,8,0,56,1,100,,8213,8,0,56,1,100,,8217,8,0,56,1,100,,8212,8,0,56,1,100,,8214,8,0,56,1,100,,8215,8,0,56,1
42101,'14',713,,8234,8,0,56,1,100,,8228,8,0,56,1,100,,8231,8,0,56,1,100,,8222,8,0,56,1,100,,8227,8,0,56,1,100,,8224,8,0,56,1,100,,8219,8,0,56,1,100,,8226,8,0,56,1,100,,8218,8,0,56,1,100,,8230,8,0,56,1,100,,8232,8,0,56,1,100,,8233,8,0,56,1,100,,8225,8,0,56,1,100,,8220,8,0,56,1,100,,8229,8,0,56,1,100,,8221,8,0,56,1,100,,8223,8,0,56,1
42101,'3',1913,,8239,8,0,56,1,100,,8237,8,0,56,1,100,,8236,8,0,56,1,100,,8235,8,0,56,1,100,,8238,8,0,56,1
42101,'7',913,,8243,8,0,56,1,100,,8240,8,0,56,1,100,,8246,8,0,56,1,100,,8251,8,0,56,1,100,,8241,8,0,56,1,100,,8250,8,0,56,1,100,,8245,8,0,56,1,100,,8248,8,0,56,1,100,,8247,8,0,56,1,100,,8242,8,0,56,1,100,,8249,8,0,56,1,100,,8244,8,0,56,1
