31701,'1',622,,3422,24,0,62,1,30,,3431,24,0,62,1,70,,3419,24,0,62,1,30,,3427,24,0,62,1,70,,3412,24,0,62,1,30,,3415,24,0,62,1,70,,3434,24,0,62,1,30,,3423,24,0,62,1,71,,3418,24,0,62,1,30,,3432,24,0,62,1,70,,3413,24,0,62,1,30,,3420,24,0,62,1,70,,3417,24,0,62,1,30,,3424,24,0,62,1,70,,3429,24,0,62,1,30,,3421,24,0,62,1,71,,3426,24,0,62,1,30,,3411,24,0,62,1,70,,3425,24,0,62,1,30,,3430,24,0,62,1,70,,3414,24,0,62,1,30,,3433,24,0,62,1,70,,3416,24,0,62,1,30,,3428,24,0,62,1
31701,'10',622,,3446,24,0,62,1,30,,3455,24,0,62,1,70,,3443,24,0,62,1,30,,3451,24,0,62,1,70,,3436,24,0,62,1,30,,3439,24,0,62,1,70,,3458,24,0,62,1,30,,3447,24,0,62,1,71,,3442,24,0,62,1,30,,3456,24,0,62,1,70,,3437,24,0,62,1,30,,3444,24,0,62,1,70,,3441,24,0,62,1,30,,3448,24,0,62,1,70,,3453,24,0,62,1,30,,3445,24,0,62,1,71,,3450,24,0,62,1,30,,3435,24,0,62,1,70,,3449,24,0,62,1,30,,3454,24,0,62,1,70,,3438,24,0,62,1,30,,3457,24,0,62,1,70,,3440,24,0,62,1,30,,3452,24,0,62,1
31701,'11',622,,3470,24,0,62,1,30,,3479,24,0,62,1,70,,3467,24,0,62,1,30,,3475,24,0,62,1,70,,3460,24,0,62,1,30,,3463,24,0,62,1,70,,3482,24,0,62,1,30,,3471,24,0,62,1,71,,3466,24,0,62,1,30,,3480,24,0,62,1,70,,3461,24,0,62,1,30,,3468,24,0,62,1,70,,3465,24,0,62,1,30,,3472,24,0,62,1,70,,3477,24,0,62,1,30,,3469,24,0,62,1,71,,3474,24,0,62,1,30,,3459,24,0,62,1,70,,3473,24,0,62,1,30,,3478,24,0,62,1,70,,3462,24,0,62,1,30,,3481,24,0,62,1,70,,3464,24,0,62,1,30,,3476,24,0,62,1
31701,'3',622,,3494,24,0,62,1,30,,3503,24,0,62,1,70,,3491,24,0,62,1,30,,3499,24,0,62,1,70,,3484,24,0,62,1,30,,3487,24,0,62,1,70,,3506,24,0,62,1,30,,3495,24,0,62,1,71,,3490,24,0,62,1,30,,3504,24,0,62,1,70,,3485,24,0,62,1,30,,3492,24,0,62,1,70,,3489,24,0,62,1,30,,3496,24,0,62,1,70,,3501,24,0,62,1,30,,3493,24,0,62,1,71,,3498,24,0,62,1,30,,3483,24,0,62,1,70,,3497,24,0,62,1,30,,3502,24,0,62,1,70,,3486,24,0,62,1,30,,3505,24,0,62,1,70,,3488,24,0,62,1,30,,3500,24,0,62,1
41701,'1',1827,,7718,18,0,62,1,99,,7722,18,0,62,1,100,,7721,18,0,62,1,100,,7723,18,0,62,1,100,,7720,18,0,62,1,100,,7719,18,0,62,1
41701,'10',1827,,7724,18,0,62,1,99,,7728,18,0,62,1,100,,7727,18,0,62,1,100,,7729,18,0,62,1,100,,7726,18,0,62,1,100,,7725,18,0,62,1
41701,'11',1827,,7730,18,0,62,1,99,,7734,18,0,62,1,100,,7733,18,0,62,1,100,,7735,18,0,62,1,100,,7732,18,0,62,1,100,,7731,18,0,62,1
41701,'12',1127,,7738,18,0,62,1,100,,7742,18,0,62,1,100,,7737,18,0,62,1,100,,7736,18,0,62,1,100,,7739,18,0,62,1,100,,7741,18,0,62,1,100,,7740,18,0,62,1
41701,'14',626,,7767,18,0,62,1,30,,7745,18,0,62,1,70,,7748,18,0,62,1,30,,7753,18,0,62,1,70,,7743,18,0,62,1,30,,7765,18,0,62,1,70,,7771,18,0,62,1,30,,7763,18,0,62,1,71,,7769,18,0,62,1,30,,7746,18,0,62,1,70,,7754,18,0,62,1,30,,7758,18,0,62,1,70,,7747,18,0,62,1,30,,7770,18,0,62,1,70,,7772,18,0,62,1,30,,7750,18,0,62,1,70,,7760,18,0,62,1,30,,7766,18,0,62,1,70,,7757,18,0,62,1,30,,7762,18,0,62,1,70,,7768,18,0,62,1,30,,7752,18,0,62,1,70,,7756,18,0,62,1,30,,7744,18,0,62,1,70,,7755,18,0,62,1,99,,7759,18,0,62,1,100,,7764,18,0,62,1,100,,7761,18,0,62,1,100,,7749,18,0,62,1,100,,7751,18,0,62,1
41701,'3',1827,,7773,18,0,62,1,99,,7777,18,0,62,1,100,,7776,18,0,62,1,100,,7778,18,0,62,1,100,,7775,18,0,62,1,100,,7774,18,0,62,1
41701,'7',926,,7782,18,0,62,1,101,,7788,18,0,62,1,30,,7785,18,0,62,1,70,,7787,18,0,62,1,30,,7792,18,0,62,1,70,,7784,18,0,62,1,30,,7779,18,0,62,1,70,,7796,18,0,62,1,30,,7794,18,0,62,1,70,,7790,18,0,62,1,30,,7795,18,0,62,1,70,,7783,18,0,62,1,30,,7789,18,0,62,1,70,,7791,18,0,62,1,30,,7797,18,0,62,1,70,,7793,18,0,62,1,30,,7786,18,0,62,1,70,,7780,18,0,62,1,99,,7781,18,0,62,1
