32001,'12',621,,36250,8,0,47 18,1,30,,36259,8,0,47 18,1,70,,36247,8,0,47 18,1,30,,36257,8,0,47 18,1,70,,36253,8,0,47 18,1,30,,36255,8,0,47 18,1,70,,36244,8,0,47 18,1,30,,36248,8,0,47 18,1,70,,36249,8,0,47 18,1,30,,36261,8,0,47 18,1,70,,36252,8,0,47 18,1,30,,36254,8,0,47 18,1,70,,36246,8,0,47 18,1,30,,36258,8,0,47 18,1,70,,36242,8,0,47 18,1,30,,36262,8,0,47 18,1,70,,36243,8,0,47 18,1,30,,36241,8,0,47 18,1,70,,36239,8,0,47 18,1,30,,36245,8,0,47 18,1,70,,36263,8,0,47 18,1,30,,36260,8,0,47 18,1,70,,36251,8,0,47 18,1,30,,36256,8,0,47 18,1,70,,36240,8,0,47 18,1
32001,'13',621,,36272,8,0,47 18,1,30,,36280,8,0,47 18,1,70,,28811,8,0,47 18,1,30,,36278,8,0,47 18,1,70,,36274,8,0,47 18,1,30,,36276,8,0,47 18,1,70,,36267,8,0,47 18,1,30,,36270,8,0,47 18,1,70,,36271,8,0,47 18,1,30,,36282,8,0,47 18,1,70,,30358,8,0,47 18,1,30,,36275,8,0,47 18,1,70,,36269,8,0,47 18,1,30,,36279,8,0,47 18,1,70,,36265,8,0,47 18,1,30,,36283,8,0,47 18,1,70,,36266,8,0,47 18,1,30,,36264,8,0,47 18,1,70,,22337,8,0,47 18,1,30,,36268,8,0,47 18,1,70,,36284,8,0,47 18,1,30,,36281,8,0,47 18,1,70,,36273,8,0,47 18,1,30,,36277,8,0,47 18,1,70,,24391,8,0,47 18,1
32001,'3',621,,36293,8,0,47 18,1,30,,36301,8,0,47 18,1,70,,28834,8,0,47 18,1,30,,36299,8,0,47 18,1,70,,36295,8,0,47 18,1,30,,36297,8,0,47 18,1,70,,36288,8,0,47 18,1,30,,36291,8,0,47 18,1,70,,36292,8,0,47 18,1,30,,36303,8,0,47 18,1,70,,30397,8,0,47 18,1,30,,36296,8,0,47 18,1,70,,36290,8,0,47 18,1,30,,36300,8,0,47 18,1,70,,36286,8,0,47 18,1,30,,36304,8,0,47 18,1,70,,36287,8,0,47 18,1,30,,36285,8,0,47 18,1,70,,22359,8,0,47 18,1,30,,36289,8,0,47 18,1,70,,36305,8,0,47 18,1,30,,36302,8,0,47 18,1,70,,36294,8,0,47 18,1,30,,36298,8,0,47 18,1,70,,24413,8,0,47 18,1
32001,'6',621,,36317,8,0,47 18,1,30,,36326,8,0,47 18,1,70,,36314,8,0,47 18,1,30,,36324,8,0,47 18,1,70,,36320,8,0,47 18,1,30,,36322,8,0,47 18,1,70,,36311,8,0,47 18,1,30,,36315,8,0,47 18,1,70,,36316,8,0,47 18,1,30,,36328,8,0,47 18,1,70,,36319,8,0,47 18,1,30,,36321,8,0,47 18,1,70,,36313,8,0,47 18,1,30,,36325,8,0,47 18,1,70,,36309,8,0,47 18,1,30,,36329,8,0,47 18,1,70,,36310,8,0,47 18,1,30,,36308,8,0,47 18,1,70,,36306,8,0,47 18,1,30,,36312,8,0,47 18,1,70,,36330,8,0,47 18,1,30,,36327,8,0,47 18,1,70,,36318,8,0,47 18,1,30,,36323,8,0,47 18,1,70,,36307,8,0,47 18,1
33500,'12',707,,36662,9,0,48 18,1,30,,36652,9,0,48 18,1,70,,36654,9,0,48 18,1,30,,36665,9,0,48 18,1,70,,36656,9,0,48 18,1,30,,36655,9,0,48 18,1,70,,36658,9,0,48 18,1,30,,36667,9,0,48 18,1,70,,36653,9,0,48 18,1,30,,36659,9,0,48 18,1,70,,36657,9,0,48 18,1,30,,36663,9,0,48 18,1,70,,36661,9,0,48 18,1,30,,36650,9,0,48 18,1,70,,36664,9,0,48 18,1,30,,36668,9,0,48 18,1,70,,36649,9,0,48 18,1,30,,36660,9,0,48 18,1,70,,36666,9,0,48 18,1,30,,36645,9,0,48 18,1,70,,36651,9,0,48 18,1,30,,36647,9,0,48 18,1,70,,36648,9,0,48 18,1,30,,36646,9,0,48 18,1
33500,'13',707,,36682,9,0,48 18,1,30,,36674,9,0,48 18,1,70,,36675,9,0,48 18,1,30,,36685,9,0,48 18,1,70,,36676,9,0,48 18,1,30,,31519,9,0,48 18,1,70,,36678,9,0,48 18,1,30,,36687,9,0,48 18,1,70,,28855,9,0,48 18,1,30,,36679,9,0,48 18,1,70,,36677,9,0,48 18,1,30,,36683,9,0,48 18,1,70,,36681,9,0,48 18,1,30,,32269,9,0,48 18,1,70,,36684,9,0,48 18,1,30,,36688,9,0,48 18,1,70,,36672,9,0,48 18,1,30,,36680,9,0,48 18,1,70,,36686,9,0,48 18,1,30,,36669,9,0,48 18,1,70,,36673,9,0,48 18,1,30,,36670,9,0,48 18,1,70,,36671,9,0,48 18,1,30,,23612,9,0,48 18,1
33500,'3',707,,36702,9,0,48 18,1,30,,36694,9,0,48 18,1,70,,36695,9,0,48 18,1,30,,36705,9,0,48 18,1,70,,36696,9,0,48 18,1,30,,31561,9,0,48 18,1,70,,36698,9,0,48 18,1,30,,36707,9,0,48 18,1,70,,28875,9,0,48 18,1,30,,36699,9,0,48 18,1,70,,36697,9,0,48 18,1,30,,36703,9,0,48 18,1,70,,36701,9,0,48 18,1,30,,32311,9,0,48 18,1,70,,36704,9,0,48 18,1,30,,36708,9,0,48 18,1,70,,36692,9,0,48 18,1,30,,36700,9,0,48 18,1,70,,36706,9,0,48 18,1,30,,36689,9,0,48 18,1,70,,36693,9,0,48 18,1,30,,36690,9,0,48 18,1,70,,36691,9,0,48 18,1,30,,23632,9,0,48 18,1
33500,'6',707,,36726,9,0,48 18,1,30,,36716,9,0,48 18,1,70,,36718,9,0,48 18,1,30,,36729,9,0,48 18,1,70,,36720,9,0,48 18,1,30,,36719,9,0,48 18,1,70,,36722,9,0,48 18,1,30,,36731,9,0,48 18,1,70,,36717,9,0,48 18,1,30,,36723,9,0,48 18,1,70,,36721,9,0,48 18,1,30,,36727,9,0,48 18,1,70,,36725,9,0,48 18,1,30,,36714,9,0,48 18,1,70,,36728,9,0,48 18,1,30,,36732,9,0,48 18,1,70,,36713,9,0,48 18,1,30,,36724,9,0,48 18,1,70,,36730,9,0,48 18,1,30,,36709,9,0,48 18,1,70,,36715,9,0,48 18,1,30,,36711,9,0,48 18,1,70,,36712,9,0,48 18,1,30,,36710,9,0,48 18,1
42001,'1',651,,41409,8,0,47 18,1,70,,31125,8,0,47 18,1,30,,41422,8,0,47 18,1,70,,41407,8,0,47 18,1,30,,41419,8,0,47 18,1,70,,41399,8,0,47 18,1,30,,41410,8,0,47 18,1,70,,41413,8,0,47 18,1,30,,32249,8,0,47 18,1,70,,41415,8,0,47 18,1,30,,41414,8,0,47 18,1,70,,41421,8,0,47 18,1,30,,41412,8,0,47 18,1,70,,41423,8,0,47 18,1,30,,41401,8,0,47 18,1,70,,41424,8,0,47 18,1,30,,41405,8,0,47 18,1,70,,41417,8,0,47 18,1,30,,41420,8,0,47 18,1,70,,41403,8,0,47 18,1,30,,41406,8,0,47 18,1,70,,41404,8,0,47 18,1,30,,31494,8,0,47 18,1,70,,41400,8,0,47 18,1,30,,41418,8,0,47 18,1,100,,41402,8,0,47 18,1,100,,41416,8,0,47 18,1,100,,41411,8,0,47 18,1,100,,29668,8,0,47 18,1,100,,41408,8,0,47 18,1
42001,'11',651,,41437,8,0,47 18,1,70,,41447,8,0,47 18,1,30,,41452,8,0,47 18,1,70,,41435,8,0,47 18,1,30,,41448,8,0,47 18,1,70,,41425,8,0,47 18,1,30,,41438,8,0,47 18,1,70,,41441,8,0,47 18,1,30,,41427,8,0,47 18,1,70,,41443,8,0,47 18,1,30,,41442,8,0,47 18,1,70,,41450,8,0,47 18,1,30,,41440,8,0,47 18,1,70,,41453,8,0,47 18,1,30,,41428,8,0,47 18,1,70,,41454,8,0,47 18,1,30,,41433,8,0,47 18,1,70,,41445,8,0,47 18,1,30,,41449,8,0,47 18,1,70,,41431,8,0,47 18,1,30,,41434,8,0,47 18,1,70,,41432,8,0,47 18,1,30,,41429,8,0,47 18,1,70,,41426,8,0,47 18,1,30,,41446,8,0,47 18,1,100,,41430,8,0,47 18,1,100,,41444,8,0,47 18,1,100,,41439,8,0,47 18,1,100,,41451,8,0,47 18,1,100,,41436,8,0,47 18,1
42001,'12',1851,,41456,8,0,47 18,1,100,,41459,8,0,47 18,1,100,,41460,8,0,47 18,1,100,,41455,8,0,47 18,1,100,,41458,8,0,47 18,1,100,,41457,8,0,47 18,1
42001,'13',1851,,41462,8,0,47 18,1,100,,41463,8,0,47 18,1,100,,41464,8,0,47 18,1,100,,41461,8,0,47 18,1,100,,28610,8,0,47 18,1,100,,27812,8,0,47 18,1
42001,'14',1051,,41473,8,0,47 18,1,70,,41474,8,0,47 18,1,30,,41477,8,0,47 18,1,70,,41478,8,0,47 18,1,30,,41470,8,0,47 18,1,70,,41469,8,0,47 18,1,30,,41471,8,0,47 18,1,70,,41472,8,0,47 18,1,30,,41475,8,0,47 18,1,70,,41465,8,0,47 18,1,30,,41468,8,0,47 18,1,70,,41479,8,0,47 18,1,30,,41466,8,0,47 18,1,70,,41476,8,0,47 18,1,30,,41467,8,0,47 18,1
42001,'16',651,,41490,8,0,47 18,1,70,,25240,8,0,47 18,1,30,,41503,8,0,47 18,1,70,,41488,8,0,47 18,1,30,,41500,8,0,47 18,1,70,,41480,8,0,47 18,1,30,,41491,8,0,47 18,1,70,,41494,8,0,47 18,1,30,,23984,8,0,47 18,1,70,,41496,8,0,47 18,1,30,,41495,8,0,47 18,1,70,,41502,8,0,47 18,1,30,,41493,8,0,47 18,1,70,,41504,8,0,47 18,1,30,,41482,8,0,47 18,1,70,,41505,8,0,47 18,1,30,,41486,8,0,47 18,1,70,,41498,8,0,47 18,1,30,,41501,8,0,47 18,1,70,,41484,8,0,47 18,1,30,,41487,8,0,47 18,1,70,,41485,8,0,47 18,1,30,,31534,8,0,47 18,1,70,,41481,8,0,47 18,1,30,,41499,8,0,47 18,1,100,,41483,8,0,47 18,1,100,,41497,8,0,47 18,1,100,,41492,8,0,47 18,1,100,,29787,8,0,47 18,1,100,,41489,8,0,47 18,1
42001,'3',1851,,41507,8,0,47 18,1,100,,41508,8,0,47 18,1,100,,41509,8,0,47 18,1,100,,41506,8,0,47 18,1,100,,28652,8,0,47 18,1,100,,27835,8,0,47 18,1
42001,'6',1851,,41511,8,0,47 18,1,100,,41514,8,0,47 18,1,100,,41515,8,0,47 18,1,100,,41510,8,0,47 18,1,100,,41513,8,0,47 18,1,100,,41512,8,0,47 18,1
42001,'8',851,,41530,8,0,47 18,1,70,,32154,8,0,47 18,1,30,,41517,8,0,47 18,1,70,,41524,8,0,47 18,1,30,,41522,8,0,47 18,1,70,,41534,8,0,47 18,1,30,,41518,8,0,47 18,1,70,,41516,8,0,47 18,1,30,,41528,8,0,47 18,1,70,,41520,8,0,47 18,1,30,,41527,8,0,47 18,1,70,,41519,8,0,47 18,1,30,,41536,8,0,47 18,1,70,,41535,8,0,47 18,1,30,,41533,8,0,47 18,1,70,,41531,8,0,47 18,1,30,,41523,8,0,47 18,1,70,,41521,8,0,47 18,1,30,,41532,8,0,47 18,1,70,,41526,8,0,47 18,1,30,,41529,8,0,47 18,1,70,,41525,8,0,47 18,1,30,,41537,8,0,47 18,1
43500,'1',822,,41735,9,0,48 18,1,30,,41747,9,0,48 18,1,70,,41744,9,0,48 18,1,30,,30082,9,0,48 18,1,70,,31799,9,0,48 18,1,30,,41736,9,0,48 18,1,70,,41742,9,0,48 18,1,30,,41741,9,0,48 18,1,70,,41739,9,0,48 18,1,30,,41738,9,0,48 18,1,70,,29885,9,0,48 18,1,30,,41734,9,0,48 18,1,70,,41737,9,0,48 18,1,30,,41733,9,0,48 18,1,70,,41746,9,0,48 18,1,30,,41743,9,0,48 18,1,70,,41740,9,0,48 18,1,30,,41745,9,0,48 18,1,70,,41731,9,0,48 18,1,30,,41730,9,0,48 18,1,70,,41732,9,0,48 18,1
43500,'11',837,,41758,9,0,48 18,1,70,,41755,9,0,48 18,1,30,,41773,9,0,48 18,1,70,,41764,9,0,48 18,1,30,,41753,9,0,48 18,1,70,,41760,9,0,48 18,1,30,,41752,9,0,48 18,1,70,,41761,9,0,48 18,1,30,,41759,9,0,48 18,1,70,,41770,9,0,48 18,1,30,,41772,9,0,48 18,1,70,,41756,9,0,48 18,1,30,,41749,9,0,48 18,1,70,,41767,9,0,48 18,1,30,,41748,9,0,48 18,1,70,,41763,9,0,48 18,1,30,,41750,9,0,48 18,1,70,,41765,9,0,48 18,1,30,,41757,9,0,48 18,1,70,,41768,9,0,48 18,1,30,,41774,9,0,48 18,1,70,,41769,9,0,48 18,1,30,,41771,9,0,48 18,1,70,,41754,9,0,48 18,1,30,,41762,9,0,48 18,1,70,,41766,9,0,48 18,1,30,,41751,9,0,48 18,1
43500,'12',1852,,41780,9,0,48 18,1,70,,41782,9,0,48 18,1,30,,41779,9,0,48 18,1,70,,41781,9,0,48 18,1,30,,41777,9,0,48 18,1,70,,41776,9,0,48 18,1,30,,41775,9,0,48 18,1,70,,41778,9,0,48 18,1
43500,'6',1852,,41788,9,0,48 18,1,70,,41790,9,0,48 18,1,30,,41783,9,0,48 18,1,70,,41787,9,0,48 18,1,30,,41789,9,0,48 18,1,70,,41792,9,0,48 18,1,30,,41786,9,0,48 18,1,70,,41784,9,0,48 18,1,30,,41785,9,0,48 18,1,70,,41791,9,0,48 18,1
