30100,'12',618,,32810,29,0,5 6,1,30,,32795,29,0,5 6,1,70,,32770,29,0,5 6,1,30,,32777,29,0,5 6,1,70,,32812,29,0,5 6,1,30,,32785,29,0,5 6,1,70,,32790,29,0,5 6,1,30,,32786,29,0,5 6,1,70,,32789,29,0,5 6,1,30,,32804,29,0,5 6,1,70,,32771,29,0,5 6,1,30,,32778,29,0,5 6,1,70,,32776,29,0,5 6,1,30,,32774,29,0,5 6,1,70,,32768,29,0,5 6,1,30,,32794,29,0,5 6,1,70,,32773,29,0,5 6,1,30,,32806,29,0,5 6,1,70,,32802,29,0,5 6,1,30,,32803,29,0,5 6,1,70,,32780,29,0,5 6,1,30,,32807,29,0,5 6,1,70,,32796,29,0,5 6,1,30,,32787,29,0,5 6,1
30100,'13',618,,32852,29,0,5 6,1,30,,32839,29,0,5 6,1,70,,32816,29,0,5 6,1,30,,32823,29,0,5 6,1,70,,32854,29,0,5 6,1,30,,32831,29,0,5 6,1,70,,32836,29,0,5 6,1,30,,32832,29,0,5 6,1,70,,32835,29,0,5 6,1,30,,32847,29,0,5 6,1,70,,32817,29,0,5 6,1,30,,32824,29,0,5 6,1,70,,32822,29,0,5 6,1,30,,32820,29,0,5 6,1,70,,32814,29,0,5 6,1,30,,32838,29,0,5 6,1,70,,32819,29,0,5 6,1,30,,32848,29,0,5 6,1,70,,32845,29,0,5 6,1,30,,32846,29,0,5 6,1,70,,32826,29,0,5 6,1,30,,32849,29,0,5 6,1,70,,32840,29,0,5 6,1,30,,32833,29,0,5 6,1
30100,'3',618,,32894,29,0,5 6,1,30,,32881,29,0,5 6,1,70,,32858,29,0,5 6,1,30,,32865,29,0,5 6,1,70,,32896,29,0,5 6,1,30,,32873,29,0,5 6,1,70,,32878,29,0,5 6,1,30,,32874,29,0,5 6,1,70,,32877,29,0,5 6,1,30,,32889,29,0,5 6,1,70,,32859,29,0,5 6,1,30,,32866,29,0,5 6,1,70,,32864,29,0,5 6,1,30,,32862,29,0,5 6,1,70,,32856,29,0,5 6,1,30,,32880,29,0,5 6,1,70,,32861,29,0,5 6,1,30,,32890,29,0,5 6,1,70,,32887,29,0,5 6,1,30,,32888,29,0,5 6,1,70,,32868,29,0,5 6,1,30,,32891,29,0,5 6,1,70,,32882,29,0,5 6,1,30,,32875,29,0,5 6,1
30100,'6',618,,32941,29,0,5 6,1,30,,32926,29,0,5 6,1,70,,32901,29,0,5 6,1,30,,32908,29,0,5 6,1,70,,32943,29,0,5 6,1,30,,32916,29,0,5 6,1,70,,32921,29,0,5 6,1,30,,32917,29,0,5 6,1,70,,32920,29,0,5 6,1,30,,32935,29,0,5 6,1,70,,32902,29,0,5 6,1,30,,32909,29,0,5 6,1,70,,32907,29,0,5 6,1,30,,32905,29,0,5 6,1,70,,32899,29,0,5 6,1,30,,32925,29,0,5 6,1,70,,32904,29,0,5 6,1,30,,32937,29,0,5 6,1,70,,32933,29,0,5 6,1,30,,32934,29,0,5 6,1,70,,32911,29,0,5 6,1,30,,32938,29,0,5 6,1,70,,32927,29,0,5 6,1,30,,32918,29,0,5 6,1
40100,'1',642,,31498,29,0,8,1,70,,37760,29,0,8,1,30,,37775,29,0,8,1,70,,37763,29,0,8,1,30,,37783,29,0,8,1,70,,37779,29,0,8,1,30,,37772,29,0,8,1,70,,37793,29,0,8,1,30,,37752,29,0,8,1,70,,37792,29,0,8,1,30,,37789,29,0,8,1,70,,37771,29,0,8,1,30,,37745,29,0,8,1,70,,32649,29,0,8,1,30,,37750,29,0,8,1,70,,37754,29,0,8,1,30,,37770,29,0,8,1,70,,37768,29,0,8,1,30,,37747,29,0,8,1,70,,37774,29,0,8,1,30,,37787,29,0,8,1,70,,37781,29,0,8,1,30,,31183,29,0,8,1,70,,37756,29,0,8,1,100,,37778,29,0,8,1,100,,37765,29,0,8,1,100,,37777,29,0,8,1,100,,37759,29,0,8,1,100,,37757,29,0,8,1,100,,31193,29,0,8,1
40100,'11',642,,37826,29,0,8,1,70,,37811,29,0,8,1,30,,37832,29,0,8,1,70,,37816,29,0,8,1,30,,37842,29,0,8,1,70,,37837,29,0,8,1,30,,37827,29,0,8,1,70,,37852,29,0,8,1,30,,37803,29,0,8,1,70,,37851,29,0,8,1,30,,37848,29,0,8,1,70,,37825,29,0,8,1,30,,37796,29,0,8,1,70,,37831,29,0,8,1,30,,37801,29,0,8,1,70,,37805,29,0,8,1,30,,37824,29,0,8,1,70,,37822,29,0,8,1,30,,37798,29,0,8,1,70,,37830,29,0,8,1,30,,37846,29,0,8,1,70,,37839,29,0,8,1,30,,37815,29,0,8,1,70,,37807,29,0,8,1,100,,37836,29,0,8,1,100,,37819,29,0,8,1,100,,37834,29,0,8,1,100,,37810,29,0,8,1,100,,37808,29,0,8,1,100,,37853,29,0,8,1
40100,'12',1812,,37861,29,0,8,1,100,,37858,29,0,8,1,100,,37867,29,0,8,1,100,,37865,29,0,8,1,100,,37866,29,0,8,1,100,,37859,29,0,8,1,100,,37857,29,0,8,1
40100,'13',1812,,37873,29,0,8,1,100,,37870,29,0,8,1,100,,37879,29,0,8,1,100,,37877,29,0,8,1,100,,37878,29,0,8,1,100,,37871,29,0,8,1,100,,27848,29,0,8,1
40100,'14',1112,,37890,29,0,8,1,100,,37892,29,0,8,1,100,,37884,29,0,8,1,100,,37882,29,0,8,1,100,,37889,29,0,8,1,100,,37893,29,0,8,1,100,,37891,29,0,8,1,100,,37886,29,0,8,1
40100,'16',642,,31539,29,0,8,1,70,,37912,29,0,8,1,30,,37927,29,0,8,1,70,,37915,29,0,8,1,30,,37935,29,0,8,1,70,,37931,29,0,8,1,30,,37924,29,0,8,1,70,,37945,29,0,8,1,30,,37904,29,0,8,1,70,,37944,29,0,8,1,30,,37941,29,0,8,1,70,,37923,29,0,8,1,30,,37897,29,0,8,1,70,,32668,29,0,8,1,30,,37902,29,0,8,1,70,,37906,29,0,8,1,30,,37922,29,0,8,1,70,,37920,29,0,8,1,30,,37899,29,0,8,1,70,,37926,29,0,8,1,30,,37939,29,0,8,1,70,,37933,29,0,8,1,30,,26849,29,0,8,1,70,,37908,29,0,8,1,100,,37930,29,0,8,1,100,,37917,29,0,8,1,100,,37929,29,0,8,1,100,,37911,29,0,8,1,100,,37909,29,0,8,1,100,,31222,29,0,8,1
40100,'3',1812,,37951,29,0,8,1,100,,37948,29,0,8,1,100,,37957,29,0,8,1,100,,37955,29,0,8,1,100,,37956,29,0,8,1,100,,37949,29,0,8,1,100,,27869,29,0,8,1
40100,'6',1812,,37965,29,0,8,1,100,,37962,29,0,8,1,100,,37971,29,0,8,1,100,,37969,29,0,8,1,100,,37970,29,0,8,1,100,,37963,29,0,8,1,100,,37961,29,0,8,1
40100,'8',912,,37973,29,0,8,1,100,,37986,29,0,8,1,30,,38003,29,0,8,1,70,,37977,29,0,8,1,30,,37993,29,0,8,1,70,,32420,29,0,8,1,30,,37972,29,0,8,1,70,,37996,29,0,8,1,30,,38007,29,0,8,1,70,,38001,29,0,8,1,30,,38006,29,0,8,1,70,,37989,29,0,8,1,30,,38005,29,0,8,1,70,,37991,29,0,8,1,30,,37988,29,0,8,1,70,,37990,29,0,8,1,30,,37974,29,0,8,1,70,,38002,29,0,8,1,100,,37981,29,0,8,1,100,,37980,29,0,8,1
