30201,'1',632,,485,26,0,24,1,70,,497,26,0,24,1,30,,487,26,0,24,1,70,,494,26,0,24,1,30,,496,26,0,24,1,70,,488,26,0,24,1,30,,489,26,0,24,1,70,,482,26,0,24,1,33,,484,26,0,24,1,70,,483,26,0,24,1,30,,481,26,0,24,1,70,,500,26,0,24,1,30,,499,26,0,24,1,70,,492,26,0,24,1,30,,493,26,0,24,1,70,,502,26,0,24,1,33,,498,26,0,24,1,78,,495,26,0,24,1,30,,503,26,0,24,1,70,,501,26,0,24,1,30,,486,26,0,24,1,70,,504,26,0,24,1,30,,491,26,0,24,1,70,,490,26,0,24,1
30201,'10',632,,509,26,0,24,1,70,,521,26,0,24,1,30,,511,26,0,24,1,70,,518,26,0,24,1,30,,520,26,0,24,1,70,,512,26,0,24,1,30,,513,26,0,24,1,70,,506,26,0,24,1,33,,508,26,0,24,1,70,,507,26,0,24,1,30,,505,26,0,24,1,70,,524,26,0,24,1,30,,523,26,0,24,1,70,,516,26,0,24,1,30,,517,26,0,24,1,70,,526,26,0,24,1,33,,522,26,0,24,1,78,,519,26,0,24,1,30,,527,26,0,24,1,70,,525,26,0,24,1,30,,510,26,0,24,1,70,,528,26,0,24,1,30,,515,26,0,24,1,70,,514,26,0,24,1
30201,'11',632,,532,26,0,24,1,70,,545,26,0,24,1,30,,534,26,0,24,1,70,,541,26,0,24,1,30,,543,26,0,24,1,70,,535,26,0,24,1,30,,536,26,0,24,1,70,,530,26,0,24,1,33,,544,26,0,24,1,70,,531,26,0,24,1,30,,529,26,0,24,1,70,,548,26,0,24,1,30,,547,26,0,24,1,70,,539,26,0,24,1,30,,540,26,0,24,1,70,,550,26,0,24,1,33,,546,26,0,24,1,78,,542,26,0,24,1,30,,551,26,0,24,1,70,,549,26,0,24,1,30,,533,26,0,24,1,70,,552,26,0,24,1,30,,538,26,0,24,1,70,,537,26,0,24,1
30201,'3',632,,556,26,0,24,1,70,,569,26,0,24,1,30,,558,26,0,24,1,70,,565,26,0,24,1,30,,567,26,0,24,1,70,,559,26,0,24,1,30,,560,26,0,24,1,70,,554,26,0,24,1,33,,568,26,0,24,1,70,,555,26,0,24,1,30,,553,26,0,24,1,70,,572,26,0,24,1,30,,571,26,0,24,1,70,,563,26,0,24,1,30,,564,26,0,24,1,70,,574,26,0,24,1,33,,570,26,0,24,1,78,,566,26,0,24,1,30,,575,26,0,24,1,70,,573,26,0,24,1,30,,557,26,0,24,1,70,,576,26,0,24,1,30,,562,26,0,24,1,70,,561,26,0,24,1
40201,'1',1859,,6214,26,0,24,1,99,,6213,26,0,24,1,100,,6210,26,0,24,1,100,,6212,26,0,24,1,100,,6211,26,0,24,1,100,,6209,26,0,24,1
40201,'10',1859,,6220,26,0,24,1,99,,6219,26,0,24,1,100,,6216,26,0,24,1,100,,6218,26,0,24,1,100,,6217,26,0,24,1,100,,6215,26,0,24,1
40201,'11',1859,,6226,26,0,24,1,99,,6225,26,0,24,1,100,,6222,26,0,24,1,100,,6224,26,0,24,1,100,,6223,26,0,24,1,100,,6221,26,0,24,1
40201,'12',1159,,6228,26,0,24,1,100,,6233,26,0,24,1,100,,6232,26,0,24,1,100,,6231,26,0,24,1,100,,6227,26,0,24,1,100,,6229,26,0,24,1,100,,6230,26,0,24,1
40201,'14',659,,6255,26,0,24,1,70,,6244,26,0,24,1,30,,6243,26,0,24,1,70,,6253,26,0,24,1,30,,6236,26,0,24,1,70,,6234,26,0,24,1,30,,6240,26,0,24,1,70,,6251,26,0,24,1,30,,6242,26,0,24,1,70,,6261,26,0,24,1,30,,6238,26,0,24,1,70,,6246,26,0,24,1,30,,6237,26,0,24,1,70,,6248,26,0,24,1,30,,6254,26,0,24,1,70,,6247,26,0,24,1,30,,6256,26,0,24,1,70,,6249,26,0,24,1,30,,6245,26,0,24,1,70,,6239,26,0,24,1,30,,6235,26,0,24,1,70,,6260,26,0,24,1,30,,6263,26,0,24,1,70,,6252,26,0,24,1,30,,6257,26,0,24,1,99,,6250,26,0,24,1,100,,6262,26,0,24,1,100,,6258,26,0,24,1,100,,6259,26,0,24,1,100,,6241,26,0,24,1
40201,'3',1859,,6269,26,0,24,1,99,,6268,26,0,24,1,100,,6265,26,0,24,1,100,,6267,26,0,24,1,100,,6266,26,0,24,1,100,,6264,26,0,24,1
40201,'7',959,,6278,26,0,24,1,100,,6279,26,0,24,1,70,,6281,26,0,24,1,30,,6275,26,0,24,1,70,,6286,26,0,24,1,30,,6277,26,0,24,1,70,,6272,26,0,24,1,30,,6276,26,0,24,1,70,,6287,26,0,24,1,30,,6270,26,0,24,1,70,,6274,26,0,24,1,30,,6282,26,0,24,1,70,,6280,26,0,24,1,30,,6288,26,0,24,1,70,,6284,26,0,24,1,30,,6273,26,0,24,1,70,,6283,26,0,24,1,30,,6271,26,0,24,1,99,,6285,26,0,24,1
