30101,'12',620,,32947,4,0,5 15,1,30,,32948,4,0,5 15,1,70,,32969,4,0,5 15,1,30,,32985,4,0,5 15,1,70,,32960,4,0,5 15,1,30,,32976,4,0,5 15,1,70,,32954,4,0,5 15,1,30,,32952,4,0,5 15,1,70,,32986,4,0,5 15,1,30,,32966,4,0,5 15,1,70,,32967,4,0,5 15,1,30,,32945,4,0,5 15,1,70,,32955,4,0,5 15,1,30,,32957,4,0,5 15,1,70,,32987,4,0,5 15,1,30,,32991,4,0,5 15,1,70,,32956,4,0,5 15,1,30,,32990,4,0,5 15,1,70,,32980,4,0,5 15,1,30,,32971,4,0,5 15,1,70,,32972,4,0,5 15,1,30,,32994,4,0,5 15,1,70,,32993,4,0,5 15,1,30,,32977,4,0,5 15,1
30101,'13',620,,32997,4,0,5 15,1,30,,32998,4,0,5 15,1,70,,33016,4,0,5 15,1,30,,28476,4,0,5 15,1,70,,33008,4,0,5 15,1,30,,33022,4,0,5 15,1,70,,33003,4,0,5 15,1,30,,33001,4,0,5 15,1,70,,33030,4,0,5 15,1,30,,33014,4,0,5 15,1,70,,33015,4,0,5 15,1,30,,32995,4,0,5 15,1,70,,33004,4,0,5 15,1,30,,33006,4,0,5 15,1,70,,31703,4,0,5 15,1,30,,33033,4,0,5 15,1,70,,33005,4,0,5 15,1,30,,28477,4,0,5 15,1,70,,33026,4,0,5 15,1,30,,33017,4,0,5 15,1,70,,33018,4,0,5 15,1,30,,33036,4,0,5 15,1,70,,33035,4,0,5 15,1,30,,33023,4,0,5 15,1
30101,'3',620,,33039,4,0,5 15,1,30,,33040,4,0,5 15,1,70,,33058,4,0,5 15,1,30,,28491,4,0,5 15,1,70,,33050,4,0,5 15,1,30,,33064,4,0,5 15,1,70,,33045,4,0,5 15,1,30,,33043,4,0,5 15,1,70,,33072,4,0,5 15,1,30,,33056,4,0,5 15,1,70,,33057,4,0,5 15,1,30,,33037,4,0,5 15,1,70,,33046,4,0,5 15,1,30,,33048,4,0,5 15,1,70,,31758,4,0,5 15,1,30,,33075,4,0,5 15,1,70,,33047,4,0,5 15,1,30,,28492,4,0,5 15,1,70,,33068,4,0,5 15,1,30,,33059,4,0,5 15,1,70,,33060,4,0,5 15,1,30,,33078,4,0,5 15,1,70,,33077,4,0,5 15,1,30,,33065,4,0,5 15,1
30101,'6',620,,33081,4,0,5 15,1,30,,33082,4,0,5 15,1,70,,33103,4,0,5 15,1,30,,33119,4,0,5 15,1,70,,33094,4,0,5 15,1,30,,33110,4,0,5 15,1,70,,33088,4,0,5 15,1,30,,33086,4,0,5 15,1,70,,33120,4,0,5 15,1,30,,33100,4,0,5 15,1,70,,33101,4,0,5 15,1,30,,33079,4,0,5 15,1,70,,33089,4,0,5 15,1,30,,33091,4,0,5 15,1,70,,33121,4,0,5 15,1,30,,33125,4,0,5 15,1,70,,33090,4,0,5 15,1,30,,33124,4,0,5 15,1,70,,33114,4,0,5 15,1,30,,33105,4,0,5 15,1,70,,33106,4,0,5 15,1,30,,33128,4,0,5 15,1,70,,33127,4,0,5 15,1,30,,33111,4,0,5 15,1
40101,'1',634,,38036,4,0,16,1,70,,38052,4,0,16,1,30,,38025,4,0,16,1,70,,38054,4,0,16,1,30,,38057,4,0,16,1,70,,38048,4,0,16,1,30,,32002,4,0,16,1,70,,38046,4,0,16,1,30,,38060,4,0,16,1,70,,38020,4,0,16,1,30,,38034,4,0,16,1,70,,38031,4,0,16,1,30,,30519,4,0,16,1,70,,38038,4,0,16,1,30,,38026,4,0,16,1,70,,38043,4,0,16,1,30,,38045,4,0,16,1,70,,38063,4,0,16,1,30,,38040,4,0,16,1,70,,38033,4,0,16,1,30,,38032,4,0,16,1,70,,38027,4,0,16,1,30,,38056,4,0,16,1,70,,38059,4,0,16,1,30,,38037,4,0,16,1,100,,38012,4,0,16,1,100,,38028,4,0,16,1,100,,38049,4,0,16,1,100,,38013,4,0,16,1,100,,38011,4,0,5,1
40101,'11',634,,38093,4,0,16,1,70,,38112,4,0,16,1,30,,38082,4,0,16,1,70,,38114,4,0,16,1,30,,38117,4,0,16,1,70,,38107,4,0,16,1,30,,38102,4,0,16,1,70,,38105,4,0,16,1,30,,38120,4,0,16,1,70,,38077,4,0,16,1,30,,38091,4,0,16,1,70,,38088,4,0,16,1,30,,38099,4,0,16,1,70,,38094,4,0,16,1,30,,38083,4,0,16,1,70,,38101,4,0,16,1,30,,38104,4,0,16,1,70,,38124,4,0,16,1,30,,38097,4,0,16,1,70,,38090,4,0,16,1,30,,38089,4,0,16,1,70,,38084,4,0,16,1,30,,38116,4,0,16,1,70,,38119,4,0,16,1,30,,38095,4,0,16,1,100,,38069,4,0,16,1,100,,38085,4,0,16,1,100,,38108,4,0,16,1,100,,38070,4,0,16,1,100,,38068,4,0,5,1
40101,'12',1834,,38134,4,0,16,1,100,,38133,4,0,16,1,100,,38132,4,0,16,1,100,,38128,4,0,16,1,100,,38137,4,0,16,1,100,,38130,4,0,5,1
40101,'13',1834,,38145,4,0,16,1,100,,38144,4,0,16,1,100,,38143,4,0,16,1,100,,38139,4,0,16,1,100,,38148,4,0,16,1,100,,38141,4,0,5,1
40101,'14',1034,,38157,4,0,16,1,100,,38159,4,0,16,1,100,,38158,4,0,16,1,100,,38153,4,0,16,1,100,,38156,4,0,16,1,100,,38151,4,0,16,1,100,,38162,4,0,16,1,100,,38149,4,0,5,1
40101,'16',634,,38191,4,0,16,1,70,,38207,4,0,16,1,30,,38180,4,0,16,1,70,,38209,4,0,16,1,30,,38212,4,0,16,1,70,,38203,4,0,16,1,30,,32040,4,0,16,1,70,,38201,4,0,16,1,30,,38215,4,0,16,1,70,,38175,4,0,16,1,30,,38189,4,0,16,1,70,,38186,4,0,16,1,30,,30556,4,0,16,1,70,,38193,4,0,16,1,30,,38181,4,0,16,1,70,,38198,4,0,16,1,30,,38200,4,0,16,1,70,,38218,4,0,16,1,30,,38195,4,0,16,1,70,,38188,4,0,16,1,30,,38187,4,0,16,1,70,,38182,4,0,16,1,30,,38211,4,0,16,1,70,,38214,4,0,16,1,30,,38192,4,0,16,1,100,,38167,4,0,16,1,100,,38183,4,0,16,1,100,,38204,4,0,16,1,100,,38168,4,0,16,1,100,,38166,4,0,5,1
40101,'3',1834,,38228,4,0,16,1,100,,38227,4,0,16,1,100,,38226,4,0,16,1,100,,38222,4,0,16,1,100,,38231,4,0,16,1,100,,38224,4,0,5,1
40101,'6',1834,,38239,4,0,16,1,100,,38238,4,0,16,1,100,,38237,4,0,16,1,100,,38233,4,0,16,1,100,,38242,4,0,16,1,100,,38235,4,0,5,1
40101,'8',834,,38272,4,0,16,1,100,,38276,4,0,16,1,100,,38252,4,0,16,1,70,,38262,4,0,16,1,30,,38268,4,0,16,1,70,,38258,4,0,16,1,30,,38281,4,0,16,1,70,,38247,4,0,16,1,30,,38243,4,0,16,1,70,,38260,4,0,16,1,30,,38253,4,0,16,1,70,,38274,4,0,16,1,30,,38254,4,0,16,1,70,,38267,4,0,16,1,30,,38251,4,0,16,1,70,,38244,4,0,16,1,30,,38269,4,0,16,1,70,,38248,4,0,16,1,30,,38273,4,0,16,1,100,,38279,4,0,16,1
