30100,'12',617,,32810,25,0,5 6,1,30,,32795,25,0,5 6,1,70,,32770,25,0,5 6,1,30,,32777,25,0,5 6,1,70,,32812,25,0,5 6,1,30,,32785,25,0,5 6,1,70,,32790,25,0,5 6,1,30,,32786,25,0,5 6,1,70,,32789,25,0,5 6,1,30,,32804,25,0,5 6,1,70,,32771,25,0,5 6,1,30,,32778,25,0,5 6,1,70,,32776,25,0,5 6,1,30,,32774,25,0,5 6,1,70,,32768,25,0,5 6,1,30,,32794,25,0,5 6,1,70,,32773,25,0,5 6,1,30,,32806,25,0,5 6,1,70,,32802,25,0,5 6,1,30,,32803,25,0,5 6,1,70,,32780,25,0,5 6,1,30,,32807,25,0,5 6,1,70,,32796,25,0,5 6,1,30,,32787,25,0,5 6,1
30100,'13',617,,32852,25,0,5 6,1,30,,32839,25,0,5 6,1,70,,32816,25,0,5 6,1,30,,32823,25,0,5 6,1,70,,32854,25,0,5 6,1,30,,32831,25,0,5 6,1,70,,32836,25,0,5 6,1,30,,32832,25,0,5 6,1,70,,32835,25,0,5 6,1,30,,32847,25,0,5 6,1,70,,32817,25,0,5 6,1,30,,32824,25,0,5 6,1,70,,32822,25,0,5 6,1,30,,32820,25,0,5 6,1,70,,32814,25,0,5 6,1,30,,32838,25,0,5 6,1,70,,32819,25,0,5 6,1,30,,32848,25,0,5 6,1,70,,32845,25,0,5 6,1,30,,32846,25,0,5 6,1,70,,32826,25,0,5 6,1,30,,32849,25,0,5 6,1,70,,32840,25,0,5 6,1,30,,32833,25,0,5 6,1
30100,'3',617,,32894,25,0,5 6,1,30,,32881,25,0,5 6,1,70,,32858,25,0,5 6,1,30,,32865,25,0,5 6,1,70,,32896,25,0,5 6,1,30,,32873,25,0,5 6,1,70,,32878,25,0,5 6,1,30,,32874,25,0,5 6,1,70,,32877,25,0,5 6,1,30,,32889,25,0,5 6,1,70,,32859,25,0,5 6,1,30,,32866,25,0,5 6,1,70,,32864,25,0,5 6,1,30,,32862,25,0,5 6,1,70,,32856,25,0,5 6,1,30,,32880,25,0,5 6,1,70,,32861,25,0,5 6,1,30,,32890,25,0,5 6,1,70,,32887,25,0,5 6,1,30,,32888,25,0,5 6,1,70,,32868,25,0,5 6,1,30,,32891,25,0,5 6,1,70,,32882,25,0,5 6,1,30,,32875,25,0,5 6,1
30100,'6',617,,32941,25,0,5 6,1,30,,32926,25,0,5 6,1,70,,32901,25,0,5 6,1,30,,32908,25,0,5 6,1,70,,32943,25,0,5 6,1,30,,32916,25,0,5 6,1,70,,32921,25,0,5 6,1,30,,32917,25,0,5 6,1,70,,32920,25,0,5 6,1,30,,32935,25,0,5 6,1,70,,32902,25,0,5 6,1,30,,32909,25,0,5 6,1,70,,32907,25,0,5 6,1,30,,32905,25,0,5 6,1,70,,32899,25,0,5 6,1,30,,32925,25,0,5 6,1,70,,32904,25,0,5 6,1,30,,32937,25,0,5 6,1,70,,32933,25,0,5 6,1,30,,32934,25,0,5 6,1,70,,32911,25,0,5 6,1,30,,32938,25,0,5 6,1,70,,32927,25,0,5 6,1,30,,32918,25,0,5 6,1
40100,'1',641,,31498,25,0,8,1,70,,37760,25,0,8,1,30,,37775,25,0,8,1,70,,37763,25,0,8,1,30,,37783,25,0,8,1,70,,37779,25,0,8,1,30,,37772,25,0,8,1,70,,37793,25,0,8,1,30,,37752,25,0,8,1,70,,37792,25,0,8,1,30,,37789,25,0,8,1,70,,37771,25,0,8,1,30,,37745,25,0,8,1,70,,32649,25,0,8,1,30,,37750,25,0,8,1,70,,37754,25,0,8,1,30,,37770,25,0,8,1,70,,37768,25,0,8,1,30,,37747,25,0,8,1,70,,37774,25,0,8,1,30,,37787,25,0,8,1,70,,37781,25,0,8,1,30,,31183,25,0,8,1,70,,37756,25,0,8,1,100,,37778,25,0,8,1,100,,37765,25,0,8,1,100,,37777,25,0,8,1,100,,37759,25,0,8,1,100,,37757,25,0,8,1,100,,31193,25,0,8,1
40100,'11',641,,37826,25,0,8,1,70,,37811,25,0,8,1,30,,37832,25,0,8,1,70,,37816,25,0,8,1,30,,37842,25,0,8,1,70,,37837,25,0,8,1,30,,37827,25,0,8,1,70,,37852,25,0,8,1,30,,37803,25,0,8,1,70,,37851,25,0,8,1,30,,37848,25,0,8,1,70,,37825,25,0,8,1,30,,37796,25,0,8,1,70,,37831,25,0,8,1,30,,37801,25,0,8,1,70,,37805,25,0,8,1,30,,37824,25,0,8,1,70,,37822,25,0,8,1,30,,37798,25,0,8,1,70,,37830,25,0,8,1,30,,37846,25,0,8,1,70,,37839,25,0,8,1,30,,37815,25,0,8,1,70,,37807,25,0,8,1,100,,37836,25,0,8,1,100,,37819,25,0,8,1,100,,37834,25,0,8,1,100,,37810,25,0,8,1,100,,37808,25,0,8,1,100,,37853,25,0,8,1
40100,'12',1811,,37861,25,0,8,1,100,,37858,25,0,8,1,100,,37867,25,0,8,1,100,,37865,25,0,8,1,100,,37866,25,0,8,1,100,,37859,25,0,8,1,100,,37857,25,0,8,1
40100,'13',1811,,37873,25,0,8,1,100,,37870,25,0,8,1,100,,37879,25,0,8,1,100,,37877,25,0,8,1,100,,37878,25,0,8,1,100,,37871,25,0,8,1,100,,27848,25,0,8,1
40100,'14',1111,,37890,25,0,8,1,100,,37892,25,0,8,1,100,,37884,25,0,8,1,100,,37882,25,0,8,1,100,,37889,25,0,8,1,100,,37893,25,0,8,1,100,,37891,25,0,8,1,100,,37886,25,0,8,1
40100,'16',641,,31539,25,0,8,1,70,,37912,25,0,8,1,30,,37927,25,0,8,1,70,,37915,25,0,8,1,30,,37935,25,0,8,1,70,,37931,25,0,8,1,30,,37924,25,0,8,1,70,,37945,25,0,8,1,30,,37904,25,0,8,1,70,,37944,25,0,8,1,30,,37941,25,0,8,1,70,,37923,25,0,8,1,30,,37897,25,0,8,1,70,,32668,25,0,8,1,30,,37902,25,0,8,1,70,,37906,25,0,8,1,30,,37922,25,0,8,1,70,,37920,25,0,8,1,30,,37899,25,0,8,1,70,,37926,25,0,8,1,30,,37939,25,0,8,1,70,,37933,25,0,8,1,30,,26849,25,0,8,1,70,,37908,25,0,8,1,100,,37930,25,0,8,1,100,,37917,25,0,8,1,100,,37929,25,0,8,1,100,,37911,25,0,8,1,100,,37909,25,0,8,1,100,,31222,25,0,8,1
40100,'3',1811,,37951,25,0,8,1,100,,37948,25,0,8,1,100,,37957,25,0,8,1,100,,37955,25,0,8,1,100,,37956,25,0,8,1,100,,37949,25,0,8,1,100,,27869,25,0,8,1
40100,'6',1811,,37965,25,0,8,1,100,,37962,25,0,8,1,100,,37971,25,0,8,1,100,,37969,25,0,8,1,100,,37970,25,0,8,1,100,,37963,25,0,8,1,100,,37961,25,0,8,1
40100,'8',911,,37973,25,0,8,1,100,,37986,25,0,8,1,30,,38003,25,0,8,1,70,,37977,25,0,8,1,30,,37993,25,0,8,1,70,,32420,25,0,8,1,30,,37972,25,0,8,1,70,,37996,25,0,8,1,30,,38007,25,0,8,1,70,,38001,25,0,8,1,30,,38006,25,0,8,1,70,,37989,25,0,8,1,30,,38005,25,0,8,1,70,,37991,25,0,8,1,30,,37988,25,0,8,1,70,,37990,25,0,8,1,30,,37974,25,0,8,1,70,,38002,25,0,8,1,100,,37981,25,0,8,1,100,,37980,25,0,8,1
