31701,'12',630,,35896,41,0,62,1,70,,35885,41,0,62,1,30,,35883,41,0,62,1,70,,35876,41,0,62,1,30,,35880,41,0,62,1,70,,35886,41,0,62,1,30,,35888,41,0,62,1,70,,35873,41,0,62,1,31,,35894,41,0,62,1,70,,35877,41,0,62,1,30,,35878,41,0,62,1,70,,35892,41,0,62,1,30,,35895,41,0,62,1,70,,35889,41,0,62,1,30,,35891,41,0,62,1,70,,35884,41,0,62,1,31,,35882,41,0,62,1,70,,35879,41,0,62,1,30,,35893,41,0,62,1,70,,35890,41,0,62,1,30,,35875,41,0,62,1,70,,35887,41,0,62,1,30,,35874,41,0,62,1,70,,35881,41,0,62,1
31701,'13',630,,35918,41,0,62,1,70,,22658,41,0,62,1,30,,35906,41,0,62,1,70,,35899,41,0,62,1,30,,35903,41,0,62,1,70,,35908,41,0,62,1,30,,35910,41,0,62,1,70,,35897,41,0,62,1,31,,35916,41,0,62,1,70,,35900,41,0,62,1,30,,35901,41,0,62,1,70,,35914,41,0,62,1,30,,35917,41,0,62,1,70,,35911,41,0,62,1,30,,35913,41,0,62,1,70,,35907,41,0,62,1,31,,35905,41,0,62,1,70,,35902,41,0,62,1,30,,35915,41,0,62,1,70,,35912,41,0,62,1,30,,27975,41,0,62,1,70,,35909,41,0,62,1,30,,35898,41,0,62,1,70,,35904,41,0,62,1
31701,'3',630,,35940,41,0,62,1,70,,22678,41,0,62,1,30,,35928,41,0,62,1,70,,35921,41,0,62,1,30,,35925,41,0,62,1,70,,35930,41,0,62,1,30,,35932,41,0,62,1,70,,35919,41,0,62,1,31,,35938,41,0,62,1,70,,35922,41,0,62,1,30,,35923,41,0,62,1,70,,35936,41,0,62,1,30,,35939,41,0,62,1,70,,35933,41,0,62,1,30,,35935,41,0,62,1,70,,35929,41,0,62,1,31,,35927,41,0,62,1,70,,35924,41,0,62,1,30,,35937,41,0,62,1,70,,35934,41,0,62,1,30,,27998,41,0,62,1,70,,35931,41,0,62,1,30,,35920,41,0,62,1,70,,35926,41,0,62,1
31701,'6',630,,35964,41,0,62,1,70,,35953,41,0,62,1,30,,35951,41,0,62,1,70,,35944,41,0,62,1,30,,35948,41,0,62,1,70,,35954,41,0,62,1,30,,35956,41,0,62,1,70,,35941,41,0,62,1,31,,35962,41,0,62,1,70,,35945,41,0,62,1,30,,35946,41,0,62,1,70,,35960,41,0,62,1,30,,35963,41,0,62,1,70,,35957,41,0,62,1,30,,35959,41,0,62,1,70,,35952,41,0,62,1,31,,35950,41,0,62,1,70,,35947,41,0,62,1,30,,35961,41,0,62,1,70,,35958,41,0,62,1,30,,35943,41,0,62,1,70,,35955,41,0,62,1,30,,35942,41,0,62,1,70,,35949,41,0,62,1
41701,'1',633,,40905,35,0,62,1,70,,40894,35,0,62,1,30,,30080,35,0,62,1,70,,32586,35,0,62,1,30,,40904,35,0,62,1,70,,30610,35,0,62,1,30,,40885,35,0,62,1,70,,40902,35,0,62,1,33,,31345,35,0,62,1,70,,40901,35,0,62,1,30,,29900,35,0,62,1,70,,31670,35,0,62,1,30,,40895,35,0,62,1,70,,40889,35,0,62,1,30,,40899,35,0,62,1,70,,40891,35,0,62,1,30,,40900,35,0,62,1,70,,40893,35,0,62,1,30,,29109,35,0,62,1,70,,32248,35,0,62,1,30,,40897,35,0,62,1,70,,40898,35,0,62,1,30,,40887,35,0,62,1,70,,40903,35,0,62,1,30,,21426,35,0,62,1,97,,40892,35,0,62,1,100,,40888,35,0,62,1,100,,40886,35,0,62,1,100,,40896,35,0,62,1,100,,40890,35,0,62,1
41701,'11',633,,40935,35,0,62,1,70,,40918,35,0,62,1,30,,40927,35,0,62,1,70,,40923,35,0,62,1,30,,40934,35,0,62,1,70,,40933,35,0,62,1,30,,40908,35,0,62,1,70,,40931,35,0,62,1,33,,40924,35,0,62,1,70,,40930,35,0,62,1,30,,40929,35,0,62,1,70,,40910,35,0,62,1,30,,40919,35,0,62,1,70,,40913,35,0,62,1,30,,40926,35,0,62,1,70,,40915,35,0,62,1,30,,40928,35,0,62,1,70,,40917,35,0,62,1,30,,40907,35,0,62,1,70,,40906,35,0,62,1,30,,40922,35,0,62,1,70,,40925,35,0,62,1,30,,40911,35,0,62,1,70,,40932,35,0,62,1,30,,40921,35,0,62,1,97,,40916,35,0,62,1,100,,40912,35,0,62,1,100,,40909,35,0,62,1,100,,40920,35,0,62,1,100,,40914,35,0,62,1
41701,'12',1836,,40936,35,0,62,1,97,,40941,35,0,62,1,100,,40940,35,0,62,1,100,,40937,35,0,62,1,100,,40939,35,0,62,1,100,,40938,35,0,62,1
41701,'13',1836,,40942,35,0,62,1,97,,40947,35,0,62,1,100,,40946,35,0,62,1,100,,40943,35,0,62,1,100,,40945,35,0,62,1,100,,40944,35,0,62,1
41701,'14',1136,,40951,35,0,62,1,100,,40953,35,0,62,1,100,,40950,35,0,62,1,100,,40952,35,0,62,1,100,,40954,35,0,62,1,100,,40949,35,0,62,1,100,,40948,35,0,62,1
41701,'16',633,,40976,35,0,62,1,70,,40964,35,0,62,1,30,,30161,35,0,62,1,70,,40968,35,0,62,1,30,,40975,35,0,62,1,70,,30647,35,0,62,1,30,,40955,35,0,62,1,70,,40973,35,0,62,1,33,,31386,35,0,62,1,70,,40972,35,0,62,1,30,,29981,35,0,62,1,70,,31726,35,0,62,1,30,,40965,35,0,62,1,70,,40959,35,0,62,1,30,,40970,35,0,62,1,70,,40961,35,0,62,1,30,,40971,35,0,62,1,70,,40963,35,0,62,1,30,,17746,35,0,62,1,70,,32291,35,0,62,1,30,,40967,35,0,62,1,70,,40969,35,0,62,1,30,,40957,35,0,62,1,70,,40974,35,0,62,1,30,,31209,35,0,62,1,97,,40962,35,0,62,1,100,,40958,35,0,62,1,100,,40956,35,0,62,1,100,,40966,35,0,62,1,100,,40960,35,0,62,1
41701,'3',1836,,40977,35,0,62,1,97,,40982,35,0,62,1,100,,40981,35,0,62,1,100,,40978,35,0,62,1,100,,40980,35,0,62,1,100,,40979,35,0,62,1
41701,'6',1836,,40983,35,0,62,1,97,,40988,35,0,62,1,100,,40987,35,0,62,1,100,,40984,35,0,62,1,100,,40986,35,0,62,1,100,,40985,35,0,62,1
41701,'8',933,,40990,35,0,62,1,173,,41004,35,0,62,1,30,,40991,35,0,62,1,70,,40998,35,0,62,1,30,,40994,35,0,62,1,70,,40992,35,0,62,1,30,,40999,35,0,62,1,100,,41000,35,0,62,1,70,,40989,35,0,62,1,30,,40995,35,0,62,1,70,,40997,35,0,62,1,30,,41001,35,0,62,1,70,,41003,35,0,62,1,30,,40996,35,0,62,1,70,,40993,35,0,62,1,30,,41002,35,0,62,1,97,,30209,35,0,62,1
