31501,'1',608,,2768,16,0,20 14 35 26,1,30,,2759,16,0,20 14 35 26,1,70,,2763,16,0,20 14 35 26,1,30,,2762,16,0,20 14 35 26,1,70,,2746,16,0,20 14 35 26,1,30,,2747,16,0,20 14 35 26,1,70,,2745,16,0,20 14 35 26,1,30,,2751,16,0,20 14 35 26,1,70,,2760,16,0,20 14 35 26,1,30,,2757,16,0,20 14 35 26,1,70,,2764,16,0,20 14 35 26,1,30,,2753,16,0,20 14 35 26,1,70,,2758,16,0,20 14 35 26,1,30,,2749,16,0,20 14 35 26,1,70,,2754,16,0,20 14 35 26,1,30,,2752,16,0,20 14 35 26,1,70,,2765,16,0,20 14 35 26,1,30,,2750,16,0,20 14 35 26,1,70,,2766,16,0,20 14 35 26,1,30,,2761,16,0,20 14 35 26,1,70,,2756,16,0,20 14 35 26,1,30,,2755,16,0,20 14 35 26,1,70,,2767,16,0,20 14 35 26,1,30,,2748,16,0,20 14 35 26,1
31501,'10',608,,2792,16,0,20 14 35 26,1,30,,2783,16,0,20 14 35 26,1,70,,2787,16,0,20 14 35 26,1,30,,2786,16,0,20 14 35 26,1,70,,2770,16,0,20 14 35 26,1,30,,2771,16,0,20 14 35 26,1,70,,2769,16,0,20 14 35 26,1,30,,2775,16,0,20 14 35 26,1,70,,2784,16,0,20 14 35 26,1,30,,2781,16,0,20 14 35 26,1,70,,2788,16,0,20 14 35 26,1,30,,2777,16,0,20 14 35 26,1,70,,2782,16,0,20 14 35 26,1,30,,2773,16,0,20 14 35 26,1,70,,2778,16,0,20 14 35 26,1,30,,2776,16,0,20 14 35 26,1,70,,2789,16,0,20 14 35 26,1,30,,2774,16,0,20 14 35 26,1,70,,2790,16,0,20 14 35 26,1,30,,2785,16,0,20 14 35 26,1,70,,2780,16,0,20 14 35 26,1,30,,2779,16,0,20 14 35 26,1,70,,2791,16,0,20 14 35 26,1,30,,2772,16,0,20 14 35 26,1
31501,'11',608,,2816,16,0,20 14 35 26,1,30,,2806,16,0,20 14 35 26,1,70,,2810,16,0,20 14 35 26,1,30,,2809,16,0,20 14 35 26,1,70,,2794,16,0,20 14 35 26,1,30,,2795,16,0,20 14 35 26,1,70,,2793,16,0,20 14 35 26,1,30,,2799,16,0,20 14 35 26,1,70,,2807,16,0,20 14 35 26,1,30,,2804,16,0,20 14 35 26,1,70,,2812,16,0,20 14 35 26,1,30,,2801,16,0,20 14 35 26,1,70,,2805,16,0,20 14 35 26,1,30,,2797,16,0,20 14 35 26,1,70,,2802,16,0,20 14 35 26,1,30,,2800,16,0,20 14 35 26,1,70,,2813,16,0,20 14 35 26,1,30,,2798,16,0,20 14 35 26,1,70,,2814,16,0,20 14 35 26,1,30,,2808,16,0,20 14 35 26,1,70,,2803,16,0,20 14 35 26,1,30,,2811,16,0,20 14 35 26,1,70,,2815,16,0,20 14 35 26,1,30,,2796,16,0,20 14 35 26,1
31501,'3',608,,2840,16,0,20 14 35 26,1,30,,2830,16,0,20 14 35 26,1,70,,2834,16,0,20 14 35 26,1,30,,2833,16,0,20 14 35 26,1,70,,2818,16,0,20 14 35 26,1,30,,2819,16,0,20 14 35 26,1,70,,2817,16,0,20 14 35 26,1,30,,2823,16,0,20 14 35 26,1,70,,2831,16,0,20 14 35 26,1,30,,2828,16,0,20 14 35 26,1,70,,2836,16,0,20 14 35 26,1,30,,2825,16,0,20 14 35 26,1,70,,2829,16,0,20 14 35 26,1,30,,2821,16,0,20 14 35 26,1,70,,2826,16,0,20 14 35 26,1,30,,2824,16,0,20 14 35 26,1,70,,2837,16,0,20 14 35 26,1,30,,2822,16,0,20 14 35 26,1,70,,2838,16,0,20 14 35 26,1,30,,2832,16,0,20 14 35 26,1,70,,2827,16,0,20 14 35 26,1,30,,2835,16,0,20 14 35 26,1,70,,2839,16,0,20 14 35 26,1,30,,2820,16,0,20 14 35 26,1
41501,'1',1808,,7315,16,0,20 14 34,1,30,,7316,16,0,20 14 34,1,85,,7310,16,0,20 14 34,1,100,,7312,16,0,20 14 34,1,100,,7313,16,0,20 14 34,1,100,,7311,16,0,20 14 34,1,100,,7314,16,0,20 14 34,1
41501,'10',1808,,7322,16,0,20 14 34,1,30,,7323,16,0,20 14 34,1,85,,7317,16,0,20 14 34,1,100,,7319,16,0,20 14 34,1,100,,7320,16,0,20 14 34,1,100,,7318,16,0,20 14 34,1,100,,7321,16,0,20 14 34,1
41501,'11',1808,,7330,16,0,20 14 34,1,30,,7328,16,0,20 14 34,1,85,,7324,16,0,20 14 34,1,100,,7326,16,0,20 14 34,1,100,,7327,16,0,20 14 34,1,100,,7325,16,0,20 14 34,1,100,,7329,16,0,20 14 34,1
41501,'12',1123,,7331,16,0,20 14 34,1,100,,7335,16,0,20 14 34,1,100,,7333,16,0,20 14 34,1,100,,7336,16,0,20 14 34,1,100,,7334,16,0,20 14 34,1,100,,7337,16,0,20 14 34,1,100,,7332,16,0,20 14 34,1
41501,'14',653,,7362,16,0,20 14 34,1,70,,7356,16,0,20 14 34,1,30,,7345,16,0,20 14 34,1,70,,7349,16,0,20 14 34,1,30,,7359,16,0,20 14 34,1,70,,7363,16,0,20 14 34,1,30,,7357,16,0,20 14 34,1,70,,7361,16,0,20 14 34,1,30,,7343,16,0,20 14 34,1,70,,7366,16,0,20 14 34,1,30,,7340,16,0,20 14 34,1,70,,7355,16,0,20 14 34,1,30,,7353,16,0,20 14 34,1,70,,7341,16,0,20 14 34,1,30,,7352,16,0,20 14 34,1,70,,7348,16,0,20 14 34,1,30,,7365,16,0,20 14 34,1,70,,7339,16,0,20 14 34,1,30,,7350,16,0,20 14 34,1,70,,7358,16,0,20 14 34,1,30,,7346,16,0,20 14 34,1,70,,7344,16,0,20 14 34,1,30,,7364,16,0,20 14 34,1,70,,7360,16,0,20 14 34,1,100,,7342,16,0,20 14 34,1,100,,7347,16,0,20 14 34,1,100,,7338,16,0,20 14 34,1,100,,7351,16,0,20 14 34,1,100,,7354,16,0,20 14 34,1
41501,'3',1808,,7373,16,0,20 14 34,1,30,,7371,16,0,20 14 34,1,85,,7367,16,0,20 14 34,1,100,,7369,16,0,20 14 34,1,100,,7370,16,0,20 14 34,1,100,,7368,16,0,20 14 34,1,100,,7372,16,0,20 14 34,1
41501,'7',923,,7385,16,0,20 14 34,1,100,,7380,16,0,20 14 34,1,30,,7392,16,0,20 14 34,1,70,,7386,16,0,20 14 34,1,30,,7389,16,0,20 14 34,1,70,,7377,16,0,20 14 34,1,30,,7378,16,0,20 14 34,1,70,,7391,16,0,20 14 34,1,30,,7375,16,0,20 14 34,1,70,,7376,16,0,20 14 34,1,30,,7374,16,0,20 14 34,1,70,,7387,16,0,20 14 34,1,30,,7388,16,0,20 14 34,1,70,,7381,16,0,20 14 34,1,30,,7384,16,0,20 14 34,1,70,,7383,16,0,20 14 34,1,30,,7382,16,0,20 14 34,1,70,,7379,16,0,20 14 34,1,100,,7390,16,0,20 14 34,1
