30101,'12',621,,32947,5,0,5 15,1,30,,32948,5,0,5 15,1,70,,32969,5,0,5 15,1,30,,32985,5,0,5 15,1,70,,32960,5,0,5 15,1,30,,32976,5,0,5 15,1,70,,32954,5,0,5 15,1,30,,32952,5,0,5 15,1,70,,32986,5,0,5 15,1,30,,32966,5,0,5 15,1,70,,32967,5,0,5 15,1,30,,32945,5,0,5 15,1,70,,32955,5,0,5 15,1,30,,32957,5,0,5 15,1,70,,32987,5,0,5 15,1,30,,32991,5,0,5 15,1,70,,32956,5,0,5 15,1,30,,32990,5,0,5 15,1,70,,32980,5,0,5 15,1,30,,32971,5,0,5 15,1,70,,32972,5,0,5 15,1,30,,32994,5,0,5 15,1,70,,32993,5,0,5 15,1,30,,32977,5,0,5 15,1
30101,'13',621,,32997,5,0,5 15,1,30,,32998,5,0,5 15,1,70,,33016,5,0,5 15,1,30,,28476,5,0,5 15,1,70,,33008,5,0,5 15,1,30,,33022,5,0,5 15,1,70,,33003,5,0,5 15,1,30,,33001,5,0,5 15,1,70,,33030,5,0,5 15,1,30,,33014,5,0,5 15,1,70,,33015,5,0,5 15,1,30,,32995,5,0,5 15,1,70,,33004,5,0,5 15,1,30,,33006,5,0,5 15,1,70,,31703,5,0,5 15,1,30,,33033,5,0,5 15,1,70,,33005,5,0,5 15,1,30,,28477,5,0,5 15,1,70,,33026,5,0,5 15,1,30,,33017,5,0,5 15,1,70,,33018,5,0,5 15,1,30,,33036,5,0,5 15,1,70,,33035,5,0,5 15,1,30,,33023,5,0,5 15,1
30101,'3',621,,33039,5,0,5 15,1,30,,33040,5,0,5 15,1,70,,33058,5,0,5 15,1,30,,28491,5,0,5 15,1,70,,33050,5,0,5 15,1,30,,33064,5,0,5 15,1,70,,33045,5,0,5 15,1,30,,33043,5,0,5 15,1,70,,33072,5,0,5 15,1,30,,33056,5,0,5 15,1,70,,33057,5,0,5 15,1,30,,33037,5,0,5 15,1,70,,33046,5,0,5 15,1,30,,33048,5,0,5 15,1,70,,31758,5,0,5 15,1,30,,33075,5,0,5 15,1,70,,33047,5,0,5 15,1,30,,28492,5,0,5 15,1,70,,33068,5,0,5 15,1,30,,33059,5,0,5 15,1,70,,33060,5,0,5 15,1,30,,33078,5,0,5 15,1,70,,33077,5,0,5 15,1,30,,33065,5,0,5 15,1
30101,'6',621,,33081,5,0,5 15,1,30,,33082,5,0,5 15,1,70,,33103,5,0,5 15,1,30,,33119,5,0,5 15,1,70,,33094,5,0,5 15,1,30,,33110,5,0,5 15,1,70,,33088,5,0,5 15,1,30,,33086,5,0,5 15,1,70,,33120,5,0,5 15,1,30,,33100,5,0,5 15,1,70,,33101,5,0,5 15,1,30,,33079,5,0,5 15,1,70,,33089,5,0,5 15,1,30,,33091,5,0,5 15,1,70,,33121,5,0,5 15,1,30,,33125,5,0,5 15,1,70,,33090,5,0,5 15,1,30,,33124,5,0,5 15,1,70,,33114,5,0,5 15,1,30,,33105,5,0,5 15,1,70,,33106,5,0,5 15,1,30,,33128,5,0,5 15,1,70,,33127,5,0,5 15,1,30,,33111,5,0,5 15,1
40101,'1',635,,38036,5,0,16,1,70,,38052,5,0,16,1,30,,38025,5,0,16,1,70,,38054,5,0,16,1,30,,38057,5,0,16,1,70,,38048,5,0,16,1,30,,32002,5,0,16,1,70,,38046,5,0,16,1,30,,38060,5,0,16,1,70,,38020,5,0,16,1,30,,38034,5,0,16,1,70,,38031,5,0,16,1,30,,30519,5,0,16,1,70,,38038,5,0,16,1,30,,38026,5,0,16,1,70,,38043,5,0,16,1,30,,38045,5,0,16,1,70,,38063,5,0,16,1,30,,38040,5,0,16,1,70,,38033,5,0,16,1,30,,38032,5,0,16,1,70,,38027,5,0,16,1,30,,38056,5,0,16,1,70,,38059,5,0,16,1,30,,38037,5,0,16,1,100,,38012,5,0,16,1,100,,38028,5,0,16,1,100,,38049,5,0,16,1,100,,38013,5,0,16,1,100,,38011,5,0,5,1
40101,'11',635,,38093,5,0,16,1,70,,38112,5,0,16,1,30,,38082,5,0,16,1,70,,38114,5,0,16,1,30,,38117,5,0,16,1,70,,38107,5,0,16,1,30,,38102,5,0,16,1,70,,38105,5,0,16,1,30,,38120,5,0,16,1,70,,38077,5,0,16,1,30,,38091,5,0,16,1,70,,38088,5,0,16,1,30,,38099,5,0,16,1,70,,38094,5,0,16,1,30,,38083,5,0,16,1,70,,38101,5,0,16,1,30,,38104,5,0,16,1,70,,38124,5,0,16,1,30,,38097,5,0,16,1,70,,38090,5,0,16,1,30,,38089,5,0,16,1,70,,38084,5,0,16,1,30,,38116,5,0,16,1,70,,38119,5,0,16,1,30,,38095,5,0,16,1,100,,38069,5,0,16,1,100,,38085,5,0,16,1,100,,38108,5,0,16,1,100,,38070,5,0,16,1,100,,38068,5,0,5,1
40101,'12',1835,,38134,5,0,16,1,100,,38133,5,0,16,1,100,,38132,5,0,16,1,100,,38128,5,0,16,1,100,,38137,5,0,16,1,100,,38130,5,0,5,1
40101,'13',1835,,38145,5,0,16,1,100,,38144,5,0,16,1,100,,38143,5,0,16,1,100,,38139,5,0,16,1,100,,38148,5,0,16,1,100,,38141,5,0,5,1
40101,'14',1035,,38157,5,0,16,1,100,,38159,5,0,16,1,100,,38158,5,0,16,1,100,,38153,5,0,16,1,100,,38156,5,0,16,1,100,,38151,5,0,16,1,100,,38162,5,0,16,1,100,,38149,5,0,5,1
40101,'16',635,,38191,5,0,16,1,70,,38207,5,0,16,1,30,,38180,5,0,16,1,70,,38209,5,0,16,1,30,,38212,5,0,16,1,70,,38203,5,0,16,1,30,,32040,5,0,16,1,70,,38201,5,0,16,1,30,,38215,5,0,16,1,70,,38175,5,0,16,1,30,,38189,5,0,16,1,70,,38186,5,0,16,1,30,,30556,5,0,16,1,70,,38193,5,0,16,1,30,,38181,5,0,16,1,70,,38198,5,0,16,1,30,,38200,5,0,16,1,70,,38218,5,0,16,1,30,,38195,5,0,16,1,70,,38188,5,0,16,1,30,,38187,5,0,16,1,70,,38182,5,0,16,1,30,,38211,5,0,16,1,70,,38214,5,0,16,1,30,,38192,5,0,16,1,100,,38167,5,0,16,1,100,,38183,5,0,16,1,100,,38204,5,0,16,1,100,,38168,5,0,16,1,100,,38166,5,0,5,1
40101,'3',1835,,38228,5,0,16,1,100,,38227,5,0,16,1,100,,38226,5,0,16,1,100,,38222,5,0,16,1,100,,38231,5,0,16,1,100,,38224,5,0,5,1
40101,'6',1835,,38239,5,0,16,1,100,,38238,5,0,16,1,100,,38237,5,0,16,1,100,,38233,5,0,16,1,100,,38242,5,0,16,1,100,,38235,5,0,5,1
40101,'8',835,,38272,5,0,16,1,100,,38276,5,0,16,1,100,,38252,5,0,16,1,70,,38262,5,0,16,1,30,,38268,5,0,16,1,70,,38258,5,0,16,1,30,,38281,5,0,16,1,70,,38247,5,0,16,1,30,,38243,5,0,16,1,70,,38260,5,0,16,1,30,,38253,5,0,16,1,70,,38274,5,0,16,1,30,,38254,5,0,16,1,70,,38267,5,0,16,1,30,,38251,5,0,16,1,70,,38244,5,0,16,1,30,,38269,5,0,16,1,70,,38248,5,0,16,1,30,,38273,5,0,16,1,100,,38279,5,0,16,1
