31101,'11',615,,28329,28,0,43 44,1,30,,28323,28,0,43 44,1,70,,28320,28,0,43 44,1,30,,28315,28,0,43 44,1,70,,28324,28,0,43 44,1,30,,28335,28,0,43 44,1,70,,28318,28,0,43 44,1,30,,28319,28,0,43 44,1,70,,28322,28,0,43 44,1,30,,28317,28,0,43 44,1,70,,28316,28,0,43 44,1,30,,28327,28,0,43 44,1,70,,28334,28,0,43 44,1,30,,23612,28,0,43 44,1,70,,28333,28,0,43 44,1,30,,28326,28,0,43 44,1,70,,22228,28,0,43 44,1,32,,28321,28,0,43 44,1,70,,28331,28,0,43 44,1,30,,28328,28,0,43 44,1,70,,24496,28,0,43 44,1,30,,28330,28,0,43 44,1,70,,23262,28,0,43 44,1,30,,28332,28,0,43 44,1,70,,28325,28,0,43 44,1
31101,'3',615,,28350,28,0,43 44,1,30,,28344,28,0,43 44,1,70,,28341,28,0,43 44,1,30,,28336,28,0,43 44,1,70,,28345,28,0,43 44,1,30,,28356,28,0,43 44,1,70,,28339,28,0,43 44,1,30,,28340,28,0,43 44,1,70,,28343,28,0,43 44,1,30,,28338,28,0,43 44,1,70,,28337,28,0,43 44,1,30,,28348,28,0,43 44,1,70,,28355,28,0,43 44,1,30,,23632,28,0,43 44,1,70,,28354,28,0,43 44,1,30,,28347,28,0,43 44,1,70,,22247,28,0,43 44,1,32,,28342,28,0,43 44,1,70,,28352,28,0,43 44,1,30,,28349,28,0,43 44,1,70,,24603,28,0,43 44,1,30,,28351,28,0,43 44,1,70,,23285,28,0,43 44,1,30,,28353,28,0,43 44,1,70,,28346,28,0,43 44,1
31701,'11',629,,28814,39,0,62,1,30,,28817,39,0,62,1,70,,28823,39,0,62,1,30,,28807,39,0,62,1,70,,28810,39,0,62,1,30,,28821,39,0,62,1,70,,28822,39,0,62,1,30,,28805,39,0,62,1,71,,28803,39,0,62,1,70,,28806,39,0,62,1,30,,28808,39,0,62,1,70,,28816,39,0,62,1,30,,28811,39,0,62,1,70,,28813,39,0,62,1,30,,28825,39,0,62,1,70,,28819,39,0,62,1,31,,28804,39,0,62,1,70,,28818,39,0,62,1,30,,28815,39,0,62,1,70,,28812,39,0,62,1,30,,24029,39,0,62,1,70,,28809,39,0,62,1,30,,28820,39,0,62,1,70,,28824,39,0,62,1
31701,'3',629,,28837,39,0,62,1,30,,28840,39,0,62,1,70,,28846,39,0,62,1,30,,28830,39,0,62,1,70,,28833,39,0,62,1,30,,28844,39,0,62,1,70,,28845,39,0,62,1,30,,28828,39,0,62,1,71,,28826,39,0,62,1,70,,28829,39,0,62,1,30,,28831,39,0,62,1,70,,28839,39,0,62,1,30,,28834,39,0,62,1,70,,28836,39,0,62,1,30,,28848,39,0,62,1,70,,28842,39,0,62,1,31,,28827,39,0,62,1,70,,28841,39,0,62,1,30,,28838,39,0,62,1,70,,28835,39,0,62,1,30,,24055,39,0,62,1,70,,28832,39,0,62,1,30,,28843,39,0,62,1,70,,28847,39,0,62,1
41701,'1',633,,31991,33,0,62,1,70,,32011,33,0,62,1,30,,31997,33,0,62,1,70,,23600,33,0,62,1,30,,22835,33,0,62,1,70,,32000,33,0,62,1,30,,31998,33,0,62,1,70,,31992,33,0,62,1,32,,26889,33,0,62,1,70,,32013,33,0,62,1,30,,32014,33,0,62,1,70,,31993,33,0,62,1,30,,32002,33,0,62,1,70,,32005,33,0,62,1,30,,32001,33,0,62,1,70,,31999,33,0,62,1,30,,32003,33,0,62,1,70,,32008,33,0,62,1,30,,31994,33,0,62,1,70,,32012,33,0,62,1,30,,31990,33,0,62,1,70,,32010,33,0,62,1,30,,32009,33,0,62,1,70,,32007,33,0,62,1,30,,32006,33,0,62,1,98,,32004,33,0,62,1,100,,31996,33,0,62,1,100,,22901,33,0,62,1,100,,22196,33,0,62,1,100,,31995,33,0,62,1
41701,'11',1835,,32015,33,0,62,1,98,,32016,33,0,62,1,100,,32017,33,0,62,1,100,,32018,33,0,62,1,100,,32019,33,0,62,1,100,,25274,33,0,62,1
41701,'12',1135,,32021,33,0,62,1,100,,32025,33,0,62,1,100,,32024,33,0,62,1,100,,32022,33,0,62,1,100,,32023,33,0,62,1,100,,32020,33,0,62,1,100,,32026,33,0,62,1
41701,'14',633,,32029,33,0,62,1,70,,32051,33,0,62,1,30,,32035,33,0,62,1,70,,32041,33,0,62,1,30,,32036,33,0,62,1,70,,32038,33,0,62,1,30,,25386,33,0,62,1,70,,32030,33,0,62,1,32,,32028,33,0,62,1,70,,32053,33,0,62,1,30,,32054,33,0,62,1,70,,32031,33,0,62,1,30,,32040,33,0,62,1,70,,32044,33,0,62,1,30,,32039,33,0,62,1,70,,32037,33,0,62,1,30,,32042,33,0,62,1,70,,32048,33,0,62,1,30,,24778,33,0,62,1,70,,32052,33,0,62,1,30,,32027,33,0,62,1,70,,32050,33,0,62,1,30,,32049,33,0,62,1,70,,32047,33,0,62,1,30,,32046,33,0,62,1,98,,32043,33,0,62,1,100,,32034,33,0,62,1,100,,32045,33,0,62,1,100,,32033,33,0,62,1,100,,32032,33,0,62,1
41701,'3',1835,,32055,33,0,62,1,98,,32056,33,0,62,1,100,,32057,33,0,62,1,100,,32058,33,0,62,1,100,,32059,33,0,62,1,100,,25323,33,0,62,1
41701,'8',933,,32075,33,0,62,1,172,,32063,33,0,62,1,30,,32071,33,0,62,1,70,,32068,33,0,62,1,30,,32069,33,0,62,1,70,,32074,33,0,62,1,30,,32060,33,0,62,1,100,,32072,33,0,62,1,70,,32061,33,0,62,1,30,,32070,33,0,62,1,70,,32064,33,0,62,1,30,,32065,33,0,62,1,70,,32067,33,0,62,1,30,,32066,33,0,62,1,70,,32062,33,0,62,1,30,,32073,33,0,62,1,98,,25341,33,0,62,1
