30900,'12',628,,34408,29,0,23,1,30,,34397,29,0,23,1,71,,34402,29,0,23,1,30,,34399,29,0,23,1,70,,34391,29,0,23,1,30,,34409,29,0,23,1,70,,34395,29,0,23,1,30,,34404,29,0,23,1,71,,34401,29,0,23,1,70,,34400,29,0,23,1,30,,34393,29,0,23,1,70,,34411,29,0,23,1,30,,34390,29,0,23,1,70,,34398,29,0,23,1,30,,34410,29,0,23,1,70,,34394,29,0,23,1,34,,34406,29,0,23,1,70,,34392,29,0,23,1,30,,34407,29,0,23,1,70,,34405,29,0,23,1,30,,34396,29,0,23,1,70,,34403,29,0,23,1,30,,34389,29,0,23,1
30900,'13',628,,34426,29,0,23,1,30,,34418,29,0,23,1,71,,34421,29,0,23,1,30,,34419,29,0,23,1,70,,34414,29,0,23,1,30,,34427,29,0,23,1,70,,34416,29,0,23,1,30,,27440,29,0,23,1,71,,27095,29,0,23,1,70,,34420,29,0,23,1,30,,28989,29,0,23,1,70,,34428,29,0,23,1,30,,34413,29,0,23,1,70,,29327,29,0,23,1,30,,29478,29,0,23,1,70,,28899,29,0,23,1,34,,34424,29,0,23,1,70,,34415,29,0,23,1,30,,34425,29,0,23,1,70,,34423,29,0,23,1,30,,34417,29,0,23,1,70,,34422,29,0,23,1,30,,34412,29,0,23,1
30900,'3',628,,34443,29,0,23,1,30,,34435,29,0,23,1,71,,34438,29,0,23,1,30,,34436,29,0,23,1,70,,34431,29,0,23,1,30,,34444,29,0,23,1,70,,34433,29,0,23,1,30,,27489,29,0,23,1,71,,27099,29,0,23,1,70,,34437,29,0,23,1,30,,29011,29,0,23,1,70,,34445,29,0,23,1,30,,34430,29,0,23,1,70,,29348,29,0,23,1,30,,29599,29,0,23,1,70,,28923,29,0,23,1,34,,34441,29,0,23,1,70,,34432,29,0,23,1,30,,34442,29,0,23,1,70,,34440,29,0,23,1,30,,34434,29,0,23,1,70,,34439,29,0,23,1,30,,34429,29,0,23,1
30900,'6',628,,34465,29,0,23,1,30,,34454,29,0,23,1,71,,34459,29,0,23,1,30,,34456,29,0,23,1,70,,34448,29,0,23,1,30,,34466,29,0,23,1,70,,34452,29,0,23,1,30,,34461,29,0,23,1,71,,34458,29,0,23,1,70,,34457,29,0,23,1,30,,34450,29,0,23,1,70,,34468,29,0,23,1,30,,34447,29,0,23,1,70,,34455,29,0,23,1,30,,34467,29,0,23,1,70,,34451,29,0,23,1,34,,34463,29,0,23,1,70,,34449,29,0,23,1,30,,34464,29,0,23,1,70,,34462,29,0,23,1,30,,34453,29,0,23,1,70,,34460,29,0,23,1,30,,34446,29,0,23,1
40900,'1',702,,39350,29,0,23,1,30,,39359,29,0,23,1,70,,39351,29,0,23,1,30,,39367,29,0,23,1,70,,32246,29,0,23,1,30,,39349,29,0,23,1,70,,39348,29,0,23,1,32,,39345,29,0,23,1,70,,39363,29,0,23,1,30,,39362,29,0,23,1,70,,39355,29,0,23,1,30,,31045,29,0,23,1,70,,39365,29,0,23,1,30,,39346,29,0,23,1,70,,39343,29,0,23,1,30,,39353,29,0,23,1,70,,39360,29,0,23,1,30,,39358,29,0,23,1,70,,39354,29,0,23,1,30,,39344,29,0,23,1,70,,39356,29,0,23,1,30,,39357,29,0,23,1,70,,39347,29,0,23,1,100,,39364,29,0,23,1,97,,39342,29,0,23,1,100,,39366,29,0,23,1,100,,39361,29,0,23,1,100,,39368,29,0,23,1,100,,39352,29,0,23,1
40900,'11',702,,39378,29,0,23,1,30,,39387,29,0,23,1,70,,39379,29,0,23,1,30,,39395,29,0,23,1,70,,39370,29,0,23,1,30,,39377,29,0,23,1,70,,39376,29,0,23,1,32,,39373,29,0,23,1,70,,39391,29,0,23,1,30,,39390,29,0,23,1,70,,39383,29,0,23,1,30,,39396,29,0,23,1,70,,39393,29,0,23,1,30,,39374,29,0,23,1,70,,39371,29,0,23,1,30,,39381,29,0,23,1,70,,39388,29,0,23,1,30,,39386,29,0,23,1,70,,39382,29,0,23,1,30,,39372,29,0,23,1,70,,39384,29,0,23,1,30,,39385,29,0,23,1,70,,39375,29,0,23,1,100,,39392,29,0,23,1,97,,39369,29,0,23,1,100,,39394,29,0,23,1,100,,39389,29,0,23,1,100,,39397,29,0,23,1,100,,39380,29,0,23,1
40900,'12',1804,,39403,29,0,23,1,100,,39398,29,0,23,1,97,,39404,29,0,23,1,100,,39402,29,0,23,1,100,,39401,29,0,23,1,100,,39399,29,0,23,1,100,,39400,29,0,23,1
40900,'13',1804,,39408,29,0,23,1,100,,39405,29,0,23,1,97,,39409,29,0,23,1,100,,27727,29,0,23,1,100,,28548,29,0,23,1,100,,39406,29,0,23,1,100,,39407,29,0,23,1
40900,'14',1104,,39410,29,0,23,1,100,,39416,29,0,23,1,100,,39414,29,0,23,1,100,,39415,29,0,23,1,100,,39417,29,0,23,1,100,,39413,29,0,23,1,100,,39412,29,0,23,1,100,,39411,29,0,23,1
40900,'16',702,,39426,29,0,23,1,30,,39435,29,0,23,1,70,,39427,29,0,23,1,30,,39443,29,0,23,1,70,,32290,29,0,23,1,30,,39425,29,0,23,1,70,,39424,29,0,23,1,32,,39421,29,0,23,1,70,,39439,29,0,23,1,30,,39438,29,0,23,1,70,,39431,29,0,23,1,30,,31083,29,0,23,1,70,,39441,29,0,23,1,30,,39422,29,0,23,1,70,,39419,29,0,23,1,30,,39429,29,0,23,1,70,,39436,29,0,23,1,30,,39434,29,0,23,1,70,,39430,29,0,23,1,30,,39420,29,0,23,1,70,,39432,29,0,23,1,30,,39433,29,0,23,1,70,,39423,29,0,23,1,100,,39440,29,0,23,1,97,,39418,29,0,23,1,100,,39442,29,0,23,1,100,,39437,29,0,23,1,100,,39444,29,0,23,1,100,,39428,29,0,23,1
40900,'3',1804,,39448,29,0,23,1,100,,39445,29,0,23,1,97,,39449,29,0,23,1,100,,27748,29,0,23,1,100,,28570,29,0,23,1,100,,39446,29,0,23,1,100,,39447,29,0,23,1
40900,'6',1804,,39455,29,0,23,1,100,,39450,29,0,23,1,97,,39456,29,0,23,1,100,,39454,29,0,23,1,100,,39453,29,0,23,1,100,,39451,29,0,23,1,100,,39452,29,0,23,1
40900,'8',902,,39471,29,0,23,1,132,,39458,29,0,23,1,70,,39461,29,0,23,1,30,,39470,29,0,23,1,70,,39464,29,0,23,1,30,,39469,29,0,23,1,70,,39468,29,0,23,1,100,,39459,29,0,23,1,30,,26494,29,0,23,1,70,,39460,29,0,23,1,30,,39467,29,0,23,1,70,,39466,29,0,23,1,30,,39463,29,0,23,1,70,,39457,29,0,23,1,30,,39473,29,0,23,1,70,,39472,29,0,23,1,100,,39465,29,0,23,1,97,,39462,29,0,23,1
