30100,'12',618,,32810,28,0,5 6,1,30,,32795,28,0,5 6,1,70,,32770,28,0,5 6,1,30,,32777,28,0,5 6,1,70,,32812,28,0,5 6,1,30,,32785,28,0,5 6,1,70,,32790,28,0,5 6,1,30,,32786,28,0,5 6,1,70,,32789,28,0,5 6,1,30,,32804,28,0,5 6,1,70,,32771,28,0,5 6,1,30,,32778,28,0,5 6,1,70,,32776,28,0,5 6,1,30,,32774,28,0,5 6,1,70,,32768,28,0,5 6,1,30,,32794,28,0,5 6,1,70,,32773,28,0,5 6,1,30,,32806,28,0,5 6,1,70,,32802,28,0,5 6,1,30,,32803,28,0,5 6,1,70,,32780,28,0,5 6,1,30,,32807,28,0,5 6,1,70,,32796,28,0,5 6,1,30,,32787,28,0,5 6,1
30100,'13',618,,32852,28,0,5 6,1,30,,32839,28,0,5 6,1,70,,32816,28,0,5 6,1,30,,32823,28,0,5 6,1,70,,32854,28,0,5 6,1,30,,32831,28,0,5 6,1,70,,32836,28,0,5 6,1,30,,32832,28,0,5 6,1,70,,32835,28,0,5 6,1,30,,32847,28,0,5 6,1,70,,32817,28,0,5 6,1,30,,32824,28,0,5 6,1,70,,32822,28,0,5 6,1,30,,32820,28,0,5 6,1,70,,32814,28,0,5 6,1,30,,32838,28,0,5 6,1,70,,32819,28,0,5 6,1,30,,32848,28,0,5 6,1,70,,32845,28,0,5 6,1,30,,32846,28,0,5 6,1,70,,32826,28,0,5 6,1,30,,32849,28,0,5 6,1,70,,32840,28,0,5 6,1,30,,32833,28,0,5 6,1
30100,'3',618,,32894,28,0,5 6,1,30,,32881,28,0,5 6,1,70,,32858,28,0,5 6,1,30,,32865,28,0,5 6,1,70,,32896,28,0,5 6,1,30,,32873,28,0,5 6,1,70,,32878,28,0,5 6,1,30,,32874,28,0,5 6,1,70,,32877,28,0,5 6,1,30,,32889,28,0,5 6,1,70,,32859,28,0,5 6,1,30,,32866,28,0,5 6,1,70,,32864,28,0,5 6,1,30,,32862,28,0,5 6,1,70,,32856,28,0,5 6,1,30,,32880,28,0,5 6,1,70,,32861,28,0,5 6,1,30,,32890,28,0,5 6,1,70,,32887,28,0,5 6,1,30,,32888,28,0,5 6,1,70,,32868,28,0,5 6,1,30,,32891,28,0,5 6,1,70,,32882,28,0,5 6,1,30,,32875,28,0,5 6,1
30100,'6',618,,32941,28,0,5 6,1,30,,32926,28,0,5 6,1,70,,32901,28,0,5 6,1,30,,32908,28,0,5 6,1,70,,32943,28,0,5 6,1,30,,32916,28,0,5 6,1,70,,32921,28,0,5 6,1,30,,32917,28,0,5 6,1,70,,32920,28,0,5 6,1,30,,32935,28,0,5 6,1,70,,32902,28,0,5 6,1,30,,32909,28,0,5 6,1,70,,32907,28,0,5 6,1,30,,32905,28,0,5 6,1,70,,32899,28,0,5 6,1,30,,32925,28,0,5 6,1,70,,32904,28,0,5 6,1,30,,32937,28,0,5 6,1,70,,32933,28,0,5 6,1,30,,32934,28,0,5 6,1,70,,32911,28,0,5 6,1,30,,32938,28,0,5 6,1,70,,32927,28,0,5 6,1,30,,32918,28,0,5 6,1
40100,'1',642,,31498,28,0,8,1,70,,37760,28,0,8,1,30,,37775,28,0,8,1,70,,37763,28,0,8,1,30,,37783,28,0,8,1,70,,37779,28,0,8,1,30,,37772,28,0,8,1,70,,37793,28,0,8,1,30,,37752,28,0,8,1,70,,37792,28,0,8,1,30,,37789,28,0,8,1,70,,37771,28,0,8,1,30,,37745,28,0,8,1,70,,32649,28,0,8,1,30,,37750,28,0,8,1,70,,37754,28,0,8,1,30,,37770,28,0,8,1,70,,37768,28,0,8,1,30,,37747,28,0,8,1,70,,37774,28,0,8,1,30,,37787,28,0,8,1,70,,37781,28,0,8,1,30,,31183,28,0,8,1,70,,37756,28,0,8,1,100,,37778,28,0,8,1,100,,37765,28,0,8,1,100,,37777,28,0,8,1,100,,37759,28,0,8,1,100,,37757,28,0,8,1,100,,31193,28,0,8,1
40100,'11',642,,37826,28,0,8,1,70,,37811,28,0,8,1,30,,37832,28,0,8,1,70,,37816,28,0,8,1,30,,37842,28,0,8,1,70,,37837,28,0,8,1,30,,37827,28,0,8,1,70,,37852,28,0,8,1,30,,37803,28,0,8,1,70,,37851,28,0,8,1,30,,37848,28,0,8,1,70,,37825,28,0,8,1,30,,37796,28,0,8,1,70,,37831,28,0,8,1,30,,37801,28,0,8,1,70,,37805,28,0,8,1,30,,37824,28,0,8,1,70,,37822,28,0,8,1,30,,37798,28,0,8,1,70,,37830,28,0,8,1,30,,37846,28,0,8,1,70,,37839,28,0,8,1,30,,37815,28,0,8,1,70,,37807,28,0,8,1,100,,37836,28,0,8,1,100,,37819,28,0,8,1,100,,37834,28,0,8,1,100,,37810,28,0,8,1,100,,37808,28,0,8,1,100,,37853,28,0,8,1
40100,'12',1812,,37861,28,0,8,1,100,,37858,28,0,8,1,100,,37867,28,0,8,1,100,,37865,28,0,8,1,100,,37866,28,0,8,1,100,,37859,28,0,8,1,100,,37857,28,0,8,1
40100,'13',1812,,37873,28,0,8,1,100,,37870,28,0,8,1,100,,37879,28,0,8,1,100,,37877,28,0,8,1,100,,37878,28,0,8,1,100,,37871,28,0,8,1,100,,27848,28,0,8,1
40100,'14',1112,,37890,28,0,8,1,100,,37892,28,0,8,1,100,,37884,28,0,8,1,100,,37882,28,0,8,1,100,,37889,28,0,8,1,100,,37893,28,0,8,1,100,,37891,28,0,8,1,100,,37886,28,0,8,1
40100,'16',642,,31539,28,0,8,1,70,,37912,28,0,8,1,30,,37927,28,0,8,1,70,,37915,28,0,8,1,30,,37935,28,0,8,1,70,,37931,28,0,8,1,30,,37924,28,0,8,1,70,,37945,28,0,8,1,30,,37904,28,0,8,1,70,,37944,28,0,8,1,30,,37941,28,0,8,1,70,,37923,28,0,8,1,30,,37897,28,0,8,1,70,,32668,28,0,8,1,30,,37902,28,0,8,1,70,,37906,28,0,8,1,30,,37922,28,0,8,1,70,,37920,28,0,8,1,30,,37899,28,0,8,1,70,,37926,28,0,8,1,30,,37939,28,0,8,1,70,,37933,28,0,8,1,30,,26849,28,0,8,1,70,,37908,28,0,8,1,100,,37930,28,0,8,1,100,,37917,28,0,8,1,100,,37929,28,0,8,1,100,,37911,28,0,8,1,100,,37909,28,0,8,1,100,,31222,28,0,8,1
40100,'3',1812,,37951,28,0,8,1,100,,37948,28,0,8,1,100,,37957,28,0,8,1,100,,37955,28,0,8,1,100,,37956,28,0,8,1,100,,37949,28,0,8,1,100,,27869,28,0,8,1
40100,'6',1812,,37965,28,0,8,1,100,,37962,28,0,8,1,100,,37971,28,0,8,1,100,,37969,28,0,8,1,100,,37970,28,0,8,1,100,,37963,28,0,8,1,100,,37961,28,0,8,1
40100,'8',912,,37973,28,0,8,1,100,,37986,28,0,8,1,30,,38003,28,0,8,1,70,,37977,28,0,8,1,30,,37993,28,0,8,1,70,,32420,28,0,8,1,30,,37972,28,0,8,1,70,,37996,28,0,8,1,30,,38007,28,0,8,1,70,,38001,28,0,8,1,30,,38006,28,0,8,1,70,,37989,28,0,8,1,30,,38005,28,0,8,1,70,,37991,28,0,8,1,30,,37988,28,0,8,1,70,,37990,28,0,8,1,30,,37974,28,0,8,1,70,,38002,28,0,8,1,100,,37981,28,0,8,1,100,,37980,28,0,8,1
