30701,'12',650,,34135,5,,,1,70,,34148,5,,,1,30,,34147,5,,,1,70,,34156,5,,,1,30,,34138,5,,,1,70,,34151,5,,,1,30,,34140,5,,,1,71,,34149,5,,,1,30,,34136,5,,,1,70,,34143,5,,,1,30,,34145,5,,,1,70,,34133,5,,,1,30,,34134,5,,,1,70,,34142,5,,,1,30,,34152,5,,,1,70,,34155,5,,,1,30,,34154,5,,,1,70,,34141,5,,,1,30,,34146,5,,,1,70,,34139,5,,,1,30,,34153,5,,,1,70,,34150,5,,,1,30,,34137,5,,,1
30701,'13',650,,34159,5,,,1,70,,34170,5,,,1,30,,34169,5,,,1,70,,34178,5,,,1,30,,34162,5,,,1,70,,34173,5,,,1,30,,34164,5,,,1,71,,34171,5,,,1,30,,34160,5,,,1,70,,34166,5,,,1,30,,28152,5,,,1,70,,34157,5,,,1,30,,34158,5,,,1,70,,6785,5,,,1,30,,34174,5,,,1,70,,34177,5,,,1,30,,34176,5,,,1,70,,34165,5,,,1,30,,34168,5,,,1,70,,34163,5,,,1,30,,34175,5,,,1,70,,34172,5,,,1,30,,34161,5,,,1
30701,'3',650,,34181,5,,,1,70,,34192,5,,,1,30,,34191,5,,,1,70,,34200,5,,,1,30,,34184,5,,,1,70,,34195,5,,,1,30,,34186,5,,,1,71,,34193,5,,,1,30,,34182,5,,,1,70,,34188,5,,,1,30,,28174,5,,,1,70,,34179,5,,,1,30,,34180,5,,,1,70,,6829,5,,,1,30,,34196,5,,,1,70,,34199,5,,,1,30,,34198,5,,,1,70,,34187,5,,,1,30,,34190,5,,,1,70,,34185,5,,,1,30,,34197,5,,,1,70,,34194,5,,,1,30,,34183,5,,,1
30701,'6',650,,34203,5,,,1,70,,34216,5,,,1,30,,34215,5,,,1,70,,34224,5,,,1,30,,34206,5,,,1,70,,34219,5,,,1,30,,34208,5,,,1,71,,34217,5,,,1,30,,34204,5,,,1,70,,34211,5,,,1,30,,34213,5,,,1,70,,34201,5,,,1,30,,34202,5,,,1,70,,34210,5,,,1,30,,34220,5,,,1,70,,34223,5,,,1,30,,34222,5,,,1,70,,34209,5,,,1,30,,34214,5,,,1,70,,34207,5,,,1,30,,34221,5,,,1,70,,34218,5,,,1,30,,34205,5,,,1
30900,'12',629,,34408,31,0,23,1,30,,34397,31,0,23,1,71,,34402,31,0,23,1,70,,34399,31,0,23,1,30,,34391,31,0,23,1,70,,34409,31,0,23,1,30,,34395,31,0,23,1,70,,34404,31,0,23,1,31,,34401,31,0,23,1,70,,34400,31,0,23,1,30,,34393,31,0,23,1,70,,34411,31,0,23,1,30,,34390,31,0,23,1,70,,34398,31,0,23,1,30,,34410,31,0,23,1,70,,34394,31,0,23,1,35,,34406,31,0,23,1,70,,34392,31,0,23,1,30,,34407,31,0,23,1,70,,34405,31,0,23,1,30,,34396,31,0,23,1,70,,34403,31,0,23,1,30,,34389,31,0,23,1
30900,'13',629,,34426,31,0,23,1,30,,34418,31,0,23,1,71,,34421,31,0,23,1,70,,34419,31,0,23,1,30,,34414,31,0,23,1,70,,34427,31,0,23,1,30,,34416,31,0,23,1,70,,27440,31,0,23,1,31,,27095,31,0,23,1,70,,34420,31,0,23,1,30,,28989,31,0,23,1,70,,34428,31,0,23,1,30,,34413,31,0,23,1,70,,29327,31,0,23,1,30,,29478,31,0,23,1,70,,28899,31,0,23,1,35,,34424,31,0,23,1,70,,34415,31,0,23,1,30,,34425,31,0,23,1,70,,34423,31,0,23,1,30,,34417,31,0,23,1,70,,34422,31,0,23,1,30,,34412,31,0,23,1
30900,'3',629,,34443,31,0,23,1,30,,34435,31,0,23,1,71,,34438,31,0,23,1,70,,34436,31,0,23,1,30,,34431,31,0,23,1,70,,34444,31,0,23,1,30,,34433,31,0,23,1,70,,27489,31,0,23,1,31,,27099,31,0,23,1,70,,34437,31,0,23,1,30,,29011,31,0,23,1,70,,34445,31,0,23,1,30,,34430,31,0,23,1,70,,29348,31,0,23,1,30,,29599,31,0,23,1,70,,28923,31,0,23,1,35,,34441,31,0,23,1,70,,34432,31,0,23,1,30,,34442,31,0,23,1,70,,34440,31,0,23,1,30,,34434,31,0,23,1,70,,34439,31,0,23,1,30,,34429,31,0,23,1
30900,'6',629,,34465,31,0,23,1,30,,34454,31,0,23,1,71,,34459,31,0,23,1,70,,34456,31,0,23,1,30,,34448,31,0,23,1,70,,34466,31,0,23,1,30,,34452,31,0,23,1,70,,34461,31,0,23,1,31,,34458,31,0,23,1,70,,34457,31,0,23,1,30,,34450,31,0,23,1,70,,34468,31,0,23,1,30,,34447,31,0,23,1,70,,34455,31,0,23,1,30,,34467,31,0,23,1,70,,34451,31,0,23,1,35,,34463,31,0,23,1,70,,34449,31,0,23,1,30,,34464,31,0,23,1,70,,34462,31,0,23,1,30,,34453,31,0,23,1,70,,34460,31,0,23,1,30,,34446,31,0,23,1
40800,'1',635,,39087,50,0,64 38,1,70,,39086,50,0,64 38,1,30,,39072,50,0,64 38,1,70,,39094,50,0,64 38,1,30,,39093,50,0,64 38,1,70,,39088,50,0,64 38,1,30,,39082,50,0,64 38,1,70,,39096,50,0,64 38,1,32,,39076,50,0,64 38,1,70,,39084,50,0,64 38,1,30,,39079,50,0,64 38,1,70,,30443,50,0,64 38,1,30,,39074,50,0,64 38,1,70,,39075,50,0,64 38,1,30,,39083,50,0,64 38,1,70,,39089,50,0,64 38,1,30,,39070,50,0,64 38,1,70,,39077,50,0,64 38,1,30,,39080,50,0,64 38,1,70,,39078,50,0,64 38,1,30,,39071,50,0,64 38,1,70,,39097,50,0,64 38,1,30,,39092,50,0,64 38,1,70,,39085,50,0,64 38,1,100,,39091,50,0,64 38,1,100,,39069,50,0,64 38,1,100,,39081,50,0,64 38,1,100,,39095,50,0,64 38,1,100,,39090,50,0,64 38,1,100,,39073,50,0,64 38,1
40800,'11',635,,39116,50,0,64 38,1,70,,39115,50,0,64 38,1,30,,39101,50,0,64 38,1,70,,39123,50,0,64 38,1,30,,39122,50,0,64 38,1,70,,39117,50,0,64 38,1,30,,39111,50,0,64 38,1,70,,39125,50,0,64 38,1,32,,39105,50,0,64 38,1,70,,39113,50,0,64 38,1,30,,39108,50,0,64 38,1,70,,39126,50,0,64 38,1,30,,39103,50,0,64 38,1,70,,39104,50,0,64 38,1,30,,39112,50,0,64 38,1,70,,39118,50,0,64 38,1,30,,39099,50,0,64 38,1,70,,39106,50,0,64 38,1,30,,39109,50,0,64 38,1,70,,39107,50,0,64 38,1,30,,39100,50,0,64 38,1,70,,39127,50,0,64 38,1,30,,39121,50,0,64 38,1,70,,39114,50,0,64 38,1,100,,39120,50,0,64 38,1,100,,39098,50,0,64 38,1,100,,39110,50,0,64 38,1,100,,39124,50,0,64 38,1,100,,39119,50,0,64 38,1,100,,39102,50,0,64 38,1
40800,'12',1807,,39130,50,0,64 38,1,100,,39133,50,0,64 38,1,100,,39134,50,0,64 38,1,100,,39132,50,0,64 38,1,100,,39129,50,0,64 38,1,100,,39128,50,0,64 38,1,100,,39131,50,0,64 38,1
40800,'13',1807,,39137,50,0,64 38,1,100,,39140,50,0,64 38,1,100,,39141,50,0,64 38,1,100,,39139,50,0,64 38,1,100,,39136,50,0,64 38,1,100,,39135,50,0,64 38,1,100,,39138,50,0,64 38,1
40800,'14',1107,,39147,50,0,64 38,1,100,,39145,50,0,64 38,1,100,,39142,50,0,64 38,1,100,,39143,50,0,64 38,1,100,,39148,50,0,64 38,1,100,,39144,50,0,64 38,1,100,,39149,50,0,64 38,1,100,,39146,50,0,64 38,1
40800,'16',635,,39168,50,0,64 38,1,70,,39167,50,0,64 38,1,30,,39153,50,0,64 38,1,70,,39175,50,0,64 38,1,30,,39174,50,0,64 38,1,70,,39169,50,0,64 38,1,30,,39163,50,0,64 38,1,70,,39177,50,0,64 38,1,32,,39157,50,0,64 38,1,70,,39165,50,0,64 38,1,30,,39160,50,0,64 38,1,70,,30481,50,0,64 38,1,30,,39155,50,0,64 38,1,70,,39156,50,0,64 38,1,30,,39164,50,0,64 38,1,70,,39170,50,0,64 38,1,30,,39151,50,0,64 38,1,70,,39158,50,0,64 38,1,30,,39161,50,0,64 38,1,70,,39159,50,0,64 38,1,30,,39152,50,0,64 38,1,70,,39178,50,0,64 38,1,30,,39173,50,0,64 38,1,70,,39166,50,0,64 38,1,100,,39172,50,0,64 38,1,100,,39150,50,0,64 38,1,100,,39162,50,0,64 38,1,100,,39176,50,0,64 38,1,100,,39171,50,0,64 38,1,100,,39154,50,0,64 38,1
40800,'3',1807,,39181,50,0,64 38,1,100,,39184,50,0,64 38,1,100,,39185,50,0,64 38,1,100,,39183,50,0,64 38,1,100,,39180,50,0,64 38,1,100,,39179,50,0,64 38,1,100,,39182,50,0,64 38,1
40800,'6',1807,,39188,50,0,64 38,1,100,,39191,50,0,64 38,1,100,,39192,50,0,64 38,1,100,,39190,50,0,64 38,1,100,,39187,50,0,64 38,1,100,,39186,50,0,64 38,1,100,,39189,50,0,64 38,1
40800,'8',905,,39208,50,0,64 38,1,100,,39199,50,0,64 38,1,32,,39200,50,0,64 38,1,70,,39194,50,0,64 38,1,30,,39197,50,0,64 38,1,70,,39209,50,0,64 38,1,30,,39202,50,0,64 38,1,70,,39204,50,0,64 38,1,30,,39205,50,0,64 38,1,70,,39196,50,0,64 38,1,30,,39210,50,0,64 38,1,70,,39201,50,0,64 38,1,30,,39198,50,0,64 38,1,70,,39193,50,0,64 38,1,30,,39203,50,0,64 38,1,70,,30039,50,0,64 38,1,30,,39207,50,0,64 38,1,70,,31168,50,0,64 38,1,100,,39206,50,0,64 38,1,100,,39195,50,0,64 38,1
40900,'1',703,,39350,31,0,23,1,30,,39359,31,0,23,1,70,,39351,31,0,23,1,30,,39367,31,0,23,1,70,,32246,31,0,23,1,30,,39349,31,0,23,1,70,,39348,31,0,23,1,33,,39345,31,0,23,1,70,,39363,31,0,23,1,30,,39362,31,0,23,1,70,,39355,31,0,23,1,30,,31045,31,0,23,1,70,,39365,31,0,23,1,30,,39346,31,0,23,1,70,,39343,31,0,23,1,30,,39353,31,0,23,1,70,,39360,31,0,23,1,30,,39358,31,0,23,1,70,,39354,31,0,23,1,30,,39344,31,0,23,1,70,,39356,31,0,23,1,30,,39357,31,0,23,1,70,,39347,31,0,23,1,100,,39364,31,0,23,1,96,,39342,31,0,23,1,100,,39366,31,0,23,1,100,,39361,31,0,23,1,100,,39368,31,0,23,1,100,,39352,31,0,23,1
40900,'11',703,,39378,31,0,23,1,30,,39387,31,0,23,1,70,,39379,31,0,23,1,30,,39395,31,0,23,1,70,,39370,31,0,23,1,30,,39377,31,0,23,1,70,,39376,31,0,23,1,33,,39373,31,0,23,1,70,,39391,31,0,23,1,30,,39390,31,0,23,1,70,,39383,31,0,23,1,30,,39396,31,0,23,1,70,,39393,31,0,23,1,30,,39374,31,0,23,1,70,,39371,31,0,23,1,30,,39381,31,0,23,1,70,,39388,31,0,23,1,30,,39386,31,0,23,1,70,,39382,31,0,23,1,30,,39372,31,0,23,1,70,,39384,31,0,23,1,30,,39385,31,0,23,1,70,,39375,31,0,23,1,100,,39392,31,0,23,1,96,,39369,31,0,23,1,100,,39394,31,0,23,1,100,,39389,31,0,23,1,100,,39397,31,0,23,1,100,,39380,31,0,23,1
40900,'12',1806,,39403,31,0,23,1,100,,39398,31,0,23,1,96,,39404,31,0,23,1,100,,39402,31,0,23,1,100,,39401,31,0,23,1,100,,39399,31,0,23,1,100,,39400,31,0,23,1
40900,'13',1806,,39408,31,0,23,1,100,,39405,31,0,23,1,96,,39409,31,0,23,1,100,,27727,31,0,23,1,100,,28548,31,0,23,1,100,,39406,31,0,23,1,100,,39407,31,0,23,1
40900,'14',1106,,39410,31,0,23,1,100,,39416,31,0,23,1,100,,39414,31,0,23,1,100,,39415,31,0,23,1,100,,39417,31,0,23,1,100,,39413,31,0,23,1,100,,39412,31,0,23,1,100,,39411,31,0,23,1
40900,'16',703,,39426,31,0,23,1,30,,39435,31,0,23,1,70,,39427,31,0,23,1,30,,39443,31,0,23,1,70,,32290,31,0,23,1,30,,39425,31,0,23,1,70,,39424,31,0,23,1,33,,39421,31,0,23,1,70,,39439,31,0,23,1,30,,39438,31,0,23,1,70,,39431,31,0,23,1,30,,31083,31,0,23,1,70,,39441,31,0,23,1,30,,39422,31,0,23,1,70,,39419,31,0,23,1,30,,39429,31,0,23,1,70,,39436,31,0,23,1,30,,39434,31,0,23,1,70,,39430,31,0,23,1,30,,39420,31,0,23,1,70,,39432,31,0,23,1,30,,39433,31,0,23,1,70,,39423,31,0,23,1,100,,39440,31,0,23,1,96,,39418,31,0,23,1,100,,39442,31,0,23,1,100,,39437,31,0,23,1,100,,39444,31,0,23,1,100,,39428,31,0,23,1
40900,'3',1806,,39448,31,0,23,1,100,,39445,31,0,23,1,96,,39449,31,0,23,1,100,,27748,31,0,23,1,100,,28570,31,0,23,1,100,,39446,31,0,23,1,100,,39447,31,0,23,1
40900,'6',1806,,39455,31,0,23,1,100,,39450,31,0,23,1,96,,39456,31,0,23,1,100,,39454,31,0,23,1,100,,39453,31,0,23,1,100,,39451,31,0,23,1,100,,39452,31,0,23,1
40900,'8',903,,39471,31,0,23,1,133,,39458,31,0,23,1,70,,39461,31,0,23,1,30,,39470,31,0,23,1,70,,39464,31,0,23,1,30,,39469,31,0,23,1,70,,39468,31,0,23,1,100,,39459,31,0,23,1,30,,26494,31,0,23,1,70,,39460,31,0,23,1,30,,39467,31,0,23,1,70,,39466,31,0,23,1,30,,39463,31,0,23,1,70,,39457,31,0,23,1,30,,39473,31,0,23,1,70,,39472,31,0,23,1,100,,39465,31,0,23,1,96,,39462,31,0,23,1
