31800,'15',604,,13592,8,0,45 46 18,1,30,,13581,8,0,45 46 18,1,70,,13582,8,0,45 46 18,1,30,,13574,8,0,45 46 18,1,70,,13585,8,0,45 46 18,1,30,,13587,8,0,45 46 18,1,70,,13593,8,0,45 46 18,1,30,,13583,8,0,45 46 18,1,70,,13575,8,0,45 46 18,1,30,,13573,8,0,45 46 18,1,70,,13594,8,0,45 46 18,1,30,,13586,8,0,45 46 18,1,70,,13577,8,0,45 46 18,1,30,,13578,8,0,45 46 18,1,70,,13571,8,0,45 46 18,1,30,,13590,8,0,45 46 18,1,70,,13595,8,0,45 46 18,1,30,,13579,8,0,45 46 18,1,70,,13576,8,0,45 46 18,1,30,,13588,8,0,45 46 18,1,70,,13584,8,0,45 46 18,1,30,,13580,8,0,45 46 18,1,70,,13589,8,0,45 46 18,1,30,,13591,8,0,45 46 18,1,70,,13572,8,0,45 46 18,1
31800,'16',604,,13615,8,0,45 46 18,1,30,,13606,8,0,45 46 18,1,70,,13607,8,0,45 46 18,1,30,,13599,8,0,45 46 18,1,70,,2916,8,0,45 46 18,1,30,,13611,8,0,45 46 18,1,70,,13616,8,0,45 46 18,1,30,,13609,8,0,45 46 18,1,70,,13600,8,0,45 46 18,1,30,,13598,8,0,45 46 18,1,70,,13617,8,0,45 46 18,1,30,,13610,8,0,45 46 18,1,70,,13602,8,0,45 46 18,1,30,,13603,8,0,45 46 18,1,70,,13597,8,0,45 46 18,1,30,,13613,8,0,45 46 18,1,70,,13618,8,0,45 46 18,1,30,,13604,8,0,45 46 18,1,70,,13601,8,0,45 46 18,1,30,,13612,8,0,45 46 18,1,70,,13608,8,0,45 46 18,1,30,,13605,8,0,45 46 18,1,70,,2925,8,0,45 46 18,1,30,,13614,8,0,45 46 18,1,70,,13596,8,0,45 46 18,1
31800,'17',604,,13636,8,0,45 46 18,1,30,,13628,8,0,45 46 18,1,70,,13629,8,0,45 46 18,1,30,,13622,8,0,45 46 18,1,70,,2983,8,0,45 46 18,1,30,,13632,8,0,45 46 18,1,70,,13637,8,0,45 46 18,1,30,,13630,8,0,45 46 18,1,70,,13623,8,0,45 46 18,1,30,,13621,8,0,45 46 18,1,70,,13638,8,0,45 46 18,1,30,,13631,8,0,45 46 18,1,70,,13624,8,0,45 46 18,1,30,,13625,8,0,45 46 18,1,70,,13620,8,0,45 46 18,1,30,,13634,8,0,45 46 18,1,70,,13639,8,0,45 46 18,1,30,,13626,8,0,45 46 18,1,70,,2961,8,0,45 46 18,1,30,,13633,8,0,45 46 18,1,70,,4668,8,0,45 46 18,1,30,,13627,8,0,45 46 18,1,70,,3000,8,0,45 46 18,1,30,,13635,8,0,45 46 18,1,70,,13619,8,0,45 46 18,1
31800,'19',604,,13660,8,0,45 46 18,1,30,,13650,8,0,45 46 18,1,70,,13651,8,0,45 46 18,1,30,,13642,8,0,45 46 18,1,70,,13653,8,0,45 46 18,1,30,,13655,8,0,45 46 18,1,70,,13661,8,0,45 46 18,1,30,,13652,8,0,45 46 18,1,70,,13644,8,0,45 46 18,1,30,,13641,8,0,45 46 18,1,70,,13662,8,0,45 46 18,1,30,,13654,8,0,45 46 18,1,70,,13646,8,0,45 46 18,1,30,,13647,8,0,45 46 18,1,70,,13640,8,0,45 46 18,1,30,,13658,8,0,45 46 18,1,70,,13664,8,0,45 46 18,1,30,,13648,8,0,45 46 18,1,70,,13645,8,0,45 46 18,1,30,,13656,8,0,45 46 18,1,70,,13663,8,0,45 46 18,1,30,,13649,8,0,45 46 18,1,70,,13657,8,0,45 46 18,1,30,,13659,8,0,45 46 18,1,70,,13643,8,0,45 46 18,1
31800,'5',604,,13682,8,0,45 46 18,1,30,,13674,8,0,45 46 18,1,70,,13675,8,0,45 46 18,1,30,,13667,8,0,45 46 18,1,70,,3054,8,0,45 46 18,1,30,,13678,8,0,45 46 18,1,70,,13683,8,0,45 46 18,1,30,,13676,8,0,45 46 18,1,70,,13669,8,0,45 46 18,1,30,,13666,8,0,45 46 18,1,70,,13684,8,0,45 46 18,1,30,,13677,8,0,45 46 18,1,70,,13671,8,0,45 46 18,1,30,,13672,8,0,45 46 18,1,70,,13665,8,0,45 46 18,1,30,,13680,8,0,45 46 18,1,70,,13686,8,0,45 46 18,1,30,,7601,8,0,45 46 18,1,70,,13670,8,0,45 46 18,1,30,,13679,8,0,45 46 18,1,70,,13685,8,0,45 46 18,1,30,,13673,8,0,45 46 18,1,70,,3071,8,0,45 46 18,1,30,,13681,8,0,45 46 18,1,70,,13668,8,0,45 46 18,1
31800,'6',604,,13708,8,0,45 46 18,1,30,,13697,8,0,45 46 18,1,70,,13698,8,0,45 46 18,1,30,,13690,8,0,45 46 18,1,70,,13701,8,0,45 46 18,1,30,,13703,8,0,45 46 18,1,70,,13709,8,0,45 46 18,1,30,,13699,8,0,45 46 18,1,70,,13691,8,0,45 46 18,1,30,,13689,8,0,45 46 18,1,70,,13710,8,0,45 46 18,1,30,,13702,8,0,45 46 18,1,70,,13693,8,0,45 46 18,1,30,,13694,8,0,45 46 18,1,70,,13687,8,0,45 46 18,1,30,,13706,8,0,45 46 18,1,70,,13711,8,0,45 46 18,1,30,,13695,8,0,45 46 18,1,70,,13692,8,0,45 46 18,1,30,,13704,8,0,45 46 18,1,70,,13700,8,0,45 46 18,1,30,,13696,8,0,45 46 18,1,70,,13705,8,0,45 46 18,1,30,,13707,8,0,45 46 18,1,70,,13688,8,0,45 46 18,1
41800,'1',1050,,19598,10,0,45 46 18,1,100,,4702,10,0,45 46 18,1,100,,19601,10,0,45 46 18,1,100,,19599,10,0,45 46 18,1,100,,19596,10,0,45 46 18,1,100,,19600,10,0,45 46 18,1,100,,19595,10,0,45 46 18,1,100,,19597,10,0,45 46 18,1
41800,'10',619,,19625,10,0,45 46 18,1,30,,19629,10,0,45 46 18,1,70,,19624,10,0,45 46 18,1,30,,19612,10,0,45 46 18,1,70,,19608,10,0,45 46 18,1,30,,19606,10,0,45 46 18,1,70,,19626,10,0,45 46 18,1,30,,19617,10,0,45 46 18,1,71,,19607,10,0,45 46 18,1,30,,19621,10,0,45 46 18,1,70,,19605,10,0,45 46 18,1,30,,19609,10,0,45 46 18,1,70,,19604,10,0,45 46 18,1,30,,19628,10,0,45 46 18,1,70,,19616,10,0,45 46 18,1,30,,19603,10,0,45 46 18,1,70,,19619,10,0,45 46 18,1,30,,19610,10,0,45 46 18,1,70,,19623,10,0,45 46 18,1,30,,19618,10,0,45 46 18,1,70,,19620,10,0,45 46 18,1,30,,19627,10,0,45 46 18,1,70,,19631,10,0,45 46 18,1,30,,19613,10,0,45 46 18,1,100,,19611,10,0,45 46 18,1,100,,19615,10,0,45 46 18,1,100,,19602,10,0,45 46 18,1,100,,19614,10,0,45 46 18,1,100,,19630,10,0,45 46 18,1,100,,19622,10,0,45 46 18,1
41800,'12',849,,8246,10,0,45 46 18,1,100,,19633,10,0,45 46 18,1,71,,19638,10,0,45 46 18,1,30,,19641,10,0,45 46 18,1,70,,19634,10,0,45 46 18,1,30,,19645,10,0,45 46 18,1,70,,19648,10,0,45 46 18,1,30,,6201,10,0,45 46 18,1,70,,19632,10,0,45 46 18,1,30,,19637,10,0,45 46 18,1,70,,19635,10,0,45 46 18,1,30,,19647,10,0,45 46 18,1,70,,19636,10,0,45 46 18,1,30,,19640,10,0,45 46 18,1,70,,19639,10,0,45 46 18,1,30,,19646,10,0,45 46 18,1,70,,19643,10,0,45 46 18,1,30,,19644,10,0,45 46 18,1,100,,19642,10,0,45 46 18,1,100,,19649,10,0,45 46 18,1
41800,'15',1850,,19652,10,0,45 46 18,1,100,,19654,10,0,45 46 18,1,100,,19651,10,0,45 46 18,1,100,,19653,10,0,45 46 18,1,100,,19650,10,0,45 46 18,1,100,,19655,10,0,45 46 18,1
41800,'16',1850,,19657,10,0,45 46 18,1,100,,19659,10,0,45 46 18,1,100,,3143,10,0,45 46 18,1,100,,19658,10,0,45 46 18,1,100,,19656,10,0,45 46 18,1,100,,19660,10,0,45 46 18,1
41800,'17',1850,,19662,10,0,45 46 18,1,100,,19664,10,0,45 46 18,1,100,,3194,10,0,45 46 18,1,100,,19663,10,0,45 46 18,1,100,,19661,10,0,45 46 18,1,100,,19665,10,0,45 46 18,1
41800,'19',1850,,19668,10,0,45 46 18,1,100,,19670,10,0,45 46 18,1,100,,19667,10,0,45 46 18,1,100,,19669,10,0,45 46 18,1,100,,19666,10,0,45 46 18,1,100,,19671,10,0,45 46 18,1
41800,'21',619,,19692,10,0,45 46 18,1,30,,19696,10,0,45 46 18,1,70,,19691,10,0,45 46 18,1,30,,19680,10,0,45 46 18,1,70,,4127,10,0,45 46 18,1,30,,19675,10,0,45 46 18,1,70,,19693,10,0,45 46 18,1,30,,19685,10,0,45 46 18,1,71,,19676,10,0,45 46 18,1,30,,19688,10,0,45 46 18,1,70,,19674,10,0,45 46 18,1,30,,19677,10,0,45 46 18,1,70,,19673,10,0,45 46 18,1,30,,19695,10,0,45 46 18,1,70,,19684,10,0,45 46 18,1,30,,8810,10,0,45 46 18,1,70,,19686,10,0,45 46 18,1,30,,19678,10,0,45 46 18,1,70,,19690,10,0,45 46 18,1,30,,8091,10,0,45 46 18,1,70,,19687,10,0,45 46 18,1,30,,19694,10,0,45 46 18,1,70,,19698,10,0,45 46 18,1,30,,19681,10,0,45 46 18,1,100,,19679,10,0,45 46 18,1,100,,19683,10,0,45 46 18,1,100,,19672,10,0,45 46 18,1,100,,19682,10,0,45 46 18,1,100,,19697,10,0,45 46 18,1,100,,19689,10,0,45 46 18,1
41800,'5',1850,,19700,10,0,45 46 18,1,100,,19702,10,0,45 46 18,1,100,,3266,10,0,45 46 18,1,100,,19701,10,0,45 46 18,1,100,,19699,10,0,45 46 18,1,100,,19703,10,0,45 46 18,1
41800,'6',1850,,19706,10,0,45 46 18,1,100,,19708,10,0,45 46 18,1,100,,19705,10,0,45 46 18,1,100,,19707,10,0,45 46 18,1,100,,19704,10,0,45 46 18,1,100,,19709,10,0,45 46 18,1
