30800,'12',609,,34244,17,0,59,1,30,,34225,17,0,59,1,70,,34245,17,0,59,1,30,,34233,17,0,59,1,70,,34243,17,0,59,1,30,,34229,17,0,59,1,70,,34246,17,0,59,1,30,,34231,17,0,59,1,70,,34238,17,0,59,1,30,,34240,17,0,59,1,70,,34237,17,0,59,1,30,,34235,17,0,59,1,70,,34247,17,0,59,1,30,,34248,17,0,59,1,70,,34232,17,0,59,1,30,,34234,17,0,59,1,69,,34236,17,0,59,1,33,,34228,17,0,59,1,70,,34226,17,0,59,1,30,,34227,17,0,59,1,70,,34241,17,0,59,1,30,,34239,17,0,59,1,70,,34242,17,0,59,1,30,,34230,17,0,59,1
30800,'13',609,,28199,17,0,59,1,30,,34249,17,0,59,1,70,,34263,17,0,59,1,30,,34255,17,0,59,1,70,,34262,17,0,59,1,30,,32495,17,0,59,1,70,,34264,17,0,59,1,30,,34253,17,0,59,1,70,,34259,17,0,59,1,30,,29044,17,0,59,1,70,,28195,17,0,59,1,30,,34257,17,0,59,1,70,,34265,17,0,59,1,30,,30620,17,0,59,1,70,,34254,17,0,59,1,30,,34256,17,0,59,1,69,,34258,17,0,59,1,33,,30531,17,0,59,1,70,,34250,17,0,59,1,30,,34251,17,0,59,1,70,,34260,17,0,59,1,30,,29366,17,0,59,1,70,,34261,17,0,59,1,30,,34252,17,0,59,1
30800,'3',609,,28220,17,0,59,1,30,,34266,17,0,59,1,70,,34280,17,0,59,1,30,,34272,17,0,59,1,70,,34279,17,0,59,1,30,,32499,17,0,59,1,70,,34281,17,0,59,1,30,,34270,17,0,59,1,70,,34276,17,0,59,1,30,,29050,17,0,59,1,70,,28216,17,0,59,1,30,,34274,17,0,59,1,70,,34282,17,0,59,1,30,,30657,17,0,59,1,70,,34271,17,0,59,1,30,,34273,17,0,59,1,69,,34275,17,0,59,1,33,,30568,17,0,59,1,70,,34267,17,0,59,1,30,,34268,17,0,59,1,70,,34277,17,0,59,1,30,,29388,17,0,59,1,70,,34278,17,0,59,1,30,,34269,17,0,59,1
30800,'6',609,,34302,17,0,59,1,30,,34283,17,0,59,1,70,,34303,17,0,59,1,30,,34291,17,0,59,1,70,,34301,17,0,59,1,30,,34287,17,0,59,1,70,,34304,17,0,59,1,30,,34289,17,0,59,1,70,,34296,17,0,59,1,30,,34298,17,0,59,1,70,,34295,17,0,59,1,30,,34293,17,0,59,1,70,,34305,17,0,59,1,30,,34306,17,0,59,1,70,,34290,17,0,59,1,30,,34292,17,0,59,1,69,,34294,17,0,59,1,33,,34286,17,0,59,1,70,,34284,17,0,59,1,30,,34285,17,0,59,1,70,,34299,17,0,59,1,30,,34297,17,0,59,1,70,,34300,17,0,59,1,30,,34288,17,0,59,1
40800,'1',623,,39087,17,0,60 61,1,30,,39086,17,0,60 61,1,70,,39072,17,0,60 61,1,30,,39094,17,0,60 61,1,70,,39093,17,0,60 61,1,30,,39088,17,0,60 61,1,70,,39082,17,0,60 61,1,30,,39096,17,0,60 61,1,70,,39076,17,0,60 61,1,30,,39084,17,0,60 61,1,70,,39079,17,0,60 61,1,30,,30443,17,0,60 61,1,70,,39074,17,0,60 61,1,30,,39075,17,0,60 61,1,70,,39083,17,0,60 61,1,30,,39089,17,0,60 61,1,70,,39070,17,0,60 61,1,30,,39077,17,0,60 61,1,70,,39080,17,0,60 61,1,30,,39078,17,0,60 61,1,70,,39071,17,0,60 61,1,30,,39097,17,0,60 61,1,70,,39092,17,0,60 61,1,30,,39085,17,0,60 61,1,100,,39091,17,0,60 61,1,100,,39069,17,0,60 61,1,100,,39081,17,0,60 61,1,100,,39095,17,0,60 61,1,100,,39090,17,0,60 61,1,100,,39073,17,0,60 61,1
40800,'11',623,,39116,17,0,60 61,1,30,,39115,17,0,60 61,1,70,,39101,17,0,60 61,1,30,,39123,17,0,60 61,1,70,,39122,17,0,60 61,1,30,,39117,17,0,60 61,1,70,,39111,17,0,60 61,1,30,,39125,17,0,60 61,1,70,,39105,17,0,60 61,1,30,,39113,17,0,60 61,1,70,,39108,17,0,60 61,1,30,,39126,17,0,60 61,1,70,,39103,17,0,60 61,1,30,,39104,17,0,60 61,1,70,,39112,17,0,60 61,1,30,,39118,17,0,60 61,1,70,,39099,17,0,60 61,1,30,,39106,17,0,60 61,1,70,,39109,17,0,60 61,1,30,,39107,17,0,60 61,1,70,,39100,17,0,60 61,1,30,,39127,17,0,60 61,1,70,,39121,17,0,60 61,1,30,,39114,17,0,60 61,1,100,,39120,17,0,60 61,1,100,,39098,17,0,60 61,1,100,,39110,17,0,60 61,1,100,,39124,17,0,60 61,1,100,,39119,17,0,60 61,1,100,,39102,17,0,60 61,1
40800,'12',1753,,39130,17,0,60 61,1,100,,39133,17,0,60 61,1,100,,39134,17,0,60 61,1,100,,39132,17,0,60 61,1,100,,39129,17,0,60 61,1,100,,39128,17,0,60 61,1,100,,39131,17,0,60 61,1
40800,'13',1753,,39137,17,0,60 61,1,100,,39140,17,0,60 61,1,100,,39141,17,0,60 61,1,100,,39139,17,0,60 61,1,100,,39136,17,0,60 61,1,100,,39135,17,0,60 61,1,100,,39138,17,0,60 61,1
40800,'14',1053,,39147,17,0,60 61,1,100,,39145,17,0,60 61,1,100,,39142,17,0,60 61,1,100,,39143,17,0,60 61,1,100,,39148,17,0,60 61,1,100,,39144,17,0,60 61,1,100,,39149,17,0,60 61,1,100,,39146,17,0,60 61,1
40800,'16',623,,39168,17,0,60 61,1,30,,39167,17,0,60 61,1,70,,39153,17,0,60 61,1,30,,39175,17,0,60 61,1,70,,39174,17,0,60 61,1,30,,39169,17,0,60 61,1,70,,39163,17,0,60 61,1,30,,39177,17,0,60 61,1,70,,39157,17,0,60 61,1,30,,39165,17,0,60 61,1,70,,39160,17,0,60 61,1,30,,30481,17,0,60 61,1,70,,39155,17,0,60 61,1,30,,39156,17,0,60 61,1,70,,39164,17,0,60 61,1,30,,39170,17,0,60 61,1,70,,39151,17,0,60 61,1,30,,39158,17,0,60 61,1,70,,39161,17,0,60 61,1,30,,39159,17,0,60 61,1,70,,39152,17,0,60 61,1,30,,39178,17,0,60 61,1,70,,39173,17,0,60 61,1,30,,39166,17,0,60 61,1,100,,39172,17,0,60 61,1,100,,39150,17,0,60 61,1,100,,39162,17,0,60 61,1,100,,39176,17,0,60 61,1,100,,39171,17,0,60 61,1,100,,39154,17,0,60 61,1
40800,'3',1753,,39181,17,0,60 61,1,100,,39184,17,0,60 61,1,100,,39185,17,0,60 61,1,100,,39183,17,0,60 61,1,100,,39180,17,0,60 61,1,100,,39179,17,0,60 61,1,100,,39182,17,0,60 61,1
40800,'6',1753,,39188,17,0,60 61,1,100,,39191,17,0,60 61,1,100,,39192,17,0,60 61,1,100,,39190,17,0,60 61,1,100,,39187,17,0,60 61,1,100,,39186,17,0,60 61,1,100,,39189,17,0,60 61,1
40800,'8',853,,39208,17,0,60 61,1,100,,39199,17,0,60 61,1,70,,39200,17,0,60 61,1,30,,39194,17,0,60 61,1,70,,39197,17,0,60 61,1,30,,39209,17,0,60 61,1,70,,39202,17,0,60 61,1,30,,39204,17,0,60 61,1,70,,39205,17,0,60 61,1,30,,39196,17,0,60 61,1,70,,39210,17,0,60 61,1,30,,39201,17,0,60 61,1,70,,39198,17,0,60 61,1,30,,39193,17,0,60 61,1,70,,39203,17,0,60 61,1,30,,30039,17,0,60 61,1,70,,39207,17,0,60 61,1,30,,31168,17,0,60 61,1,100,,39206,17,0,60 61,1,100,,39195,17,0,60 61,1
