30401,'12',647,,33600,19,0,49,1,70,,33598,19,0,49,1,30,,33593,19,0,49,1,70,,33577,19,0,49,1,30,,33581,19,0,49,1,70,,33589,19,0,49,1,30,,33591,19,0,49,1,70,,33601,19,0,49,1,30,,33580,19,0,49,1,70,,33584,19,0,49,1,30,,33578,19,0,49,1,70,,33592,19,0,49,1,30,,33585,19,0,49,1,70,,33586,19,0,49,1,30,,33582,19,0,49,1,71,,33595,19,0,49,1,30,,33588,19,0,49,1,70,,33590,19,0,49,1,30,,33596,19,0,49,1,70,,33587,19,0,49,1,30,,33599,19,0,49,1,70,,33594,19,0,49,1,30,,33583,19,0,49,1,70,,33579,19,0,49,1,30,,33597,19,0,49,1
30401,'13',647,,27613,19,0,49,1,70,,33620,19,0,49,1,30,,33615,19,0,49,1,70,,22338,19,0,49,1,30,,33605,19,0,49,1,70,,33612,19,0,49,1,30,,33613,19,0,49,1,70,,33622,19,0,49,1,30,,33604,19,0,49,1,70,,33607,19,0,49,1,30,,33602,19,0,49,1,70,,33614,19,0,49,1,30,,33608,19,0,49,1,70,,33609,19,0,49,1,30,,21594,19,0,49,1,71,,33617,19,0,49,1,30,,33611,19,0,49,1,70,,28194,19,0,49,1,30,,33618,19,0,49,1,70,,33610,19,0,49,1,30,,33621,19,0,49,1,70,,33616,19,0,49,1,30,,33606,19,0,49,1,70,,33603,19,0,49,1,30,,33619,19,0,49,1
30401,'3',647,,27636,19,0,49,1,70,,33641,19,0,49,1,30,,33636,19,0,49,1,70,,22360,19,0,49,1,30,,33626,19,0,49,1,70,,33633,19,0,49,1,30,,33634,19,0,49,1,70,,33643,19,0,49,1,30,,33625,19,0,49,1,70,,33628,19,0,49,1,30,,33623,19,0,49,1,70,,33635,19,0,49,1,30,,33629,19,0,49,1,70,,33630,19,0,49,1,30,,21637,19,0,49,1,71,,33638,19,0,49,1,30,,33632,19,0,49,1,70,,28215,19,0,49,1,30,,33639,19,0,49,1,70,,33631,19,0,49,1,30,,33642,19,0,49,1,70,,33637,19,0,49,1,30,,33627,19,0,49,1,70,,33624,19,0,49,1,30,,33640,19,0,49,1
30401,'6',647,,33667,19,0,49,1,70,,33665,19,0,49,1,30,,33660,19,0,49,1,70,,33644,19,0,49,1,30,,33648,19,0,49,1,70,,33656,19,0,49,1,30,,33658,19,0,49,1,70,,33668,19,0,49,1,30,,33647,19,0,49,1,70,,33651,19,0,49,1,30,,33645,19,0,49,1,70,,33659,19,0,49,1,30,,33652,19,0,49,1,70,,33653,19,0,49,1,30,,33649,19,0,49,1,71,,33662,19,0,49,1,30,,33655,19,0,49,1,70,,33657,19,0,49,1,30,,33663,19,0,49,1,70,,33654,19,0,49,1,30,,33666,19,0,49,1,70,,33661,19,0,49,1,30,,33650,19,0,49,1,70,,33646,19,0,49,1,30,,33664,19,0,49,1
40401,'1',709,,38683,19,0,39 51,1,30,,38685,19,0,39 51,1,70,,38681,19,0,39 51,1,30,,38682,19,0,39 51,1,70,,38708,19,0,39 51,1,30,,38707,19,0,39 51,1,70,,38700,19,0,39 51,1,31,,38697,19,0,39 51,1,70,,30770,19,0,39 51,1,30,,38689,19,0,39 51,1,70,,38703,19,0,39 51,1,30,,38686,19,0,39 51,1,70,,38690,19,0,39 51,1,30,,38706,19,0,39 51,1,70,,38696,19,0,39 51,1,30,,38702,19,0,39 51,1,70,,38693,19,0,39 51,1,30,,38695,19,0,39 51,1,70,,38701,19,0,39 51,1,30,,38694,19,0,39 51,1,70,,38705,19,0,39 51,1,30,,38698,19,0,39 51,1,70,,38684,19,0,39 51,1,30,,38688,19,0,39 51,1,70,,38691,19,0,39 51,1,99,,38704,19,0,39 51,1,100,,38699,19,0,39 51,1,100,,38692,19,0,39 51,1,100,,38687,19,0,39 51,1
40401,'11',709,,38711,19,0,39 51,1,30,,38713,19,0,39 51,1,70,,38709,19,0,39 51,1,30,,38710,19,0,39 51,1,70,,38737,19,0,39 51,1,30,,38736,19,0,39 51,1,70,,38729,19,0,39 51,1,31,,38726,19,0,39 51,1,70,,38716,19,0,39 51,1,30,,38718,19,0,39 51,1,70,,38732,19,0,39 51,1,30,,38714,19,0,39 51,1,70,,38719,19,0,39 51,1,30,,38735,19,0,39 51,1,70,,38725,19,0,39 51,1,30,,38731,19,0,39 51,1,70,,38722,19,0,39 51,1,30,,38724,19,0,39 51,1,70,,38730,19,0,39 51,1,30,,38723,19,0,39 51,1,70,,38734,19,0,39 51,1,30,,38727,19,0,39 51,1,70,,38712,19,0,39 51,1,30,,38717,19,0,39 51,1,70,,38720,19,0,39 51,1,99,,38733,19,0,39 51,1,100,,38728,19,0,39 51,1,100,,38721,19,0,39 51,1,100,,38715,19,0,39 51,1
40401,'12',1910,,38741,19,0,39 51,1,99,,38739,19,0,39 51,1,100,,38738,19,0,39 51,1,100,,38742,19,0,39 51,1,100,,38740,19,0,39 51,1
40401,'13',1910,,38746,19,0,39 51,1,99,,38744,19,0,39 51,1,100,,38743,19,0,39 51,1,100,,38747,19,0,39 51,1,100,,38745,19,0,39 51,1
40401,'14',1110,,38752,19,0,39 51,1,100,,38751,19,0,39 51,1,100,,38748,19,0,39 51,1,100,,38754,19,0,39 51,1,100,,38749,19,0,39 51,1,100,,38753,19,0,39 51,1,100,,38755,19,0,39 51,1,100,,38750,19,0,39 51,1
40401,'16',709,,38758,19,0,39 51,1,30,,38760,19,0,39 51,1,70,,38756,19,0,39 51,1,30,,38757,19,0,39 51,1,70,,38783,19,0,39 51,1,30,,38782,19,0,39 51,1,70,,38775,19,0,39 51,1,31,,38772,19,0,39 51,1,70,,30812,19,0,39 51,1,30,,38764,19,0,39 51,1,70,,38778,19,0,39 51,1,30,,38761,19,0,39 51,1,70,,38765,19,0,39 51,1,30,,38781,19,0,39 51,1,70,,38771,19,0,39 51,1,30,,38777,19,0,39 51,1,70,,38768,19,0,39 51,1,30,,38770,19,0,39 51,1,70,,38776,19,0,39 51,1,30,,38769,19,0,39 51,1,70,,38780,19,0,39 51,1,30,,38773,19,0,39 51,1,70,,38759,19,0,39 51,1,30,,38763,19,0,39 51,1,70,,38766,19,0,39 51,1,99,,38779,19,0,39 51,1,100,,38774,19,0,39 51,1,100,,38767,19,0,39 51,1,100,,38762,19,0,39 51,1
40401,'3',1910,,38787,19,0,39 51,1,99,,38785,19,0,39 51,1,100,,38784,19,0,39 51,1,100,,38788,19,0,39 51,1,100,,38786,19,0,39 51,1
40401,'6',1910,,38792,19,0,39 51,1,99,,38790,19,0,39 51,1,100,,38789,19,0,39 51,1,100,,38793,19,0,39 51,1,100,,38791,19,0,39 51,1
40401,'8',909,,38807,19,0,39 51,1,100,,38811,19,0,39 51,1,31,,38810,19,0,39 51,1,70,,38795,19,0,39 51,1,30,,38797,19,0,39 51,1,70,,38801,19,0,39 51,1,30,,38802,19,0,39 51,1,70,,38803,19,0,39 51,1,30,,38796,19,0,39 51,1,70,,38794,19,0,39 51,1,30,,38812,19,0,39 51,1,70,,38804,19,0,39 51,1,30,,38798,19,0,39 51,1,70,,38813,19,0,39 51,1,30,,38806,19,0,39 51,1,70,,38808,19,0,39 51,1,30,,38805,19,0,39 51,1,70,,38809,19,0,39 51,1,100,,38799,19,0,39 51,1,99,,38800,19,0,39 51,1
