31601,'1',715,,3106,10,,,1,15,,3121,10,,,1,15,,3087,10,,,1,55,,3118,10,,,1,15,,3107,10,,,1,15,,3089,10,,,1,15,,3108,10,,,1,55,,3086,10,,,1,15,,3109,10,,,1,15,,3102,10,,,1,15,,3130,10,,,1,55,,3119,10,,,1,15,,3114,10,,,1,15,,3131,10,,,1,15,,3092,10,,,1,55,,3127,10,,,1,15,,3094,10,,,1,15,,3085,10,,,1,15,,3115,10,,,1,55,,3112,10,,,1,15,,3117,10,,,1,15,,3100,10,,,1,15,,3101,10,,,1,55,,3120,10,,,1,15,,3111,10,,,1,15,,3105,10,,,1,15,,3093,10,,,1,55,,3099,10,,,1,15,,3096,10,,,1,15,,3097,10,,,1,15,,3122,10,,,1,55,,3129,10,,,1,15,,3125,10,,,1,15,,3110,10,,,1,15,,3123,10,,,1,55,,3090,10,,,1,15,,3104,10,,,1,15,,3091,10,,,1,15,,3128,10,,,1,55,,3124,10,,,1,15,,3126,10,,,1,15,,3113,10,,,1,15,,3116,10,,,1,55,,3095,10,,,1,15,,3098,10,,,1,15,,3103,10,,,1,15,,3088,10,,,1
31601,'10',715,,3153,10,,,1,15,,3168,10,,,1,15,,3134,10,,,1,55,,3165,10,,,1,15,,3154,10,,,1,15,,3136,10,,,1,15,,3155,10,,,1,55,,3133,10,,,1,15,,3156,10,,,1,15,,3149,10,,,1,15,,3177,10,,,1,55,,3166,10,,,1,15,,3161,10,,,1,15,,3178,10,,,1,15,,3139,10,,,1,55,,3174,10,,,1,15,,3141,10,,,1,15,,3132,10,,,1,15,,3162,10,,,1,55,,3159,10,,,1,15,,3164,10,,,1,15,,3147,10,,,1,15,,3148,10,,,1,55,,3167,10,,,1,15,,3158,10,,,1,15,,3152,10,,,1,15,,3140,10,,,1,55,,3146,10,,,1,15,,3143,10,,,1,15,,3144,10,,,1,15,,3169,10,,,1,55,,3176,10,,,1,15,,3172,10,,,1,15,,3157,10,,,1,15,,3170,10,,,1,55,,3137,10,,,1,15,,3151,10,,,1,15,,3138,10,,,1,15,,3175,10,,,1,55,,3171,10,,,1,15,,3173,10,,,1,15,,3160,10,,,1,15,,3163,10,,,1,55,,3142,10,,,1,15,,3145,10,,,1,15,,3150,10,,,1,15,,3135,10,,,1
31601,'11',715,,3209,10,,,1,15,,3233,10,,,1,15,,3181,10,,,1,55,,3227,10,,,1,15,,3210,10,,,1,15,,3183,10,,,1,15,,3213,10,,,1,55,,3180,10,,,1,15,,3214,10,,,1,15,,3201,10,,,1,15,,3245,10,,,1,55,,3231,10,,,1,5,,3212,10,,,1,10,,3220,10,,,1,15,,3246,10,,,1,15,,3187,10,,,1,10,,3202,10,,,1,45,,3242,10,,,1,5,,3190,10,,,1,10,,3191,10,,,1,15,,3179,10,,,1,15,,3221,10,,,1,10,,3224,10,,,1,45,,3217,10,,,1,5,,3185,10,,,1,10,,3225,10,,,1,15,,3199,10,,,1,15,,3200,10,,,1,10,,3192,10,,,1,45,,3232,10,,,1,5,,3204,10,,,1,10,,3216,10,,,1,15,,3208,10,,,1,15,,3188,10,,,1,10,,3195,10,,,1,45,,3198,10,,,1,5,,3219,10,,,1,10,,3194,10,,,1,15,,3196,10,,,1,15,,3234,10,,,1,10,,3207,10,,,1,45,,3244,10,,,1,5,,3189,10,,,1,10,,3239,10,,,1,15,,3215,10,,,1,15,,3236,10,,,1,10,,3235,10,,,1,45,,3184,10,,,1,5,,3240,10,,,1,5,,3229,10,,,1,5,,3206,10,,,1,15,,3186,10,,,1,15,,3243,10,,,1,10,,3226,10,,,1,45,,3211,10,,,1,5,,3203,10,,,1,10,,3241,10,,,1,15,,3218,10,,,1,15,,3222,10,,,1,10,,3223,10,,,1,45,,3193,10,,,1,5,,3230,10,,,1,10,,3197,10,,,1,15,,3205,10,,,1,15,,3182,10,,,1,10,,3237,10,,,1,50,,3228,10,,,1
31601,'3',715,,3280,10,,,1,15,,3301,10,,,1,15,,3250,10,,,1,55,,3298,10,,,1,15,,3281,10,,,1,15,,3252,10,,,1,15,,3282,10,,,1,55,,3249,10,,,1,15,,3285,10,,,1,15,,3274,10,,,1,15,,3313,10,,,1,55,,3299,10,,,1,5,,3254,10,,,1,10,,3291,10,,,1,15,,3314,10,,,1,15,,3257,10,,,1,10,,3297,10,,,1,45,,3308,10,,,1,5,,3273,10,,,1,10,,3263,10,,,1,15,,3247,10,,,1,15,,3292,10,,,1,10,,3260,10,,,1,45,,3288,10,,,1,5,,3296,10,,,1,10,,3295,10,,,1,15,,3271,10,,,1,15,,3272,10,,,1,10,,3294,10,,,1,45,,3300,10,,,1,5,,3306,10,,,1,10,,3287,10,,,1,15,,3279,10,,,1,15,,3258,10,,,1,10,,3262,10,,,1,45,,3270,10,,,1,5,,3248,10,,,1,10,,3266,10,,,1,15,,3267,10,,,1,15,,3302,10,,,1,10,,3276,10,,,1,45,,3310,10,,,1,5,,3275,10,,,1,10,,3305,10,,,1,15,,3286,10,,,1,15,,3303,10,,,1,10,,3253,10,,,1,45,,3255,10,,,1,5,,3284,10,,,1,5,,3261,10,,,1,5,,3278,10,,,1,15,,3256,10,,,1,15,,3309,10,,,1,10,,3311,10,,,1,45,,3304,10,,,1,5,,3269,10,,,1,10,,3307,10,,,1,15,,3289,10,,,1,15,,3293,10,,,1,10,,3290,10,,,1,45,,3265,10,,,1,5,,3312,10,,,1,10,,3268,10,,,1,15,,3277,10,,,1,15,,3251,10,,,1,10,,3259,10,,,1,50,,3264,10,,,1
41601,'1',1905,,7505,10,,,1,30,,7509,10,,,1,70,,7507,10,,,1,30,,7510,10,,,1,70,,7506,10,,,1,30,,7511,10,,,1,70,,7513,10,,,1,30,,7504,10,,,1,70,,7512,10,,,1,30,,7508,10,,,1
41601,'10',1905,,7515,10,,,1,30,,7519,10,,,1,70,,7517,10,,,1,30,,7520,10,,,1,70,,7516,10,,,1,30,,7521,10,,,1,70,,7523,10,,,1,30,,7514,10,,,1,70,,7522,10,,,1,30,,7518,10,,,1
41601,'11',1905,,7528,10,,,1,25,,7531,10,,,1,5,,7533,10,,,1,65,,7527,10,,,1,5,,7530,10,,,1,25,,7537,10,,,1,5,,7535,10,,,1,65,,7539,10,,,1,5,,7529,10,,,1,25,,7525,10,,,1,5,,7538,10,,,1,65,,7536,10,,,1,5,,7542,10,,,1,25,,7540,10,,,1,5,,7524,10,,,1,65,,7534,10,,,1,5,,7541,10,,,1,25,,7526,10,,,1,5,,7532,10,,,1
41601,'12',1106,,7545,10,,,1,30,,7553,10,,,1,70,,7543,10,,,1,30,,7550,10,,,1,70,,7544,10,,,1,30,,7554,10,,,1,70,,7551,10,,,1,30,,7547,10,,,1,70,,7555,10,,,1,30,,7552,10,,,1,70,,7557,10,,,1,30,,7556,10,,,1,70,,7546,10,,,1,30,,7548,10,,,1,70,,7549,10,,,1
41601,'14',735,,7591,10,,,1,70,,7568,10,,,1,30,,7586,10,,,1,70,,7594,10,,,1,25,,7583,10,,,1,70,,7593,10,,,1,31,,7573,10,,,1,70,,7587,10,,,1,30,,7571,10,,,1,70,,7575,10,,,1,30,,7567,10,,,1,70,,7577,10,,,1,30,,7590,10,,,1,70,,7585,10,,,1,30,,7588,10,,,1,70,,7562,10,,,1,30,,7566,10,,,1,70,,7589,10,,,1,30,,7570,10,,,1,70,,7560,10,,,1,30,,7584,10,,,1,70,,7576,10,,,1,35,,7592,10,,,1,69,,7580,10,,,1,30,,7572,10,,,1,70,,7574,10,,,1,30,,7564,10,,,1,70,,7558,10,,,1,30,,7579,10,,,1,67,,7582,10,,,1,3,,7559,10,,,1,27,,7561,10,,,1,3,,7581,10,,,1,67,,7578,10,,,1,3,,7563,10,,,1,27,,7565,10,,,1,3,,7569,10,,,1
41601,'3',1905,,7596,10,,,1,25,,7606,10,,,1,5,,7602,10,,,1,65,,7605,10,,,1,5,,7598,10,,,1,25,,7599,10,,,1,5,,7607,10,,,1,65,,7601,10,,,1,5,,7597,10,,,1,25,,7604,10,,,1,5,,7608,10,,,1,65,,7610,10,,,1,5,,7612,10,,,1,25,,7611,10,,,1,5,,7595,10,,,1,65,,7613,10,,,1,5,,7609,10,,,1,25,,7603,10,,,1,5,,7600,10,,,1
41601,'7',900,,7624,10,,,1,30,,7623,10,,,1,70,,7632,10,,,1,31,,7616,10,,,1,70,,7628,10,,,1,30,,7627,10,,,1,70,,7620,10,,,1,30,,7637,10,,,1,70,,7619,10,,,1,30,,7621,10,,,1,70,,7626,10,,,1,30,,7625,10,,,1,70,,7617,10,,,1,30,,7633,10,,,1,70,,7614,10,,,1,30,,7618,10,,,1,70,,7634,10,,,1,30,,7615,10,,,1,70,,7630,10,,,1,30,,7631,10,,,1,70,,7629,10,,,1,29,,7636,10,,,1,70,,7622,10,,,1,30,,7635,10,,,1
