31200,'12',614,,34950,27,,,1,30,,34941,27,,,1,70,,34938,27,,,1,30,,34940,27,,,1,70,,34952,27,,,1,30,,34934,27,,,1,70,,34948,27,,,1,30,,34937,27,,,1,72,,34951,27,,,1,30,,34947,27,,,1,70,,34955,27,,,1,30,,34945,27,,,1,70,,34931,27,,,1,30,,34932,27,,,1,70,,34954,27,,,1,30,,34942,27,,,1,75,,34953,27,,,1,30,,34935,27,,,1,70,,34936,27,,,1,30,,34939,27,,,1,70,,34944,27,,,1,30,,34946,27,,,1,70,,34933,27,,,1,30,,34943,27,,,1,70,,34949,27,,,1
31200,'13',614,,27356,27,,,1,30,,34965,27,,,1,70,,28317,27,,,1,30,,34964,27,,,1,70,,34974,27,,,1,30,,34959,27,,,1,70,,34971,27,,,1,30,,34962,27,,,1,72,,34973,27,,,1,30,,34970,27,,,1,70,,34976,27,,,1,30,,34968,27,,,1,70,,34956,27,,,1,30,,34957,27,,,1,70,,34975,27,,,1,30,,442,27,,,1,75,,29070,27,,,1,30,,34960,27,,,1,70,,34961,27,,,1,30,,34963,27,,,1,70,,34967,27,,,1,30,,34969,27,,,1,70,,34958,27,,,1,30,,34966,27,,,1,70,,34972,27,,,1
31200,'3',614,,27394,27,,,1,30,,34986,27,,,1,70,,28338,27,,,1,30,,34985,27,,,1,70,,34995,27,,,1,30,,34980,27,,,1,70,,34992,27,,,1,30,,34983,27,,,1,72,,34994,27,,,1,30,,34991,27,,,1,70,,34997,27,,,1,30,,34989,27,,,1,70,,34977,27,,,1,30,,34978,27,,,1,70,,34996,27,,,1,30,,465,27,,,1,75,,29098,27,,,1,30,,34981,27,,,1,70,,34982,27,,,1,30,,34984,27,,,1,70,,34988,27,,,1,30,,34990,27,,,1,70,,34979,27,,,1,30,,34987,27,,,1,70,,34993,27,,,1
31200,'6',614,,35017,27,,,1,30,,35008,27,,,1,70,,35005,27,,,1,30,,35007,27,,,1,70,,35019,27,,,1,30,,35001,27,,,1,70,,35015,27,,,1,30,,35004,27,,,1,72,,35018,27,,,1,30,,35014,27,,,1,70,,35022,27,,,1,30,,35012,27,,,1,70,,34998,27,,,1,30,,34999,27,,,1,70,,35021,27,,,1,30,,35009,27,,,1,75,,35020,27,,,1,30,,35002,27,,,1,70,,35003,27,,,1,30,,35006,27,,,1,70,,35011,27,,,1,30,,35013,27,,,1,70,,35000,27,,,1,30,,35010,27,,,1,70,,35016,27,,,1
41200,'1',638,,39797,45,0,23,1,70,,39789,45,0,23,1,30,,39787,45,0,23,1,70,,39793,45,0,23,1,30,,39796,45,0,23,1,70,,39784,45,0,23,1,30,,39788,45,0,23,1,70,,32721,45,0,23,1,33,,39786,45,0,23,1,70,,39803,45,0,23,1,30,,39806,45,0,23,1,70,,39804,45,0,23,1,30,,39795,45,0,23,1,70,,39780,45,0,23,1,30,,39802,45,0,23,1,70,,39791,45,0,23,1,29,,39792,45,0,23,1,70,,39783,45,0,23,1,30,,39801,45,0,23,1,70,,39798,45,0,23,1,30,,39794,45,0,23,1,70,,39799,45,0,23,1,30,,39782,45,0,23,1,70,,39790,45,0,23,1,30,,39781,45,0,23,1,99,,39805,45,0,23,1,100,,31127,45,0,23,1,100,,39800,45,0,23,1,100,,39785,45,0,23,1,100,,32572,45,0,23,1
41200,'11',638,,39825,45,0,23,1,70,,39817,45,0,23,1,30,,39815,45,0,23,1,70,,39821,45,0,23,1,30,,39809,45,0,23,1,70,,39812,45,0,23,1,30,,39816,45,0,23,1,70,,39834,45,0,23,1,33,,39814,45,0,23,1,70,,39831,45,0,23,1,30,,39836,45,0,23,1,70,,39832,45,0,23,1,30,,39823,45,0,23,1,70,,39807,45,0,23,1,30,,39830,45,0,23,1,70,,39819,45,0,23,1,29,,39820,45,0,23,1,70,,39811,45,0,23,1,30,,39829,45,0,23,1,70,,39826,45,0,23,1,30,,39822,45,0,23,1,70,,39827,45,0,23,1,30,,39810,45,0,23,1,70,,39818,45,0,23,1,30,,39808,45,0,23,1,99,,39835,45,0,23,1,100,,39833,45,0,23,1,100,,39828,45,0,23,1,100,,39813,45,0,23,1,100,,39824,45,0,23,1
41200,'12',1840,,39841,45,0,23,1,99,,39842,45,0,23,1,100,,39837,45,0,23,1,100,,39840,45,0,23,1,100,,39839,45,0,23,1,100,,39838,45,0,23,1
41200,'13',1840,,31821,45,0,23,1,99,,39847,45,0,23,1,100,,39843,45,0,23,1,100,,39846,45,0,23,1,100,,39845,45,0,23,1,100,,39844,45,0,23,1
41200,'14',1141,,39853,45,0,23,1,100,,39849,45,0,23,1,100,,39848,45,0,23,1,99,,31369,45,0,23,1,100,,39852,45,0,23,1,100,,39850,45,0,23,1,100,,39851,45,0,23,1
41200,'16',638,,39872,45,0,23,1,70,,39863,45,0,23,1,30,,39861,45,0,23,1,70,,39867,45,0,23,1,30,,39870,45,0,23,1,70,,39858,45,0,23,1,30,,39862,45,0,23,1,70,,39880,45,0,23,1,33,,39860,45,0,23,1,70,,39878,45,0,23,1,30,,39882,45,0,23,1,70,,39879,45,0,23,1,30,,39869,45,0,23,1,70,,39854,45,0,23,1,30,,39877,45,0,23,1,70,,39865,45,0,23,1,29,,39866,45,0,23,1,70,,39857,45,0,23,1,30,,39876,45,0,23,1,70,,39873,45,0,23,1,30,,39868,45,0,23,1,70,,39874,45,0,23,1,30,,39856,45,0,23,1,70,,39864,45,0,23,1,30,,39855,45,0,23,1,99,,39881,45,0,23,1,100,,31152,45,0,23,1,100,,39875,45,0,23,1,100,,39859,45,0,23,1,100,,39871,45,0,23,1
41200,'3',1840,,31880,45,0,23,1,99,,39887,45,0,23,1,100,,39883,45,0,23,1,100,,39886,45,0,23,1,100,,39885,45,0,23,1,100,,39884,45,0,23,1
41200,'6',1840,,39892,45,0,23,1,99,,39893,45,0,23,1,100,,39888,45,0,23,1,100,,39891,45,0,23,1,100,,39890,45,0,23,1,100,,39889,45,0,23,1
41200,'8',938,,39901,45,0,23,1,103,,39904,45,0,23,1,70,,39903,45,0,23,1,30,,39909,45,0,23,1,70,,39906,45,0,23,1,30,,39911,45,0,23,1,70,,39895,45,0,23,1,30,,39896,45,0,23,1,70,,39908,45,0,23,1,29,,32740,45,0,23,1,70,,39910,45,0,23,1,30,,39894,45,0,23,1,70,,39898,45,0,23,1,30,,39902,45,0,23,1,70,,39899,45,0,23,1,30,,39900,45,0,23,1,70,,39905,45,0,23,1,30,,39897,45,0,23,1,99,,39907,45,0,23,1
