31201,'1',639,,2429,10,,,1,71,,2428,10,,,1,30,,2427,10,,,1,70,,2435,10,,,1,30,,2430,10,,,1,70,,2418,10,,,1,30,,2426,10,,,1,70,,2419,10,,,1,30,,2431,10,,,1,70,,2421,10,,,1,30,,2432,10,,,1,70,,2425,10,,,1,30,,2416,10,,,1,70,,2414,10,,,1,30,,2415,10,,,1,69,,2434,10,,,1,41,,2433,10,,,1,70,,2422,10,,,1,30,,2420,10,,,1,70,,2424,10,,,1,30,,2417,10,,,1,70,,2423,10,,,1,30,,2413,10,,,1
31201,'10',639,,2452,10,,,1,71,,2451,10,,,1,30,,2450,10,,,1,70,,2458,10,,,1,30,,2453,10,,,1,70,,2441,10,,,1,30,,2449,10,,,1,70,,2442,10,,,1,30,,2454,10,,,1,70,,2444,10,,,1,30,,2455,10,,,1,70,,2448,10,,,1,30,,2439,10,,,1,70,,2437,10,,,1,30,,2438,10,,,1,69,,2457,10,,,1,41,,2456,10,,,1,70,,2445,10,,,1,30,,2443,10,,,1,70,,2447,10,,,1,30,,2440,10,,,1,70,,2446,10,,,1,30,,2436,10,,,1
31201,'11',639,,2475,10,,,1,71,,2474,10,,,1,30,,2473,10,,,1,70,,2481,10,,,1,30,,2476,10,,,1,70,,2464,10,,,1,30,,2472,10,,,1,70,,2465,10,,,1,30,,2477,10,,,1,70,,2467,10,,,1,30,,2478,10,,,1,70,,2471,10,,,1,30,,2462,10,,,1,70,,2460,10,,,1,30,,2461,10,,,1,69,,2480,10,,,1,41,,2479,10,,,1,70,,2468,10,,,1,30,,2466,10,,,1,70,,2470,10,,,1,30,,2463,10,,,1,70,,2469,10,,,1,30,,2459,10,,,1
31201,'3',639,,2498,10,,,1,71,,2497,10,,,1,30,,2496,10,,,1,70,,2504,10,,,1,30,,2499,10,,,1,70,,2487,10,,,1,30,,2495,10,,,1,70,,2488,10,,,1,30,,2500,10,,,1,70,,2490,10,,,1,30,,2501,10,,,1,70,,2494,10,,,1,30,,2485,10,,,1,70,,2483,10,,,1,30,,2484,10,,,1,69,,2503,10,,,1,41,,2502,10,,,1,70,,2491,10,,,1,30,,2489,10,,,1,70,,2493,10,,,1,30,,2486,10,,,1,70,,2492,10,,,1,30,,2482,10,,,1
41201,'1',1814,,7113,10,0,68,1,100,,7115,10,0,68,1,100,,7117,10,0,68,1,100,,7116,10,0,68,1,100,,7114,10,0,68,1,100,,7118,10,0,68,1
41201,'10',1814,,7119,10,0,68,1,100,,7121,10,0,68,1,100,,7123,10,0,68,1,100,,7122,10,0,68,1,100,,7120,10,0,68,1,100,,7124,10,0,68,1
41201,'11',1814,,7125,10,0,68,1,100,,7127,10,0,68,1,100,,7129,10,0,68,1,100,,7128,10,0,68,1,100,,7126,10,0,68,1,100,,7130,10,0,68,1
41201,'12',1114,,7136,10,0,68,1,100,,7138,10,0,68,1,100,,7133,10,0,68,1,100,,7135,10,0,68,1,100,,7131,10,0,68,1,100,,7137,10,0,68,1,100,,7132,10,0,68,1,100,,7134,10,0,69 29,1
41201,'14',614,,7160,10,0,68,1,30,,7142,10,0,68,1,70,,7163,10,0,68,1,30,,7156,10,0,68,1,70,,7147,10,0,68,1,30,,7166,10,0,68,1,70,,7164,10,0,68,1,30,,7150,10,0,68,1,70,,7154,10,0,68,1,30,,7157,10,0,68,1,70,,7161,10,0,68,1,30,,7148,10,0,68,1,70,,7146,10,0,68,1,30,,7149,10,0,68,1,70,,7167,10,0,68,1,30,,7151,10,0,68,1,70,,7139,10,0,68,1,30,,7141,10,0,68,1,70,,7158,10,0,68,1,30,,7143,10,0,68,1,70,,7165,10,0,68,1,30,,7153,10,0,68,1,70,,7140,10,0,68,1,30,,7144,10,0,68,1,70,,7168,10,0,68,1,100,,7152,10,0,68,1,100,,7145,10,0,68,1,100,,7162,10,0,68,1,100,,7155,10,0,68,1,100,,7159,10,0,68,1
41201,'3',1814,,7169,10,0,68,1,100,,7171,10,0,68,1,100,,7173,10,0,68,1,100,,7172,10,0,68,1,100,,7170,10,0,68,1,100,,7174,10,0,68,1
41201,'7',914,,7188,10,0,68,1,100,,7182,10,0,68,1,30,,7184,10,0,68,1,70,,7180,10,0,68,1,30,,7177,10,0,68,1,70,,7183,10,0,68,1,30,,7179,10,0,68,1,70,,7194,10,0,68,1,30,,7191,10,0,68,1,70,,7186,10,0,68,1,30,,7178,10,0,68,1,70,,7190,10,0,68,1,30,,7181,10,0,68,1,70,,7176,10,0,68,1,30,,7189,10,0,68,1,70,,7175,10,0,68,1,30,,7192,10,0,68,1,70,,7187,10,0,68,1,100,,7185,10,0,68,1,100,,7193,10,0,68,1
