30901,'11',632,,28149,33,0,25 14 26,1,70,,28154,33,0,25 14 26,1,31,,28162,33,0,25 14 26,1,70,,23194,33,0,25 14 26,1,30,,28155,33,0,25 14 26,1,70,,28153,33,0,25 14 26,1,30,,28158,33,0,25 14 26,1,70,,28148,33,0,25 14 26,1,30,,28145,33,0,25 14 26,1,70,,28151,33,0,25 14 26,1,30,,28156,33,0,25 14 26,1,70,,28160,33,0,25 14 26,1,30,,21901,33,0,25 14 26,1,70,,28147,33,0,25 14 26,1,30,,28159,33,0,25 14 26,1,70,,28161,33,0,25 14 26,1,31,,28146,33,0,25 14 26,1,81,,28144,33,0,25 14 26,1,30,,28157,33,0,25 14 26,1,70,,28150,33,0,25 14 26,1,30,,28142,33,0,25 14 26,1,70,,28143,33,0,25 14 26,1,30,,28141,33,0,25 14 26,1,70,,22728,33,0,25 14 26,1,23,,28152,29,0,25 14 26,1
30901,'3',632,,28171,33,0,25 14 26,1,70,,28176,33,0,25 14 26,1,31,,28184,33,0,25 14 26,1,70,,23209,33,0,25 14 26,1,30,,28177,33,0,25 14 26,1,70,,28175,33,0,25 14 26,1,30,,28180,33,0,25 14 26,1,70,,28170,33,0,25 14 26,1,30,,28167,33,0,25 14 26,1,70,,28173,33,0,25 14 26,1,30,,28178,33,0,25 14 26,1,70,,28182,33,0,25 14 26,1,30,,21925,33,0,25 14 26,1,70,,28169,33,0,25 14 26,1,30,,28181,33,0,25 14 26,1,70,,28183,33,0,25 14 26,1,31,,28168,33,0,25 14 26,1,81,,28166,33,0,25 14 26,1,30,,28179,33,0,25 14 26,1,70,,28172,33,0,25 14 26,1,30,,28164,33,0,25 14 26,1,70,,28165,33,0,25 14 26,1,30,,28163,33,0,25 14 26,1,70,,22750,33,0,25 14 26,1,23,,28174,29,0,25 14 26,1
31201,'11',647,,28410,27,,,1,72,,28402,27,,,1,30,,28400,27,,,1,70,,28397,27,,,1,30,,28406,27,,,1,70,,21477,27,,,1,30,,28401,27,,,1,71,,28395,27,,,1,30,,28396,27,,,1,70,,28404,27,,,1,30,,28407,27,,,1,70,,28405,27,,,1,30,,28399,27,,,1,70,,28409,27,,,1,30,,28411,27,,,1,68,,28413,27,,,1,84,,28403,27,,,1,30,,28408,27,,,1,70,,27095,27,,,1,30,,28393,27,,,1,70,,28394,27,,,1,30,,28412,27,,,1,70,,28398,27,,,1
31201,'3',647,,28431,27,,,1,72,,28423,27,,,1,30,,28421,27,,,1,70,,28418,27,,,1,30,,28427,27,,,1,70,,21516,27,,,1,30,,28422,27,,,1,71,,28416,27,,,1,30,,28417,27,,,1,70,,28425,27,,,1,30,,28428,27,,,1,70,,28426,27,,,1,30,,28420,27,,,1,70,,28430,27,,,1,30,,28432,27,,,1,68,,28434,27,,,1,84,,28424,27,,,1,30,,28429,27,,,1,70,,27099,27,,,1,30,,28414,27,,,1,70,,28415,27,,,1,30,,28433,27,,,1,70,,28419,27,,,1
40901,'1',700,,31036,33,0,25 12,1,30,,31051,33,0,25 12,1,70,,31052,33,0,25 12,1,30,,31026,33,0,25 12,1,70,,31030,33,0,25 12,1,30,,31031,33,0,25 12,1,70,,31050,33,0,25 12,1,30,,31027,33,0,25 12,1,70,,31035,33,0,25 12,1,30,,22839,33,0,25 12,1,70,,31044,33,0,25 12,1,30,,31048,33,0,25 12,1,70,,31029,33,0,25 12,1,30,,31040,33,0,25 12,1,70,,31047,33,0,25 12,1,30,,31045,33,0,25 12,1,70,,31038,33,0,25 12,1,30,,31049,33,0,25 12,1,70,,31028,33,0,25 12,1,30,,31039,33,0,25 12,1,70,,31032,33,0,25 12,1,30,,31042,33,0,25 12,1,70,,23719,33,0,25 12,1,30,,31037,33,0,25 12,1,70,,31034,33,0,25 12,1,100,,31046,33,0,25 12,1,100,,31043,33,0,25 12,1,100,,31041,33,0,25 12,1,100,,31033,33,0,25 12,1
40901,'11',1900,,31054,33,0,25 12,1,100,,26983,33,0,25 12,1,100,,31055,33,0,25 12,1,100,,21832,33,0,25 12,1,100,,31053,33,0,25 12,1
40901,'12',1100,,31058,33,0,25 12,1,100,,31060,33,0,25 12,1,100,,31056,33,0,25 12,1,100,,24528,33,0,25 12,1,100,,31057,33,0,25 12,1,100,,31062,33,0,25 12,1,100,,31059,33,0,25 12,1,100,,31061,33,0,25 12,1
40901,'14',700,,31073,33,0,25 12,1,30,,31089,33,0,25 12,1,70,,31090,33,0,25 12,1,30,,31063,33,0,25 12,1,70,,31067,33,0,25 12,1,30,,31068,33,0,25 12,1,70,,31088,33,0,25 12,1,30,,31064,33,0,25 12,1,70,,31072,33,0,25 12,1,30,,31076,33,0,25 12,1,70,,31082,33,0,25 12,1,30,,31086,33,0,25 12,1,70,,31066,33,0,25 12,1,30,,31078,33,0,25 12,1,70,,31085,33,0,25 12,1,30,,31083,33,0,25 12,1,70,,31075,33,0,25 12,1,30,,31087,33,0,25 12,1,70,,31065,33,0,25 12,1,30,,31077,33,0,25 12,1,70,,31070,33,0,25 12,1,30,,31080,33,0,25 12,1,70,,31069,33,0,25 12,1,30,,31074,33,0,25 12,1,70,,18097,33,0,25 12,1,100,,31084,33,0,25 12,1,100,,31081,33,0,25 12,1,100,,31079,33,0,25 12,1,100,,31071,33,0,25 12,1
40901,'3',1900,,31092,33,0,25 12,1,100,,27031,33,0,25 12,1,100,,31093,33,0,25 12,1,100,,21855,33,0,25 12,1,100,,31091,33,0,25 12,1
40901,'8',900,,31099,33,0,25 12,1,100,,31096,33,0,25 12,1,100,,31105,33,0,25 12,1,30,,31094,33,0,25 12,1,70,,31102,33,0,25 12,1,30,,31103,33,0,25 12,1,70,,31112,33,0,25 12,1,30,,31104,33,0,25 12,1,70,,31101,33,0,25 12,1,30,,31100,33,0,25 12,1,70,,31111,33,0,25 12,1,30,,31110,33,0,25 12,1,70,,31098,33,0,25 12,1,30,,31095,33,0,25 12,1,70,,31097,33,0,25 12,1,30,,31108,33,0,25 12,1,70,,31106,33,0,25 12,1,30,,31109,33,0,25 12,1,70,,26313,33,0,25 12,1,100,,31107,33,0,25 12,1
