30900,'1',622,,1747,12,0,23,1,30,,1742,12,0,23,1,70,,1748,12,0,23,1,30,,1731,12,0,23,1,70,,1749,12,0,23,1,30,,1739,12,0,23,1,70,,1733,12,0,23,1,30,,1736,12,0,23,1,71,,1745,12,0,23,1,30,,1750,12,0,23,1,70,,1740,12,0,23,1,30,,1751,12,0,23,1,70,,1729,12,0,23,1,30,,1744,12,0,23,1,70,,1730,12,0,23,1,30,,1738,12,0,23,1,74,,1734,12,0,23,1,30,,1743,12,0,23,1,70,,1732,12,0,23,1,30,,1741,12,0,23,1,70,,1737,12,0,23,1,30,,1735,12,0,23,1,70,,1746,12,0,23,1
30900,'10',622,,1770,12,0,23,1,30,,1765,12,0,23,1,70,,1771,12,0,23,1,30,,1754,12,0,23,1,70,,1772,12,0,23,1,30,,1762,12,0,23,1,70,,1756,12,0,23,1,30,,1759,12,0,23,1,71,,1768,12,0,23,1,30,,1773,12,0,23,1,70,,1763,12,0,23,1,30,,1774,12,0,23,1,70,,1752,12,0,23,1,30,,1767,12,0,23,1,70,,1753,12,0,23,1,30,,1761,12,0,23,1,74,,1757,12,0,23,1,30,,1766,12,0,23,1,70,,1755,12,0,23,1,30,,1764,12,0,23,1,70,,1760,12,0,23,1,30,,1758,12,0,23,1,70,,1769,12,0,23,1
30900,'11',622,,1793,12,0,23,1,30,,1788,12,0,23,1,70,,1794,12,0,23,1,30,,1777,12,0,23,1,70,,1795,12,0,23,1,30,,1785,12,0,23,1,70,,1779,12,0,23,1,30,,1782,12,0,23,1,71,,1791,12,0,23,1,30,,1796,12,0,23,1,70,,1786,12,0,23,1,30,,1797,12,0,23,1,70,,1775,12,0,23,1,30,,1790,12,0,23,1,70,,1776,12,0,23,1,30,,1784,12,0,23,1,74,,1780,12,0,23,1,30,,1789,12,0,23,1,70,,1778,12,0,23,1,30,,1787,12,0,23,1,70,,1783,12,0,23,1,30,,1781,12,0,23,1,70,,1792,12,0,23,1
30900,'3',622,,1816,12,0,23,1,30,,1811,12,0,23,1,70,,1817,12,0,23,1,30,,1800,12,0,23,1,70,,1818,12,0,23,1,30,,1808,12,0,23,1,70,,1802,12,0,23,1,30,,1805,12,0,23,1,71,,1814,12,0,23,1,30,,1819,12,0,23,1,70,,1809,12,0,23,1,30,,1820,12,0,23,1,70,,1798,12,0,23,1,30,,1813,12,0,23,1,70,,1799,12,0,23,1,30,,1807,12,0,23,1,74,,1803,12,0,23,1,30,,1812,12,0,23,1,70,,1801,12,0,23,1,30,,1810,12,0,23,1,70,,1806,12,0,23,1,30,,1804,12,0,23,1,70,,1815,12,0,23,1
40900,'1',1757,,6774,12,0,23,1,100,,6771,12,0,23,1,99,,6770,12,0,23,1,100,,6773,12,0,23,1,100,,6776,12,0,23,1,100,,6772,12,0,23,1,100,,6775,12,0,23,1
40900,'10',1757,,6781,12,0,23,1,100,,6778,12,0,23,1,99,,6777,12,0,23,1,100,,6780,12,0,23,1,100,,6783,12,0,23,1,100,,6779,12,0,23,1,100,,6782,12,0,23,1
40900,'11',1757,,6788,12,0,23,1,100,,6785,12,0,23,1,99,,6784,12,0,23,1,100,,6787,12,0,23,1,100,,6790,12,0,23,1,100,,6786,12,0,23,1,100,,6789,12,0,23,1
40900,'12',1057,,6793,12,0,23,1,100,,6791,12,0,23,1,100,,6795,12,0,23,1,100,,6796,12,0,23,1,100,,6797,12,0,23,1,100,,6798,12,0,23,1,100,,6792,12,0,23,1,100,,6794,12,0,23,1
40900,'14',656,,6799,12,0,23,1,70,,6822,12,0,23,1,30,,6805,12,0,23,1,70,,6819,12,0,23,1,30,,6824,12,0,23,1,70,,6803,12,0,23,1,30,,6816,12,0,23,1,71,,6804,12,0,23,1,30,,6817,12,0,23,1,70,,6814,12,0,23,1,30,,6802,12,0,23,1,70,,6813,12,0,23,1,30,,6807,12,0,23,1,70,,6823,12,0,23,1,30,,6818,12,0,23,1,70,,6811,12,0,23,1,30,,6812,12,0,23,1,70,,6826,12,0,23,1,30,,6809,12,0,23,1,70,,6820,12,0,23,1,30,,6800,12,0,23,1,70,,6801,12,0,23,1,30,,6821,12,0,23,1,100,,6815,12,0,23,1,99,,6810,12,0,23,1,100,,6827,12,0,23,1,100,,6825,12,0,23,1,100,,6806,12,0,23,1,100,,6808,12,0,23,1
40900,'3',1757,,6832,12,0,23,1,100,,6829,12,0,23,1,99,,6828,12,0,23,1,100,,6831,12,0,23,1,100,,6834,12,0,23,1,100,,6830,12,0,23,1,100,,6833,12,0,23,1
40900,'7',856,,6841,12,0,23,1,100,,6837,12,0,23,1,71,,6835,12,0,23,1,30,,6843,12,0,23,1,70,,6838,12,0,23,1,30,,6839,12,0,23,1,70,,6844,12,0,23,1,30,,6847,12,0,23,1,70,,6852,12,0,23,1,30,,6853,12,0,23,1,70,,6846,12,0,23,1,30,,6848,12,0,23,1,70,,6845,12,0,23,1,30,,6851,12,0,23,1,70,,6854,12,0,23,1,30,,6849,12,0,23,1,70,,6850,12,0,23,1,30,,6836,12,0,23,1,100,,6842,12,0,23,1,99,,6840,12,0,23,1
