32000,'1',640,,3725,19,0,47 18,1,71,,3729,19,0,47 18,1,30,,3714,19,0,47 18,1,70,,3723,19,0,47 18,1,30,,3732,19,0,47 18,1,70,,3718,19,0,47 18,1,30,,3720,19,0,47 18,1,70,,3721,19,0,47 18,1,30,,3726,19,0,47 18,1,70,,3734,19,0,47 18,1,30,,3731,19,0,47 18,1,70,,3716,19,0,47 18,1,30,,3722,19,0,47 18,1,70,,3719,19,0,47 18,1,30,,3711,19,0,47 18,1,71,,3724,19,0,47 18,1,30,,3733,19,0,47 18,1,70,,3713,19,0,47 18,1,30,,3712,19,0,47 18,1,70,,3715,19,0,47 18,1,30,,3730,19,0,47 18,1,70,,3727,19,0,47 18,1,30,,3728,19,0,47 18,1,70,,3717,19,0,47 18,1
32000,'10',640,,3749,19,0,47 18,1,71,,3753,19,0,47 18,1,30,,3738,19,0,47 18,1,70,,3747,19,0,47 18,1,30,,3756,19,0,47 18,1,70,,3742,19,0,47 18,1,30,,3744,19,0,47 18,1,70,,3745,19,0,47 18,1,30,,3750,19,0,47 18,1,70,,3758,19,0,47 18,1,30,,3755,19,0,47 18,1,70,,3740,19,0,47 18,1,30,,3746,19,0,47 18,1,70,,3743,19,0,47 18,1,30,,3735,19,0,47 18,1,71,,3748,19,0,47 18,1,30,,3757,19,0,47 18,1,70,,3737,19,0,47 18,1,30,,3736,19,0,47 18,1,70,,3739,19,0,47 18,1,30,,3754,19,0,47 18,1,70,,3751,19,0,47 18,1,30,,3752,19,0,47 18,1,70,,3741,19,0,47 18,1
32000,'11',640,,3773,19,0,47 18,1,71,,3777,19,0,47 18,1,30,,3762,19,0,47 18,1,70,,3771,19,0,47 18,1,30,,3780,19,0,47 18,1,70,,3766,19,0,47 18,1,30,,3768,19,0,47 18,1,70,,3769,19,0,47 18,1,30,,3774,19,0,47 18,1,70,,3782,19,0,47 18,1,30,,3779,19,0,47 18,1,70,,3764,19,0,47 18,1,30,,3770,19,0,47 18,1,70,,3767,19,0,47 18,1,30,,3759,19,0,47 18,1,71,,3772,19,0,47 18,1,30,,3781,19,0,47 18,1,70,,3761,19,0,47 18,1,30,,3760,19,0,47 18,1,70,,3763,19,0,47 18,1,30,,3778,19,0,47 18,1,70,,3775,19,0,47 18,1,30,,3776,19,0,47 18,1,70,,3765,19,0,47 18,1
32000,'3',640,,3797,19,0,47 18,1,71,,3801,19,0,47 18,1,30,,3786,19,0,47 18,1,70,,3795,19,0,47 18,1,30,,3804,19,0,47 18,1,70,,3790,19,0,47 18,1,30,,3792,19,0,47 18,1,70,,3793,19,0,47 18,1,30,,3798,19,0,47 18,1,70,,3806,19,0,47 18,1,30,,3803,19,0,47 18,1,70,,3788,19,0,47 18,1,30,,3794,19,0,47 18,1,70,,3791,19,0,47 18,1,30,,3783,19,0,47 18,1,71,,3796,19,0,47 18,1,30,,3805,19,0,47 18,1,70,,3785,19,0,47 18,1,30,,3784,19,0,47 18,1,70,,3787,19,0,47 18,1,30,,3802,19,0,47 18,1,70,,3799,19,0,47 18,1,30,,3800,19,0,47 18,1,70,,3789,19,0,47 18,1
42000,'1',1842,,7959,19,0,47 18,1,99,,7957,19,0,47 18,1,100,,7958,19,0,47 18,1,100,,7961,19,0,47 18,1,100,,7960,19,0,47 18,1,100,,7962,19,0,47 18,1
42000,'10',1842,,7965,19,0,47 18,1,99,,7963,19,0,47 18,1,100,,7964,19,0,47 18,1,100,,7967,19,0,47 18,1,100,,7966,19,0,47 18,1,100,,7968,19,0,47 18,1
42000,'11',1842,,7971,19,0,47 18,1,99,,7969,19,0,47 18,1,100,,7970,19,0,47 18,1,100,,7973,19,0,47 18,1,100,,7972,19,0,47 18,1,100,,7974,19,0,47 18,1
42000,'12',1111,,7980,19,0,47 18,1,30,,7981,19,0,47 18,1,70,,7975,19,0,47 18,1,30,,7984,19,0,47 18,1,70,,7985,19,0,47 18,1,30,,7987,19,0,47 18,1,71,,7978,19,0,47 18,1,30,,7977,19,0,47 18,1,70,,7982,19,0,47 18,1,30,,7986,19,0,47 18,1,70,,7976,19,0,47 18,1,30,,7988,19,0,47 18,1,70,,7983,19,0,47 18,1,30,,7979,19,0,47 18,1
42000,'14',639,,8007,19,0,47 18,1,71,,8001,19,0,47 18,1,30,,8013,19,0,47 18,1,70,,8004,19,0,47 18,1,30,,7990,19,0,47 18,1,70,,8016,19,0,47 18,1,30,,8006,19,0,47 18,1,71,,8008,19,0,47 18,1,30,,7993,19,0,47 18,1,70,,8009,19,0,47 18,1,30,,7991,19,0,47 18,1,70,,7989,19,0,47 18,1,30,,8012,19,0,47 18,1,70,,7997,19,0,47 18,1,30,,7996,19,0,47 18,1,71,,8010,19,0,47 18,1,30,,8011,19,0,47 18,1,70,,8000,19,0,47 18,1,30,,7995,19,0,47 18,1,70,,8018,19,0,47 18,1,30,,7998,19,0,47 18,1,70,,7992,19,0,47 18,1,30,,8002,19,0,47 18,1,70,,8014,19,0,47 18,1,30,,8003,19,0,47 18,1,99,,7994,19,0,47 18,1,100,,8005,19,0,47 18,1,100,,8017,19,0,47 18,1,100,,8015,19,0,47 18,1,100,,7999,19,0,47 18,1
42000,'3',1842,,8021,19,0,47 18,1,99,,8019,19,0,47 18,1,100,,8020,19,0,47 18,1,100,,8023,19,0,47 18,1,100,,8022,19,0,47 18,1,100,,8024,19,0,47 18,1
42000,'7',910,,8034,19,0,47 18,1,30,,8032,19,0,47 18,1,71,,8042,19,0,47 18,1,30,,8027,19,0,47 18,1,70,,8028,19,0,47 18,1,30,,8041,19,0,47 18,1,70,,8031,19,0,47 18,1,30,,8043,19,0,47 18,1,70,,8025,19,0,47 18,1,30,,8047,19,0,47 18,1,71,,8026,19,0,47 18,1,30,,8040,19,0,47 18,1,70,,8035,19,0,47 18,1,30,,8038,19,0,47 18,1,70,,8039,19,0,47 18,1,30,,8030,19,0,47 18,1,70,,8044,19,0,47 18,1,30,,8037,19,0,47 18,1,70,,8046,19,0,47 18,1,30,,8033,19,0,47 18,1,69,,8036,19,0,47 18,1,30,,8029,19,0,47 18,1,70,,8045,19,0,47 18,1
