31701,'12',621,,35896,22,0,62,1,30,,35885,22,0,62,1,70,,35883,22,0,62,1,30,,35876,22,0,62,1,70,,35880,22,0,62,1,30,,35886,22,0,62,1,70,,35888,22,0,62,1,30,,35873,22,0,62,1,71,,35894,22,0,62,1,30,,35877,22,0,62,1,70,,35878,22,0,62,1,30,,35892,22,0,62,1,70,,35895,22,0,62,1,30,,35889,22,0,62,1,70,,35891,22,0,62,1,30,,35884,22,0,62,1,71,,35882,22,0,62,1,30,,35879,22,0,62,1,70,,35893,22,0,62,1,30,,35890,22,0,62,1,70,,35875,22,0,62,1,30,,35887,22,0,62,1,70,,35874,22,0,62,1,30,,35881,22,0,62,1
31701,'13',621,,35918,22,0,62,1,30,,22658,22,0,62,1,70,,35906,22,0,62,1,30,,35899,22,0,62,1,70,,35903,22,0,62,1,30,,35908,22,0,62,1,70,,35910,22,0,62,1,30,,35897,22,0,62,1,71,,35916,22,0,62,1,30,,35900,22,0,62,1,70,,35901,22,0,62,1,30,,35914,22,0,62,1,70,,35917,22,0,62,1,30,,35911,22,0,62,1,70,,35913,22,0,62,1,30,,35907,22,0,62,1,71,,35905,22,0,62,1,30,,35902,22,0,62,1,70,,35915,22,0,62,1,30,,35912,22,0,62,1,70,,27975,22,0,62,1,30,,35909,22,0,62,1,70,,35898,22,0,62,1,30,,35904,22,0,62,1
31701,'3',621,,35940,22,0,62,1,30,,22678,22,0,62,1,70,,35928,22,0,62,1,30,,35921,22,0,62,1,70,,35925,22,0,62,1,30,,35930,22,0,62,1,70,,35932,22,0,62,1,30,,35919,22,0,62,1,71,,35938,22,0,62,1,30,,35922,22,0,62,1,70,,35923,22,0,62,1,30,,35936,22,0,62,1,70,,35939,22,0,62,1,30,,35933,22,0,62,1,70,,35935,22,0,62,1,30,,35929,22,0,62,1,71,,35927,22,0,62,1,30,,35924,22,0,62,1,70,,35937,22,0,62,1,30,,35934,22,0,62,1,70,,27998,22,0,62,1,30,,35931,22,0,62,1,70,,35920,22,0,62,1,30,,35926,22,0,62,1
31701,'6',621,,35964,22,0,62,1,30,,35953,22,0,62,1,70,,35951,22,0,62,1,30,,35944,22,0,62,1,70,,35948,22,0,62,1,30,,35954,22,0,62,1,70,,35956,22,0,62,1,30,,35941,22,0,62,1,71,,35962,22,0,62,1,30,,35945,22,0,62,1,70,,35946,22,0,62,1,30,,35960,22,0,62,1,70,,35963,22,0,62,1,30,,35957,22,0,62,1,70,,35959,22,0,62,1,30,,35952,22,0,62,1,71,,35950,22,0,62,1,30,,35947,22,0,62,1,70,,35961,22,0,62,1,30,,35958,22,0,62,1,70,,35943,22,0,62,1,30,,35955,22,0,62,1,70,,35942,22,0,62,1,30,,35949,22,0,62,1
41701,'1',625,,40905,16,0,62,1,30,,40894,16,0,62,1,70,,30080,16,0,62,1,30,,32586,16,0,62,1,70,,40904,16,0,62,1,30,,30610,16,0,62,1,70,,40885,16,0,62,1,30,,40902,16,0,62,1,71,,31345,16,0,62,1,30,,40901,16,0,62,1,70,,29900,16,0,62,1,30,,31670,16,0,62,1,70,,40895,16,0,62,1,30,,40889,16,0,62,1,70,,40899,16,0,62,1,30,,40891,16,0,62,1,70,,40900,16,0,62,1,30,,40893,16,0,62,1,70,,29109,16,0,62,1,30,,32248,16,0,62,1,70,,40897,16,0,62,1,30,,40898,16,0,62,1,70,,40887,16,0,62,1,30,,40903,16,0,62,1,70,,21426,16,0,62,1,99,,40892,16,0,62,1,100,,40888,16,0,62,1,100,,40886,16,0,62,1,100,,40896,16,0,62,1,100,,40890,16,0,62,1
41701,'11',625,,40935,16,0,62,1,30,,40918,16,0,62,1,70,,40927,16,0,62,1,30,,40923,16,0,62,1,70,,40934,16,0,62,1,30,,40933,16,0,62,1,70,,40908,16,0,62,1,30,,40931,16,0,62,1,71,,40924,16,0,62,1,30,,40930,16,0,62,1,70,,40929,16,0,62,1,30,,40910,16,0,62,1,70,,40919,16,0,62,1,30,,40913,16,0,62,1,70,,40926,16,0,62,1,30,,40915,16,0,62,1,70,,40928,16,0,62,1,30,,40917,16,0,62,1,70,,40907,16,0,62,1,30,,40906,16,0,62,1,70,,40922,16,0,62,1,30,,40925,16,0,62,1,70,,40911,16,0,62,1,30,,40932,16,0,62,1,70,,40921,16,0,62,1,99,,40916,16,0,62,1,100,,40912,16,0,62,1,100,,40909,16,0,62,1,100,,40920,16,0,62,1,100,,40914,16,0,62,1
41701,'12',1826,,40936,16,0,62,1,99,,40941,16,0,62,1,100,,40940,16,0,62,1,100,,40937,16,0,62,1,100,,40939,16,0,62,1,100,,40938,16,0,62,1
41701,'13',1826,,40942,16,0,62,1,99,,40947,16,0,62,1,100,,40946,16,0,62,1,100,,40943,16,0,62,1,100,,40945,16,0,62,1,100,,40944,16,0,62,1
41701,'14',1126,,40951,16,0,62,1,100,,40953,16,0,62,1,100,,40950,16,0,62,1,100,,40952,16,0,62,1,100,,40954,16,0,62,1,100,,40949,16,0,62,1,100,,40948,16,0,62,1
41701,'16',625,,40976,16,0,62,1,30,,40964,16,0,62,1,70,,30161,16,0,62,1,30,,40968,16,0,62,1,70,,40975,16,0,62,1,30,,30647,16,0,62,1,70,,40955,16,0,62,1,30,,40973,16,0,62,1,71,,31386,16,0,62,1,30,,40972,16,0,62,1,70,,29981,16,0,62,1,30,,31726,16,0,62,1,70,,40965,16,0,62,1,30,,40959,16,0,62,1,70,,40970,16,0,62,1,30,,40961,16,0,62,1,70,,40971,16,0,62,1,30,,40963,16,0,62,1,70,,17746,16,0,62,1,30,,32291,16,0,62,1,70,,40967,16,0,62,1,30,,40969,16,0,62,1,70,,40957,16,0,62,1,30,,40974,16,0,62,1,70,,31209,16,0,62,1,99,,40962,16,0,62,1,100,,40958,16,0,62,1,100,,40956,16,0,62,1,100,,40966,16,0,62,1,100,,40960,16,0,62,1
41701,'3',1826,,40977,16,0,62,1,99,,40982,16,0,62,1,100,,40981,16,0,62,1,100,,40978,16,0,62,1,100,,40980,16,0,62,1,100,,40979,16,0,62,1
41701,'6',1826,,40983,16,0,62,1,99,,40988,16,0,62,1,100,,40987,16,0,62,1,100,,40984,16,0,62,1,100,,40986,16,0,62,1,100,,40985,16,0,62,1
41701,'8',925,,40990,16,0,62,1,131,,41004,16,0,62,1,70,,40991,16,0,62,1,30,,40998,16,0,62,1,70,,40994,16,0,62,1,30,,40992,16,0,62,1,70,,40999,16,0,62,1,100,,41000,16,0,62,1,30,,40989,16,0,62,1,70,,40995,16,0,62,1,30,,40997,16,0,62,1,70,,41001,16,0,62,1,30,,41003,16,0,62,1,70,,40996,16,0,62,1,30,,40993,16,0,62,1,70,,41002,16,0,62,1,99,,30209,16,0,62,1
