32000,'1',631,,3725,3,0,47 18,1,71,,3729,3,0,47 18,1,30,,3714,3,0,47 18,1,70,,3723,3,0,47 18,1,30,,3732,3,0,47 18,1,70,,3718,3,0,47 18,1,30,,3720,3,0,47 18,1,70,,3721,3,0,47 18,1,30,,3726,3,0,47 18,1,70,,3734,3,0,47 18,1,30,,3731,3,0,47 18,1,70,,3716,3,0,47 18,1,30,,3722,3,0,47 18,1,70,,3719,3,0,47 18,1,30,,3711,3,0,47 18,1,70,,3724,3,0,47 18,1,30,,3733,3,0,47 18,1,70,,3713,3,0,47 18,1,30,,3712,3,0,47 18,1,70,,3715,3,0,47 18,1,30,,3730,3,0,47 18,1,70,,3727,3,0,47 18,1,30,,3728,3,0,47 18,1,70,,3717,3,0,47 18,1
32000,'10',631,,3749,3,0,47 18,1,71,,3753,3,0,47 18,1,30,,3738,3,0,47 18,1,70,,3747,3,0,47 18,1,30,,3756,3,0,47 18,1,70,,3742,3,0,47 18,1,30,,3744,3,0,47 18,1,70,,3745,3,0,47 18,1,30,,3750,3,0,47 18,1,70,,3758,3,0,47 18,1,30,,3755,3,0,47 18,1,70,,3740,3,0,47 18,1,30,,3746,3,0,47 18,1,70,,3743,3,0,47 18,1,30,,3735,3,0,47 18,1,70,,3748,3,0,47 18,1,30,,3757,3,0,47 18,1,70,,3737,3,0,47 18,1,30,,3736,3,0,47 18,1,70,,3739,3,0,47 18,1,30,,3754,3,0,47 18,1,70,,3751,3,0,47 18,1,30,,3752,3,0,47 18,1,70,,3741,3,0,47 18,1
32000,'11',631,,3773,3,0,47 18,1,71,,3777,3,0,47 18,1,30,,3762,3,0,47 18,1,70,,3771,3,0,47 18,1,30,,3780,3,0,47 18,1,70,,3766,3,0,47 18,1,30,,3768,3,0,47 18,1,70,,3769,3,0,47 18,1,30,,3774,3,0,47 18,1,70,,3782,3,0,47 18,1,30,,3779,3,0,47 18,1,70,,3764,3,0,47 18,1,30,,3770,3,0,47 18,1,70,,3767,3,0,47 18,1,30,,3759,3,0,47 18,1,70,,3772,3,0,47 18,1,30,,3781,3,0,47 18,1,70,,3761,3,0,47 18,1,30,,3760,3,0,47 18,1,70,,3763,3,0,47 18,1,30,,3778,3,0,47 18,1,70,,3775,3,0,47 18,1,30,,3776,3,0,47 18,1,70,,3765,3,0,47 18,1
32000,'3',631,,3797,3,0,47 18,1,71,,3801,3,0,47 18,1,30,,3786,3,0,47 18,1,70,,3795,3,0,47 18,1,30,,3804,3,0,47 18,1,70,,3790,3,0,47 18,1,30,,3792,3,0,47 18,1,70,,3793,3,0,47 18,1,30,,3798,3,0,47 18,1,70,,3806,3,0,47 18,1,30,,3803,3,0,47 18,1,70,,3788,3,0,47 18,1,30,,3794,3,0,47 18,1,70,,3791,3,0,47 18,1,30,,3783,3,0,47 18,1,70,,3796,3,0,47 18,1,30,,3805,3,0,47 18,1,70,,3785,3,0,47 18,1,30,,3784,3,0,47 18,1,70,,3787,3,0,47 18,1,30,,3802,3,0,47 18,1,70,,3799,3,0,47 18,1,30,,3800,3,0,47 18,1,70,,3789,3,0,47 18,1
33501,'1',716,,4813,3,0,48 18,1,30,,4800,3,0,48 18,1,70,,4798,3,0,48 18,1,30,,4816,3,0,48 18,1,70,,4804,3,0,48 18,1,30,,4801,3,0,48 18,1,70,,4807,3,0,48 18,1,30,,4810,3,0,48 18,1,70,,4802,3,0,48 18,1,30,,4817,3,0,48 18,1,70,,4806,3,0,48 18,1,30,,4809,3,0,48 18,1,70,,4815,3,0,48 18,1,30,,4797,3,0,48 18,1,70,,4812,3,0,48 18,1,30,,4811,3,0,48 18,1,70,,4805,3,0,48 18,1,30,,4795,3,0,48 18,1,70,,4796,3,0,48 18,1,30,,4803,3,0,48 18,1,70,,4799,3,0,48 18,1,30,,4808,3,0,48 18,1,70,,4814,3,0,48 18,1
33501,'10',716,,4836,3,0,48 18,1,30,,4823,3,0,48 18,1,70,,4821,3,0,48 18,1,30,,4839,3,0,48 18,1,70,,4827,3,0,48 18,1,30,,4824,3,0,48 18,1,70,,4830,3,0,48 18,1,30,,4833,3,0,48 18,1,70,,4825,3,0,48 18,1,30,,4840,3,0,48 18,1,70,,4829,3,0,48 18,1,30,,4832,3,0,48 18,1,70,,4838,3,0,48 18,1,30,,4820,3,0,48 18,1,70,,4835,3,0,48 18,1,30,,4834,3,0,48 18,1,70,,4828,3,0,48 18,1,30,,4818,3,0,48 18,1,70,,4819,3,0,48 18,1,30,,4826,3,0,48 18,1,70,,4822,3,0,48 18,1,30,,4831,3,0,48 18,1,70,,4837,3,0,48 18,1
33501,'11',716,,4859,3,0,48 18,1,30,,4846,3,0,48 18,1,70,,4845,3,0,48 18,1,30,,4861,3,0,48 18,1,70,,4849,3,0,48 18,1,30,,4847,3,0,48 18,1,70,,4853,3,0,48 18,1,30,,4856,3,0,48 18,1,70,,4848,3,0,48 18,1,30,,4862,3,0,48 18,1,70,,4852,3,0,48 18,1,30,,4854,3,0,48 18,1,70,,4860,3,0,48 18,1,30,,4843,3,0,48 18,1,70,,4858,3,0,48 18,1,30,,4857,3,0,48 18,1,70,,4842,3,0,48 18,1,30,,4863,3,0,48 18,1,70,,4844,3,0,48 18,1,30,,4855,3,0,48 18,1,70,,4850,3,0,48 18,1,30,,4841,3,0,48 18,1,70,,4851,3,0,48 18,1
33501,'3',716,,4882,3,0,48 18,1,30,,4869,3,0,48 18,1,70,,4868,3,0,48 18,1,30,,4884,3,0,48 18,1,70,,4872,3,0,48 18,1,30,,4870,3,0,48 18,1,70,,4876,3,0,48 18,1,30,,4879,3,0,48 18,1,70,,4871,3,0,48 18,1,30,,4885,3,0,48 18,1,70,,4875,3,0,48 18,1,30,,4877,3,0,48 18,1,70,,4883,3,0,48 18,1,30,,4866,3,0,48 18,1,70,,4881,3,0,48 18,1,30,,4880,3,0,48 18,1,70,,4865,3,0,48 18,1,30,,4886,3,0,48 18,1,70,,4867,3,0,48 18,1,30,,4878,3,0,48 18,1,70,,4873,3,0,48 18,1,30,,4864,3,0,48 18,1,70,,4874,3,0,48 18,1
42000,'1',1832,,7959,3,0,47 18,1,100,,7957,3,0,47 18,1,100,,7958,3,0,47 18,1,100,,7961,3,0,47 18,1,100,,7960,3,0,47 18,1,100,,7962,3,0,47 18,1
42000,'10',1832,,7965,3,0,47 18,1,100,,7963,3,0,47 18,1,100,,7964,3,0,47 18,1,100,,7967,3,0,47 18,1,100,,7966,3,0,47 18,1,100,,7968,3,0,47 18,1
42000,'11',1832,,7971,3,0,47 18,1,100,,7969,3,0,47 18,1,100,,7970,3,0,47 18,1,100,,7973,3,0,47 18,1,100,,7972,3,0,47 18,1,100,,7974,3,0,47 18,1
42000,'12',1102,,7980,3,0,47 18,1,30,,7981,3,0,47 18,1,70,,7975,3,0,47 18,1,30,,7984,3,0,47 18,1,70,,7985,3,0,47 18,1,30,,7987,3,0,47 18,1,70,,7978,3,0,47 18,1,30,,7977,3,0,47 18,1,70,,7982,3,0,47 18,1,30,,7986,3,0,47 18,1,70,,7976,3,0,47 18,1,30,,7988,3,0,47 18,1,70,,7983,3,0,47 18,1,30,,7979,3,0,47 18,1
42000,'14',631,,8007,3,0,47 18,1,71,,8001,3,0,47 18,1,30,,8013,3,0,47 18,1,70,,8004,3,0,47 18,1,30,,7990,3,0,47 18,1,70,,8016,3,0,47 18,1,30,,8006,3,0,47 18,1,70,,8008,3,0,47 18,1,30,,7993,3,0,47 18,1,70,,8009,3,0,47 18,1,30,,7991,3,0,47 18,1,70,,7989,3,0,47 18,1,30,,8012,3,0,47 18,1,70,,7997,3,0,47 18,1,30,,7996,3,0,47 18,1,70,,8010,3,0,47 18,1,30,,8011,3,0,47 18,1,70,,8000,3,0,47 18,1,30,,7995,3,0,47 18,1,70,,8018,3,0,47 18,1,30,,7998,3,0,47 18,1,70,,7992,3,0,47 18,1,30,,8002,3,0,47 18,1,70,,8014,3,0,47 18,1,30,,8003,3,0,47 18,1,100,,7994,3,0,47 18,1,100,,8005,3,0,47 18,1,100,,8017,3,0,47 18,1,100,,8015,3,0,47 18,1,100,,7999,3,0,47 18,1
42000,'3',1832,,8021,3,0,47 18,1,100,,8019,3,0,47 18,1,100,,8020,3,0,47 18,1,100,,8023,3,0,47 18,1,100,,8022,3,0,47 18,1,100,,8024,3,0,47 18,1
42000,'7',902,,8034,3,0,47 18,1,30,,8032,3,0,47 18,1,70,,8042,3,0,47 18,1,30,,8027,3,0,47 18,1,70,,8028,3,0,47 18,1,30,,8041,3,0,47 18,1,70,,8031,3,0,47 18,1,30,,8043,3,0,47 18,1,70,,8025,3,0,47 18,1,30,,8047,3,0,47 18,1,70,,8026,3,0,47 18,1,30,,8040,3,0,47 18,1,70,,8035,3,0,47 18,1,30,,8038,3,0,47 18,1,70,,8039,3,0,47 18,1,30,,8030,3,0,47 18,1,70,,8044,3,0,47 18,1,30,,8037,3,0,47 18,1,70,,8046,3,0,47 18,1,30,,8033,3,0,47 18,1,70,,8036,3,0,47 18,1,30,,8029,3,0,47 18,1,70,,8045,3,0,47 18,1
43501,'11',1832,,8552,3,0,48 18,1,69,,8560,3,0,48 18,1,30,,8553,3,0,48 18,1,70,,8555,3,0,48 18,1,30,,8551,3,0,48 18,1,70,,8557,3,0,48 18,1,30,,8554,3,0,48 18,1,70,,8556,3,0,48 18,1,30,,8558,3,0,48 18,1,70,,8559,3,0,48 18,1
43501,'12',1116,,8565,3,0,48 18,1,30,,8569,3,0,48 18,1,70,,8566,3,0,48 18,1,30,,8567,3,0,48 18,1,70,,8568,3,0,48 18,1,30,,8571,3,0,48 18,1,71,,8562,3,0,48 18,1,30,,8572,3,0,48 18,1,70,,8563,3,0,48 18,1,30,,8564,3,0,48 18,1,70,,8561,3,0,48 18,1,30,,8570,3,0,48 18,1,70,,8573,3,0,48 18,1,30,,8574,3,0,48 18,1
43501,'14',816,,8592,3,0,48 18,1,30,,8590,3,0,48 18,1,70,,8596,3,0,48 18,1,30,,8600,3,0,48 18,1,70,,8585,3,0,48 18,1,30,,8588,3,0,48 18,1,70,,8576,3,0,48 18,1,30,,8581,3,0,48 18,1,70,,8601,3,0,48 18,1,30,,8594,3,0,48 18,1,70,,8598,3,0,48 18,1,30,,8580,3,0,48 18,1,71,,8582,3,0,48 18,1,30,,8591,3,0,48 18,1,70,,8583,3,0,48 18,1,30,,8599,3,0,48 18,1,70,,8579,3,0,48 18,1,30,,8597,3,0,48 18,1,70,,8586,3,0,48 18,1,30,,8577,3,0,48 18,1,70,,8593,3,0,48 18,1,30,,8587,3,0,48 18,1,69,,8595,3,0,48 18,1,30,,8575,3,0,48 18,1,70,,8584,3,0,48 18,1,30,,8589,3,0,48 18,1,70,,8578,3,0,48 18,1
43501,'3',1832,,8603,3,0,48 18,1,69,,8611,3,0,48 18,1,30,,8604,3,0,48 18,1,70,,8606,3,0,48 18,1,30,,8602,3,0,48 18,1,70,,8608,3,0,48 18,1,30,,8605,3,0,48 18,1,70,,8607,3,0,48 18,1,30,,8609,3,0,48 18,1,70,,8610,3,0,48 18,1
43501,'7',1116,,8622,3,0,48 18,1,30,,8616,3,0,48 18,1,70,,8624,3,0,48 18,1,30,,8627,3,0,48 18,1,70,,8630,3,0,48 18,1,30,,8625,3,0,48 18,1,71,,8629,3,0,48 18,1,30,,8621,3,0,48 18,1,70,,8623,3,0,48 18,1,30,,8617,3,0,48 18,1,70,,8615,3,0,48 18,1,30,,8613,3,0,48 18,1,70,,8619,3,0,48 18,1,30,,8614,3,0,48 18,1,70,,8612,3,0,48 18,1,30,,8618,3,0,48 18,1,69,,8628,3,0,48 18,1,30,,8626,3,0,48 18,1,70,,8620,3,0,48 18,1
