32000,'15',636,,13860,12,0,47 18,1,71,,13877,12,0,47 18,1,30,,13873,12,0,47 18,1,70,,13862,12,0,47 18,1,30,,13875,12,0,47 18,1,70,,13868,12,0,47 18,1,30,,13878,12,0,47 18,1,70,,13865,12,0,47 18,1,30,,13863,12,0,47 18,1,70,,13876,12,0,47 18,1,30,,13879,12,0,47 18,1,70,,13867,12,0,47 18,1,30,,13859,12,0,47 18,1,70,,13874,12,0,47 18,1,30,,13872,12,0,47 18,1,71,,13866,12,0,47 18,1,30,,13858,12,0,47 18,1,70,,13871,12,0,47 18,1,30,,13870,12,0,47 18,1,70,,13856,12,0,47 18,1,30,,13857,12,0,47 18,1,70,,13861,12,0,47 18,1,30,,13869,12,0,47 18,1,70,,13864,12,0,47 18,1
32000,'16',636,,13883,12,0,47 18,1,71,,13895,12,0,47 18,1,30,,13892,12,0,47 18,1,70,,13885,12,0,47 18,1,30,,8694,12,0,47 18,1,70,,2156,12,0,47 18,1,30,,13896,12,0,47 18,1,70,,8203,12,0,47 18,1,30,,3348,12,0,47 18,1,70,,13894,12,0,47 18,1,30,,13897,12,0,47 18,1,70,,13888,12,0,47 18,1,30,,13882,12,0,47 18,1,70,,13893,12,0,47 18,1,30,,13891,12,0,47 18,1,71,,13887,12,0,47 18,1,30,,2598,12,0,47 18,1,70,,13890,12,0,47 18,1,30,,5566,12,0,47 18,1,70,,13880,12,0,47 18,1,30,,13881,12,0,47 18,1,70,,13884,12,0,47 18,1,30,,13889,12,0,47 18,1,70,,13886,12,0,47 18,1
32000,'17',636,,13901,12,0,47 18,1,71,,13913,12,0,47 18,1,30,,13910,12,0,47 18,1,70,,13903,12,0,47 18,1,30,,8704,12,0,47 18,1,70,,2180,12,0,47 18,1,30,,13914,12,0,47 18,1,70,,8208,12,0,47 18,1,30,,3372,12,0,47 18,1,70,,13912,12,0,47 18,1,30,,13915,12,0,47 18,1,70,,13906,12,0,47 18,1,30,,13900,12,0,47 18,1,70,,13911,12,0,47 18,1,30,,13909,12,0,47 18,1,71,,13905,12,0,47 18,1,30,,2616,12,0,47 18,1,70,,13908,12,0,47 18,1,30,,5616,12,0,47 18,1,70,,13898,12,0,47 18,1,30,,13899,12,0,47 18,1,70,,13902,12,0,47 18,1,30,,13907,12,0,47 18,1,70,,13904,12,0,47 18,1
32000,'19',636,,13919,12,0,47 18,1,71,,13934,12,0,47 18,1,30,,13930,12,0,47 18,1,70,,13921,12,0,47 18,1,30,,13932,12,0,47 18,1,70,,13926,12,0,47 18,1,30,,13935,12,0,47 18,1,70,,13924,12,0,47 18,1,30,,13922,12,0,47 18,1,70,,13933,12,0,47 18,1,30,,13936,12,0,47 18,1,70,,6007,12,0,47 18,1,30,,13918,12,0,47 18,1,70,,13931,12,0,47 18,1,30,,13929,12,0,47 18,1,71,,13925,12,0,47 18,1,30,,13917,12,0,47 18,1,70,,5851,12,0,47 18,1,30,,13928,12,0,47 18,1,70,,13916,12,0,47 18,1,30,,5330,12,0,47 18,1,70,,13920,12,0,47 18,1,30,,13927,12,0,47 18,1,70,,13923,12,0,47 18,1
32000,'5',636,,13940,12,0,47 18,1,71,,13951,12,0,47 18,1,30,,4492,12,0,47 18,1,70,,13942,12,0,47 18,1,30,,8724,12,0,47 18,1,70,,2204,12,0,47 18,1,30,,13952,12,0,47 18,1,70,,8237,12,0,47 18,1,30,,3396,12,0,47 18,1,70,,13950,12,0,47 18,1,30,,13953,12,0,47 18,1,70,,13945,12,0,47 18,1,30,,13939,12,0,47 18,1,70,,13949,12,0,47 18,1,30,,13948,12,0,47 18,1,71,,13944,12,0,47 18,1,30,,2634,12,0,47 18,1,70,,13947,12,0,47 18,1,30,,5746,12,0,47 18,1,70,,13937,12,0,47 18,1,30,,13938,12,0,47 18,1,70,,13941,12,0,47 18,1,30,,13946,12,0,47 18,1,70,,13943,12,0,47 18,1
32000,'6',636,,13958,12,0,47 18,1,71,,13975,12,0,47 18,1,30,,13971,12,0,47 18,1,70,,13960,12,0,47 18,1,30,,13973,12,0,47 18,1,70,,13966,12,0,47 18,1,30,,13976,12,0,47 18,1,70,,13963,12,0,47 18,1,30,,13961,12,0,47 18,1,70,,13974,12,0,47 18,1,30,,13977,12,0,47 18,1,70,,13965,12,0,47 18,1,30,,13957,12,0,47 18,1,70,,13972,12,0,47 18,1,30,,13970,12,0,47 18,1,71,,13964,12,0,47 18,1,30,,13956,12,0,47 18,1,70,,13969,12,0,47 18,1,30,,13968,12,0,47 18,1,70,,13954,12,0,47 18,1,30,,13955,12,0,47 18,1,70,,13959,12,0,47 18,1,30,,13967,12,0,47 18,1,70,,13962,12,0,47 18,1
33201,'15',800,,15170,14,0,30,1,100,,15175,14,0,30,1,100,,15166,14,0,30,1,100,,15168,14,0,30,1,100,,15171,14,0,30,1,100,,15169,14,0,30,1,100,,15167,14,0,30,1,100,,15172,14,0,30,1,100,,15173,14,0,30,1,100,,15165,14,0,30,1,100,,15174,14,0,30,1
33201,'16',800,,15185,14,0,30,1,30,,15182,14,0,30,1,70,,15191,14,0,30,1,30,,15184,14,0,30,1,70,,15178,14,0,30,1,30,,15177,14,0,30,1,70,,15181,14,0,30,1,30,,15189,14,0,30,1,70,,15186,14,0,30,1,30,,15192,14,0,30,1,70,,15183,14,0,30,1,30,,2526,14,0,30,1,70,,15179,14,0,30,1,30,,15176,14,0,30,1,70,,15187,14,0,30,1,30,,1089,14,0,30,1,70,,15188,14,0,30,1,30,,429,14,0,30,1,70,,511,14,0,30,1,30,,15180,14,0,30,1,70,,15190,14,0,30,1,30,,3634,14,0,30,1
33201,'17',800,,15202,14,0,30,1,30,,15199,14,0,30,1,70,,15208,14,0,30,1,30,,15201,14,0,30,1,70,,15195,14,0,30,1,30,,15194,14,0,30,1,70,,15198,14,0,30,1,30,,15206,14,0,30,1,70,,15203,14,0,30,1,30,,15209,14,0,30,1,70,,15200,14,0,30,1,30,,2544,14,0,30,1,70,,15196,14,0,30,1,30,,15193,14,0,30,1,70,,15204,14,0,30,1,30,,1114,14,0,30,1,70,,15205,14,0,30,1,30,,452,14,0,30,1,70,,534,14,0,30,1,30,,15197,14,0,30,1,70,,15207,14,0,30,1,30,,3660,14,0,30,1
33201,'19',800,,15221,14,0,30,1,30,,15216,14,0,30,1,70,,15229,14,0,30,1,30,,15227,14,0,30,1,70,,15214,14,0,30,1,30,,15224,14,0,30,1,70,,15218,14,0,30,1,30,,15210,14,0,30,1,70,,15222,14,0,30,1,30,,15217,14,0,30,1,70,,15220,14,0,30,1,30,,15225,14,0,30,1,70,,7251,14,0,30,1,30,,15211,14,0,30,1,70,,15223,14,0,30,1,30,,15230,14,0,30,1,70,,15226,14,0,30,1,30,,15212,14,0,30,1,70,,15213,14,0,30,1,30,,15215,14,0,30,1,70,,15228,14,0,30,1,30,,15219,14,0,30,1
33201,'5',800,,15241,14,0,30,1,30,,15232,14,0,30,1,70,,15247,14,0,30,1,30,,3034,14,0,30,1,70,,15233,14,0,30,1,30,,15238,14,0,30,1,70,,4490,14,0,30,1,30,,1614,14,0,30,1,70,,15243,14,0,30,1,30,,15237,14,0,30,1,70,,8332,14,0,30,1,30,,15239,14,0,30,1,70,,15236,14,0,30,1,30,,15235,14,0,30,1,70,,15244,14,0,30,1,30,,15242,14,0,30,1,70,,15245,14,0,30,1,30,,15240,14,0,30,1,70,,558,14,0,30,1,30,,15234,14,0,30,1,70,,15246,14,0,30,1,30,,15231,14,0,30,1
33201,'6',800,,15253,14,0,30,1,100,,15258,14,0,30,1,100,,15249,14,0,30,1,100,,15251,14,0,30,1,100,,15254,14,0,30,1,100,,15252,14,0,30,1,100,,15250,14,0,30,1,100,,15255,14,0,30,1,100,,15256,14,0,30,1,100,,15248,14,0,30,1,100,,15257,14,0,30,1
42000,'1',1107,,19827,12,0,47 18,1,30,,19822,12,0,47 18,1,70,,19823,12,0,47 18,1,30,,19819,12,0,47 18,1,70,,19820,12,0,47 18,1,30,,19826,12,0,47 18,1,71,,19828,12,0,47 18,1,30,,19829,12,0,47 18,1,70,,3120,12,0,47 18,1,30,,19830,12,0,47 18,1,70,,19824,12,0,47 18,1,30,,19821,12,0,47 18,1,70,,19818,12,0,47 18,1,30,,19825,12,0,47 18,1
42000,'10',636,,19850,12,0,47 18,1,71,,19856,12,0,47 18,1,30,,19857,12,0,47 18,1,70,,19844,12,0,47 18,1,30,,19836,12,0,47 18,1,70,,19833,12,0,47 18,1,30,,19848,12,0,47 18,1,70,,19851,12,0,47 18,1,30,,19832,12,0,47 18,1,70,,19831,12,0,47 18,1,30,,19860,12,0,47 18,1,70,,19849,12,0,47 18,1,30,,19842,12,0,47 18,1,70,,19834,12,0,47 18,1,30,,19859,12,0,47 18,1,71,,19855,12,0,47 18,1,30,,19847,12,0,47 18,1,70,,19840,12,0,47 18,1,30,,19843,12,0,47 18,1,70,,19837,12,0,47 18,1,30,,19841,12,0,47 18,1,70,,19852,12,0,47 18,1,30,,19835,12,0,47 18,1,70,,19838,12,0,47 18,1,30,,19858,12,0,47 18,1,99,,19845,12,0,47 18,1,100,,19854,12,0,47 18,1,100,,19839,12,0,47 18,1,100,,19853,12,0,47 18,1,100,,19846,12,0,47 18,1
42000,'12',907,,19861,12,0,47 18,1,30,,19866,12,0,47 18,1,70,,19870,12,0,47 18,1,30,,19873,12,0,47 18,1,70,,19865,12,0,47 18,1,30,,19869,12,0,47 18,1,70,,19864,12,0,47 18,1,30,,19874,12,0,47 18,1,70,,19881,12,0,47 18,1,30,,5782,12,0,47 18,1,71,,19863,12,0,47 18,1,30,,19862,12,0,47 18,1,70,,19867,12,0,47 18,1,30,,19868,12,0,47 18,1,70,,19880,12,0,47 18,1,30,,19877,12,0,47 18,1,70,,19872,12,0,47 18,1,30,,19876,12,0,47 18,1,70,,19871,12,0,47 18,1,30,,19879,12,0,47 18,1,69,,19878,12,0,47 18,1,30,,19875,12,0,47 18,1,70,,8133,12,0,47 18,1
42000,'15',1838,,19887,12,0,47 18,1,99,,19884,12,0,47 18,1,100,,19882,12,0,47 18,1,100,,19885,12,0,47 18,1,100,,19883,12,0,47 18,1,100,,19886,12,0,47 18,1
42000,'16',1838,,19893,12,0,47 18,1,99,,19890,12,0,47 18,1,100,,19888,12,0,47 18,1,100,,19891,12,0,47 18,1,100,,19889,12,0,47 18,1,100,,19892,12,0,47 18,1
42000,'17',1838,,19899,12,0,47 18,1,99,,19896,12,0,47 18,1,100,,19894,12,0,47 18,1,100,,19897,12,0,47 18,1,100,,19895,12,0,47 18,1,100,,19898,12,0,47 18,1
42000,'19',1838,,19904,12,0,47 18,1,99,,19901,12,0,47 18,1,100,,5637,12,0,47 18,1,100,,19902,12,0,47 18,1,100,,19900,12,0,47 18,1,100,,19903,12,0,47 18,1
42000,'21',636,,19920,12,0,47 18,1,71,,19925,12,0,47 18,1,30,,19926,12,0,47 18,1,70,,8506,12,0,47 18,1,30,,19908,12,0,47 18,1,70,,7993,12,0,47 18,1,30,,19918,12,0,47 18,1,70,,19921,12,0,47 18,1,30,,19906,12,0,47 18,1,70,,19905,12,0,47 18,1,30,,19929,12,0,47 18,1,70,,19919,12,0,47 18,1,30,,19914,12,0,47 18,1,70,,19907,12,0,47 18,1,30,,19928,12,0,47 18,1,71,,19924,12,0,47 18,1,30,,7915,12,0,47 18,1,70,,19912,12,0,47 18,1,30,,19915,12,0,47 18,1,70,,19909,12,0,47 18,1,30,,19913,12,0,47 18,1,70,,6336,12,0,47 18,1,30,,7832,12,0,47 18,1,70,,19910,12,0,47 18,1,30,,19927,12,0,47 18,1,99,,19916,12,0,47 18,1,100,,19923,12,0,47 18,1,100,,19911,12,0,47 18,1,100,,19922,12,0,47 18,1,100,,19917,12,0,47 18,1
42000,'5',1838,,19935,12,0,47 18,1,99,,19932,12,0,47 18,1,100,,19930,12,0,47 18,1,100,,19933,12,0,47 18,1,100,,19931,12,0,47 18,1,100,,19934,12,0,47 18,1
42000,'6',1838,,19941,12,0,47 18,1,99,,19938,12,0,47 18,1,100,,19936,12,0,47 18,1,100,,19939,12,0,47 18,1,100,,19937,12,0,47 18,1,100,,19940,12,0,47 18,1
43201,'10',728,,20816,14,0,52,1,30,,20799,14,0,52,1,70,,20797,14,0,52,1,30,,20794,14,0,52,1,70,,20819,14,0,52,1,30,,20802,14,0,52,1,70,,20790,14,0,52,1,30,,20787,14,0,52,1,70,,20807,14,0,52,1,30,,20809,14,0,52,1,70,,20810,14,0,52,1,30,,20793,14,0,52,1,70,,20789,14,0,52,1,30,,20814,14,0,52,1,72,,20785,14,0,52,1,70,,20796,14,0,52,1,30,,20798,14,0,52,1,70,,20795,14,0,52,1,30,,20786,14,0,52,1,70,,20803,14,0,52,1,30,,20817,14,0,52,1,70,,20792,14,0,52,1,30,,20808,14,0,52,1,70,,20805,14,0,52,1,29,,20791,14,0,52,1,30,,20800,14,0,52,1,70,,20813,14,0,52,1,30,,20788,14,0,52,1,70,,20818,14,0,52,1,30,,20812,14,0,52,1,70,,20806,14,0,52,1,30,,20804,14,0,52,1,70,,20811,14,0,52,1,30,,20801,14,0,52,1,70,,20815,14,0,52,1
43201,'15',1900,,20822,14,0,52,1,59,,20821,14,0,52,1,100,,20823,14,0,52,1,100,,20824,14,0,52,1,100,,20820,14,0,52,1
43201,'16',1900,,20827,14,0,52,1,29,,20831,14,0,52,1,30,,20826,14,0,52,1,70,,20829,14,0,52,1,30,,20830,14,0,52,1,70,,20834,14,0,52,1,30,,20832,14,0,52,1,70,,20833,14,0,52,1,30,,20825,14,0,52,1,70,,20828,14,0,52,1,30,,1588,14,0,52,1
43201,'17',1900,,20837,14,0,52,1,29,,20841,14,0,52,1,30,,20836,14,0,52,1,70,,20839,14,0,52,1,30,,20840,14,0,52,1,70,,20844,14,0,52,1,30,,20842,14,0,52,1,70,,20843,14,0,52,1,30,,20835,14,0,52,1,70,,20838,14,0,52,1,30,,1612,14,0,52,1
43201,'19',1900,,20847,14,0,52,1,59,,20846,14,0,52,1,100,,20848,14,0,52,1,100,,20849,14,0,52,1,100,,20845,14,0,52,1
43201,'5',1900,,20853,14,0,52,1,29,,20856,14,0,52,1,30,,20852,14,0,52,1,70,,20857,14,0,52,1,30,,20855,14,0,52,1,70,,20851,14,0,52,1,30,,20858,14,0,52,1,70,,20854,14,0,52,1,30,,20850,14,0,52,1
43201,'6',1900,,20861,14,0,52,1,59,,20860,14,0,52,1,100,,20862,14,0,52,1,100,,20863,14,0,52,1,100,,20859,14,0,52,1
