30500,'15',551,,10149,5,0,58,1,70,,10162,16,0,58,1,30,,10150,16,0,58,1,70,,10160,16,0,58,1,30,,10145,16,0,58,1,70,,10141,16,0,58,1,30,,10139,16,0,58,1,70,,10147,16,0,58,1,30,,10158,16,0,58,1,70,,10154,16,0,58,1,30,,10153,16,0,58,1,70,,10161,16,0,58,1,30,,10156,16,0,58,1,70,,10143,16,0,58,1,30,,10144,16,0,58,1,70,,10148,16,0,58,1,30,,10155,16,0,58,1,70,,10146,16,0,58,1,30,,10159,16,0,58,1,70,,10157,16,0,58,1,30,,10140,16,0,58,1,70,,10142,16,0,58,1,30,,10152,16,0,58,1,70,,10151,16,0,58,1
30500,'16',551,,10173,5,0,58,1,70,,10183,16,0,58,1,30,,10174,16,0,58,1,70,,2362,16,0,58,1,30,,10169,16,0,58,1,70,,10165,16,0,58,1,30,,10163,16,0,58,1,70,,10171,16,0,58,1,30,,1106,16,0,58,1,70,,10177,16,0,58,1,30,,5266,16,0,58,1,70,,10182,16,0,58,1,30,,10179,16,0,58,1,70,,10167,16,0,58,1,30,,10168,16,0,58,1,70,,10172,16,0,58,1,30,,10178,16,0,58,1,70,,10170,16,0,58,1,30,,10181,16,0,58,1,70,,10180,16,0,58,1,30,,10164,16,0,58,1,70,,10166,16,0,58,1,30,,10176,16,0,58,1,70,,10175,16,0,58,1
30500,'17',551,,10192,5,0,58,1,70,,10201,16,0,58,1,30,,10193,16,0,58,1,70,,2387,16,0,58,1,30,,10188,16,0,58,1,70,,8470,16,0,58,1,30,,10184,16,0,58,1,70,,10190,16,0,58,1,30,,1131,16,0,58,1,70,,10196,16,0,58,1,30,,5316,16,0,58,1,70,,10200,16,0,58,1,30,,10197,16,0,58,1,70,,4245,16,0,58,1,30,,10187,16,0,58,1,70,,10191,16,0,58,1,30,,8558,16,0,58,1,70,,10189,16,0,58,1,30,,10199,16,0,58,1,70,,10198,16,0,58,1,30,,10185,16,0,58,1,70,,10186,16,0,58,1,30,,10195,16,0,58,1,70,,10194,16,0,58,1
30500,'19',551,,10212,5,0,58,1,70,,10225,16,0,58,1,30,,10213,16,0,58,1,70,,10223,16,0,58,1,30,,10208,16,0,58,1,70,,10204,16,0,58,1,30,,10202,16,0,58,1,70,,10210,16,0,58,1,30,,10221,16,0,58,1,70,,10217,16,0,58,1,30,,10216,16,0,58,1,70,,10224,16,0,58,1,30,,10219,16,0,58,1,70,,10206,16,0,58,1,30,,10207,16,0,58,1,70,,10211,16,0,58,1,30,,10218,16,0,58,1,70,,10209,16,0,58,1,30,,10222,16,0,58,1,70,,10220,16,0,58,1,30,,10203,16,0,58,1,70,,10205,16,0,58,1,30,,10215,16,0,58,1,70,,10214,16,0,58,1
30500,'5',551,,5150,5,0,58,1,70,,10243,16,0,58,1,30,,10235,16,0,58,1,70,,2412,16,0,58,1,30,,10231,16,0,58,1,70,,8522,16,0,58,1,30,,10226,16,0,58,1,70,,10233,16,0,58,1,30,,1156,16,0,58,1,70,,10238,16,0,58,1,30,,5446,16,0,58,1,70,,10242,16,0,58,1,30,,10239,16,0,58,1,70,,10229,16,0,58,1,30,,10230,16,0,58,1,70,,10234,16,0,58,1,30,,8609,16,0,58,1,70,,10232,16,0,58,1,30,,10241,16,0,58,1,70,,10240,16,0,58,1,30,,10227,16,0,58,1,70,,10228,16,0,58,1,30,,10237,16,0,58,1,70,,10236,16,0,58,1
30500,'6',551,,10254,5,0,58,1,70,,10267,16,0,58,1,30,,10255,16,0,58,1,70,,10265,16,0,58,1,30,,10250,16,0,58,1,70,,10246,16,0,58,1,30,,10244,16,0,58,1,70,,10252,16,0,58,1,30,,10263,16,0,58,1,70,,10259,16,0,58,1,30,,10258,16,0,58,1,70,,10266,16,0,58,1,30,,10261,16,0,58,1,70,,10248,16,0,58,1,30,,10249,16,0,58,1,70,,10253,16,0,58,1,30,,10260,16,0,58,1,70,,10251,16,0,58,1,30,,10264,16,0,58,1,70,,10262,16,0,58,1,30,,10245,16,0,58,1,70,,10247,16,0,58,1,30,,10257,16,0,58,1,70,,10256,16,0,58,1
41200,'1',1121,,18491,16,0,23,1,100,,781,16,0,23,1,100,,18492,16,0,23,1,99,,4503,16,0,23,1,100,,18490,16,0,23,1,100,,6133,16,0,23,1,100,,18493,16,0,23,1
41200,'10',620,,18521,16,0,23,1,30,,18520,16,0,23,1,70,,18503,16,0,23,1,30,,18511,16,0,23,1,70,,18502,16,0,23,1,30,,18512,16,0,23,1,70,,18522,16,0,23,1,30,,18510,16,0,23,1,71,,18518,16,0,23,1,30,,18516,16,0,23,1,70,,18497,16,0,23,1,30,,18509,16,0,23,1,70,,18519,16,0,23,1,30,,18500,16,0,23,1,70,,18501,16,0,23,1,30,,18494,16,0,23,1,69,,18513,16,0,23,1,30,,18495,16,0,23,1,70,,18514,16,0,23,1,30,,18506,16,0,23,1,70,,18496,16,0,23,1,30,,18508,16,0,23,1,70,,18499,16,0,23,1,30,,18523,16,0,23,1,70,,18507,16,0,23,1,100,,18515,16,0,23,1,100,,18517,16,0,23,1,100,,18504,16,0,23,1,100,,18498,16,0,23,1,100,,18505,16,0,23,1
41200,'12',920,,18539,16,0,23,1,101,,18534,16,0,23,1,30,,18536,16,0,23,1,70,,6099,16,0,23,1,30,,18525,16,0,23,1,70,,18527,16,0,23,1,30,,18533,16,0,23,1,70,,18540,16,0,23,1,30,,18529,16,0,23,1,69,,18537,16,0,23,1,30,,18526,16,0,23,1,70,,18535,16,0,23,1,30,,18538,16,0,23,1,70,,18524,16,0,23,1,30,,18530,16,0,23,1,70,,18532,16,0,23,1,30,,18528,16,0,23,1,70,,18531,16,0,23,1,100,,6756,16,0,23,1
41200,'15',1820,,18542,16,0,23,1,100,,18544,16,0,23,1,100,,18543,16,0,23,1,100,,18546,16,0,23,1,100,,18545,16,0,23,1,100,,18541,16,0,23,1
41200,'16',1820,,18548,16,0,23,1,100,,18550,16,0,23,1,100,,18549,16,0,23,1,100,,18552,16,0,23,1,100,,18551,16,0,23,1,100,,18547,16,0,23,1
41200,'17',1820,,18554,16,0,23,1,100,,18556,16,0,23,1,100,,18555,16,0,23,1,100,,18558,16,0,23,1,100,,18557,16,0,23,1,100,,18553,16,0,23,1
41200,'19',1820,,18560,16,0,23,1,100,,18562,16,0,23,1,100,,18561,16,0,23,1,100,,18564,16,0,23,1,100,,18563,16,0,23,1,100,,18559,16,0,23,1
41200,'21',620,,18591,16,0,23,1,30,,18590,16,0,23,1,70,,18573,16,0,23,1,30,,18581,16,0,23,1,70,,18572,16,0,23,1,30,,18582,16,0,23,1,70,,18592,16,0,23,1,30,,18580,16,0,23,1,71,,18588,16,0,23,1,30,,18586,16,0,23,1,70,,18567,16,0,23,1,30,,18579,16,0,23,1,70,,18589,16,0,23,1,30,,18570,16,0,23,1,70,,18571,16,0,23,1,30,,6021,16,0,23,1,69,,18583,16,0,23,1,30,,18565,16,0,23,1,70,,18584,16,0,23,1,30,,18576,16,0,23,1,70,,18566,16,0,23,1,30,,18578,16,0,23,1,70,,18569,16,0,23,1,30,,18593,16,0,23,1,70,,18577,16,0,23,1,100,,18585,16,0,23,1,100,,18587,16,0,23,1,100,,18574,16,0,23,1,100,,18568,16,0,23,1,100,,18575,16,0,23,1
41200,'5',1820,,18595,16,0,23,1,100,,18597,16,0,23,1,100,,18596,16,0,23,1,100,,18599,16,0,23,1,100,,18598,16,0,23,1,100,,18594,16,0,23,1
41200,'6',1820,,18601,16,0,23,1,100,,18603,16,0,23,1,100,,18602,16,0,23,1,100,,18605,16,0,23,1,100,,18604,16,0,23,1,100,,18600,16,0,23,1
