30400,'1',703,,788,7,0,39 40 41,1,30,,781,7,0,39 40 41,1,70,,771,7,0,39 40 41,1,30,,783,7,0,39 40 41,1,70,,774,7,0,39 40 41,1,30,,780,7,0,39 40 41,1,70,,770,7,0,39 40 41,1,30,,790,7,0,39 40 41,1,70,,791,7,0,39 40 41,1,30,,779,7,0,39 40 41,1,70,,786,7,0,39 40 41,1,30,,787,7,0,39 40 41,1,70,,778,7,0,39 40 41,1,30,,782,7,0,39 40 41,1,70,,785,7,0,39 40 41,1,30,,777,7,0,39 40 41,1,70,,769,7,0,39 40 41,1,30,,784,7,0,39 40 41,1,70,,789,7,0,39 40 41,1,30,,773,7,0,39 40 41,1,70,,772,7,0,39 40 41,1,30,,776,7,0,39 40 41,1,70,,775,7,0,39 40 41,1
30400,'10',703,,811,7,0,39 40 41,1,30,,804,7,0,39 40 41,1,70,,794,7,0,39 40 41,1,30,,806,7,0,39 40 41,1,70,,797,7,0,39 40 41,1,30,,803,7,0,39 40 41,1,70,,793,7,0,39 40 41,1,30,,813,7,0,39 40 41,1,70,,814,7,0,39 40 41,1,30,,802,7,0,39 40 41,1,70,,809,7,0,39 40 41,1,30,,810,7,0,39 40 41,1,70,,801,7,0,39 40 41,1,30,,805,7,0,39 40 41,1,70,,808,7,0,39 40 41,1,30,,800,7,0,39 40 41,1,70,,792,7,0,39 40 41,1,30,,807,7,0,39 40 41,1,70,,812,7,0,39 40 41,1,30,,796,7,0,39 40 41,1,70,,795,7,0,39 40 41,1,30,,799,7,0,39 40 41,1,70,,798,7,0,39 40 41,1
30400,'11',703,,834,7,0,39 40 41,1,30,,827,7,0,39 40 41,1,70,,817,7,0,39 40 41,1,30,,829,7,0,39 40 41,1,70,,820,7,0,39 40 41,1,30,,826,7,0,39 40 41,1,70,,816,7,0,39 40 41,1,30,,836,7,0,39 40 41,1,70,,837,7,0,39 40 41,1,30,,825,7,0,39 40 41,1,70,,832,7,0,39 40 41,1,30,,833,7,0,39 40 41,1,70,,824,7,0,39 40 41,1,30,,828,7,0,39 40 41,1,70,,831,7,0,39 40 41,1,30,,823,7,0,39 40 41,1,70,,815,7,0,39 40 41,1,30,,830,7,0,39 40 41,1,70,,835,7,0,39 40 41,1,30,,819,7,0,39 40 41,1,70,,818,7,0,39 40 41,1,30,,822,7,0,39 40 41,1,70,,821,7,0,39 40 41,1
30400,'3',703,,857,7,0,39 40 41,1,30,,850,7,0,39 40 41,1,70,,840,7,0,39 40 41,1,30,,852,7,0,39 40 41,1,70,,843,7,0,39 40 41,1,30,,849,7,0,39 40 41,1,70,,839,7,0,39 40 41,1,30,,859,7,0,39 40 41,1,70,,860,7,0,39 40 41,1,30,,848,7,0,39 40 41,1,70,,855,7,0,39 40 41,1,30,,856,7,0,39 40 41,1,70,,847,7,0,39 40 41,1,30,,851,7,0,39 40 41,1,70,,854,7,0,39 40 41,1,30,,846,7,0,39 40 41,1,70,,838,7,0,39 40 41,1,30,,853,7,0,39 40 41,1,70,,858,7,0,39 40 41,1,30,,842,7,0,39 40 41,1,70,,841,7,0,39 40 41,1,30,,845,7,0,39 40 41,1,70,,844,7,0,39 40 41,1
40400,'1',1818,,6290,7,0,39 40 42 18,1,100,,6289,7,0,39 40 42 18,1,100,,6291,7,0,39 40 42 18,1,100,,6292,7,0,39 40 42 18,1,100,,6293,7,0,39 40 42 18,1,100,,6294,7,0,39 40 42 18,1
40400,'10',1818,,6296,7,0,39 40 42 18,1,100,,6295,7,0,39 40 42 18,1,100,,6297,7,0,39 40 42 18,1,100,,6298,7,0,39 40 42 18,1,100,,6299,7,0,39 40 42 18,1,100,,6300,7,0,39 40 42 18,1
40400,'11',1818,,6302,7,0,39 40 42 18,1,100,,6301,7,0,39 40 42 18,1,100,,6303,7,0,39 40 42 18,1,100,,6304,7,0,39 40 42 18,1,100,,6305,7,0,39 40 42 18,1,100,,6306,7,0,39 40 42 18,1
40400,'12',1118,,6310,7,0,39 40 42 18,1,100,,6313,7,0,39 40 42 18,1,100,,6309,7,0,39 40 42 18,1,100,,6308,7,0,39 40 42 18,1,100,,6311,7,0,39 40 42 18,1,100,,6312,7,0,39 40 42 18,1,100,,6307,7,0,39 40 42 18,1
40400,'14',618,,6322,7,0,39 40 42 18,1,30,,6340,7,0,39 40 42 18,1,70,,6325,7,0,39 40 42 18,1,30,,6321,7,0,39 40 42 18,1,70,,6333,7,0,39 40 42 18,1,30,,6342,7,0,39 40 42 18,1,70,,6324,7,0,39 40 42 18,1,30,,6326,7,0,39 40 42 18,1,70,,6338,7,0,39 40 42 18,1,30,,6335,7,0,39 40 42 18,1,70,,6330,7,0,39 40 42 18,1,30,,6320,7,0,39 40 42 18,1,70,,6314,7,0,39 40 42 18,1,30,,6329,7,0,39 40 42 18,1,70,,6317,7,0,39 40 42 18,1,30,,6319,7,0,39 40 42 18,1,70,,6339,7,0,39 40 42 18,1,30,,6316,7,0,39 40 42 18,1,70,,6332,7,0,39 40 42 18,1,30,,6336,7,0,39 40 42 18,1,70,,6323,7,0,39 40 42 18,1,30,,6343,7,0,39 40 42 18,1,70,,6327,7,0,39 40 42 18,1,30,,6331,7,0,39 40 42 18,1,70,,6337,7,0,39 40 42 18,1,100,,6341,7,0,39 40 42 18,1,100,,6328,7,0,39 40 42 18,1,100,,6334,7,0,39 40 42 18,1,100,,6315,7,0,39 40 42 18,1,100,,6318,7,0,39 40 42 18,1
40400,'3',1818,,6345,7,0,39 40 42 18,1,100,,6344,7,0,39 40 42 18,1,100,,6346,7,0,39 40 42 18,1,100,,6347,7,0,39 40 42 18,1,100,,6348,7,0,39 40 42 18,1,100,,6349,7,0,39 40 42 18,1
40400,'7',918,,6360,7,0,39 40 42 18,1,100,,6361,7,0,39 40 42 18,1,30,,6356,7,0,39 40 42 18,1,70,,6365,7,0,39 40 42 18,1,30,,6353,7,0,39 40 42 18,1,70,,6351,7,0,39 40 42 18,1,30,,6363,7,0,39 40 42 18,1,70,,6367,7,0,39 40 42 18,1,30,,6358,7,0,39 40 42 18,1,70,,6362,7,0,39 40 42 18,1,30,,6355,7,0,39 40 42 18,1,70,,6354,7,0,39 40 42 18,1,30,,6352,7,0,39 40 42 18,1,70,,6366,7,0,39 40 42 18,1,30,,6357,7,0,39 40 42 18,1,70,,6350,7,0,39 40 42 18,1,30,,6359,7,0,39 40 42 18,1,70,,6364,7,0,39 40 42 18,1,100,,6368,7,0,39 40 42 18,1
