30401,'12',647,,33600,20,0,49,1,70,,33598,20,0,49,1,30,,33593,20,0,49,1,70,,33577,20,0,49,1,30,,33581,20,0,49,1,70,,33589,20,0,49,1,30,,33591,20,0,49,1,70,,33601,20,0,49,1,30,,33580,20,0,49,1,70,,33584,20,0,49,1,30,,33578,20,0,49,1,70,,33592,20,0,49,1,30,,33585,20,0,49,1,70,,33586,20,0,49,1,30,,33582,20,0,49,1,71,,33595,20,0,49,1,30,,33588,20,0,49,1,70,,33590,20,0,49,1,30,,33596,20,0,49,1,70,,33587,20,0,49,1,30,,33599,20,0,49,1,70,,33594,20,0,49,1,30,,33583,20,0,49,1,70,,33579,20,0,49,1,30,,33597,20,0,49,1
30401,'13',647,,27613,20,0,49,1,70,,33620,20,0,49,1,30,,33615,20,0,49,1,70,,22338,20,0,49,1,30,,33605,20,0,49,1,70,,33612,20,0,49,1,30,,33613,20,0,49,1,70,,33622,20,0,49,1,30,,33604,20,0,49,1,70,,33607,20,0,49,1,30,,33602,20,0,49,1,70,,33614,20,0,49,1,30,,33608,20,0,49,1,70,,33609,20,0,49,1,30,,21594,20,0,49,1,71,,33617,20,0,49,1,30,,33611,20,0,49,1,70,,28194,20,0,49,1,30,,33618,20,0,49,1,70,,33610,20,0,49,1,30,,33621,20,0,49,1,70,,33616,20,0,49,1,30,,33606,20,0,49,1,70,,33603,20,0,49,1,30,,33619,20,0,49,1
30401,'3',647,,27636,20,0,49,1,70,,33641,20,0,49,1,30,,33636,20,0,49,1,70,,22360,20,0,49,1,30,,33626,20,0,49,1,70,,33633,20,0,49,1,30,,33634,20,0,49,1,70,,33643,20,0,49,1,30,,33625,20,0,49,1,70,,33628,20,0,49,1,30,,33623,20,0,49,1,70,,33635,20,0,49,1,30,,33629,20,0,49,1,70,,33630,20,0,49,1,30,,21637,20,0,49,1,71,,33638,20,0,49,1,30,,33632,20,0,49,1,70,,28215,20,0,49,1,30,,33639,20,0,49,1,70,,33631,20,0,49,1,30,,33642,20,0,49,1,70,,33637,20,0,49,1,30,,33627,20,0,49,1,70,,33624,20,0,49,1,30,,33640,20,0,49,1
30401,'6',647,,33667,20,0,49,1,70,,33665,20,0,49,1,30,,33660,20,0,49,1,70,,33644,20,0,49,1,30,,33648,20,0,49,1,70,,33656,20,0,49,1,30,,33658,20,0,49,1,70,,33668,20,0,49,1,30,,33647,20,0,49,1,70,,33651,20,0,49,1,30,,33645,20,0,49,1,70,,33659,20,0,49,1,30,,33652,20,0,49,1,70,,33653,20,0,49,1,30,,33649,20,0,49,1,71,,33662,20,0,49,1,30,,33655,20,0,49,1,70,,33657,20,0,49,1,30,,33663,20,0,49,1,70,,33654,20,0,49,1,30,,33666,20,0,49,1,70,,33661,20,0,49,1,30,,33650,20,0,49,1,70,,33646,20,0,49,1,30,,33664,20,0,49,1
40401,'1',709,,38683,20,0,39 51,1,30,,38685,20,0,39 51,1,70,,38681,20,0,39 51,1,30,,38682,20,0,39 51,1,70,,38708,20,0,39 51,1,30,,38707,20,0,39 51,1,70,,38700,20,0,39 51,1,31,,38697,20,0,39 51,1,70,,30770,20,0,39 51,1,30,,38689,20,0,39 51,1,70,,38703,20,0,39 51,1,30,,38686,20,0,39 51,1,70,,38690,20,0,39 51,1,30,,38706,20,0,39 51,1,70,,38696,20,0,39 51,1,30,,38702,20,0,39 51,1,70,,38693,20,0,39 51,1,30,,38695,20,0,39 51,1,70,,38701,20,0,39 51,1,30,,38694,20,0,39 51,1,70,,38705,20,0,39 51,1,30,,38698,20,0,39 51,1,70,,38684,20,0,39 51,1,30,,38688,20,0,39 51,1,70,,38691,20,0,39 51,1,99,,38704,20,0,39 51,1,100,,38699,20,0,39 51,1,100,,38692,20,0,39 51,1,100,,38687,20,0,39 51,1
40401,'11',709,,38711,20,0,39 51,1,30,,38713,20,0,39 51,1,70,,38709,20,0,39 51,1,30,,38710,20,0,39 51,1,70,,38737,20,0,39 51,1,30,,38736,20,0,39 51,1,70,,38729,20,0,39 51,1,31,,38726,20,0,39 51,1,70,,38716,20,0,39 51,1,30,,38718,20,0,39 51,1,70,,38732,20,0,39 51,1,30,,38714,20,0,39 51,1,70,,38719,20,0,39 51,1,30,,38735,20,0,39 51,1,70,,38725,20,0,39 51,1,30,,38731,20,0,39 51,1,70,,38722,20,0,39 51,1,30,,38724,20,0,39 51,1,70,,38730,20,0,39 51,1,30,,38723,20,0,39 51,1,70,,38734,20,0,39 51,1,30,,38727,20,0,39 51,1,70,,38712,20,0,39 51,1,30,,38717,20,0,39 51,1,70,,38720,20,0,39 51,1,99,,38733,20,0,39 51,1,100,,38728,20,0,39 51,1,100,,38721,20,0,39 51,1,100,,38715,20,0,39 51,1
40401,'12',1910,,38741,20,0,39 51,1,99,,38739,20,0,39 51,1,100,,38738,20,0,39 51,1,100,,38742,20,0,39 51,1,100,,38740,20,0,39 51,1
40401,'13',1910,,38746,20,0,39 51,1,99,,38744,20,0,39 51,1,100,,38743,20,0,39 51,1,100,,38747,20,0,39 51,1,100,,38745,20,0,39 51,1
40401,'14',1110,,38752,20,0,39 51,1,100,,38751,20,0,39 51,1,100,,38748,20,0,39 51,1,100,,38754,20,0,39 51,1,100,,38749,20,0,39 51,1,100,,38753,20,0,39 51,1,100,,38755,20,0,39 51,1,100,,38750,20,0,39 51,1
40401,'16',709,,38758,20,0,39 51,1,30,,38760,20,0,39 51,1,70,,38756,20,0,39 51,1,30,,38757,20,0,39 51,1,70,,38783,20,0,39 51,1,30,,38782,20,0,39 51,1,70,,38775,20,0,39 51,1,31,,38772,20,0,39 51,1,70,,30812,20,0,39 51,1,30,,38764,20,0,39 51,1,70,,38778,20,0,39 51,1,30,,38761,20,0,39 51,1,70,,38765,20,0,39 51,1,30,,38781,20,0,39 51,1,70,,38771,20,0,39 51,1,30,,38777,20,0,39 51,1,70,,38768,20,0,39 51,1,30,,38770,20,0,39 51,1,70,,38776,20,0,39 51,1,30,,38769,20,0,39 51,1,70,,38780,20,0,39 51,1,30,,38773,20,0,39 51,1,70,,38759,20,0,39 51,1,30,,38763,20,0,39 51,1,70,,38766,20,0,39 51,1,99,,38779,20,0,39 51,1,100,,38774,20,0,39 51,1,100,,38767,20,0,39 51,1,100,,38762,20,0,39 51,1
40401,'3',1910,,38787,20,0,39 51,1,99,,38785,20,0,39 51,1,100,,38784,20,0,39 51,1,100,,38788,20,0,39 51,1,100,,38786,20,0,39 51,1
40401,'6',1910,,38792,20,0,39 51,1,99,,38790,20,0,39 51,1,100,,38789,20,0,39 51,1,100,,38793,20,0,39 51,1,100,,38791,20,0,39 51,1
40401,'8',909,,38807,20,0,39 51,1,100,,38811,20,0,39 51,1,31,,38810,20,0,39 51,1,70,,38795,20,0,39 51,1,30,,38797,20,0,39 51,1,70,,38801,20,0,39 51,1,30,,38802,20,0,39 51,1,70,,38803,20,0,39 51,1,30,,38796,20,0,39 51,1,70,,38794,20,0,39 51,1,30,,38812,20,0,39 51,1,70,,38804,20,0,39 51,1,30,,38798,20,0,39 51,1,70,,38813,20,0,39 51,1,30,,38806,20,0,39 51,1,70,,38808,20,0,39 51,1,30,,38805,20,0,39 51,1,70,,38809,20,0,39 51,1,100,,38799,20,0,39 51,1,99,,38800,20,0,39 51,1
