30801,'11',649,,28068,35,0,64 38,1,70,,28067,35,0,64 38,1,30,,28064,35,0,64 38,1,70,,28059,35,0,64 38,1,30,,28060,35,0,64 38,1,70,,28069,35,0,64 38,1,30,,28073,35,0,64 38,1,70,,28076,35,0,64 38,1,30,,28063,35,0,64 38,1,70,,28065,35,0,64 38,1,30,,28077,35,0,64 38,1,70,,28074,35,0,64 38,1,30,,28062,35,0,64 38,1,70,,4764,35,0,64 38,1,30,,23742,35,0,64 38,1,70,,28061,35,0,64 38,1,40,,28075,35,0,64 38,1,70,,23354,35,0,64 38,1,30,,28066,35,0,64 38,1,70,,19547,35,0,64 38,1,30,,28072,35,0,64 38,1,70,,28071,35,0,64 38,1,30,,28070,35,0,64 38,1
30801,'3',649,,28087,35,0,64 38,1,70,,28086,35,0,64 38,1,30,,28083,35,0,64 38,1,70,,28078,35,0,64 38,1,30,,28079,35,0,64 38,1,70,,28088,35,0,64 38,1,30,,28092,35,0,64 38,1,70,,28095,35,0,64 38,1,30,,28082,35,0,64 38,1,70,,28084,35,0,64 38,1,30,,28096,35,0,64 38,1,70,,28093,35,0,64 38,1,30,,28081,35,0,64 38,1,70,,4788,35,0,64 38,1,30,,23765,35,0,64 38,1,70,,28080,35,0,64 38,1,40,,28094,35,0,64 38,1,70,,23392,35,0,64 38,1,30,,28085,35,0,64 38,1,70,,19586,35,0,64 38,1,30,,28091,35,0,64 38,1,70,,28090,35,0,64 38,1,30,,28089,35,0,64 38,1
33700,'1',719,,29420,29,,,1,30,,29421,29,,,1,70,,29422,29,,,1,30,,29433,29,,,1,70,,29426,29,,,1,30,,29405,29,,,1,70,,24694,29,,,1,30,,29414,29,,,1,70,,29432,29,,,1,30,,27193,29,,,1,70,,29400,29,,,1,30,,29431,29,,,1,70,,29410,29,,,1,30,,29440,29,,,1,70,,29428,29,,,1,30,,29408,29,,,1,70,,29402,29,,,1,30,,29399,29,,,1,70,,29413,29,,,1,30,,29429,29,,,1,70,,29430,29,,,1,30,,29439,29,,,1,70,,29411,29,,,1,30,,29441,29,,,1,70,,29435,29,,,1
33700,'11',649,,29459,29,,,1,70,,29485,29,,,1,30,,29471,29,,,1,70,,29456,29,,,1,30,,29444,29,,,1,70,,29466,29,,,1,30,,29476,29,,,1,70,,24144,29,,,1,30,,29470,29,,,1,70,,29457,29,,,1,30,,29455,29,,,1,70,,29447,29,,,1,30,,29443,29,,,1,70,,29452,29,,,1,30,,29469,29,,,1,70,,29446,29,,,1,30,,29477,29,,,1,70,,29453,29,,,1,30,,29475,29,,,1,70,,29451,29,,,1,30,,29479,29,,,1,70,,29478,29,,,1,30,,29473,29,,,1,70,,29468,29,,,1,30,,22778,29,,,1
33700,'12',1119,,29513,29,,,1,30,,29492,29,,,1,70,,29498,29,,,1,30,,29499,29,,,1,70,,29511,29,,,1,30,,29515,29,,,1,70,,25357,29,,,1,30,,29495,29,,,1,70,,29496,29,,,1,30,,29509,29,,,1,70,,29500,29,,,1,30,,29512,29,,,1,70,,29505,29,,,1,30,,29494,29,,,1,70,,29514,29,,,1
33700,'14',719,,29539,29,,,1,30,,29540,29,,,1,70,,29541,29,,,1,30,,29553,29,,,1,70,,29545,29,,,1,30,,29522,29,,,1,70,,29544,29,,,1,30,,29531,29,,,1,70,,29552,29,,,1,30,,29554,29,,,1,70,,29517,29,,,1,30,,29551,29,,,1,70,,29528,29,,,1,30,,29561,29,,,1,70,,29547,29,,,1,30,,29525,29,,,1,70,,29519,29,,,1,30,,29516,29,,,1,70,,20961,29,,,1,30,,29548,29,,,1,70,,29550,29,,,1,30,,29560,29,,,1,70,,29529,29,,,1,30,,29562,29,,,1,70,,29556,29,,,1
33700,'3',649,,29580,29,,,1,70,,29606,29,,,1,30,,29592,29,,,1,70,,29577,29,,,1,30,,29565,29,,,1,70,,29587,29,,,1,30,,29597,29,,,1,70,,24154,29,,,1,30,,29591,29,,,1,70,,29578,29,,,1,30,,29576,29,,,1,70,,29568,29,,,1,30,,29564,29,,,1,70,,29573,29,,,1,30,,29590,29,,,1,70,,29567,29,,,1,30,,29598,29,,,1,70,,29574,29,,,1,30,,29596,29,,,1,70,,29572,29,,,1,30,,29600,29,,,1,70,,29599,29,,,1,30,,29594,29,,,1,70,,29589,29,,,1,30,,22799,29,,,1
33700,'8',1149,,29612,29,,,1,70,,29609,29,,,1,30,,29616,29,,,1,70,,29632,29,,,1,30,,29614,29,,,1,70,,29608,29,,,1,30,,29610,29,,,1,70,,29633,29,,,1,30,,29631,29,,,1,70,,29619,29,,,1,30,,29621,29,,,1,70,,29627,29,,,1,30,,29628,29,,,1,70,,25161,29,,,1,30,,29615,29,,,1
40801,'1',703,,30863,35,0,64 38,1,31,,30861,35,0,64 38,1,70,,30873,35,0,64 38,1,30,,30854,35,0,64 38,1,70,,30853,35,0,64 38,1,30,,30855,35,0,64 38,1,70,,22382,35,0,64 38,1,30,,30859,35,0,64 38,1,70,,30864,35,0,64 38,1,30,,30851,35,0,64 38,1,70,,22390,35,0,64 38,1,30,,30865,35,0,64 38,1,70,,23596,35,0,64 38,1,30,,24133,35,0,64 38,1,70,,30871,35,0,64 38,1,30,,30869,35,0,64 38,1,70,,22327,35,0,64 38,1,30,,30872,35,0,64 38,1,70,,30870,35,0,64 38,1,30,,30862,35,0,64 38,1,70,,30852,35,0,64 38,1,30,,30860,35,0,64 38,1,70,,30858,35,0,64 38,1,30,,30867,35,0,64 38,1,99,,30866,35,0,64 38,1,100,,21675,35,0,64 38,1,100,,30857,35,0,64 38,1,100,,30868,35,0,64 38,1,100,,30856,35,0,64 38,1
40801,'11',1834,,30875,35,0,64 38,1,99,,30879,35,0,64 38,1,100,,30877,35,0,64 38,1,100,,30878,35,0,64 38,1,100,,30876,35,0,64 38,1,100,,30874,35,0,64 38,1
40801,'12',1134,,30881,35,0,64 38,1,100,,30883,35,0,64 38,1,100,,30884,35,0,64 38,1,100,,30885,35,0,64 38,1,100,,30886,35,0,64 38,1,100,,30880,35,0,64 38,1,100,,30882,35,0,64 38,1
40801,'14',703,,30903,35,0,64 38,1,31,,30901,35,0,64 38,1,70,,30913,35,0,64 38,1,30,,30889,35,0,64 38,1,70,,30888,35,0,64 38,1,30,,30890,35,0,64 38,1,70,,30891,35,0,64 38,1,30,,25113,35,0,64 38,1,70,,30904,35,0,64 38,1,30,,18980,35,0,64 38,1,70,,30898,35,0,64 38,1,30,,30905,35,0,64 38,1,70,,30899,35,0,64 38,1,30,,30893,35,0,64 38,1,70,,30911,35,0,64 38,1,30,,30909,35,0,64 38,1,70,,30900,35,0,64 38,1,30,,30912,35,0,64 38,1,70,,30910,35,0,64 38,1,30,,30902,35,0,64 38,1,70,,30887,35,0,64 38,1,30,,30896,35,0,64 38,1,70,,30895,35,0,64 38,1,30,,30907,35,0,64 38,1,99,,30906,35,0,64 38,1,100,,30897,35,0,64 38,1,100,,30894,35,0,64 38,1,100,,30908,35,0,64 38,1,100,,30892,35,0,64 38,1
40801,'3',1834,,30915,35,0,64 38,1,99,,30919,35,0,64 38,1,100,,30917,35,0,64 38,1,100,,30918,35,0,64 38,1,100,,30916,35,0,64 38,1,100,,30914,35,0,64 38,1
40801,'8',934,,30922,35,0,64 38,1,100,,30920,35,0,64 38,1,70,,30929,35,0,64 38,1,30,,30937,35,0,64 38,1,70,,30928,35,0,64 38,1,30,,30923,35,0,64 38,1,70,,30930,35,0,64 38,1,30,,30934,35,0,64 38,1,70,,30932,35,0,64 38,1,30,,30926,35,0,64 38,1,70,,30936,35,0,64 38,1,30,,30924,35,0,64 38,1,70,,30925,35,0,64 38,1,30,,30927,35,0,64 38,1,70,,30921,35,0,64 38,1,30,,30931,35,0,64 38,1,70,,30935,35,0,64 38,1,30,,30938,35,0,64 38,1,99,,30933,35,0,64 38,1
43700,'1',1935,,32644,21,,,1,100,,32648,21,,,1,100,,32651,21,,,1,100,,32645,21,,,1,100,,32650,21,,,1
43700,'11',1935,,32659,21,,,1,100,,32656,21,,,1,100,,32658,21,,,1,100,,32652,21,,,1,100,,32657,21,,,1
43700,'14',1935,,32663,21,,,1,100,,32667,21,,,1,100,,32670,21,,,1,100,,32664,21,,,1,100,,32669,21,,,1
43700,'3',1935,,32678,21,,,1,100,,32675,21,,,1,100,,32677,21,,,1,100,,32671,21,,,1,100,,32676,21,,,1
