31801,'12',613,,36057,24,0,45 50,1,30,,36068,24,0,45 50,1,71,,36059,24,0,45 50,1,30,,36064,24,0,45 50,1,70,,36069,24,0,45 50,1,30,,36076,24,0,45 50,1,70,,36071,24,0,45 50,1,30,,36058,24,0,45 50,1,71,,36078,24,0,45 50,1,30,,36075,24,0,45 50,1,70,,36062,24,0,45 50,1,30,,36060,24,0,45 50,1,70,,36067,24,0,45 50,1,30,,36077,24,0,45 50,1,70,,36065,24,0,45 50,1,30,,36074,24,0,45 50,1,68,,36066,24,0,45 50,1,30,,36070,24,0,45 50,1,70,,36063,24,0,45 50,1,30,,36072,24,0,45 50,1,70,,36073,24,0,45 50,1,30,,36061,24,0,45 50,1,70,,36053,24,0,45 50,1,30,,36056,24,0,45 50,1,70,,36055,24,0,45 50,1,30,,36054,24,0,45 50,1
31801,'13',613,,36083,24,0,45 50,1,30,,36092,24,0,45 50,1,71,,36085,24,0,45 50,1,30,,36089,24,0,45 50,1,70,,36093,24,0,45 50,1,30,,36099,24,0,45 50,1,70,,36095,24,0,45 50,1,30,,36084,24,0,45 50,1,71,,36101,24,0,45 50,1,30,,36098,24,0,45 50,1,70,,21825,24,0,45 50,1,30,,36086,24,0,45 50,1,70,,36091,24,0,45 50,1,30,,36100,24,0,45 50,1,70,,9655,24,0,45 50,1,30,,28819,24,0,45 50,1,68,,36090,24,0,45 50,1,30,,36094,24,0,45 50,1,70,,36088,24,0,45 50,1,30,,36096,24,0,45 50,1,70,,36097,24,0,45 50,1,30,,36087,24,0,45 50,1,70,,36079,24,0,45 50,1,30,,36082,24,0,45 50,1,70,,36081,24,0,45 50,1,30,,36080,24,0,45 50,1
31801,'3',613,,36106,24,0,45 50,1,30,,36115,24,0,45 50,1,71,,36108,24,0,45 50,1,30,,36112,24,0,45 50,1,70,,36116,24,0,45 50,1,30,,36122,24,0,45 50,1,70,,36118,24,0,45 50,1,30,,36107,24,0,45 50,1,71,,36124,24,0,45 50,1,30,,36121,24,0,45 50,1,70,,21848,24,0,45 50,1,30,,36109,24,0,45 50,1,70,,36114,24,0,45 50,1,30,,36123,24,0,45 50,1,70,,9697,24,0,45 50,1,30,,28842,24,0,45 50,1,68,,36113,24,0,45 50,1,30,,36117,24,0,45 50,1,70,,36111,24,0,45 50,1,30,,36119,24,0,45 50,1,70,,36120,24,0,45 50,1,30,,36110,24,0,45 50,1,70,,36102,24,0,45 50,1,30,,36105,24,0,45 50,1,70,,36104,24,0,45 50,1,30,,36103,24,0,45 50,1
31801,'6',613,,36129,24,0,45 50,1,30,,36140,24,0,45 50,1,71,,36131,24,0,45 50,1,30,,36136,24,0,45 50,1,70,,36141,24,0,45 50,1,30,,36148,24,0,45 50,1,70,,36143,24,0,45 50,1,30,,36130,24,0,45 50,1,71,,36150,24,0,45 50,1,30,,36147,24,0,45 50,1,70,,36134,24,0,45 50,1,30,,36132,24,0,45 50,1,70,,36139,24,0,45 50,1,30,,36149,24,0,45 50,1,70,,36137,24,0,45 50,1,30,,36146,24,0,45 50,1,68,,36138,24,0,45 50,1,30,,36142,24,0,45 50,1,70,,36135,24,0,45 50,1,30,,36144,24,0,45 50,1,70,,36145,24,0,45 50,1,30,,36133,24,0,45 50,1,70,,36125,24,0,45 50,1,30,,36128,24,0,45 50,1,70,,36127,24,0,45 50,1,30,,36126,24,0,45 50,1
41801,'1',629,,41138,24,0,45 50,1,30,,41133,24,0,45 50,1,70,,41141,24,0,45 50,1,30,,41144,24,0,45 50,1,70,,41131,24,0,45 50,1,30,,41145,24,0,45 50,1,70,,41140,24,0,45 50,1,30,,41132,24,0,45 50,1,71,,41154,24,0,45 50,1,70,,41136,24,0,45 50,1,30,,41137,24,0,45 50,1,70,,41155,24,0,45 50,1,30,,41148,24,0,45 50,1,70,,32507,24,0,45 50,1,30,,29113,24,0,45 50,1,70,,41146,24,0,45 50,1,30,,41142,24,0,45 50,1,70,,41143,24,0,45 50,1,30,,41151,24,0,45 50,1,70,,41150,24,0,45 50,1,30,,41147,24,0,45 50,1,70,,41153,24,0,45 50,1,30,,31460,24,0,45 50,1,70,,41135,24,0,45 50,1,30,,41152,24,0,45 50,1,70,,41134,24,0,45 50,1,59,,41139,24,0,45 50,1,100,,30259,24,0,45 50,1,100,,41149,24,0,45 50,1,100,,29424,24,0,45 50,1
41801,'11',629,,41165,24,0,45 50,1,30,,41159,24,0,45 50,1,70,,41168,24,0,45 50,1,30,,41171,24,0,45 50,1,70,,41157,24,0,45 50,1,30,,41173,24,0,45 50,1,70,,41167,24,0,45 50,1,30,,41158,24,0,45 50,1,71,,41184,24,0,45 50,1,70,,41162,24,0,45 50,1,30,,41163,24,0,45 50,1,70,,41185,24,0,45 50,1,30,,41176,24,0,45 50,1,70,,41172,24,0,45 50,1,30,,41164,24,0,45 50,1,70,,41174,24,0,45 50,1,30,,41169,24,0,45 50,1,70,,41170,24,0,45 50,1,30,,41180,24,0,45 50,1,70,,41179,24,0,45 50,1,30,,41175,24,0,45 50,1,70,,41182,24,0,45 50,1,30,,41156,24,0,45 50,1,70,,41161,24,0,45 50,1,30,,41181,24,0,45 50,1,70,,41160,24,0,45 50,1,59,,41166,24,0,45 50,1,100,,41183,24,0,45 50,1,100,,41178,24,0,45 50,1,100,,41177,24,0,45 50,1
41801,'12',1900,,41188,24,0,45 50,1,59,,41186,24,0,45 50,1,100,,41190,24,0,45 50,1,100,,41189,24,0,45 50,1,100,,41187,24,0,45 50,1
41801,'13',1900,,41193,24,0,45 50,1,59,,41191,24,0,45 50,1,100,,41195,24,0,45 50,1,100,,41194,24,0,45 50,1,100,,41192,24,0,45 50,1
41801,'14',1200,,41200,24,0,45 50,1,100,,41197,24,0,45 50,1,100,,41198,24,0,45 50,1,100,,41201,24,0,45 50,1,100,,41196,24,0,45 50,1,100,,41199,24,0,45 50,1,100,,41202,24,0,45 50,1
41801,'16',629,,41210,24,0,45 50,1,30,,41205,24,0,45 50,1,70,,41213,24,0,45 50,1,30,,41216,24,0,45 50,1,70,,41203,24,0,45 50,1,30,,41218,24,0,45 50,1,70,,41212,24,0,45 50,1,30,,41204,24,0,45 50,1,71,,41227,24,0,45 50,1,70,,41208,24,0,45 50,1,30,,41209,24,0,45 50,1,70,,41228,24,0,45 50,1,30,,41221,24,0,45 50,1,70,,41217,24,0,45 50,1,30,,29137,24,0,45 50,1,70,,41219,24,0,45 50,1,30,,41214,24,0,45 50,1,70,,41215,24,0,45 50,1,30,,41224,24,0,45 50,1,70,,41223,24,0,45 50,1,30,,41220,24,0,45 50,1,70,,41226,24,0,45 50,1,30,,31476,24,0,45 50,1,70,,41207,24,0,45 50,1,30,,41225,24,0,45 50,1,70,,41206,24,0,45 50,1,59,,41211,24,0,45 50,1,100,,30300,24,0,45 50,1,100,,41222,24,0,45 50,1,100,,29543,24,0,45 50,1
41801,'3',1900,,41231,24,0,45 50,1,59,,41229,24,0,45 50,1,100,,41233,24,0,45 50,1,100,,41232,24,0,45 50,1,100,,41230,24,0,45 50,1
41801,'6',1900,,41236,24,0,45 50,1,59,,41234,24,0,45 50,1,100,,41238,24,0,45 50,1,100,,41237,24,0,45 50,1,100,,41235,24,0,45 50,1
41801,'8',859,,41247,24,0,45 50,1,100,,41243,24,0,45 50,1,141,,41246,24,0,45 50,1,30,,41239,24,0,45 50,1,70,,41254,24,0,45 50,1,30,,41248,24,0,45 50,1,70,,41257,24,0,45 50,1,30,,41242,24,0,45 50,1,70,,41253,24,0,45 50,1,30,,41252,24,0,45 50,1,70,,41240,24,0,45 50,1,30,,41241,24,0,45 50,1,70,,41255,24,0,45 50,1,30,,41256,24,0,45 50,1,70,,41245,24,0,45 50,1,30,,41258,24,0,45 50,1,70,,41249,24,0,45 50,1,30,,41250,24,0,45 50,1,70,,41244,24,0,45 50,1,59,,41251,24,0,45 50,1
