31700,'15',629,,13335,28,0,63,1,30,,13324,28,0,63,1,70,,13332,28,0,63,1,30,,13319,28,0,63,1,70,,13317,28,0,63,1,30,,13331,28,0,63,1,70,,13314,28,0,63,1,30,,13326,28,0,63,1,70,,13322,28,0,63,1,30,,13313,28,0,63,1,70,,13334,28,0,63,1,30,,13328,28,0,63,1,70,,13321,28,0,63,1,30,,13336,28,0,63,1,70,,13333,28,0,63,1,30,,13320,28,0,63,1,70,,13325,28,0,63,1,30,,13330,28,0,63,1,70,,13327,28,0,63,1,30,,13316,28,0,63,1,70,,13318,28,0,63,1,30,,13315,28,0,63,1,70,,13323,28,0,63,1,30,,13329,28,0,63,1
31700,'16',629,,13354,28,0,63,1,30,,13345,28,0,63,1,70,,13351,28,0,63,1,30,,13342,28,0,63,1,70,,13340,28,0,63,1,30,,13350,28,0,63,1,70,,13337,28,0,63,1,30,,13346,28,0,63,1,70,,2450,28,0,63,1,30,,4510,28,0,63,1,70,,13353,28,0,63,1,30,,13348,28,0,63,1,70,,13344,28,0,63,1,30,,13355,28,0,63,1,70,,13352,28,0,63,1,30,,13343,28,0,63,1,70,,2920,28,0,63,1,30,,621,28,0,63,1,70,,13347,28,0,63,1,30,,13339,28,0,63,1,70,,13341,28,0,63,1,30,,13338,28,0,63,1,70,,2535,28,0,63,1,30,,13349,28,0,63,1
31700,'17',629,,13372,28,0,63,1,30,,13364,28,0,63,1,70,,13369,28,0,63,1,30,,13361,28,0,63,1,70,,13359,28,0,63,1,30,,13368,28,0,63,1,70,,13356,28,0,63,1,30,,13365,28,0,63,1,70,,2473,28,0,63,1,30,,4520,28,0,63,1,70,,13371,28,0,63,1,30,,4471,28,0,63,1,70,,13363,28,0,63,1,30,,13373,28,0,63,1,70,,13370,28,0,63,1,30,,13362,28,0,63,1,70,,2988,28,0,63,1,30,,645,28,0,63,1,70,,13366,28,0,63,1,30,,13358,28,0,63,1,70,,13360,28,0,63,1,30,,13357,28,0,63,1,70,,2553,28,0,63,1,30,,13367,28,0,63,1
31700,'19',629,,13396,28,0,63,1,30,,13385,28,0,63,1,70,,13393,28,0,63,1,30,,13380,28,0,63,1,70,,13378,28,0,63,1,30,,13392,28,0,63,1,70,,13375,28,0,63,1,30,,13387,28,0,63,1,70,,13383,28,0,63,1,30,,13374,28,0,63,1,70,,13395,28,0,63,1,30,,13389,28,0,63,1,70,,13382,28,0,63,1,30,,13397,28,0,63,1,70,,13394,28,0,63,1,30,,13381,28,0,63,1,70,,13386,28,0,63,1,30,,13391,28,0,63,1,70,,13388,28,0,63,1,30,,13377,28,0,63,1,70,,13379,28,0,63,1,30,,13376,28,0,63,1,70,,13384,28,0,63,1,30,,13390,28,0,63,1
31700,'5',629,,13414,28,0,63,1,30,,13405,28,0,63,1,70,,13411,28,0,63,1,30,,13403,28,0,63,1,70,,13401,28,0,63,1,30,,13410,28,0,63,1,70,,13398,28,0,63,1,30,,13406,28,0,63,1,70,,2496,28,0,63,1,30,,4545,28,0,63,1,70,,13413,28,0,63,1,30,,13408,28,0,63,1,70,,13404,28,0,63,1,30,,13415,28,0,63,1,70,,13412,28,0,63,1,30,,4206,28,0,63,1,70,,3060,28,0,63,1,30,,669,28,0,63,1,70,,13407,28,0,63,1,30,,13400,28,0,63,1,70,,13402,28,0,63,1,30,,13399,28,0,63,1,70,,2571,28,0,63,1,30,,13409,28,0,63,1
31700,'6',629,,13438,28,0,63,1,30,,13427,28,0,63,1,70,,13435,28,0,63,1,30,,13422,28,0,63,1,70,,13420,28,0,63,1,30,,13434,28,0,63,1,70,,13417,28,0,63,1,30,,13429,28,0,63,1,70,,13425,28,0,63,1,30,,13416,28,0,63,1,70,,13437,28,0,63,1,30,,13431,28,0,63,1,70,,13424,28,0,63,1,30,,13439,28,0,63,1,70,,13436,28,0,63,1,30,,13423,28,0,63,1,70,,13428,28,0,63,1,30,,13433,28,0,63,1,70,,13430,28,0,63,1,30,,13419,28,0,63,1,70,,13421,28,0,63,1,30,,13418,28,0,63,1,70,,13426,28,0,63,1,30,,13432,28,0,63,1
41700,'1',1127,,19365,28,0,67,1,100,,19369,28,0,67,1,100,,19367,28,0,67,1,100,,19371,28,0,67,1,100,,19370,28,0,67,1,100,,19366,28,0,67,1,100,,19368,28,0,67,1
41700,'10',627,,19385,28,0,67,1,30,,19397,28,0,67,1,70,,19398,28,0,67,1,30,,19391,28,0,67,1,70,,19395,28,0,67,1,30,,19375,28,0,67,1,70,,19396,28,0,67,1,30,,19394,28,0,67,1,70,,19374,28,0,67,1,30,,19389,28,0,67,1,70,,19376,28,0,67,1,30,,19381,28,0,67,1,70,,19380,28,0,67,1,30,,19373,28,0,67,1,70,,19388,28,0,67,1,30,,19378,28,0,67,1,70,,19382,28,0,67,1,30,,19377,28,0,67,1,70,,19379,28,0,67,1,30,,19400,28,0,67,1,70,,19401,28,0,67,1,30,,19383,28,0,67,1,70,,19386,28,0,67,1,30,,19372,28,0,67,1,70,,19393,28,0,67,1,100,,19384,28,0,67,1,100,,19387,28,0,67,1,100,,19399,28,0,67,1,100,,19390,28,0,67,1,100,,19392,28,0,67,1
41700,'12',927,,19404,28,0,67,1,100,,19413,28,0,67,1,30,,19416,28,0,67,1,70,,19405,28,0,67,1,30,,19407,28,0,67,1,70,,19403,28,0,67,1,30,,19412,28,0,67,1,70,,19406,28,0,67,1,30,,19402,28,0,67,1,70,,19410,28,0,67,1,30,,19418,28,0,67,1,70,,19417,28,0,67,1,30,,19414,28,0,67,1,70,,19419,28,0,67,1,30,,19409,28,0,67,1,70,,19411,28,0,67,1,30,,8620,28,0,67,1,70,,19408,28,0,67,1,100,,19415,28,0,67,1
41700,'15',1827,,19423,28,0,67,1,100,,19424,28,0,67,1,100,,19422,28,0,67,1,100,,19425,28,0,67,1,100,,19421,28,0,67,1,100,,19420,28,0,67,1
41700,'16',1827,,19428,28,0,67,1,100,,19429,28,0,67,1,100,,19427,28,0,67,1,100,,19430,28,0,67,1,100,,19426,28,0,67,1,100,,8450,28,0,67,1
41700,'17',1827,,19433,28,0,67,1,100,,19434,28,0,67,1,100,,19432,28,0,67,1,100,,19435,28,0,67,1,100,,19431,28,0,67,1,100,,8455,28,0,67,1
41700,'19',1827,,19439,28,0,67,1,100,,19440,28,0,67,1,100,,19438,28,0,67,1,100,,19441,28,0,67,1,100,,19437,28,0,67,1,100,,19436,28,0,67,1
41700,'21',627,,19452,28,0,67,1,30,,19463,28,0,67,1,70,,19464,28,0,67,1,30,,19457,28,0,67,1,70,,19461,28,0,67,1,30,,19444,28,0,67,1,70,,19462,28,0,67,1,30,,19460,28,0,67,1,70,,19443,28,0,67,1,30,,19455,28,0,67,1,70,,19445,28,0,67,1,30,,19449,28,0,67,1,70,,19448,28,0,67,1,30,,19442,28,0,67,1,70,,19454,28,0,67,1,30,,19446,28,0,67,1,70,,19450,28,0,67,1,30,,5873,28,0,67,1,70,,19447,28,0,67,1,30,,19466,28,0,67,1,70,,19467,28,0,67,1,30,,7268,28,0,67,1,70,,6407,28,0,67,1,30,,6801,28,0,67,1,70,,19459,28,0,67,1,100,,19451,28,0,67,1,100,,19453,28,0,67,1,100,,19465,28,0,67,1,100,,19456,28,0,67,1,100,,19458,28,0,67,1
41700,'5',1827,,19470,28,0,67,1,100,,19471,28,0,67,1,100,,19469,28,0,67,1,100,,19472,28,0,67,1,100,,19468,28,0,67,1,100,,8460,28,0,67,1
41700,'6',1827,,19476,28,0,67,1,100,,19477,28,0,67,1,100,,19475,28,0,67,1,100,,19478,28,0,67,1,100,,19474,28,0,67,1,100,,19473,28,0,67,1
