32300,'1',728,,4153,10,4,,1,100,,4155,10,4,,1,100,,4161,10,4,,1,100,,4163,10,4,,1,100,,4154,10,4,,1,100,,4156,10,4,,1,100,,4159,10,4,,1,100,,4160,10,4,,1,100,,4162,10,4,,1,100,,4157,10,4,,1,100,,4158,10,4,,1
32300,'10',728,,4164,10,4,,1,100,,4166,10,4,,1,100,,4172,10,4,,1,100,,4174,10,4,,1,100,,4165,10,4,,1,100,,4167,10,4,,1,100,,4170,10,4,,1,100,,4171,10,4,,1,100,,4173,10,4,,1,100,,4168,10,4,,1,100,,4169,10,4,,1
32300,'11',728,,4176,10,4,,1,30,,4187,10,4,,1,70,,4179,10,4,,1,30,,4194,10,4,,1,70,,4191,10,4,,1,30,,4175,10,4,,1,70,,4193,10,4,,1,30,,4185,10,4,,1,70,,4178,10,4,,1,30,,4183,10,4,,1,70,,4180,10,4,,1,30,,4184,10,4,,1,70,,4188,10,4,,1,30,,4177,10,4,,1,70,,4190,10,4,,1,30,,4189,10,4,,1,70,,4192,10,4,,1,30,,4195,10,4,,1,70,,4181,10,4,,1,30,,4182,10,4,,1,70,,4186,10,4,,1,30,,4196,10,4,,1
32300,'3',728,,4200,10,4,,1,30,,4198,10,4,,1,70,,4202,10,4,,1,30,,4203,10,4,,1,70,,4213,10,4,,1,30,,4217,10,4,,1,70,,4216,10,4,,1,30,,4218,10,4,,1,70,,4201,10,4,,1,30,,4207,10,4,,1,70,,4204,10,4,,1,30,,4206,10,4,,1,70,,4211,10,4,,1,30,,4210,10,4,,1,70,,4212,10,4,,1,30,,4214,10,4,,1,70,,4215,10,4,,1,30,,4199,10,4,,1,70,,4205,10,4,,1,30,,4208,10,4,,1,70,,4209,10,4,,1,30,,4197,10,4,,1
32301,'1',659,,4226,1,0,20 30 31,1,70,,4224,1,0,20 30 31,1,100,,4228,1,0,20 30 31,1,100,,4222,1,0,20 30 31,1,100,,4220,1,0,20 30 31,1,100,,4221,1,0,20 30 31,1,100,,4225,1,0,20 30 31,1,100,,4229,1,0,20 30 31,1,100,,4230,1,0,20 30 31,1,100,,4219,1,0,20 30 31,1,100,,4227,1,0,20 30 31,1,100,,4223,1,0,20 30 31,1
32301,'10',659,,4238,1,0,20 30 31,1,70,,4236,1,0,20 30 31,1,100,,4240,1,0,20 30 31,1,100,,4234,1,0,20 30 31,1,100,,4232,1,0,20 30 31,1,100,,4233,1,0,20 30 31,1,100,,4237,1,0,20 30 31,1,100,,4241,1,0,20 30 31,1,100,,4242,1,0,20 30 31,1,100,,4231,1,0,20 30 31,1,100,,4239,1,0,20 30 31,1,100,,4235,1,0,20 30 31,1
32301,'11',659,,4260,1,0,20 30 31,1,70,,4256,1,0,20 30 31,1,30,,4254,1,0,20 30 31,1,70,,4262,1,0,20 30 31,1,30,,4250,1,0,20 30 31,1,70,,4252,1,0,20 30 31,1,30,,4265,1,0,20 30 31,1,70,,4247,1,0,20 30 31,1,30,,4257,1,0,20 30 31,1,70,,4251,1,0,20 30 31,1,30,,4259,1,0,20 30 31,1,70,,4258,1,0,20 30 31,1,30,,4248,1,0,20 30 31,1,70,,4263,1,0,20 30 31,1,30,,4246,1,0,20 30 31,1,70,,4264,1,0,20 30 31,1,30,,4245,1,0,20 30 31,1,70,,4243,1,0,20 30 31,1,30,,4244,1,0,20 30 31,1,70,,4261,1,0,20 30 31,1,30,,4255,1,0,20 30 31,1,70,,4253,1,0,20 30 31,1,30,,4249,1,0,20 30 31,1
32301,'3',659,,4280,1,0,20 30 31,1,70,,4276,1,0,20 30 31,1,30,,4277,1,0,20 30 31,1,70,,4283,1,0,20 30 31,1,30,,4269,1,0,20 30 31,1,70,,4274,1,0,20 30 31,1,30,,4288,1,0,20 30 31,1,70,,4271,1,0,20 30 31,1,30,,4270,1,0,20 30 31,1,70,,4273,1,0,20 30 31,1,30,,4286,1,0,20 30 31,1,70,,4279,1,0,20 30 31,1,30,,4267,1,0,20 30 31,1,70,,4284,1,0,20 30 31,1,30,,4287,1,0,20 30 31,1,70,,4285,1,0,20 30 31,1,30,,4278,1,0,20 30 31,1,70,,4268,1,0,20 30 31,1,30,,4266,1,0,20 30 31,1,70,,4281,1,0,20 30 31,1,30,,4282,1,0,20 30 31,1,70,,4275,1,0,20 30 31,1,30,,4272,1,0,20 30 31,1
42300,'1',1829,,8254,10,4,,1,99,,8253,10,4,,1,100,,8256,10,4,,1,100,,8252,10,4,,1,100,,8257,10,4,,1,100,,8255,10,4,,1
42300,'10',1829,,8260,10,4,,1,99,,8259,10,4,,1,100,,8262,10,4,,1,100,,8258,10,4,,1,100,,8263,10,4,,1,100,,8261,10,4,,1
42300,'11',1829,,8266,10,4,,1,99,,8265,10,4,,1,100,,8268,10,4,,1,100,,8264,10,4,,1,100,,8269,10,4,,1,100,,8267,10,4,,1
42300,'3',1829,,8272,10,4,,1,30,,8280,10,4,,1,69,,8271,10,4,,1,30,,8279,10,4,,1,70,,8275,10,4,,1,30,,8274,10,4,,1,70,,8270,10,4,,1,30,,8276,10,4,,1,70,,8278,10,4,,1,30,,8277,10,4,,1,70,,8273,10,4,,1
42301,'1',1830,,8281,1,0,20 30 31,1,99,,8284,1,0,20 30 31,1,100,,8286,1,0,20 30 31,1,100,,8285,1,0,20 30 31,1,100,,8282,1,0,20 30 31,1,100,,8283,1,0,20 30 31,1
42301,'10',1830,,8287,1,0,20 30 31,1,99,,8290,1,0,20 30 31,1,100,,8292,1,0,20 30 31,1,100,,8291,1,0,20 30 31,1,100,,8288,1,0,20 30 31,1,100,,8289,1,0,20 30 31,1
42301,'11',1830,,8293,1,0,20 30 31,1,99,,8296,1,0,20 30 31,1,100,,8298,1,0,20 30 31,1,100,,8297,1,0,20 30 31,1,100,,8294,1,0,20 30 31,1,100,,8295,1,0,20 30 31,1
42301,'3',1830,,8300,1,0,20 30 31,1,70,,8299,1,0,20 30 31,1,29,,8306,1,0,20 30 31,1,30,,8304,1,0,20 30 31,1,70,,8309,1,0,20 30 31,1,30,,8305,1,0,20 30 31,1,70,,8307,1,0,20 30 31,1,30,,8303,1,0,20 30 31,1,70,,8301,1,0,20 30 31,1,30,,8308,1,0,20 30 31,1,70,,8302,1,0,20 30 31,1
