30301,'1',630,,694,8,0,32 33,1,70,,696,8,0,32 33,1,30,,673,8,0,32 33,1,70,,687,8,0,32 33,1,30,,691,8,0,32 33,1,70,,686,8,0,32 33,1,30,,685,8,0,32 33,1,70,,676,8,0,32 33,1,30,,682,8,0,32 33,1,70,,683,8,0,32 33,1,30,,692,8,0,32 33,1,70,,678,8,0,32 33,1,30,,681,8,0,32 33,1,70,,693,8,0,32 33,1,30,,689,8,0,32 33,1,70,,677,8,0,32 33,1,31,,695,8,0,32 33,1,70,,675,8,0,32 33,1,30,,690,8,0,32 33,1,70,,684,8,0,32 33,1,30,,679,8,0,32 33,1,70,,674,8,0,32 33,1,30,,688,8,0,32 33,1,70,,680,8,0,32 33,1
30301,'10',630,,718,8,0,32 33,1,70,,720,8,0,32 33,1,30,,697,8,0,32 33,1,70,,711,8,0,32 33,1,30,,715,8,0,32 33,1,70,,710,8,0,32 33,1,30,,709,8,0,32 33,1,70,,700,8,0,32 33,1,30,,706,8,0,32 33,1,70,,707,8,0,32 33,1,30,,716,8,0,32 33,1,70,,702,8,0,32 33,1,30,,705,8,0,32 33,1,70,,717,8,0,32 33,1,30,,713,8,0,32 33,1,70,,701,8,0,32 33,1,31,,719,8,0,32 33,1,70,,699,8,0,32 33,1,30,,714,8,0,32 33,1,70,,708,8,0,32 33,1,30,,703,8,0,32 33,1,70,,698,8,0,32 33,1,30,,712,8,0,32 33,1,70,,704,8,0,32 33,1
30301,'11',630,,742,8,0,32 33,1,70,,744,8,0,32 33,1,30,,721,8,0,32 33,1,70,,735,8,0,32 33,1,30,,739,8,0,32 33,1,70,,734,8,0,32 33,1,30,,732,8,0,32 33,1,70,,724,8,0,32 33,1,30,,730,8,0,32 33,1,70,,733,8,0,32 33,1,30,,740,8,0,32 33,1,70,,726,8,0,32 33,1,30,,729,8,0,32 33,1,70,,741,8,0,32 33,1,30,,737,8,0,32 33,1,70,,725,8,0,32 33,1,31,,743,8,0,32 33,1,70,,723,8,0,32 33,1,30,,738,8,0,32 33,1,70,,731,8,0,32 33,1,30,,727,8,0,32 33,1,70,,722,8,0,32 33,1,30,,736,8,0,32 33,1,70,,728,8,0,32 33,1
30301,'3',630,,766,8,0,32 33,1,70,,768,8,0,32 33,1,30,,745,8,0,32 33,1,70,,759,8,0,32 33,1,30,,763,8,0,32 33,1,70,,758,8,0,32 33,1,30,,756,8,0,32 33,1,70,,748,8,0,32 33,1,30,,754,8,0,32 33,1,70,,757,8,0,32 33,1,30,,764,8,0,32 33,1,70,,750,8,0,32 33,1,30,,753,8,0,32 33,1,70,,765,8,0,32 33,1,30,,761,8,0,32 33,1,70,,749,8,0,32 33,1,31,,767,8,0,32 33,1,70,,747,8,0,32 33,1,30,,762,8,0,32 33,1,70,,755,8,0,32 33,1,30,,751,8,0,32 33,1,70,,746,8,0,32 33,1,30,,760,8,0,32 33,1,70,,752,8,0,32 33,1
41500,'1',1820,,7232,14,0,20 14 21 18,1,100,,7236,14,0,20 14 21 18,1,100,,7231,14,0,20 14 21 18,1,100,,7235,14,0,20 14 21 18,1,100,,7234,14,0,20 14 21 18,1,100,,7233,14,0,20 14 21 18,1
41500,'10',1820,,7238,14,0,20 14 21 18,1,100,,7242,14,0,20 14 21 18,1,100,,7237,14,0,20 14 21 18,1,100,,7241,14,0,20 14 21 18,1,100,,7240,14,0,20 14 21 18,1,100,,7239,14,0,20 14 21 18,1
41500,'11',1820,,7244,14,0,20 14 21 18,1,100,,7248,14,0,20 14 21 18,1,100,,7243,14,0,20 14 21 18,1,100,,7247,14,0,20 14 21 18,1,100,,7246,14,0,20 14 21 18,1,100,,7245,14,0,20 14 21 18,1
41500,'12',1120,,7252,14,0,20 14 21 18,1,100,,7254,14,0,20 14 21 18,1,100,,7255,14,0,20 14 21 18,1,100,,7249,14,0,20 14 21 18,1,100,,7250,14,0,20 14 21 18,1,100,,7251,14,0,20 14 21 18,1,100,,7253,14,0,20 14 21 18,1
41500,'14',650,,7271,14,0,20 14 21 18,1,70,,7272,14,0,20 14 21 18,1,30,,7274,14,0,20 14 21 18,1,70,,7258,14,0,20 14 21 18,1,30,,7266,14,0,20 14 21 18,1,70,,7269,14,0,20 14 21 18,1,30,,7280,14,0,20 14 21 18,1,70,,7283,14,0,20 14 21 18,1,30,,7273,14,0,20 14 21 18,1,70,,7257,14,0,20 14 21 18,1,30,,7265,14,0,20 14 21 18,1,70,,7260,14,0,20 14 21 18,1,30,,7275,14,0,20 14 21 18,1,70,,7279,14,0,20 14 21 18,1,30,,7270,14,0,20 14 21 18,1,70,,7277,14,0,20 14 21 18,1,30,,7267,14,0,20 14 21 18,1,70,,7262,14,0,20 14 21 18,1,30,,7256,14,0,20 14 21 18,1,70,,7284,14,0,20 14 21 18,1,30,,7261,14,0,20 14 21 18,1,70,,7263,14,0,20 14 21 18,1,30,,7276,14,0,20 14 21 18,1,70,,7268,14,0,20 14 21 18,1,100,,7259,14,0,20 14 21 18,1,100,,7282,14,0,20 14 21 18,1,100,,7278,14,0,20 14 21 18,1,100,,7281,14,0,20 14 21 18,1,100,,7264,14,0,20 14 21 18,1
41500,'3',1820,,7286,14,0,20 14 21 18,1,100,,7290,14,0,20 14 21 18,1,100,,7285,14,0,20 14 21 18,1,100,,7289,14,0,20 14 21 18,1,100,,7288,14,0,20 14 21 18,1,100,,7287,14,0,20 14 21 18,1
41500,'7',920,,7308,14,0,20 14 21 18,1,100,,7307,14,0,20 14 21 18,1,30,,7294,14,0,20 14 21 18,1,70,,7303,14,0,20 14 21 18,1,30,,7306,14,0,20 14 21 18,1,70,,7305,14,0,20 14 21 18,1,30,,7297,14,0,20 14 21 18,1,70,,7302,14,0,20 14 21 18,1,30,,7301,14,0,20 14 21 18,1,70,,7295,14,0,20 14 21 18,1,30,,7300,14,0,20 14 21 18,1,70,,7298,14,0,20 14 21 18,1,30,,7299,14,0,20 14 21 18,1,70,,7309,14,0,20 14 21 18,1,30,,7296,14,0,20 14 21 18,1,70,,7292,14,0,20 14 21 18,1,30,,7291,14,0,20 14 21 18,1,70,,7293,14,0,20 14 21 18,1,100,,7304,14,0,20 14 21 18,1
41501,'1',1817,,7315,33,0,20 14 34,1,30,,7316,33,0,20 14 34,1,83,,7310,33,0,20 14 34,1,100,,7312,33,0,20 14 34,1,100,,7313,33,0,20 14 34,1,100,,7311,33,0,20 14 34,1,100,,7314,33,0,20 14 34,1
41501,'10',1817,,7322,33,0,20 14 34,1,30,,7323,33,0,20 14 34,1,83,,7317,33,0,20 14 34,1,100,,7319,33,0,20 14 34,1,100,,7320,33,0,20 14 34,1,100,,7318,33,0,20 14 34,1,100,,7321,33,0,20 14 34,1
41501,'11',1817,,7330,33,0,20 14 34,1,30,,7328,33,0,20 14 34,1,83,,7324,33,0,20 14 34,1,100,,7326,33,0,20 14 34,1,100,,7327,33,0,20 14 34,1,100,,7325,33,0,20 14 34,1,100,,7329,33,0,20 14 34,1
41501,'12',1131,,7331,33,0,20 14 34,1,100,,7335,33,0,20 14 34,1,100,,7333,33,0,20 14 34,1,101,,7336,33,0,20 14 34,1,100,,7334,33,0,20 14 34,1,100,,7337,33,0,20 14 34,1,100,,7332,33,0,20 14 34,1
41501,'14',700,,7362,33,0,20 14 34,1,30,,7356,33,0,20 14 34,1,70,,7345,33,0,20 14 34,1,30,,7349,33,0,20 14 34,1,70,,7359,33,0,20 14 34,1,30,,7363,33,0,20 14 34,1,70,,7357,33,0,20 14 34,1,31,,7361,33,0,20 14 34,1,70,,7343,33,0,20 14 34,1,30,,7366,33,0,20 14 34,1,70,,7340,33,0,20 14 34,1,30,,7355,33,0,20 14 34,1,70,,7353,33,0,20 14 34,1,30,,7341,33,0,20 14 34,1,70,,7352,33,0,20 14 34,1,31,,7348,33,0,20 14 34,1,70,,7365,33,0,20 14 34,1,30,,7339,33,0,20 14 34,1,70,,7350,33,0,20 14 34,1,30,,7358,33,0,20 14 34,1,70,,7346,33,0,20 14 34,1,30,,7344,33,0,20 14 34,1,70,,7364,33,0,20 14 34,1,30,,7360,33,0,20 14 34,1,98,,7342,33,0,20 14 34,1,100,,7347,33,0,20 14 34,1,100,,7338,33,0,20 14 34,1,100,,7351,33,0,20 14 34,1,100,,7354,33,0,20 14 34,1
41501,'3',1817,,7373,33,0,20 14 34,1,30,,7371,33,0,20 14 34,1,83,,7367,33,0,20 14 34,1,100,,7369,33,0,20 14 34,1,100,,7370,33,0,20 14 34,1,100,,7368,33,0,20 14 34,1,100,,7372,33,0,20 14 34,1
41501,'7',930,,7385,33,0,20 14 34,1,101,,7380,33,0,20 14 34,1,70,,7392,33,0,20 14 34,1,30,,7386,33,0,20 14 34,1,70,,7389,33,0,20 14 34,1,30,,7377,33,0,20 14 34,1,70,,7378,33,0,20 14 34,1,30,,7391,33,0,20 14 34,1,70,,7375,33,0,20 14 34,1,31,,7376,33,0,20 14 34,1,70,,7374,33,0,20 14 34,1,30,,7387,33,0,20 14 34,1,70,,7388,33,0,20 14 34,1,30,,7381,33,0,20 14 34,1,70,,7384,33,0,20 14 34,1,30,,7383,33,0,20 14 34,1,70,,7382,33,0,20 14 34,1,30,,7379,33,0,20 14 34,1,98,,7390,33,0,20 14 34,1
