31701,'12',620,,35896,20,0,62,1,30,,35885,20,0,62,1,70,,35883,20,0,62,1,30,,35876,20,0,62,1,70,,35880,20,0,62,1,30,,35886,20,0,62,1,70,,35888,20,0,62,1,30,,35873,20,0,62,1,71,,35894,20,0,62,1,30,,35877,20,0,62,1,70,,35878,20,0,62,1,30,,35892,20,0,62,1,70,,35895,20,0,62,1,30,,35889,20,0,62,1,70,,35891,20,0,62,1,30,,35884,20,0,62,1,70,,35882,20,0,62,1,30,,35879,20,0,62,1,70,,35893,20,0,62,1,30,,35890,20,0,62,1,70,,35875,20,0,62,1,30,,35887,20,0,62,1,70,,35874,20,0,62,1,30,,35881,20,0,62,1
31701,'13',620,,35918,20,0,62,1,30,,22658,20,0,62,1,70,,35906,20,0,62,1,30,,35899,20,0,62,1,70,,35903,20,0,62,1,30,,35908,20,0,62,1,70,,35910,20,0,62,1,30,,35897,20,0,62,1,71,,35916,20,0,62,1,30,,35900,20,0,62,1,70,,35901,20,0,62,1,30,,35914,20,0,62,1,70,,35917,20,0,62,1,30,,35911,20,0,62,1,70,,35913,20,0,62,1,30,,35907,20,0,62,1,70,,35905,20,0,62,1,30,,35902,20,0,62,1,70,,35915,20,0,62,1,30,,35912,20,0,62,1,70,,27975,20,0,62,1,30,,35909,20,0,62,1,70,,35898,20,0,62,1,30,,35904,20,0,62,1
31701,'3',620,,35940,20,0,62,1,30,,22678,20,0,62,1,70,,35928,20,0,62,1,30,,35921,20,0,62,1,70,,35925,20,0,62,1,30,,35930,20,0,62,1,70,,35932,20,0,62,1,30,,35919,20,0,62,1,71,,35938,20,0,62,1,30,,35922,20,0,62,1,70,,35923,20,0,62,1,30,,35936,20,0,62,1,70,,35939,20,0,62,1,30,,35933,20,0,62,1,70,,35935,20,0,62,1,30,,35929,20,0,62,1,70,,35927,20,0,62,1,30,,35924,20,0,62,1,70,,35937,20,0,62,1,30,,35934,20,0,62,1,70,,27998,20,0,62,1,30,,35931,20,0,62,1,70,,35920,20,0,62,1,30,,35926,20,0,62,1
31701,'6',620,,35964,20,0,62,1,30,,35953,20,0,62,1,70,,35951,20,0,62,1,30,,35944,20,0,62,1,70,,35948,20,0,62,1,30,,35954,20,0,62,1,70,,35956,20,0,62,1,30,,35941,20,0,62,1,71,,35962,20,0,62,1,30,,35945,20,0,62,1,70,,35946,20,0,62,1,30,,35960,20,0,62,1,70,,35963,20,0,62,1,30,,35957,20,0,62,1,70,,35959,20,0,62,1,30,,35952,20,0,62,1,70,,35950,20,0,62,1,30,,35947,20,0,62,1,70,,35961,20,0,62,1,30,,35958,20,0,62,1,70,,35943,20,0,62,1,30,,35955,20,0,62,1,70,,35942,20,0,62,1,30,,35949,20,0,62,1
41701,'1',624,,40905,14,0,62,1,30,,40894,14,0,62,1,70,,30080,14,0,62,1,30,,32586,14,0,62,1,70,,40904,14,0,62,1,30,,30610,14,0,62,1,70,,40885,14,0,62,1,30,,40902,14,0,62,1,71,,31345,14,0,62,1,30,,40901,14,0,62,1,70,,29900,14,0,62,1,30,,31670,14,0,62,1,70,,40895,14,0,62,1,30,,40889,14,0,62,1,70,,40899,14,0,62,1,30,,40891,14,0,62,1,70,,40900,14,0,62,1,30,,40893,14,0,62,1,70,,29109,14,0,62,1,30,,32248,14,0,62,1,70,,40897,14,0,62,1,30,,40898,14,0,62,1,70,,40887,14,0,62,1,30,,40903,14,0,62,1,70,,21426,14,0,62,1,99,,40892,14,0,62,1,100,,40888,14,0,62,1,100,,40886,14,0,62,1,100,,40896,14,0,62,1,100,,40890,14,0,62,1
41701,'11',624,,40935,14,0,62,1,30,,40918,14,0,62,1,70,,40927,14,0,62,1,30,,40923,14,0,62,1,70,,40934,14,0,62,1,30,,40933,14,0,62,1,70,,40908,14,0,62,1,30,,40931,14,0,62,1,71,,40924,14,0,62,1,30,,40930,14,0,62,1,70,,40929,14,0,62,1,30,,40910,14,0,62,1,70,,40919,14,0,62,1,30,,40913,14,0,62,1,70,,40926,14,0,62,1,30,,40915,14,0,62,1,70,,40928,14,0,62,1,30,,40917,14,0,62,1,70,,40907,14,0,62,1,30,,40906,14,0,62,1,70,,40922,14,0,62,1,30,,40925,14,0,62,1,70,,40911,14,0,62,1,30,,40932,14,0,62,1,70,,40921,14,0,62,1,99,,40916,14,0,62,1,100,,40912,14,0,62,1,100,,40909,14,0,62,1,100,,40920,14,0,62,1,100,,40914,14,0,62,1
41701,'12',1825,,40936,14,0,62,1,99,,40941,14,0,62,1,100,,40940,14,0,62,1,100,,40937,14,0,62,1,100,,40939,14,0,62,1,100,,40938,14,0,62,1
41701,'13',1825,,40942,14,0,62,1,99,,40947,14,0,62,1,100,,40946,14,0,62,1,100,,40943,14,0,62,1,100,,40945,14,0,62,1,100,,40944,14,0,62,1
41701,'14',1125,,40951,14,0,62,1,100,,40953,14,0,62,1,100,,40950,14,0,62,1,100,,40952,14,0,62,1,100,,40954,14,0,62,1,100,,40949,14,0,62,1,100,,40948,14,0,62,1
41701,'16',624,,40976,14,0,62,1,30,,40964,14,0,62,1,70,,30161,14,0,62,1,30,,40968,14,0,62,1,70,,40975,14,0,62,1,30,,30647,14,0,62,1,70,,40955,14,0,62,1,30,,40973,14,0,62,1,71,,31386,14,0,62,1,30,,40972,14,0,62,1,70,,29981,14,0,62,1,30,,31726,14,0,62,1,70,,40965,14,0,62,1,30,,40959,14,0,62,1,70,,40970,14,0,62,1,30,,40961,14,0,62,1,70,,40971,14,0,62,1,30,,40963,14,0,62,1,70,,17746,14,0,62,1,30,,32291,14,0,62,1,70,,40967,14,0,62,1,30,,40969,14,0,62,1,70,,40957,14,0,62,1,30,,40974,14,0,62,1,70,,31209,14,0,62,1,99,,40962,14,0,62,1,100,,40958,14,0,62,1,100,,40956,14,0,62,1,100,,40966,14,0,62,1,100,,40960,14,0,62,1
41701,'3',1825,,40977,14,0,62,1,99,,40982,14,0,62,1,100,,40981,14,0,62,1,100,,40978,14,0,62,1,100,,40980,14,0,62,1,100,,40979,14,0,62,1
41701,'6',1825,,40983,14,0,62,1,99,,40988,14,0,62,1,100,,40987,14,0,62,1,100,,40984,14,0,62,1,100,,40986,14,0,62,1,100,,40985,14,0,62,1
41701,'8',924,,40990,14,0,62,1,131,,41004,14,0,62,1,70,,40991,14,0,62,1,30,,40998,14,0,62,1,70,,40994,14,0,62,1,30,,40992,14,0,62,1,70,,40999,14,0,62,1,100,,41000,14,0,62,1,30,,40989,14,0,62,1,70,,40995,14,0,62,1,30,,40997,14,0,62,1,70,,41001,14,0,62,1,30,,41003,14,0,62,1,70,,40996,14,0,62,1,30,,40993,14,0,62,1,70,,41002,14,0,62,1,99,,30209,14,0,62,1
