31600,'11',654,,28606,19,0,19,1,55,,28605,19,0,19,1,15,,28602,19,0,19,1,15,,28620,19,0,19,1,15,,28598,19,0,19,1,55,,24111,19,0,19,1,15,,28617,19,0,19,1,15,,13762,19,0,19,1,15,,28601,19,0,19,1,55,,28588,19,0,19,1,15,,28597,19,0,19,1,15,,28590,19,0,19,1,15,,28625,19,0,19,1,56,,28589,19,0,19,1,15,,28626,19,0,19,1,15,,28595,19,0,19,1,15,,28609,19,0,19,1,55,,28587,19,0,19,1,15,,28607,19,0,19,1,15,,28627,19,0,19,1,15,,28622,19,0,19,1,55,,28628,19,0,19,1,15,,22781,19,0,19,1,15,,28600,19,0,19,1,15,,28608,19,0,19,1,55,,28618,19,0,19,1,15,,28613,19,0,19,1,15,,28594,19,0,19,1,15,,28592,19,0,19,1,56,,23477,19,0,19,1,15,,28623,19,0,19,1,15,,28591,19,0,19,1,15,,28593,19,0,19,1,55,,28610,19,0,19,1,15,,28614,19,0,19,1,15,,28611,19,0,19,1,15,,28604,19,0,19,1,55,,28621,19,0,19,1,15,,28624,19,0,19,1,15,,28616,19,0,19,1,15,,28619,19,0,19,1,55,,28612,19,0,19,1,15,,28603,19,0,19,1,15,,28596,19,0,19,1,15,,28599,19,0,19,1,55,,22723,19,0,19,1,15,,28615,19,0,19,1
31600,'3',654,,28648,19,0,19,1,55,,28647,19,0,19,1,15,,28644,19,0,19,1,15,,28662,19,0,19,1,15,,28640,19,0,19,1,55,,24123,19,0,19,1,15,,28659,19,0,19,1,15,,13810,19,0,19,1,15,,28643,19,0,19,1,55,,28630,19,0,19,1,15,,28639,19,0,19,1,15,,28632,19,0,19,1,15,,28667,19,0,19,1,56,,28631,19,0,19,1,15,,28668,19,0,19,1,15,,28637,19,0,19,1,15,,28651,19,0,19,1,55,,28629,19,0,19,1,15,,28649,19,0,19,1,15,,28669,19,0,19,1,15,,28664,19,0,19,1,55,,28670,19,0,19,1,15,,22802,19,0,19,1,15,,28642,19,0,19,1,15,,28650,19,0,19,1,55,,28660,19,0,19,1,15,,28655,19,0,19,1,15,,28636,19,0,19,1,15,,28634,19,0,19,1,56,,23514,19,0,19,1,15,,28665,19,0,19,1,15,,28633,19,0,19,1,15,,28635,19,0,19,1,55,,28652,19,0,19,1,15,,28656,19,0,19,1,15,,28653,19,0,19,1,15,,28646,19,0,19,1,55,,28663,19,0,19,1,15,,28666,19,0,19,1,15,,28658,19,0,19,1,15,,28661,19,0,19,1,55,,28654,19,0,19,1,15,,28645,19,0,19,1,15,,28638,19,0,19,1,15,,28641,19,0,19,1,55,,22745,19,0,19,1,15,,28657,19,0,19,1
33600,'11',730,,29327,9,0,57 18,1,70,,29324,9,0,57 18,1,30,,29317,9,0,57 18,1,70,,29318,9,0,57 18,1,30,,29325,9,0,57 18,1,70,,29323,9,0,57 18,1,30,,29332,9,0,57 18,1,70,,29328,9,0,57 18,1,30,,29316,9,0,57 18,1,70,,29319,9,0,57 18,1,30,,29313,9,0,57 18,1,70,,29321,9,0,57 18,1,30,,29314,9,0,57 18,1,70,,29322,9,0,57 18,1,30,,29333,9,0,57 18,1,70,,29329,9,0,57 18,1,30,,29331,9,0,57 18,1,70,,29320,9,0,57 18,1,30,,23746,9,0,57 18,1,70,,29315,9,0,57 18,1,30,,29330,9,0,57 18,1,70,,29326,9,0,57 18,1
33600,'3',730,,29348,9,0,57 18,1,70,,29345,9,0,57 18,1,30,,29338,9,0,57 18,1,70,,29339,9,0,57 18,1,30,,29346,9,0,57 18,1,70,,29344,9,0,57 18,1,30,,29353,9,0,57 18,1,70,,29349,9,0,57 18,1,30,,29337,9,0,57 18,1,70,,29340,9,0,57 18,1,30,,29334,9,0,57 18,1,70,,29342,9,0,57 18,1,30,,29335,9,0,57 18,1,70,,29343,9,0,57 18,1,30,,29354,9,0,57 18,1,70,,29350,9,0,57 18,1,30,,29352,9,0,57 18,1,70,,29341,9,0,57 18,1,30,,23769,9,0,57 18,1,70,,29336,9,0,57 18,1,30,,29351,9,0,57 18,1,70,,29347,9,0,57 18,1
41600,'1',724,,31669,19,0,19,1,30,,31674,19,0,19,1,70,,31678,19,0,19,1,30,,31668,19,0,19,1,70,,31671,19,0,19,1,30,,31693,19,0,19,1,71,,31667,19,0,19,1,30,,31685,19,0,19,1,70,,31679,19,0,19,1,30,,31694,19,0,19,1,70,,31687,19,0,19,1,30,,22957,19,0,19,1,70,,31676,19,0,19,1,30,,31675,19,0,19,1,70,,31692,19,0,19,1,30,,31682,19,0,19,1,70,,31688,19,0,19,1,30,,31677,19,0,19,1,70,,23655,19,0,19,1,30,,31670,19,0,19,1,70,,31683,19,0,19,1,30,,31673,19,0,19,1,70,,31689,19,0,19,1,30,,31691,19,0,19,1,69,,31696,19,0,19,1,30,,31695,19,0,19,1,70,,31686,19,0,19,1,30,,31666,19,0,19,1,70,,31684,19,0,19,1,30,,31680,19,0,19,1,70,,31672,19,0,19,1,30,,31690,19,0,19,1,70,,31681,19,0,19,1
41600,'11',1855,,31701,19,0,19,1,69,,31703,19,0,19,1,30,,31700,19,0,19,1,70,,31699,19,0,19,1,30,,23203,19,0,19,1,70,,31698,19,0,19,1,30,,31705,19,0,19,1,70,,31697,19,0,19,1,30,,31704,19,0,19,1,70,,31702,19,0,19,1
41600,'12',1055,,31715,19,0,19,1,70,,31710,19,0,19,1,30,,31713,19,0,19,1,70,,31708,19,0,19,1,30,,31717,19,0,19,1,70,,31716,19,0,19,1,30,,31718,19,0,19,1,70,,31714,19,0,19,1,30,,31711,19,0,19,1,70,,31707,19,0,19,1,30,,31709,19,0,19,1,70,,31719,19,0,19,1,30,,31712,19,0,19,1,70,,31720,19,0,19,1,30,,31706,19,0,19,1
41600,'14',724,,31724,19,0,19,1,30,,31731,19,0,19,1,70,,31735,19,0,19,1,30,,31723,19,0,19,1,70,,31727,19,0,19,1,30,,31748,19,0,19,1,71,,31722,19,0,19,1,30,,31741,19,0,19,1,70,,31736,19,0,19,1,30,,31749,19,0,19,1,70,,31743,19,0,19,1,30,,31725,19,0,19,1,70,,31733,19,0,19,1,30,,31732,19,0,19,1,70,,31747,19,0,19,1,30,,31738,19,0,19,1,70,,31744,19,0,19,1,30,,31734,19,0,19,1,70,,31730,19,0,19,1,30,,31726,19,0,19,1,70,,31739,19,0,19,1,30,,31729,19,0,19,1,70,,31745,19,0,19,1,30,,31746,19,0,19,1,69,,31751,19,0,19,1,30,,31750,19,0,19,1,70,,31742,19,0,19,1,30,,31721,19,0,19,1,70,,31740,19,0,19,1,30,,31737,19,0,19,1,70,,31728,19,0,19,1,30,,5913,19,0,19,1,70,,7358,19,0,19,1
41600,'3',1855,,31756,19,0,19,1,69,,31758,19,0,19,1,30,,31755,19,0,19,1,70,,31754,19,0,19,1,30,,23218,19,0,19,1,70,,31753,19,0,19,1,30,,31760,19,0,19,1,70,,31752,19,0,19,1,30,,31759,19,0,19,1,70,,31757,19,0,19,1
41600,'8',854,,31779,19,0,19,1,70,,31772,19,0,19,1,30,,25999,19,0,19,1,71,,31778,19,0,19,1,30,,31782,19,0,19,1,70,,31767,19,0,19,1,30,,31768,19,0,19,1,70,,31780,19,0,19,1,30,,31777,19,0,19,1,70,,31781,19,0,19,1,30,,31762,19,0,19,1,70,,31773,19,0,19,1,30,,31770,19,0,19,1,70,,31771,19,0,19,1,30,,31765,19,0,19,1,70,,31769,19,0,19,1,30,,31776,19,0,19,1,70,,31764,19,0,19,1,30,,31763,19,0,19,1,70,,31774,19,0,19,1,30,,31775,19,0,19,1,69,,31766,19,0,19,1,30,,31761,19,0,19,1
42301,'1',739,,32457,21,0,20 30 31,1,100,,32445,21,0,20 30 31,1,100,,32455,21,0,20 30 31,1,102,,32448,21,0,20 30 31,1,100,,32454,21,0,20 30 31,1,100,,32451,21,0,20 30 31,1,100,,32456,21,0,20 30 31,1,102,,32443,21,0,20 30 31,1,100,,32450,21,0,20 30 31,1,100,,32444,21,0,20 30 31,1,100,,32447,21,0,20 30 31,1,100,,32452,21,0,20 30 31,1,97,,32449,21,0,20 30 31,1,100,,32446,21,0,20 30 31,1,100,,32453,21,0,20 30 31,1,100,,24263,21,0,20 30 31,1
