30100,'1',616,,16,30,0,5 6,1,30,,28,30,0,5 6,1,70,,31,30,0,5 6,1,30,,26,30,0,5 6,1,70,,43,30,0,5 6,1,30,,15,30,0,5 6,1,70,,10,30,0,5 6,1,30,,2,30,0,5 6,1,70,,46,30,0,5 6,1,30,,11,30,0,5 6,1,70,,27,30,0,5 6,1,30,,7,30,0,5 6,1,70,,18,30,0,5 6,1,30,,38,30,0,5 6,1,70,,17,30,0,5 6,1,30,,12,30,0,5 6,1,70,,36,30,0,5 6,1,30,,6,30,0,5 6,1,70,,33,30,0,5 6,1,30,,19,30,0,5 6,1,70,,1,30,0,5 6,1,30,,24,30,0,5 6,1,70,,21,30,0,5 6,1,30,,37,30,0,5 6,1
30100,'10',616,,63,30,0,5 6,1,30,,75,30,0,5 6,1,70,,78,30,0,5 6,1,30,,73,30,0,5 6,1,70,,90,30,0,5 6,1,30,,62,30,0,5 6,1,70,,57,30,0,5 6,1,30,,49,30,0,5 6,1,70,,93,30,0,5 6,1,30,,58,30,0,5 6,1,70,,74,30,0,5 6,1,30,,54,30,0,5 6,1,70,,65,30,0,5 6,1,30,,85,30,0,5 6,1,70,,64,30,0,5 6,1,30,,59,30,0,5 6,1,70,,83,30,0,5 6,1,30,,53,30,0,5 6,1,70,,80,30,0,5 6,1,30,,66,30,0,5 6,1,70,,48,30,0,5 6,1,30,,71,30,0,5 6,1,70,,68,30,0,5 6,1,30,,84,30,0,5 6,1
30100,'11',616,,110,30,0,5 6,1,30,,122,30,0,5 6,1,70,,125,30,0,5 6,1,30,,120,30,0,5 6,1,70,,137,30,0,5 6,1,30,,109,30,0,5 6,1,70,,104,30,0,5 6,1,30,,96,30,0,5 6,1,70,,140,30,0,5 6,1,30,,105,30,0,5 6,1,70,,121,30,0,5 6,1,30,,101,30,0,5 6,1,70,,112,30,0,5 6,1,30,,132,30,0,5 6,1,70,,111,30,0,5 6,1,30,,106,30,0,5 6,1,70,,130,30,0,5 6,1,30,,100,30,0,5 6,1,70,,127,30,0,5 6,1,30,,113,30,0,5 6,1,70,,95,30,0,5 6,1,30,,118,30,0,5 6,1,70,,115,30,0,5 6,1,30,,131,30,0,5 6,1
30100,'3',616,,157,30,0,5 6,1,30,,169,30,0,5 6,1,70,,172,30,0,5 6,1,30,,167,30,0,5 6,1,70,,184,30,0,5 6,1,30,,156,30,0,5 6,1,70,,151,30,0,5 6,1,30,,143,30,0,5 6,1,70,,187,30,0,5 6,1,30,,152,30,0,5 6,1,70,,168,30,0,5 6,1,30,,148,30,0,5 6,1,70,,159,30,0,5 6,1,30,,179,30,0,5 6,1,70,,158,30,0,5 6,1,30,,153,30,0,5 6,1,70,,177,30,0,5 6,1,30,,147,30,0,5 6,1,70,,174,30,0,5 6,1,30,,160,30,0,5 6,1,70,,142,30,0,5 6,1,30,,165,30,0,5 6,1,70,,162,30,0,5 6,1,30,,178,30,0,5 6,1
40100,'1',1810,,5800,30,0,8,1,100,,5797,30,0,8,1,100,,5804,30,0,8,1,100,,5809,30,0,8,1,100,,5803,30,0,8,1,100,,5802,30,0,8,1,100,,5798,30,0,8,1
40100,'10',1810,,5814,30,0,8,1,100,,5811,30,0,8,1,100,,5818,30,0,8,1,100,,5823,30,0,8,1,100,,5817,30,0,8,1,100,,5816,30,0,8,1,100,,5812,30,0,8,1
40100,'11',1810,,5828,30,0,8,1,100,,5825,30,0,8,1,100,,5832,30,0,8,1,100,,5837,30,0,8,1,100,,5831,30,0,8,1,100,,5830,30,0,8,1,100,,5826,30,0,8,1
40100,'12',1110,,5842,30,0,8,1,100,,5854,30,0,8,1,100,,5850,30,0,8,1,100,,5839,30,0,8,1,100,,5840,30,0,8,1,100,,5845,30,0,8,1,100,,5848,30,0,8,1,100,,5843,30,0,8,1
40100,'14',640,,5907,30,0,8,1,70,,5862,30,0,8,1,30,,5901,30,0,8,1,70,,5909,30,0,8,1,30,,5905,30,0,8,1,70,,5913,30,0,8,1,30,,5863,30,0,8,1,70,,5869,30,0,8,1,30,,5865,30,0,8,1,70,,5895,30,0,8,1,30,,5896,30,0,8,1,70,,5856,30,0,8,1,30,,5908,30,0,8,1,70,,5885,30,0,8,1,30,,5875,30,0,8,1,70,,5910,30,0,8,1,30,,5891,30,0,8,1,70,,5898,30,0,8,1,30,,5897,30,0,8,1,70,,5881,30,0,8,1,30,,5870,30,0,8,1,70,,5886,30,0,8,1,30,,5902,30,0,8,1,70,,5914,30,0,8,1,100,,5912,30,0,8,1,100,,5872,30,0,8,1,100,,5889,30,0,8,1,100,,5903,30,0,8,1,100,,5880,30,0,8,1,100,,5911,30,0,8,1
40100,'3',1810,,5918,30,0,8,1,100,,5915,30,0,8,1,100,,5922,30,0,8,1,100,,5927,30,0,8,1,100,,5921,30,0,8,1,100,,5920,30,0,8,1,100,,5916,30,0,8,1
40100,'7',910,,5944,30,0,8,1,100,,5966,30,0,8,1,30,,5968,30,0,8,1,70,,5930,30,0,8,1,30,,5945,30,0,8,1,70,,5947,30,0,8,1,30,,5961,30,0,8,1,70,,5936,30,0,8,1,30,,5955,30,0,8,1,70,,5935,30,0,8,1,30,,5957,30,0,8,1,70,,5931,30,0,8,1,30,,5965,30,0,8,1,70,,5967,30,0,8,1,30,,5964,30,0,8,1,70,,5959,30,0,8,1,30,,5954,30,0,8,1,70,,5953,30,0,8,1,100,,5942,30,0,8,1,100,,5948,30,0,8,1
