30600,'1',610,,1162,22,0,7,1,30,,1179,22,0,7,1,70,,1159,22,0,7,1,30,,1158,22,0,7,1,70,,1163,22,0,7,1,30,,1174,22,0,7,1,70,,1166,22,0,7,1,30,,1178,22,0,7,1,70,,1170,22,0,7,1,30,,1172,22,0,7,1,70,,1180,22,0,7,1,30,,1177,22,0,7,1,70,,1161,22,0,7,1,30,,1167,22,0,7,1,70,,1164,22,0,7,1,30,,1157,22,0,7,1,72,,1171,22,0,7,1,30,,1176,22,0,7,1,70,,1169,22,0,7,1,30,,1168,22,0,7,1,70,,1165,22,0,7,1,30,,1173,22,0,7,1,70,,1175,22,0,7,1,30,,1160,22,0,7,1
30600,'10',610,,1186,22,0,7,1,30,,1203,22,0,7,1,70,,1183,22,0,7,1,30,,1182,22,0,7,1,70,,1187,22,0,7,1,30,,1198,22,0,7,1,70,,1190,22,0,7,1,30,,1202,22,0,7,1,70,,1194,22,0,7,1,30,,1196,22,0,7,1,70,,1204,22,0,7,1,30,,1201,22,0,7,1,70,,1185,22,0,7,1,30,,1191,22,0,7,1,70,,1188,22,0,7,1,30,,1181,22,0,7,1,72,,1195,22,0,7,1,30,,1200,22,0,7,1,70,,1193,22,0,7,1,30,,1192,22,0,7,1,70,,1189,22,0,7,1,30,,1197,22,0,7,1,70,,1199,22,0,7,1,30,,1184,22,0,7,1
30600,'11',610,,1210,22,0,7,1,30,,1227,22,0,7,1,70,,1207,22,0,7,1,30,,1206,22,0,7,1,70,,1211,22,0,7,1,30,,1222,22,0,7,1,70,,1214,22,0,7,1,30,,1226,22,0,7,1,70,,1218,22,0,7,1,30,,1220,22,0,7,1,70,,1228,22,0,7,1,30,,1225,22,0,7,1,70,,1209,22,0,7,1,30,,1215,22,0,7,1,70,,1212,22,0,7,1,30,,1205,22,0,7,1,72,,1219,22,0,7,1,30,,1224,22,0,7,1,70,,1217,22,0,7,1,30,,1216,22,0,7,1,70,,1213,22,0,7,1,30,,1221,22,0,7,1,70,,1223,22,0,7,1,30,,1208,22,0,7,1
30600,'3',610,,1234,22,0,7,1,30,,1251,22,0,7,1,70,,1231,22,0,7,1,30,,1230,22,0,7,1,70,,1235,22,0,7,1,30,,1246,22,0,7,1,70,,1238,22,0,7,1,30,,1250,22,0,7,1,70,,1242,22,0,7,1,30,,1244,22,0,7,1,70,,1252,22,0,7,1,30,,1249,22,0,7,1,70,,1233,22,0,7,1,30,,1239,22,0,7,1,70,,1236,22,0,7,1,30,,1229,22,0,7,1,72,,1243,22,0,7,1,30,,1248,22,0,7,1,70,,1241,22,0,7,1,30,,1240,22,0,7,1,70,,1237,22,0,7,1,30,,1245,22,0,7,1,70,,1247,22,0,7,1,30,,1232,22,0,7,1
40600,'1',1825,,6450,22,0,9 10,1,100,,6447,22,0,9 10,1,100,,6446,22,0,9 10,1,100,,6448,22,0,9 10,1,100,,6451,22,0,9 10,1,100,,6449,22,0,9 10,1
40600,'10',1825,,6456,22,0,9 10,1,100,,6453,22,0,9 10,1,100,,6452,22,0,9 10,1,100,,6454,22,0,9 10,1,100,,6457,22,0,9 10,1,100,,6455,22,0,9 10,1
40600,'11',1825,,6462,22,0,9 10,1,100,,6459,22,0,9 10,1,100,,6458,22,0,9 10,1,100,,6460,22,0,9 10,1,100,,6463,22,0,9 10,1,100,,6461,22,0,9 10,1
40600,'12',1125,,6464,22,0,9 10,1,100,,6469,22,0,9 10,1,100,,6466,22,0,9 10,1,100,,6470,22,0,9 10,1,100,,6465,22,0,9 10,1,100,,6468,22,0,9 10,1,100,,6467,22,0,9 10,1
40600,'14',625,,6484,22,0,9 10,1,30,,6490,22,0,9 10,1,70,,6494,22,0,9 10,1,30,,6496,22,0,9 10,1,70,,6489,22,0,9 10,1,30,,6476,22,0,9 10,1,70,,6497,22,0,9 10,1,30,,6488,22,0,9 10,1,70,,6475,22,0,9 10,1,30,,6479,22,0,9 10,1,70,,6487,22,0,9 10,1,30,,6498,22,0,9 10,1,70,,6474,22,0,9 10,1,30,,6486,22,0,9 10,1,70,,6478,22,0,9 10,1,30,,6472,22,0,9 10,1,70,,6493,22,0,9 10,1,30,,6485,22,0,9 10,1,70,,6471,22,0,9 10,1,30,,6483,22,0,9 10,1,70,,6495,22,0,9 10,1,30,,6477,22,0,9 10,1,70,,6473,22,0,9 10,1,30,,6491,22,0,9 10,1,70,,6482,22,0,9 10,1,100,,6500,22,0,9 10,1,100,,6481,22,0,9 10,1,100,,6499,22,0,9 10,1,100,,6480,22,0,9 10,1,100,,6492,22,0,9 10,1
40600,'3',1825,,6505,22,0,9 10,1,100,,6502,22,0,9 10,1,100,,6501,22,0,9 10,1,100,,6503,22,0,9 10,1,100,,6506,22,0,9 10,1,100,,6504,22,0,9 10,1
40600,'7',925,,6513,22,0,9 10,1,100,,6514,22,0,9 10,1,30,,6516,22,0,9 10,1,70,,6510,22,0,9 10,1,30,,6518,22,0,9 10,1,70,,6511,22,0,9 10,1,30,,6507,22,0,9 10,1,70,,6515,22,0,9 10,1,30,,6520,22,0,9 10,1,70,,6509,22,0,9 10,1,30,,6523,22,0,9 10,1,70,,6525,22,0,9 10,1,30,,6517,22,0,9 10,1,70,,6508,22,0,9 10,1,30,,6519,22,0,9 10,1,70,,6524,22,0,9 10,1,30,,6521,22,0,9 10,1,70,,6522,22,0,9 10,1,100,,6512,22,0,9 10,1
