30801,'12',640,,34328,15,0,64 38,1,70,,34314,15,0,64 38,1,30,,34325,15,0,64 38,1,70,,34324,15,0,64 38,1,30,,34307,15,0,64 38,1,70,,34326,15,0,64 38,1,30,,34312,15,0,64 38,1,70,,34316,15,0,64 38,1,30,,34329,15,0,64 38,1,70,,34322,15,0,64 38,1,30,,34319,15,0,64 38,1,70,,34309,15,0,64 38,1,30,,34310,15,0,64 38,1,70,,34318,15,0,64 38,1,30,,34313,15,0,64 38,1,70,,34315,15,0,64 38,1,40,,34317,15,0,64 38,1,70,,34308,15,0,64 38,1,30,,34311,15,0,64 38,1,70,,34320,15,0,64 38,1,30,,34323,15,0,64 38,1,70,,34327,15,0,64 38,1,30,,34321,15,0,64 38,1
30801,'13',640,,34346,15,0,64 38,1,70,,34334,15,0,64 38,1,30,,34344,15,0,64 38,1,70,,34343,15,0,64 38,1,30,,28358,15,0,64 38,1,70,,34345,15,0,64 38,1,30,,29463,15,0,64 38,1,70,,34336,15,0,64 38,1,30,,34347,15,0,64 38,1,70,,34342,15,0,64 38,1,30,,34339,15,0,64 38,1,70,,28145,15,0,64 38,1,30,,34331,15,0,64 38,1,70,,34338,15,0,64 38,1,30,,34333,15,0,64 38,1,70,,34335,15,0,64 38,1,40,,34337,15,0,64 38,1,70,,34330,15,0,64 38,1,30,,34332,15,0,64 38,1,70,,34340,15,0,64 38,1,30,,27448,15,0,64 38,1,70,,29291,15,0,64 38,1,30,,34341,15,0,64 38,1
30801,'3',640,,34364,15,0,64 38,1,70,,34352,15,0,64 38,1,30,,34362,15,0,64 38,1,70,,34361,15,0,64 38,1,30,,28376,15,0,64 38,1,70,,34363,15,0,64 38,1,30,,29584,15,0,64 38,1,70,,34354,15,0,64 38,1,30,,34365,15,0,64 38,1,70,,34360,15,0,64 38,1,30,,34357,15,0,64 38,1,70,,28167,15,0,64 38,1,30,,34349,15,0,64 38,1,70,,34356,15,0,64 38,1,30,,34351,15,0,64 38,1,70,,34353,15,0,64 38,1,40,,34355,15,0,64 38,1,70,,34348,15,0,64 38,1,30,,34350,15,0,64 38,1,70,,34358,15,0,64 38,1,30,,27497,15,0,64 38,1,70,,29310,15,0,64 38,1,30,,34359,15,0,64 38,1
30801,'6',640,,34387,15,0,64 38,1,70,,34373,15,0,64 38,1,30,,34384,15,0,64 38,1,70,,34383,15,0,64 38,1,30,,34366,15,0,64 38,1,70,,34385,15,0,64 38,1,30,,34371,15,0,64 38,1,70,,34375,15,0,64 38,1,30,,34388,15,0,64 38,1,70,,34381,15,0,64 38,1,30,,34378,15,0,64 38,1,70,,34368,15,0,64 38,1,30,,34369,15,0,64 38,1,70,,34377,15,0,64 38,1,30,,34372,15,0,64 38,1,70,,34374,15,0,64 38,1,40,,34376,15,0,64 38,1,70,,34367,15,0,64 38,1,30,,34370,15,0,64 38,1,70,,34379,15,0,64 38,1,30,,34382,15,0,64 38,1,70,,34386,15,0,64 38,1,30,,34380,15,0,64 38,1
40801,'1',655,,39214,15,0,64 38,1,70,,39212,15,0,64 38,1,30,,31913,15,0,64 38,1,70,,39216,15,0,64 38,1,30,,22901,15,0,64 38,1,70,,39218,15,0,64 38,1,30,,39232,15,0,64 38,1,70,,39229,15,0,64 38,1,30,,39223,15,0,64 38,1,70,,39222,15,0,64 38,1,30,,39220,15,0,64 38,1,70,,39226,15,0,64 38,1,30,,39235,15,0,64 38,1,70,,39230,15,0,64 38,1,30,,39221,15,0,64 38,1,70,,39211,15,0,64 38,1,30,,39227,15,0,64 38,1,70,,39215,15,0,64 38,1,30,,39225,15,0,64 38,1,70,,39219,15,0,64 38,1,30,,39213,15,0,64 38,1,70,,39236,15,0,64 38,1,30,,39233,15,0,64 38,1,70,,39234,15,0,64 38,1,100,,39231,15,0,64 38,1,100,,39217,15,0,64 38,1,100,,39237,15,0,64 38,1,100,,39228,15,0,64 38,1,100,,39224,15,0,64 38,1
40801,'11',655,,39242,15,0,64 38,1,70,,39240,15,0,64 38,1,30,,39238,15,0,64 38,1,70,,39244,15,0,64 38,1,30,,39258,15,0,64 38,1,70,,39246,15,0,64 38,1,30,,39261,15,0,64 38,1,70,,39257,15,0,64 38,1,30,,39251,15,0,64 38,1,70,,39250,15,0,64 38,1,30,,39248,15,0,64 38,1,70,,39254,15,0,64 38,1,30,,39264,15,0,64 38,1,70,,39259,15,0,64 38,1,30,,39249,15,0,64 38,1,70,,39239,15,0,64 38,1,30,,39255,15,0,64 38,1,70,,39243,15,0,64 38,1,30,,39253,15,0,64 38,1,70,,39247,15,0,64 38,1,30,,39241,15,0,64 38,1,70,,39265,15,0,64 38,1,30,,39262,15,0,64 38,1,70,,39263,15,0,64 38,1,100,,39260,15,0,64 38,1,100,,39245,15,0,64 38,1,100,,39266,15,0,64 38,1,100,,39256,15,0,64 38,1,100,,39252,15,0,64 38,1
40801,'12',1825,,39267,15,0,64 38,1,100,,39272,15,0,64 38,1,100,,39270,15,0,64 38,1,100,,39268,15,0,64 38,1,100,,39269,15,0,64 38,1,100,,39271,15,0,64 38,1
40801,'13',1825,,39273,15,0,64 38,1,100,,39278,15,0,64 38,1,100,,39276,15,0,64 38,1,100,,39274,15,0,64 38,1,100,,39275,15,0,64 38,1,100,,39277,15,0,64 38,1
40801,'14',1125,,39282,15,0,64 38,1,100,,39280,15,0,64 38,1,100,,39281,15,0,64 38,1,100,,39285,15,0,64 38,1,100,,39283,15,0,64 38,1,100,,39279,15,0,64 38,1,100,,39284,15,0,64 38,1
40801,'16',655,,39289,15,0,64 38,1,70,,39287,15,0,64 38,1,30,,31950,15,0,64 38,1,70,,39291,15,0,64 38,1,30,,32045,15,0,64 38,1,70,,39293,15,0,64 38,1,30,,39307,15,0,64 38,1,70,,39304,15,0,64 38,1,30,,39298,15,0,64 38,1,70,,39297,15,0,64 38,1,30,,39295,15,0,64 38,1,70,,39301,15,0,64 38,1,30,,39310,15,0,64 38,1,70,,39305,15,0,64 38,1,30,,39296,15,0,64 38,1,70,,39286,15,0,64 38,1,30,,39302,15,0,64 38,1,70,,39290,15,0,64 38,1,30,,39300,15,0,64 38,1,70,,39294,15,0,64 38,1,30,,39288,15,0,64 38,1,70,,39311,15,0,64 38,1,30,,39308,15,0,64 38,1,70,,39309,15,0,64 38,1,100,,39306,15,0,64 38,1,100,,39292,15,0,64 38,1,100,,39312,15,0,64 38,1,100,,39303,15,0,64 38,1,100,,39299,15,0,64 38,1
40801,'3',1825,,39313,15,0,64 38,1,100,,39318,15,0,64 38,1,100,,39316,15,0,64 38,1,100,,39314,15,0,64 38,1,100,,39315,15,0,64 38,1,100,,39317,15,0,64 38,1
40801,'6',1825,,39319,15,0,64 38,1,100,,39324,15,0,64 38,1,100,,39322,15,0,64 38,1,100,,39320,15,0,64 38,1,100,,39321,15,0,64 38,1,100,,39323,15,0,64 38,1
40801,'8',925,,39331,15,0,64 38,1,100,,39335,15,0,64 38,1,30,,32236,15,0,64 38,1,70,,39326,15,0,64 38,1,30,,39341,15,0,64 38,1,70,,39332,15,0,64 38,1,30,,39339,15,0,64 38,1,70,,39333,15,0,64 38,1,30,,30587,15,0,64 38,1,70,,39336,15,0,64 38,1,30,,39325,15,0,64 38,1,70,,39338,15,0,64 38,1,30,,39327,15,0,64 38,1,70,,39330,15,0,64 38,1,30,,39337,15,0,64 38,1,70,,39334,15,0,64 38,1,30,,39329,15,0,64 38,1,70,,39328,15,0,64 38,1,100,,39340,15,0,64 38,1
