31500,'15',637,,12424,18,,,1,70,,12434,18,,,1,30,,12422,18,,,1,70,,12437,18,,,1,30,,12432,18,,,1,70,,12444,18,,,1,30,,12427,18,,,1,70,,12438,18,,,1,30,,12431,18,,,1,70,,12435,18,,,1,30,,12442,18,,,1,70,,12425,18,,,1,30,,12429,18,,,1,70,,12443,18,,,1,30,,12428,18,,,1,71,,12423,18,,,1,30,,12426,18,,,1,70,,12439,18,,,1,30,,12421,18,,,1,70,,12441,18,,,1,30,,12440,18,,,1,70,,12433,18,,,1,30,,12436,18,,,1,70,,12430,18,,,1
31500,'16',637,,12448,18,,,1,70,,12456,18,,,1,30,,12446,18,,,1,70,,12457,18,,,1,30,,12455,18,,,1,70,,12463,18,,,1,30,,7886,18,,,1,70,,12458,18,,,1,30,,4828,18,,,1,70,,3449,18,,,1,30,,12461,18,,,1,70,,12449,18,,,1,30,,12452,18,,,1,70,,12462,18,,,1,30,,12451,18,,,1,71,,12447,18,,,1,30,,12450,18,,,1,70,,12453,18,,,1,30,,12445,18,,,1,70,,12460,18,,,1,30,,12459,18,,,1,70,,12464,18,,,1,30,,270,18,,,1,70,,12454,18,,,1
31500,'17',637,,12468,18,,,1,70,,12476,18,,,1,30,,12466,18,,,1,70,,12477,18,,,1,30,,12475,18,,,1,70,,12483,18,,,1,30,,7891,18,,,1,70,,12478,18,,,1,30,,12474,18,,,1,70,,3473,18,,,1,30,,12481,18,,,1,70,,12469,18,,,1,30,,12471,18,,,1,70,,12482,18,,,1,30,,8409,18,,,1,71,,12467,18,,,1,30,,12470,18,,,1,70,,12472,18,,,1,30,,12465,18,,,1,70,,12480,18,,,1,30,,12479,18,,,1,70,,12484,18,,,1,30,,320,18,,,1,70,,12473,18,,,1
31500,'19',637,,12488,18,,,1,70,,12498,18,,,1,30,,12486,18,,,1,70,,5660,18,,,1,30,,12496,18,,,1,70,,12506,18,,,1,30,,12491,18,,,1,70,,12501,18,,,1,30,,12495,18,,,1,70,,12499,18,,,1,30,,12503,18,,,1,70,,12489,18,,,1,30,,12493,18,,,1,70,,12504,18,,,1,30,,12492,18,,,1,71,,12487,18,,,1,30,,12490,18,,,1,70,,12505,18,,,1,30,,12485,18,,,1,70,,12502,18,,,1,30,,7554,18,,,1,70,,12497,18,,,1,30,,12500,18,,,1,70,,12494,18,,,1
31500,'5',637,,12510,18,,,1,70,,12519,18,,,1,30,,12508,18,,,1,70,,12520,18,,,1,30,,12517,18,,,1,70,,12527,18,,,1,30,,7933,18,,,1,70,,12521,18,,,1,30,,12516,18,,,1,70,,3497,18,,,1,30,,12524,18,,,1,70,,12511,18,,,1,30,,12514,18,,,1,70,,12525,18,,,1,30,,12513,18,,,1,71,,12509,18,,,1,30,,12512,18,,,1,70,,12526,18,,,1,30,,12507,18,,,1,70,,12523,18,,,1,30,,12522,18,,,1,70,,12518,18,,,1,30,,370,18,,,1,70,,12515,18,,,1
31500,'6',637,,12531,18,,,1,70,,12541,18,,,1,30,,12529,18,,,1,70,,12544,18,,,1,30,,12539,18,,,1,70,,12551,18,,,1,30,,12534,18,,,1,70,,12545,18,,,1,30,,12538,18,,,1,70,,12542,18,,,1,30,,12549,18,,,1,70,,12532,18,,,1,30,,12536,18,,,1,70,,12550,18,,,1,30,,12535,18,,,1,71,,12530,18,,,1,30,,12533,18,,,1,70,,12546,18,,,1,30,,12528,18,,,1,70,,12548,18,,,1,30,,12547,18,,,1,70,,12540,18,,,1,30,,12543,18,,,1,70,,12537,18,,,1
41500,'1',1127,,18792,27,0,20 14 21 18,1,100,,18791,27,0,20 14 21 18,1,100,,18793,27,0,20 14 21 18,1,100,,18794,27,0,20 14 21 18,1,100,,2758,27,0,20 14 21 18,1,100,,18795,27,0,20 14 21 18,1,100,,18790,27,0,20 14 21 18,1
41500,'10',657,,18807,27,0,20 14 21 18,1,70,,18818,27,0,20 14 21 18,1,30,,18823,27,0,20 14 21 18,1,70,,18810,27,0,20 14 21 18,1,30,,18804,27,0,20 14 21 18,1,70,,18812,27,0,20 14 21 18,1,30,,18809,27,0,20 14 21 18,1,70,,18815,27,0,20 14 21 18,1,30,,18801,27,0,20 14 21 18,1,70,,18816,27,0,20 14 21 18,1,30,,18813,27,0,20 14 21 18,1,70,,18797,27,0,20 14 21 18,1,30,,18806,27,0,20 14 21 18,1,70,,18821,27,0,20 14 21 18,1,30,,18805,27,0,20 14 21 18,1,70,,18820,27,0,20 14 21 18,1,30,,18824,27,0,20 14 21 18,1,70,,18803,27,0,20 14 21 18,1,30,,18798,27,0,20 14 21 18,1,70,,18796,27,0,20 14 21 18,1,30,,18817,27,0,20 14 21 18,1,70,,18800,27,0,20 14 21 18,1,30,,18811,27,0,20 14 21 18,1,70,,18802,27,0,20 14 21 18,1,100,,18799,27,0,20 14 21 18,1,100,,18808,27,0,20 14 21 18,1,100,,18819,27,0,20 14 21 18,1,100,,18822,27,0,20 14 21 18,1,100,,18814,27,0,20 14 21 18,1
41500,'12',927,,18833,27,0,20 14 21 18,1,100,,18834,27,0,20 14 21 18,1,30,,18837,27,0,20 14 21 18,1,70,,18827,27,0,20 14 21 18,1,30,,18830,27,0,20 14 21 18,1,70,,18831,27,0,20 14 21 18,1,30,,18838,27,0,20 14 21 18,1,70,,18836,27,0,20 14 21 18,1,30,,7789,27,0,20 14 21 18,1,70,,18825,27,0,20 14 21 18,1,30,,18839,27,0,20 14 21 18,1,70,,18842,27,0,20 14 21 18,1,30,,18841,27,0,20 14 21 18,1,70,,18826,27,0,20 14 21 18,1,30,,18840,27,0,20 14 21 18,1,70,,18828,27,0,20 14 21 18,1,30,,18829,27,0,20 14 21 18,1,70,,18832,27,0,20 14 21 18,1,100,,18835,27,0,20 14 21 18,1
41500,'15',1827,,18846,27,0,20 14 21 18,1,100,,18844,27,0,20 14 21 18,1,100,,18843,27,0,20 14 21 18,1,100,,18848,27,0,20 14 21 18,1,100,,18847,27,0,20 14 21 18,1,100,,18845,27,0,20 14 21 18,1
41500,'16',1827,,18851,27,0,20 14 21 18,1,100,,18850,27,0,20 14 21 18,1,100,,18849,27,0,20 14 21 18,1,100,,18853,27,0,20 14 21 18,1,100,,18852,27,0,20 14 21 18,1,100,,8374,27,0,20 14 21 18,1
41500,'17',1827,,18857,27,0,20 14 21 18,1,100,,18855,27,0,20 14 21 18,1,100,,18854,27,0,20 14 21 18,1,100,,18859,27,0,20 14 21 18,1,100,,18858,27,0,20 14 21 18,1,100,,18856,27,0,20 14 21 18,1
41500,'19',1827,,18863,27,0,20 14 21 18,1,100,,18861,27,0,20 14 21 18,1,100,,18860,27,0,20 14 21 18,1,100,,18865,27,0,20 14 21 18,1,100,,18864,27,0,20 14 21 18,1,100,,18862,27,0,20 14 21 18,1
41500,'21',657,,18877,27,0,20 14 21 18,1,70,,18888,27,0,20 14 21 18,1,30,,18893,27,0,20 14 21 18,1,70,,18880,27,0,20 14 21 18,1,30,,18874,27,0,20 14 21 18,1,70,,18882,27,0,20 14 21 18,1,30,,18879,27,0,20 14 21 18,1,70,,18885,27,0,20 14 21 18,1,30,,18871,27,0,20 14 21 18,1,70,,18886,27,0,20 14 21 18,1,30,,18883,27,0,20 14 21 18,1,70,,18867,27,0,20 14 21 18,1,30,,18876,27,0,20 14 21 18,1,70,,18891,27,0,20 14 21 18,1,30,,18875,27,0,20 14 21 18,1,70,,18890,27,0,20 14 21 18,1,30,,18894,27,0,20 14 21 18,1,70,,18873,27,0,20 14 21 18,1,30,,18868,27,0,20 14 21 18,1,70,,18866,27,0,20 14 21 18,1,30,,18887,27,0,20 14 21 18,1,70,,18870,27,0,20 14 21 18,1,30,,18881,27,0,20 14 21 18,1,70,,18872,27,0,20 14 21 18,1,100,,18869,27,0,20 14 21 18,1,100,,18878,27,0,20 14 21 18,1,100,,18889,27,0,20 14 21 18,1,100,,18892,27,0,20 14 21 18,1,100,,18884,27,0,20 14 21 18,1
41500,'5',1827,,18898,27,0,20 14 21 18,1,100,,18896,27,0,20 14 21 18,1,100,,18895,27,0,20 14 21 18,1,100,,18900,27,0,20 14 21 18,1,100,,18899,27,0,20 14 21 18,1,100,,18897,27,0,20 14 21 18,1
41500,'6',1827,,18904,27,0,20 14 21 18,1,100,,18902,27,0,20 14 21 18,1,100,,18901,27,0,20 14 21 18,1,100,,18906,27,0,20 14 21 18,1,100,,18905,27,0,20 14 21 18,1,100,,18903,27,0,20 14 21 18,1
