30200,'12',628,,33134,29,0,11,1,30,,33147,29,0,11,1,70,,33146,29,0,11,1,30,,33145,29,0,11,1,70,,33150,29,0,11,1,30,,33144,29,0,11,1,70,,33133,29,0,11,1,30,,33138,29,0,11,1,74,,33151,29,0,11,1,70,,33131,29,0,11,1,30,,33135,29,0,11,1,70,,33132,29,0,11,1,30,,33149,29,0,11,1,70,,33129,29,0,11,1,30,,33148,29,0,11,1,70,,33140,29,0,11,1,29,,33142,29,0,11,1,70,,33143,29,0,11,1,30,,33137,29,0,11,1,70,,33130,29,0,11,1,30,,33136,29,0,11,1,70,,33139,29,0,11,1,30,,33141,29,0,11,1
30200,'13',628,,33156,29,0,11,1,30,,33168,29,0,11,1,70,,33167,29,0,11,1,30,,33166,29,0,11,1,70,,33170,29,0,11,1,30,,33165,29,0,11,1,70,,33155,29,0,11,1,30,,27942,29,0,11,1,74,,33171,29,0,11,1,70,,33153,29,0,11,1,30,,33157,29,0,11,1,70,,33154,29,0,11,1,30,,33169,29,0,11,1,70,,28545,29,0,11,1,30,,29185,29,0,11,1,70,,33161,29,0,11,1,29,,33163,29,0,11,1,70,,33164,29,0,11,1,30,,33159,29,0,11,1,70,,33152,29,0,11,1,30,,33158,29,0,11,1,70,,33160,29,0,11,1,30,,33162,29,0,11,1
30200,'3',628,,33176,29,0,11,1,30,,33188,29,0,11,1,70,,33187,29,0,11,1,30,,33186,29,0,11,1,70,,33190,29,0,11,1,30,,33185,29,0,11,1,70,,33175,29,0,11,1,30,,27959,29,0,11,1,74,,33191,29,0,11,1,70,,33173,29,0,11,1,30,,33177,29,0,11,1,70,,33174,29,0,11,1,30,,33189,29,0,11,1,70,,28567,29,0,11,1,30,,29196,29,0,11,1,70,,33181,29,0,11,1,29,,33183,29,0,11,1,70,,33184,29,0,11,1,30,,33179,29,0,11,1,70,,33172,29,0,11,1,30,,33178,29,0,11,1,70,,33180,29,0,11,1,30,,33182,29,0,11,1
30200,'6',628,,33197,29,0,11,1,30,,33210,29,0,11,1,70,,33209,29,0,11,1,30,,33208,29,0,11,1,70,,33213,29,0,11,1,30,,33207,29,0,11,1,70,,33196,29,0,11,1,30,,33201,29,0,11,1,74,,33214,29,0,11,1,70,,33194,29,0,11,1,30,,33198,29,0,11,1,70,,33195,29,0,11,1,30,,33212,29,0,11,1,70,,33192,29,0,11,1,30,,33211,29,0,11,1,70,,33203,29,0,11,1,29,,33205,29,0,11,1,70,,33206,29,0,11,1,30,,33200,29,0,11,1,70,,33193,29,0,11,1,30,,33199,29,0,11,1,70,,33202,29,0,11,1,30,,33204,29,0,11,1
40200,'1',628,,38289,29,0,13 14,1,30,,38293,29,0,13 14,1,70,,38305,29,0,13 14,1,30,,38286,29,0,13 14,1,70,,38303,29,0,13 14,1,30,,38284,29,0,13 14,1,70,,38287,29,0,13 14,1,30,,38283,29,0,13 14,1,70,,29418,29,0,13 14,1,30,,38294,29,0,13 14,1,70,,38290,29,0,13 14,1,30,,38306,29,0,13 14,1,70,,38307,29,0,13 14,1,30,,38288,29,0,13 14,1,70,,38301,29,0,13 14,1,30,,38298,29,0,13 14,1,70,,38297,29,0,13 14,1,30,,38300,29,0,13 14,1,70,,38295,29,0,13 14,1,30,,29676,29,0,13 14,1,70,,38292,29,0,13 14,1,30,,38291,29,0,13 14,1,70,,38282,29,0,13 14,1,30,,38296,29,0,13 14,1,100,,31675,29,0,13 14,1,98,,38285,29,0,13 14,1,100,,38299,29,0,13 14,1,100,,38304,29,0,13 14,1,100,,38302,29,0,13 14,1
40200,'11',628,,38316,29,0,13 14,1,30,,38321,29,0,13 14,1,70,,38333,29,0,13 14,1,30,,38312,29,0,13 14,1,70,,38331,29,0,13 14,1,30,,38310,29,0,13 14,1,70,,38313,29,0,13 14,1,30,,38309,29,0,13 14,1,70,,38320,29,0,13 14,1,30,,38322,29,0,13 14,1,70,,38317,29,0,13 14,1,30,,38334,29,0,13 14,1,70,,38335,29,0,13 14,1,30,,38314,29,0,13 14,1,70,,38329,29,0,13 14,1,30,,38326,29,0,13 14,1,70,,38325,29,0,13 14,1,30,,38328,29,0,13 14,1,70,,38323,29,0,13 14,1,30,,38336,29,0,13 14,1,70,,38319,29,0,13 14,1,30,,38318,29,0,13 14,1,70,,38308,29,0,13 14,1,30,,38324,29,0,13 14,1,100,,38315,29,0,13 14,1,98,,38311,29,0,13 14,1,100,,38327,29,0,13 14,1,100,,38332,29,0,13 14,1,100,,38330,29,0,13 14,1
40200,'12',1758,,38340,29,0,13 14,1,100,,38338,29,0,13 14,1,98,,38342,29,0,13 14,1,100,,38339,29,0,13 14,1,100,,38341,29,0,13 14,1,100,,38337,29,0,13 14,1
40200,'13',1758,,38346,29,0,13 14,1,100,,38344,29,0,13 14,1,98,,38348,29,0,13 14,1,100,,38345,29,0,13 14,1,100,,38347,29,0,13 14,1,100,,38343,29,0,13 14,1
40200,'14',1058,,38356,29,0,13 14,1,100,,38349,29,0,13 14,1,100,,38350,29,0,13 14,1,100,,38355,29,0,13 14,1,100,,38351,29,0,13 14,1,100,,38354,29,0,13 14,1,100,,38352,29,0,13 14,1,100,,38353,29,0,13 14,1
40200,'16',628,,38364,29,0,13 14,1,30,,38368,29,0,13 14,1,70,,38380,29,0,13 14,1,30,,38361,29,0,13 14,1,70,,38378,29,0,13 14,1,30,,38359,29,0,13 14,1,70,,38362,29,0,13 14,1,30,,38358,29,0,13 14,1,70,,29537,29,0,13 14,1,30,,38369,29,0,13 14,1,70,,38365,29,0,13 14,1,30,,38381,29,0,13 14,1,70,,38382,29,0,13 14,1,30,,38363,29,0,13 14,1,70,,38376,29,0,13 14,1,30,,38373,29,0,13 14,1,70,,38372,29,0,13 14,1,30,,38375,29,0,13 14,1,70,,38370,29,0,13 14,1,30,,29795,29,0,13 14,1,70,,38367,29,0,13 14,1,30,,38366,29,0,13 14,1,70,,38357,29,0,13 14,1,30,,38371,29,0,13 14,1,100,,31732,29,0,13 14,1,98,,38360,29,0,13 14,1,100,,38374,29,0,13 14,1,100,,38379,29,0,13 14,1,100,,38377,29,0,13 14,1
40200,'3',1758,,38386,29,0,13 14,1,100,,38384,29,0,13 14,1,98,,38388,29,0,13 14,1,100,,38385,29,0,13 14,1,100,,38387,29,0,13 14,1,100,,38383,29,0,13 14,1
40200,'6',1758,,38392,29,0,13 14,1,100,,38390,29,0,13 14,1,98,,38394,29,0,13 14,1,100,,38391,29,0,13 14,1,100,,38393,29,0,13 14,1,100,,38389,29,0,13 14,1
40200,'8',858,,38397,29,0,13 14,1,100,,38401,29,0,13 14,1,70,,38413,29,0,13 14,1,30,,38395,29,0,13 14,1,70,,38414,29,0,13 14,1,30,,38407,29,0,13 14,1,70,,38411,29,0,13 14,1,30,,38396,29,0,13 14,1,70,,38400,29,0,13 14,1,30,,38408,29,0,13 14,1,70,,38398,29,0,13 14,1,30,,38403,29,0,13 14,1,70,,38405,29,0,13 14,1,30,,38412,29,0,13 14,1,70,,38404,29,0,13 14,1,30,,38410,29,0,13 14,1,70,,38406,29,0,13 14,1,30,,38409,29,0,13 14,1,100,,38402,29,0,13 14,1,98,,38399,29,0,13 14,1
