30401,'1',640,,866,6,0,49,1,70,,863,6,0,49,1,30,,881,6,0,49,1,70,,879,6,0,49,1,30,,874,6,0,49,1,70,,865,6,0,49,1,30,,862,6,0,49,1,70,,882,6,0,49,1,30,,884,6,0,49,1,70,,873,6,0,49,1,30,,870,6,0,49,1,70,,872,6,0,49,1,30,,875,6,0,49,1,70,,861,6,0,49,1,30,,883,6,0,49,1,71,,880,6,0,49,1,30,,885,6,0,49,1,70,,876,6,0,49,1,30,,878,6,0,49,1,70,,867,6,0,49,1,30,,868,6,0,49,1,70,,869,6,0,49,1,30,,864,6,0,49,1,70,,871,6,0,49,1,30,,877,6,0,49,1
30401,'10',640,,891,6,0,49,1,70,,888,6,0,49,1,30,,906,6,0,49,1,70,,904,6,0,49,1,30,,899,6,0,49,1,70,,890,6,0,49,1,30,,887,6,0,49,1,70,,907,6,0,49,1,30,,909,6,0,49,1,70,,898,6,0,49,1,30,,895,6,0,49,1,70,,897,6,0,49,1,30,,900,6,0,49,1,70,,886,6,0,49,1,30,,908,6,0,49,1,71,,905,6,0,49,1,30,,910,6,0,49,1,70,,901,6,0,49,1,30,,903,6,0,49,1,70,,892,6,0,49,1,30,,893,6,0,49,1,70,,894,6,0,49,1,30,,889,6,0,49,1,70,,896,6,0,49,1,30,,902,6,0,49,1
30401,'11',640,,916,6,0,49,1,70,,913,6,0,49,1,30,,931,6,0,49,1,70,,929,6,0,49,1,30,,924,6,0,49,1,70,,915,6,0,49,1,30,,912,6,0,49,1,70,,932,6,0,49,1,30,,934,6,0,49,1,70,,923,6,0,49,1,30,,920,6,0,49,1,70,,922,6,0,49,1,30,,925,6,0,49,1,70,,911,6,0,49,1,30,,933,6,0,49,1,71,,930,6,0,49,1,30,,935,6,0,49,1,70,,926,6,0,49,1,30,,928,6,0,49,1,70,,917,6,0,49,1,30,,918,6,0,49,1,70,,919,6,0,49,1,30,,914,6,0,49,1,70,,921,6,0,49,1,30,,927,6,0,49,1
30401,'3',640,,941,6,0,49,1,70,,938,6,0,49,1,30,,956,6,0,49,1,70,,954,6,0,49,1,30,,949,6,0,49,1,70,,940,6,0,49,1,30,,937,6,0,49,1,70,,957,6,0,49,1,30,,959,6,0,49,1,70,,948,6,0,49,1,30,,945,6,0,49,1,70,,947,6,0,49,1,30,,950,6,0,49,1,70,,936,6,0,49,1,30,,958,6,0,49,1,71,,955,6,0,49,1,30,,960,6,0,49,1,70,,951,6,0,49,1,30,,953,6,0,49,1,70,,942,6,0,49,1,30,,943,6,0,49,1,70,,944,6,0,49,1,30,,939,6,0,49,1,70,,946,6,0,49,1,30,,952,6,0,49,1
40401,'1',1903,,6370,6,0,39 51,1,99,,6372,6,0,39 51,1,100,,6369,6,0,39 51,1,100,,6371,6,0,39 51,1,100,,6373,6,0,39 51,1
40401,'10',1903,,6375,6,0,39 51,1,99,,6377,6,0,39 51,1,100,,6374,6,0,39 51,1,100,,6376,6,0,39 51,1,100,,6378,6,0,39 51,1
40401,'11',1903,,6380,6,0,39 51,1,99,,6382,6,0,39 51,1,100,,6379,6,0,39 51,1,100,,6381,6,0,39 51,1,100,,6383,6,0,39 51,1
40401,'12',1103,,6391,6,0,39 51,1,100,,6385,6,0,39 51,1,100,,6390,6,0,39 51,1,100,,6384,6,0,39 51,1,100,,6387,6,0,39 51,1,100,,6389,6,0,39 51,1,100,,6386,6,0,39 51,1,100,,6388,6,0,39 51,1
40401,'14',702,,6401,6,0,39 51,1,30,,6397,6,0,39 51,1,70,,6412,6,0,39 51,1,30,,6413,6,0,39 51,1,70,,6419,6,0,39 51,1,30,,6408,6,0,39 51,1,70,,6392,6,0,39 51,1,31,,6418,6,0,39 51,1,70,,6415,6,0,39 51,1,30,,6400,6,0,39 51,1,70,,6394,6,0,39 51,1,30,,6414,6,0,39 51,1,70,,6405,6,0,39 51,1,30,,6395,6,0,39 51,1,70,,6399,6,0,39 51,1,30,,6420,6,0,39 51,1,70,,6402,6,0,39 51,1,30,,6403,6,0,39 51,1,70,,6398,6,0,39 51,1,30,,6417,6,0,39 51,1,70,,6404,6,0,39 51,1,30,,6396,6,0,39 51,1,70,,6393,6,0,39 51,1,30,,6411,6,0,39 51,1,70,,6410,6,0,39 51,1,99,,6406,6,0,39 51,1,100,,6407,6,0,39 51,1,100,,6416,6,0,39 51,1,100,,6409,6,0,39 51,1
40401,'3',1903,,6422,6,0,39 51,1,99,,6424,6,0,39 51,1,100,,6421,6,0,39 51,1,100,,6423,6,0,39 51,1,100,,6425,6,0,39 51,1
40401,'7',902,,6428,6,0,39 51,1,100,,6429,6,0,39 51,1,31,,6426,6,0,39 51,1,70,,6436,6,0,39 51,1,30,,6434,6,0,39 51,1,70,,6445,6,0,39 51,1,30,,6435,6,0,39 51,1,70,,6432,6,0,39 51,1,30,,6427,6,0,39 51,1,70,,6433,6,0,39 51,1,30,,6438,6,0,39 51,1,70,,6442,6,0,39 51,1,30,,6439,6,0,39 51,1,70,,6443,6,0,39 51,1,30,,6440,6,0,39 51,1,70,,6441,6,0,39 51,1,30,,6430,6,0,39 51,1,70,,6437,6,0,39 51,1,100,,6444,6,0,39 51,1,99,,6431,6,0,39 51,1
