31201,'12',640,,35035,14,,,1,71,,35034,14,,,1,30,,35040,14,,,1,70,,35024,14,,,1,30,,35044,14,,,1,70,,35039,14,,,1,30,,35042,14,,,1,70,,35038,14,,,1,30,,35032,14,,,1,70,,35041,14,,,1,30,,35037,14,,,1,70,,35043,14,,,1,30,,35025,14,,,1,70,,35036,14,,,1,30,,35028,14,,,1,69,,35045,14,,,1,41,,35027,14,,,1,70,,35030,14,,,1,30,,35031,14,,,1,70,,35026,14,,,1,30,,35023,14,,,1,70,,35029,14,,,1,30,,35033,14,,,1
31201,'13',640,,29247,14,,,1,71,,35056,14,,,1,30,,29475,14,,,1,70,,35047,14,,,1,30,,35064,14,,,1,70,,35060,14,,,1,30,,35062,14,,,1,70,,35059,14,,,1,30,,35054,14,,,1,70,,35061,14,,,1,30,,35058,14,,,1,70,,35063,14,,,1,30,,35048,14,,,1,70,,35057,14,,,1,30,,35051,14,,,1,69,,35065,14,,,1,41,,35050,14,,,1,70,,35052,14,,,1,30,,35053,14,,,1,70,,35049,14,,,1,30,,35046,14,,,1,70,,24711,14,,,1,30,,35055,14,,,1
31201,'3',640,,29266,14,,,1,71,,35076,14,,,1,30,,29596,14,,,1,70,,35067,14,,,1,30,,35084,14,,,1,70,,35080,14,,,1,30,,35082,14,,,1,70,,35079,14,,,1,30,,35074,14,,,1,70,,35081,14,,,1,30,,35078,14,,,1,70,,35083,14,,,1,30,,35068,14,,,1,70,,35077,14,,,1,30,,35071,14,,,1,69,,35085,14,,,1,41,,35070,14,,,1,70,,35072,14,,,1,30,,35073,14,,,1,70,,35069,14,,,1,30,,35066,14,,,1,70,,24815,14,,,1,30,,35075,14,,,1
31201,'6',640,,35098,14,,,1,71,,35097,14,,,1,30,,35103,14,,,1,70,,35087,14,,,1,30,,35107,14,,,1,70,,35102,14,,,1,30,,35105,14,,,1,70,,35101,14,,,1,30,,35095,14,,,1,70,,35104,14,,,1,30,,35100,14,,,1,70,,35106,14,,,1,30,,35088,14,,,1,70,,35099,14,,,1,30,,35091,14,,,1,69,,35108,14,,,1,41,,35090,14,,,1,70,,35093,14,,,1,30,,35094,14,,,1,70,,35089,14,,,1,30,,35086,14,,,1,70,,35092,14,,,1,30,,35096,14,,,1
31401,'12',652,,35188,23,0,66 14,1,80,,35182,23,0,66 14,1,80,,35193,23,0,66 14,1,40,,35192,23,0,66 14,1,80,,35189,23,0,66 14,1,80,,35187,23,0,66 14,1,41,,35178,23,0,66 14,1,80,,35191,23,0,66 14,1,80,,35190,23,0,66 14,1,40,,35180,23,0,66 14,1,80,,35183,23,0,66 14,1,80,,35186,23,0,66 14,1,41,,35177,23,0,66 14,1,80,,35184,23,0,66 14,1,80,,35194,23,0,66 14,1,40,,35181,23,0,66 14,1,80,,35185,23,0,66 14,1,80,,35179,23,0,66 14,1
31401,'13',652,,35205,23,0,66 14,1,80,,35200,23,0,66 14,1,80,,35209,23,0,66 14,1,40,,35208,23,0,66 14,1,80,,35206,23,0,66 14,1,80,,35204,23,0,66 14,1,41,,35196,23,0,66 14,1,80,,35207,23,0,66 14,1,80,,27689,23,0,66 14,1,40,,35198,23,0,66 14,1,80,,35201,23,0,66 14,1,80,,35203,23,0,66 14,1,41,,35195,23,0,66 14,1,80,,35202,23,0,66 14,1,80,,35210,23,0,66 14,1,40,,35199,23,0,66 14,1,80,,30699,23,0,66 14,1,80,,35197,23,0,66 14,1
31401,'3',652,,35221,23,0,66 14,1,80,,35216,23,0,66 14,1,80,,35225,23,0,66 14,1,40,,35224,23,0,66 14,1,80,,35222,23,0,66 14,1,80,,35220,23,0,66 14,1,41,,35212,23,0,66 14,1,80,,35223,23,0,66 14,1,80,,27710,23,0,66 14,1,40,,35214,23,0,66 14,1,80,,35217,23,0,66 14,1,80,,35219,23,0,66 14,1,41,,35211,23,0,66 14,1,80,,35218,23,0,66 14,1,80,,35226,23,0,66 14,1,40,,35215,23,0,66 14,1,80,,30738,23,0,66 14,1,80,,35213,23,0,66 14,1
31401,'6',652,,35238,23,0,66 14,1,80,,35232,23,0,66 14,1,80,,35243,23,0,66 14,1,40,,35242,23,0,66 14,1,80,,35239,23,0,66 14,1,80,,35237,23,0,66 14,1,41,,35228,23,0,66 14,1,80,,35241,23,0,66 14,1,80,,35240,23,0,66 14,1,40,,35230,23,0,66 14,1,80,,35233,23,0,66 14,1,80,,35236,23,0,66 14,1,41,,35227,23,0,66 14,1,80,,35234,23,0,66 14,1,80,,35244,23,0,66 14,1,40,,35231,23,0,66 14,1,80,,35235,23,0,66 14,1,80,,35229,23,0,66 14,1
41201,'1',616,,39929,14,0,68,1,30,,39924,14,0,68,1,70,,39914,14,0,68,1,30,,39933,14,0,68,1,70,,39918,14,0,68,1,30,,31492,14,0,68,1,70,,39913,14,0,68,1,30,,39928,14,0,68,1,70,,39930,14,0,68,1,30,,39916,14,0,68,1,70,,39919,14,0,68,1,30,,39931,14,0,68,1,70,,39920,14,0,68,1,30,,39922,14,0,68,1,70,,39939,14,0,68,1,30,,39923,14,0,68,1,70,,39921,14,0,68,1,30,,39937,14,0,68,1,70,,39926,14,0,68,1,30,,39912,14,0,68,1,70,,39936,14,0,68,1,30,,39935,14,0,68,1,70,,39938,14,0,68,1,30,,39932,14,0,68,1,70,,39925,14,0,68,1,100,,39927,14,0,68,1,100,,31591,14,0,68,1,100,,39917,14,0,68,1,100,,39934,14,0,68,1,100,,39915,14,0,68,1
41201,'11',616,,39959,14,0,68,1,30,,39953,14,0,68,1,70,,39942,14,0,68,1,30,,39963,14,0,68,1,70,,39947,14,0,68,1,30,,39943,14,0,68,1,70,,39941,14,0,68,1,30,,39958,14,0,68,1,70,,39960,14,0,68,1,30,,39945,14,0,68,1,70,,39948,14,0,68,1,30,,39961,14,0,68,1,70,,39949,14,0,68,1,30,,39951,14,0,68,1,70,,39969,14,0,68,1,30,,39952,14,0,68,1,70,,39950,14,0,68,1,30,,39967,14,0,68,1,70,,39955,14,0,68,1,30,,39940,14,0,68,1,70,,39966,14,0,68,1,30,,39965,14,0,68,1,70,,39968,14,0,68,1,30,,39962,14,0,68,1,70,,39954,14,0,68,1,100,,39957,14,0,68,1,100,,39956,14,0,68,1,100,,39946,14,0,68,1,100,,39964,14,0,68,1,100,,39944,14,0,68,1
41201,'12',1816,,39971,14,0,68,1,100,,39972,14,0,68,1,100,,39975,14,0,68,1,100,,39973,14,0,68,1,100,,39970,14,0,68,1,100,,39974,14,0,68,1
41201,'13',1816,,24112,14,0,68,1,100,,27610,14,0,68,1,100,,39979,14,0,68,1,100,,39977,14,0,68,1,100,,39976,14,0,68,1,100,,39978,14,0,68,1
41201,'14',1116,,39986,14,0,68,1,100,,39987,14,0,68,1,100,,39984,14,0,68,1,100,,39982,14,0,68,1,100,,39981,14,0,68,1,100,,39985,14,0,68,1,100,,39980,14,0,68,1,100,,39983,14,0,69 29,1
41201,'16',616,,40005,14,0,68,1,30,,40000,14,0,68,1,70,,39990,14,0,68,1,30,,40009,14,0,68,1,70,,39994,14,0,68,1,30,,31532,14,0,68,1,70,,39989,14,0,68,1,30,,40004,14,0,68,1,70,,40006,14,0,68,1,30,,39992,14,0,68,1,70,,39995,14,0,68,1,30,,40007,14,0,68,1,70,,39996,14,0,68,1,30,,39998,14,0,68,1,70,,40015,14,0,68,1,30,,39999,14,0,68,1,70,,39997,14,0,68,1,30,,40013,14,0,68,1,70,,40002,14,0,68,1,30,,39988,14,0,68,1,70,,40012,14,0,68,1,30,,40011,14,0,68,1,70,,40014,14,0,68,1,30,,40008,14,0,68,1,70,,40001,14,0,68,1,100,,40003,14,0,68,1,100,,31627,14,0,68,1,100,,39993,14,0,68,1,100,,40010,14,0,68,1,100,,39991,14,0,68,1
41201,'3',1816,,24124,14,0,68,1,100,,27633,14,0,68,1,100,,40019,14,0,68,1,100,,40017,14,0,68,1,100,,40016,14,0,68,1,100,,40018,14,0,68,1
41201,'6',1816,,40021,14,0,68,1,100,,40022,14,0,68,1,100,,40025,14,0,68,1,100,,40023,14,0,68,1,100,,40020,14,0,68,1,100,,40024,14,0,68,1
41201,'8',916,,40044,14,0,68,1,100,,40026,14,0,68,1,30,,40034,14,0,68,1,70,,40029,14,0,68,1,30,,40038,14,0,68,1,70,,40031,14,0,68,1,30,,40039,14,0,68,1,70,,40028,14,0,68,1,30,,40037,14,0,68,1,70,,30497,14,0,68,1,30,,40036,14,0,68,1,70,,40027,14,0,68,1,30,,40035,14,0,68,1,70,,40030,14,0,68,1,30,,40041,14,0,68,1,70,,40033,14,0,68,1,30,,40032,14,0,68,1,70,,40040,14,0,68,1,100,,40042,14,0,68,1,100,,40043,14,0,68,1
41401,'1',651,,40108,23,0,66 14,1,80,,40105,23,0,66 14,1,80,,29421,23,0,66 14,1,40,,40111,23,0,66 14,1,80,,40100,23,0,66 14,1,80,,40104,23,0,66 14,1,41,,40103,23,0,66 14,1,80,,23959,23,0,66 14,1,80,,40110,23,0,66 14,1,40,,40112,23,0,66 14,1,80,,40106,23,0,66 14,1,80,,40107,23,0,66 14,1,41,,40101,23,0,66 14,1,80,,40102,23,0,66 14,1,80,,40113,23,0,66 14,1,40,,40109,23,0,66 14,1,80,,30432,23,0,66 14,1,80,,40099,23,0,66 14,1
41401,'11',651,,40125,23,0,66 14,1,80,,40121,23,0,66 14,1,80,,40126,23,0,66 14,1,40,,40129,23,0,66 14,1,80,,40115,23,0,66 14,1,80,,40120,23,0,66 14,1,41,,40118,23,0,66 14,1,80,,40119,23,0,66 14,1,80,,40128,23,0,66 14,1,40,,40130,23,0,66 14,1,80,,40122,23,0,66 14,1,80,,40124,23,0,66 14,1,41,,40116,23,0,66 14,1,80,,40117,23,0,66 14,1,80,,40131,23,0,66 14,1,40,,40127,23,0,66 14,1,80,,40123,23,0,66 14,1,80,,40114,23,0,66 14,1
41401,'16',651,,40141,23,0,66 14,1,80,,40138,23,0,66 14,1,80,,29540,23,0,66 14,1,40,,40144,23,0,66 14,1,80,,40133,23,0,66 14,1,80,,40137,23,0,66 14,1,41,,40136,23,0,66 14,1,80,,31385,23,0,66 14,1,80,,40143,23,0,66 14,1,40,,40145,23,0,66 14,1,80,,40139,23,0,66 14,1,80,,40140,23,0,66 14,1,41,,40134,23,0,66 14,1,80,,40135,23,0,66 14,1,80,,40146,23,0,66 14,1,40,,40142,23,0,66 14,1,80,,30471,23,0,66 14,1,80,,40132,23,0,66 14,1
