30200,'12',626,,33134,22,0,11,1,30,,33147,22,0,11,1,70,,33146,22,0,11,1,30,,33145,22,0,11,1,70,,33150,22,0,11,1,30,,33144,22,0,11,1,70,,33133,22,0,11,1,30,,33138,22,0,11,1,72,,33151,22,0,11,1,30,,33131,22,0,11,1,70,,33135,22,0,11,1,30,,33132,22,0,11,1,70,,33149,22,0,11,1,30,,33129,22,0,11,1,70,,33148,22,0,11,1,30,,33140,22,0,11,1,69,,33142,22,0,11,1,30,,33143,22,0,11,1,70,,33137,22,0,11,1,30,,33130,22,0,11,1,70,,33136,22,0,11,1,30,,33139,22,0,11,1,70,,33141,22,0,11,1
30200,'13',626,,33156,22,0,11,1,30,,33168,22,0,11,1,70,,33167,22,0,11,1,30,,33166,22,0,11,1,70,,33170,22,0,11,1,30,,33165,22,0,11,1,70,,33155,22,0,11,1,30,,27942,22,0,11,1,72,,33171,22,0,11,1,30,,33153,22,0,11,1,70,,33157,22,0,11,1,30,,33154,22,0,11,1,70,,33169,22,0,11,1,30,,28545,22,0,11,1,70,,29185,22,0,11,1,30,,33161,22,0,11,1,69,,33163,22,0,11,1,30,,33164,22,0,11,1,70,,33159,22,0,11,1,30,,33152,22,0,11,1,70,,33158,22,0,11,1,30,,33160,22,0,11,1,70,,33162,22,0,11,1
30200,'3',626,,33176,22,0,11,1,30,,33188,22,0,11,1,70,,33187,22,0,11,1,30,,33186,22,0,11,1,70,,33190,22,0,11,1,30,,33185,22,0,11,1,70,,33175,22,0,11,1,30,,27959,22,0,11,1,72,,33191,22,0,11,1,30,,33173,22,0,11,1,70,,33177,22,0,11,1,30,,33174,22,0,11,1,70,,33189,22,0,11,1,30,,28567,22,0,11,1,70,,29196,22,0,11,1,30,,33181,22,0,11,1,69,,33183,22,0,11,1,30,,33184,22,0,11,1,70,,33179,22,0,11,1,30,,33172,22,0,11,1,70,,33178,22,0,11,1,30,,33180,22,0,11,1,70,,33182,22,0,11,1
30200,'6',626,,33197,22,0,11,1,30,,33210,22,0,11,1,70,,33209,22,0,11,1,30,,33208,22,0,11,1,70,,33213,22,0,11,1,30,,33207,22,0,11,1,70,,33196,22,0,11,1,30,,33201,22,0,11,1,72,,33214,22,0,11,1,30,,33194,22,0,11,1,70,,33198,22,0,11,1,30,,33195,22,0,11,1,70,,33212,22,0,11,1,30,,33192,22,0,11,1,70,,33211,22,0,11,1,30,,33203,22,0,11,1,69,,33205,22,0,11,1,30,,33206,22,0,11,1,70,,33200,22,0,11,1,30,,33193,22,0,11,1,70,,33199,22,0,11,1,30,,33202,22,0,11,1,70,,33204,22,0,11,1
40200,'1',626,,38289,22,0,13 14,1,30,,38293,22,0,13 14,1,70,,38305,22,0,13 14,1,30,,38286,22,0,13 14,1,70,,38303,22,0,13 14,1,30,,38284,22,0,13 14,1,70,,38287,22,0,13 14,1,30,,38283,22,0,13 14,1,70,,29418,22,0,13 14,1,30,,38294,22,0,13 14,1,70,,38290,22,0,13 14,1,30,,38306,22,0,13 14,1,70,,38307,22,0,13 14,1,30,,38288,22,0,13 14,1,70,,38301,22,0,13 14,1,30,,38298,22,0,13 14,1,70,,38297,22,0,13 14,1,30,,38300,22,0,13 14,1,70,,38295,22,0,13 14,1,30,,29676,22,0,13 14,1,70,,38292,22,0,13 14,1,30,,38291,22,0,13 14,1,70,,38282,22,0,13 14,1,30,,38296,22,0,13 14,1,100,,31675,22,0,13 14,1,98,,38285,22,0,13 14,1,100,,38299,22,0,13 14,1,100,,38304,22,0,13 14,1,100,,38302,22,0,13 14,1
40200,'11',626,,38316,22,0,13 14,1,30,,38321,22,0,13 14,1,70,,38333,22,0,13 14,1,30,,38312,22,0,13 14,1,70,,38331,22,0,13 14,1,30,,38310,22,0,13 14,1,70,,38313,22,0,13 14,1,30,,38309,22,0,13 14,1,70,,38320,22,0,13 14,1,30,,38322,22,0,13 14,1,70,,38317,22,0,13 14,1,30,,38334,22,0,13 14,1,70,,38335,22,0,13 14,1,30,,38314,22,0,13 14,1,70,,38329,22,0,13 14,1,30,,38326,22,0,13 14,1,70,,38325,22,0,13 14,1,30,,38328,22,0,13 14,1,70,,38323,22,0,13 14,1,30,,38336,22,0,13 14,1,70,,38319,22,0,13 14,1,30,,38318,22,0,13 14,1,70,,38308,22,0,13 14,1,30,,38324,22,0,13 14,1,100,,38315,22,0,13 14,1,98,,38311,22,0,13 14,1,100,,38327,22,0,13 14,1,100,,38332,22,0,13 14,1,100,,38330,22,0,13 14,1
40200,'12',1756,,38340,22,0,13 14,1,100,,38338,22,0,13 14,1,98,,38342,22,0,13 14,1,100,,38339,22,0,13 14,1,100,,38341,22,0,13 14,1,100,,38337,22,0,13 14,1
40200,'13',1756,,38346,22,0,13 14,1,100,,38344,22,0,13 14,1,98,,38348,22,0,13 14,1,100,,38345,22,0,13 14,1,100,,38347,22,0,13 14,1,100,,38343,22,0,13 14,1
40200,'14',1056,,38356,22,0,13 14,1,100,,38349,22,0,13 14,1,100,,38350,22,0,13 14,1,100,,38355,22,0,13 14,1,100,,38351,22,0,13 14,1,100,,38354,22,0,13 14,1,100,,38352,22,0,13 14,1,100,,38353,22,0,13 14,1
40200,'16',626,,38364,22,0,13 14,1,30,,38368,22,0,13 14,1,70,,38380,22,0,13 14,1,30,,38361,22,0,13 14,1,70,,38378,22,0,13 14,1,30,,38359,22,0,13 14,1,70,,38362,22,0,13 14,1,30,,38358,22,0,13 14,1,70,,29537,22,0,13 14,1,30,,38369,22,0,13 14,1,70,,38365,22,0,13 14,1,30,,38381,22,0,13 14,1,70,,38382,22,0,13 14,1,30,,38363,22,0,13 14,1,70,,38376,22,0,13 14,1,30,,38373,22,0,13 14,1,70,,38372,22,0,13 14,1,30,,38375,22,0,13 14,1,70,,38370,22,0,13 14,1,30,,29795,22,0,13 14,1,70,,38367,22,0,13 14,1,30,,38366,22,0,13 14,1,70,,38357,22,0,13 14,1,30,,38371,22,0,13 14,1,100,,31732,22,0,13 14,1,98,,38360,22,0,13 14,1,100,,38374,22,0,13 14,1,100,,38379,22,0,13 14,1,100,,38377,22,0,13 14,1
40200,'3',1756,,38386,22,0,13 14,1,100,,38384,22,0,13 14,1,98,,38388,22,0,13 14,1,100,,38385,22,0,13 14,1,100,,38387,22,0,13 14,1,100,,38383,22,0,13 14,1
40200,'6',1756,,38392,22,0,13 14,1,100,,38390,22,0,13 14,1,98,,38394,22,0,13 14,1,100,,38391,22,0,13 14,1,100,,38393,22,0,13 14,1,100,,38389,22,0,13 14,1
40200,'8',856,,38397,22,0,13 14,1,100,,38401,22,0,13 14,1,70,,38413,22,0,13 14,1,30,,38395,22,0,13 14,1,70,,38414,22,0,13 14,1,30,,38407,22,0,13 14,1,70,,38411,22,0,13 14,1,30,,38396,22,0,13 14,1,70,,38400,22,0,13 14,1,30,,38408,22,0,13 14,1,70,,38398,22,0,13 14,1,30,,38403,22,0,13 14,1,70,,38405,22,0,13 14,1,30,,38412,22,0,13 14,1,70,,38404,22,0,13 14,1,30,,38410,22,0,13 14,1,70,,38406,22,0,13 14,1,30,,38409,22,0,13 14,1,100,,38402,22,0,13 14,1,98,,38399,22,0,13 14,1
