30900,'12',626,,34408,22,0,23,1,30,,34397,22,0,23,1,70,,34402,22,0,23,1,30,,34399,22,0,23,1,70,,34391,22,0,23,1,30,,34409,22,0,23,1,70,,34395,22,0,23,1,30,,34404,22,0,23,1,71,,34401,22,0,23,1,30,,34400,22,0,23,1,70,,34393,22,0,23,1,30,,34411,22,0,23,1,70,,34390,22,0,23,1,30,,34398,22,0,23,1,70,,34410,22,0,23,1,30,,34394,22,0,23,1,74,,34406,22,0,23,1,70,,34392,22,0,23,1,30,,34407,22,0,23,1,70,,34405,22,0,23,1,30,,34396,22,0,23,1,70,,34403,22,0,23,1,30,,34389,22,0,23,1
30900,'13',626,,34426,22,0,23,1,30,,34418,22,0,23,1,70,,34421,22,0,23,1,30,,34419,22,0,23,1,70,,34414,22,0,23,1,30,,34427,22,0,23,1,70,,34416,22,0,23,1,30,,27440,22,0,23,1,71,,27095,22,0,23,1,30,,34420,22,0,23,1,70,,28989,22,0,23,1,30,,34428,22,0,23,1,70,,34413,22,0,23,1,30,,29327,22,0,23,1,70,,29478,22,0,23,1,30,,28899,22,0,23,1,74,,34424,22,0,23,1,70,,34415,22,0,23,1,30,,34425,22,0,23,1,70,,34423,22,0,23,1,30,,34417,22,0,23,1,70,,34422,22,0,23,1,30,,34412,22,0,23,1
30900,'3',626,,34443,22,0,23,1,30,,34435,22,0,23,1,70,,34438,22,0,23,1,30,,34436,22,0,23,1,70,,34431,22,0,23,1,30,,34444,22,0,23,1,70,,34433,22,0,23,1,30,,27489,22,0,23,1,71,,27099,22,0,23,1,30,,34437,22,0,23,1,70,,29011,22,0,23,1,30,,34445,22,0,23,1,70,,34430,22,0,23,1,30,,29348,22,0,23,1,70,,29599,22,0,23,1,30,,28923,22,0,23,1,74,,34441,22,0,23,1,70,,34432,22,0,23,1,30,,34442,22,0,23,1,70,,34440,22,0,23,1,30,,34434,22,0,23,1,70,,34439,22,0,23,1,30,,34429,22,0,23,1
30900,'6',626,,34465,22,0,23,1,30,,34454,22,0,23,1,70,,34459,22,0,23,1,30,,34456,22,0,23,1,70,,34448,22,0,23,1,30,,34466,22,0,23,1,70,,34452,22,0,23,1,30,,34461,22,0,23,1,71,,34458,22,0,23,1,30,,34457,22,0,23,1,70,,34450,22,0,23,1,30,,34468,22,0,23,1,70,,34447,22,0,23,1,30,,34455,22,0,23,1,70,,34467,22,0,23,1,30,,34451,22,0,23,1,74,,34463,22,0,23,1,70,,34449,22,0,23,1,30,,34464,22,0,23,1,70,,34462,22,0,23,1,30,,34453,22,0,23,1,70,,34460,22,0,23,1,30,,34446,22,0,23,1
40900,'1',700,,39350,22,0,23,1,30,,39359,22,0,23,1,70,,39351,22,0,23,1,30,,39367,22,0,23,1,70,,32246,22,0,23,1,30,,39349,22,0,23,1,70,,39348,22,0,23,1,31,,39345,22,0,23,1,70,,39363,22,0,23,1,30,,39362,22,0,23,1,70,,39355,22,0,23,1,30,,31045,22,0,23,1,70,,39365,22,0,23,1,30,,39346,22,0,23,1,70,,39343,22,0,23,1,30,,39353,22,0,23,1,70,,39360,22,0,23,1,30,,39358,22,0,23,1,70,,39354,22,0,23,1,30,,39344,22,0,23,1,70,,39356,22,0,23,1,30,,39357,22,0,23,1,70,,39347,22,0,23,1,100,,39364,22,0,23,1,58,,39342,22,0,23,1,100,,39366,22,0,23,1,100,,39361,22,0,23,1,100,,39368,22,0,23,1,100,,39352,22,0,23,1
40900,'11',700,,39378,22,0,23,1,30,,39387,22,0,23,1,70,,39379,22,0,23,1,30,,39395,22,0,23,1,70,,39370,22,0,23,1,30,,39377,22,0,23,1,70,,39376,22,0,23,1,31,,39373,22,0,23,1,70,,39391,22,0,23,1,30,,39390,22,0,23,1,70,,39383,22,0,23,1,30,,39396,22,0,23,1,70,,39393,22,0,23,1,30,,39374,22,0,23,1,70,,39371,22,0,23,1,30,,39381,22,0,23,1,70,,39388,22,0,23,1,30,,39386,22,0,23,1,70,,39382,22,0,23,1,30,,39372,22,0,23,1,70,,39384,22,0,23,1,30,,39385,22,0,23,1,70,,39375,22,0,23,1,100,,39392,22,0,23,1,58,,39369,22,0,23,1,100,,39394,22,0,23,1,100,,39389,22,0,23,1,100,,39397,22,0,23,1,100,,39380,22,0,23,1
40900,'12',1801,,39403,22,0,23,1,100,,39398,22,0,23,1,58,,39404,22,0,23,1,100,,39402,22,0,23,1,100,,39401,22,0,23,1,100,,39399,22,0,23,1,100,,39400,22,0,23,1
40900,'13',1801,,39408,22,0,23,1,100,,39405,22,0,23,1,58,,39409,22,0,23,1,100,,27727,22,0,23,1,100,,28548,22,0,23,1,100,,39406,22,0,23,1,100,,39407,22,0,23,1
40900,'14',1101,,39410,22,0,23,1,100,,39416,22,0,23,1,100,,39414,22,0,23,1,100,,39415,22,0,23,1,100,,39417,22,0,23,1,100,,39413,22,0,23,1,100,,39412,22,0,23,1,100,,39411,22,0,23,1
40900,'16',700,,39426,22,0,23,1,30,,39435,22,0,23,1,70,,39427,22,0,23,1,30,,39443,22,0,23,1,70,,32290,22,0,23,1,30,,39425,22,0,23,1,70,,39424,22,0,23,1,31,,39421,22,0,23,1,70,,39439,22,0,23,1,30,,39438,22,0,23,1,70,,39431,22,0,23,1,30,,31083,22,0,23,1,70,,39441,22,0,23,1,30,,39422,22,0,23,1,70,,39419,22,0,23,1,30,,39429,22,0,23,1,70,,39436,22,0,23,1,30,,39434,22,0,23,1,70,,39430,22,0,23,1,30,,39420,22,0,23,1,70,,39432,22,0,23,1,30,,39433,22,0,23,1,70,,39423,22,0,23,1,100,,39440,22,0,23,1,58,,39418,22,0,23,1,100,,39442,22,0,23,1,100,,39437,22,0,23,1,100,,39444,22,0,23,1,100,,39428,22,0,23,1
40900,'3',1801,,39448,22,0,23,1,100,,39445,22,0,23,1,58,,39449,22,0,23,1,100,,27748,22,0,23,1,100,,28570,22,0,23,1,100,,39446,22,0,23,1,100,,39447,22,0,23,1
40900,'6',1801,,39455,22,0,23,1,100,,39450,22,0,23,1,58,,39456,22,0,23,1,100,,39454,22,0,23,1,100,,39453,22,0,23,1,100,,39451,22,0,23,1,100,,39452,22,0,23,1
40900,'8',900,,39471,22,0,23,1,131,,39458,22,0,23,1,70,,39461,22,0,23,1,30,,39470,22,0,23,1,70,,39464,22,0,23,1,30,,39469,22,0,23,1,70,,39468,22,0,23,1,100,,39459,22,0,23,1,30,,26494,22,0,23,1,70,,39460,22,0,23,1,30,,39467,22,0,23,1,70,,39466,22,0,23,1,30,,39463,22,0,23,1,70,,39457,22,0,23,1,30,,39473,22,0,23,1,70,,39472,22,0,23,1,100,,39465,22,0,23,1,58,,39462,22,0,23,1
