31501,'12',610,,35338,21,0,20 14 35 26,1,30,,35351,21,0,20 14 35 26,1,70,,35346,21,0,20 14 35 26,1,30,,35345,21,0,20 14 35 26,1,70,,35343,21,0,20 14 35 26,1,30,,35344,21,0,20 14 35 26,1,70,,35347,21,0,20 14 35 26,1,30,,35350,21,0,20 14 35 26,1,70,,35339,21,0,20 14 35 26,1,30,,35348,21,0,20 14 35 26,1,70,,35354,21,0,20 14 35 26,1,30,,35358,21,0,20 14 35 26,1,70,,35353,21,0,20 14 35 26,1,30,,35360,21,0,20 14 35 26,1,70,,35352,21,0,20 14 35 26,1,30,,35341,21,0,20 14 35 26,1,71,,35349,21,0,20 14 35 26,1,30,,35356,21,0,20 14 35 26,1,70,,35342,21,0,20 14 35 26,1,30,,35340,21,0,20 14 35 26,1,70,,35357,21,0,20 14 35 26,1,30,,35355,21,0,20 14 35 26,1,70,,35359,21,0,20 14 35 26,1,30,,35337,21,0,20 14 35 26,1
31501,'13',610,,35362,21,0,20 14 35 26,1,30,,21901,21,0,20 14 35 26,1,70,,35368,21,0,20 14 35 26,1,30,,35367,21,0,20 14 35 26,1,70,,35365,21,0,20 14 35 26,1,30,,35366,21,0,20 14 35 26,1,70,,35369,21,0,20 14 35 26,1,30,,35372,21,0,20 14 35 26,1,70,,28189,21,0,20 14 35 26,1,30,,35370,21,0,20 14 35 26,1,70,,28508,21,0,20 14 35 26,1,30,,35377,21,0,20 14 35 26,1,70,,35373,21,0,20 14 35 26,1,30,,35379,21,0,20 14 35 26,1,70,,27564,21,0,20 14 35 26,1,30,,35364,21,0,20 14 35 26,1,71,,35371,21,0,20 14 35 26,1,30,,35375,21,0,20 14 35 26,1,70,,27339,21,0,20 14 35 26,1,30,,35363,21,0,20 14 35 26,1,70,,35376,21,0,20 14 35 26,1,30,,35374,21,0,20 14 35 26,1,70,,35378,21,0,20 14 35 26,1,30,,35361,21,0,20 14 35 26,1
31501,'3',610,,35381,21,0,20 14 35 26,1,30,,21925,21,0,20 14 35 26,1,70,,35387,21,0,20 14 35 26,1,30,,35386,21,0,20 14 35 26,1,70,,35384,21,0,20 14 35 26,1,30,,35385,21,0,20 14 35 26,1,70,,35388,21,0,20 14 35 26,1,30,,35391,21,0,20 14 35 26,1,70,,28210,21,0,20 14 35 26,1,30,,35389,21,0,20 14 35 26,1,70,,28532,21,0,20 14 35 26,1,30,,35396,21,0,20 14 35 26,1,70,,35392,21,0,20 14 35 26,1,30,,35398,21,0,20 14 35 26,1,70,,27586,21,0,20 14 35 26,1,30,,35383,21,0,20 14 35 26,1,71,,35390,21,0,20 14 35 26,1,30,,35394,21,0,20 14 35 26,1,70,,27377,21,0,20 14 35 26,1,30,,35382,21,0,20 14 35 26,1,70,,35395,21,0,20 14 35 26,1,30,,35393,21,0,20 14 35 26,1,70,,35397,21,0,20 14 35 26,1,30,,35380,21,0,20 14 35 26,1
31501,'6',610,,35400,21,0,20 14 35 26,1,30,,35413,21,0,20 14 35 26,1,70,,35408,21,0,20 14 35 26,1,30,,35407,21,0,20 14 35 26,1,70,,35405,21,0,20 14 35 26,1,30,,35406,21,0,20 14 35 26,1,70,,35409,21,0,20 14 35 26,1,30,,35412,21,0,20 14 35 26,1,70,,35401,21,0,20 14 35 26,1,30,,35410,21,0,20 14 35 26,1,70,,35416,21,0,20 14 35 26,1,30,,35420,21,0,20 14 35 26,1,70,,35415,21,0,20 14 35 26,1,30,,35422,21,0,20 14 35 26,1,70,,35414,21,0,20 14 35 26,1,30,,35403,21,0,20 14 35 26,1,71,,35411,21,0,20 14 35 26,1,30,,35418,21,0,20 14 35 26,1,70,,35404,21,0,20 14 35 26,1,30,,35402,21,0,20 14 35 26,1,70,,35419,21,0,20 14 35 26,1,30,,35417,21,0,20 14 35 26,1,70,,35421,21,0,20 14 35 26,1,30,,35399,21,0,20 14 35 26,1
41501,'1',655,,40301,21,0,20 14 34,1,70,,40294,21,0,20 14 34,1,30,,40288,21,0,20 14 34,1,70,,40304,21,0,20 14 34,1,30,,40293,21,0,20 14 34,1,70,,40286,21,0,20 14 34,1,30,,40289,21,0,20 14 34,1,70,,40302,21,0,20 14 34,1,30,,31128,21,0,20 14 34,1,70,,40284,21,0,20 14 34,1,30,,40297,21,0,20 14 34,1,70,,40281,21,0,20 14 34,1,30,,40300,21,0,20 14 34,1,70,,40280,21,0,20 14 34,1,30,,40303,21,0,20 14 34,1,71,,40278,21,0,20 14 34,1,30,,40287,21,0,20 14 34,1,70,,40290,21,0,20 14 34,1,30,,40296,21,0,20 14 34,1,70,,40292,21,0,20 14 34,1,30,,40282,21,0,20 14 34,1,70,,40298,21,0,20 14 34,1,30,,29652,21,0,20 14 34,1,70,,40283,21,0,20 14 34,1,99,,40291,21,0,20 14 34,1,100,,40285,21,0,20 14 34,1,100,,40295,21,0,20 14 34,1,100,,40299,21,0,20 14 34,1,100,,40279,21,0,20 14 34,1
41501,'11',655,,40329,21,0,20 14 34,1,70,,40322,21,0,20 14 34,1,30,,40316,21,0,20 14 34,1,70,,40333,21,0,20 14 34,1,30,,40321,21,0,20 14 34,1,70,,40314,21,0,20 14 34,1,30,,40317,21,0,20 14 34,1,70,,40330,21,0,20 14 34,1,30,,40331,21,0,20 14 34,1,70,,40312,21,0,20 14 34,1,30,,40325,21,0,20 14 34,1,70,,40308,21,0,20 14 34,1,30,,40328,21,0,20 14 34,1,70,,40307,21,0,20 14 34,1,30,,40332,21,0,20 14 34,1,71,,40305,21,0,20 14 34,1,30,,40315,21,0,20 14 34,1,70,,40318,21,0,20 14 34,1,30,,40324,21,0,20 14 34,1,70,,40320,21,0,20 14 34,1,30,,40310,21,0,20 14 34,1,70,,40326,21,0,20 14 34,1,30,,40309,21,0,20 14 34,1,70,,40311,21,0,20 14 34,1,99,,40319,21,0,20 14 34,1,100,,40313,21,0,20 14 34,1,100,,40323,21,0,20 14 34,1,100,,40327,21,0,20 14 34,1,100,,40306,21,0,20 14 34,1
41501,'12',1811,,40338,21,0,20 14 34,1,30,,40334,21,0,20 14 34,1,84,,40336,21,0,20 14 34,1,100,,40340,21,0,20 14 34,1,100,,40335,21,0,20 14 34,1,100,,40337,21,0,20 14 34,1,100,,40339,21,0,20 14 34,1
41501,'13',1811,,40345,21,0,20 14 34,1,30,,40341,21,0,20 14 34,1,84,,40343,21,0,20 14 34,1,100,,40347,21,0,20 14 34,1,100,,40342,21,0,20 14 34,1,100,,40344,21,0,20 14 34,1,100,,40346,21,0,20 14 34,1
41501,'14',1125,,40349,21,0,20 14 34,1,100,,40352,21,0,20 14 34,1,100,,40353,21,0,20 14 34,1,101,,40351,21,0,20 14 34,1,100,,40350,21,0,20 14 34,1,100,,40354,21,0,20 14 34,1,100,,40348,21,0,20 14 34,1
41501,'16',655,,40378,21,0,20 14 34,1,70,,40371,21,0,20 14 34,1,30,,40365,21,0,20 14 34,1,70,,40381,21,0,20 14 34,1,30,,40370,21,0,20 14 34,1,70,,40363,21,0,20 14 34,1,30,,40366,21,0,20 14 34,1,70,,40379,21,0,20 14 34,1,30,,31153,21,0,20 14 34,1,70,,40361,21,0,20 14 34,1,30,,40374,21,0,20 14 34,1,70,,40358,21,0,20 14 34,1,30,,40377,21,0,20 14 34,1,70,,40357,21,0,20 14 34,1,30,,40380,21,0,20 14 34,1,71,,40355,21,0,20 14 34,1,30,,40364,21,0,20 14 34,1,70,,40367,21,0,20 14 34,1,30,,40373,21,0,20 14 34,1,70,,40369,21,0,20 14 34,1,30,,40359,21,0,20 14 34,1,70,,40375,21,0,20 14 34,1,30,,26926,21,0,20 14 34,1,70,,40360,21,0,20 14 34,1,99,,40368,21,0,20 14 34,1,100,,40362,21,0,20 14 34,1,100,,40372,21,0,20 14 34,1,100,,40376,21,0,20 14 34,1,100,,40356,21,0,20 14 34,1
41501,'3',1811,,40386,21,0,20 14 34,1,30,,40382,21,0,20 14 34,1,84,,40384,21,0,20 14 34,1,100,,40388,21,0,20 14 34,1,100,,40383,21,0,20 14 34,1,100,,40385,21,0,20 14 34,1,100,,40387,21,0,20 14 34,1
41501,'6',1811,,40393,21,0,20 14 34,1,30,,40389,21,0,20 14 34,1,84,,40391,21,0,20 14 34,1,100,,40395,21,0,20 14 34,1,100,,40390,21,0,20 14 34,1,100,,40392,21,0,20 14 34,1,100,,40394,21,0,20 14 34,1
41501,'8',1025,,40400,21,0,20 14 34,1,30,,40408,21,0,20 14 34,1,70,,40403,21,0,20 14 34,1,30,,40401,21,0,20 14 34,1,70,,40410,21,0,20 14 34,1,100,,40407,21,0,20 14 34,1,30,,40398,21,0,20 14 34,1,71,,40404,21,0,20 14 34,1,100,,40402,21,0,20 14 34,1,30,,40406,21,0,20 14 34,1,70,,40409,21,0,20 14 34,1,30,,31323,21,0,20 14 34,1,70,,40396,21,0,20 14 34,1,30,,40397,21,0,20 14 34,1,70,,40405,21,0,20 14 34,1,99,,40399,21,0,20 14 34,1
