30201,'1',623,,485,9,0,24,1,30,,497,9,0,24,1,70,,487,9,0,24,1,30,,494,9,0,24,1,70,,496,9,0,24,1,30,,488,9,0,24,1,70,,489,9,0,24,1,30,,482,9,0,24,1,70,,484,9,0,24,1,30,,483,9,0,24,1,70,,481,9,0,24,1,30,,500,9,0,24,1,70,,499,9,0,24,1,30,,492,9,0,24,1,70,,493,9,0,24,1,30,,502,9,0,24,1,73,,498,9,0,24,1,78,,495,9,0,24,1,30,,503,9,0,24,1,70,,501,9,0,24,1,30,,486,9,0,24,1,70,,504,9,0,24,1,30,,491,9,0,24,1,70,,490,9,0,24,1
30201,'10',623,,509,9,0,24,1,30,,521,9,0,24,1,70,,511,9,0,24,1,30,,518,9,0,24,1,70,,520,9,0,24,1,30,,512,9,0,24,1,70,,513,9,0,24,1,30,,506,9,0,24,1,70,,508,9,0,24,1,30,,507,9,0,24,1,70,,505,9,0,24,1,30,,524,9,0,24,1,70,,523,9,0,24,1,30,,516,9,0,24,1,70,,517,9,0,24,1,30,,526,9,0,24,1,73,,522,9,0,24,1,78,,519,9,0,24,1,30,,527,9,0,24,1,70,,525,9,0,24,1,30,,510,9,0,24,1,70,,528,9,0,24,1,30,,515,9,0,24,1,70,,514,9,0,24,1
30201,'11',623,,532,9,0,24,1,30,,545,9,0,24,1,70,,534,9,0,24,1,30,,541,9,0,24,1,70,,543,9,0,24,1,30,,535,9,0,24,1,70,,536,9,0,24,1,30,,530,9,0,24,1,70,,544,9,0,24,1,30,,531,9,0,24,1,70,,529,9,0,24,1,30,,548,9,0,24,1,70,,547,9,0,24,1,30,,539,9,0,24,1,70,,540,9,0,24,1,30,,550,9,0,24,1,73,,546,9,0,24,1,78,,542,9,0,24,1,30,,551,9,0,24,1,70,,549,9,0,24,1,30,,533,9,0,24,1,70,,552,9,0,24,1,30,,538,9,0,24,1,70,,537,9,0,24,1
30201,'3',623,,556,9,0,24,1,30,,569,9,0,24,1,70,,558,9,0,24,1,30,,565,9,0,24,1,70,,567,9,0,24,1,30,,559,9,0,24,1,70,,560,9,0,24,1,30,,554,9,0,24,1,70,,568,9,0,24,1,30,,555,9,0,24,1,70,,553,9,0,24,1,30,,572,9,0,24,1,70,,571,9,0,24,1,30,,563,9,0,24,1,70,,564,9,0,24,1,30,,574,9,0,24,1,73,,570,9,0,24,1,78,,566,9,0,24,1,30,,575,9,0,24,1,70,,573,9,0,24,1,30,,557,9,0,24,1,70,,576,9,0,24,1,30,,562,9,0,24,1,70,,561,9,0,24,1
40201,'1',1850,,6214,9,0,24,1,100,,6213,9,0,24,1,100,,6210,9,0,24,1,100,,6212,9,0,24,1,100,,6211,9,0,24,1,100,,6209,9,0,24,1
40201,'10',1850,,6220,9,0,24,1,100,,6219,9,0,24,1,100,,6216,9,0,24,1,100,,6218,9,0,24,1,100,,6217,9,0,24,1,100,,6215,9,0,24,1
40201,'11',1850,,6226,9,0,24,1,100,,6225,9,0,24,1,100,,6222,9,0,24,1,100,,6224,9,0,24,1,100,,6223,9,0,24,1,100,,6221,9,0,24,1
40201,'12',1150,,6228,9,0,24,1,100,,6233,9,0,24,1,100,,6232,9,0,24,1,100,,6231,9,0,24,1,100,,6227,9,0,24,1,100,,6229,9,0,24,1,100,,6230,9,0,24,1
40201,'14',650,,6255,9,0,24,1,70,,6244,9,0,24,1,30,,6243,9,0,24,1,70,,6253,9,0,24,1,30,,6236,9,0,24,1,70,,6234,9,0,24,1,30,,6240,9,0,24,1,70,,6251,9,0,24,1,30,,6242,9,0,24,1,70,,6261,9,0,24,1,30,,6238,9,0,24,1,70,,6246,9,0,24,1,30,,6237,9,0,24,1,70,,6248,9,0,24,1,30,,6254,9,0,24,1,70,,6247,9,0,24,1,30,,6256,9,0,24,1,70,,6249,9,0,24,1,30,,6245,9,0,24,1,70,,6239,9,0,24,1,30,,6235,9,0,24,1,70,,6260,9,0,24,1,30,,6263,9,0,24,1,70,,6252,9,0,24,1,30,,6257,9,0,24,1,100,,6250,9,0,24,1,100,,6262,9,0,24,1,100,,6258,9,0,24,1,100,,6259,9,0,24,1,100,,6241,9,0,24,1
40201,'3',1850,,6269,9,0,24,1,100,,6268,9,0,24,1,100,,6265,9,0,24,1,100,,6267,9,0,24,1,100,,6266,9,0,24,1,100,,6264,9,0,24,1
40201,'7',950,,6278,9,0,24,1,100,,6279,9,0,24,1,70,,6281,9,0,24,1,30,,6275,9,0,24,1,70,,6286,9,0,24,1,30,,6277,9,0,24,1,70,,6272,9,0,24,1,30,,6276,9,0,24,1,70,,6287,9,0,24,1,30,,6270,9,0,24,1,70,,6274,9,0,24,1,30,,6282,9,0,24,1,70,,6280,9,0,24,1,30,,6288,9,0,24,1,70,,6284,9,0,24,1,30,,6273,9,0,24,1,70,,6283,9,0,24,1,30,,6271,9,0,24,1,100,,6285,9,0,24,1
