30201,'12',630,,33215,22,0,24,1,70,,33224,22,0,24,1,30,,33225,22,0,24,1,70,,33230,22,0,24,1,30,,33218,22,0,24,1,70,,33235,22,0,24,1,30,,33219,22,0,24,1,70,,33229,22,0,24,1,32,,33231,22,0,24,1,70,,33237,22,0,24,1,30,,33216,22,0,24,1,70,,33217,22,0,24,1,30,,33232,22,0,24,1,70,,33226,22,0,24,1,30,,33223,22,0,24,1,70,,33227,22,0,24,1,33,,33228,22,0,24,1,78,,33221,22,0,24,1,30,,33220,22,0,24,1,70,,33234,22,0,24,1,30,,33233,22,0,24,1,70,,33238,22,0,24,1,30,,33222,22,0,24,1,70,,33236,22,0,24,1
30201,'13',630,,33239,22,0,24,1,70,,33248,22,0,24,1,30,,33249,22,0,24,1,70,,33254,22,0,24,1,30,,33242,22,0,24,1,70,,33258,22,0,24,1,30,,33243,22,0,24,1,70,,33253,22,0,24,1,32,,33255,22,0,24,1,70,,33260,22,0,24,1,30,,33240,22,0,24,1,70,,33241,22,0,24,1,30,,33256,22,0,24,1,70,,33250,22,0,24,1,30,,33247,22,0,24,1,70,,33251,22,0,24,1,33,,33252,22,0,24,1,78,,33245,22,0,24,1,30,,33244,22,0,24,1,70,,33257,22,0,24,1,30,,29290,22,0,24,1,70,,28820,22,0,24,1,30,,33246,22,0,24,1,70,,33259,22,0,24,1
30201,'3',630,,33261,22,0,24,1,70,,33270,22,0,24,1,30,,33271,22,0,24,1,70,,33276,22,0,24,1,30,,33264,22,0,24,1,70,,33280,22,0,24,1,30,,33265,22,0,24,1,70,,33275,22,0,24,1,32,,33277,22,0,24,1,70,,33282,22,0,24,1,30,,33262,22,0,24,1,70,,33263,22,0,24,1,30,,33278,22,0,24,1,70,,33272,22,0,24,1,30,,33269,22,0,24,1,70,,33273,22,0,24,1,33,,33274,22,0,24,1,78,,33267,22,0,24,1,30,,33266,22,0,24,1,70,,33279,22,0,24,1,30,,29309,22,0,24,1,70,,28843,22,0,24,1,30,,33268,22,0,24,1,70,,33281,22,0,24,1
30201,'6',630,,33283,22,0,24,1,70,,33292,22,0,24,1,30,,33293,22,0,24,1,70,,33298,22,0,24,1,30,,33286,22,0,24,1,70,,33303,22,0,24,1,30,,33287,22,0,24,1,70,,33297,22,0,24,1,32,,33299,22,0,24,1,70,,33305,22,0,24,1,30,,33284,22,0,24,1,70,,33285,22,0,24,1,30,,33300,22,0,24,1,70,,33294,22,0,24,1,30,,33291,22,0,24,1,70,,33295,22,0,24,1,33,,33296,22,0,24,1,78,,33289,22,0,24,1,30,,33288,22,0,24,1,70,,33302,22,0,24,1,30,,33301,22,0,24,1,70,,33306,22,0,24,1,30,,33290,22,0,24,1,70,,33304,22,0,24,1
40201,'1',657,,38428,22,0,24,1,70,,38425,22,0,24,1,30,,38426,22,0,24,1,70,,38427,22,0,24,1,30,,38437,22,0,24,1,70,,38432,22,0,24,1,30,,38441,22,0,24,1,70,,38423,22,0,24,1,30,,38430,22,0,24,1,70,,38436,22,0,24,1,30,,38419,22,0,24,1,70,,38433,22,0,24,1,30,,38438,22,0,24,1,70,,31028,22,0,24,1,30,,38418,22,0,24,1,70,,38415,22,0,24,1,30,,38424,22,0,24,1,70,,38431,22,0,24,1,30,,38435,22,0,24,1,70,,38421,22,0,24,1,30,,31249,22,0,24,1,70,,38417,22,0,24,1,30,,38422,22,0,24,1,70,,38442,22,0,24,1,30,,38434,22,0,24,1,99,,38429,22,0,24,1,100,,38440,22,0,24,1,100,,38420,22,0,24,1,100,,38439,22,0,24,1,100,,38416,22,0,24,1
40201,'11',657,,38459,22,0,24,1,70,,38456,22,0,24,1,30,,38457,22,0,24,1,70,,38458,22,0,24,1,30,,38454,22,0,24,1,70,,38463,22,0,24,1,30,,38471,22,0,24,1,70,,38453,22,0,24,1,30,,38461,22,0,24,1,70,,38467,22,0,24,1,30,,38449,22,0,24,1,70,,38464,22,0,24,1,30,,38468,22,0,24,1,70,,38443,22,0,24,1,30,,38448,22,0,24,1,70,,38444,22,0,24,1,30,,38455,22,0,24,1,70,,38462,22,0,24,1,30,,38466,22,0,24,1,70,,38451,22,0,24,1,30,,38446,22,0,24,1,70,,38447,22,0,24,1,30,,38452,22,0,24,1,70,,38472,22,0,24,1,30,,38465,22,0,24,1,99,,38460,22,0,24,1,100,,38470,22,0,24,1,100,,38450,22,0,24,1,100,,38469,22,0,24,1,100,,38445,22,0,24,1
40201,'12',1857,,38476,22,0,24,1,99,,38473,22,0,24,1,100,,38474,22,0,24,1,100,,38478,22,0,24,1,100,,38475,22,0,24,1,100,,38477,22,0,24,1
40201,'13',1857,,38482,22,0,24,1,99,,38479,22,0,24,1,100,,38480,22,0,24,1,100,,38484,22,0,24,1,100,,38481,22,0,24,1,100,,38483,22,0,24,1
40201,'14',1157,,38488,22,0,24,1,100,,29737,22,0,24,1,100,,38487,22,0,24,1,100,,38486,22,0,24,1,100,,38490,22,0,24,1,100,,38485,22,0,24,1,100,,38489,22,0,24,1
40201,'16',657,,38504,22,0,24,1,70,,38501,22,0,24,1,30,,38502,22,0,24,1,70,,38503,22,0,24,1,30,,38513,22,0,24,1,70,,38508,22,0,24,1,30,,38517,22,0,24,1,70,,38499,22,0,24,1,30,,38506,22,0,24,1,70,,38512,22,0,24,1,30,,38495,22,0,24,1,70,,38509,22,0,24,1,30,,38514,22,0,24,1,70,,31065,22,0,24,1,30,,38494,22,0,24,1,70,,38491,22,0,24,1,30,,38500,22,0,24,1,70,,38507,22,0,24,1,30,,38511,22,0,24,1,70,,38497,22,0,24,1,30,,31288,22,0,24,1,70,,38493,22,0,24,1,30,,38498,22,0,24,1,70,,38518,22,0,24,1,30,,38510,22,0,24,1,99,,38505,22,0,24,1,100,,38516,22,0,24,1,100,,38496,22,0,24,1,100,,38515,22,0,24,1,100,,38492,22,0,24,1
40201,'3',1857,,38522,22,0,24,1,99,,38519,22,0,24,1,100,,38520,22,0,24,1,100,,38524,22,0,24,1,100,,38521,22,0,24,1,100,,38523,22,0,24,1
40201,'6',1857,,38528,22,0,24,1,99,,38525,22,0,24,1,100,,38526,22,0,24,1,100,,38530,22,0,24,1,100,,38527,22,0,24,1,100,,38529,22,0,24,1
40201,'8',957,,38533,22,0,24,1,100,,38534,22,0,24,1,70,,38536,22,0,24,1,30,,25796,22,0,24,1,70,,38545,22,0,24,1,30,,38542,22,0,24,1,70,,38540,22,0,24,1,30,,38539,22,0,24,1,70,,38547,22,0,24,1,30,,38532,22,0,24,1,70,,38544,22,0,24,1,30,,38543,22,0,24,1,70,,38535,22,0,24,1,30,,38538,22,0,24,1,70,,38531,22,0,24,1,30,,38548,22,0,24,1,70,,38541,22,0,24,1,30,,38546,22,0,24,1,99,,38537,22,0,24,1
