31500,'1',644,,2655,34,,,1,70,,2658,34,,,1,30,,2667,34,,,1,70,,2663,34,,,1,30,,2651,34,,,1,70,,2654,34,,,1,30,,2662,34,,,1,70,,2661,34,,,1,30,,2666,34,,,1,70,,2671,34,,,1,30,,2657,34,,,1,70,,2670,34,,,1,30,,2652,34,,,1,70,,2668,34,,,1,30,,2649,34,,,1,72,,2665,34,,,1,30,,2664,34,,,1,70,,2672,34,,,1,30,,2659,34,,,1,70,,2669,34,,,1,30,,2656,34,,,1,70,,2653,34,,,1,30,,2650,34,,,1,70,,2660,34,,,1
31500,'10',644,,2679,34,,,1,70,,2682,34,,,1,30,,2691,34,,,1,70,,2687,34,,,1,30,,2675,34,,,1,70,,2678,34,,,1,30,,2686,34,,,1,70,,2685,34,,,1,30,,2690,34,,,1,70,,2695,34,,,1,30,,2681,34,,,1,70,,2694,34,,,1,30,,2676,34,,,1,70,,2692,34,,,1,30,,2673,34,,,1,72,,2689,34,,,1,30,,2688,34,,,1,70,,2696,34,,,1,30,,2683,34,,,1,70,,2693,34,,,1,30,,2680,34,,,1,70,,2677,34,,,1,30,,2674,34,,,1,70,,2684,34,,,1
31500,'11',644,,2704,34,,,1,70,,2707,34,,,1,30,,2716,34,,,1,70,,2712,34,,,1,30,,2700,34,,,1,70,,2703,34,,,1,30,,2711,34,,,1,70,,2710,34,,,1,30,,2715,34,,,1,70,,2720,34,,,1,30,,2706,34,,,1,70,,2719,34,,,1,30,,2701,34,,,1,70,,2717,34,,,1,30,,2698,34,,,1,72,,2714,34,,,1,30,,2713,34,,,1,70,,2697,34,,,1,30,,2708,34,,,1,70,,2718,34,,,1,30,,2705,34,,,1,70,,2702,34,,,1,30,,2699,34,,,1,70,,2709,34,,,1
31500,'3',644,,2728,34,,,1,70,,2731,34,,,1,30,,2740,34,,,1,70,,2736,34,,,1,30,,2724,34,,,1,70,,2727,34,,,1,30,,2735,34,,,1,70,,2734,34,,,1,30,,2739,34,,,1,70,,2744,34,,,1,30,,2730,34,,,1,70,,2743,34,,,1,30,,2725,34,,,1,70,,2741,34,,,1,30,,2722,34,,,1,72,,2738,34,,,1,30,,2737,34,,,1,70,,2721,34,,,1,30,,2732,34,,,1,70,,2742,34,,,1,30,,2729,34,,,1,70,,2726,34,,,1,30,,2723,34,,,1,70,,2733,34,,,1
32301,'1',705,,4226,16,0,20 30 31,1,31,,4224,16,0,20 30 31,1,100,,4228,16,0,20 30 31,1,100,,4222,16,0,20 30 31,1,100,,4220,16,0,20 30 31,1,100,,4221,16,0,20 30 31,1,100,,4225,16,0,20 30 31,1,100,,4229,16,0,20 30 31,1,100,,4230,16,0,20 30 31,1,100,,4219,16,0,20 30 31,1,100,,4227,16,0,20 30 31,1,100,,4223,16,0,20 30 31,1
32301,'10',705,,4238,16,0,20 30 31,1,31,,4236,16,0,20 30 31,1,100,,4240,16,0,20 30 31,1,100,,4234,16,0,20 30 31,1,100,,4232,16,0,20 30 31,1,100,,4233,16,0,20 30 31,1,100,,4237,16,0,20 30 31,1,100,,4241,16,0,20 30 31,1,100,,4242,16,0,20 30 31,1,100,,4231,16,0,20 30 31,1,100,,4239,16,0,20 30 31,1,100,,4235,16,0,20 30 31,1
32301,'11',705,,4260,16,0,20 30 31,1,31,,4256,16,0,20 30 31,1,70,,4254,16,0,20 30 31,1,30,,4262,16,0,20 30 31,1,70,,4250,16,0,20 30 31,1,30,,4252,16,0,20 30 31,1,69,,4265,16,0,20 30 31,1,31,,4247,16,0,20 30 31,1,70,,4257,16,0,20 30 31,1,30,,4251,16,0,20 30 31,1,70,,4259,16,0,20 30 31,1,30,,4258,16,0,20 30 31,1,70,,4248,16,0,20 30 31,1,30,,4263,16,0,20 30 31,1,70,,4246,16,0,20 30 31,1,30,,4264,16,0,20 30 31,1,70,,4245,16,0,20 30 31,1,30,,4243,16,0,20 30 31,1,70,,4244,16,0,20 30 31,1,30,,4261,16,0,20 30 31,1,70,,4255,16,0,20 30 31,1,30,,4253,16,0,20 30 31,1,70,,4249,16,0,20 30 31,1
32301,'3',705,,4280,16,0,20 30 31,1,31,,4276,16,0,20 30 31,1,70,,4277,16,0,20 30 31,1,30,,4283,16,0,20 30 31,1,70,,4269,16,0,20 30 31,1,30,,4274,16,0,20 30 31,1,69,,4288,16,0,20 30 31,1,31,,4271,16,0,20 30 31,1,70,,4270,16,0,20 30 31,1,30,,4273,16,0,20 30 31,1,70,,4286,16,0,20 30 31,1,30,,4279,16,0,20 30 31,1,70,,4267,16,0,20 30 31,1,30,,4284,16,0,20 30 31,1,70,,4287,16,0,20 30 31,1,30,,4285,16,0,20 30 31,1,70,,4278,16,0,20 30 31,1,30,,4268,16,0,20 30 31,1,70,,4266,16,0,20 30 31,1,30,,4281,16,0,20 30 31,1,70,,4282,16,0,20 30 31,1,30,,4275,16,0,20 30 31,1,70,,4272,16,0,20 30 31,1
41500,'1',1834,,7232,43,0,20 14 21 18,1,99,,7236,43,0,20 14 21 18,1,100,,7231,43,0,20 14 21 18,1,100,,7235,43,0,20 14 21 18,1,100,,7234,43,0,20 14 21 18,1,100,,7233,43,0,20 14 21 18,1
41500,'10',1834,,7238,43,0,20 14 21 18,1,99,,7242,43,0,20 14 21 18,1,100,,7237,43,0,20 14 21 18,1,100,,7241,43,0,20 14 21 18,1,100,,7240,43,0,20 14 21 18,1,100,,7239,43,0,20 14 21 18,1
41500,'11',1834,,7244,43,0,20 14 21 18,1,99,,7248,43,0,20 14 21 18,1,100,,7243,43,0,20 14 21 18,1,100,,7247,43,0,20 14 21 18,1,100,,7246,43,0,20 14 21 18,1,100,,7245,43,0,20 14 21 18,1
41500,'12',1134,,7252,43,0,20 14 21 18,1,100,,7254,43,0,20 14 21 18,1,100,,7255,43,0,20 14 21 18,1,100,,7249,43,0,20 14 21 18,1,100,,7250,43,0,20 14 21 18,1,100,,7251,43,0,20 14 21 18,1,100,,7253,43,0,20 14 21 18,1
41500,'14',703,,7271,43,0,20 14 21 18,1,30,,7272,43,0,20 14 21 18,1,70,,7274,43,0,20 14 21 18,1,30,,7258,43,0,20 14 21 18,1,70,,7266,43,0,20 14 21 18,1,30,,7269,43,0,20 14 21 18,1,70,,7280,43,0,20 14 21 18,1,31,,7283,43,0,20 14 21 18,1,70,,7273,43,0,20 14 21 18,1,30,,7257,43,0,20 14 21 18,1,70,,7265,43,0,20 14 21 18,1,30,,7260,43,0,20 14 21 18,1,70,,7275,43,0,20 14 21 18,1,30,,7279,43,0,20 14 21 18,1,70,,7270,43,0,20 14 21 18,1,30,,7277,43,0,20 14 21 18,1,70,,7267,43,0,20 14 21 18,1,30,,7262,43,0,20 14 21 18,1,70,,7256,43,0,20 14 21 18,1,30,,7284,43,0,20 14 21 18,1,70,,7261,43,0,20 14 21 18,1,30,,7263,43,0,20 14 21 18,1,70,,7276,43,0,20 14 21 18,1,30,,7268,43,0,20 14 21 18,1,99,,7259,43,0,20 14 21 18,1,100,,7282,43,0,20 14 21 18,1,100,,7278,43,0,20 14 21 18,1,100,,7281,43,0,20 14 21 18,1,100,,7264,43,0,20 14 21 18,1
41500,'3',1834,,7286,43,0,20 14 21 18,1,99,,7290,43,0,20 14 21 18,1,100,,7285,43,0,20 14 21 18,1,100,,7289,43,0,20 14 21 18,1,100,,7288,43,0,20 14 21 18,1,100,,7287,43,0,20 14 21 18,1
41500,'7',933,,7308,43,0,20 14 21 18,1,101,,7307,43,0,20 14 21 18,1,70,,7294,43,0,20 14 21 18,1,30,,7303,43,0,20 14 21 18,1,70,,7306,43,0,20 14 21 18,1,30,,7305,43,0,20 14 21 18,1,70,,7297,43,0,20 14 21 18,1,30,,7302,43,0,20 14 21 18,1,70,,7301,43,0,20 14 21 18,1,30,,7295,43,0,20 14 21 18,1,70,,7300,43,0,20 14 21 18,1,30,,7298,43,0,20 14 21 18,1,70,,7299,43,0,20 14 21 18,1,30,,7309,43,0,20 14 21 18,1,70,,7296,43,0,20 14 21 18,1,30,,7292,43,0,20 14 21 18,1,70,,7291,43,0,20 14 21 18,1,30,,7293,43,0,20 14 21 18,1,99,,7304,43,0,20 14 21 18,1
42301,'1',1837,,8281,16,0,20 30 31,1,98,,8284,16,0,20 30 31,1,100,,8286,16,0,20 30 31,1,100,,8285,16,0,20 30 31,1,100,,8282,16,0,20 30 31,1,100,,8283,16,0,20 30 31,1
42301,'10',1837,,8287,16,0,20 30 31,1,98,,8290,16,0,20 30 31,1,100,,8292,16,0,20 30 31,1,100,,8291,16,0,20 30 31,1,100,,8288,16,0,20 30 31,1,100,,8289,16,0,20 30 31,1
42301,'11',1837,,8293,16,0,20 30 31,1,98,,8296,16,0,20 30 31,1,100,,8298,16,0,20 30 31,1,100,,8297,16,0,20 30 31,1,100,,8294,16,0,20 30 31,1,100,,8295,16,0,20 30 31,1
42301,'3',1837,,8300,16,0,20 30 31,1,69,,8299,16,0,20 30 31,1,29,,8306,16,0,20 30 31,1,70,,8304,16,0,20 30 31,1,30,,8309,16,0,20 30 31,1,70,,8305,16,0,20 30 31,1,30,,8307,16,0,20 30 31,1,70,,8303,16,0,20 30 31,1,30,,8301,16,0,20 30 31,1,70,,8308,16,0,20 30 31,1,30,,8302,16,0,20 30 31,1
