30201,'1',631,,485,23,0,24,1,70,,497,23,0,24,1,30,,487,23,0,24,1,70,,494,23,0,24,1,30,,496,23,0,24,1,70,,488,23,0,24,1,30,,489,23,0,24,1,70,,482,23,0,24,1,32,,484,23,0,24,1,70,,483,23,0,24,1,30,,481,23,0,24,1,70,,500,23,0,24,1,30,,499,23,0,24,1,70,,492,23,0,24,1,30,,493,23,0,24,1,70,,502,23,0,24,1,33,,498,23,0,24,1,78,,495,23,0,24,1,30,,503,23,0,24,1,70,,501,23,0,24,1,30,,486,23,0,24,1,70,,504,23,0,24,1,30,,491,23,0,24,1,70,,490,23,0,24,1
30201,'10',631,,509,23,0,24,1,70,,521,23,0,24,1,30,,511,23,0,24,1,70,,518,23,0,24,1,30,,520,23,0,24,1,70,,512,23,0,24,1,30,,513,23,0,24,1,70,,506,23,0,24,1,32,,508,23,0,24,1,70,,507,23,0,24,1,30,,505,23,0,24,1,70,,524,23,0,24,1,30,,523,23,0,24,1,70,,516,23,0,24,1,30,,517,23,0,24,1,70,,526,23,0,24,1,33,,522,23,0,24,1,78,,519,23,0,24,1,30,,527,23,0,24,1,70,,525,23,0,24,1,30,,510,23,0,24,1,70,,528,23,0,24,1,30,,515,23,0,24,1,70,,514,23,0,24,1
30201,'11',631,,532,23,0,24,1,70,,545,23,0,24,1,30,,534,23,0,24,1,70,,541,23,0,24,1,30,,543,23,0,24,1,70,,535,23,0,24,1,30,,536,23,0,24,1,70,,530,23,0,24,1,32,,544,23,0,24,1,70,,531,23,0,24,1,30,,529,23,0,24,1,70,,548,23,0,24,1,30,,547,23,0,24,1,70,,539,23,0,24,1,30,,540,23,0,24,1,70,,550,23,0,24,1,33,,546,23,0,24,1,78,,542,23,0,24,1,30,,551,23,0,24,1,70,,549,23,0,24,1,30,,533,23,0,24,1,70,,552,23,0,24,1,30,,538,23,0,24,1,70,,537,23,0,24,1
30201,'3',631,,556,23,0,24,1,70,,569,23,0,24,1,30,,558,23,0,24,1,70,,565,23,0,24,1,30,,567,23,0,24,1,70,,559,23,0,24,1,30,,560,23,0,24,1,70,,554,23,0,24,1,32,,568,23,0,24,1,70,,555,23,0,24,1,30,,553,23,0,24,1,70,,572,23,0,24,1,30,,571,23,0,24,1,70,,563,23,0,24,1,30,,564,23,0,24,1,70,,574,23,0,24,1,33,,570,23,0,24,1,78,,566,23,0,24,1,30,,575,23,0,24,1,70,,573,23,0,24,1,30,,557,23,0,24,1,70,,576,23,0,24,1,30,,562,23,0,24,1,70,,561,23,0,24,1
40201,'1',1858,,6214,23,0,24,1,99,,6213,23,0,24,1,100,,6210,23,0,24,1,100,,6212,23,0,24,1,100,,6211,23,0,24,1,100,,6209,23,0,24,1
40201,'10',1858,,6220,23,0,24,1,99,,6219,23,0,24,1,100,,6216,23,0,24,1,100,,6218,23,0,24,1,100,,6217,23,0,24,1,100,,6215,23,0,24,1
40201,'11',1858,,6226,23,0,24,1,99,,6225,23,0,24,1,100,,6222,23,0,24,1,100,,6224,23,0,24,1,100,,6223,23,0,24,1,100,,6221,23,0,24,1
40201,'12',1158,,6228,23,0,24,1,100,,6233,23,0,24,1,100,,6232,23,0,24,1,100,,6231,23,0,24,1,100,,6227,23,0,24,1,100,,6229,23,0,24,1,100,,6230,23,0,24,1
40201,'14',658,,6255,23,0,24,1,70,,6244,23,0,24,1,30,,6243,23,0,24,1,70,,6253,23,0,24,1,30,,6236,23,0,24,1,70,,6234,23,0,24,1,30,,6240,23,0,24,1,70,,6251,23,0,24,1,30,,6242,23,0,24,1,70,,6261,23,0,24,1,30,,6238,23,0,24,1,70,,6246,23,0,24,1,30,,6237,23,0,24,1,70,,6248,23,0,24,1,30,,6254,23,0,24,1,70,,6247,23,0,24,1,30,,6256,23,0,24,1,70,,6249,23,0,24,1,30,,6245,23,0,24,1,70,,6239,23,0,24,1,30,,6235,23,0,24,1,70,,6260,23,0,24,1,30,,6263,23,0,24,1,70,,6252,23,0,24,1,30,,6257,23,0,24,1,99,,6250,23,0,24,1,100,,6262,23,0,24,1,100,,6258,23,0,24,1,100,,6259,23,0,24,1,100,,6241,23,0,24,1
40201,'3',1858,,6269,23,0,24,1,99,,6268,23,0,24,1,100,,6265,23,0,24,1,100,,6267,23,0,24,1,100,,6266,23,0,24,1,100,,6264,23,0,24,1
40201,'7',958,,6278,23,0,24,1,100,,6279,23,0,24,1,70,,6281,23,0,24,1,30,,6275,23,0,24,1,70,,6286,23,0,24,1,30,,6277,23,0,24,1,70,,6272,23,0,24,1,30,,6276,23,0,24,1,70,,6287,23,0,24,1,30,,6270,23,0,24,1,70,,6274,23,0,24,1,30,,6282,23,0,24,1,70,,6280,23,0,24,1,30,,6288,23,0,24,1,70,,6284,23,0,24,1,30,,6273,23,0,24,1,70,,6283,23,0,24,1,30,,6271,23,0,24,1,99,,6285,23,0,24,1
