30400,'12',706,,33509,14,0,39 40 41,1,30,,33512,14,0,39 40 41,1,70,,33503,14,0,39 40 41,1,30,,33505,14,0,39 40 41,1,70,,33493,14,0,39 40 41,1,30,,33506,14,0,39 40 41,1,71,,33495,14,0,39 40 41,1,30,,33508,14,0,39 40 41,1,70,,33507,14,0,39 40 41,1,30,,33492,14,0,39 40 41,1,70,,33497,14,0,39 40 41,1,30,,33499,14,0,39 40 41,1,70,,33504,14,0,39 40 41,1,30,,33511,14,0,39 40 41,1,71,,33498,14,0,39 40 41,1,30,,33500,14,0,39 40 41,1,70,,33491,14,0,39 40 41,1,30,,33496,14,0,39 40 41,1,70,,33494,14,0,39 40 41,1,30,,33513,14,0,39 40 41,1,70,,33502,14,0,39 40 41,1,30,,33501,14,0,39 40 41,1,70,,33510,14,0,39 40 41,1
30400,'13',706,,33529,14,0,39 40 41,1,30,,33532,14,0,39 40 41,1,70,,33524,14,0,39 40 41,1,30,,33525,14,0,39 40 41,1,70,,29321,14,0,39 40 41,1,30,,33526,14,0,39 40 41,1,71,,33516,14,0,39 40 41,1,30,,33528,14,0,39 40 41,1,70,,33527,14,0,39 40 41,1,30,,28018,14,0,39 40 41,1,70,,33518,14,0,39 40 41,1,30,,33520,14,0,39 40 41,1,70,,27980,14,0,39 40 41,1,30,,33531,14,0,39 40 41,1,71,,33519,14,0,39 40 41,1,30,,33521,14,0,39 40 41,1,70,,33514,14,0,39 40 41,1,30,,33517,14,0,39 40 41,1,70,,33515,14,0,39 40 41,1,30,,33533,14,0,39 40 41,1,70,,33523,14,0,39 40 41,1,30,,33522,14,0,39 40 41,1,70,,33530,14,0,39 40 41,1
30400,'3',706,,33549,14,0,39 40 41,1,30,,33552,14,0,39 40 41,1,70,,33544,14,0,39 40 41,1,30,,33545,14,0,39 40 41,1,70,,29342,14,0,39 40 41,1,30,,33546,14,0,39 40 41,1,71,,33536,14,0,39 40 41,1,30,,33548,14,0,39 40 41,1,70,,33547,14,0,39 40 41,1,30,,28041,14,0,39 40 41,1,70,,33538,14,0,39 40 41,1,30,,33540,14,0,39 40 41,1,70,,28003,14,0,39 40 41,1,30,,33551,14,0,39 40 41,1,71,,33539,14,0,39 40 41,1,30,,33541,14,0,39 40 41,1,70,,33534,14,0,39 40 41,1,30,,33537,14,0,39 40 41,1,70,,33535,14,0,39 40 41,1,30,,33553,14,0,39 40 41,1,70,,33543,14,0,39 40 41,1,30,,33542,14,0,39 40 41,1,70,,33550,14,0,39 40 41,1
30400,'6',706,,33572,14,0,39 40 41,1,30,,33575,14,0,39 40 41,1,70,,33566,14,0,39 40 41,1,30,,33568,14,0,39 40 41,1,70,,33556,14,0,39 40 41,1,30,,33569,14,0,39 40 41,1,71,,33558,14,0,39 40 41,1,30,,33571,14,0,39 40 41,1,70,,33570,14,0,39 40 41,1,30,,33555,14,0,39 40 41,1,70,,33560,14,0,39 40 41,1,30,,33562,14,0,39 40 41,1,70,,33567,14,0,39 40 41,1,30,,33574,14,0,39 40 41,1,71,,33561,14,0,39 40 41,1,30,,33563,14,0,39 40 41,1,70,,33554,14,0,39 40 41,1,30,,33559,14,0,39 40 41,1,70,,33557,14,0,39 40 41,1,30,,33576,14,0,39 40 41,1,70,,33565,14,0,39 40 41,1,30,,33564,14,0,39 40 41,1,70,,33573,14,0,39 40 41,1
40400,'1',621,,38560,14,0,39 40 42 18,1,30,,38561,14,0,39 40 42 18,1,70,,38549,14,0,39 40 42 18,1,30,,38570,14,0,39 40 42 18,1,70,,38572,14,0,39 40 42 18,1,30,,38564,14,0,39 40 42 18,1,70,,38558,14,0,39 40 42 18,1,30,,38553,14,0,39 40 42 18,1,71,,38562,14,0,39 40 42 18,1,30,,31463,14,0,39 40 42 18,1,70,,38557,14,0,39 40 42 18,1,30,,38573,14,0,39 40 42 18,1,70,,38567,14,0,39 40 42 18,1,30,,38552,14,0,39 40 42 18,1,70,,38574,14,0,39 40 42 18,1,30,,38551,14,0,39 40 42 18,1,69,,29896,14,0,39 40 42 18,1,30,,38550,14,0,39 40 42 18,1,70,,38568,14,0,39 40 42 18,1,30,,38563,14,0,39 40 42 18,1,70,,38571,14,0,39 40 42 18,1,30,,31341,14,0,39 40 42 18,1,70,,38565,14,0,39 40 42 18,1,30,,38559,14,0,39 40 42 18,1,70,,38566,14,0,39 40 42 18,1,100,,38569,14,0,39 40 42 18,1,100,,38556,14,0,39 40 42 18,1,100,,38554,14,0,39 40 42 18,1,100,,38555,14,0,39 40 42 18,1,100,,31995,14,0,39 40 42 18,1
40400,'11',621,,38589,14,0,39 40 42 18,1,30,,38590,14,0,39 40 42 18,1,70,,38575,14,0,39 40 42 18,1,30,,38600,14,0,39 40 42 18,1,70,,38602,14,0,39 40 42 18,1,30,,38593,14,0,39 40 42 18,1,70,,38584,14,0,39 40 42 18,1,30,,38579,14,0,39 40 42 18,1,71,,38591,14,0,39 40 42 18,1,30,,38588,14,0,39 40 42 18,1,70,,38583,14,0,39 40 42 18,1,30,,38603,14,0,39 40 42 18,1,70,,38596,14,0,39 40 42 18,1,30,,38578,14,0,39 40 42 18,1,70,,38604,14,0,39 40 42 18,1,30,,38577,14,0,39 40 42 18,1,69,,38597,14,0,39 40 42 18,1,30,,38576,14,0,39 40 42 18,1,70,,38598,14,0,39 40 42 18,1,30,,38592,14,0,39 40 42 18,1,70,,38601,14,0,39 40 42 18,1,30,,38586,14,0,39 40 42 18,1,70,,38594,14,0,39 40 42 18,1,30,,38587,14,0,39 40 42 18,1,70,,38595,14,0,39 40 42 18,1,100,,38599,14,0,39 40 42 18,1,100,,38582,14,0,39 40 42 18,1,100,,38580,14,0,39 40 42 18,1,100,,38581,14,0,39 40 42 18,1,100,,38585,14,0,39 40 42 18,1
40400,'12',1821,,38608,14,0,39 40 42 18,1,100,,38606,14,0,39 40 42 18,1,100,,38609,14,0,39 40 42 18,1,100,,38605,14,0,39 40 42 18,1,100,,38610,14,0,39 40 42 18,1,100,,38607,14,0,39 40 42 18,1
40400,'13',1821,,38614,14,0,39 40 42 18,1,100,,38612,14,0,39 40 42 18,1,100,,38615,14,0,39 40 42 18,1,100,,38611,14,0,39 40 42 18,1,100,,38616,14,0,39 40 42 18,1,100,,38613,14,0,39 40 42 18,1
40400,'14',1122,,38619,14,0,39 40 42 18,1,100,,38617,14,0,39 40 42 18,1,100,,38620,14,0,39 40 42 18,1,99,,38618,14,0,39 40 42 18,1,100,,38623,14,0,39 40 42 18,1,100,,38621,14,0,39 40 42 18,1,100,,38622,14,0,39 40 42 18,1
40400,'16',621,,38635,14,0,39 40 42 18,1,30,,38636,14,0,39 40 42 18,1,70,,38624,14,0,39 40 42 18,1,30,,38645,14,0,39 40 42 18,1,70,,38647,14,0,39 40 42 18,1,30,,38639,14,0,39 40 42 18,1,70,,38633,14,0,39 40 42 18,1,30,,38628,14,0,39 40 42 18,1,71,,38637,14,0,39 40 42 18,1,30,,31480,14,0,39 40 42 18,1,70,,38632,14,0,39 40 42 18,1,30,,38648,14,0,39 40 42 18,1,70,,38642,14,0,39 40 42 18,1,30,,38627,14,0,39 40 42 18,1,70,,38649,14,0,39 40 42 18,1,30,,38626,14,0,39 40 42 18,1,69,,29976,14,0,39 40 42 18,1,30,,38625,14,0,39 40 42 18,1,70,,38643,14,0,39 40 42 18,1,30,,38638,14,0,39 40 42 18,1,70,,38646,14,0,39 40 42 18,1,30,,31382,14,0,39 40 42 18,1,70,,38640,14,0,39 40 42 18,1,30,,38634,14,0,39 40 42 18,1,70,,38641,14,0,39 40 42 18,1,100,,38644,14,0,39 40 42 18,1,100,,38631,14,0,39 40 42 18,1,100,,38629,14,0,39 40 42 18,1,100,,38630,14,0,39 40 42 18,1,100,,32032,14,0,39 40 42 18,1
40400,'3',1821,,38653,14,0,39 40 42 18,1,100,,38651,14,0,39 40 42 18,1,100,,38654,14,0,39 40 42 18,1,100,,38650,14,0,39 40 42 18,1,100,,38655,14,0,39 40 42 18,1,100,,38652,14,0,39 40 42 18,1
40400,'6',1821,,38659,14,0,39 40 42 18,1,100,,38657,14,0,39 40 42 18,1,100,,38660,14,0,39 40 42 18,1,100,,38656,14,0,39 40 42 18,1,100,,38661,14,0,39 40 42 18,1,100,,38658,14,0,39 40 42 18,1
40400,'8',921,,38680,14,0,39 40 42 18,1,101,,38669,14,0,39 40 42 18,1,30,,38679,14,0,39 40 42 18,1,70,,38673,14,0,39 40 42 18,1,30,,38672,14,0,39 40 42 18,1,70,,38674,14,0,39 40 42 18,1,30,,38670,14,0,39 40 42 18,1,70,,38666,14,0,39 40 42 18,1,30,,38676,14,0,39 40 42 18,1,69,,38677,14,0,39 40 42 18,1,30,,38671,14,0,39 40 42 18,1,70,,38668,14,0,39 40 42 18,1,30,,38663,14,0,39 40 42 18,1,70,,38664,14,0,39 40 42 18,1,30,,38665,14,0,39 40 42 18,1,70,,38675,14,0,39 40 42 18,1,30,,38678,14,0,39 40 42 18,1,70,,38667,14,0,39 40 42 18,1,100,,38662,14,0,39 40 42 18,1
