33700,'1',738,,30518,12,,,1,70,,37026,12,,,1,30,,37001,12,,,1,70,,37017,12,,,1,30,,27188,12,,,1,70,,37021,12,,,1,30,,37012,12,,,1,70,,37023,12,,,1,30,,37010,12,,,1,70,,36987,12,,,1,30,,37005,12,,,1,70,,36981,12,,,1,30,,37003,12,,,1,70,,37015,12,,,1,30,,37020,12,,,1,70,,37008,12,,,1,30,,37019,12,,,1,70,,36990,12,,,1,30,,37013,12,,,1,70,,36999,12,,,1,30,,36985,12,,,1,70,,37018,12,,,1,30,,36989,12,,,1,70,,36984,12,,,1,30,,36998,12,,,1
33700,'11',738,,37054,12,,,1,70,,37076,12,,,1,30,,37050,12,,,1,70,,37067,12,,,1,30,,37045,12,,,1,70,,37071,12,,,1,30,,37062,12,,,1,70,,37073,12,,,1,30,,37060,12,,,1,70,,37035,12,,,1,30,,37055,12,,,1,70,,37028,12,,,1,30,,37052,12,,,1,70,,37065,12,,,1,30,,37070,12,,,1,70,,37058,12,,,1,30,,37069,12,,,1,70,,37038,12,,,1,30,,37063,12,,,1,70,,37048,12,,,1,30,,37032,12,,,1,70,,37068,12,,,1,30,,37037,12,,,1,70,,37031,12,,,1,30,,37047,12,,,1
33700,'12',708,,37081,12,,,1,30,,37096,12,,,1,70,,37098,12,,,1,30,,37126,12,,,1,70,,37123,12,,,1,30,,37110,12,,,1,70,,37106,12,,,1,30,,37125,12,,,1,70,,37121,12,,,1,30,,37083,12,,,1,70,,37108,12,,,1,30,,37115,12,,,1,70,,37120,12,,,1,30,,37092,12,,,1,70,,37091,12,,,1,30,,37127,12,,,1,70,,37084,12,,,1,30,,37118,12,,,1,70,,37078,12,,,1,30,,37112,12,,,1,70,,37085,12,,,1,30,,37105,12,,,1,70,,37107,12,,,1,30,,37086,12,,,1,70,,37093,12,,,1
33700,'13',708,,37131,12,,,1,30,,29693,12,,,1,70,,37143,12,,,1,30,,37165,12,,,1,70,,37162,12,,,1,30,,37153,12,,,1,70,,37149,12,,,1,30,,37164,12,,,1,70,,37160,12,,,1,30,,37133,12,,,1,70,,37151,12,,,1,30,,28904,12,,,1,70,,29225,12,,,1,30,,27978,12,,,1,70,,37138,12,,,1,30,,37166,12,,,1,70,,37134,12,,,1,30,,37158,12,,,1,70,,37128,12,,,1,30,,37155,12,,,1,70,,37135,12,,,1,30,,37148,12,,,1,70,,37150,12,,,1,30,,29921,12,,,1,70,,37139,12,,,1
33700,'14',1138,,37181,12,,,1,70,,37170,12,,,1,30,,37175,12,,,1,70,,37168,12,,,1,30,,37190,12,,,1,70,,37174,12,,,1,30,,32025,12,,,1,70,,37169,12,,,1,30,,37183,12,,,1,70,,37194,12,,,1,30,,37195,12,,,1,70,,37188,12,,,1,30,,37177,12,,,1,70,,37193,12,,,1,30,,37192,12,,,1
33700,'16',738,,30555,12,,,1,70,,37241,12,,,1,30,,37216,12,,,1,70,,37232,12,,,1,30,,32124,12,,,1,70,,37236,12,,,1,30,,37227,12,,,1,70,,37238,12,,,1,30,,37225,12,,,1,70,,37202,12,,,1,30,,37220,12,,,1,70,,37196,12,,,1,30,,37218,12,,,1,70,,37230,12,,,1,30,,37235,12,,,1,70,,37223,12,,,1,30,,37234,12,,,1,70,,37205,12,,,1,30,,37228,12,,,1,70,,37214,12,,,1,30,,37200,12,,,1,70,,37233,12,,,1,30,,37204,12,,,1,70,,37199,12,,,1,30,,37213,12,,,1
33700,'3',708,,37246,12,,,1,30,,29812,12,,,1,70,,37258,12,,,1,30,,37280,12,,,1,70,,37277,12,,,1,30,,37268,12,,,1,70,,37264,12,,,1,30,,37279,12,,,1,70,,37275,12,,,1,30,,37248,12,,,1,70,,37266,12,,,1,30,,28928,12,,,1,70,,29233,12,,,1,30,,28001,12,,,1,70,,37253,12,,,1,30,,37281,12,,,1,70,,37249,12,,,1,30,,37273,12,,,1,70,,37243,12,,,1,30,,37270,12,,,1,70,,37250,12,,,1,30,,37263,12,,,1,70,,37265,12,,,1,30,,30003,12,,,1,70,,37254,12,,,1
33700,'6',708,,37285,12,,,1,30,,37300,12,,,1,70,,37302,12,,,1,30,,37330,12,,,1,70,,37327,12,,,1,30,,37314,12,,,1,70,,37310,12,,,1,30,,37329,12,,,1,70,,37325,12,,,1,30,,37287,12,,,1,70,,37312,12,,,1,30,,37319,12,,,1,70,,37324,12,,,1,30,,37296,12,,,1,70,,37295,12,,,1,30,,37331,12,,,1,70,,37288,12,,,1,30,,37322,12,,,1,70,,37282,12,,,1,30,,37316,12,,,1,70,,37289,12,,,1,30,,37309,12,,,1,70,,37311,12,,,1,30,,37290,12,,,1,70,,37297,12,,,1
33700,'8',1208,,37350,12,,,1,30,,37351,12,,,1,70,,31573,12,,,1,30,,37338,12,,,1,70,,37347,12,,,1,30,,37353,12,,,1,70,,37339,12,,,1,30,,37332,12,,,1,70,,37349,12,,,1,30,,37342,12,,,1,70,,37336,12,,,1,30,,37341,12,,,1,70,,37345,12,,,1,30,,37357,12,,,1,70,,37356,12,,,1
33701,'1',621,,37361,3,,,1,30,,37374,3,,,1,71,,37404,3,,,1,30,,37380,3,,,1,70,,37401,3,,,1,30,,37385,3,,,1,70,,37368,3,,,1,30,,37396,3,,,1,70,,37402,3,,,1,30,,37366,3,,,1,70,,37388,3,,,1,30,,37362,3,,,1,70,,37382,3,,,1,30,,37394,3,,,1,70,,37393,3,,,1,30,,37400,3,,,1,70,,37378,3,,,1,30,,31114,3,,,1,70,,37392,3,,,1,30,,37405,3,,,1,70,,37398,3,,,1,30,,37370,3,,,1,70,,37395,3,,,1,30,,37397,3,,,1,70,,37379,3,,,1
33701,'11',621,,37407,3,,,1,30,,37421,3,,,1,71,,37454,3,,,1,30,,37427,3,,,1,70,,37451,3,,,1,30,,37433,3,,,1,70,,37415,3,,,1,30,,37446,3,,,1,70,,37452,3,,,1,30,,37413,3,,,1,70,,37436,3,,,1,30,,37408,3,,,1,70,,37430,3,,,1,30,,37442,3,,,1,70,,37441,3,,,1,30,,37450,3,,,1,70,,37425,3,,,1,30,,37409,3,,,1,70,,37440,3,,,1,30,,37455,3,,,1,70,,37448,3,,,1,30,,37417,3,,,1,70,,37445,3,,,1,30,,37447,3,,,1,70,,37426,3,,,1
33701,'12',601,,37463,3,,,1,30,,37488,3,,,1,70,,37467,3,,,1,30,,37494,3,,,1,70,,37492,3,,,1,30,,37487,3,,,1,70,,37456,3,,,1,30,,37470,3,,,1,28,,37505,3,,,1,70,,37499,3,,,1,30,,37483,3,,,1,70,,37460,3,,,1,30,,37459,3,,,1,70,,37469,3,,,1,30,,37496,3,,,1,70,,37491,3,,,1,29,,37464,3,,,1,70,,37457,3,,,1,30,,37485,3,,,1,70,,37479,3,,,1,30,,37471,3,,,1,70,,37474,3,,,1,30,,37482,3,,,1,70,,37458,3,,,1,30,,37481,3,,,1
33701,'13',601,,22712,3,,,1,30,,37534,3,,,1,70,,37516,3,,,1,30,,37539,3,,,1,70,,27815,3,,,1,30,,37533,3,,,1,70,,37506,3,,,1,30,,37519,3,,,1,28,,37547,3,,,1,70,,37542,3,,,1,30,,28608,3,,,1,70,,37510,3,,,1,30,,37509,3,,,1,70,,37518,3,,,1,30,,32018,3,,,1,70,,37537,3,,,1,29,,37513,3,,,1,70,,37507,3,,,1,30,,37531,3,,,1,70,,37526,3,,,1,30,,32724,3,,,1,70,,37522,3,,,1,30,,37529,3,,,1,70,,37508,3,,,1,30,,37528,3,,,1
33701,'14',1022,,37565,3,,,1,30,,37563,3,,,1,70,,37550,3,,,1,30,,37556,3,,,1,70,,37570,3,,,1,30,,37555,3,,,1,70,,37560,3,,,1,30,,37569,3,,,1,70,,37557,3,,,1,30,,37572,3,,,1,70,,37551,3,,,1,30,,37552,3,,,1,70,,37576,3,,,1,30,,37571,3,,,1,70,,37553,3,,,1
33701,'16',621,,37578,3,,,1,30,,37591,3,,,1,71,,37621,3,,,1,30,,37597,3,,,1,70,,37618,3,,,1,30,,37602,3,,,1,70,,37585,3,,,1,30,,37613,3,,,1,70,,37619,3,,,1,30,,37583,3,,,1,70,,37605,3,,,1,30,,37579,3,,,1,70,,37599,3,,,1,30,,37611,3,,,1,70,,37610,3,,,1,30,,37617,3,,,1,70,,37595,3,,,1,30,,26840,3,,,1,70,,37609,3,,,1,30,,37622,3,,,1,70,,37615,3,,,1,30,,37587,3,,,1,70,,37612,3,,,1,30,,37614,3,,,1,70,,37596,3,,,1
33701,'3',601,,22734,3,,,1,30,,37651,3,,,1,70,,37633,3,,,1,30,,37656,3,,,1,70,,27838,3,,,1,30,,37650,3,,,1,70,,37623,3,,,1,30,,37636,3,,,1,28,,37664,3,,,1,70,,37659,3,,,1,30,,28650,3,,,1,70,,37627,3,,,1,30,,37626,3,,,1,70,,37635,3,,,1,30,,32058,3,,,1,70,,37654,3,,,1,29,,37630,3,,,1,70,,37624,3,,,1,30,,37648,3,,,1,70,,37643,3,,,1,30,,32737,3,,,1,70,,37639,3,,,1,30,,37646,3,,,1,70,,37625,3,,,1,30,,37645,3,,,1
33701,'6',601,,37672,3,,,1,30,,37697,3,,,1,70,,37676,3,,,1,30,,37703,3,,,1,70,,37701,3,,,1,30,,37696,3,,,1,70,,37665,3,,,1,30,,37679,3,,,1,28,,37714,3,,,1,70,,37708,3,,,1,30,,37692,3,,,1,70,,37669,3,,,1,30,,37668,3,,,1,70,,37678,3,,,1,30,,37705,3,,,1,70,,37700,3,,,1,29,,37673,3,,,1,70,,37666,3,,,1,30,,37694,3,,,1,70,,37688,3,,,1,30,,37680,3,,,1,70,,37683,3,,,1,30,,37691,3,,,1,70,,37667,3,,,1,30,,37690,3,,,1
33701,'8',1052,,37741,3,,,1,70,,37735,3,,,1,30,,37731,3,,,1,70,,37716,3,,,1,30,,37742,3,,,1,70,,37732,3,,,1,30,,37717,3,,,1,70,,37739,3,,,1,30,,37727,3,,,1,70,,37724,3,,,1,30,,37736,3,,,1,70,,37734,3,,,1,30,,37728,3,,,1,70,,37733,3,,,1,30,,37737,3,,,1
43700,'1',1953,,41862,12,,,1,100,,41863,12,,,1,100,,41857,12,,,1,100,,31797,12,,,1,100,,41861,12,,,1
43700,'11',1953,,41871,12,,,1,100,,41872,12,,,1,100,,41866,12,,,1,100,,41873,12,,,1,100,,41870,12,,,1
43700,'12',1953,,41884,12,,,1,100,,41881,12,,,1,100,,41876,12,,,1,100,,41878,12,,,1,100,,41880,12,,,1
43700,'13',1953,,41893,12,,,1,100,,41891,12,,,1,100,,41886,12,,,1,100,,41888,12,,,1,100,,41890,12,,,1
43700,'16',1953,,41900,12,,,1,100,,41901,12,,,1,100,,41895,12,,,1,100,,31854,12,,,1,100,,41899,12,,,1
43700,'3',1953,,41911,12,,,1,100,,41909,12,,,1,100,,41904,12,,,1,100,,41906,12,,,1,100,,41908,12,,,1
43700,'6',1953,,41921,12,,,1,100,,41918,12,,,1,100,,41913,12,,,1,100,,41915,12,,,1,100,,41917,12,,,1
43701,'1',1901,,32627,3,,,1,100,,41925,3,,,1,100,,41928,3,,,1,100,,41929,3,,,1,100,,41930,3,,,1
43701,'11',1901,,41939,3,,,1,100,,41933,3,,,1,100,,41937,3,,,1,100,,41938,3,,,1,100,,41940,3,,,1
43701,'12',1901,,41943,3,,,1,100,,41942,3,,,1,100,,41950,3,,,1,100,,41944,3,,,1,100,,41945,3,,,1
43701,'13',1901,,41953,3,,,1,100,,41952,3,,,1,100,,41959,3,,,1,100,,41954,3,,,1,100,,41955,3,,,1
43701,'16',1901,,41967,3,,,1,100,,41962,3,,,1,100,,41965,3,,,1,100,,41966,3,,,1,100,,41968,3,,,1
43701,'3',1901,,41971,3,,,1,100,,41970,3,,,1,100,,41977,3,,,1,100,,41972,3,,,1,100,,41973,3,,,1
43701,'6',1901,,41980,3,,,1,100,,41979,3,,,1,100,,41987,3,,,1,100,,41981,3,,,1,100,,41982,3,,,1
