33700,'1',738,,29436,13,,,1,70,,29427,13,,,1,30,,29401,13,,,1,70,,29407,13,,,1,30,,29442,13,,,1,70,,29412,13,,,1,30,,24259,13,,,1,70,,29438,13,,,1,30,,29425,13,,,1,70,,29416,13,,,1,30,,29406,13,,,1,70,,29419,13,,,1,30,,29423,13,,,1,70,,29417,13,,,1,30,,26406,13,,,1,70,,29415,13,,,1,30,,29404,13,,,1,70,,23725,13,,,1,30,,29403,13,,,1,70,,29437,13,,,1,30,,29409,13,,,1,70,,29434,13,,,1,30,,29424,13,,,1,70,,29418,13,,,1,30,,23651,13,,,1
33700,'11',708,,29460,13,,,1,30,,29483,13,,,1,70,,29474,13,,,1,30,,29465,13,,,1,70,,29462,13,,,1,30,,29445,13,,,1,70,,29481,13,,,1,30,,23332,13,,,1,70,,29450,13,,,1,30,,29482,13,,,1,70,,29484,13,,,1,30,,29454,13,,,1,70,,21466,13,,,1,30,,29467,13,,,1,70,,29449,13,,,1,30,,29463,13,,,1,70,,29448,13,,,1,30,,29480,13,,,1,70,,29461,13,,,1,30,,29458,13,,,1,70,,29464,13,,,1,30,,19106,13,,,1,70,,29486,13,,,1,30,,12268,13,,,1,70,,29472,13,,,1
33700,'12',1138,,29488,13,,,1,70,,29489,13,,,1,30,,29501,13,,,1,70,,29502,13,,,1,30,,29510,13,,,1,70,,29487,13,,,1,30,,29497,13,,,1,70,,29508,13,,,1,30,,29506,13,,,1,70,,29507,13,,,1,30,,29491,13,,,1,70,,29503,13,,,1,30,,29493,13,,,1,70,,29490,13,,,1,30,,29504,13,,,1
33700,'14',738,,29557,13,,,1,70,,29546,13,,,1,30,,29518,13,,,1,70,,29524,13,,,1,30,,29563,13,,,1,70,,29530,13,,,1,30,,29533,13,,,1,70,,29559,13,,,1,30,,26866,13,,,1,70,,29535,13,,,1,30,,29523,13,,,1,70,,29538,13,,,1,30,,29542,13,,,1,70,,29536,13,,,1,30,,29549,13,,,1,70,,29532,13,,,1,30,,29521,13,,,1,70,,29534,13,,,1,30,,29520,13,,,1,70,,29558,13,,,1,30,,29527,13,,,1,70,,29555,13,,,1,30,,29543,13,,,1,70,,29537,13,,,1,30,,29526,13,,,1
33700,'3',708,,29581,13,,,1,30,,29604,13,,,1,70,,29595,13,,,1,30,,29586,13,,,1,70,,29583,13,,,1,30,,29566,13,,,1,70,,29602,13,,,1,30,,23370,13,,,1,70,,29571,13,,,1,30,,29603,13,,,1,70,,29605,13,,,1,30,,29575,13,,,1,70,,21505,13,,,1,30,,29588,13,,,1,70,,29570,13,,,1,30,,29584,13,,,1,70,,29569,13,,,1,30,,29601,13,,,1,70,,29582,13,,,1,30,,29579,13,,,1,70,,29585,13,,,1,30,,19153,13,,,1,70,,29607,13,,,1,30,,12301,13,,,1,70,,29593,13,,,1
33700,'8',1208,,25555,13,,,1,30,,29618,13,,,1,70,,29624,13,,,1,30,,29626,13,,,1,70,,29617,13,,,1,30,,29629,13,,,1,70,,29634,13,,,1,30,,29630,13,,,1,70,,29613,13,,,1,30,,29611,13,,,1,70,,29635,13,,,1,30,,29622,13,,,1,70,,29620,13,,,1,30,,29625,13,,,1,70,,29623,13,,,1
33701,'1',622,,29668,4,,,1,30,,24880,4,,,1,70,,29646,4,,,1,30,,16772,4,,,1,70,,29659,4,,,1,30,,29639,4,,,1,70,,29650,4,,,1,30,,29665,4,,,1,70,,29651,4,,,1,30,,24683,4,,,1,70,,29674,4,,,1,30,,29656,4,,,1,70,,29648,4,,,1,30,,29666,4,,,1,70,,29647,4,,,1,30,,29667,4,,,1,71,,29652,4,,,1,30,,29645,4,,,1,70,,29658,4,,,1,30,,29678,4,,,1,70,,29655,4,,,1,30,,29673,4,,,1,70,,29636,4,,,1,30,,29663,4,,,1,70,,23306,4,,,1
33701,'11',602,,29679,4,,,1,30,,29712,4,,,1,69,,29697,4,,,1,30,,24896,4,,,1,70,,29717,4,,,1,30,,24283,4,,,1,70,,29693,4,,,1,30,,29721,4,,,1,28,,29700,4,,,1,70,,29702,4,,,1,30,,29691,4,,,1,70,,29710,4,,,1,30,,29701,4,,,1,70,,29714,4,,,1,30,,29683,4,,,1,70,,29720,4,,,1,30,,29708,4,,,1,70,,29695,4,,,1,30,,29705,4,,,1,70,,29685,4,,,1,30,,29684,4,,,1,70,,29696,4,,,1,30,,29699,4,,,1,70,,29690,4,,,1,30,,29689,4,,,1
33701,'12',1022,,29723,4,,,1,30,,29730,4,,,1,70,,29749,4,,,1,30,,29735,4,,,1,70,,29729,4,,,1,30,,29724,4,,,1,70,,29751,4,,,1,30,,29725,4,,,1,71,,29748,4,,,1,30,,29736,4,,,1,70,,29738,4,,,1,30,,29737,4,,,1,70,,29740,4,,,1,30,,29750,4,,,1,70,,26030,4,,,1
33701,'14',622,,29787,4,,,1,30,,29762,4,,,1,70,,29763,4,,,1,30,,29780,4,,,1,70,,29777,4,,,1,30,,29755,4,,,1,70,,29767,4,,,1,30,,29784,4,,,1,70,,29768,4,,,1,30,,29775,4,,,1,70,,29793,4,,,1,30,,29772,4,,,1,70,,29765,4,,,1,30,,29785,4,,,1,70,,29764,4,,,1,30,,29786,4,,,1,71,,26926,4,,,1,30,,25975,4,,,1,70,,29776,4,,,1,30,,29797,4,,,1,70,,29771,4,,,1,30,,29792,4,,,1,70,,29752,4,,,1,30,,29782,4,,,1,70,,29773,4,,,1
33701,'3',602,,29798,4,,,1,30,,29831,4,,,1,69,,29816,4,,,1,30,,24994,4,,,1,70,,29836,4,,,1,30,,24303,4,,,1,70,,29812,4,,,1,30,,29840,4,,,1,28,,29819,4,,,1,70,,29821,4,,,1,30,,29810,4,,,1,70,,29829,4,,,1,30,,29820,4,,,1,70,,29833,4,,,1,30,,29802,4,,,1,70,,29839,4,,,1,30,,29827,4,,,1,70,,29814,4,,,1,30,,29824,4,,,1,70,,29804,4,,,1,30,,29803,4,,,1,70,,29815,4,,,1,30,,29818,4,,,1,70,,29809,4,,,1,30,,29808,4,,,1
33701,'8',1052,,29857,4,,,1,70,,29852,4,,,1,30,,29856,4,,,1,70,,29843,4,,,1,30,,29863,4,,,1,70,,29850,4,,,1,30,,29859,4,,,1,71,,29845,4,,,1,30,,29867,4,,,1,70,,29853,4,,,1,30,,29860,4,,,1,70,,29864,4,,,1,30,,29846,4,,,1,70,,26394,4,,,1,30,,29854,4,,,1
43700,'1',1954,,32647,13,,,1,100,,32643,13,,,1,100,,32642,13,,,1,100,,32649,13,,,1,100,,32646,13,,,1
43700,'11',1954,,32655,13,,,1,100,,32653,13,,,1,100,,32660,13,,,1,100,,32654,13,,,1,100,,22911,13,,,1
43700,'14',1954,,32666,13,,,1,100,,32662,13,,,1,100,,32661,13,,,1,100,,32668,13,,,1,100,,32665,13,,,1
43700,'3',1954,,32674,13,,,1,100,,32672,13,,,1,100,,32679,13,,,1,100,,32673,13,,,1,100,,22935,13,,,1
43701,'1',1901,,32688,4,,,1,100,,32681,4,,,1,100,,32686,4,,,1,100,,32685,4,,,1,100,,21801,4,,,1
43701,'11',1901,,32691,4,,,1,100,,32689,4,,,1,100,,32690,4,,,1,100,,32694,4,,,1,100,,32692,4,,,1
43701,'14',1901,,32707,4,,,1,100,,32700,4,,,1,100,,32705,4,,,1,100,,32704,4,,,1,100,,32703,4,,,1
43701,'3',1901,,32710,4,,,1,100,,32708,4,,,1,100,,32709,4,,,1,100,,32713,4,,,1,100,,32711,4,,,1
