32000,'1',642,,3725,24,0,47 18,1,71,,3729,24,0,47 18,1,30,,3714,24,0,47 18,1,70,,3723,24,0,47 18,1,30,,3732,24,0,47 18,1,70,,3718,24,0,47 18,1,30,,3720,24,0,47 18,1,70,,3721,24,0,47 18,1,30,,3726,24,0,47 18,1,70,,3734,24,0,47 18,1,30,,3731,24,0,47 18,1,70,,3716,24,0,47 18,1,30,,3722,24,0,47 18,1,70,,3719,24,0,47 18,1,30,,3711,24,0,47 18,1,71,,3724,24,0,47 18,1,30,,3733,24,0,47 18,1,70,,3713,24,0,47 18,1,30,,3712,24,0,47 18,1,70,,3715,24,0,47 18,1,30,,3730,24,0,47 18,1,70,,3727,24,0,47 18,1,30,,3728,24,0,47 18,1,70,,3717,24,0,47 18,1
32000,'10',642,,3749,24,0,47 18,1,71,,3753,24,0,47 18,1,30,,3738,24,0,47 18,1,70,,3747,24,0,47 18,1,30,,3756,24,0,47 18,1,70,,3742,24,0,47 18,1,30,,3744,24,0,47 18,1,70,,3745,24,0,47 18,1,30,,3750,24,0,47 18,1,70,,3758,24,0,47 18,1,30,,3755,24,0,47 18,1,70,,3740,24,0,47 18,1,30,,3746,24,0,47 18,1,70,,3743,24,0,47 18,1,30,,3735,24,0,47 18,1,71,,3748,24,0,47 18,1,30,,3757,24,0,47 18,1,70,,3737,24,0,47 18,1,30,,3736,24,0,47 18,1,70,,3739,24,0,47 18,1,30,,3754,24,0,47 18,1,70,,3751,24,0,47 18,1,30,,3752,24,0,47 18,1,70,,3741,24,0,47 18,1
32000,'11',642,,3773,24,0,47 18,1,71,,3777,24,0,47 18,1,30,,3762,24,0,47 18,1,70,,3771,24,0,47 18,1,30,,3780,24,0,47 18,1,70,,3766,24,0,47 18,1,30,,3768,24,0,47 18,1,70,,3769,24,0,47 18,1,30,,3774,24,0,47 18,1,70,,3782,24,0,47 18,1,30,,3779,24,0,47 18,1,70,,3764,24,0,47 18,1,30,,3770,24,0,47 18,1,70,,3767,24,0,47 18,1,30,,3759,24,0,47 18,1,71,,3772,24,0,47 18,1,30,,3781,24,0,47 18,1,70,,3761,24,0,47 18,1,30,,3760,24,0,47 18,1,70,,3763,24,0,47 18,1,30,,3778,24,0,47 18,1,70,,3775,24,0,47 18,1,30,,3776,24,0,47 18,1,70,,3765,24,0,47 18,1
32000,'3',642,,3797,24,0,47 18,1,71,,3801,24,0,47 18,1,30,,3786,24,0,47 18,1,70,,3795,24,0,47 18,1,30,,3804,24,0,47 18,1,70,,3790,24,0,47 18,1,30,,3792,24,0,47 18,1,70,,3793,24,0,47 18,1,30,,3798,24,0,47 18,1,70,,3806,24,0,47 18,1,30,,3803,24,0,47 18,1,70,,3788,24,0,47 18,1,30,,3794,24,0,47 18,1,70,,3791,24,0,47 18,1,30,,3783,24,0,47 18,1,71,,3796,24,0,47 18,1,30,,3805,24,0,47 18,1,70,,3785,24,0,47 18,1,30,,3784,24,0,47 18,1,70,,3787,24,0,47 18,1,30,,3802,24,0,47 18,1,70,,3799,24,0,47 18,1,30,,3800,24,0,47 18,1,70,,3789,24,0,47 18,1
42000,'1',1844,,7959,24,0,47 18,1,99,,7957,24,0,47 18,1,100,,7958,24,0,47 18,1,100,,7961,24,0,47 18,1,100,,7960,24,0,47 18,1,100,,7962,24,0,47 18,1
42000,'10',1844,,7965,24,0,47 18,1,99,,7963,24,0,47 18,1,100,,7964,24,0,47 18,1,100,,7967,24,0,47 18,1,100,,7966,24,0,47 18,1,100,,7968,24,0,47 18,1
42000,'11',1844,,7971,24,0,47 18,1,99,,7969,24,0,47 18,1,100,,7970,24,0,47 18,1,100,,7973,24,0,47 18,1,100,,7972,24,0,47 18,1,100,,7974,24,0,47 18,1
42000,'12',1113,,7980,24,0,47 18,1,30,,7981,24,0,47 18,1,70,,7975,24,0,47 18,1,30,,7984,24,0,47 18,1,70,,7985,24,0,47 18,1,30,,7987,24,0,47 18,1,71,,7978,24,0,47 18,1,30,,7977,24,0,47 18,1,70,,7982,24,0,47 18,1,30,,7986,24,0,47 18,1,70,,7976,24,0,47 18,1,30,,7988,24,0,47 18,1,70,,7983,24,0,47 18,1,30,,7979,24,0,47 18,1
42000,'14',640,,8007,24,0,47 18,1,72,,8001,24,0,47 18,1,30,,8013,24,0,47 18,1,70,,8004,24,0,47 18,1,30,,7990,24,0,47 18,1,70,,8016,24,0,47 18,1,30,,8006,24,0,47 18,1,71,,8008,24,0,47 18,1,30,,7993,24,0,47 18,1,70,,8009,24,0,47 18,1,30,,7991,24,0,47 18,1,70,,7989,24,0,47 18,1,30,,8012,24,0,47 18,1,70,,7997,24,0,47 18,1,30,,7996,24,0,47 18,1,71,,8010,24,0,47 18,1,30,,8011,24,0,47 18,1,70,,8000,24,0,47 18,1,30,,7995,24,0,47 18,1,70,,8018,24,0,47 18,1,30,,7998,24,0,47 18,1,70,,7992,24,0,47 18,1,30,,8002,24,0,47 18,1,70,,8014,24,0,47 18,1,30,,8003,24,0,47 18,1,99,,7994,24,0,47 18,1,100,,8005,24,0,47 18,1,100,,8017,24,0,47 18,1,100,,8015,24,0,47 18,1,100,,7999,24,0,47 18,1
42000,'3',1844,,8021,24,0,47 18,1,99,,8019,24,0,47 18,1,100,,8020,24,0,47 18,1,100,,8023,24,0,47 18,1,100,,8022,24,0,47 18,1,100,,8024,24,0,47 18,1
42000,'7',912,,8034,24,0,47 18,1,30,,8032,24,0,47 18,1,71,,8042,24,0,47 18,1,30,,8027,24,0,47 18,1,70,,8028,24,0,47 18,1,30,,8041,24,0,47 18,1,70,,8031,24,0,47 18,1,30,,8043,24,0,47 18,1,70,,8025,24,0,47 18,1,30,,8047,24,0,47 18,1,71,,8026,24,0,47 18,1,30,,8040,24,0,47 18,1,70,,8035,24,0,47 18,1,30,,8038,24,0,47 18,1,70,,8039,24,0,47 18,1,30,,8030,24,0,47 18,1,70,,8044,24,0,47 18,1,30,,8037,24,0,47 18,1,70,,8046,24,0,47 18,1,30,,8033,24,0,47 18,1,69,,8036,24,0,47 18,1,30,,8029,24,0,47 18,1,70,,8045,24,0,47 18,1
