31701,'1',625,,3422,31,0,62,1,30,,3431,31,0,62,1,70,,3419,31,0,62,1,30,,3427,31,0,62,1,70,,3412,31,0,62,1,30,,3415,31,0,62,1,70,,3434,31,0,62,1,30,,3423,31,0,62,1,71,,3418,31,0,62,1,30,,3432,31,0,62,1,70,,3413,31,0,62,1,30,,3420,31,0,62,1,70,,3417,31,0,62,1,30,,3424,31,0,62,1,70,,3429,31,0,62,1,30,,3421,31,0,62,1,71,,3426,31,0,62,1,30,,3411,31,0,62,1,70,,3425,31,0,62,1,30,,3430,31,0,62,1,70,,3414,31,0,62,1,30,,3433,31,0,62,1,70,,3416,31,0,62,1,30,,3428,31,0,62,1
31701,'10',625,,3446,31,0,62,1,30,,3455,31,0,62,1,70,,3443,31,0,62,1,30,,3451,31,0,62,1,70,,3436,31,0,62,1,30,,3439,31,0,62,1,70,,3458,31,0,62,1,30,,3447,31,0,62,1,71,,3442,31,0,62,1,30,,3456,31,0,62,1,70,,3437,31,0,62,1,30,,3444,31,0,62,1,70,,3441,31,0,62,1,30,,3448,31,0,62,1,70,,3453,31,0,62,1,30,,3445,31,0,62,1,71,,3450,31,0,62,1,30,,3435,31,0,62,1,70,,3449,31,0,62,1,30,,3454,31,0,62,1,70,,3438,31,0,62,1,30,,3457,31,0,62,1,70,,3440,31,0,62,1,30,,3452,31,0,62,1
31701,'11',625,,3470,31,0,62,1,30,,3479,31,0,62,1,70,,3467,31,0,62,1,30,,3475,31,0,62,1,70,,3460,31,0,62,1,30,,3463,31,0,62,1,70,,3482,31,0,62,1,30,,3471,31,0,62,1,71,,3466,31,0,62,1,30,,3480,31,0,62,1,70,,3461,31,0,62,1,30,,3468,31,0,62,1,70,,3465,31,0,62,1,30,,3472,31,0,62,1,70,,3477,31,0,62,1,30,,3469,31,0,62,1,71,,3474,31,0,62,1,30,,3459,31,0,62,1,70,,3473,31,0,62,1,30,,3478,31,0,62,1,70,,3462,31,0,62,1,30,,3481,31,0,62,1,70,,3464,31,0,62,1,30,,3476,31,0,62,1
31701,'3',625,,3494,31,0,62,1,30,,3503,31,0,62,1,70,,3491,31,0,62,1,30,,3499,31,0,62,1,70,,3484,31,0,62,1,30,,3487,31,0,62,1,70,,3506,31,0,62,1,30,,3495,31,0,62,1,71,,3490,31,0,62,1,30,,3504,31,0,62,1,70,,3485,31,0,62,1,30,,3492,31,0,62,1,70,,3489,31,0,62,1,30,,3496,31,0,62,1,70,,3501,31,0,62,1,30,,3493,31,0,62,1,71,,3498,31,0,62,1,30,,3483,31,0,62,1,70,,3497,31,0,62,1,30,,3502,31,0,62,1,70,,3486,31,0,62,1,30,,3505,31,0,62,1,70,,3488,31,0,62,1,30,,3500,31,0,62,1
41701,'1',1830,,7718,25,0,62,1,99,,7722,25,0,62,1,100,,7721,25,0,62,1,100,,7723,25,0,62,1,100,,7720,25,0,62,1,100,,7719,25,0,62,1
41701,'10',1830,,7724,25,0,62,1,99,,7728,25,0,62,1,100,,7727,25,0,62,1,100,,7729,25,0,62,1,100,,7726,25,0,62,1,100,,7725,25,0,62,1
41701,'11',1830,,7730,25,0,62,1,99,,7734,25,0,62,1,100,,7733,25,0,62,1,100,,7735,25,0,62,1,100,,7732,25,0,62,1,100,,7731,25,0,62,1
41701,'12',1130,,7738,25,0,62,1,100,,7742,25,0,62,1,100,,7737,25,0,62,1,100,,7736,25,0,62,1,100,,7739,25,0,62,1,100,,7741,25,0,62,1,100,,7740,25,0,62,1
41701,'14',629,,7767,25,0,62,1,30,,7745,25,0,62,1,70,,7748,25,0,62,1,30,,7753,25,0,62,1,70,,7743,25,0,62,1,30,,7765,25,0,62,1,70,,7771,25,0,62,1,30,,7763,25,0,62,1,71,,7769,25,0,62,1,70,,7746,25,0,62,1,30,,7754,25,0,62,1,70,,7758,25,0,62,1,30,,7747,25,0,62,1,70,,7770,25,0,62,1,30,,7772,25,0,62,1,70,,7750,25,0,62,1,30,,7760,25,0,62,1,70,,7766,25,0,62,1,30,,7757,25,0,62,1,70,,7762,25,0,62,1,30,,7768,25,0,62,1,70,,7752,25,0,62,1,30,,7756,25,0,62,1,70,,7744,25,0,62,1,30,,7755,25,0,62,1,99,,7759,25,0,62,1,100,,7764,25,0,62,1,100,,7761,25,0,62,1,100,,7749,25,0,62,1,100,,7751,25,0,62,1
41701,'3',1830,,7773,25,0,62,1,99,,7777,25,0,62,1,100,,7776,25,0,62,1,100,,7778,25,0,62,1,100,,7775,25,0,62,1,100,,7774,25,0,62,1
41701,'7',929,,7782,25,0,62,1,101,,7788,25,0,62,1,70,,7785,25,0,62,1,30,,7787,25,0,62,1,70,,7792,25,0,62,1,30,,7784,25,0,62,1,70,,7779,25,0,62,1,30,,7796,25,0,62,1,70,,7794,25,0,62,1,30,,7790,25,0,62,1,70,,7795,25,0,62,1,30,,7783,25,0,62,1,70,,7789,25,0,62,1,30,,7791,25,0,62,1,70,,7797,25,0,62,1,30,,7793,25,0,62,1,70,,7786,25,0,62,1,30,,7780,25,0,62,1,99,,7781,25,0,62,1
