31700,'12',621,,35780,13,0,63,1,30,,35778,13,0,63,1,70,,35793,13,0,63,1,30,,35787,13,0,63,1,70,,35789,13,0,63,1,30,,35781,13,0,63,1,70,,35785,13,0,63,1,30,,35798,13,0,63,1,70,,35796,13,0,63,1,30,,35800,13,0,63,1,70,,35791,13,0,63,1,30,,35784,13,0,63,1,70,,35792,13,0,63,1,30,,35786,13,0,63,1,70,,35783,13,0,63,1,30,,35788,13,0,63,1,70,,35779,13,0,63,1,30,,35799,13,0,63,1,70,,35795,13,0,63,1,30,,35790,13,0,63,1,70,,35782,13,0,63,1,30,,35794,13,0,63,1,70,,35777,13,0,63,1,30,,35797,13,0,63,1
31700,'13',621,,35804,13,0,63,1,30,,35802,13,0,63,1,70,,35817,13,0,63,1,30,,35811,13,0,63,1,70,,35813,13,0,63,1,30,,35805,13,0,63,1,70,,35809,13,0,63,1,30,,35822,13,0,63,1,70,,35820,13,0,63,1,30,,35824,13,0,63,1,70,,35815,13,0,63,1,30,,35808,13,0,63,1,70,,35816,13,0,63,1,30,,35810,13,0,63,1,70,,35807,13,0,63,1,30,,35812,13,0,63,1,70,,35803,13,0,63,1,30,,35823,13,0,63,1,70,,35819,13,0,63,1,30,,35814,13,0,63,1,70,,35806,13,0,63,1,30,,35818,13,0,63,1,70,,35801,13,0,63,1,30,,35821,13,0,63,1
31700,'3',621,,35828,13,0,63,1,30,,35826,13,0,63,1,70,,35841,13,0,63,1,30,,35835,13,0,63,1,70,,35837,13,0,63,1,30,,35829,13,0,63,1,70,,35833,13,0,63,1,30,,35846,13,0,63,1,70,,35844,13,0,63,1,30,,35848,13,0,63,1,70,,35839,13,0,63,1,30,,35832,13,0,63,1,70,,35840,13,0,63,1,30,,35834,13,0,63,1,70,,35831,13,0,63,1,30,,35836,13,0,63,1,70,,35827,13,0,63,1,30,,35847,13,0,63,1,70,,35843,13,0,63,1,30,,35838,13,0,63,1,70,,35830,13,0,63,1,30,,35842,13,0,63,1,70,,35825,13,0,63,1,30,,35845,13,0,63,1
31700,'6',621,,35852,13,0,63,1,30,,35850,13,0,63,1,70,,35865,13,0,63,1,30,,35859,13,0,63,1,70,,35861,13,0,63,1,30,,35853,13,0,63,1,70,,35857,13,0,63,1,30,,35870,13,0,63,1,70,,35868,13,0,63,1,30,,35872,13,0,63,1,70,,35863,13,0,63,1,30,,35856,13,0,63,1,70,,35864,13,0,63,1,30,,35858,13,0,63,1,70,,35855,13,0,63,1,30,,35860,13,0,63,1,70,,35851,13,0,63,1,30,,35871,13,0,63,1,70,,35867,13,0,63,1,30,,35862,13,0,63,1,70,,35854,13,0,63,1,30,,35866,13,0,63,1,70,,35849,13,0,63,1,30,,35869,13,0,63,1
41700,'1',620,,40762,13,0,67,1,30,,40769,13,0,67,1,70,,40763,13,0,67,1,30,,40774,13,0,67,1,70,,40775,13,0,67,1,30,,40782,13,0,67,1,70,,40768,13,0,67,1,30,,40767,13,0,67,1,70,,40783,13,0,67,1,30,,40765,13,0,67,1,70,,40778,13,0,67,1,30,,40771,13,0,67,1,70,,30428,13,0,67,1,30,,40764,13,0,67,1,70,,40781,13,0,67,1,30,,29674,13,0,67,1,70,,40772,13,0,67,1,30,,40773,13,0,67,1,70,,40761,13,0,67,1,30,,30086,13,0,67,1,70,,40766,13,0,67,1,30,,30078,13,0,67,1,70,,40776,13,0,67,1,30,,40777,13,0,67,1,70,,40779,13,0,67,1,100,,40760,13,0,67,1,100,,40770,13,0,67,1,100,,40759,13,0,67,1,100,,40780,13,0,67,1,100,,30781,13,0,67,1
41700,'11',620,,40787,13,0,67,1,30,,40795,13,0,67,1,70,,40788,13,0,67,1,30,,40801,13,0,67,1,70,,40802,13,0,67,1,30,,40811,13,0,67,1,70,,40793,13,0,67,1,30,,40792,13,0,67,1,70,,40813,13,0,67,1,30,,40790,13,0,67,1,70,,40806,13,0,67,1,30,,40797,13,0,67,1,70,,40794,13,0,67,1,30,,40789,13,0,67,1,70,,40810,13,0,67,1,30,,40812,13,0,67,1,70,,40799,13,0,67,1,30,,40800,13,0,67,1,70,,40786,13,0,67,1,30,,40804,13,0,67,1,70,,40791,13,0,67,1,30,,40798,13,0,67,1,70,,40803,13,0,67,1,30,,40805,13,0,67,1,70,,40808,13,0,67,1,100,,40785,13,0,67,1,100,,40796,13,0,67,1,100,,40784,13,0,67,1,100,,40809,13,0,67,1,100,,40807,13,0,67,1
41700,'12',1820,,40818,13,0,67,1,100,,40814,13,0,67,1,100,,40817,13,0,67,1,100,,40819,13,0,67,1,100,,40816,13,0,67,1,100,,40815,13,0,67,1
41700,'13',1820,,40824,13,0,67,1,100,,40820,13,0,67,1,100,,40823,13,0,67,1,100,,40825,13,0,67,1,100,,40822,13,0,67,1,100,,40821,13,0,67,1
41700,'14',1120,,40830,13,0,67,1,100,,29507,13,0,67,1,100,,40831,13,0,67,1,100,,40829,13,0,67,1,100,,40826,13,0,67,1,100,,40828,13,0,67,1,100,,40827,13,0,67,1
41700,'16',620,,40835,13,0,67,1,30,,40842,13,0,67,1,70,,40836,13,0,67,1,30,,40847,13,0,67,1,70,,40848,13,0,67,1,30,,40855,13,0,67,1,70,,40841,13,0,67,1,30,,40840,13,0,67,1,70,,40856,13,0,67,1,30,,40838,13,0,67,1,70,,40851,13,0,67,1,30,,40844,13,0,67,1,70,,30468,13,0,67,1,30,,40837,13,0,67,1,70,,40854,13,0,67,1,30,,29793,13,0,67,1,70,,40845,13,0,67,1,30,,40846,13,0,67,1,70,,40834,13,0,67,1,30,,30166,13,0,67,1,70,,40839,13,0,67,1,30,,30159,13,0,67,1,70,,40849,13,0,67,1,30,,40850,13,0,67,1,70,,40852,13,0,67,1,100,,40833,13,0,67,1,100,,40843,13,0,67,1,100,,40832,13,0,67,1,100,,40853,13,0,67,1,100,,30822,13,0,67,1
41700,'3',1820,,40861,13,0,67,1,100,,40857,13,0,67,1,100,,40860,13,0,67,1,100,,40862,13,0,67,1,100,,40859,13,0,67,1,100,,40858,13,0,67,1
41700,'6',1820,,40867,13,0,67,1,100,,40863,13,0,67,1,100,,40866,13,0,67,1,100,,40868,13,0,67,1,100,,40865,13,0,67,1,100,,40864,13,0,67,1
41700,'8',920,,40880,13,0,67,1,100,,32423,13,0,67,1,30,,40870,13,0,67,1,70,,40869,13,0,67,1,30,,40882,13,0,67,1,70,,40876,13,0,67,1,30,,40872,13,0,67,1,70,,40875,13,0,67,1,30,,40878,13,0,67,1,70,,40881,13,0,67,1,30,,40871,13,0,67,1,70,,40874,13,0,67,1,30,,30924,13,0,67,1,70,,40883,13,0,67,1,30,,40884,13,0,67,1,70,,40873,13,0,67,1,30,,40877,13,0,67,1,70,,40879,13,0,67,1,100,,31236,13,0,67,1
