30301,'12',627,,33410,5,0,32 33,1,30,,33414,5,0,32 33,1,70,,33406,5,0,32 33,1,30,,33418,5,0,32 33,1,70,,33407,5,0,32 33,1,30,,33417,5,0,32 33,1,70,,33401,5,0,32 33,1,30,,33422,5,0,32 33,1,70,,33404,5,0,32 33,1,30,,33412,5,0,32 33,1,70,,33411,5,0,32 33,1,30,,33420,5,0,32 33,1,70,,33409,5,0,32 33,1,30,,33415,5,0,32 33,1,70,,33421,5,0,32 33,1,30,,33416,5,0,32 33,1,71,,33399,5,0,32 33,1,30,,33403,5,0,32 33,1,70,,33419,5,0,32 33,1,30,,33400,5,0,32 33,1,70,,33408,5,0,32 33,1,30,,33413,5,0,32 33,1,70,,33405,5,0,32 33,1,30,,33402,5,0,32 33,1
30301,'13',627,,33432,5,0,32 33,1,30,,33436,5,0,32 33,1,70,,33430,5,0,32 33,1,30,,33440,5,0,32 33,1,70,,33431,5,0,32 33,1,30,,33439,5,0,32 33,1,70,,33425,5,0,32 33,1,30,,33444,5,0,32 33,1,70,,33428,5,0,32 33,1,30,,33434,5,0,32 33,1,70,,33433,5,0,32 33,1,30,,33442,5,0,32 33,1,70,,31053,5,0,32 33,1,30,,33437,5,0,32 33,1,70,,33443,5,0,32 33,1,30,,33438,5,0,32 33,1,71,,33423,5,0,32 33,1,30,,33427,5,0,32 33,1,70,,33441,5,0,32 33,1,30,,33424,5,0,32 33,1,70,,22412,5,0,32 33,1,30,,33435,5,0,32 33,1,70,,33429,5,0,32 33,1,30,,33426,5,0,32 33,1
30301,'3',627,,33454,5,0,32 33,1,30,,33458,5,0,32 33,1,70,,33452,5,0,32 33,1,30,,33462,5,0,32 33,1,70,,33453,5,0,32 33,1,30,,33461,5,0,32 33,1,70,,33447,5,0,32 33,1,30,,33466,5,0,32 33,1,70,,33450,5,0,32 33,1,30,,33456,5,0,32 33,1,70,,33455,5,0,32 33,1,30,,33464,5,0,32 33,1,70,,31091,5,0,32 33,1,30,,33459,5,0,32 33,1,70,,33465,5,0,32 33,1,30,,33460,5,0,32 33,1,71,,33445,5,0,32 33,1,30,,33449,5,0,32 33,1,70,,33463,5,0,32 33,1,30,,33446,5,0,32 33,1,70,,22434,5,0,32 33,1,30,,33457,5,0,32 33,1,70,,33451,5,0,32 33,1,30,,33448,5,0,32 33,1
30301,'6',627,,33478,5,0,32 33,1,30,,33482,5,0,32 33,1,70,,33474,5,0,32 33,1,30,,33486,5,0,32 33,1,70,,33475,5,0,32 33,1,30,,33485,5,0,32 33,1,70,,33469,5,0,32 33,1,30,,33490,5,0,32 33,1,70,,33472,5,0,32 33,1,30,,33480,5,0,32 33,1,70,,33479,5,0,32 33,1,30,,33488,5,0,32 33,1,70,,33477,5,0,32 33,1,30,,33483,5,0,32 33,1,70,,33489,5,0,32 33,1,30,,33484,5,0,32 33,1,71,,33467,5,0,32 33,1,30,,33471,5,0,32 33,1,70,,33487,5,0,32 33,1,30,,33468,5,0,32 33,1,70,,33476,5,0,32 33,1,30,,33481,5,0,32 33,1,70,,33473,5,0,32 33,1,30,,33470,5,0,32 33,1
41500,'1',649,,40162,12,0,20 14 21 18,1,70,,40152,12,0,20 14 21 18,1,30,,40169,12,0,20 14 21 18,1,70,,40153,12,0,20 14 21 18,1,30,,40164,12,0,20 14 21 18,1,70,,40148,12,0,20 14 21 18,1,30,,40151,12,0,20 14 21 18,1,70,,40147,12,0,20 14 21 18,1,30,,22327,12,0,20 14 21 18,1,70,,40167,12,0,20 14 21 18,1,30,,40159,12,0,20 14 21 18,1,70,,40171,12,0,20 14 21 18,1,30,,40170,12,0,20 14 21 18,1,70,,40163,12,0,20 14 21 18,1,30,,40156,12,0,20 14 21 18,1,70,,40149,12,0,20 14 21 18,1,30,,40165,12,0,20 14 21 18,1,70,,24701,12,0,20 14 21 18,1,30,,40168,12,0,20 14 21 18,1,70,,40154,12,0,20 14 21 18,1,30,,40172,12,0,20 14 21 18,1,70,,40166,12,0,20 14 21 18,1,30,,40155,12,0,20 14 21 18,1,70,,40150,12,0,20 14 21 18,1,100,,40160,12,0,20 14 21 18,1,100,,40158,12,0,20 14 21 18,1,100,,40161,12,0,20 14 21 18,1,100,,40173,12,0,20 14 21 18,1,100,,40157,12,0,20 14 21 18,1
41500,'11',649,,40190,12,0,20 14 21 18,1,70,,40179,12,0,20 14 21 18,1,30,,40197,12,0,20 14 21 18,1,70,,40180,12,0,20 14 21 18,1,30,,40192,12,0,20 14 21 18,1,70,,40175,12,0,20 14 21 18,1,30,,40178,12,0,20 14 21 18,1,70,,40174,12,0,20 14 21 18,1,30,,40185,12,0,20 14 21 18,1,70,,40195,12,0,20 14 21 18,1,30,,40187,12,0,20 14 21 18,1,70,,40200,12,0,20 14 21 18,1,30,,40198,12,0,20 14 21 18,1,70,,40191,12,0,20 14 21 18,1,30,,40183,12,0,20 14 21 18,1,70,,40176,12,0,20 14 21 18,1,30,,40193,12,0,20 14 21 18,1,70,,40199,12,0,20 14 21 18,1,30,,40196,12,0,20 14 21 18,1,70,,40181,12,0,20 14 21 18,1,30,,40201,12,0,20 14 21 18,1,70,,40194,12,0,20 14 21 18,1,30,,40182,12,0,20 14 21 18,1,70,,40177,12,0,20 14 21 18,1,100,,40188,12,0,20 14 21 18,1,100,,40186,12,0,20 14 21 18,1,100,,40189,12,0,20 14 21 18,1,100,,40202,12,0,20 14 21 18,1,100,,40184,12,0,20 14 21 18,1
41500,'12',1819,,40204,12,0,20 14 21 18,1,100,,40207,12,0,20 14 21 18,1,100,,40203,12,0,20 14 21 18,1,100,,40208,12,0,20 14 21 18,1,100,,40205,12,0,20 14 21 18,1,100,,40206,12,0,20 14 21 18,1
41500,'13',1819,,40210,12,0,20 14 21 18,1,100,,27351,12,0,20 14 21 18,1,100,,40209,12,0,20 14 21 18,1,100,,40213,12,0,20 14 21 18,1,100,,40211,12,0,20 14 21 18,1,100,,40212,12,0,20 14 21 18,1
41500,'14',1119,,40214,12,0,20 14 21 18,1,100,,40216,12,0,20 14 21 18,1,100,,40217,12,0,20 14 21 18,1,100,,40218,12,0,20 14 21 18,1,100,,40220,12,0,20 14 21 18,1,100,,40219,12,0,20 14 21 18,1,100,,40215,12,0,20 14 21 18,1
41500,'16',649,,40236,12,0,20 14 21 18,1,70,,40226,12,0,20 14 21 18,1,30,,40243,12,0,20 14 21 18,1,70,,40227,12,0,20 14 21 18,1,30,,40238,12,0,20 14 21 18,1,70,,40222,12,0,20 14 21 18,1,30,,40225,12,0,20 14 21 18,1,70,,40221,12,0,20 14 21 18,1,30,,30900,12,0,20 14 21 18,1,70,,40241,12,0,20 14 21 18,1,30,,40233,12,0,20 14 21 18,1,70,,40245,12,0,20 14 21 18,1,30,,40244,12,0,20 14 21 18,1,70,,40237,12,0,20 14 21 18,1,30,,40230,12,0,20 14 21 18,1,70,,40223,12,0,20 14 21 18,1,30,,40239,12,0,20 14 21 18,1,70,,31219,12,0,20 14 21 18,1,30,,40242,12,0,20 14 21 18,1,70,,40228,12,0,20 14 21 18,1,30,,40246,12,0,20 14 21 18,1,70,,40240,12,0,20 14 21 18,1,30,,40229,12,0,20 14 21 18,1,70,,40224,12,0,20 14 21 18,1,100,,40234,12,0,20 14 21 18,1,100,,40232,12,0,20 14 21 18,1,100,,40235,12,0,20 14 21 18,1,100,,40247,12,0,20 14 21 18,1,100,,40231,12,0,20 14 21 18,1
41500,'3',1819,,40249,12,0,20 14 21 18,1,100,,27389,12,0,20 14 21 18,1,100,,40248,12,0,20 14 21 18,1,100,,40252,12,0,20 14 21 18,1,100,,40250,12,0,20 14 21 18,1,100,,40251,12,0,20 14 21 18,1
41500,'6',1819,,40254,12,0,20 14 21 18,1,100,,40257,12,0,20 14 21 18,1,100,,40253,12,0,20 14 21 18,1,100,,40258,12,0,20 14 21 18,1,100,,40255,12,0,20 14 21 18,1,100,,40256,12,0,20 14 21 18,1
41500,'8',919,,40260,12,0,20 14 21 18,1,100,,40273,12,0,20 14 21 18,1,30,,40275,12,0,20 14 21 18,1,70,,40261,12,0,20 14 21 18,1,30,,40269,12,0,20 14 21 18,1,70,,40274,12,0,20 14 21 18,1,30,,40262,12,0,20 14 21 18,1,70,,40263,12,0,20 14 21 18,1,30,,40276,12,0,20 14 21 18,1,70,,40268,12,0,20 14 21 18,1,30,,40264,12,0,20 14 21 18,1,70,,40277,12,0,20 14 21 18,1,30,,40271,12,0,20 14 21 18,1,70,,40266,12,0,20 14 21 18,1,30,,40259,12,0,20 14 21 18,1,70,,40265,12,0,20 14 21 18,1,30,,40270,12,0,20 14 21 18,1,70,,40267,12,0,20 14 21 18,1,100,,40272,12,0,20 14 21 18,1
41501,'1',659,,40301,31,0,20 14 34,1,70,,40294,31,0,20 14 34,1,30,,40288,31,0,20 14 34,1,70,,40304,31,0,20 14 34,1,30,,40293,31,0,20 14 34,1,70,,40286,31,0,20 14 34,1,30,,40289,31,0,20 14 34,1,71,,40302,31,0,20 14 34,1,70,,31128,31,0,20 14 34,1,30,,40284,31,0,20 14 34,1,70,,40297,31,0,20 14 34,1,30,,40281,31,0,20 14 34,1,70,,40300,31,0,20 14 34,1,30,,40280,31,0,20 14 34,1,70,,40303,31,0,20 14 34,1,31,,40278,31,0,20 14 34,1,70,,40287,31,0,20 14 34,1,30,,40290,31,0,20 14 34,1,70,,40296,31,0,20 14 34,1,30,,40292,31,0,20 14 34,1,70,,40282,31,0,20 14 34,1,30,,40298,31,0,20 14 34,1,70,,29652,31,0,20 14 34,1,30,,40283,31,0,20 14 34,1,98,,40291,31,0,20 14 34,1,100,,40285,31,0,20 14 34,1,100,,40295,31,0,20 14 34,1,100,,40299,31,0,20 14 34,1,100,,40279,31,0,20 14 34,1
41501,'11',659,,40329,31,0,20 14 34,1,70,,40322,31,0,20 14 34,1,30,,40316,31,0,20 14 34,1,70,,40333,31,0,20 14 34,1,30,,40321,31,0,20 14 34,1,70,,40314,31,0,20 14 34,1,30,,40317,31,0,20 14 34,1,71,,40330,31,0,20 14 34,1,70,,40331,31,0,20 14 34,1,30,,40312,31,0,20 14 34,1,70,,40325,31,0,20 14 34,1,30,,40308,31,0,20 14 34,1,70,,40328,31,0,20 14 34,1,30,,40307,31,0,20 14 34,1,70,,40332,31,0,20 14 34,1,31,,40305,31,0,20 14 34,1,70,,40315,31,0,20 14 34,1,30,,40318,31,0,20 14 34,1,70,,40324,31,0,20 14 34,1,30,,40320,31,0,20 14 34,1,70,,40310,31,0,20 14 34,1,30,,40326,31,0,20 14 34,1,70,,40309,31,0,20 14 34,1,30,,40311,31,0,20 14 34,1,98,,40319,31,0,20 14 34,1,100,,40313,31,0,20 14 34,1,100,,40323,31,0,20 14 34,1,100,,40327,31,0,20 14 34,1,100,,40306,31,0,20 14 34,1
41501,'12',1816,,40338,31,0,20 14 34,1,30,,40334,31,0,20 14 34,1,83,,40336,31,0,20 14 34,1,100,,40340,31,0,20 14 34,1,100,,40335,31,0,20 14 34,1,100,,40337,31,0,20 14 34,1,100,,40339,31,0,20 14 34,1
41501,'13',1816,,40345,31,0,20 14 34,1,30,,40341,31,0,20 14 34,1,83,,40343,31,0,20 14 34,1,100,,40347,31,0,20 14 34,1,100,,40342,31,0,20 14 34,1,100,,40344,31,0,20 14 34,1,100,,40346,31,0,20 14 34,1
41501,'14',1130,,40349,31,0,20 14 34,1,100,,40352,31,0,20 14 34,1,100,,40353,31,0,20 14 34,1,101,,40351,31,0,20 14 34,1,100,,40350,31,0,20 14 34,1,100,,40354,31,0,20 14 34,1,100,,40348,31,0,20 14 34,1
41501,'16',659,,40378,31,0,20 14 34,1,70,,40371,31,0,20 14 34,1,30,,40365,31,0,20 14 34,1,70,,40381,31,0,20 14 34,1,30,,40370,31,0,20 14 34,1,70,,40363,31,0,20 14 34,1,30,,40366,31,0,20 14 34,1,71,,40379,31,0,20 14 34,1,70,,31153,31,0,20 14 34,1,30,,40361,31,0,20 14 34,1,70,,40374,31,0,20 14 34,1,30,,40358,31,0,20 14 34,1,70,,40377,31,0,20 14 34,1,30,,40357,31,0,20 14 34,1,70,,40380,31,0,20 14 34,1,31,,40355,31,0,20 14 34,1,70,,40364,31,0,20 14 34,1,30,,40367,31,0,20 14 34,1,70,,40373,31,0,20 14 34,1,30,,40369,31,0,20 14 34,1,70,,40359,31,0,20 14 34,1,30,,40375,31,0,20 14 34,1,70,,26926,31,0,20 14 34,1,30,,40360,31,0,20 14 34,1,98,,40368,31,0,20 14 34,1,100,,40362,31,0,20 14 34,1,100,,40372,31,0,20 14 34,1,100,,40376,31,0,20 14 34,1,100,,40356,31,0,20 14 34,1
41501,'3',1816,,40386,31,0,20 14 34,1,30,,40382,31,0,20 14 34,1,83,,40384,31,0,20 14 34,1,100,,40388,31,0,20 14 34,1,100,,40383,31,0,20 14 34,1,100,,40385,31,0,20 14 34,1,100,,40387,31,0,20 14 34,1
41501,'6',1816,,40393,31,0,20 14 34,1,30,,40389,31,0,20 14 34,1,83,,40391,31,0,20 14 34,1,100,,40395,31,0,20 14 34,1,100,,40390,31,0,20 14 34,1,100,,40392,31,0,20 14 34,1,100,,40394,31,0,20 14 34,1
41501,'8',1030,,40400,31,0,20 14 34,1,70,,40408,31,0,20 14 34,1,30,,40403,31,0,20 14 34,1,70,,40401,31,0,20 14 34,1,30,,40410,31,0,20 14 34,1,100,,40407,31,0,20 14 34,1,70,,40398,31,0,20 14 34,1,31,,40404,31,0,20 14 34,1,100,,40402,31,0,20 14 34,1,70,,40406,31,0,20 14 34,1,30,,40409,31,0,20 14 34,1,70,,31323,31,0,20 14 34,1,30,,40396,31,0,20 14 34,1,70,,40397,31,0,20 14 34,1,30,,40405,31,0,20 14 34,1,98,,40399,31,0,20 14 34,1
