32100,'11',747,,29029,24,0,53,1,100,,29030,24,0,53,1,100,,29027,24,0,53,1,400,,29028,24,0,53,1,100,,29025,24,0,53,1,100,,29026,24,0,53,1,100,,29031,24,0,53,1
32100,'3',747,,29036,24,0,53,1,100,,29037,24,0,53,1,100,,29034,24,0,53,1,400,,29035,24,0,53,1,100,,29032,24,0,53,1,100,,29033,24,0,53,1,100,,29038,24,0,53,1
32401,'11',718,,29185,6,0,54,1,100,,29183,6,0,54,1,100,,29181,6,0,54,1,100,,29184,6,0,54,1,100,,29186,6,0,54,1,100,,29187,6,0,54,1,100,,29179,6,0,54,1,100,,29182,6,0,54,1,100,,2939,6,0,54,1,100,,29178,6,0,54,1,100,,29180,6,0,54,1,100,,29177,6,0,54,1
32401,'3',718,,29196,6,0,54,1,100,,29194,6,0,54,1,100,,29192,6,0,54,1,100,,29195,6,0,54,1,100,,29197,6,0,54,1,100,,29198,6,0,54,1,100,,29190,6,0,54,1,100,,29193,6,0,54,1,100,,3014,6,0,54,1,100,,29189,6,0,54,1,100,,29191,6,0,54,1,100,,29188,6,0,54,1
33101,'11',748,,29224,8,0,55,1,100,,29222,8,0,55,1,100,,29226,8,0,55,1,100,,29221,8,0,55,1,100,,29225,8,0,55,1,100,,29228,8,0,55,1,100,,23752,8,0,55,1,100,,26610,8,0,55,1,100,,24333,8,0,55,1,100,,29227,8,0,55,1,100,,29223,8,0,55,1
33101,'3',748,,29232,8,0,55,1,100,,29230,8,0,55,1,100,,29234,8,0,55,1,100,,29229,8,0,55,1,100,,29233,8,0,55,1,100,,29236,8,0,55,1,100,,23774,8,0,55,1,100,,26652,8,0,55,1,100,,24354,8,0,55,1,100,,29235,8,0,55,1,100,,29231,8,0,55,1
42401,'1',717,,1358,6,0,54,1,100,,32482,6,0,54,1,100,,32487,6,0,54,1,100,,32483,6,0,54,1,100,,32490,6,0,54,1,100,,32488,6,0,54,1,100,,32494,6,0,54,1,101,,32491,6,0,54,1,100,,32492,6,0,54,1,100,,23308,6,0,54,1,100,,21445,6,0,54,1,100,,32485,6,0,54,1,98,,32489,6,0,54,1,100,,32493,6,0,54,1,100,,32484,6,0,54,1,100,,32486,6,0,54,1
42401,'11',1916,,32497,6,0,54,1,100,,32496,6,0,54,1,100,,32495,6,0,54,1,100,,22713,6,0,54,1,100,,32498,6,0,54,1
42401,'3',1916,,32501,6,0,54,1,100,,32500,6,0,54,1,100,,32499,6,0,54,1,100,,22735,6,0,54,1,100,,32502,6,0,54,1
43101,'1',747,,32526,8,0,55,1,100,,32531,8,0,55,1,100,,32525,8,0,55,1,101,,23133,8,0,55,1,100,,32536,8,0,55,1,100,,24470,8,0,55,1,100,,23435,8,0,55,1,101,,32530,8,0,55,1,100,,32532,8,0,55,1,100,,32529,8,0,55,1,100,,32527,8,0,55,1,100,,32534,8,0,55,1,99,,32533,8,0,55,1,100,,32537,8,0,55,1,100,,32535,8,0,55,1,100,,32528,8,0,55,1
43101,'11',1849,,32540,8,0,55,1,99,,32538,8,0,55,1,100,,32543,8,0,55,1,100,,32539,8,0,55,1,100,,32542,8,0,55,1,100,,32541,8,0,55,1
43101,'3',1849,,32546,8,0,55,1,99,,32544,8,0,55,1,100,,32549,8,0,55,1,100,,32545,8,0,55,1,100,,32548,8,0,55,1,100,,32547,8,0,55,1
