30800,'11',613,,28033,30,0,59,1,30,,28013,30,0,59,1,70,,28016,30,0,59,1,30,,24338,30,0,59,1,70,,28028,30,0,59,1,30,,28014,30,0,59,1,70,,28030,30,0,59,1,30,,28019,30,0,59,1,70,,28029,30,0,59,1,30,,28020,30,0,59,1,70,,28025,30,0,59,1,30,,28021,30,0,59,1,70,,28027,30,0,59,1,30,,28034,30,0,59,1,70,,28023,30,0,59,1,30,,28031,30,0,59,1,69,,28022,30,0,59,1,34,,28017,30,0,59,1,70,,28032,30,0,59,1,30,,28035,30,0,59,1,70,,28024,30,0,59,1,30,,28018,30,0,59,1,70,,28026,30,0,59,1,30,,28015,30,0,59,1
30800,'3',613,,28056,30,0,59,1,30,,28036,30,0,59,1,70,,28039,30,0,59,1,30,,24359,30,0,59,1,70,,28051,30,0,59,1,30,,28037,30,0,59,1,70,,28053,30,0,59,1,30,,28042,30,0,59,1,70,,28052,30,0,59,1,30,,28043,30,0,59,1,70,,28048,30,0,59,1,30,,28044,30,0,59,1,70,,28050,30,0,59,1,30,,28057,30,0,59,1,70,,28046,30,0,59,1,30,,28054,30,0,59,1,69,,28045,30,0,59,1,34,,28040,30,0,59,1,70,,28055,30,0,59,1,30,,28058,30,0,59,1,70,,28047,30,0,59,1,30,,28041,30,0,59,1,70,,28049,30,0,59,1,30,,28038,30,0,59,1
31701,'11',619,,28814,17,0,62,1,30,,28817,17,0,62,1,70,,28823,17,0,62,1,30,,28807,17,0,62,1,70,,28810,17,0,62,1,30,,28821,17,0,62,1,70,,28822,17,0,62,1,30,,28805,17,0,62,1,70,,28803,17,0,62,1,30,,28806,17,0,62,1,70,,28808,17,0,62,1,30,,28816,17,0,62,1,70,,28811,17,0,62,1,30,,28813,17,0,62,1,70,,28825,17,0,62,1,30,,28819,17,0,62,1,71,,28804,17,0,62,1,30,,28818,17,0,62,1,70,,28815,17,0,62,1,30,,28812,17,0,62,1,70,,24029,17,0,62,1,30,,28809,17,0,62,1,70,,28820,17,0,62,1,30,,28824,17,0,62,1
31701,'3',619,,28837,17,0,62,1,30,,28840,17,0,62,1,70,,28846,17,0,62,1,30,,28830,17,0,62,1,70,,28833,17,0,62,1,30,,28844,17,0,62,1,70,,28845,17,0,62,1,30,,28828,17,0,62,1,70,,28826,17,0,62,1,30,,28829,17,0,62,1,70,,28831,17,0,62,1,30,,28839,17,0,62,1,70,,28834,17,0,62,1,30,,28836,17,0,62,1,70,,28848,17,0,62,1,30,,28842,17,0,62,1,71,,28827,17,0,62,1,30,,28841,17,0,62,1,70,,28838,17,0,62,1,30,,28835,17,0,62,1,70,,24055,17,0,62,1,30,,28832,17,0,62,1,70,,28843,17,0,62,1,30,,28847,17,0,62,1
40800,'1',627,,30775,30,0,60 61,1,30,,30762,30,0,60 61,1,70,,24141,30,0,60 61,1,30,,30783,30,0,60 61,1,70,,30764,30,0,60 61,1,30,,30773,30,0,60 61,1,70,,30781,30,0,60 61,1,30,,30768,30,0,60 61,1,71,,30761,30,0,60 61,1,30,,30767,30,0,60 61,1,70,,30778,30,0,60 61,1,30,,30769,30,0,60 61,1,70,,30785,30,0,60 61,1,30,,30772,30,0,60 61,1,70,,30776,30,0,60 61,1,30,,30777,30,0,60 61,1,70,,30784,30,0,60 61,1,30,,30787,30,0,60 61,1,70,,30774,30,0,60 61,1,30,,30770,30,0,60 61,1,70,,30771,30,0,60 61,1,30,,30765,30,0,60 61,1,70,,30779,30,0,60 61,1,30,,30780,30,0,60 61,1,100,,23530,30,0,60 61,1,100,,30766,30,0,60 61,1,100,,30786,30,0,60 61,1,100,,22629,30,0,60 61,1,100,,30763,30,0,60 61,1,100,,30782,30,0,60 61,1
40800,'11',1758,,23147,30,0,60 61,1,100,,30793,30,0,60 61,1,100,,30790,30,0,60 61,1,100,,30791,30,0,60 61,1,100,,30788,30,0,60 61,1,100,,30792,30,0,60 61,1,100,,30789,30,0,60 61,1
40800,'12',1058,,30794,30,0,60 61,1,100,,30796,30,0,60 61,1,100,,30799,30,0,60 61,1,100,,30797,30,0,60 61,1,100,,30801,30,0,60 61,1,100,,30795,30,0,60 61,1,100,,30800,30,0,60 61,1,100,,30798,30,0,60 61,1
40800,'14',627,,30817,30,0,60 61,1,30,,30803,30,0,60 61,1,70,,30819,30,0,60 61,1,30,,30824,30,0,60 61,1,70,,30805,30,0,60 61,1,30,,30815,30,0,60 61,1,70,,30822,30,0,60 61,1,30,,30809,30,0,60 61,1,71,,30802,30,0,60 61,1,30,,30808,30,0,60 61,1,70,,24976,30,0,60 61,1,30,,30810,30,0,60 61,1,70,,30826,30,0,60 61,1,30,,30814,30,0,60 61,1,70,,30818,30,0,60 61,1,30,,26787,30,0,60 61,1,70,,30825,30,0,60 61,1,30,,30828,30,0,60 61,1,70,,30816,30,0,60 61,1,30,,30812,30,0,60 61,1,70,,17982,30,0,60 61,1,30,,30806,30,0,60 61,1,70,,30820,30,0,60 61,1,30,,30821,30,0,60 61,1,100,,30813,30,0,60 61,1,100,,30807,30,0,60 61,1,100,,30827,30,0,60 61,1,100,,30811,30,0,60 61,1,100,,30804,30,0,60 61,1,100,,30823,30,0,60 61,1
40800,'3',1758,,23160,30,0,60 61,1,100,,30834,30,0,60 61,1,100,,30831,30,0,60 61,1,100,,30832,30,0,60 61,1,100,,30829,30,0,60 61,1,100,,30833,30,0,60 61,1,100,,30830,30,0,60 61,1
40800,'8',857,,25489,30,0,60 61,1,100,,30836,30,0,60 61,1,71,,30845,30,0,60 61,1,30,,30850,30,0,60 61,1,70,,30840,30,0,60 61,1,30,,30843,30,0,60 61,1,70,,26064,30,0,60 61,1,30,,30846,30,0,60 61,1,70,,30839,30,0,60 61,1,30,,30849,30,0,60 61,1,70,,30842,30,0,60 61,1,30,,25796,30,0,60 61,1,70,,30835,30,0,60 61,1,30,,30847,30,0,60 61,1,70,,30838,30,0,60 61,1,30,,30848,30,0,60 61,1,70,,30844,30,0,60 61,1,30,,26215,30,0,60 61,1,100,,30837,30,0,60 61,1,100,,30841,30,0,60 61,1
41701,'1',623,,31991,11,0,62,1,30,,32011,11,0,62,1,70,,31997,11,0,62,1,30,,23600,11,0,62,1,70,,22835,11,0,62,1,30,,32000,11,0,62,1,70,,31998,11,0,62,1,30,,31992,11,0,62,1,70,,26889,11,0,62,1,30,,32013,11,0,62,1,70,,32014,11,0,62,1,30,,31993,11,0,62,1,70,,32002,11,0,62,1,30,,32005,11,0,62,1,70,,32001,11,0,62,1,30,,31999,11,0,62,1,70,,32003,11,0,62,1,30,,32008,11,0,62,1,70,,31994,11,0,62,1,30,,32012,11,0,62,1,70,,31990,11,0,62,1,30,,32010,11,0,62,1,70,,32009,11,0,62,1,30,,32007,11,0,62,1,70,,32006,11,0,62,1,100,,32004,11,0,62,1,100,,31996,11,0,62,1,100,,22901,11,0,62,1,100,,22196,11,0,62,1,100,,31995,11,0,62,1
41701,'11',1823,,32015,11,0,62,1,100,,32016,11,0,62,1,100,,32017,11,0,62,1,100,,32018,11,0,62,1,100,,32019,11,0,62,1,100,,25274,11,0,62,1
41701,'12',1123,,32021,11,0,62,1,100,,32025,11,0,62,1,100,,32024,11,0,62,1,100,,32022,11,0,62,1,100,,32023,11,0,62,1,100,,32020,11,0,62,1,100,,32026,11,0,62,1
41701,'14',623,,32029,11,0,62,1,30,,32051,11,0,62,1,70,,32035,11,0,62,1,30,,32041,11,0,62,1,70,,32036,11,0,62,1,30,,32038,11,0,62,1,70,,25386,11,0,62,1,30,,32030,11,0,62,1,70,,32028,11,0,62,1,30,,32053,11,0,62,1,70,,32054,11,0,62,1,30,,32031,11,0,62,1,70,,32040,11,0,62,1,30,,32044,11,0,62,1,70,,32039,11,0,62,1,30,,32037,11,0,62,1,70,,32042,11,0,62,1,30,,32048,11,0,62,1,70,,24778,11,0,62,1,30,,32052,11,0,62,1,70,,32027,11,0,62,1,30,,32050,11,0,62,1,70,,32049,11,0,62,1,30,,32047,11,0,62,1,70,,32046,11,0,62,1,100,,32043,11,0,62,1,100,,32034,11,0,62,1,100,,32045,11,0,62,1,100,,32033,11,0,62,1,100,,32032,11,0,62,1
41701,'3',1823,,32055,11,0,62,1,100,,32056,11,0,62,1,100,,32057,11,0,62,1,100,,32058,11,0,62,1,100,,32059,11,0,62,1,100,,25323,11,0,62,1
41701,'8',923,,32075,11,0,62,1,130,,32063,11,0,62,1,70,,32071,11,0,62,1,30,,32068,11,0,62,1,70,,32069,11,0,62,1,30,,32074,11,0,62,1,70,,32060,11,0,62,1,100,,32072,11,0,62,1,30,,32061,11,0,62,1,70,,32070,11,0,62,1,30,,32064,11,0,62,1,70,,32065,11,0,62,1,30,,32067,11,0,62,1,70,,32066,11,0,62,1,30,,32062,11,0,62,1,70,,32073,11,0,62,1,100,,25341,11,0,62,1
