32100,'1',642,,3916,5,0,53,1,90,,3910,5,0,53,1,100,,3908,5,0,53,1,100,,3914,5,0,53,1,100,,3918,5,0,53,1,100,,3912,5,0,53,1,100,,3915,5,0,53,1,100,,3913,5,0,53,1,100,,3909,5,0,53,1,100,,3907,5,0,53,1,100,,3911,5,0,53,1,100,,3917,5,0,53,1
32100,'10',642,,3928,5,0,53,1,90,,3922,5,0,53,1,100,,3920,5,0,53,1,100,,3926,5,0,53,1,100,,3930,5,0,53,1,100,,3924,5,0,53,1,100,,3927,5,0,53,1,100,,3925,5,0,53,1,100,,3921,5,0,53,1,100,,3919,5,0,53,1,100,,3923,5,0,53,1,100,,3929,5,0,53,1
32100,'11',642,,3941,5,0,53,1,90,,3934,5,0,53,1,100,,3931,5,0,53,1,100,,3938,5,0,53,1,100,,3942,5,0,53,1,100,,3935,5,0,53,1,100,,3940,5,0,53,1,100,,3937,5,0,53,1,100,,3939,5,0,53,1,100,,3932,5,0,53,1,100,,3933,5,0,53,1,100,,3936,5,0,53,1
32100,'3',642,,3953,5,0,53,1,90,,3946,5,0,53,1,100,,3943,5,0,53,1,100,,3950,5,0,53,1,100,,3954,5,0,53,1,100,,3947,5,0,53,1,100,,3952,5,0,53,1,100,,3949,5,0,53,1,100,,3951,5,0,53,1,100,,3944,5,0,53,1,100,,3945,5,0,53,1,100,,3948,5,0,53,1
42100,'1',1832,,8142,5,0,53,1,100,,8140,5,0,53,1,100,,8141,5,0,53,1,100,,8143,5,0,53,1,100,,8144,5,0,53,1
42100,'10',1832,,8147,5,0,53,1,100,,8145,5,0,53,1,100,,8146,5,0,53,1,100,,8148,5,0,53,1,100,,8149,5,0,53,1
42100,'11',1832,,8152,5,0,53,1,100,,8150,5,0,53,1,100,,8151,5,0,53,1,100,,8153,5,0,53,1,100,,8154,5,0,53,1
42100,'12',1032,,8160,5,0,53,1,100,,8155,5,0,53,1,100,,8158,5,0,53,1,100,,8161,5,0,53,1,100,,8156,5,0,53,1,100,,8157,5,0,53,1,100,,8159,5,0,53,1
42100,'14',642,,8176,5,0,53,1,90,,8169,5,0,53,1,100,,8170,5,0,53,1,100,,8178,5,0,53,1,100,,8166,5,0,53,1,100,,8165,5,0,53,1,100,,8177,5,0,53,1,100,,8164,5,0,53,1,100,,8173,5,0,53,1,100,,8171,5,0,53,1,100,,8174,5,0,53,1,100,,8163,5,0,53,1,100,,8172,5,0,53,1,100,,8175,5,0,53,1,100,,8168,5,0,53,1,100,,8162,5,0,53,1,100,,8167,5,0,53,1
42100,'3',1832,,8181,5,0,53,1,100,,8179,5,0,53,1,100,,8180,5,0,53,1,100,,8182,5,0,53,1,100,,8183,5,0,53,1
42100,'7',832,,8185,5,0,53,1,100,,8187,5,0,53,1,100,,8191,5,0,53,1,100,,8193,5,0,53,1,100,,8195,5,0,53,1,100,,8189,5,0,53,1,100,,8194,5,0,53,1,100,,8186,5,0,53,1,100,,8190,5,0,53,1,100,,8192,5,0,53,1,100,,8188,5,0,53,1,100,,8184,5,0,53,1
