30600,'12',602,,33883,7,0,7,1,30,,33881,7,0,7,1,70,,33882,7,0,7,1,30,,33861,7,0,7,1,70,,33866,7,0,7,1,30,,33879,7,0,7,1,70,,33864,7,0,7,1,30,,33869,7,0,7,1,70,,33863,7,0,7,1,30,,33878,7,0,7,1,70,,33884,7,0,7,1,30,,33876,7,0,7,1,70,,33865,7,0,7,1,30,,33872,7,0,7,1,70,,33875,7,0,7,1,30,,33862,7,0,7,1,71,,33874,7,0,7,1,30,,33871,7,0,7,1,70,,33880,7,0,7,1,30,,33870,7,0,7,1,70,,33868,7,0,7,1,30,,33867,7,0,7,1,70,,33873,7,0,7,1,30,,33877,7,0,7,1
30600,'13',602,,33904,7,0,7,1,30,,33902,7,0,7,1,70,,33903,7,0,7,1,30,,33885,7,0,7,1,70,,33889,7,0,7,1,30,,33900,7,0,7,1,70,,29025,7,0,7,1,30,,33892,7,0,7,1,70,,33887,7,0,7,1,30,,33899,7,0,7,1,70,,33905,7,0,7,1,30,,33897,7,0,7,1,70,,33888,7,0,7,1,30,,33895,7,0,7,1,70,,33896,7,0,7,1,30,,33886,7,0,7,1,71,,32474,7,0,7,1,30,,33894,7,0,7,1,70,,33901,7,0,7,1,30,,33893,7,0,7,1,70,,33891,7,0,7,1,30,,33890,7,0,7,1,70,,28902,7,0,7,1,30,,33898,7,0,7,1
30600,'3',602,,33925,7,0,7,1,30,,33923,7,0,7,1,70,,33924,7,0,7,1,30,,33906,7,0,7,1,70,,33910,7,0,7,1,30,,33921,7,0,7,1,70,,29032,7,0,7,1,30,,33913,7,0,7,1,70,,33908,7,0,7,1,30,,33920,7,0,7,1,70,,33926,7,0,7,1,30,,33918,7,0,7,1,70,,33909,7,0,7,1,30,,33916,7,0,7,1,70,,33917,7,0,7,1,30,,33907,7,0,7,1,71,,32479,7,0,7,1,30,,33915,7,0,7,1,70,,33922,7,0,7,1,30,,33914,7,0,7,1,70,,33912,7,0,7,1,30,,33911,7,0,7,1,70,,28926,7,0,7,1,30,,33919,7,0,7,1
30600,'6',602,,33949,7,0,7,1,30,,33947,7,0,7,1,70,,33948,7,0,7,1,30,,33927,7,0,7,1,70,,33932,7,0,7,1,30,,33945,7,0,7,1,70,,33930,7,0,7,1,30,,33935,7,0,7,1,70,,33929,7,0,7,1,30,,33944,7,0,7,1,70,,33950,7,0,7,1,30,,33942,7,0,7,1,70,,33931,7,0,7,1,30,,33938,7,0,7,1,70,,33941,7,0,7,1,30,,33928,7,0,7,1,71,,33940,7,0,7,1,30,,33937,7,0,7,1,70,,33946,7,0,7,1,30,,33936,7,0,7,1,70,,33934,7,0,7,1,30,,33933,7,0,7,1,70,,33939,7,0,7,1,30,,33943,7,0,7,1
40600,'1',617,,38838,7,0,9 10,1,30,,38821,7,0,9 10,1,70,,38820,7,0,9 10,1,30,,38834,7,0,9 10,1,70,,31587,7,0,9 10,1,30,,38836,7,0,9 10,1,70,,38828,7,0,9 10,1,30,,38830,7,0,9 10,1,70,,38824,7,0,9 10,1,30,,38829,7,0,9 10,1,70,,38817,7,0,9 10,1,30,,38827,7,0,9 10,1,70,,38816,7,0,9 10,1,30,,29422,7,0,9 10,1,70,,38837,7,0,9 10,1,30,,38826,7,0,9 10,1,70,,31583,7,0,9 10,1,30,,38823,7,0,9 10,1,70,,38814,7,0,9 10,1,30,,23436,7,0,9 10,1,70,,38831,7,0,9 10,1,30,,38822,7,0,9 10,1,70,,38815,7,0,9 10,1,30,,38825,7,0,9 10,1,70,,38835,7,0,9 10,1,100,,30676,7,0,9 10,1,100,,38833,7,0,9 10,1,100,,38819,7,0,9 10,1,100,,38832,7,0,9 10,1,100,,38818,7,0,9 10,1
40600,'11',617,,38868,7,0,9 10,1,30,,38849,7,0,9 10,1,70,,38848,7,0,9 10,1,30,,38864,7,0,9 10,1,70,,38846,7,0,9 10,1,30,,38866,7,0,9 10,1,70,,38856,7,0,9 10,1,30,,38860,7,0,9 10,1,70,,38852,7,0,9 10,1,30,,38857,7,0,9 10,1,70,,38844,7,0,9 10,1,30,,38855,7,0,9 10,1,70,,38843,7,0,9 10,1,30,,38859,7,0,9 10,1,70,,38867,7,0,9 10,1,30,,38854,7,0,9 10,1,70,,38842,7,0,9 10,1,30,,38851,7,0,9 10,1,70,,38840,7,0,9 10,1,30,,38858,7,0,9 10,1,70,,38861,7,0,9 10,1,30,,38850,7,0,9 10,1,70,,38841,7,0,9 10,1,30,,38853,7,0,9 10,1,70,,38865,7,0,9 10,1,100,,38839,7,0,9 10,1,100,,38863,7,0,9 10,1,100,,38847,7,0,9 10,1,100,,38862,7,0,9 10,1,100,,38845,7,0,9 10,1
40600,'12',1817,,38874,7,0,9 10,1,100,,38871,7,0,9 10,1,100,,38873,7,0,9 10,1,100,,38872,7,0,9 10,1,100,,38869,7,0,9 10,1,100,,38870,7,0,9 10,1
40600,'13',1817,,38880,7,0,9 10,1,100,,38877,7,0,9 10,1,100,,38879,7,0,9 10,1,100,,38878,7,0,9 10,1,100,,38875,7,0,9 10,1,100,,38876,7,0,9 10,1
40600,'14',1117,,38887,7,0,9 10,1,100,,38886,7,0,9 10,1,100,,38881,7,0,9 10,1,100,,38884,7,0,9 10,1,100,,38882,7,0,9 10,1,100,,38883,7,0,9 10,1,100,,38885,7,0,9 10,1
40600,'16',617,,38912,7,0,9 10,1,30,,38895,7,0,9 10,1,70,,38894,7,0,9 10,1,30,,38908,7,0,9 10,1,70,,24564,7,0,9 10,1,30,,38910,7,0,9 10,1,70,,38902,7,0,9 10,1,30,,38904,7,0,9 10,1,70,,38898,7,0,9 10,1,30,,38903,7,0,9 10,1,70,,38891,7,0,9 10,1,30,,38901,7,0,9 10,1,70,,38890,7,0,9 10,1,30,,29541,7,0,9 10,1,70,,38911,7,0,9 10,1,30,,38900,7,0,9 10,1,70,,31620,7,0,9 10,1,30,,38897,7,0,9 10,1,70,,38888,7,0,9 10,1,30,,30164,7,0,9 10,1,70,,38905,7,0,9 10,1,30,,38896,7,0,9 10,1,70,,38889,7,0,9 10,1,30,,38899,7,0,9 10,1,70,,38909,7,0,9 10,1,100,,30714,7,0,9 10,1,100,,38907,7,0,9 10,1,100,,38893,7,0,9 10,1,100,,38906,7,0,9 10,1,100,,38892,7,0,9 10,1
40600,'3',1817,,38918,7,0,9 10,1,100,,38915,7,0,9 10,1,100,,38917,7,0,9 10,1,100,,38916,7,0,9 10,1,100,,38913,7,0,9 10,1,100,,38914,7,0,9 10,1
40600,'6',1817,,38924,7,0,9 10,1,100,,38921,7,0,9 10,1,100,,38923,7,0,9 10,1,100,,38922,7,0,9 10,1,100,,38919,7,0,9 10,1,100,,38920,7,0,9 10,1
40600,'8',917,,38931,7,0,9 10,1,100,,38940,7,0,9 10,1,30,,38927,7,0,9 10,1,70,,38926,7,0,9 10,1,30,,38937,7,0,9 10,1,70,,38936,7,0,9 10,1,30,,38925,7,0,9 10,1,70,,30747,7,0,9 10,1,30,,38938,7,0,9 10,1,70,,38941,7,0,9 10,1,30,,38935,7,0,9 10,1,70,,38934,7,0,9 10,1,30,,38930,7,0,9 10,1,70,,32157,7,0,9 10,1,30,,38933,7,0,9 10,1,70,,38939,7,0,9 10,1,30,,38932,7,0,9 10,1,70,,38929,7,0,9 10,1,100,,38928,7,0,9 10,1
