30300,'1',618,,584,7,,,1,30,,585,7,,,1,70,,599,7,,,1,30,,590,7,,,1,70,,581,7,,,1,30,,593,7,,,1,70,,583,7,,,1,30,,592,7,,,1,70,,579,7,,,1,30,,589,7,,,1,70,,580,7,,,1,30,,591,7,,,1,70,,588,7,,,1,30,,587,7,,,1,70,,577,7,,,1,30,,586,7,,,1,70,,595,7,,,1,30,,597,7,,,1,70,,582,7,,,1,30,,600,7,,,1,70,,578,7,,,1,30,,596,7,,,1,70,,598,7,,,1,30,,594,7,,,1
30300,'10',618,,608,7,,,1,30,,609,7,,,1,70,,623,7,,,1,30,,614,7,,,1,70,,605,7,,,1,30,,617,7,,,1,70,,607,7,,,1,30,,616,7,,,1,70,,603,7,,,1,30,,613,7,,,1,70,,604,7,,,1,30,,615,7,,,1,70,,612,7,,,1,30,,611,7,,,1,70,,601,7,,,1,30,,610,7,,,1,70,,619,7,,,1,30,,621,7,,,1,70,,606,7,,,1,30,,624,7,,,1,70,,602,7,,,1,30,,620,7,,,1,70,,622,7,,,1,30,,618,7,,,1
30300,'11',618,,633,7,,,1,30,,634,7,,,1,70,,647,7,,,1,30,,638,7,,,1,70,,630,7,,,1,30,,641,7,,,1,70,,632,7,,,1,30,,640,7,,,1,70,,627,7,,,1,30,,628,7,,,1,70,,629,7,,,1,30,,639,7,,,1,70,,637,7,,,1,30,,636,7,,,1,70,,625,7,,,1,30,,635,7,,,1,70,,643,7,,,1,30,,645,7,,,1,70,,631,7,,,1,30,,648,7,,,1,70,,626,7,,,1,30,,644,7,,,1,70,,646,7,,,1,30,,642,7,,,1
30300,'3',618,,657,7,,,1,30,,658,7,,,1,70,,671,7,,,1,30,,662,7,,,1,70,,654,7,,,1,30,,665,7,,,1,70,,656,7,,,1,30,,664,7,,,1,70,,651,7,,,1,30,,652,7,,,1,70,,653,7,,,1,30,,663,7,,,1,70,,661,7,,,1,30,,660,7,,,1,70,,649,7,,,1,30,,659,7,,,1,70,,667,7,,,1,30,,669,7,,,1,70,,655,7,,,1,30,,672,7,,,1,70,,650,7,,,1,30,,668,7,,,1,70,,670,7,,,1,30,,666,7,,,1
31500,'1',632,,2655,7,,,1,70,,2658,7,,,1,30,,2667,7,,,1,70,,2663,7,,,1,30,,2651,7,,,1,70,,2654,7,,,1,30,,2662,7,,,1,70,,2661,7,,,1,30,,2666,7,,,1,70,,2671,7,,,1,30,,2657,7,,,1,70,,2670,7,,,1,30,,2652,7,,,1,70,,2668,7,,,1,30,,2649,7,,,1,71,,2665,7,,,1,30,,2664,7,,,1,70,,2672,7,,,1,30,,2659,7,,,1,70,,2669,7,,,1,30,,2656,7,,,1,70,,2653,7,,,1,30,,2650,7,,,1,70,,2660,7,,,1
31500,'10',632,,2679,7,,,1,70,,2682,7,,,1,30,,2691,7,,,1,70,,2687,7,,,1,30,,2675,7,,,1,70,,2678,7,,,1,30,,2686,7,,,1,70,,2685,7,,,1,30,,2690,7,,,1,70,,2695,7,,,1,30,,2681,7,,,1,70,,2694,7,,,1,30,,2676,7,,,1,70,,2692,7,,,1,30,,2673,7,,,1,71,,2689,7,,,1,30,,2688,7,,,1,70,,2696,7,,,1,30,,2683,7,,,1,70,,2693,7,,,1,30,,2680,7,,,1,70,,2677,7,,,1,30,,2674,7,,,1,70,,2684,7,,,1
31500,'11',632,,2704,7,,,1,70,,2707,7,,,1,30,,2716,7,,,1,70,,2712,7,,,1,30,,2700,7,,,1,70,,2703,7,,,1,30,,2711,7,,,1,70,,2710,7,,,1,30,,2715,7,,,1,70,,2720,7,,,1,30,,2706,7,,,1,70,,2719,7,,,1,30,,2701,7,,,1,70,,2717,7,,,1,30,,2698,7,,,1,71,,2714,7,,,1,30,,2713,7,,,1,70,,2697,7,,,1,30,,2708,7,,,1,70,,2718,7,,,1,30,,2705,7,,,1,70,,2702,7,,,1,30,,2699,7,,,1,70,,2709,7,,,1
31500,'3',632,,2728,7,,,1,70,,2731,7,,,1,30,,2740,7,,,1,70,,2736,7,,,1,30,,2724,7,,,1,70,,2727,7,,,1,30,,2735,7,,,1,70,,2734,7,,,1,30,,2739,7,,,1,70,,2744,7,,,1,30,,2730,7,,,1,70,,2743,7,,,1,30,,2725,7,,,1,70,,2741,7,,,1,30,,2722,7,,,1,71,,2738,7,,,1,30,,2737,7,,,1,70,,2721,7,,,1,30,,2732,7,,,1,70,,2742,7,,,1,30,,2729,7,,,1,70,,2726,7,,,1,30,,2723,7,,,1,70,,2733,7,,,1
41500,'1',1817,,7232,7,0,20 14 21 18,1,100,,7236,7,0,20 14 21 18,1,100,,7231,7,0,20 14 21 18,1,100,,7235,7,0,20 14 21 18,1,100,,7234,7,0,20 14 21 18,1,100,,7233,7,0,20 14 21 18,1
41500,'10',1817,,7238,7,0,20 14 21 18,1,100,,7242,7,0,20 14 21 18,1,100,,7237,7,0,20 14 21 18,1,100,,7241,7,0,20 14 21 18,1,100,,7240,7,0,20 14 21 18,1,100,,7239,7,0,20 14 21 18,1
41500,'11',1817,,7244,7,0,20 14 21 18,1,100,,7248,7,0,20 14 21 18,1,100,,7243,7,0,20 14 21 18,1,100,,7247,7,0,20 14 21 18,1,100,,7246,7,0,20 14 21 18,1,100,,7245,7,0,20 14 21 18,1
41500,'12',1117,,7252,7,0,20 14 21 18,1,100,,7254,7,0,20 14 21 18,1,100,,7255,7,0,20 14 21 18,1,100,,7249,7,0,20 14 21 18,1,100,,7250,7,0,20 14 21 18,1,100,,7251,7,0,20 14 21 18,1,100,,7253,7,0,20 14 21 18,1
41500,'14',647,,7271,7,0,20 14 21 18,1,70,,7272,7,0,20 14 21 18,1,30,,7274,7,0,20 14 21 18,1,70,,7258,7,0,20 14 21 18,1,30,,7266,7,0,20 14 21 18,1,70,,7269,7,0,20 14 21 18,1,30,,7280,7,0,20 14 21 18,1,70,,7283,7,0,20 14 21 18,1,30,,7273,7,0,20 14 21 18,1,70,,7257,7,0,20 14 21 18,1,30,,7265,7,0,20 14 21 18,1,70,,7260,7,0,20 14 21 18,1,30,,7275,7,0,20 14 21 18,1,70,,7279,7,0,20 14 21 18,1,30,,7270,7,0,20 14 21 18,1,70,,7277,7,0,20 14 21 18,1,30,,7267,7,0,20 14 21 18,1,70,,7262,7,0,20 14 21 18,1,30,,7256,7,0,20 14 21 18,1,70,,7284,7,0,20 14 21 18,1,30,,7261,7,0,20 14 21 18,1,70,,7263,7,0,20 14 21 18,1,30,,7276,7,0,20 14 21 18,1,70,,7268,7,0,20 14 21 18,1,100,,7259,7,0,20 14 21 18,1,100,,7282,7,0,20 14 21 18,1,100,,7278,7,0,20 14 21 18,1,100,,7281,7,0,20 14 21 18,1,100,,7264,7,0,20 14 21 18,1
41500,'3',1817,,7286,7,0,20 14 21 18,1,100,,7290,7,0,20 14 21 18,1,100,,7285,7,0,20 14 21 18,1,100,,7289,7,0,20 14 21 18,1,100,,7288,7,0,20 14 21 18,1,100,,7287,7,0,20 14 21 18,1
41500,'7',917,,7308,7,0,20 14 21 18,1,100,,7307,7,0,20 14 21 18,1,30,,7294,7,0,20 14 21 18,1,70,,7303,7,0,20 14 21 18,1,30,,7306,7,0,20 14 21 18,1,70,,7305,7,0,20 14 21 18,1,30,,7297,7,0,20 14 21 18,1,70,,7302,7,0,20 14 21 18,1,30,,7301,7,0,20 14 21 18,1,70,,7295,7,0,20 14 21 18,1,30,,7300,7,0,20 14 21 18,1,70,,7298,7,0,20 14 21 18,1,30,,7299,7,0,20 14 21 18,1,70,,7309,7,0,20 14 21 18,1,30,,7296,7,0,20 14 21 18,1,70,,7292,7,0,20 14 21 18,1,30,,7291,7,0,20 14 21 18,1,70,,7293,7,0,20 14 21 18,1,100,,7304,7,0,20 14 21 18,1
