30400,'12',705,,33509,12,0,39 40 41,1,30,,33512,12,0,39 40 41,1,70,,33503,12,0,39 40 41,1,30,,33505,12,0,39 40 41,1,70,,33493,12,0,39 40 41,1,30,,33506,12,0,39 40 41,1,71,,33495,12,0,39 40 41,1,30,,33508,12,0,39 40 41,1,70,,33507,12,0,39 40 41,1,30,,33492,12,0,39 40 41,1,70,,33497,12,0,39 40 41,1,30,,33499,12,0,39 40 41,1,70,,33504,12,0,39 40 41,1,30,,33511,12,0,39 40 41,1,71,,33498,12,0,39 40 41,1,30,,33500,12,0,39 40 41,1,70,,33491,12,0,39 40 41,1,30,,33496,12,0,39 40 41,1,70,,33494,12,0,39 40 41,1,30,,33513,12,0,39 40 41,1,70,,33502,12,0,39 40 41,1,30,,33501,12,0,39 40 41,1,70,,33510,12,0,39 40 41,1
30400,'13',705,,33529,12,0,39 40 41,1,30,,33532,12,0,39 40 41,1,70,,33524,12,0,39 40 41,1,30,,33525,12,0,39 40 41,1,70,,29321,12,0,39 40 41,1,30,,33526,12,0,39 40 41,1,71,,33516,12,0,39 40 41,1,30,,33528,12,0,39 40 41,1,70,,33527,12,0,39 40 41,1,30,,28018,12,0,39 40 41,1,70,,33518,12,0,39 40 41,1,30,,33520,12,0,39 40 41,1,70,,27980,12,0,39 40 41,1,30,,33531,12,0,39 40 41,1,71,,33519,12,0,39 40 41,1,30,,33521,12,0,39 40 41,1,70,,33514,12,0,39 40 41,1,30,,33517,12,0,39 40 41,1,70,,33515,12,0,39 40 41,1,30,,33533,12,0,39 40 41,1,70,,33523,12,0,39 40 41,1,30,,33522,12,0,39 40 41,1,70,,33530,12,0,39 40 41,1
30400,'3',705,,33549,12,0,39 40 41,1,30,,33552,12,0,39 40 41,1,70,,33544,12,0,39 40 41,1,30,,33545,12,0,39 40 41,1,70,,29342,12,0,39 40 41,1,30,,33546,12,0,39 40 41,1,71,,33536,12,0,39 40 41,1,30,,33548,12,0,39 40 41,1,70,,33547,12,0,39 40 41,1,30,,28041,12,0,39 40 41,1,70,,33538,12,0,39 40 41,1,30,,33540,12,0,39 40 41,1,70,,28003,12,0,39 40 41,1,30,,33551,12,0,39 40 41,1,71,,33539,12,0,39 40 41,1,30,,33541,12,0,39 40 41,1,70,,33534,12,0,39 40 41,1,30,,33537,12,0,39 40 41,1,70,,33535,12,0,39 40 41,1,30,,33553,12,0,39 40 41,1,70,,33543,12,0,39 40 41,1,30,,33542,12,0,39 40 41,1,70,,33550,12,0,39 40 41,1
30400,'6',705,,33572,12,0,39 40 41,1,30,,33575,12,0,39 40 41,1,70,,33566,12,0,39 40 41,1,30,,33568,12,0,39 40 41,1,70,,33556,12,0,39 40 41,1,30,,33569,12,0,39 40 41,1,71,,33558,12,0,39 40 41,1,30,,33571,12,0,39 40 41,1,70,,33570,12,0,39 40 41,1,30,,33555,12,0,39 40 41,1,70,,33560,12,0,39 40 41,1,30,,33562,12,0,39 40 41,1,70,,33567,12,0,39 40 41,1,30,,33574,12,0,39 40 41,1,71,,33561,12,0,39 40 41,1,30,,33563,12,0,39 40 41,1,70,,33554,12,0,39 40 41,1,30,,33559,12,0,39 40 41,1,70,,33557,12,0,39 40 41,1,30,,33576,12,0,39 40 41,1,70,,33565,12,0,39 40 41,1,30,,33564,12,0,39 40 41,1,70,,33573,12,0,39 40 41,1
40400,'1',620,,38560,12,0,39 40 42 18,1,30,,38561,12,0,39 40 42 18,1,70,,38549,12,0,39 40 42 18,1,30,,38570,12,0,39 40 42 18,1,70,,38572,12,0,39 40 42 18,1,30,,38564,12,0,39 40 42 18,1,70,,38558,12,0,39 40 42 18,1,30,,38553,12,0,39 40 42 18,1,71,,38562,12,0,39 40 42 18,1,30,,31463,12,0,39 40 42 18,1,70,,38557,12,0,39 40 42 18,1,30,,38573,12,0,39 40 42 18,1,70,,38567,12,0,39 40 42 18,1,30,,38552,12,0,39 40 42 18,1,70,,38574,12,0,39 40 42 18,1,30,,38551,12,0,39 40 42 18,1,69,,29896,12,0,39 40 42 18,1,30,,38550,12,0,39 40 42 18,1,70,,38568,12,0,39 40 42 18,1,30,,38563,12,0,39 40 42 18,1,70,,38571,12,0,39 40 42 18,1,30,,31341,12,0,39 40 42 18,1,70,,38565,12,0,39 40 42 18,1,30,,38559,12,0,39 40 42 18,1,70,,38566,12,0,39 40 42 18,1,100,,38569,12,0,39 40 42 18,1,100,,38556,12,0,39 40 42 18,1,100,,38554,12,0,39 40 42 18,1,100,,38555,12,0,39 40 42 18,1,100,,31995,12,0,39 40 42 18,1
40400,'11',620,,38589,12,0,39 40 42 18,1,30,,38590,12,0,39 40 42 18,1,70,,38575,12,0,39 40 42 18,1,30,,38600,12,0,39 40 42 18,1,70,,38602,12,0,39 40 42 18,1,30,,38593,12,0,39 40 42 18,1,70,,38584,12,0,39 40 42 18,1,30,,38579,12,0,39 40 42 18,1,71,,38591,12,0,39 40 42 18,1,30,,38588,12,0,39 40 42 18,1,70,,38583,12,0,39 40 42 18,1,30,,38603,12,0,39 40 42 18,1,70,,38596,12,0,39 40 42 18,1,30,,38578,12,0,39 40 42 18,1,70,,38604,12,0,39 40 42 18,1,30,,38577,12,0,39 40 42 18,1,69,,38597,12,0,39 40 42 18,1,30,,38576,12,0,39 40 42 18,1,70,,38598,12,0,39 40 42 18,1,30,,38592,12,0,39 40 42 18,1,70,,38601,12,0,39 40 42 18,1,30,,38586,12,0,39 40 42 18,1,70,,38594,12,0,39 40 42 18,1,30,,38587,12,0,39 40 42 18,1,70,,38595,12,0,39 40 42 18,1,100,,38599,12,0,39 40 42 18,1,100,,38582,12,0,39 40 42 18,1,100,,38580,12,0,39 40 42 18,1,100,,38581,12,0,39 40 42 18,1,100,,38585,12,0,39 40 42 18,1
40400,'12',1820,,38608,12,0,39 40 42 18,1,100,,38606,12,0,39 40 42 18,1,100,,38609,12,0,39 40 42 18,1,100,,38605,12,0,39 40 42 18,1,100,,38610,12,0,39 40 42 18,1,100,,38607,12,0,39 40 42 18,1
40400,'13',1820,,38614,12,0,39 40 42 18,1,100,,38612,12,0,39 40 42 18,1,100,,38615,12,0,39 40 42 18,1,100,,38611,12,0,39 40 42 18,1,100,,38616,12,0,39 40 42 18,1,100,,38613,12,0,39 40 42 18,1
40400,'14',1121,,38619,12,0,39 40 42 18,1,100,,38617,12,0,39 40 42 18,1,100,,38620,12,0,39 40 42 18,1,99,,38618,12,0,39 40 42 18,1,100,,38623,12,0,39 40 42 18,1,100,,38621,12,0,39 40 42 18,1,100,,38622,12,0,39 40 42 18,1
40400,'16',620,,38635,12,0,39 40 42 18,1,30,,38636,12,0,39 40 42 18,1,70,,38624,12,0,39 40 42 18,1,30,,38645,12,0,39 40 42 18,1,70,,38647,12,0,39 40 42 18,1,30,,38639,12,0,39 40 42 18,1,70,,38633,12,0,39 40 42 18,1,30,,38628,12,0,39 40 42 18,1,71,,38637,12,0,39 40 42 18,1,30,,31480,12,0,39 40 42 18,1,70,,38632,12,0,39 40 42 18,1,30,,38648,12,0,39 40 42 18,1,70,,38642,12,0,39 40 42 18,1,30,,38627,12,0,39 40 42 18,1,70,,38649,12,0,39 40 42 18,1,30,,38626,12,0,39 40 42 18,1,69,,29976,12,0,39 40 42 18,1,30,,38625,12,0,39 40 42 18,1,70,,38643,12,0,39 40 42 18,1,30,,38638,12,0,39 40 42 18,1,70,,38646,12,0,39 40 42 18,1,30,,31382,12,0,39 40 42 18,1,70,,38640,12,0,39 40 42 18,1,30,,38634,12,0,39 40 42 18,1,70,,38641,12,0,39 40 42 18,1,100,,38644,12,0,39 40 42 18,1,100,,38631,12,0,39 40 42 18,1,100,,38629,12,0,39 40 42 18,1,100,,38630,12,0,39 40 42 18,1,100,,32032,12,0,39 40 42 18,1
40400,'3',1820,,38653,12,0,39 40 42 18,1,100,,38651,12,0,39 40 42 18,1,100,,38654,12,0,39 40 42 18,1,100,,38650,12,0,39 40 42 18,1,100,,38655,12,0,39 40 42 18,1,100,,38652,12,0,39 40 42 18,1
40400,'6',1820,,38659,12,0,39 40 42 18,1,100,,38657,12,0,39 40 42 18,1,100,,38660,12,0,39 40 42 18,1,100,,38656,12,0,39 40 42 18,1,100,,38661,12,0,39 40 42 18,1,100,,38658,12,0,39 40 42 18,1
40400,'8',920,,38680,12,0,39 40 42 18,1,101,,38669,12,0,39 40 42 18,1,30,,38679,12,0,39 40 42 18,1,70,,38673,12,0,39 40 42 18,1,30,,38672,12,0,39 40 42 18,1,70,,38674,12,0,39 40 42 18,1,30,,38670,12,0,39 40 42 18,1,70,,38666,12,0,39 40 42 18,1,30,,38676,12,0,39 40 42 18,1,69,,38677,12,0,39 40 42 18,1,30,,38671,12,0,39 40 42 18,1,70,,38668,12,0,39 40 42 18,1,30,,38663,12,0,39 40 42 18,1,70,,38664,12,0,39 40 42 18,1,30,,38665,12,0,39 40 42 18,1,70,,38675,12,0,39 40 42 18,1,30,,38678,12,0,39 40 42 18,1,70,,38667,12,0,39 40 42 18,1,100,,38662,12,0,39 40 42 18,1
