30400,'12',707,,33509,15,0,39 40 41,1,30,,33512,15,0,39 40 41,1,70,,33503,15,0,39 40 41,1,30,,33505,15,0,39 40 41,1,70,,33493,15,0,39 40 41,1,30,,33506,15,0,39 40 41,1,71,,33495,15,0,39 40 41,1,30,,33508,15,0,39 40 41,1,70,,33507,15,0,39 40 41,1,30,,33492,15,0,39 40 41,1,70,,33497,15,0,39 40 41,1,30,,33499,15,0,39 40 41,1,70,,33504,15,0,39 40 41,1,30,,33511,15,0,39 40 41,1,71,,33498,15,0,39 40 41,1,30,,33500,15,0,39 40 41,1,70,,33491,15,0,39 40 41,1,30,,33496,15,0,39 40 41,1,70,,33494,15,0,39 40 41,1,30,,33513,15,0,39 40 41,1,70,,33502,15,0,39 40 41,1,30,,33501,15,0,39 40 41,1,70,,33510,15,0,39 40 41,1
30400,'13',707,,33529,15,0,39 40 41,1,30,,33532,15,0,39 40 41,1,70,,33524,15,0,39 40 41,1,30,,33525,15,0,39 40 41,1,70,,29321,15,0,39 40 41,1,30,,33526,15,0,39 40 41,1,71,,33516,15,0,39 40 41,1,30,,33528,15,0,39 40 41,1,70,,33527,15,0,39 40 41,1,30,,28018,15,0,39 40 41,1,70,,33518,15,0,39 40 41,1,30,,33520,15,0,39 40 41,1,70,,27980,15,0,39 40 41,1,30,,33531,15,0,39 40 41,1,71,,33519,15,0,39 40 41,1,30,,33521,15,0,39 40 41,1,70,,33514,15,0,39 40 41,1,30,,33517,15,0,39 40 41,1,70,,33515,15,0,39 40 41,1,30,,33533,15,0,39 40 41,1,70,,33523,15,0,39 40 41,1,30,,33522,15,0,39 40 41,1,70,,33530,15,0,39 40 41,1
30400,'3',707,,33549,15,0,39 40 41,1,30,,33552,15,0,39 40 41,1,70,,33544,15,0,39 40 41,1,30,,33545,15,0,39 40 41,1,70,,29342,15,0,39 40 41,1,30,,33546,15,0,39 40 41,1,71,,33536,15,0,39 40 41,1,30,,33548,15,0,39 40 41,1,70,,33547,15,0,39 40 41,1,30,,28041,15,0,39 40 41,1,70,,33538,15,0,39 40 41,1,30,,33540,15,0,39 40 41,1,70,,28003,15,0,39 40 41,1,30,,33551,15,0,39 40 41,1,71,,33539,15,0,39 40 41,1,30,,33541,15,0,39 40 41,1,70,,33534,15,0,39 40 41,1,30,,33537,15,0,39 40 41,1,70,,33535,15,0,39 40 41,1,30,,33553,15,0,39 40 41,1,70,,33543,15,0,39 40 41,1,30,,33542,15,0,39 40 41,1,70,,33550,15,0,39 40 41,1
30400,'6',707,,33572,15,0,39 40 41,1,30,,33575,15,0,39 40 41,1,70,,33566,15,0,39 40 41,1,30,,33568,15,0,39 40 41,1,70,,33556,15,0,39 40 41,1,30,,33569,15,0,39 40 41,1,71,,33558,15,0,39 40 41,1,30,,33571,15,0,39 40 41,1,70,,33570,15,0,39 40 41,1,30,,33555,15,0,39 40 41,1,70,,33560,15,0,39 40 41,1,30,,33562,15,0,39 40 41,1,70,,33567,15,0,39 40 41,1,30,,33574,15,0,39 40 41,1,71,,33561,15,0,39 40 41,1,30,,33563,15,0,39 40 41,1,70,,33554,15,0,39 40 41,1,30,,33559,15,0,39 40 41,1,70,,33557,15,0,39 40 41,1,30,,33576,15,0,39 40 41,1,70,,33565,15,0,39 40 41,1,30,,33564,15,0,39 40 41,1,70,,33573,15,0,39 40 41,1
40400,'1',622,,38560,15,0,39 40 42 18,1,30,,38561,15,0,39 40 42 18,1,70,,38549,15,0,39 40 42 18,1,30,,38570,15,0,39 40 42 18,1,70,,38572,15,0,39 40 42 18,1,30,,38564,15,0,39 40 42 18,1,70,,38558,15,0,39 40 42 18,1,30,,38553,15,0,39 40 42 18,1,70,,38562,15,0,39 40 42 18,1,30,,31463,15,0,39 40 42 18,1,70,,38557,15,0,39 40 42 18,1,30,,38573,15,0,39 40 42 18,1,70,,38567,15,0,39 40 42 18,1,30,,38552,15,0,39 40 42 18,1,70,,38574,15,0,39 40 42 18,1,30,,38551,15,0,39 40 42 18,1,70,,29896,15,0,39 40 42 18,1,30,,38550,15,0,39 40 42 18,1,70,,38568,15,0,39 40 42 18,1,30,,38563,15,0,39 40 42 18,1,70,,38571,15,0,39 40 42 18,1,30,,31341,15,0,39 40 42 18,1,70,,38565,15,0,39 40 42 18,1,30,,38559,15,0,39 40 42 18,1,70,,38566,15,0,39 40 42 18,1,100,,38569,15,0,39 40 42 18,1,100,,38556,15,0,39 40 42 18,1,100,,38554,15,0,39 40 42 18,1,100,,38555,15,0,39 40 42 18,1,100,,31995,15,0,39 40 42 18,1
40400,'11',622,,38589,15,0,39 40 42 18,1,30,,38590,15,0,39 40 42 18,1,70,,38575,15,0,39 40 42 18,1,30,,38600,15,0,39 40 42 18,1,70,,38602,15,0,39 40 42 18,1,30,,38593,15,0,39 40 42 18,1,70,,38584,15,0,39 40 42 18,1,30,,38579,15,0,39 40 42 18,1,70,,38591,15,0,39 40 42 18,1,30,,38588,15,0,39 40 42 18,1,70,,38583,15,0,39 40 42 18,1,30,,38603,15,0,39 40 42 18,1,70,,38596,15,0,39 40 42 18,1,30,,38578,15,0,39 40 42 18,1,70,,38604,15,0,39 40 42 18,1,30,,38577,15,0,39 40 42 18,1,70,,38597,15,0,39 40 42 18,1,30,,38576,15,0,39 40 42 18,1,70,,38598,15,0,39 40 42 18,1,30,,38592,15,0,39 40 42 18,1,70,,38601,15,0,39 40 42 18,1,30,,38586,15,0,39 40 42 18,1,70,,38594,15,0,39 40 42 18,1,30,,38587,15,0,39 40 42 18,1,70,,38595,15,0,39 40 42 18,1,100,,38599,15,0,39 40 42 18,1,100,,38582,15,0,39 40 42 18,1,100,,38580,15,0,39 40 42 18,1,100,,38581,15,0,39 40 42 18,1,100,,38585,15,0,39 40 42 18,1
40400,'12',1822,,38608,15,0,39 40 42 18,1,100,,38606,15,0,39 40 42 18,1,100,,38609,15,0,39 40 42 18,1,100,,38605,15,0,39 40 42 18,1,100,,38610,15,0,39 40 42 18,1,100,,38607,15,0,39 40 42 18,1
40400,'13',1822,,38614,15,0,39 40 42 18,1,100,,38612,15,0,39 40 42 18,1,100,,38615,15,0,39 40 42 18,1,100,,38611,15,0,39 40 42 18,1,100,,38616,15,0,39 40 42 18,1,100,,38613,15,0,39 40 42 18,1
40400,'14',1122,,38619,15,0,39 40 42 18,1,100,,38617,15,0,39 40 42 18,1,100,,38620,15,0,39 40 42 18,1,100,,38618,15,0,39 40 42 18,1,100,,38623,15,0,39 40 42 18,1,100,,38621,15,0,39 40 42 18,1,100,,38622,15,0,39 40 42 18,1
40400,'16',622,,38635,15,0,39 40 42 18,1,30,,38636,15,0,39 40 42 18,1,70,,38624,15,0,39 40 42 18,1,30,,38645,15,0,39 40 42 18,1,70,,38647,15,0,39 40 42 18,1,30,,38639,15,0,39 40 42 18,1,70,,38633,15,0,39 40 42 18,1,30,,38628,15,0,39 40 42 18,1,70,,38637,15,0,39 40 42 18,1,30,,31480,15,0,39 40 42 18,1,70,,38632,15,0,39 40 42 18,1,30,,38648,15,0,39 40 42 18,1,70,,38642,15,0,39 40 42 18,1,30,,38627,15,0,39 40 42 18,1,70,,38649,15,0,39 40 42 18,1,30,,38626,15,0,39 40 42 18,1,70,,29976,15,0,39 40 42 18,1,30,,38625,15,0,39 40 42 18,1,70,,38643,15,0,39 40 42 18,1,30,,38638,15,0,39 40 42 18,1,70,,38646,15,0,39 40 42 18,1,30,,31382,15,0,39 40 42 18,1,70,,38640,15,0,39 40 42 18,1,30,,38634,15,0,39 40 42 18,1,70,,38641,15,0,39 40 42 18,1,100,,38644,15,0,39 40 42 18,1,100,,38631,15,0,39 40 42 18,1,100,,38629,15,0,39 40 42 18,1,100,,38630,15,0,39 40 42 18,1,100,,32032,15,0,39 40 42 18,1
40400,'3',1822,,38653,15,0,39 40 42 18,1,100,,38651,15,0,39 40 42 18,1,100,,38654,15,0,39 40 42 18,1,100,,38650,15,0,39 40 42 18,1,100,,38655,15,0,39 40 42 18,1,100,,38652,15,0,39 40 42 18,1
40400,'6',1822,,38659,15,0,39 40 42 18,1,100,,38657,15,0,39 40 42 18,1,100,,38660,15,0,39 40 42 18,1,100,,38656,15,0,39 40 42 18,1,100,,38661,15,0,39 40 42 18,1,100,,38658,15,0,39 40 42 18,1
40400,'8',922,,38680,15,0,39 40 42 18,1,100,,38669,15,0,39 40 42 18,1,30,,38679,15,0,39 40 42 18,1,70,,38673,15,0,39 40 42 18,1,30,,38672,15,0,39 40 42 18,1,70,,38674,15,0,39 40 42 18,1,30,,38670,15,0,39 40 42 18,1,70,,38666,15,0,39 40 42 18,1,30,,38676,15,0,39 40 42 18,1,70,,38677,15,0,39 40 42 18,1,30,,38671,15,0,39 40 42 18,1,70,,38668,15,0,39 40 42 18,1,30,,38663,15,0,39 40 42 18,1,70,,38664,15,0,39 40 42 18,1,30,,38665,15,0,39 40 42 18,1,70,,38675,15,0,39 40 42 18,1,30,,38678,15,0,39 40 42 18,1,70,,38667,15,0,39 40 42 18,1,100,,38662,15,0,39 40 42 18,1
