31700,'12',618,,35780,6,0,63,1,30,,35778,6,0,63,1,70,,35793,6,0,63,1,30,,35787,6,0,63,1,70,,35789,6,0,63,1,30,,35781,6,0,63,1,70,,35785,6,0,63,1,30,,35798,6,0,63,1,70,,35796,6,0,63,1,30,,35800,6,0,63,1,70,,35791,6,0,63,1,30,,35784,6,0,63,1,70,,35792,6,0,63,1,30,,35786,6,0,63,1,70,,35783,6,0,63,1,30,,35788,6,0,63,1,70,,35779,6,0,63,1,30,,35799,6,0,63,1,70,,35795,6,0,63,1,30,,35790,6,0,63,1,70,,35782,6,0,63,1,30,,35794,6,0,63,1,70,,35777,6,0,63,1,30,,35797,6,0,63,1
31700,'13',618,,35804,6,0,63,1,30,,35802,6,0,63,1,70,,35817,6,0,63,1,30,,35811,6,0,63,1,70,,35813,6,0,63,1,30,,35805,6,0,63,1,70,,35809,6,0,63,1,30,,35822,6,0,63,1,70,,35820,6,0,63,1,30,,35824,6,0,63,1,70,,35815,6,0,63,1,30,,35808,6,0,63,1,70,,35816,6,0,63,1,30,,35810,6,0,63,1,70,,35807,6,0,63,1,30,,35812,6,0,63,1,70,,35803,6,0,63,1,30,,35823,6,0,63,1,70,,35819,6,0,63,1,30,,35814,6,0,63,1,70,,35806,6,0,63,1,30,,35818,6,0,63,1,70,,35801,6,0,63,1,30,,35821,6,0,63,1
31700,'3',618,,35828,6,0,63,1,30,,35826,6,0,63,1,70,,35841,6,0,63,1,30,,35835,6,0,63,1,70,,35837,6,0,63,1,30,,35829,6,0,63,1,70,,35833,6,0,63,1,30,,35846,6,0,63,1,70,,35844,6,0,63,1,30,,35848,6,0,63,1,70,,35839,6,0,63,1,30,,35832,6,0,63,1,70,,35840,6,0,63,1,30,,35834,6,0,63,1,70,,35831,6,0,63,1,30,,35836,6,0,63,1,70,,35827,6,0,63,1,30,,35847,6,0,63,1,70,,35843,6,0,63,1,30,,35838,6,0,63,1,70,,35830,6,0,63,1,30,,35842,6,0,63,1,70,,35825,6,0,63,1,30,,35845,6,0,63,1
31700,'6',618,,35852,6,0,63,1,30,,35850,6,0,63,1,70,,35865,6,0,63,1,30,,35859,6,0,63,1,70,,35861,6,0,63,1,30,,35853,6,0,63,1,70,,35857,6,0,63,1,30,,35870,6,0,63,1,70,,35868,6,0,63,1,30,,35872,6,0,63,1,70,,35863,6,0,63,1,30,,35856,6,0,63,1,70,,35864,6,0,63,1,30,,35858,6,0,63,1,70,,35855,6,0,63,1,30,,35860,6,0,63,1,70,,35851,6,0,63,1,30,,35871,6,0,63,1,70,,35867,6,0,63,1,30,,35862,6,0,63,1,70,,35854,6,0,63,1,30,,35866,6,0,63,1,70,,35849,6,0,63,1,30,,35869,6,0,63,1
41700,'1',618,,40762,6,0,67,1,30,,40769,6,0,67,1,70,,40763,6,0,67,1,30,,40774,6,0,67,1,70,,40775,6,0,67,1,30,,40782,6,0,67,1,70,,40768,6,0,67,1,30,,40767,6,0,67,1,70,,40783,6,0,67,1,30,,40765,6,0,67,1,70,,40778,6,0,67,1,30,,40771,6,0,67,1,70,,30428,6,0,67,1,30,,40764,6,0,67,1,70,,40781,6,0,67,1,30,,29674,6,0,67,1,70,,40772,6,0,67,1,30,,40773,6,0,67,1,70,,40761,6,0,67,1,30,,30086,6,0,67,1,70,,40766,6,0,67,1,30,,30078,6,0,67,1,70,,40776,6,0,67,1,30,,40777,6,0,67,1,70,,40779,6,0,67,1,100,,40760,6,0,67,1,100,,40770,6,0,67,1,100,,40759,6,0,67,1,100,,40780,6,0,67,1,100,,30781,6,0,67,1
41700,'11',618,,40787,6,0,67,1,30,,40795,6,0,67,1,70,,40788,6,0,67,1,30,,40801,6,0,67,1,70,,40802,6,0,67,1,30,,40811,6,0,67,1,70,,40793,6,0,67,1,30,,40792,6,0,67,1,70,,40813,6,0,67,1,30,,40790,6,0,67,1,70,,40806,6,0,67,1,30,,40797,6,0,67,1,70,,40794,6,0,67,1,30,,40789,6,0,67,1,70,,40810,6,0,67,1,30,,40812,6,0,67,1,70,,40799,6,0,67,1,30,,40800,6,0,67,1,70,,40786,6,0,67,1,30,,40804,6,0,67,1,70,,40791,6,0,67,1,30,,40798,6,0,67,1,70,,40803,6,0,67,1,30,,40805,6,0,67,1,70,,40808,6,0,67,1,100,,40785,6,0,67,1,100,,40796,6,0,67,1,100,,40784,6,0,67,1,100,,40809,6,0,67,1,100,,40807,6,0,67,1
41700,'12',1818,,40818,6,0,67,1,100,,40814,6,0,67,1,100,,40817,6,0,67,1,100,,40819,6,0,67,1,100,,40816,6,0,67,1,100,,40815,6,0,67,1
41700,'13',1818,,40824,6,0,67,1,100,,40820,6,0,67,1,100,,40823,6,0,67,1,100,,40825,6,0,67,1,100,,40822,6,0,67,1,100,,40821,6,0,67,1
41700,'14',1118,,40830,6,0,67,1,100,,29507,6,0,67,1,100,,40831,6,0,67,1,100,,40829,6,0,67,1,100,,40826,6,0,67,1,100,,40828,6,0,67,1,100,,40827,6,0,67,1
41700,'16',618,,40835,6,0,67,1,30,,40842,6,0,67,1,70,,40836,6,0,67,1,30,,40847,6,0,67,1,70,,40848,6,0,67,1,30,,40855,6,0,67,1,70,,40841,6,0,67,1,30,,40840,6,0,67,1,70,,40856,6,0,67,1,30,,40838,6,0,67,1,70,,40851,6,0,67,1,30,,40844,6,0,67,1,70,,30468,6,0,67,1,30,,40837,6,0,67,1,70,,40854,6,0,67,1,30,,29793,6,0,67,1,70,,40845,6,0,67,1,30,,40846,6,0,67,1,70,,40834,6,0,67,1,30,,30166,6,0,67,1,70,,40839,6,0,67,1,30,,30159,6,0,67,1,70,,40849,6,0,67,1,30,,40850,6,0,67,1,70,,40852,6,0,67,1,100,,40833,6,0,67,1,100,,40843,6,0,67,1,100,,40832,6,0,67,1,100,,40853,6,0,67,1,100,,30822,6,0,67,1
41700,'3',1818,,40861,6,0,67,1,100,,40857,6,0,67,1,100,,40860,6,0,67,1,100,,40862,6,0,67,1,100,,40859,6,0,67,1,100,,40858,6,0,67,1
41700,'6',1818,,40867,6,0,67,1,100,,40863,6,0,67,1,100,,40866,6,0,67,1,100,,40868,6,0,67,1,100,,40865,6,0,67,1,100,,40864,6,0,67,1
41700,'8',918,,40880,6,0,67,1,100,,32423,6,0,67,1,30,,40870,6,0,67,1,70,,40869,6,0,67,1,30,,40882,6,0,67,1,70,,40876,6,0,67,1,30,,40872,6,0,67,1,70,,40875,6,0,67,1,30,,40878,6,0,67,1,70,,40881,6,0,67,1,30,,40871,6,0,67,1,70,,40874,6,0,67,1,30,,30924,6,0,67,1,70,,40883,6,0,67,1,30,,40884,6,0,67,1,70,,40873,6,0,67,1,30,,40877,6,0,67,1,70,,40879,6,0,67,1,100,,31236,6,0,67,1
