30300,'1',616,,584,4,,,1,30,,585,4,,,1,70,,599,4,,,1,30,,590,4,,,1,70,,581,4,,,1,30,,593,4,,,1,70,,583,4,,,1,30,,592,4,,,1,70,,579,4,,,1,30,,589,4,,,1,70,,580,4,,,1,30,,591,4,,,1,70,,588,4,,,1,30,,587,4,,,1,70,,577,4,,,1,30,,586,4,,,1,70,,595,4,,,1,30,,597,4,,,1,70,,582,4,,,1,30,,600,4,,,1,70,,578,4,,,1,30,,596,4,,,1,70,,598,4,,,1,30,,594,4,,,1
30300,'10',616,,608,4,,,1,30,,609,4,,,1,70,,623,4,,,1,30,,614,4,,,1,70,,605,4,,,1,30,,617,4,,,1,70,,607,4,,,1,30,,616,4,,,1,70,,603,4,,,1,30,,613,4,,,1,70,,604,4,,,1,30,,615,4,,,1,70,,612,4,,,1,30,,611,4,,,1,70,,601,4,,,1,30,,610,4,,,1,70,,619,4,,,1,30,,621,4,,,1,70,,606,4,,,1,30,,624,4,,,1,70,,602,4,,,1,30,,620,4,,,1,70,,622,4,,,1,30,,618,4,,,1
30300,'11',616,,633,4,,,1,30,,634,4,,,1,70,,647,4,,,1,30,,638,4,,,1,70,,630,4,,,1,30,,641,4,,,1,70,,632,4,,,1,30,,640,4,,,1,70,,627,4,,,1,30,,628,4,,,1,70,,629,4,,,1,30,,639,4,,,1,70,,637,4,,,1,30,,636,4,,,1,70,,625,4,,,1,30,,635,4,,,1,70,,643,4,,,1,30,,645,4,,,1,70,,631,4,,,1,30,,648,4,,,1,70,,626,4,,,1,30,,644,4,,,1,70,,646,4,,,1,30,,642,4,,,1
30300,'3',616,,657,4,,,1,30,,658,4,,,1,70,,671,4,,,1,30,,662,4,,,1,70,,654,4,,,1,30,,665,4,,,1,70,,656,4,,,1,30,,664,4,,,1,70,,651,4,,,1,30,,652,4,,,1,70,,653,4,,,1,30,,663,4,,,1,70,,661,4,,,1,30,,660,4,,,1,70,,649,4,,,1,30,,659,4,,,1,70,,667,4,,,1,30,,669,4,,,1,70,,655,4,,,1,30,,672,4,,,1,70,,650,4,,,1,30,,668,4,,,1,70,,670,4,,,1,30,,666,4,,,1
31000,'1',646,,1939,4,0,17 18,1,70,,1922,4,0,17 18,1,30,,1926,4,0,17 18,1,70,,1934,4,0,17 18,1,30,,1940,4,0,17 18,1,70,,1928,4,0,17 18,1,30,,1936,4,0,17 18,1,70,,1924,4,0,17 18,1,30,,1935,4,0,17 18,1,70,,1943,4,0,17 18,1,30,,1921,4,0,17 18,1,70,,1923,4,0,17 18,1,30,,1925,4,0,17 18,1,70,,1927,4,0,17 18,1,30,,1937,4,0,17 18,1,70,,1929,4,0,17 18,1,30,,1931,4,0,17 18,1,70,,1942,4,0,17 18,1,30,,1933,4,0,17 18,1,70,,1938,4,0,17 18,1,30,,1932,4,0,17 18,1,70,,1930,4,0,17 18,1,30,,1941,4,0,17 18,1
31000,'10',646,,1962,4,0,17 18,1,70,,1945,4,0,17 18,1,30,,1949,4,0,17 18,1,70,,1957,4,0,17 18,1,30,,1963,4,0,17 18,1,70,,1951,4,0,17 18,1,30,,1959,4,0,17 18,1,70,,1947,4,0,17 18,1,30,,1958,4,0,17 18,1,70,,1966,4,0,17 18,1,30,,1944,4,0,17 18,1,70,,1946,4,0,17 18,1,30,,1948,4,0,17 18,1,70,,1950,4,0,17 18,1,30,,1960,4,0,17 18,1,70,,1952,4,0,17 18,1,30,,1954,4,0,17 18,1,70,,1965,4,0,17 18,1,30,,1956,4,0,17 18,1,70,,1961,4,0,17 18,1,30,,1955,4,0,17 18,1,70,,1953,4,0,17 18,1,30,,1964,4,0,17 18,1
31000,'11',646,,1985,4,0,17 18,1,70,,1968,4,0,17 18,1,30,,1972,4,0,17 18,1,70,,1980,4,0,17 18,1,30,,1986,4,0,17 18,1,70,,1974,4,0,17 18,1,30,,1982,4,0,17 18,1,70,,1970,4,0,17 18,1,30,,1981,4,0,17 18,1,70,,1989,4,0,17 18,1,30,,1967,4,0,17 18,1,70,,1969,4,0,17 18,1,30,,1971,4,0,17 18,1,70,,1973,4,0,17 18,1,30,,1983,4,0,17 18,1,70,,1975,4,0,17 18,1,30,,1977,4,0,17 18,1,70,,1988,4,0,17 18,1,30,,1979,4,0,17 18,1,70,,1984,4,0,17 18,1,30,,1978,4,0,17 18,1,70,,1976,4,0,17 18,1,30,,1987,4,0,17 18,1
31000,'3',646,,2008,4,0,17 18,1,70,,1991,4,0,17 18,1,30,,1995,4,0,17 18,1,70,,2003,4,0,17 18,1,30,,2009,4,0,17 18,1,70,,1997,4,0,17 18,1,30,,2005,4,0,17 18,1,70,,1993,4,0,17 18,1,30,,2004,4,0,17 18,1,70,,2012,4,0,17 18,1,30,,1990,4,0,17 18,1,70,,1992,4,0,17 18,1,30,,1994,4,0,17 18,1,70,,1996,4,0,17 18,1,30,,2006,4,0,17 18,1,70,,1998,4,0,17 18,1,30,,2000,4,0,17 18,1,70,,2011,4,0,17 18,1,30,,2002,4,0,17 18,1,70,,2007,4,0,17 18,1,30,,2001,4,0,17 18,1,70,,1999,4,0,17 18,1,30,,2010,4,0,17 18,1
31500,'1',631,,2655,4,,,1,70,,2658,4,,,1,30,,2667,4,,,1,70,,2663,4,,,1,30,,2651,4,,,1,70,,2654,4,,,1,30,,2662,4,,,1,70,,2661,4,,,1,30,,2666,4,,,1,70,,2671,4,,,1,30,,2657,4,,,1,70,,2670,4,,,1,30,,2652,4,,,1,70,,2668,4,,,1,30,,2649,4,,,1,70,,2665,4,,,1,30,,2664,4,,,1,70,,2672,4,,,1,30,,2659,4,,,1,70,,2669,4,,,1,30,,2656,4,,,1,70,,2653,4,,,1,30,,2650,4,,,1,70,,2660,4,,,1
31500,'10',631,,2679,4,,,1,70,,2682,4,,,1,30,,2691,4,,,1,70,,2687,4,,,1,30,,2675,4,,,1,70,,2678,4,,,1,30,,2686,4,,,1,70,,2685,4,,,1,30,,2690,4,,,1,70,,2695,4,,,1,30,,2681,4,,,1,70,,2694,4,,,1,30,,2676,4,,,1,70,,2692,4,,,1,30,,2673,4,,,1,70,,2689,4,,,1,30,,2688,4,,,1,70,,2696,4,,,1,30,,2683,4,,,1,70,,2693,4,,,1,30,,2680,4,,,1,70,,2677,4,,,1,30,,2674,4,,,1,70,,2684,4,,,1
31500,'11',631,,2704,4,,,1,70,,2707,4,,,1,30,,2716,4,,,1,70,,2712,4,,,1,30,,2700,4,,,1,70,,2703,4,,,1,30,,2711,4,,,1,70,,2710,4,,,1,30,,2715,4,,,1,70,,2720,4,,,1,30,,2706,4,,,1,70,,2719,4,,,1,30,,2701,4,,,1,70,,2717,4,,,1,30,,2698,4,,,1,70,,2714,4,,,1,30,,2713,4,,,1,70,,2697,4,,,1,30,,2708,4,,,1,70,,2718,4,,,1,30,,2705,4,,,1,70,,2702,4,,,1,30,,2699,4,,,1,70,,2709,4,,,1
31500,'3',631,,2728,4,,,1,70,,2731,4,,,1,30,,2740,4,,,1,70,,2736,4,,,1,30,,2724,4,,,1,70,,2727,4,,,1,30,,2735,4,,,1,70,,2734,4,,,1,30,,2739,4,,,1,70,,2744,4,,,1,30,,2730,4,,,1,70,,2743,4,,,1,30,,2725,4,,,1,70,,2741,4,,,1,30,,2722,4,,,1,70,,2738,4,,,1,30,,2737,4,,,1,70,,2721,4,,,1,30,,2732,4,,,1,70,,2742,4,,,1,30,,2729,4,,,1,70,,2726,4,,,1,30,,2723,4,,,1,70,,2733,4,,,1
31600,'1',646,,2857,4,0,19,1,55,,2861,4,0,19,1,15,,2860,4,0,19,1,15,,2867,4,0,19,1,15,,2844,4,0,19,1,55,,2852,4,0,19,1,15,,2878,4,0,19,1,15,,2874,4,0,19,1,15,,2881,4,0,19,1,55,,2855,4,0,19,1,15,,2841,4,0,19,1,15,,2886,4,0,19,1,15,,2850,4,0,19,1,55,,2870,4,0,19,1,15,,2851,4,0,19,1,15,,2849,4,0,19,1,15,,2868,4,0,19,1,55,,2877,4,0,19,1,15,,2880,4,0,19,1,15,,2858,4,0,19,1,15,,2848,4,0,19,1,55,,2887,4,0,19,1,15,,2865,4,0,19,1,15,,2869,4,0,19,1,15,,2873,4,0,19,1,55,,2884,4,0,19,1,15,,2842,4,0,19,1,15,,2853,4,0,19,1,15,,2879,4,0,19,1,55,,2843,4,0,19,1,15,,2859,4,0,19,1,15,,2856,4,0,19,1,15,,2875,4,0,19,1,55,,2862,4,0,19,1,15,,2866,4,0,19,1,15,,2871,4,0,19,1,15,,2876,4,0,19,1,55,,2883,4,0,19,1,15,,2846,4,0,19,1,15,,2882,4,0,19,1,15,,2885,4,0,19,1,55,,2872,4,0,19,1,15,,2847,4,0,19,1,15,,2854,4,0,19,1,15,,2845,4,0,19,1,55,,2864,4,0,19,1,15,,2863,4,0,19,1
31600,'10',646,,2904,4,0,19,1,55,,2908,4,0,19,1,15,,2907,4,0,19,1,15,,2914,4,0,19,1,15,,2891,4,0,19,1,55,,2899,4,0,19,1,15,,2925,4,0,19,1,15,,2921,4,0,19,1,15,,2928,4,0,19,1,55,,2902,4,0,19,1,15,,2888,4,0,19,1,15,,2933,4,0,19,1,15,,2897,4,0,19,1,55,,2917,4,0,19,1,15,,2898,4,0,19,1,15,,2896,4,0,19,1,15,,2915,4,0,19,1,55,,2924,4,0,19,1,15,,2927,4,0,19,1,15,,2905,4,0,19,1,15,,2895,4,0,19,1,55,,2934,4,0,19,1,15,,2912,4,0,19,1,15,,2916,4,0,19,1,15,,2920,4,0,19,1,55,,2931,4,0,19,1,15,,2889,4,0,19,1,15,,2900,4,0,19,1,15,,2926,4,0,19,1,55,,2890,4,0,19,1,15,,2906,4,0,19,1,15,,2903,4,0,19,1,15,,2922,4,0,19,1,55,,2909,4,0,19,1,15,,2913,4,0,19,1,15,,2918,4,0,19,1,15,,2923,4,0,19,1,55,,2930,4,0,19,1,15,,2893,4,0,19,1,15,,2929,4,0,19,1,15,,2932,4,0,19,1,55,,2919,4,0,19,1,15,,2894,4,0,19,1,15,,2901,4,0,19,1,15,,2892,4,0,19,1,55,,2911,4,0,19,1,15,,2910,4,0,19,1
31600,'11',646,,2962,4,0,19,1,55,,2974,4,0,19,1,15,,2973,4,0,19,1,7,,2964,4,0,19,1,8,,2980,4,0,19,1,7,,2944,4,0,19,1,8,,2941,4,0,19,1,7,,2938,4,0,19,1,48,,2956,4,0,19,1,7,,2940,4,0,19,1,8,,3000,4,0,19,1,7,,2981,4,0,19,1,8,,2990,4,0,19,1,7,,2989,4,0,19,1,8,,3003,4,0,19,1,7,,2949,4,0,19,1,48,,2959,4,0,19,1,7,,2999,4,0,19,1,8,,2935,4,0,19,1,10,,2998,4,0,19,1,5,,3008,4,0,19,1,5,,2970,4,0,19,1,10,,2953,4,0,19,1,55,,2984,4,0,19,1,15,,2954,4,0,19,1,10,,2969,4,0,19,1,5,,2947,4,0,19,1,5,,2992,4,0,19,1,10,,2982,4,0,19,1,55,,2995,4,0,19,1,15,,3002,4,0,19,1,10,,2965,4,0,19,1,5,,2967,4,0,19,1,5,,2948,4,0,19,1,10,,2946,4,0,19,1,55,,3009,4,0,19,1,15,,2978,4,0,19,1,10,,2961,4,0,19,1,5,,2983,4,0,19,1,5,,2955,4,0,19,1,10,,2988,4,0,19,1,55,,3006,4,0,19,1,15,,2936,4,0,19,1,10,,2987,4,0,19,1,5,,2957,4,0,19,1,5,,2971,4,0,19,1,10,,3001,4,0,19,1,55,,2939,4,0,19,1,15,,2968,4,0,19,1,10,,2951,4,0,19,1,5,,2960,4,0,19,1,5,,2937,4,0,19,1,10,,2991,4,0,19,1,55,,2975,4,0,19,1,15,,2979,4,0,19,1,10,,2993,4,0,19,1,5,,2985,4,0,19,1,5,,2997,4,0,19,1,10,,2994,4,0,19,1,55,,3005,4,0,19,1,15,,2943,4,0,19,1,10,,2972,4,0,19,1,5,,3004,4,0,19,1,5,,2952,4,0,19,1,10,,3007,4,0,19,1,55,,2986,4,0,19,1,15,,2945,4,0,19,1,10,,2966,4,0,19,1,5,,2958,4,0,19,1,5,,2996,4,0,19,1,10,,2942,4,0,19,1,55,,2977,4,0,19,1,15,,2976,4,0,19,1,10,,2950,4,0,19,1,10,,2963,4,0,19,1
31600,'3',646,,3033,4,0,19,1,55,,3042,4,0,19,1,15,,3041,4,0,19,1,7,,3040,4,0,19,1,8,,3052,4,0,19,1,7,,3068,4,0,19,1,8,,3016,4,0,19,1,7,,3022,4,0,19,1,48,,3026,4,0,19,1,7,,3031,4,0,19,1,8,,3071,4,0,19,1,7,,3038,4,0,19,1,8,,3061,4,0,19,1,7,,3039,4,0,19,1,8,,3074,4,0,19,1,7,,3059,4,0,19,1,48,,3029,4,0,19,1,7,,3066,4,0,19,1,8,,3010,4,0,19,1,10,,3078,4,0,19,1,5,,3081,4,0,19,1,5,,3064,4,0,19,1,10,,3023,4,0,19,1,55,,3055,4,0,19,1,15,,3025,4,0,19,1,10,,3083,4,0,19,1,5,,3021,4,0,19,1,5,,3070,4,0,19,1,10,,3053,4,0,19,1,55,,3069,4,0,19,1,15,,3073,4,0,19,1,10,,3012,4,0,19,1,5,,3036,4,0,19,1,5,,3056,4,0,19,1,10,,3020,4,0,19,1,55,,3084,4,0,19,1,15,,3048,4,0,19,1,10,,3024,4,0,19,1,5,,3054,4,0,19,1,5,,3050,4,0,19,1,10,,3060,4,0,19,1,55,,3079,4,0,19,1,15,,3011,4,0,19,1,10,,3034,4,0,19,1,5,,3027,4,0,19,1,5,,3032,4,0,19,1,10,,3072,4,0,19,1,55,,3014,4,0,19,1,15,,3037,4,0,19,1,10,,3051,4,0,19,1,5,,3030,4,0,19,1,5,,3062,4,0,19,1,10,,3065,4,0,19,1,55,,3043,4,0,19,1,15,,3049,4,0,19,1,10,,3015,4,0,19,1,5,,3057,4,0,19,1,5,,3075,4,0,19,1,10,,3067,4,0,19,1,55,,3077,4,0,19,1,15,,3018,4,0,19,1,10,,3046,4,0,19,1,5,,3076,4,0,19,1,5,,3035,4,0,19,1,10,,3080,4,0,19,1,55,,3058,4,0,19,1,15,,3019,4,0,19,1,10,,3013,4,0,19,1,5,,3028,4,0,19,1,5,,3045,4,0,19,1,10,,3017,4,0,19,1,55,,3047,4,0,19,1,15,,3044,4,0,19,1,10,,3082,4,0,19,1,10,,3063,4,0,19,1
41000,'12',1046,,6938,4,,,1,100,,6939,4,,,1,100,,6932,4,,,1,100,,6934,4,,,1,100,,6933,4,,,1,100,,6936,4,,,1,100,,6935,4,,,1,100,,6937,4,,,1
41000,'14',646,,6948,4,,,1,70,,6953,4,,,1,30,,6947,4,,,1,70,,6961,4,,,1,30,,6957,4,,,1,70,,6956,4,,,1,30,,6942,4,,,1,70,,6958,4,,,1,30,,6950,4,,,1,70,,6951,4,,,1,30,,6952,4,,,1,70,,6943,4,,,1,30,,6949,4,,,1,70,,6946,4,,,1,30,,6945,4,,,1,70,,6941,4,,,1,30,,6960,4,,,1,70,,6954,4,,,1,30,,6944,4,,,1,70,,6940,4,,,1,30,,6955,4,,,1,70,,6959,4,,,1,30,,6962,4,,,1
41000,'7',846,,6969,4,,,1,100,,6979,4,,,1,70,,6973,4,,,1,30,,6968,4,,,1,70,,6975,4,,,1,30,,6965,4,,,1,70,,6963,4,,,1,30,,6976,4,,,1,70,,6982,4,,,1,30,,6970,4,,,1,70,,6967,4,,,1,30,,6981,4,,,1,70,,6978,4,,,1,30,,6971,4,,,1,70,,6964,4,,,1,30,,6980,4,,,1,70,,6966,4,,,1,30,,6972,4,,,1,100,,6977,4,,,1,100,,6974,4,,,1
41500,'1',1816,,7232,4,0,20 14 21 18,1,100,,7236,4,0,20 14 21 18,1,100,,7231,4,0,20 14 21 18,1,100,,7235,4,0,20 14 21 18,1,100,,7234,4,0,20 14 21 18,1,100,,7233,4,0,20 14 21 18,1
41500,'10',1816,,7238,4,0,20 14 21 18,1,100,,7242,4,0,20 14 21 18,1,100,,7237,4,0,20 14 21 18,1,100,,7241,4,0,20 14 21 18,1,100,,7240,4,0,20 14 21 18,1,100,,7239,4,0,20 14 21 18,1
41500,'11',1816,,7244,4,0,20 14 21 18,1,100,,7248,4,0,20 14 21 18,1,100,,7243,4,0,20 14 21 18,1,100,,7247,4,0,20 14 21 18,1,100,,7246,4,0,20 14 21 18,1,100,,7245,4,0,20 14 21 18,1
41500,'12',1116,,7252,4,0,20 14 21 18,1,100,,7254,4,0,20 14 21 18,1,100,,7255,4,0,20 14 21 18,1,100,,7249,4,0,20 14 21 18,1,100,,7250,4,0,20 14 21 18,1,100,,7251,4,0,20 14 21 18,1,100,,7253,4,0,20 14 21 18,1
41500,'14',646,,7271,4,0,20 14 21 18,1,70,,7272,4,0,20 14 21 18,1,30,,7274,4,0,20 14 21 18,1,70,,7258,4,0,20 14 21 18,1,30,,7266,4,0,20 14 21 18,1,70,,7269,4,0,20 14 21 18,1,30,,7280,4,0,20 14 21 18,1,70,,7283,4,0,20 14 21 18,1,30,,7273,4,0,20 14 21 18,1,70,,7257,4,0,20 14 21 18,1,30,,7265,4,0,20 14 21 18,1,70,,7260,4,0,20 14 21 18,1,30,,7275,4,0,20 14 21 18,1,70,,7279,4,0,20 14 21 18,1,30,,7270,4,0,20 14 21 18,1,70,,7277,4,0,20 14 21 18,1,30,,7267,4,0,20 14 21 18,1,70,,7262,4,0,20 14 21 18,1,30,,7256,4,0,20 14 21 18,1,70,,7284,4,0,20 14 21 18,1,30,,7261,4,0,20 14 21 18,1,70,,7263,4,0,20 14 21 18,1,30,,7276,4,0,20 14 21 18,1,70,,7268,4,0,20 14 21 18,1,100,,7259,4,0,20 14 21 18,1,100,,7282,4,0,20 14 21 18,1,100,,7278,4,0,20 14 21 18,1,100,,7281,4,0,20 14 21 18,1,100,,7264,4,0,20 14 21 18,1
41500,'3',1816,,7286,4,0,20 14 21 18,1,100,,7290,4,0,20 14 21 18,1,100,,7285,4,0,20 14 21 18,1,100,,7289,4,0,20 14 21 18,1,100,,7288,4,0,20 14 21 18,1,100,,7287,4,0,20 14 21 18,1
41500,'7',916,,7308,4,0,20 14 21 18,1,100,,7307,4,0,20 14 21 18,1,30,,7294,4,0,20 14 21 18,1,70,,7303,4,0,20 14 21 18,1,30,,7306,4,0,20 14 21 18,1,70,,7305,4,0,20 14 21 18,1,30,,7297,4,0,20 14 21 18,1,70,,7302,4,0,20 14 21 18,1,30,,7301,4,0,20 14 21 18,1,70,,7295,4,0,20 14 21 18,1,30,,7300,4,0,20 14 21 18,1,70,,7298,4,0,20 14 21 18,1,30,,7299,4,0,20 14 21 18,1,70,,7309,4,0,20 14 21 18,1,30,,7296,4,0,20 14 21 18,1,70,,7292,4,0,20 14 21 18,1,30,,7291,4,0,20 14 21 18,1,70,,7293,4,0,20 14 21 18,1,100,,7304,4,0,20 14 21 18,1
41600,'1',1846,,7399,4,0,19,1,70,,7393,4,0,19,1,30,,7395,4,0,19,1,70,,7400,4,0,19,1,30,,7396,4,0,19,1,70,,7398,4,0,19,1,30,,7397,4,0,19,1,70,,7401,4,0,19,1,30,,7402,4,0,19,1,70,,7394,4,0,19,1
41600,'10',1846,,7409,4,0,19,1,70,,7403,4,0,19,1,30,,7405,4,0,19,1,70,,7410,4,0,19,1,30,,7406,4,0,19,1,70,,7408,4,0,19,1,30,,7407,4,0,19,1,70,,7411,4,0,19,1,30,,7412,4,0,19,1,70,,7404,4,0,19,1
41600,'11',1846,,7419,4,0,19,1,70,,7413,4,0,19,1,30,,7415,4,0,19,1,70,,7420,4,0,19,1,30,,7416,4,0,19,1,70,,7418,4,0,19,1,30,,7417,4,0,19,1,70,,7421,4,0,19,1,30,,7422,4,0,19,1,70,,7414,4,0,19,1
41600,'12',1046,,7435,4,0,19,1,70,,7430,4,0,19,1,30,,7434,4,0,19,1,70,,7425,4,0,19,1,30,,7431,4,0,19,1,70,,7424,4,0,19,1,30,,7426,4,0,19,1,70,,7428,4,0,19,1,30,,7437,4,0,19,1,70,,7423,4,0,19,1,30,,7429,4,0,19,1,70,,7432,4,0,19,1,30,,7436,4,0,19,1,70,,7433,4,0,19,1,30,,7427,4,0,19,1
41600,'14',716,,7448,4,0,19,1,30,,7465,4,0,19,1,70,,7445,4,0,19,1,30,,7468,4,0,19,1,70,,7441,4,0,19,1,30,,7466,4,0,19,1,70,,7453,4,0,19,1,30,,7464,4,0,19,1,70,,7467,4,0,19,1,30,,7439,4,0,19,1,70,,7455,4,0,19,1,30,,7446,4,0,19,1,70,,7442,4,0,19,1,30,,7438,4,0,19,1,70,,7462,4,0,19,1,30,,7458,4,0,19,1,70,,7447,4,0,19,1,30,,7444,4,0,19,1,70,,7461,4,0,19,1,30,,7470,4,0,19,1,70,,7454,4,0,19,1,30,,7451,4,0,19,1,70,,7457,4,0,19,1,30,,7456,4,0,19,1,70,,7449,4,0,19,1,30,,7459,4,0,19,1,70,,7450,4,0,19,1,30,,7440,4,0,19,1,70,,7469,4,0,19,1,30,,7443,4,0,19,1,70,,7460,4,0,19,1,30,,7463,4,0,19,1,70,,7452,4,0,19,1
41600,'3',1846,,7477,4,0,19,1,70,,7471,4,0,19,1,30,,7473,4,0,19,1,70,,7478,4,0,19,1,30,,7474,4,0,19,1,70,,7476,4,0,19,1,30,,7475,4,0,19,1,70,,7479,4,0,19,1,30,,7480,4,0,19,1,70,,7472,4,0,19,1
41600,'7',846,,7490,4,0,19,1,70,,7491,4,0,19,1,30,,7481,4,0,19,1,70,,7484,4,0,19,1,30,,7495,4,0,19,1,70,,7497,4,0,19,1,30,,7501,4,0,19,1,70,,7488,4,0,19,1,30,,7493,4,0,19,1,70,,7496,4,0,19,1,30,,7487,4,0,19,1,70,,7483,4,0,19,1,30,,7499,4,0,19,1,70,,7498,4,0,19,1,30,,7500,4,0,19,1,70,,7494,4,0,19,1,30,,7503,4,0,19,1,70,,7485,4,0,19,1,30,,7482,4,0,19,1,70,,7489,4,0,19,1,30,,7502,4,0,19,1,70,,7486,4,0,19,1,30,,7492,4,0,19,1
