30901,'1',622,,1830,11,0,25 14 26,1,30,,1834,11,0,25 14 26,1,70,,1829,11,0,25 14 26,1,30,,1825,11,0,25 14 26,1,70,,1839,11,0,25 14 26,1,30,,1836,11,0,25 14 26,1,70,,1845,11,0,25 14 26,1,30,,1826,11,0,25 14 26,1,70,,1827,11,0,25 14 26,1,30,,1833,11,0,25 14 26,1,70,,1838,11,0,25 14 26,1,30,,1821,11,0,25 14 26,1,70,,1842,11,0,25 14 26,1,30,,1828,11,0,25 14 26,1,70,,1844,11,0,25 14 26,1,30,,1823,11,0,25 14 26,1,70,,1832,11,0,25 14 26,1,78,,1831,11,0,25 14 26,1,30,,1840,11,0,25 14 26,1,70,,1841,11,0,25 14 26,1,30,,1824,11,0,25 14 26,1,70,,1822,11,0,25 14 26,1,30,,1837,11,0,25 14 26,1,70,,1835,11,0,25 14 26,1,26,,1843,7,0,25 14 26,1
30901,'10',622,,1855,11,0,25 14 26,1,30,,1859,11,0,25 14 26,1,70,,1854,11,0,25 14 26,1,30,,1850,11,0,25 14 26,1,70,,1864,11,0,25 14 26,1,30,,1861,11,0,25 14 26,1,70,,1870,11,0,25 14 26,1,30,,1851,11,0,25 14 26,1,70,,1852,11,0,25 14 26,1,30,,1858,11,0,25 14 26,1,70,,1863,11,0,25 14 26,1,30,,1846,11,0,25 14 26,1,70,,1867,11,0,25 14 26,1,30,,1853,11,0,25 14 26,1,70,,1869,11,0,25 14 26,1,30,,1848,11,0,25 14 26,1,70,,1857,11,0,25 14 26,1,78,,1856,11,0,25 14 26,1,30,,1865,11,0,25 14 26,1,70,,1866,11,0,25 14 26,1,30,,1849,11,0,25 14 26,1,70,,1847,11,0,25 14 26,1,30,,1862,11,0,25 14 26,1,70,,1860,11,0,25 14 26,1,26,,1868,7,0,25 14 26,1
30901,'11',622,,1879,11,0,25 14 26,1,30,,1885,11,0,25 14 26,1,70,,1878,11,0,25 14 26,1,30,,1874,11,0,25 14 26,1,70,,1889,11,0,25 14 26,1,30,,1887,11,0,25 14 26,1,70,,1895,11,0,25 14 26,1,30,,1875,11,0,25 14 26,1,70,,1876,11,0,25 14 26,1,30,,1883,11,0,25 14 26,1,70,,1888,11,0,25 14 26,1,30,,1871,11,0,25 14 26,1,70,,1892,11,0,25 14 26,1,30,,1877,11,0,25 14 26,1,70,,1894,11,0,25 14 26,1,30,,1873,11,0,25 14 26,1,70,,1882,11,0,25 14 26,1,78,,1881,11,0,25 14 26,1,30,,1891,11,0,25 14 26,1,70,,1890,11,0,25 14 26,1,30,,1884,11,0,25 14 26,1,70,,1872,11,0,25 14 26,1,30,,1880,11,0,25 14 26,1,70,,1886,11,0,25 14 26,1,26,,1893,7,0,25 14 26,1
30901,'3',622,,1904,11,0,25 14 26,1,30,,1910,11,0,25 14 26,1,70,,1903,11,0,25 14 26,1,30,,1899,11,0,25 14 26,1,70,,1914,11,0,25 14 26,1,30,,1912,11,0,25 14 26,1,70,,1920,11,0,25 14 26,1,30,,1900,11,0,25 14 26,1,70,,1901,11,0,25 14 26,1,30,,1908,11,0,25 14 26,1,70,,1913,11,0,25 14 26,1,30,,1896,11,0,25 14 26,1,70,,1917,11,0,25 14 26,1,30,,1902,11,0,25 14 26,1,70,,1919,11,0,25 14 26,1,30,,1898,11,0,25 14 26,1,70,,1907,11,0,25 14 26,1,78,,1906,11,0,25 14 26,1,30,,1916,11,0,25 14 26,1,70,,1915,11,0,25 14 26,1,30,,1909,11,0,25 14 26,1,70,,1897,11,0,25 14 26,1,30,,1905,11,0,25 14 26,1,70,,1911,11,0,25 14 26,1,26,,1918,7,0,25 14 26,1
40901,'1',1850,,6855,11,0,25 12,1,100,,6859,11,0,25 12,1,100,,6858,11,0,25 12,1,100,,6857,11,0,25 12,1,100,,6856,11,0,25 12,1
40901,'10',1850,,6860,11,0,25 12,1,100,,6864,11,0,25 12,1,100,,6863,11,0,25 12,1,100,,6862,11,0,25 12,1,100,,6861,11,0,25 12,1
40901,'11',1850,,6865,11,0,25 12,1,100,,6869,11,0,25 12,1,100,,6868,11,0,25 12,1,100,,6867,11,0,25 12,1,100,,6866,11,0,25 12,1
40901,'12',1050,,6872,11,0,25 12,1,100,,6873,11,0,25 12,1,100,,6876,11,0,25 12,1,100,,6875,11,0,25 12,1,100,,6870,11,0,25 12,1,100,,6874,11,0,25 12,1,100,,6877,11,0,25 12,1,100,,6871,11,0,25 12,1
40901,'14',650,,6895,11,0,25 12,1,70,,6884,11,0,25 12,1,30,,6883,11,0,25 12,1,70,,6903,11,0,25 12,1,30,,6889,11,0,25 12,1,70,,6900,11,0,25 12,1,30,,6888,11,0,25 12,1,70,,6887,11,0,25 12,1,30,,6879,11,0,25 12,1,70,,6882,11,0,25 12,1,30,,6902,11,0,25 12,1,70,,6881,11,0,25 12,1,30,,6890,11,0,25 12,1,70,,6899,11,0,25 12,1,30,,6896,11,0,25 12,1,70,,6880,11,0,25 12,1,30,,6886,11,0,25 12,1,70,,6891,11,0,25 12,1,30,,6885,11,0,25 12,1,70,,6894,11,0,25 12,1,30,,6904,11,0,25 12,1,70,,6892,11,0,25 12,1,30,,6897,11,0,25 12,1,70,,6905,11,0,25 12,1,30,,6898,11,0,25 12,1,100,,6906,11,0,25 12,1,100,,6893,11,0,25 12,1,100,,6901,11,0,25 12,1,100,,6878,11,0,25 12,1
40901,'3',1850,,6907,11,0,25 12,1,100,,6911,11,0,25 12,1,100,,6910,11,0,25 12,1,100,,6909,11,0,25 12,1,100,,6908,11,0,25 12,1
40901,'7',850,,6913,11,0,25 12,1,100,,6923,11,0,25 12,1,100,,6922,11,0,25 12,1,70,,6919,11,0,25 12,1,30,,6915,11,0,25 12,1,70,,6928,11,0,25 12,1,30,,6930,11,0,25 12,1,70,,6921,11,0,25 12,1,30,,6912,11,0,25 12,1,70,,6929,11,0,25 12,1,30,,6927,11,0,25 12,1,70,,6918,11,0,25 12,1,30,,6931,11,0,25 12,1,70,,6924,11,0,25 12,1,30,,6914,11,0,25 12,1,70,,6926,11,0,25 12,1,30,,6917,11,0,25 12,1,70,,6925,11,0,25 12,1,30,,6916,11,0,25 12,1,100,,6920,11,0,25 12,1
