31501,'12',604,,35338,8,0,20 14 35 26,1,30,,35351,8,0,20 14 35 26,1,70,,35346,8,0,20 14 35 26,1,30,,35345,8,0,20 14 35 26,1,70,,35343,8,0,20 14 35 26,1,30,,35344,8,0,20 14 35 26,1,70,,35347,8,0,20 14 35 26,1,30,,35350,8,0,20 14 35 26,1,70,,35339,8,0,20 14 35 26,1,30,,35348,8,0,20 14 35 26,1,70,,35354,8,0,20 14 35 26,1,30,,35358,8,0,20 14 35 26,1,70,,35353,8,0,20 14 35 26,1,30,,35360,8,0,20 14 35 26,1,70,,35352,8,0,20 14 35 26,1,30,,35341,8,0,20 14 35 26,1,70,,35349,8,0,20 14 35 26,1,30,,35356,8,0,20 14 35 26,1,70,,35342,8,0,20 14 35 26,1,30,,35340,8,0,20 14 35 26,1,70,,35357,8,0,20 14 35 26,1,30,,35355,8,0,20 14 35 26,1,70,,35359,8,0,20 14 35 26,1,30,,35337,8,0,20 14 35 26,1
31501,'13',604,,35362,8,0,20 14 35 26,1,30,,21901,8,0,20 14 35 26,1,70,,35368,8,0,20 14 35 26,1,30,,35367,8,0,20 14 35 26,1,70,,35365,8,0,20 14 35 26,1,30,,35366,8,0,20 14 35 26,1,70,,35369,8,0,20 14 35 26,1,30,,35372,8,0,20 14 35 26,1,70,,28189,8,0,20 14 35 26,1,30,,35370,8,0,20 14 35 26,1,70,,28508,8,0,20 14 35 26,1,30,,35377,8,0,20 14 35 26,1,70,,35373,8,0,20 14 35 26,1,30,,35379,8,0,20 14 35 26,1,70,,27564,8,0,20 14 35 26,1,30,,35364,8,0,20 14 35 26,1,70,,35371,8,0,20 14 35 26,1,30,,35375,8,0,20 14 35 26,1,70,,27339,8,0,20 14 35 26,1,30,,35363,8,0,20 14 35 26,1,70,,35376,8,0,20 14 35 26,1,30,,35374,8,0,20 14 35 26,1,70,,35378,8,0,20 14 35 26,1,30,,35361,8,0,20 14 35 26,1
31501,'3',604,,35381,8,0,20 14 35 26,1,30,,21925,8,0,20 14 35 26,1,70,,35387,8,0,20 14 35 26,1,30,,35386,8,0,20 14 35 26,1,70,,35384,8,0,20 14 35 26,1,30,,35385,8,0,20 14 35 26,1,70,,35388,8,0,20 14 35 26,1,30,,35391,8,0,20 14 35 26,1,70,,28210,8,0,20 14 35 26,1,30,,35389,8,0,20 14 35 26,1,70,,28532,8,0,20 14 35 26,1,30,,35396,8,0,20 14 35 26,1,70,,35392,8,0,20 14 35 26,1,30,,35398,8,0,20 14 35 26,1,70,,27586,8,0,20 14 35 26,1,30,,35383,8,0,20 14 35 26,1,70,,35390,8,0,20 14 35 26,1,30,,35394,8,0,20 14 35 26,1,70,,27377,8,0,20 14 35 26,1,30,,35382,8,0,20 14 35 26,1,70,,35395,8,0,20 14 35 26,1,30,,35393,8,0,20 14 35 26,1,70,,35397,8,0,20 14 35 26,1,30,,35380,8,0,20 14 35 26,1
31501,'6',604,,35400,8,0,20 14 35 26,1,30,,35413,8,0,20 14 35 26,1,70,,35408,8,0,20 14 35 26,1,30,,35407,8,0,20 14 35 26,1,70,,35405,8,0,20 14 35 26,1,30,,35406,8,0,20 14 35 26,1,70,,35409,8,0,20 14 35 26,1,30,,35412,8,0,20 14 35 26,1,70,,35401,8,0,20 14 35 26,1,30,,35410,8,0,20 14 35 26,1,70,,35416,8,0,20 14 35 26,1,30,,35420,8,0,20 14 35 26,1,70,,35415,8,0,20 14 35 26,1,30,,35422,8,0,20 14 35 26,1,70,,35414,8,0,20 14 35 26,1,30,,35403,8,0,20 14 35 26,1,70,,35411,8,0,20 14 35 26,1,30,,35418,8,0,20 14 35 26,1,70,,35404,8,0,20 14 35 26,1,30,,35402,8,0,20 14 35 26,1,70,,35419,8,0,20 14 35 26,1,30,,35417,8,0,20 14 35 26,1,70,,35421,8,0,20 14 35 26,1,30,,35399,8,0,20 14 35 26,1
41501,'1',649,,40301,8,0,20 14 34,1,70,,40294,8,0,20 14 34,1,30,,40288,8,0,20 14 34,1,70,,40304,8,0,20 14 34,1,30,,40293,8,0,20 14 34,1,70,,40286,8,0,20 14 34,1,30,,40289,8,0,20 14 34,1,70,,40302,8,0,20 14 34,1,30,,31128,8,0,20 14 34,1,70,,40284,8,0,20 14 34,1,30,,40297,8,0,20 14 34,1,70,,40281,8,0,20 14 34,1,30,,40300,8,0,20 14 34,1,70,,40280,8,0,20 14 34,1,30,,40303,8,0,20 14 34,1,70,,40278,8,0,20 14 34,1,30,,40287,8,0,20 14 34,1,70,,40290,8,0,20 14 34,1,30,,40296,8,0,20 14 34,1,70,,40292,8,0,20 14 34,1,30,,40282,8,0,20 14 34,1,70,,40298,8,0,20 14 34,1,30,,29652,8,0,20 14 34,1,70,,40283,8,0,20 14 34,1,100,,40291,8,0,20 14 34,1,100,,40285,8,0,20 14 34,1,100,,40295,8,0,20 14 34,1,100,,40299,8,0,20 14 34,1,100,,40279,8,0,20 14 34,1
41501,'11',649,,40329,8,0,20 14 34,1,70,,40322,8,0,20 14 34,1,30,,40316,8,0,20 14 34,1,70,,40333,8,0,20 14 34,1,30,,40321,8,0,20 14 34,1,70,,40314,8,0,20 14 34,1,30,,40317,8,0,20 14 34,1,70,,40330,8,0,20 14 34,1,30,,40331,8,0,20 14 34,1,70,,40312,8,0,20 14 34,1,30,,40325,8,0,20 14 34,1,70,,40308,8,0,20 14 34,1,30,,40328,8,0,20 14 34,1,70,,40307,8,0,20 14 34,1,30,,40332,8,0,20 14 34,1,70,,40305,8,0,20 14 34,1,30,,40315,8,0,20 14 34,1,70,,40318,8,0,20 14 34,1,30,,40324,8,0,20 14 34,1,70,,40320,8,0,20 14 34,1,30,,40310,8,0,20 14 34,1,70,,40326,8,0,20 14 34,1,30,,40309,8,0,20 14 34,1,70,,40311,8,0,20 14 34,1,100,,40319,8,0,20 14 34,1,100,,40313,8,0,20 14 34,1,100,,40323,8,0,20 14 34,1,100,,40327,8,0,20 14 34,1,100,,40306,8,0,20 14 34,1
41501,'12',1804,,40338,8,0,20 14 34,1,30,,40334,8,0,20 14 34,1,85,,40336,8,0,20 14 34,1,100,,40340,8,0,20 14 34,1,100,,40335,8,0,20 14 34,1,100,,40337,8,0,20 14 34,1,100,,40339,8,0,20 14 34,1
41501,'13',1804,,40345,8,0,20 14 34,1,30,,40341,8,0,20 14 34,1,85,,40343,8,0,20 14 34,1,100,,40347,8,0,20 14 34,1,100,,40342,8,0,20 14 34,1,100,,40344,8,0,20 14 34,1,100,,40346,8,0,20 14 34,1
41501,'14',1119,,40349,8,0,20 14 34,1,100,,40352,8,0,20 14 34,1,100,,40353,8,0,20 14 34,1,100,,40351,8,0,20 14 34,1,100,,40350,8,0,20 14 34,1,100,,40354,8,0,20 14 34,1,100,,40348,8,0,20 14 34,1
41501,'16',649,,40378,8,0,20 14 34,1,70,,40371,8,0,20 14 34,1,30,,40365,8,0,20 14 34,1,70,,40381,8,0,20 14 34,1,30,,40370,8,0,20 14 34,1,70,,40363,8,0,20 14 34,1,30,,40366,8,0,20 14 34,1,70,,40379,8,0,20 14 34,1,30,,31153,8,0,20 14 34,1,70,,40361,8,0,20 14 34,1,30,,40374,8,0,20 14 34,1,70,,40358,8,0,20 14 34,1,30,,40377,8,0,20 14 34,1,70,,40357,8,0,20 14 34,1,30,,40380,8,0,20 14 34,1,70,,40355,8,0,20 14 34,1,30,,40364,8,0,20 14 34,1,70,,40367,8,0,20 14 34,1,30,,40373,8,0,20 14 34,1,70,,40369,8,0,20 14 34,1,30,,40359,8,0,20 14 34,1,70,,40375,8,0,20 14 34,1,30,,26926,8,0,20 14 34,1,70,,40360,8,0,20 14 34,1,100,,40368,8,0,20 14 34,1,100,,40362,8,0,20 14 34,1,100,,40372,8,0,20 14 34,1,100,,40376,8,0,20 14 34,1,100,,40356,8,0,20 14 34,1
41501,'3',1804,,40386,8,0,20 14 34,1,30,,40382,8,0,20 14 34,1,85,,40384,8,0,20 14 34,1,100,,40388,8,0,20 14 34,1,100,,40383,8,0,20 14 34,1,100,,40385,8,0,20 14 34,1,100,,40387,8,0,20 14 34,1
41501,'6',1804,,40393,8,0,20 14 34,1,30,,40389,8,0,20 14 34,1,85,,40391,8,0,20 14 34,1,100,,40395,8,0,20 14 34,1,100,,40390,8,0,20 14 34,1,100,,40392,8,0,20 14 34,1,100,,40394,8,0,20 14 34,1
41501,'8',1019,,40400,8,0,20 14 34,1,30,,40408,8,0,20 14 34,1,70,,40403,8,0,20 14 34,1,30,,40401,8,0,20 14 34,1,70,,40410,8,0,20 14 34,1,100,,40407,8,0,20 14 34,1,30,,40398,8,0,20 14 34,1,70,,40404,8,0,20 14 34,1,100,,40402,8,0,20 14 34,1,30,,40406,8,0,20 14 34,1,70,,40409,8,0,20 14 34,1,30,,31323,8,0,20 14 34,1,70,,40396,8,0,20 14 34,1,30,,40397,8,0,20 14 34,1,70,,40405,8,0,20 14 34,1,100,,40399,8,0,20 14 34,1
42300,'1',725,,41597,8,0,20 30 31,1,100,,41596,8,0,20 30 31,1,100,,41603,8,0,20 30 31,1,100,,41598,8,0,20 30 31,1,100,,41604,8,0,20 30 31,1,100,,41599,8,0,20 30 31,1,100,,41602,8,0,20 30 31,1,101,,41601,8,0,20 30 31,1,100,,41600,8,0,20 30 31,1,100,,29115,8,0,20 30 31,1,100,,41594,8,0,20 30 31,1,100,,41595,8,0,20 30 31,1,99,,32183,8,0,20 30 31,1,100,,41593,8,0,20 30 31,1,100,,41592,8,0,20 30 31,1,100,,41605,8,0,20 30 31,1
