30100,'11',623,,27361,11,0,5 6,1,30,,27337,11,0,5 6,1,70,,27355,11,0,5 6,1,30,,27370,11,0,5 6,1,70,,27336,11,0,5 6,1,30,,6785,11,0,5 6,1,70,,27357,11,0,5 6,1,30,,22225,11,0,5 6,1,70,,27367,11,0,5 6,1,30,,24152,11,0,5 6,1,70,,27356,11,0,5 6,1,30,,27363,11,0,5 6,1,70,,27349,11,0,5 6,1,30,,27359,11,0,5 6,1,70,,27348,11,0,5 6,1,30,,27333,11,0,5 6,1,70,,22859,11,0,5 6,1,30,,27365,11,0,5 6,1,70,,27358,11,0,5 6,1,30,,27344,11,0,5 6,1,70,,27345,11,0,5 6,1,30,,27369,11,0,5 6,1,70,,27347,11,0,5 6,1
30100,'3',623,,27399,11,0,5 6,1,30,,27375,11,0,5 6,1,70,,27393,11,0,5 6,1,30,,27408,11,0,5 6,1,70,,27374,11,0,5 6,1,30,,6829,11,0,5 6,1,70,,27395,11,0,5 6,1,30,,22244,11,0,5 6,1,70,,27405,11,0,5 6,1,30,,24162,11,0,5 6,1,70,,27394,11,0,5 6,1,30,,27401,11,0,5 6,1,70,,27387,11,0,5 6,1,30,,27397,11,0,5 6,1,70,,27386,11,0,5 6,1,30,,27371,11,0,5 6,1,70,,22879,11,0,5 6,1,30,,27403,11,0,5 6,1,70,,27396,11,0,5 6,1,30,,27382,11,0,5 6,1,70,,27383,11,0,5 6,1,30,,27407,11,0,5 6,1,70,,27385,11,0,5 6,1
30101,'11',638,,27435,41,0,5 15,1,70,,27442,41,0,5 15,1,30,,27415,41,0,5 15,1,70,,27427,41,0,5 15,1,30,,27413,41,0,5 15,1,70,,27431,41,0,5 15,1,30,,21483,41,0,5 15,1,70,,27430,41,0,5 15,1,30,,27446,41,0,5 15,1,70,,27457,41,0,5 15,1,30,,27418,41,0,5 15,1,70,,27412,41,0,5 15,1,30,,27424,41,0,5 15,1,70,,27452,41,0,5 15,1,30,,27428,41,0,5 15,1,70,,27421,41,0,5 15,1,30,,27438,41,0,5 15,1,70,,27420,41,0,5 15,1,30,,27409,41,0,5 15,1,70,,27450,41,0,5 15,1,30,,27445,41,0,5 15,1,70,,27444,41,0,5 15,1,30,,27411,41,0,5 15,1,70,,27417,41,0,5 15,1
30101,'3',638,,27484,41,0,5 15,1,70,,27491,41,0,5 15,1,30,,27464,41,0,5 15,1,70,,27476,41,0,5 15,1,30,,27462,41,0,5 15,1,70,,27480,41,0,5 15,1,30,,21522,41,0,5 15,1,70,,27479,41,0,5 15,1,30,,27495,41,0,5 15,1,70,,27506,41,0,5 15,1,30,,27467,41,0,5 15,1,70,,27461,41,0,5 15,1,30,,27473,41,0,5 15,1,70,,27501,41,0,5 15,1,30,,27477,41,0,5 15,1,70,,27470,41,0,5 15,1,30,,27487,41,0,5 15,1,70,,27469,41,0,5 15,1,30,,27458,41,0,5 15,1,70,,27499,41,0,5 15,1,30,,27494,41,0,5 15,1,70,,27493,41,0,5 15,1,30,,27460,41,0,5 15,1,70,,27466,41,0,5 15,1
33700,'1',741,,29436,16,,,1,70,,29427,16,,,1,30,,29401,16,,,1,70,,29407,16,,,1,30,,29442,16,,,1,70,,29412,16,,,1,30,,24259,16,,,1,70,,29438,16,,,1,30,,29425,16,,,1,70,,29416,16,,,1,30,,29406,16,,,1,70,,29419,16,,,1,30,,29423,16,,,1,70,,29417,16,,,1,30,,26406,16,,,1,70,,29415,16,,,1,30,,29404,16,,,1,70,,23725,16,,,1,30,,29403,16,,,1,70,,29437,16,,,1,30,,29409,16,,,1,70,,29434,16,,,1,30,,29424,16,,,1,70,,29418,16,,,1,30,,23651,16,,,1
33700,'11',711,,29460,16,,,1,30,,29483,16,,,1,70,,29474,16,,,1,30,,29465,16,,,1,70,,29462,16,,,1,30,,29445,16,,,1,70,,29481,16,,,1,30,,23332,16,,,1,70,,29450,16,,,1,30,,29482,16,,,1,70,,29484,16,,,1,30,,29454,16,,,1,70,,21466,16,,,1,30,,29467,16,,,1,70,,29449,16,,,1,30,,29463,16,,,1,70,,29448,16,,,1,30,,29480,16,,,1,70,,29461,16,,,1,30,,29458,16,,,1,70,,29464,16,,,1,30,,19106,16,,,1,70,,29486,16,,,1,30,,12268,16,,,1,70,,29472,16,,,1
33700,'12',1141,,29488,16,,,1,70,,29489,16,,,1,30,,29501,16,,,1,70,,29502,16,,,1,30,,29510,16,,,1,70,,29487,16,,,1,30,,29497,16,,,1,70,,29508,16,,,1,30,,29506,16,,,1,70,,29507,16,,,1,30,,29491,16,,,1,70,,29503,16,,,1,30,,29493,16,,,1,70,,29490,16,,,1,30,,29504,16,,,1
33700,'14',741,,29557,16,,,1,70,,29546,16,,,1,30,,29518,16,,,1,70,,29524,16,,,1,30,,29563,16,,,1,70,,29530,16,,,1,30,,29533,16,,,1,70,,29559,16,,,1,30,,26866,16,,,1,70,,29535,16,,,1,30,,29523,16,,,1,70,,29538,16,,,1,30,,29542,16,,,1,70,,29536,16,,,1,30,,29549,16,,,1,70,,29532,16,,,1,30,,29521,16,,,1,70,,29534,16,,,1,30,,29520,16,,,1,70,,29558,16,,,1,30,,29527,16,,,1,70,,29555,16,,,1,30,,29543,16,,,1,70,,29537,16,,,1,30,,29526,16,,,1
33700,'3',711,,29581,16,,,1,30,,29604,16,,,1,70,,29595,16,,,1,30,,29586,16,,,1,70,,29583,16,,,1,30,,29566,16,,,1,70,,29602,16,,,1,30,,23370,16,,,1,70,,29571,16,,,1,30,,29603,16,,,1,70,,29605,16,,,1,30,,29575,16,,,1,70,,21505,16,,,1,30,,29588,16,,,1,70,,29570,16,,,1,30,,29584,16,,,1,70,,29569,16,,,1,30,,29601,16,,,1,70,,29582,16,,,1,30,,29579,16,,,1,70,,29585,16,,,1,30,,19153,16,,,1,70,,29607,16,,,1,30,,12301,16,,,1,70,,29593,16,,,1
33700,'8',1211,,25555,16,,,1,30,,29618,16,,,1,70,,29624,16,,,1,30,,29626,16,,,1,70,,29617,16,,,1,30,,29629,16,,,1,70,,29634,16,,,1,30,,29630,16,,,1,70,,29613,16,,,1,30,,29611,16,,,1,70,,29635,16,,,1,30,,29622,16,,,1,70,,29620,16,,,1,30,,29625,16,,,1,70,,29623,16,,,1
40100,'1',622,,29888,11,0,8,1,30,,29890,11,0,8,1,70,,29908,11,0,8,1,30,,29891,11,0,8,1,70,,29871,11,0,8,1,30,,29897,11,0,8,1,70,,29910,11,0,8,1,30,,29914,11,0,8,1,72,,29887,11,0,8,1,30,,29916,11,0,8,1,70,,29919,11,0,8,1,30,,23084,11,0,8,1,70,,29889,11,0,8,1,30,,29909,11,0,8,1,70,,29877,11,0,8,1,30,,24668,11,0,8,1,68,,29903,11,0,8,1,30,,29881,11,0,8,1,70,,29874,11,0,8,1,30,,29901,11,0,8,1,70,,29900,11,0,8,1,30,,29892,11,0,8,1,70,,29876,11,0,8,1,30,,29880,11,0,8,1,100,,29906,11,0,8,1,99,,29883,11,0,8,1,100,,29885,11,0,8,1,100,,29872,11,0,8,1,100,,29870,11,0,8,1,100,,29896,11,0,8,1
40100,'11',1752,,29931,11,0,8,1,100,,29920,11,0,8,1,99,,29923,11,0,8,1,100,,29922,11,0,8,1,100,,24724,11,0,8,1,100,,29926,11,0,8,1,100,,29921,11,0,8,1
40100,'12',1054,,29938,11,0,8,1,100,,29939,11,0,8,1,100,,29936,11,0,8,1,100,,29933,11,0,8,1,98,,29937,11,0,8,1,100,,29941,11,0,8,1,100,,25360,11,0,8,1,100,,29944,11,0,8,1
40100,'14',622,,24954,11,0,8,1,30,,29970,11,0,8,1,70,,29991,11,0,8,1,30,,29971,11,0,8,1,70,,29948,11,0,8,1,30,,29978,11,0,8,1,70,,29993,11,0,8,1,30,,29997,11,0,8,1,72,,29968,11,0,8,1,30,,24808,11,0,8,1,70,,30001,11,0,8,1,30,,29977,11,0,8,1,70,,25531,11,0,8,1,30,,29992,11,0,8,1,70,,29954,11,0,8,1,30,,29965,11,0,8,1,68,,29986,11,0,8,1,30,,29958,11,0,8,1,70,,29951,11,0,8,1,30,,29983,11,0,8,1,70,,29981,11,0,8,1,30,,29972,11,0,8,1,70,,29953,11,0,8,1,30,,29957,11,0,8,1,100,,29989,11,0,8,1,99,,29961,11,0,8,1,100,,29966,11,0,8,1,100,,29949,11,0,8,1,100,,29947,11,0,8,1,100,,29976,11,0,8,1
40100,'3',1752,,30013,11,0,8,1,100,,30002,11,0,8,1,99,,30005,11,0,8,1,100,,30004,11,0,8,1,100,,24826,11,0,8,1,100,,30008,11,0,8,1,100,,30003,11,0,8,1
40100,'8',852,,30016,11,0,8,1,100,,30021,11,0,8,1,72,,30033,11,0,8,1,30,,30031,11,0,8,1,70,,30039,11,0,8,1,30,,30017,11,0,8,1,70,,30045,11,0,8,1,30,,30029,11,0,8,1,70,,30037,11,0,8,1,30,,30052,11,0,8,1,68,,30038,11,0,8,1,30,,30022,11,0,8,1,70,,30034,11,0,8,1,30,,30044,11,0,8,1,70,,30050,11,0,8,1,30,,30018,11,0,8,1,70,,30053,11,0,8,1,30,,30028,11,0,8,1,100,,30026,11,0,8,1,99,,30049,11,0,8,1
40101,'1',651,,23186,41,0,16,1,70,,30054,41,0,16,1,30,,30088,41,0,16,1,70,,30091,41,0,16,1,30,,30100,41,0,16,1,70,,23738,41,0,16,1,30,,30097,41,0,16,1,70,,23845,41,0,16,1,30,,30067,41,0,16,1,70,,30099,41,0,16,1,30,,30056,41,0,16,1,70,,30093,41,0,16,1,30,,30072,41,0,16,1,70,,30103,41,0,16,1,30,,30092,41,0,16,1,70,,30064,41,0,16,1,30,,30094,41,0,16,1,70,,30096,41,0,16,1,30,,30059,41,0,16,1,70,,30079,41,0,16,1,30,,30102,41,0,16,1,70,,30077,41,0,16,1,30,,30081,41,0,16,1,70,,30071,41,0,16,1,30,,23124,41,0,16,1,100,,30080,41,0,16,1,100,,30087,41,0,16,1,100,,30074,41,0,16,1,100,,24200,41,0,16,1,100,,23436,41,0,5,1
40101,'11',1851,,30112,41,0,16,1,100,,30113,41,0,16,1,100,,30106,41,0,16,1,100,,30114,41,0,16,1,100,,30109,41,0,16,1,100,,30111,41,0,5,1
40101,'12',1051,,30124,41,0,16,1,100,,30123,41,0,16,1,100,,30127,41,0,16,1,100,,30118,41,0,16,1,100,,30117,41,0,16,1,100,,30128,41,0,16,1,100,,30131,41,0,16,1,100,,30125,41,0,5,1
40101,'14',651,,30168,41,0,16,1,70,,30132,41,0,16,1,30,,26051,41,0,16,1,70,,30172,41,0,16,1,30,,30181,41,0,16,1,70,,30170,41,0,16,1,30,,30178,41,0,16,1,70,,30141,41,0,16,1,30,,30147,41,0,16,1,70,,30180,41,0,16,1,30,,30134,41,0,16,1,70,,30174,41,0,16,1,30,,30152,41,0,16,1,70,,30184,41,0,16,1,30,,30173,41,0,16,1,70,,30144,41,0,16,1,30,,30175,41,0,16,1,70,,30177,41,0,16,1,30,,30137,41,0,16,1,70,,30160,41,0,16,1,30,,30183,41,0,16,1,70,,30158,41,0,16,1,30,,30162,41,0,16,1,70,,25982,41,0,16,1,30,,30146,41,0,16,1,100,,30161,41,0,16,1,100,,30167,41,0,16,1,100,,30155,41,0,16,1,100,,30150,41,0,16,1,100,,30164,41,0,5,1
40101,'3',1851,,30193,41,0,16,1,100,,30194,41,0,16,1,100,,30187,41,0,16,1,100,,30195,41,0,16,1,100,,30190,41,0,16,1,100,,30192,41,0,5,1
40101,'8',851,,30221,41,0,16,1,100,,30198,41,0,16,1,100,,30225,41,0,16,1,70,,30212,41,0,16,1,30,,30231,41,0,16,1,70,,30205,41,0,16,1,30,,30216,41,0,16,1,70,,30199,41,0,16,1,30,,30218,41,0,16,1,70,,30214,41,0,16,1,30,,30232,41,0,16,1,70,,30224,41,0,16,1,30,,30235,41,0,16,1,70,,30234,41,0,16,1,30,,30203,41,0,16,1,70,,30206,41,0,16,1,30,,30223,41,0,16,1,70,,30236,41,0,16,1,30,,30222,41,0,16,1,100,,30210,41,0,16,1
43700,'1',1957,,32647,16,,,1,100,,32643,16,,,1,100,,32642,16,,,1,100,,32649,16,,,1,100,,32646,16,,,1
43700,'11',1957,,32655,16,,,1,100,,32653,16,,,1,100,,32660,16,,,1,100,,32654,16,,,1,100,,22911,16,,,1
43700,'14',1957,,32666,16,,,1,100,,32662,16,,,1,100,,32661,16,,,1,100,,32668,16,,,1,100,,32665,16,,,1
43700,'3',1957,,32674,16,,,1,100,,32672,16,,,1,100,,32679,16,,,1,100,,32673,16,,,1,100,,22935,16,,,1
