30700,'15',642,,10661,23,0,65 14,1,70,,10662,23,0,65 14,1,30,,10672,23,0,65 14,1,70,,10663,23,0,65 14,1,30,,10668,23,0,65 14,1,70,,10676,23,0,65 14,1,30,,10657,23,0,65 14,1,71,,10671,23,0,65 14,1,30,,10675,23,0,65 14,1,70,,10678,23,0,65 14,1,30,,10664,23,0,65 14,1,70,,10679,23,0,65 14,1,30,,10660,23,0,65 14,1,70,,10667,23,0,65 14,1,30,,10673,23,0,65 14,1,70,,10674,23,0,65 14,1,30,,10677,23,0,65 14,1,70,,10658,23,0,65 14,1,30,,10665,23,0,65 14,1,70,,10669,23,0,65 14,1,30,,10666,23,0,65 14,1,70,,10659,23,0,65 14,1,30,,10670,23,0,65 14,1
30700,'16',642,,2042,23,0,65 14,1,70,,10684,23,0,65 14,1,30,,10693,23,0,65 14,1,70,,10685,23,0,65 14,1,30,,10690,23,0,65 14,1,70,,10697,23,0,65 14,1,30,,10680,23,0,65 14,1,71,,5569,23,0,65 14,1,30,,10696,23,0,65 14,1,70,,10699,23,0,65 14,1,30,,10686,23,0,65 14,1,70,,10700,23,0,65 14,1,30,,10683,23,0,65 14,1,70,,10689,23,0,65 14,1,30,,10694,23,0,65 14,1,70,,10695,23,0,65 14,1,30,,10698,23,0,65 14,1,70,,10681,23,0,65 14,1,30,,10687,23,0,65 14,1,70,,10691,23,0,65 14,1,30,,10688,23,0,65 14,1,70,,10682,23,0,65 14,1,30,,10692,23,0,65 14,1
30700,'17',642,,2068,23,0,65 14,1,70,,10705,23,0,65 14,1,30,,4470,23,0,65 14,1,70,,10706,23,0,65 14,1,30,,10710,23,0,65 14,1,70,,10716,23,0,65 14,1,30,,10701,23,0,65 14,1,71,,5619,23,0,65 14,1,30,,10715,23,0,65 14,1,70,,10718,23,0,65 14,1,30,,10707,23,0,65 14,1,70,,10719,23,0,65 14,1,30,,10704,23,0,65 14,1,70,,10709,23,0,65 14,1,30,,10713,23,0,65 14,1,70,,10714,23,0,65 14,1,30,,10717,23,0,65 14,1,70,,10702,23,0,65 14,1,30,,8660,23,0,65 14,1,70,,10711,23,0,65 14,1,30,,10708,23,0,65 14,1,70,,10703,23,0,65 14,1,30,,10712,23,0,65 14,1
30700,'19',642,,10724,23,0,65 14,1,70,,10725,23,0,65 14,1,30,,10735,23,0,65 14,1,70,,10726,23,0,65 14,1,30,,10731,23,0,65 14,1,70,,10739,23,0,65 14,1,30,,10720,23,0,65 14,1,71,,10734,23,0,65 14,1,30,,10738,23,0,65 14,1,70,,10741,23,0,65 14,1,30,,10727,23,0,65 14,1,70,,10742,23,0,65 14,1,30,,10723,23,0,65 14,1,70,,10730,23,0,65 14,1,30,,10736,23,0,65 14,1,70,,10737,23,0,65 14,1,30,,10740,23,0,65 14,1,70,,10721,23,0,65 14,1,30,,10728,23,0,65 14,1,70,,10732,23,0,65 14,1,30,,10729,23,0,65 14,1,70,,10722,23,0,65 14,1,30,,10733,23,0,65 14,1
30700,'5',642,,2094,23,0,65 14,1,70,,10747,23,0,65 14,1,30,,10756,23,0,65 14,1,70,,10748,23,0,65 14,1,30,,10753,23,0,65 14,1,70,,10760,23,0,65 14,1,30,,10743,23,0,65 14,1,71,,5749,23,0,65 14,1,30,,10759,23,0,65 14,1,70,,10762,23,0,65 14,1,30,,10749,23,0,65 14,1,70,,10763,23,0,65 14,1,30,,10746,23,0,65 14,1,70,,10752,23,0,65 14,1,30,,10757,23,0,65 14,1,70,,10758,23,0,65 14,1,30,,10761,23,0,65 14,1,70,,10744,23,0,65 14,1,30,,10750,23,0,65 14,1,70,,10754,23,0,65 14,1,30,,10751,23,0,65 14,1,70,,10745,23,0,65 14,1,30,,10755,23,0,65 14,1
30700,'6',642,,10768,23,0,65 14,1,70,,10769,23,0,65 14,1,30,,10779,23,0,65 14,1,70,,10770,23,0,65 14,1,30,,10775,23,0,65 14,1,70,,10783,23,0,65 14,1,30,,10764,23,0,65 14,1,71,,10778,23,0,65 14,1,30,,10782,23,0,65 14,1,70,,10785,23,0,65 14,1,30,,10771,23,0,65 14,1,70,,10786,23,0,65 14,1,30,,10767,23,0,65 14,1,70,,10774,23,0,65 14,1,30,,10780,23,0,65 14,1,70,,10781,23,0,65 14,1,30,,10784,23,0,65 14,1,70,,10765,23,0,65 14,1,30,,10772,23,0,65 14,1,70,,10776,23,0,65 14,1,30,,10773,23,0,65 14,1,70,,10766,23,0,65 14,1,30,,10777,23,0,65 14,1
41700,'1',1131,,19365,38,0,67,1,100,,19369,38,0,67,1,100,,19367,38,0,67,1,100,,19371,38,0,67,1,100,,19370,38,0,67,1,100,,19366,38,0,67,1,100,,19368,38,0,67,1
41700,'10',630,,19385,38,0,67,1,70,,19397,38,0,67,1,31,,19398,38,0,67,1,70,,19391,38,0,67,1,30,,19395,38,0,67,1,70,,19375,38,0,67,1,30,,19396,38,0,67,1,70,,19394,38,0,67,1,30,,19374,38,0,67,1,70,,19389,38,0,67,1,30,,19376,38,0,67,1,70,,19381,38,0,67,1,30,,19380,38,0,67,1,70,,19373,38,0,67,1,30,,19388,38,0,67,1,70,,19378,38,0,67,1,30,,19382,38,0,67,1,70,,19377,38,0,67,1,30,,19379,38,0,67,1,70,,19400,38,0,67,1,30,,19401,38,0,67,1,70,,19383,38,0,67,1,30,,19386,38,0,67,1,70,,19372,38,0,67,1,30,,19393,38,0,67,1,100,,19384,38,0,67,1,100,,19387,38,0,67,1,100,,19399,38,0,67,1,100,,19390,38,0,67,1,100,,19392,38,0,67,1
41700,'12',931,,19404,38,0,67,1,100,,19413,38,0,67,1,70,,19416,38,0,67,1,30,,19405,38,0,67,1,70,,19407,38,0,67,1,30,,19403,38,0,67,1,70,,19412,38,0,67,1,30,,19406,38,0,67,1,70,,19402,38,0,67,1,30,,19410,38,0,67,1,70,,19418,38,0,67,1,30,,19417,38,0,67,1,70,,19414,38,0,67,1,30,,19419,38,0,67,1,70,,19409,38,0,67,1,30,,19411,38,0,67,1,70,,8620,38,0,67,1,30,,19408,38,0,67,1,100,,19415,38,0,67,1
41700,'15',1831,,19423,38,0,67,1,100,,19424,38,0,67,1,100,,19422,38,0,67,1,100,,19425,38,0,67,1,100,,19421,38,0,67,1,100,,19420,38,0,67,1
41700,'16',1831,,19428,38,0,67,1,100,,19429,38,0,67,1,100,,19427,38,0,67,1,100,,19430,38,0,67,1,100,,19426,38,0,67,1,100,,8450,38,0,67,1
41700,'17',1831,,19433,38,0,67,1,100,,19434,38,0,67,1,100,,19432,38,0,67,1,100,,19435,38,0,67,1,100,,19431,38,0,67,1,100,,8455,38,0,67,1
41700,'19',1831,,19439,38,0,67,1,100,,19440,38,0,67,1,100,,19438,38,0,67,1,100,,19441,38,0,67,1,100,,19437,38,0,67,1,100,,19436,38,0,67,1
41700,'21',630,,19452,38,0,67,1,70,,19463,38,0,67,1,31,,19464,38,0,67,1,70,,19457,38,0,67,1,30,,19461,38,0,67,1,70,,19444,38,0,67,1,30,,19462,38,0,67,1,70,,19460,38,0,67,1,30,,19443,38,0,67,1,70,,19455,38,0,67,1,30,,19445,38,0,67,1,70,,19449,38,0,67,1,30,,19448,38,0,67,1,70,,19442,38,0,67,1,30,,19454,38,0,67,1,70,,19446,38,0,67,1,30,,19450,38,0,67,1,70,,5873,38,0,67,1,30,,19447,38,0,67,1,70,,19466,38,0,67,1,30,,19467,38,0,67,1,70,,7268,38,0,67,1,30,,6407,38,0,67,1,70,,6801,38,0,67,1,30,,19459,38,0,67,1,100,,19451,38,0,67,1,100,,19453,38,0,67,1,100,,19465,38,0,67,1,100,,19456,38,0,67,1,100,,19458,38,0,67,1
41700,'5',1831,,19470,38,0,67,1,100,,19471,38,0,67,1,100,,19469,38,0,67,1,100,,19472,38,0,67,1,100,,19468,38,0,67,1,100,,8460,38,0,67,1
41700,'6',1831,,19476,38,0,67,1,100,,19477,38,0,67,1,100,,19475,38,0,67,1,100,,19478,38,0,67,1,100,,19474,38,0,67,1,100,,19473,38,0,67,1
