30800,'15',613,,10931,33,0,59,1,30,,10929,33,0,59,1,71,,10933,33,0,59,1,30,,10936,33,0,59,1,70,,10945,33,0,59,1,30,,10928,33,0,59,1,70,,10938,33,0,59,1,30,,10940,33,0,59,1,70,,10939,33,0,59,1,30,,10944,33,0,59,1,70,,10947,33,0,59,1,30,,10926,33,0,59,1,70,,10934,33,0,59,1,30,,10948,33,0,59,1,70,,10942,33,0,59,1,30,,10930,33,0,59,1,68,,10932,33,0,59,1,35,,10943,33,0,59,1,70,,10927,33,0,59,1,30,,10935,33,0,59,1,70,,10946,33,0,59,1,30,,10941,33,0,59,1,70,,10937,33,0,59,1,30,,10925,33,0,59,1
30800,'16',613,,10955,33,0,59,1,30,,10953,33,0,59,1,71,,10956,33,0,59,1,30,,10960,33,0,59,1,70,,10966,33,0,59,1,30,,10952,33,0,59,1,70,,10962,33,0,59,1,30,,10963,33,0,59,1,70,,1392,33,0,59,1,30,,10965,33,0,59,1,70,,10967,33,0,59,1,30,,10950,33,0,59,1,70,,10958,33,0,59,1,30,,10968,33,0,59,1,70,,8453,33,0,59,1,30,,10954,33,0,59,1,68,,1573,33,0,59,1,35,,3657,33,0,59,1,70,,10957,33,0,59,1,30,,10959,33,0,59,1,70,,10961,33,0,59,1,30,,10964,33,0,59,1,70,,10951,33,0,59,1,30,,10949,33,0,59,1
30800,'17',613,,10974,33,0,59,1,30,,10972,33,0,59,1,71,,10975,33,0,59,1,30,,10979,33,0,59,1,70,,10985,33,0,59,1,30,,10971,33,0,59,1,70,,10981,33,0,59,1,30,,10982,33,0,59,1,70,,1415,33,0,59,1,30,,10984,33,0,59,1,70,,10986,33,0,59,1,30,,10970,33,0,59,1,70,,10977,33,0,59,1,30,,10987,33,0,59,1,70,,8458,33,0,59,1,30,,10973,33,0,59,1,68,,1597,33,0,59,1,35,,3684,33,0,59,1,70,,10976,33,0,59,1,30,,10978,33,0,59,1,70,,10980,33,0,59,1,30,,10983,33,0,59,1,70,,8632,33,0,59,1,30,,10969,33,0,59,1
30800,'19',613,,10993,33,0,59,1,30,,10991,33,0,59,1,71,,10995,33,0,59,1,30,,10999,33,0,59,1,70,,11008,33,0,59,1,30,,10990,33,0,59,1,70,,11000,33,0,59,1,30,,11002,33,0,59,1,70,,11001,33,0,59,1,30,,11007,33,0,59,1,70,,11009,33,0,59,1,30,,10989,33,0,59,1,70,,10997,33,0,59,1,30,,11010,33,0,59,1,70,,11004,33,0,59,1,30,,10992,33,0,59,1,68,,10994,33,0,59,1,35,,11005,33,0,59,1,70,,10998,33,0,59,1,30,,8482,33,0,59,1,70,,10996,33,0,59,1,30,,11003,33,0,59,1,70,,11006,33,0,59,1,30,,10988,33,0,59,1
30800,'5',613,,11016,33,0,59,1,30,,11014,33,0,59,1,71,,11017,33,0,59,1,30,,11020,33,0,59,1,70,,11026,33,0,59,1,30,,11013,33,0,59,1,70,,11021,33,0,59,1,30,,11022,33,0,59,1,70,,1438,33,0,59,1,30,,11025,33,0,59,1,70,,11027,33,0,59,1,30,,11012,33,0,59,1,70,,11018,33,0,59,1,30,,11028,33,0,59,1,70,,8467,33,0,59,1,30,,11015,33,0,59,1,68,,1621,33,0,59,1,35,,3710,33,0,59,1,70,,3995,33,0,59,1,30,,11019,33,0,59,1,70,,4995,33,0,59,1,30,,11023,33,0,59,1,70,,11024,33,0,59,1,30,,11011,33,0,59,1
30800,'6',613,,11035,33,0,59,1,30,,11033,33,0,59,1,71,,11037,33,0,59,1,30,,11040,33,0,59,1,70,,11049,33,0,59,1,30,,11032,33,0,59,1,70,,11042,33,0,59,1,30,,11044,33,0,59,1,70,,11043,33,0,59,1,30,,11048,33,0,59,1,70,,11051,33,0,59,1,30,,11030,33,0,59,1,70,,11038,33,0,59,1,30,,11052,33,0,59,1,70,,11046,33,0,59,1,30,,11034,33,0,59,1,68,,11036,33,0,59,1,35,,11047,33,0,59,1,70,,11031,33,0,59,1,30,,11039,33,0,59,1,70,,11050,33,0,59,1,30,,11045,33,0,59,1,70,,11041,33,0,59,1,30,,11029,33,0,59,1
40800,'1',1059,,17900,33,0,60 61,1,100,,17894,33,0,60 61,1,100,,17898,33,0,60 61,1,100,,17895,33,0,60 61,1,100,,17897,33,0,60 61,1,100,,17896,33,0,60 61,1,100,,17899,33,0,60 61,1,100,,1842,33,0,60 61,1
40800,'10',629,,17919,33,0,60 61,1,30,,17902,33,0,60 61,1,70,,17929,33,0,60 61,1,30,,17913,33,0,60 61,1,70,,17911,33,0,60 61,1,30,,17905,33,0,60 61,1,70,,17927,33,0,60 61,1,30,,17903,33,0,60 61,1,70,,17914,33,0,60 61,1,30,,17910,33,0,60 61,1,70,,17923,33,0,60 61,1,30,,17912,33,0,60 61,1,70,,17920,33,0,60 61,1,30,,17930,33,0,60 61,1,70,,17908,33,0,60 61,1,30,,17921,33,0,60 61,1,70,,17925,33,0,60 61,1,30,,17907,33,0,60 61,1,70,,17906,33,0,60 61,1,30,,17918,33,0,60 61,1,70,,17909,33,0,60 61,1,30,,17922,33,0,60 61,1,70,,17915,33,0,60 61,1,30,,17901,33,0,60 61,1,100,,17904,33,0,60 61,1,100,,17917,33,0,60 61,1,100,,17926,33,0,60 61,1,100,,17916,33,0,60 61,1,100,,17924,33,0,60 61,1,100,,17928,33,0,60 61,1
40800,'12',859,,17947,33,0,60 61,1,100,,17932,33,0,60 61,1,70,,17934,33,0,60 61,1,30,,17933,33,0,60 61,1,70,,17942,33,0,60 61,1,30,,7014,33,0,60 61,1,70,,17937,33,0,60 61,1,30,,17941,33,0,60 61,1,70,,17943,33,0,60 61,1,30,,17936,33,0,60 61,1,70,,17938,33,0,60 61,1,30,,17939,33,0,60 61,1,70,,17945,33,0,60 61,1,30,,8043,33,0,60 61,1,70,,17940,33,0,60 61,1,30,,17935,33,0,60 61,1,70,,17946,33,0,60 61,1,30,,17944,33,0,60 61,1,100,,17931,33,0,60 61,1,100,,17948,33,0,60 61,1
40800,'15',1759,,17952,33,0,60 61,1,100,,17950,33,0,60 61,1,100,,17949,33,0,60 61,1,100,,17951,33,0,60 61,1,100,,17955,33,0,60 61,1,100,,17953,33,0,60 61,1,100,,17954,33,0,60 61,1
40800,'16',1759,,5254,33,0,60 61,1,100,,17957,33,0,60 61,1,100,,17956,33,0,60 61,1,100,,17958,33,0,60 61,1,100,,17961,33,0,60 61,1,100,,17959,33,0,60 61,1,100,,17960,33,0,60 61,1
40800,'17',1759,,5304,33,0,60 61,1,100,,17963,33,0,60 61,1,100,,17962,33,0,60 61,1,100,,17964,33,0,60 61,1,100,,17967,33,0,60 61,1,100,,17965,33,0,60 61,1,100,,17966,33,0,60 61,1
40800,'19',1759,,17971,33,0,60 61,1,100,,17969,33,0,60 61,1,100,,17968,33,0,60 61,1,100,,17970,33,0,60 61,1,100,,17974,33,0,60 61,1,100,,17972,33,0,60 61,1,100,,17973,33,0,60 61,1
40800,'21',629,,17989,33,0,60 61,1,30,,17976,33,0,60 61,1,70,,6827,33,0,60 61,1,30,,17985,33,0,60 61,1,70,,17983,33,0,60 61,1,30,,7340,33,0,60 61,1,70,,17997,33,0,60 61,1,30,,17977,33,0,60 61,1,70,,17986,33,0,60 61,1,30,,17982,33,0,60 61,1,70,,17993,33,0,60 61,1,30,,17984,33,0,60 61,1,70,,17990,33,0,60 61,1,30,,17999,33,0,60 61,1,70,,17980,33,0,60 61,1,30,,17991,33,0,60 61,1,70,,17995,33,0,60 61,1,30,,8497,33,0,60 61,1,70,,17979,33,0,60 61,1,30,,8003,33,0,60 61,1,70,,17981,33,0,60 61,1,30,,17992,33,0,60 61,1,70,,17987,33,0,60 61,1,30,,17975,33,0,60 61,1,100,,17978,33,0,60 61,1,100,,8589,33,0,60 61,1,100,,17996,33,0,60 61,1,100,,17988,33,0,60 61,1,100,,17994,33,0,60 61,1,100,,17998,33,0,60 61,1
40800,'5',1759,,5434,33,0,60 61,1,100,,18001,33,0,60 61,1,100,,18000,33,0,60 61,1,100,,18002,33,0,60 61,1,100,,18005,33,0,60 61,1,100,,18003,33,0,60 61,1,100,,18004,33,0,60 61,1
40800,'6',1759,,18009,33,0,60 61,1,100,,18007,33,0,60 61,1,100,,18006,33,0,60 61,1,100,,18008,33,0,60 61,1,100,,18012,33,0,60 61,1,100,,18010,33,0,60 61,1,100,,18011,33,0,60 61,1
