32000,'15',637,,13860,13,0,47 18,1,71,,13877,13,0,47 18,1,30,,13873,13,0,47 18,1,70,,13862,13,0,47 18,1,30,,13875,13,0,47 18,1,70,,13868,13,0,47 18,1,30,,13878,13,0,47 18,1,70,,13865,13,0,47 18,1,30,,13863,13,0,47 18,1,70,,13876,13,0,47 18,1,30,,13879,13,0,47 18,1,70,,13867,13,0,47 18,1,30,,13859,13,0,47 18,1,70,,13874,13,0,47 18,1,30,,13872,13,0,47 18,1,71,,13866,13,0,47 18,1,30,,13858,13,0,47 18,1,70,,13871,13,0,47 18,1,30,,13870,13,0,47 18,1,70,,13856,13,0,47 18,1,30,,13857,13,0,47 18,1,70,,13861,13,0,47 18,1,30,,13869,13,0,47 18,1,70,,13864,13,0,47 18,1
32000,'16',637,,13883,13,0,47 18,1,71,,13895,13,0,47 18,1,30,,13892,13,0,47 18,1,70,,13885,13,0,47 18,1,30,,8694,13,0,47 18,1,70,,2156,13,0,47 18,1,30,,13896,13,0,47 18,1,70,,8203,13,0,47 18,1,30,,3348,13,0,47 18,1,70,,13894,13,0,47 18,1,30,,13897,13,0,47 18,1,70,,13888,13,0,47 18,1,30,,13882,13,0,47 18,1,70,,13893,13,0,47 18,1,30,,13891,13,0,47 18,1,71,,13887,13,0,47 18,1,30,,2598,13,0,47 18,1,70,,13890,13,0,47 18,1,30,,5566,13,0,47 18,1,70,,13880,13,0,47 18,1,30,,13881,13,0,47 18,1,70,,13884,13,0,47 18,1,30,,13889,13,0,47 18,1,70,,13886,13,0,47 18,1
32000,'17',637,,13901,13,0,47 18,1,71,,13913,13,0,47 18,1,30,,13910,13,0,47 18,1,70,,13903,13,0,47 18,1,30,,8704,13,0,47 18,1,70,,2180,13,0,47 18,1,30,,13914,13,0,47 18,1,70,,8208,13,0,47 18,1,30,,3372,13,0,47 18,1,70,,13912,13,0,47 18,1,30,,13915,13,0,47 18,1,70,,13906,13,0,47 18,1,30,,13900,13,0,47 18,1,70,,13911,13,0,47 18,1,30,,13909,13,0,47 18,1,71,,13905,13,0,47 18,1,30,,2616,13,0,47 18,1,70,,13908,13,0,47 18,1,30,,5616,13,0,47 18,1,70,,13898,13,0,47 18,1,30,,13899,13,0,47 18,1,70,,13902,13,0,47 18,1,30,,13907,13,0,47 18,1,70,,13904,13,0,47 18,1
32000,'19',637,,13919,13,0,47 18,1,71,,13934,13,0,47 18,1,30,,13930,13,0,47 18,1,70,,13921,13,0,47 18,1,30,,13932,13,0,47 18,1,70,,13926,13,0,47 18,1,30,,13935,13,0,47 18,1,70,,13924,13,0,47 18,1,30,,13922,13,0,47 18,1,70,,13933,13,0,47 18,1,30,,13936,13,0,47 18,1,70,,6007,13,0,47 18,1,30,,13918,13,0,47 18,1,70,,13931,13,0,47 18,1,30,,13929,13,0,47 18,1,71,,13925,13,0,47 18,1,30,,13917,13,0,47 18,1,70,,5851,13,0,47 18,1,30,,13928,13,0,47 18,1,70,,13916,13,0,47 18,1,30,,5330,13,0,47 18,1,70,,13920,13,0,47 18,1,30,,13927,13,0,47 18,1,70,,13923,13,0,47 18,1
32000,'5',637,,13940,13,0,47 18,1,71,,13951,13,0,47 18,1,30,,4492,13,0,47 18,1,70,,13942,13,0,47 18,1,30,,8724,13,0,47 18,1,70,,2204,13,0,47 18,1,30,,13952,13,0,47 18,1,70,,8237,13,0,47 18,1,30,,3396,13,0,47 18,1,70,,13950,13,0,47 18,1,30,,13953,13,0,47 18,1,70,,13945,13,0,47 18,1,30,,13939,13,0,47 18,1,70,,13949,13,0,47 18,1,30,,13948,13,0,47 18,1,71,,13944,13,0,47 18,1,30,,2634,13,0,47 18,1,70,,13947,13,0,47 18,1,30,,5746,13,0,47 18,1,70,,13937,13,0,47 18,1,30,,13938,13,0,47 18,1,70,,13941,13,0,47 18,1,30,,13946,13,0,47 18,1,70,,13943,13,0,47 18,1
32000,'6',637,,13958,13,0,47 18,1,71,,13975,13,0,47 18,1,30,,13971,13,0,47 18,1,70,,13960,13,0,47 18,1,30,,13973,13,0,47 18,1,70,,13966,13,0,47 18,1,30,,13976,13,0,47 18,1,70,,13963,13,0,47 18,1,30,,13961,13,0,47 18,1,70,,13974,13,0,47 18,1,30,,13977,13,0,47 18,1,70,,13965,13,0,47 18,1,30,,13957,13,0,47 18,1,70,,13972,13,0,47 18,1,30,,13970,13,0,47 18,1,71,,13964,13,0,47 18,1,30,,13956,13,0,47 18,1,70,,13969,13,0,47 18,1,30,,13968,13,0,47 18,1,70,,13954,13,0,47 18,1,30,,13955,13,0,47 18,1,70,,13959,13,0,47 18,1,30,,13967,13,0,47 18,1,70,,13962,13,0,47 18,1
42000,'1',1108,,19827,13,0,47 18,1,30,,19822,13,0,47 18,1,70,,19823,13,0,47 18,1,30,,19819,13,0,47 18,1,70,,19820,13,0,47 18,1,30,,19826,13,0,47 18,1,71,,19828,13,0,47 18,1,30,,19829,13,0,47 18,1,70,,3120,13,0,47 18,1,30,,19830,13,0,47 18,1,70,,19824,13,0,47 18,1,30,,19821,13,0,47 18,1,70,,19818,13,0,47 18,1,30,,19825,13,0,47 18,1
42000,'10',636,,19850,13,0,47 18,1,72,,19856,13,0,47 18,1,30,,19857,13,0,47 18,1,70,,19844,13,0,47 18,1,30,,19836,13,0,47 18,1,70,,19833,13,0,47 18,1,30,,19848,13,0,47 18,1,70,,19851,13,0,47 18,1,30,,19832,13,0,47 18,1,70,,19831,13,0,47 18,1,30,,19860,13,0,47 18,1,70,,19849,13,0,47 18,1,30,,19842,13,0,47 18,1,70,,19834,13,0,47 18,1,30,,19859,13,0,47 18,1,71,,19855,13,0,47 18,1,30,,19847,13,0,47 18,1,70,,19840,13,0,47 18,1,30,,19843,13,0,47 18,1,70,,19837,13,0,47 18,1,30,,19841,13,0,47 18,1,70,,19852,13,0,47 18,1,30,,19835,13,0,47 18,1,70,,19838,13,0,47 18,1,30,,19858,13,0,47 18,1,99,,19845,13,0,47 18,1,100,,19854,13,0,47 18,1,100,,19839,13,0,47 18,1,100,,19853,13,0,47 18,1,100,,19846,13,0,47 18,1
42000,'12',908,,19861,13,0,47 18,1,30,,19866,13,0,47 18,1,70,,19870,13,0,47 18,1,30,,19873,13,0,47 18,1,70,,19865,13,0,47 18,1,30,,19869,13,0,47 18,1,70,,19864,13,0,47 18,1,30,,19874,13,0,47 18,1,70,,19881,13,0,47 18,1,30,,5782,13,0,47 18,1,71,,19863,13,0,47 18,1,30,,19862,13,0,47 18,1,70,,19867,13,0,47 18,1,30,,19868,13,0,47 18,1,70,,19880,13,0,47 18,1,30,,19877,13,0,47 18,1,70,,19872,13,0,47 18,1,30,,19876,13,0,47 18,1,70,,19871,13,0,47 18,1,30,,19879,13,0,47 18,1,69,,19878,13,0,47 18,1,30,,19875,13,0,47 18,1,70,,8133,13,0,47 18,1
42000,'15',1839,,19887,13,0,47 18,1,99,,19884,13,0,47 18,1,100,,19882,13,0,47 18,1,100,,19885,13,0,47 18,1,100,,19883,13,0,47 18,1,100,,19886,13,0,47 18,1
42000,'16',1839,,19893,13,0,47 18,1,99,,19890,13,0,47 18,1,100,,19888,13,0,47 18,1,100,,19891,13,0,47 18,1,100,,19889,13,0,47 18,1,100,,19892,13,0,47 18,1
42000,'17',1839,,19899,13,0,47 18,1,99,,19896,13,0,47 18,1,100,,19894,13,0,47 18,1,100,,19897,13,0,47 18,1,100,,19895,13,0,47 18,1,100,,19898,13,0,47 18,1
42000,'19',1839,,19904,13,0,47 18,1,99,,19901,13,0,47 18,1,100,,5637,13,0,47 18,1,100,,19902,13,0,47 18,1,100,,19900,13,0,47 18,1,100,,19903,13,0,47 18,1
42000,'21',636,,19920,13,0,47 18,1,72,,19925,13,0,47 18,1,30,,19926,13,0,47 18,1,70,,8506,13,0,47 18,1,30,,19908,13,0,47 18,1,70,,7993,13,0,47 18,1,30,,19918,13,0,47 18,1,70,,19921,13,0,47 18,1,30,,19906,13,0,47 18,1,70,,19905,13,0,47 18,1,30,,19929,13,0,47 18,1,70,,19919,13,0,47 18,1,30,,19914,13,0,47 18,1,70,,19907,13,0,47 18,1,30,,19928,13,0,47 18,1,71,,19924,13,0,47 18,1,30,,7915,13,0,47 18,1,70,,19912,13,0,47 18,1,30,,19915,13,0,47 18,1,70,,19909,13,0,47 18,1,30,,19913,13,0,47 18,1,70,,6336,13,0,47 18,1,30,,7832,13,0,47 18,1,70,,19910,13,0,47 18,1,30,,19927,13,0,47 18,1,99,,19916,13,0,47 18,1,100,,19923,13,0,47 18,1,100,,19911,13,0,47 18,1,100,,19922,13,0,47 18,1,100,,19917,13,0,47 18,1
42000,'5',1839,,19935,13,0,47 18,1,99,,19932,13,0,47 18,1,100,,19930,13,0,47 18,1,100,,19933,13,0,47 18,1,100,,19931,13,0,47 18,1,100,,19934,13,0,47 18,1
42000,'6',1839,,19941,13,0,47 18,1,99,,19938,13,0,47 18,1,100,,19936,13,0,47 18,1,100,,19939,13,0,47 18,1,100,,19937,13,0,47 18,1,100,,19940,13,0,47 18,1
