30400,'1',705,,788,13,0,39 40 41,1,30,,781,13,0,39 40 41,1,70,,771,13,0,39 40 41,1,30,,783,13,0,39 40 41,1,70,,774,13,0,39 40 41,1,30,,780,13,0,39 40 41,1,72,,770,13,0,39 40 41,1,30,,790,13,0,39 40 41,1,70,,791,13,0,39 40 41,1,30,,779,13,0,39 40 41,1,70,,786,13,0,39 40 41,1,30,,787,13,0,39 40 41,1,70,,778,13,0,39 40 41,1,30,,782,13,0,39 40 41,1,70,,785,13,0,39 40 41,1,30,,777,13,0,39 40 41,1,70,,769,13,0,39 40 41,1,30,,784,13,0,39 40 41,1,70,,789,13,0,39 40 41,1,30,,773,13,0,39 40 41,1,70,,772,13,0,39 40 41,1,30,,776,13,0,39 40 41,1,70,,775,13,0,39 40 41,1
30400,'10',705,,811,13,0,39 40 41,1,30,,804,13,0,39 40 41,1,70,,794,13,0,39 40 41,1,30,,806,13,0,39 40 41,1,70,,797,13,0,39 40 41,1,30,,803,13,0,39 40 41,1,72,,793,13,0,39 40 41,1,30,,813,13,0,39 40 41,1,70,,814,13,0,39 40 41,1,30,,802,13,0,39 40 41,1,70,,809,13,0,39 40 41,1,30,,810,13,0,39 40 41,1,70,,801,13,0,39 40 41,1,30,,805,13,0,39 40 41,1,70,,808,13,0,39 40 41,1,30,,800,13,0,39 40 41,1,70,,792,13,0,39 40 41,1,30,,807,13,0,39 40 41,1,70,,812,13,0,39 40 41,1,30,,796,13,0,39 40 41,1,70,,795,13,0,39 40 41,1,30,,799,13,0,39 40 41,1,70,,798,13,0,39 40 41,1
30400,'11',705,,834,13,0,39 40 41,1,30,,827,13,0,39 40 41,1,70,,817,13,0,39 40 41,1,30,,829,13,0,39 40 41,1,70,,820,13,0,39 40 41,1,30,,826,13,0,39 40 41,1,72,,816,13,0,39 40 41,1,30,,836,13,0,39 40 41,1,70,,837,13,0,39 40 41,1,30,,825,13,0,39 40 41,1,70,,832,13,0,39 40 41,1,30,,833,13,0,39 40 41,1,70,,824,13,0,39 40 41,1,30,,828,13,0,39 40 41,1,70,,831,13,0,39 40 41,1,30,,823,13,0,39 40 41,1,70,,815,13,0,39 40 41,1,30,,830,13,0,39 40 41,1,70,,835,13,0,39 40 41,1,30,,819,13,0,39 40 41,1,70,,818,13,0,39 40 41,1,30,,822,13,0,39 40 41,1,70,,821,13,0,39 40 41,1
30400,'3',705,,857,13,0,39 40 41,1,30,,850,13,0,39 40 41,1,70,,840,13,0,39 40 41,1,30,,852,13,0,39 40 41,1,70,,843,13,0,39 40 41,1,30,,849,13,0,39 40 41,1,72,,839,13,0,39 40 41,1,30,,859,13,0,39 40 41,1,70,,860,13,0,39 40 41,1,30,,848,13,0,39 40 41,1,70,,855,13,0,39 40 41,1,30,,856,13,0,39 40 41,1,70,,847,13,0,39 40 41,1,30,,851,13,0,39 40 41,1,70,,854,13,0,39 40 41,1,30,,846,13,0,39 40 41,1,70,,838,13,0,39 40 41,1,30,,853,13,0,39 40 41,1,70,,858,13,0,39 40 41,1,30,,842,13,0,39 40 41,1,70,,841,13,0,39 40 41,1,30,,845,13,0,39 40 41,1,70,,844,13,0,39 40 41,1
40400,'1',1820,,6290,13,0,39 40 42 18,1,100,,6289,13,0,39 40 42 18,1,100,,6291,13,0,39 40 42 18,1,100,,6292,13,0,39 40 42 18,1,100,,6293,13,0,39 40 42 18,1,100,,6294,13,0,39 40 42 18,1
40400,'10',1820,,6296,13,0,39 40 42 18,1,100,,6295,13,0,39 40 42 18,1,100,,6297,13,0,39 40 42 18,1,100,,6298,13,0,39 40 42 18,1,100,,6299,13,0,39 40 42 18,1,100,,6300,13,0,39 40 42 18,1
40400,'11',1820,,6302,13,0,39 40 42 18,1,100,,6301,13,0,39 40 42 18,1,100,,6303,13,0,39 40 42 18,1,100,,6304,13,0,39 40 42 18,1,100,,6305,13,0,39 40 42 18,1,100,,6306,13,0,39 40 42 18,1
40400,'12',1121,,6310,13,0,39 40 42 18,1,100,,6313,13,0,39 40 42 18,1,100,,6309,13,0,39 40 42 18,1,99,,6308,13,0,39 40 42 18,1,100,,6311,13,0,39 40 42 18,1,100,,6312,13,0,39 40 42 18,1,100,,6307,13,0,39 40 42 18,1
40400,'14',620,,6322,13,0,39 40 42 18,1,30,,6340,13,0,39 40 42 18,1,70,,6325,13,0,39 40 42 18,1,30,,6321,13,0,39 40 42 18,1,70,,6333,13,0,39 40 42 18,1,30,,6342,13,0,39 40 42 18,1,70,,6324,13,0,39 40 42 18,1,30,,6326,13,0,39 40 42 18,1,71,,6338,13,0,39 40 42 18,1,30,,6335,13,0,39 40 42 18,1,70,,6330,13,0,39 40 42 18,1,30,,6320,13,0,39 40 42 18,1,70,,6314,13,0,39 40 42 18,1,30,,6329,13,0,39 40 42 18,1,70,,6317,13,0,39 40 42 18,1,30,,6319,13,0,39 40 42 18,1,69,,6339,13,0,39 40 42 18,1,30,,6316,13,0,39 40 42 18,1,70,,6332,13,0,39 40 42 18,1,30,,6336,13,0,39 40 42 18,1,70,,6323,13,0,39 40 42 18,1,30,,6343,13,0,39 40 42 18,1,70,,6327,13,0,39 40 42 18,1,30,,6331,13,0,39 40 42 18,1,70,,6337,13,0,39 40 42 18,1,100,,6341,13,0,39 40 42 18,1,100,,6328,13,0,39 40 42 18,1,100,,6334,13,0,39 40 42 18,1,100,,6315,13,0,39 40 42 18,1,100,,6318,13,0,39 40 42 18,1
40400,'3',1820,,6345,13,0,39 40 42 18,1,100,,6344,13,0,39 40 42 18,1,100,,6346,13,0,39 40 42 18,1,100,,6347,13,0,39 40 42 18,1,100,,6348,13,0,39 40 42 18,1,100,,6349,13,0,39 40 42 18,1
40400,'7',920,,6360,13,0,39 40 42 18,1,101,,6361,13,0,39 40 42 18,1,30,,6356,13,0,39 40 42 18,1,70,,6365,13,0,39 40 42 18,1,30,,6353,13,0,39 40 42 18,1,70,,6351,13,0,39 40 42 18,1,30,,6363,13,0,39 40 42 18,1,70,,6367,13,0,39 40 42 18,1,30,,6358,13,0,39 40 42 18,1,69,,6362,13,0,39 40 42 18,1,30,,6355,13,0,39 40 42 18,1,70,,6354,13,0,39 40 42 18,1,30,,6352,13,0,39 40 42 18,1,70,,6366,13,0,39 40 42 18,1,30,,6357,13,0,39 40 42 18,1,70,,6350,13,0,39 40 42 18,1,30,,6359,13,0,39 40 42 18,1,70,,6364,13,0,39 40 42 18,1,100,,6368,13,0,39 40 42 18,1
