31001,'1',636,,22766,13,0,36,1,70,,22769,13,0,36,1,30,,22764,13,0,36,1,70,,22775,13,0,36,1,30,,22771,13,0,36,1,70,,17003,13,0,36,1,30,,22755,13,0,36,1,70,,22777,13,0,36,1,30,,22765,13,0,36,1,70,,22773,13,0,36,1,30,,22772,13,0,36,1,70,,22768,13,0,36,1,30,,22774,13,0,36,1,70,,22757,13,0,36,1,30,,22770,13,0,36,1,70,,22754,13,0,36,1,30,,22753,13,0,36,1,70,,22759,13,0,36,1,26,,22760,10,0,37 38,1,4,,22776,13,0,36,1,70,,22763,13,0,36,1,30,,22767,13,0,36,1,70,,22762,13,0,36,1,30,,22761,13,0,36,1,70,,22758,13,0,36,1,30,,22756,13,0,36,1
31001,'10',636,,3372,13,0,36,1,70,,22791,13,0,36,1,30,,22787,13,0,36,1,70,,22796,13,0,36,1,30,,22794,13,0,36,1,70,,22792,13,0,36,1,30,,22780,13,0,36,1,70,,22798,13,0,36,1,30,,22788,13,0,36,1,70,,22795,13,0,36,1,30,,3773,13,0,36,1,70,,22790,13,0,36,1,30,,13908,13,0,36,1,70,,22782,13,0,36,1,30,,22793,13,0,36,1,70,,22779,13,0,36,1,30,,22778,13,0,36,1,70,,22784,13,0,36,1,26,,22785,10,0,37 38,1,4,,22797,13,0,36,1,70,,16549,13,0,36,1,30,,22789,13,0,36,1,70,,20940,13,0,36,1,30,,22786,13,0,36,1,70,,22783,13,0,36,1,30,,22781,13,0,36,1
31001,'3',636,,3396,13,0,36,1,70,,22813,13,0,36,1,30,,22809,13,0,36,1,70,,22818,13,0,36,1,30,,22816,13,0,36,1,70,,22814,13,0,36,1,30,,22801,13,0,36,1,70,,22819,13,0,36,1,30,,22810,13,0,36,1,70,,22817,13,0,36,1,30,,3797,13,0,36,1,70,,22812,13,0,36,1,30,,13947,13,0,36,1,70,,22803,13,0,36,1,30,,22815,13,0,36,1,70,,22800,13,0,36,1,30,,22799,13,0,36,1,70,,22805,13,0,36,1,26,,22806,10,0,37 38,1,4,,15683,13,0,36,1,70,,16679,13,0,36,1,30,,22811,13,0,36,1,70,,22808,13,0,36,1,30,,22807,13,0,36,1,70,,22804,13,0,36,1,30,,22802,13,0,36,1
31601,'1',720,,23416,19,,,1,15,,23447,19,,,1,15,,23433,19,,,1,55,,23413,19,,,1,15,,23430,19,,,1,15,,23446,19,,,1,15,,16358,19,,,1,55,,23435,19,,,1,15,,19024,19,,,1,15,,23414,19,,,1,15,,23436,19,,,1,55,,23437,19,,,1,15,,23434,19,,,1,15,,23418,19,,,1,15,,23438,19,,,1,55,,23449,19,,,1,15,,23424,19,,,1,15,,23419,19,,,1,15,,23443,19,,,1,55,,21341,19,,,1,15,,23423,19,,,1,15,,23429,19,,,1,15,,23417,19,,,1,55,,23432,19,,,1,15,,23425,19,,,1,15,,23439,19,,,1,15,,23448,19,,,1,55,,23415,19,,,1,15,,23412,19,,,1,15,,23442,19,,,1,15,,23426,19,,,1,55,,23409,19,,,1,15,,23445,19,,,1,15,,23441,19,,,1,15,,23431,19,,,1,55,,23408,19,,,1,15,,23427,19,,,1,15,,23444,19,,,1,15,,23450,19,,,1,55,,23422,19,,,1,15,,23428,19,,,1,15,,23421,19,,,1,15,,15944,19,,,1,55,,23420,19,,,1,15,,23440,19,,,1,15,,23411,19,,,1,15,,23410,19,,,1
31601,'10',720,,4316,19,,,1,15,,23483,19,,,1,15,,23471,19,,,1,55,,23453,19,,,1,15,,23468,19,,,1,15,,23481,19,,,1,15,,23465,19,,,1,55,,17965,19,,,1,15,,23467,19,,,1,15,,2945,19,,,1,15,,17735,19,,,1,55,,23472,19,,,1,15,,17132,19,,,1,15,,23456,19,,,1,15,,641,19,,,1,55,,17849,19,,,1,15,,23462,19,,,1,15,,23457,19,,,1,15,,23478,19,,,1,55,,23475,19,,,1,15,,23461,19,,,1,15,,12028,19,,,1,15,,23455,19,,,1,55,,23470,19,,,1,15,,23463,19,,,1,15,,23473,19,,,1,15,,23484,19,,,1,55,,23454,19,,,1,15,,23452,19,,,1,15,,23477,19,,,1,15,,23464,19,,,1,55,,14489,19,,,1,15,,23480,19,,,1,15,,23476,19,,,1,15,,23469,19,,,1,55,,23451,19,,,1,15,,23466,19,,,1,15,,23479,19,,,1,15,,23485,19,,,1,55,,23460,19,,,1,15,,1018,19,,,1,15,,23459,19,,,1,15,,23482,19,,,1,55,,23458,19,,,1,15,,23474,19,,,1,15,,12270,19,,,1,15,,99,19,,,1
31601,'3',720,,23491,19,,,1,15,,23520,19,,,1,15,,23507,19,,,1,55,,23489,19,,,1,15,,23504,19,,,1,15,,23518,19,,,1,15,,23501,19,,,1,55,,18003,19,,,1,15,,23503,19,,,1,15,,3019,19,,,1,15,,17774,19,,,1,55,,23508,19,,,1,15,,17206,19,,,1,15,,23493,19,,,1,15,,23509,19,,,1,55,,17886,19,,,1,15,,23498,19,,,1,15,,23494,19,,,1,15,,23515,19,,,1,55,,23512,19,,,1,15,,23497,19,,,1,15,,12072,19,,,1,15,,23492,19,,,1,55,,23506,19,,,1,15,,23499,19,,,1,15,,23510,19,,,1,15,,23521,19,,,1,55,,23490,19,,,1,15,,23488,19,,,1,15,,23514,19,,,1,15,,23500,19,,,1,55,,23487,19,,,1,15,,23517,19,,,1,15,,23513,19,,,1,15,,23505,19,,,1,55,,23486,19,,,1,15,,23502,19,,,1,15,,23516,19,,,1,15,,23522,19,,,1,55,,20140,19,,,1,15,,1042,19,,,1,15,,23496,19,,,1,15,,23519,19,,,1,55,,23495,19,,,1,15,,23511,19,,,1,15,,12303,19,,,1,15,,146,19,,,1
41001,'11',939,,26024,13,0,37 38,1,100,,26022,13,0,37 38,1,70,,26018,13,0,37 38,1,30,,26027,13,0,37 38,1,70,,8965,13,0,37 38,1,30,,26023,13,0,37 38,1,70,,26028,13,0,37 38,1,30,,26031,13,0,37 38,1,70,,26029,13,0,37 38,1,30,,26019,13,0,37 38,1,70,,26026,13,0,37 38,1,30,,26032,13,0,37 38,1,70,,26017,13,0,37 38,1,30,,26033,13,0,37 38,1,70,,26030,13,0,37 38,1,30,,26020,13,0,37 38,1,70,,26025,13,0,37 38,1,30,,8964,13,0,37 38,1,100,,26021,13,0,37 38,1
41001,'13',639,,18980,13,0,37 38,1,70,,17305,13,0,37 38,1,30,,26035,13,0,37 38,1,70,,26044,13,0,37 38,1,30,,26043,13,0,37 38,1,70,,26040,13,0,37 38,1,30,,26049,13,0,37 38,1,70,,26036,13,0,37 38,1,30,,26047,13,0,37 38,1,70,,26048,13,0,37 38,1,30,,14418,13,0,37 38,1,70,,26045,13,0,37 38,1,30,,26041,13,0,37 38,1,70,,26039,13,0,37 38,1,30,,26052,13,0,37 38,1,70,,26042,13,0,37 38,1,30,,26051,13,0,37 38,1,70,,26038,13,0,37 38,1,30,,26034,13,0,37 38,1,70,,26037,13,0,37 38,1,30,,26050,13,0,37 38,1,70,,26046,13,0,37 38,1,30,,26053,13,0,37 38,1,70,,18739,13,0,37 38,1
41001,'8',939,,26061,13,0,37 38,1,100,,26059,13,0,37 38,1,70,,26055,13,0,37 38,1,30,,26064,13,0,37 38,1,70,,26069,13,0,37 38,1,30,,26060,13,0,37 38,1,70,,26065,13,0,37 38,1,30,,26070,13,0,37 38,1,70,,26066,13,0,37 38,1,30,,26056,13,0,37 38,1,70,,26063,13,0,37 38,1,30,,26071,13,0,37 38,1,70,,26054,13,0,37 38,1,30,,26072,13,0,37 38,1,70,,26067,13,0,37 38,1,30,,26057,13,0,37 38,1,70,,26062,13,0,37 38,1,30,,26068,13,0,37 38,1,100,,26058,13,0,37 38,1
41601,'1',1910,,26505,19,,,1,30,,26504,19,,,1,70,,26503,19,,,1,30,,26499,19,,,1,70,,26500,19,,,1,30,,26501,19,,,1,70,,18017,19,,,1,30,,26502,19,,,1,70,,26498,19,,,1,30,,26506,19,,,1
41601,'10',1910,,26513,19,,,1,30,,26512,19,,,1,70,,26511,19,,,1,30,,7247,19,,,1,70,,5301,19,,,1,30,,26508,19,,,1,70,,26510,19,,,1,30,,26509,19,,,1,70,,26507,19,,,1,30,,26514,19,,,1
41601,'11',905,,26531,19,,,1,30,,26525,19,,,1,70,,26521,19,,,1,31,,26518,19,,,1,70,,26529,19,,,1,30,,26516,19,,,1,70,,26532,19,,,1,30,,26515,19,,,1,70,,26530,19,,,1,30,,26526,19,,,1,70,,26519,19,,,1,30,,12838,19,,,1,70,,15461,19,,,1,30,,26523,19,,,1,70,,26522,19,,,1,30,,26527,19,,,1,70,,26528,19,,,1,30,,11918,19,,,1,70,,26524,19,,,1,30,,26520,19,,,1,70,,11644,19,,,1,29,,12059,19,,,1,70,,14149,19,,,1,30,,26517,19,,,1
41601,'13',740,,26566,19,,,1,70,,26541,19,,,1,30,,26535,19,,,1,70,,26553,19,,,1,25,,26551,19,,,1,70,,26567,19,,,1,31,,26555,19,,,1,70,,26549,19,,,1,30,,26562,19,,,1,70,,26533,19,,,1,30,,26547,19,,,1,70,,26558,19,,,1,30,,26565,19,,,1,70,,26545,19,,,1,30,,26544,19,,,1,70,,26552,19,,,1,30,,26538,19,,,1,70,,26556,19,,,1,30,,26548,19,,,1,70,,26568,19,,,1,30,,26554,19,,,1,70,,26546,19,,,1,35,,26563,19,,,1,69,,26569,19,,,1,30,,26543,19,,,1,70,,26557,19,,,1,30,,26539,19,,,1,70,,26534,19,,,1,30,,26560,19,,,1,67,,26536,19,,,1,3,,26540,19,,,1,27,,26561,19,,,1,3,,26564,19,,,1,67,,26559,19,,,1,3,,26542,19,,,1,27,,26537,19,,,1,3,,26550,19,,,1
41601,'3',1910,,26578,19,,,1,30,,26577,19,,,1,70,,26576,19,,,1,30,,26571,19,,,1,70,,26572,19,,,1,30,,26573,19,,,1,70,,26575,19,,,1,30,,26574,19,,,1,70,,26570,19,,,1,30,,26579,19,,,1
41601,'8',905,,26601,19,,,1,30,,18465,19,,,1,70,,26587,19,,,1,31,,26583,19,,,1,70,,26598,19,,,1,30,,26581,19,,,1,70,,19762,19,,,1,30,,26580,19,,,1,70,,26599,19,,,1,30,,26594,19,,,1,70,,26584,19,,,1,30,,26585,19,,,1,70,,26589,19,,,1,30,,26591,19,,,1,70,,26590,19,,,1,30,,26596,19,,,1,70,,26597,19,,,1,30,,26595,19,,,1,70,,26592,19,,,1,30,,26586,19,,,1,70,,26588,19,,,1,29,,26600,19,,,1,70,,26593,19,,,1,30,,26582,19,,,1
