31701,'1',620,,3422,21,0,62,1,30,,3431,21,0,62,1,70,,3419,21,0,62,1,30,,3427,21,0,62,1,70,,3412,21,0,62,1,30,,3415,21,0,62,1,70,,3434,21,0,62,1,30,,3423,21,0,62,1,71,,3418,21,0,62,1,30,,3432,21,0,62,1,70,,3413,21,0,62,1,30,,3420,21,0,62,1,70,,3417,21,0,62,1,30,,3424,21,0,62,1,70,,3429,21,0,62,1,30,,3421,21,0,62,1,71,,3426,21,0,62,1,30,,3411,21,0,62,1,70,,3425,21,0,62,1,30,,3430,21,0,62,1,70,,3414,21,0,62,1,30,,3433,21,0,62,1,70,,3416,21,0,62,1,30,,3428,21,0,62,1
31701,'10',620,,3446,21,0,62,1,30,,3455,21,0,62,1,70,,3443,21,0,62,1,30,,3451,21,0,62,1,70,,3436,21,0,62,1,30,,3439,21,0,62,1,70,,3458,21,0,62,1,30,,3447,21,0,62,1,71,,3442,21,0,62,1,30,,3456,21,0,62,1,70,,3437,21,0,62,1,30,,3444,21,0,62,1,70,,3441,21,0,62,1,30,,3448,21,0,62,1,70,,3453,21,0,62,1,30,,3445,21,0,62,1,71,,3450,21,0,62,1,30,,3435,21,0,62,1,70,,3449,21,0,62,1,30,,3454,21,0,62,1,70,,3438,21,0,62,1,30,,3457,21,0,62,1,70,,3440,21,0,62,1,30,,3452,21,0,62,1
31701,'11',620,,3470,21,0,62,1,30,,3479,21,0,62,1,70,,3467,21,0,62,1,30,,3475,21,0,62,1,70,,3460,21,0,62,1,30,,3463,21,0,62,1,70,,3482,21,0,62,1,30,,3471,21,0,62,1,71,,3466,21,0,62,1,30,,3480,21,0,62,1,70,,3461,21,0,62,1,30,,3468,21,0,62,1,70,,3465,21,0,62,1,30,,3472,21,0,62,1,70,,3477,21,0,62,1,30,,3469,21,0,62,1,71,,3474,21,0,62,1,30,,3459,21,0,62,1,70,,3473,21,0,62,1,30,,3478,21,0,62,1,70,,3462,21,0,62,1,30,,3481,21,0,62,1,70,,3464,21,0,62,1,30,,3476,21,0,62,1
31701,'3',620,,3494,21,0,62,1,30,,3503,21,0,62,1,70,,3491,21,0,62,1,30,,3499,21,0,62,1,70,,3484,21,0,62,1,30,,3487,21,0,62,1,70,,3506,21,0,62,1,30,,3495,21,0,62,1,71,,3490,21,0,62,1,30,,3504,21,0,62,1,70,,3485,21,0,62,1,30,,3492,21,0,62,1,70,,3489,21,0,62,1,30,,3496,21,0,62,1,70,,3501,21,0,62,1,30,,3493,21,0,62,1,71,,3498,21,0,62,1,30,,3483,21,0,62,1,70,,3497,21,0,62,1,30,,3502,21,0,62,1,70,,3486,21,0,62,1,30,,3505,21,0,62,1,70,,3488,21,0,62,1,30,,3500,21,0,62,1
41701,'1',1825,,7718,15,0,62,1,100,,7722,15,0,62,1,100,,7721,15,0,62,1,100,,7723,15,0,62,1,100,,7720,15,0,62,1,100,,7719,15,0,62,1
41701,'10',1825,,7724,15,0,62,1,100,,7728,15,0,62,1,100,,7727,15,0,62,1,100,,7729,15,0,62,1,100,,7726,15,0,62,1,100,,7725,15,0,62,1
41701,'11',1825,,7730,15,0,62,1,100,,7734,15,0,62,1,100,,7733,15,0,62,1,100,,7735,15,0,62,1,100,,7732,15,0,62,1,100,,7731,15,0,62,1
41701,'12',1125,,7738,15,0,62,1,100,,7742,15,0,62,1,100,,7737,15,0,62,1,100,,7736,15,0,62,1,100,,7739,15,0,62,1,100,,7741,15,0,62,1,100,,7740,15,0,62,1
41701,'14',625,,7767,15,0,62,1,30,,7745,15,0,62,1,70,,7748,15,0,62,1,30,,7753,15,0,62,1,70,,7743,15,0,62,1,30,,7765,15,0,62,1,70,,7771,15,0,62,1,30,,7763,15,0,62,1,70,,7769,15,0,62,1,30,,7746,15,0,62,1,70,,7754,15,0,62,1,30,,7758,15,0,62,1,70,,7747,15,0,62,1,30,,7770,15,0,62,1,70,,7772,15,0,62,1,30,,7750,15,0,62,1,70,,7760,15,0,62,1,30,,7766,15,0,62,1,70,,7757,15,0,62,1,30,,7762,15,0,62,1,70,,7768,15,0,62,1,30,,7752,15,0,62,1,70,,7756,15,0,62,1,30,,7744,15,0,62,1,70,,7755,15,0,62,1,100,,7759,15,0,62,1,100,,7764,15,0,62,1,100,,7761,15,0,62,1,100,,7749,15,0,62,1,100,,7751,15,0,62,1
41701,'3',1825,,7773,15,0,62,1,100,,7777,15,0,62,1,100,,7776,15,0,62,1,100,,7778,15,0,62,1,100,,7775,15,0,62,1,100,,7774,15,0,62,1
41701,'7',925,,7782,15,0,62,1,100,,7788,15,0,62,1,30,,7785,15,0,62,1,70,,7787,15,0,62,1,30,,7792,15,0,62,1,70,,7784,15,0,62,1,30,,7779,15,0,62,1,70,,7796,15,0,62,1,30,,7794,15,0,62,1,70,,7790,15,0,62,1,30,,7795,15,0,62,1,70,,7783,15,0,62,1,30,,7789,15,0,62,1,70,,7791,15,0,62,1,30,,7797,15,0,62,1,70,,7793,15,0,62,1,30,,7786,15,0,62,1,70,,7780,15,0,62,1,100,,7781,15,0,62,1
