30400,'1',701,,788,5,0,39 40 41,1,30,,781,5,0,39 40 41,1,70,,771,5,0,39 40 41,1,30,,783,5,0,39 40 41,1,70,,774,5,0,39 40 41,1,30,,780,5,0,39 40 41,1,71,,770,5,0,39 40 41,1,30,,790,5,0,39 40 41,1,70,,791,5,0,39 40 41,1,30,,779,5,0,39 40 41,1,70,,786,5,0,39 40 41,1,30,,787,5,0,39 40 41,1,70,,778,5,0,39 40 41,1,30,,782,5,0,39 40 41,1,70,,785,5,0,39 40 41,1,30,,777,5,0,39 40 41,1,70,,769,5,0,39 40 41,1,30,,784,5,0,39 40 41,1,70,,789,5,0,39 40 41,1,30,,773,5,0,39 40 41,1,70,,772,5,0,39 40 41,1,30,,776,5,0,39 40 41,1,70,,775,5,0,39 40 41,1
30400,'10',701,,811,5,0,39 40 41,1,30,,804,5,0,39 40 41,1,70,,794,5,0,39 40 41,1,30,,806,5,0,39 40 41,1,70,,797,5,0,39 40 41,1,30,,803,5,0,39 40 41,1,71,,793,5,0,39 40 41,1,30,,813,5,0,39 40 41,1,70,,814,5,0,39 40 41,1,30,,802,5,0,39 40 41,1,70,,809,5,0,39 40 41,1,30,,810,5,0,39 40 41,1,70,,801,5,0,39 40 41,1,30,,805,5,0,39 40 41,1,70,,808,5,0,39 40 41,1,30,,800,5,0,39 40 41,1,70,,792,5,0,39 40 41,1,30,,807,5,0,39 40 41,1,70,,812,5,0,39 40 41,1,30,,796,5,0,39 40 41,1,70,,795,5,0,39 40 41,1,30,,799,5,0,39 40 41,1,70,,798,5,0,39 40 41,1
30400,'11',701,,834,5,0,39 40 41,1,30,,827,5,0,39 40 41,1,70,,817,5,0,39 40 41,1,30,,829,5,0,39 40 41,1,70,,820,5,0,39 40 41,1,30,,826,5,0,39 40 41,1,71,,816,5,0,39 40 41,1,30,,836,5,0,39 40 41,1,70,,837,5,0,39 40 41,1,30,,825,5,0,39 40 41,1,70,,832,5,0,39 40 41,1,30,,833,5,0,39 40 41,1,70,,824,5,0,39 40 41,1,30,,828,5,0,39 40 41,1,70,,831,5,0,39 40 41,1,30,,823,5,0,39 40 41,1,70,,815,5,0,39 40 41,1,30,,830,5,0,39 40 41,1,70,,835,5,0,39 40 41,1,30,,819,5,0,39 40 41,1,70,,818,5,0,39 40 41,1,30,,822,5,0,39 40 41,1,70,,821,5,0,39 40 41,1
30400,'3',701,,857,5,0,39 40 41,1,30,,850,5,0,39 40 41,1,70,,840,5,0,39 40 41,1,30,,852,5,0,39 40 41,1,70,,843,5,0,39 40 41,1,30,,849,5,0,39 40 41,1,71,,839,5,0,39 40 41,1,30,,859,5,0,39 40 41,1,70,,860,5,0,39 40 41,1,30,,848,5,0,39 40 41,1,70,,855,5,0,39 40 41,1,30,,856,5,0,39 40 41,1,70,,847,5,0,39 40 41,1,30,,851,5,0,39 40 41,1,70,,854,5,0,39 40 41,1,30,,846,5,0,39 40 41,1,70,,838,5,0,39 40 41,1,30,,853,5,0,39 40 41,1,70,,858,5,0,39 40 41,1,30,,842,5,0,39 40 41,1,70,,841,5,0,39 40 41,1,30,,845,5,0,39 40 41,1,70,,844,5,0,39 40 41,1
31100,'1',617,,2126,5,0,43 44,1,30,,2124,5,0,43 44,1,70,,2130,5,0,43 44,1,30,,2138,5,0,43 44,1,70,,2131,5,0,43 44,1,30,,2129,5,0,43 44,1,70,,2121,5,0,43 44,1,30,,2125,5,0,43 44,1,70,,2122,5,0,43 44,1,30,,2128,5,0,43 44,1,70,,2139,5,0,43 44,1,30,,2135,5,0,43 44,1,70,,2120,5,0,43 44,1,30,,2140,5,0,43 44,1,70,,2134,5,0,43 44,1,30,,2127,5,0,43 44,1,71,,2132,5,0,43 44,1,30,,2123,5,0,43 44,1,70,,2118,5,0,43 44,1,30,,2117,5,0,43 44,1,70,,2136,5,0,43 44,1,30,,2137,5,0,43 44,1,70,,2119,5,0,43 44,1,30,,2133,5,0,43 44,1
31100,'10',617,,2150,5,0,43 44,1,30,,2148,5,0,43 44,1,70,,2154,5,0,43 44,1,30,,2162,5,0,43 44,1,70,,2155,5,0,43 44,1,30,,2153,5,0,43 44,1,70,,2145,5,0,43 44,1,30,,2149,5,0,43 44,1,70,,2146,5,0,43 44,1,30,,2152,5,0,43 44,1,70,,2163,5,0,43 44,1,30,,2159,5,0,43 44,1,70,,2144,5,0,43 44,1,30,,2164,5,0,43 44,1,70,,2158,5,0,43 44,1,30,,2151,5,0,43 44,1,71,,2156,5,0,43 44,1,30,,2147,5,0,43 44,1,70,,2142,5,0,43 44,1,30,,2141,5,0,43 44,1,70,,2160,5,0,43 44,1,30,,2161,5,0,43 44,1,70,,2143,5,0,43 44,1,30,,2157,5,0,43 44,1
31100,'11',617,,2174,5,0,43 44,1,30,,2172,5,0,43 44,1,70,,2178,5,0,43 44,1,30,,2186,5,0,43 44,1,70,,2179,5,0,43 44,1,30,,2177,5,0,43 44,1,70,,2169,5,0,43 44,1,30,,2173,5,0,43 44,1,70,,2170,5,0,43 44,1,30,,2176,5,0,43 44,1,70,,2187,5,0,43 44,1,30,,2183,5,0,43 44,1,70,,2168,5,0,43 44,1,30,,2188,5,0,43 44,1,70,,2182,5,0,43 44,1,30,,2175,5,0,43 44,1,71,,2180,5,0,43 44,1,30,,2171,5,0,43 44,1,70,,2166,5,0,43 44,1,30,,2165,5,0,43 44,1,70,,2184,5,0,43 44,1,30,,2185,5,0,43 44,1,70,,2167,5,0,43 44,1,30,,2181,5,0,43 44,1
31100,'3',617,,2198,5,0,43 44,1,30,,2196,5,0,43 44,1,70,,2202,5,0,43 44,1,30,,2210,5,0,43 44,1,70,,2203,5,0,43 44,1,30,,2201,5,0,43 44,1,70,,2193,5,0,43 44,1,30,,2197,5,0,43 44,1,70,,2194,5,0,43 44,1,30,,2200,5,0,43 44,1,70,,2211,5,0,43 44,1,30,,2207,5,0,43 44,1,70,,2192,5,0,43 44,1,30,,2212,5,0,43 44,1,70,,2206,5,0,43 44,1,30,,2199,5,0,43 44,1,71,,2204,5,0,43 44,1,30,,2195,5,0,43 44,1,70,,2190,5,0,43 44,1,30,,2189,5,0,43 44,1,70,,2208,5,0,43 44,1,30,,2209,5,0,43 44,1,70,,2191,5,0,43 44,1,30,,2205,5,0,43 44,1
31800,'1',601,,3527,3,0,45 46 18,1,30,,3531,3,0,45 46 18,1,70,,3508,3,0,45 46 18,1,30,,3529,3,0,45 46 18,1,70,,3528,3,0,45 46 18,1,30,,3510,3,0,45 46 18,1,70,,3522,3,0,45 46 18,1,30,,3526,3,0,45 46 18,1,70,,3509,3,0,45 46 18,1,30,,3523,3,0,45 46 18,1,70,,3525,3,0,45 46 18,1,30,,3517,3,0,45 46 18,1,70,,3530,3,0,45 46 18,1,30,,3516,3,0,45 46 18,1,70,,3524,3,0,45 46 18,1,30,,3507,3,0,45 46 18,1,70,,3518,3,0,45 46 18,1,30,,3515,3,0,45 46 18,1,70,,3519,3,0,45 46 18,1,30,,3521,3,0,45 46 18,1,70,,3514,3,0,45 46 18,1,30,,3513,3,0,45 46 18,1,70,,3512,3,0,45 46 18,1,30,,3520,3,0,45 46 18,1,70,,3511,3,0,45 46 18,1
31800,'10',601,,3552,3,0,45 46 18,1,30,,3556,3,0,45 46 18,1,70,,3533,3,0,45 46 18,1,30,,3554,3,0,45 46 18,1,70,,3553,3,0,45 46 18,1,30,,3535,3,0,45 46 18,1,70,,3547,3,0,45 46 18,1,30,,3551,3,0,45 46 18,1,70,,3534,3,0,45 46 18,1,30,,3548,3,0,45 46 18,1,70,,3550,3,0,45 46 18,1,30,,3542,3,0,45 46 18,1,70,,3555,3,0,45 46 18,1,30,,3541,3,0,45 46 18,1,70,,3549,3,0,45 46 18,1,30,,3532,3,0,45 46 18,1,70,,3543,3,0,45 46 18,1,30,,3540,3,0,45 46 18,1,70,,3544,3,0,45 46 18,1,30,,3546,3,0,45 46 18,1,70,,3539,3,0,45 46 18,1,30,,3538,3,0,45 46 18,1,70,,3537,3,0,45 46 18,1,30,,3545,3,0,45 46 18,1,70,,3536,3,0,45 46 18,1
31800,'11',601,,3577,3,0,45 46 18,1,30,,3581,3,0,45 46 18,1,70,,3558,3,0,45 46 18,1,30,,3579,3,0,45 46 18,1,70,,3578,3,0,45 46 18,1,30,,3560,3,0,45 46 18,1,70,,3571,3,0,45 46 18,1,30,,3576,3,0,45 46 18,1,70,,3559,3,0,45 46 18,1,30,,3572,3,0,45 46 18,1,70,,3575,3,0,45 46 18,1,30,,3566,3,0,45 46 18,1,70,,3580,3,0,45 46 18,1,30,,3565,3,0,45 46 18,1,70,,3574,3,0,45 46 18,1,30,,3557,3,0,45 46 18,1,70,,3567,3,0,45 46 18,1,30,,3564,3,0,45 46 18,1,70,,3568,3,0,45 46 18,1,30,,3570,3,0,45 46 18,1,70,,3562,3,0,45 46 18,1,30,,3563,3,0,45 46 18,1,70,,3561,3,0,45 46 18,1,30,,3569,3,0,45 46 18,1,70,,3573,3,0,45 46 18,1
31800,'3',601,,3602,3,0,45 46 18,1,30,,3606,3,0,45 46 18,1,70,,3583,3,0,45 46 18,1,30,,3604,3,0,45 46 18,1,70,,3603,3,0,45 46 18,1,30,,3585,3,0,45 46 18,1,70,,3596,3,0,45 46 18,1,30,,3601,3,0,45 46 18,1,70,,3584,3,0,45 46 18,1,30,,3597,3,0,45 46 18,1,70,,3600,3,0,45 46 18,1,30,,3591,3,0,45 46 18,1,70,,3605,3,0,45 46 18,1,30,,3590,3,0,45 46 18,1,70,,3599,3,0,45 46 18,1,30,,3582,3,0,45 46 18,1,70,,3592,3,0,45 46 18,1,30,,3589,3,0,45 46 18,1,70,,3593,3,0,45 46 18,1,30,,3595,3,0,45 46 18,1,70,,3587,3,0,45 46 18,1,30,,3588,3,0,45 46 18,1,70,,3586,3,0,45 46 18,1,30,,3594,3,0,45 46 18,1,70,,3598,3,0,45 46 18,1
40400,'1',1816,,6290,5,0,39 40 42 18,1,100,,6289,5,0,39 40 42 18,1,100,,6291,5,0,39 40 42 18,1,100,,6292,5,0,39 40 42 18,1,100,,6293,5,0,39 40 42 18,1,100,,6294,5,0,39 40 42 18,1
40400,'10',1816,,6296,5,0,39 40 42 18,1,100,,6295,5,0,39 40 42 18,1,100,,6297,5,0,39 40 42 18,1,100,,6298,5,0,39 40 42 18,1,100,,6299,5,0,39 40 42 18,1,100,,6300,5,0,39 40 42 18,1
40400,'11',1816,,6302,5,0,39 40 42 18,1,100,,6301,5,0,39 40 42 18,1,100,,6303,5,0,39 40 42 18,1,100,,6304,5,0,39 40 42 18,1,100,,6305,5,0,39 40 42 18,1,100,,6306,5,0,39 40 42 18,1
40400,'12',1117,,6310,5,0,39 40 42 18,1,100,,6313,5,0,39 40 42 18,1,100,,6309,5,0,39 40 42 18,1,99,,6308,5,0,39 40 42 18,1,100,,6311,5,0,39 40 42 18,1,100,,6312,5,0,39 40 42 18,1,100,,6307,5,0,39 40 42 18,1
40400,'14',616,,6322,5,0,39 40 42 18,1,30,,6340,5,0,39 40 42 18,1,70,,6325,5,0,39 40 42 18,1,30,,6321,5,0,39 40 42 18,1,70,,6333,5,0,39 40 42 18,1,30,,6342,5,0,39 40 42 18,1,70,,6324,5,0,39 40 42 18,1,30,,6326,5,0,39 40 42 18,1,71,,6338,5,0,39 40 42 18,1,30,,6335,5,0,39 40 42 18,1,70,,6330,5,0,39 40 42 18,1,30,,6320,5,0,39 40 42 18,1,70,,6314,5,0,39 40 42 18,1,30,,6329,5,0,39 40 42 18,1,70,,6317,5,0,39 40 42 18,1,30,,6319,5,0,39 40 42 18,1,69,,6339,5,0,39 40 42 18,1,30,,6316,5,0,39 40 42 18,1,70,,6332,5,0,39 40 42 18,1,30,,6336,5,0,39 40 42 18,1,70,,6323,5,0,39 40 42 18,1,30,,6343,5,0,39 40 42 18,1,70,,6327,5,0,39 40 42 18,1,30,,6331,5,0,39 40 42 18,1,70,,6337,5,0,39 40 42 18,1,100,,6341,5,0,39 40 42 18,1,100,,6328,5,0,39 40 42 18,1,100,,6334,5,0,39 40 42 18,1,100,,6315,5,0,39 40 42 18,1,100,,6318,5,0,39 40 42 18,1
40400,'3',1816,,6345,5,0,39 40 42 18,1,100,,6344,5,0,39 40 42 18,1,100,,6346,5,0,39 40 42 18,1,100,,6347,5,0,39 40 42 18,1,100,,6348,5,0,39 40 42 18,1,100,,6349,5,0,39 40 42 18,1
40400,'7',916,,6360,5,0,39 40 42 18,1,101,,6361,5,0,39 40 42 18,1,30,,6356,5,0,39 40 42 18,1,70,,6365,5,0,39 40 42 18,1,30,,6353,5,0,39 40 42 18,1,70,,6351,5,0,39 40 42 18,1,30,,6363,5,0,39 40 42 18,1,70,,6367,5,0,39 40 42 18,1,30,,6358,5,0,39 40 42 18,1,69,,6362,5,0,39 40 42 18,1,30,,6355,5,0,39 40 42 18,1,70,,6354,5,0,39 40 42 18,1,30,,6352,5,0,39 40 42 18,1,70,,6366,5,0,39 40 42 18,1,30,,6357,5,0,39 40 42 18,1,70,,6350,5,0,39 40 42 18,1,30,,6359,5,0,39 40 42 18,1,70,,6364,5,0,39 40 42 18,1,100,,6368,5,0,39 40 42 18,1
41800,'1',1847,,7799,5,0,45 46 18,1,100,,7798,5,0,45 46 18,1,100,,7802,5,0,45 46 18,1,100,,7800,5,0,45 46 18,1,100,,7801,5,0,45 46 18,1,100,,7803,5,0,45 46 18,1
41800,'10',1847,,7805,5,0,45 46 18,1,100,,7804,5,0,45 46 18,1,100,,7808,5,0,45 46 18,1,100,,7806,5,0,45 46 18,1,100,,7807,5,0,45 46 18,1,100,,7809,5,0,45 46 18,1
41800,'11',1847,,7811,5,0,45 46 18,1,100,,7810,5,0,45 46 18,1,100,,7814,5,0,45 46 18,1,100,,7812,5,0,45 46 18,1,100,,7813,5,0,45 46 18,1,100,,7815,5,0,45 46 18,1
41800,'12',1047,,7818,5,0,45 46 18,1,100,,7821,5,0,45 46 18,1,100,,7820,5,0,45 46 18,1,100,,7823,5,0,45 46 18,1,100,,7822,5,0,45 46 18,1,100,,7816,5,0,45 46 18,1,100,,7819,5,0,45 46 18,1,100,,7817,5,0,45 46 18,1
41800,'14',617,,7836,5,0,45 46 18,1,30,,7843,5,0,45 46 18,1,70,,7833,5,0,45 46 18,1,30,,7849,5,0,45 46 18,1,70,,7842,5,0,45 46 18,1,30,,7832,5,0,45 46 18,1,70,,7838,5,0,45 46 18,1,30,,7845,5,0,45 46 18,1,70,,7846,5,0,45 46 18,1,30,,7847,5,0,45 46 18,1,70,,7826,5,0,45 46 18,1,30,,7853,5,0,45 46 18,1,70,,7837,5,0,45 46 18,1,30,,7851,5,0,45 46 18,1,70,,7827,5,0,45 46 18,1,30,,7839,5,0,45 46 18,1,70,,7850,5,0,45 46 18,1,30,,7829,5,0,45 46 18,1,70,,7830,5,0,45 46 18,1,30,,7831,5,0,45 46 18,1,70,,7834,5,0,45 46 18,1,30,,7824,5,0,45 46 18,1,70,,7841,5,0,45 46 18,1,30,,7852,5,0,45 46 18,1,100,,7828,5,0,45 46 18,1,100,,7848,5,0,45 46 18,1,100,,7825,5,0,45 46 18,1,100,,7840,5,0,45 46 18,1,100,,7835,5,0,45 46 18,1,100,,7844,5,0,45 46 18,1
41800,'3',1847,,7855,5,0,45 46 18,1,100,,7854,5,0,45 46 18,1,100,,7858,5,0,45 46 18,1,100,,7856,5,0,45 46 18,1,100,,7857,5,0,45 46 18,1,100,,7859,5,0,45 46 18,1
41800,'7',847,,7870,5,0,45 46 18,1,100,,7874,5,0,45 46 18,1,70,,7865,5,0,45 46 18,1,30,,7861,5,0,45 46 18,1,70,,7878,5,0,45 46 18,1,30,,7869,5,0,45 46 18,1,70,,7868,5,0,45 46 18,1,30,,7866,5,0,45 46 18,1,70,,7876,5,0,45 46 18,1,30,,7875,5,0,45 46 18,1,70,,7872,5,0,45 46 18,1,30,,7879,5,0,45 46 18,1,70,,7864,5,0,45 46 18,1,30,,7860,5,0,45 46 18,1,70,,7877,5,0,45 46 18,1,30,,7862,5,0,45 46 18,1,70,,7873,5,0,45 46 18,1,30,,7867,5,0,45 46 18,1,100,,7871,5,0,45 46 18,1,100,,7863,5,0,45 46 18,1
