30301,'12',632,,33410,12,0,32 33,1,70,,33414,12,0,32 33,1,30,,33406,12,0,32 33,1,70,,33418,12,0,32 33,1,30,,33407,12,0,32 33,1,70,,33417,12,0,32 33,1,30,,33401,12,0,32 33,1,70,,33422,12,0,32 33,1,30,,33404,12,0,32 33,1,70,,33412,12,0,32 33,1,30,,33411,12,0,32 33,1,70,,33420,12,0,32 33,1,30,,33409,12,0,32 33,1,70,,33415,12,0,32 33,1,30,,33421,12,0,32 33,1,70,,33416,12,0,32 33,1,31,,33399,12,0,32 33,1,70,,33403,12,0,32 33,1,30,,33419,12,0,32 33,1,70,,33400,12,0,32 33,1,30,,33408,12,0,32 33,1,70,,33413,12,0,32 33,1,30,,33405,12,0,32 33,1,70,,33402,12,0,32 33,1
30301,'13',632,,33432,12,0,32 33,1,70,,33436,12,0,32 33,1,30,,33430,12,0,32 33,1,70,,33440,12,0,32 33,1,30,,33431,12,0,32 33,1,70,,33439,12,0,32 33,1,30,,33425,12,0,32 33,1,70,,33444,12,0,32 33,1,30,,33428,12,0,32 33,1,70,,33434,12,0,32 33,1,30,,33433,12,0,32 33,1,70,,33442,12,0,32 33,1,30,,31053,12,0,32 33,1,70,,33437,12,0,32 33,1,30,,33443,12,0,32 33,1,70,,33438,12,0,32 33,1,31,,33423,12,0,32 33,1,70,,33427,12,0,32 33,1,30,,33441,12,0,32 33,1,70,,33424,12,0,32 33,1,30,,22412,12,0,32 33,1,70,,33435,12,0,32 33,1,30,,33429,12,0,32 33,1,70,,33426,12,0,32 33,1
30301,'3',632,,33454,12,0,32 33,1,70,,33458,12,0,32 33,1,30,,33452,12,0,32 33,1,70,,33462,12,0,32 33,1,30,,33453,12,0,32 33,1,70,,33461,12,0,32 33,1,30,,33447,12,0,32 33,1,70,,33466,12,0,32 33,1,30,,33450,12,0,32 33,1,70,,33456,12,0,32 33,1,30,,33455,12,0,32 33,1,70,,33464,12,0,32 33,1,30,,31091,12,0,32 33,1,70,,33459,12,0,32 33,1,30,,33465,12,0,32 33,1,70,,33460,12,0,32 33,1,31,,33445,12,0,32 33,1,70,,33449,12,0,32 33,1,30,,33463,12,0,32 33,1,70,,33446,12,0,32 33,1,30,,22434,12,0,32 33,1,70,,33457,12,0,32 33,1,30,,33451,12,0,32 33,1,70,,33448,12,0,32 33,1
30301,'6',632,,33478,12,0,32 33,1,70,,33482,12,0,32 33,1,30,,33474,12,0,32 33,1,70,,33486,12,0,32 33,1,30,,33475,12,0,32 33,1,70,,33485,12,0,32 33,1,30,,33469,12,0,32 33,1,70,,33490,12,0,32 33,1,30,,33472,12,0,32 33,1,70,,33480,12,0,32 33,1,30,,33479,12,0,32 33,1,70,,33488,12,0,32 33,1,30,,33477,12,0,32 33,1,70,,33483,12,0,32 33,1,30,,33489,12,0,32 33,1,70,,33484,12,0,32 33,1,31,,33467,12,0,32 33,1,70,,33471,12,0,32 33,1,30,,33487,12,0,32 33,1,70,,33468,12,0,32 33,1,30,,33476,12,0,32 33,1,70,,33481,12,0,32 33,1,30,,33473,12,0,32 33,1,70,,33470,12,0,32 33,1
41500,'1',652,,40162,18,0,20 14 21 18,1,70,,40152,18,0,20 14 21 18,1,30,,40169,18,0,20 14 21 18,1,70,,40153,18,0,20 14 21 18,1,30,,40164,18,0,20 14 21 18,1,70,,40148,18,0,20 14 21 18,1,30,,40151,18,0,20 14 21 18,1,70,,40147,18,0,20 14 21 18,1,30,,22327,18,0,20 14 21 18,1,70,,40167,18,0,20 14 21 18,1,30,,40159,18,0,20 14 21 18,1,70,,40171,18,0,20 14 21 18,1,30,,40170,18,0,20 14 21 18,1,70,,40163,18,0,20 14 21 18,1,30,,40156,18,0,20 14 21 18,1,70,,40149,18,0,20 14 21 18,1,30,,40165,18,0,20 14 21 18,1,70,,24701,18,0,20 14 21 18,1,30,,40168,18,0,20 14 21 18,1,70,,40154,18,0,20 14 21 18,1,30,,40172,18,0,20 14 21 18,1,70,,40166,18,0,20 14 21 18,1,30,,40155,18,0,20 14 21 18,1,70,,40150,18,0,20 14 21 18,1,100,,40160,18,0,20 14 21 18,1,100,,40158,18,0,20 14 21 18,1,100,,40161,18,0,20 14 21 18,1,100,,40173,18,0,20 14 21 18,1,100,,40157,18,0,20 14 21 18,1
41500,'11',652,,40190,18,0,20 14 21 18,1,70,,40179,18,0,20 14 21 18,1,30,,40197,18,0,20 14 21 18,1,70,,40180,18,0,20 14 21 18,1,30,,40192,18,0,20 14 21 18,1,70,,40175,18,0,20 14 21 18,1,30,,40178,18,0,20 14 21 18,1,70,,40174,18,0,20 14 21 18,1,30,,40185,18,0,20 14 21 18,1,70,,40195,18,0,20 14 21 18,1,30,,40187,18,0,20 14 21 18,1,70,,40200,18,0,20 14 21 18,1,30,,40198,18,0,20 14 21 18,1,70,,40191,18,0,20 14 21 18,1,30,,40183,18,0,20 14 21 18,1,70,,40176,18,0,20 14 21 18,1,30,,40193,18,0,20 14 21 18,1,70,,40199,18,0,20 14 21 18,1,30,,40196,18,0,20 14 21 18,1,70,,40181,18,0,20 14 21 18,1,30,,40201,18,0,20 14 21 18,1,70,,40194,18,0,20 14 21 18,1,30,,40182,18,0,20 14 21 18,1,70,,40177,18,0,20 14 21 18,1,100,,40188,18,0,20 14 21 18,1,100,,40186,18,0,20 14 21 18,1,100,,40189,18,0,20 14 21 18,1,100,,40202,18,0,20 14 21 18,1,100,,40184,18,0,20 14 21 18,1
41500,'12',1822,,40204,18,0,20 14 21 18,1,100,,40207,18,0,20 14 21 18,1,100,,40203,18,0,20 14 21 18,1,100,,40208,18,0,20 14 21 18,1,100,,40205,18,0,20 14 21 18,1,100,,40206,18,0,20 14 21 18,1
41500,'13',1822,,40210,18,0,20 14 21 18,1,100,,27351,18,0,20 14 21 18,1,100,,40209,18,0,20 14 21 18,1,100,,40213,18,0,20 14 21 18,1,100,,40211,18,0,20 14 21 18,1,100,,40212,18,0,20 14 21 18,1
41500,'14',1122,,40214,18,0,20 14 21 18,1,100,,40216,18,0,20 14 21 18,1,100,,40217,18,0,20 14 21 18,1,100,,40218,18,0,20 14 21 18,1,100,,40220,18,0,20 14 21 18,1,100,,40219,18,0,20 14 21 18,1,100,,40215,18,0,20 14 21 18,1
41500,'16',652,,40236,18,0,20 14 21 18,1,70,,40226,18,0,20 14 21 18,1,30,,40243,18,0,20 14 21 18,1,70,,40227,18,0,20 14 21 18,1,30,,40238,18,0,20 14 21 18,1,70,,40222,18,0,20 14 21 18,1,30,,40225,18,0,20 14 21 18,1,70,,40221,18,0,20 14 21 18,1,30,,30900,18,0,20 14 21 18,1,70,,40241,18,0,20 14 21 18,1,30,,40233,18,0,20 14 21 18,1,70,,40245,18,0,20 14 21 18,1,30,,40244,18,0,20 14 21 18,1,70,,40237,18,0,20 14 21 18,1,30,,40230,18,0,20 14 21 18,1,70,,40223,18,0,20 14 21 18,1,30,,40239,18,0,20 14 21 18,1,70,,31219,18,0,20 14 21 18,1,30,,40242,18,0,20 14 21 18,1,70,,40228,18,0,20 14 21 18,1,30,,40246,18,0,20 14 21 18,1,70,,40240,18,0,20 14 21 18,1,30,,40229,18,0,20 14 21 18,1,70,,40224,18,0,20 14 21 18,1,100,,40234,18,0,20 14 21 18,1,100,,40232,18,0,20 14 21 18,1,100,,40235,18,0,20 14 21 18,1,100,,40247,18,0,20 14 21 18,1,100,,40231,18,0,20 14 21 18,1
41500,'3',1822,,40249,18,0,20 14 21 18,1,100,,27389,18,0,20 14 21 18,1,100,,40248,18,0,20 14 21 18,1,100,,40252,18,0,20 14 21 18,1,100,,40250,18,0,20 14 21 18,1,100,,40251,18,0,20 14 21 18,1
41500,'6',1822,,40254,18,0,20 14 21 18,1,100,,40257,18,0,20 14 21 18,1,100,,40253,18,0,20 14 21 18,1,100,,40258,18,0,20 14 21 18,1,100,,40255,18,0,20 14 21 18,1,100,,40256,18,0,20 14 21 18,1
41500,'8',922,,40260,18,0,20 14 21 18,1,100,,40273,18,0,20 14 21 18,1,30,,40275,18,0,20 14 21 18,1,70,,40261,18,0,20 14 21 18,1,30,,40269,18,0,20 14 21 18,1,70,,40274,18,0,20 14 21 18,1,30,,40262,18,0,20 14 21 18,1,70,,40263,18,0,20 14 21 18,1,30,,40276,18,0,20 14 21 18,1,70,,40268,18,0,20 14 21 18,1,30,,40264,18,0,20 14 21 18,1,70,,40277,18,0,20 14 21 18,1,30,,40271,18,0,20 14 21 18,1,70,,40266,18,0,20 14 21 18,1,30,,40259,18,0,20 14 21 18,1,70,,40265,18,0,20 14 21 18,1,30,,40270,18,0,20 14 21 18,1,70,,40267,18,0,20 14 21 18,1,100,,40272,18,0,20 14 21 18,1
41501,'1',701,,40301,37,0,20 14 34,1,31,,40294,37,0,20 14 34,1,70,,40288,37,0,20 14 34,1,30,,40304,37,0,20 14 34,1,70,,40293,37,0,20 14 34,1,30,,40286,37,0,20 14 34,1,70,,40289,37,0,20 14 34,1,31,,40302,37,0,20 14 34,1,70,,31128,37,0,20 14 34,1,30,,40284,37,0,20 14 34,1,70,,40297,37,0,20 14 34,1,30,,40281,37,0,20 14 34,1,70,,40300,37,0,20 14 34,1,30,,40280,37,0,20 14 34,1,70,,40303,37,0,20 14 34,1,31,,40278,37,0,20 14 34,1,70,,40287,37,0,20 14 34,1,30,,40290,37,0,20 14 34,1,70,,40296,37,0,20 14 34,1,30,,40292,37,0,20 14 34,1,70,,40282,37,0,20 14 34,1,30,,40298,37,0,20 14 34,1,70,,29652,37,0,20 14 34,1,30,,40283,37,0,20 14 34,1,97,,40291,37,0,20 14 34,1,100,,40285,37,0,20 14 34,1,100,,40295,37,0,20 14 34,1,100,,40299,37,0,20 14 34,1,100,,40279,37,0,20 14 34,1
41501,'11',701,,40329,37,0,20 14 34,1,31,,40322,37,0,20 14 34,1,70,,40316,37,0,20 14 34,1,30,,40333,37,0,20 14 34,1,70,,40321,37,0,20 14 34,1,30,,40314,37,0,20 14 34,1,70,,40317,37,0,20 14 34,1,31,,40330,37,0,20 14 34,1,70,,40331,37,0,20 14 34,1,30,,40312,37,0,20 14 34,1,70,,40325,37,0,20 14 34,1,30,,40308,37,0,20 14 34,1,70,,40328,37,0,20 14 34,1,30,,40307,37,0,20 14 34,1,70,,40332,37,0,20 14 34,1,31,,40305,37,0,20 14 34,1,70,,40315,37,0,20 14 34,1,30,,40318,37,0,20 14 34,1,70,,40324,37,0,20 14 34,1,30,,40320,37,0,20 14 34,1,70,,40310,37,0,20 14 34,1,30,,40326,37,0,20 14 34,1,70,,40309,37,0,20 14 34,1,30,,40311,37,0,20 14 34,1,97,,40319,37,0,20 14 34,1,100,,40313,37,0,20 14 34,1,100,,40323,37,0,20 14 34,1,100,,40327,37,0,20 14 34,1,100,,40306,37,0,20 14 34,1
41501,'12',1820,,40338,37,0,20 14 34,1,30,,40334,37,0,20 14 34,1,81,,40336,37,0,20 14 34,1,100,,40340,37,0,20 14 34,1,100,,40335,37,0,20 14 34,1,100,,40337,37,0,20 14 34,1,100,,40339,37,0,20 14 34,1
41501,'13',1820,,40345,37,0,20 14 34,1,30,,40341,37,0,20 14 34,1,81,,40343,37,0,20 14 34,1,100,,40347,37,0,20 14 34,1,100,,40342,37,0,20 14 34,1,100,,40344,37,0,20 14 34,1,100,,40346,37,0,20 14 34,1
41501,'14',1133,,40349,37,0,20 14 34,1,100,,40352,37,0,20 14 34,1,100,,40353,37,0,20 14 34,1,101,,40351,37,0,20 14 34,1,100,,40350,37,0,20 14 34,1,100,,40354,37,0,20 14 34,1,100,,40348,37,0,20 14 34,1
41501,'16',701,,40378,37,0,20 14 34,1,31,,40371,37,0,20 14 34,1,70,,40365,37,0,20 14 34,1,30,,40381,37,0,20 14 34,1,70,,40370,37,0,20 14 34,1,30,,40363,37,0,20 14 34,1,70,,40366,37,0,20 14 34,1,31,,40379,37,0,20 14 34,1,70,,31153,37,0,20 14 34,1,30,,40361,37,0,20 14 34,1,70,,40374,37,0,20 14 34,1,30,,40358,37,0,20 14 34,1,70,,40377,37,0,20 14 34,1,30,,40357,37,0,20 14 34,1,70,,40380,37,0,20 14 34,1,31,,40355,37,0,20 14 34,1,70,,40364,37,0,20 14 34,1,30,,40367,37,0,20 14 34,1,70,,40373,37,0,20 14 34,1,30,,40369,37,0,20 14 34,1,70,,40359,37,0,20 14 34,1,30,,40375,37,0,20 14 34,1,70,,26926,37,0,20 14 34,1,30,,40360,37,0,20 14 34,1,97,,40368,37,0,20 14 34,1,100,,40362,37,0,20 14 34,1,100,,40372,37,0,20 14 34,1,100,,40376,37,0,20 14 34,1,100,,40356,37,0,20 14 34,1
41501,'3',1820,,40386,37,0,20 14 34,1,30,,40382,37,0,20 14 34,1,81,,40384,37,0,20 14 34,1,100,,40388,37,0,20 14 34,1,100,,40383,37,0,20 14 34,1,100,,40385,37,0,20 14 34,1,100,,40387,37,0,20 14 34,1
41501,'6',1820,,40393,37,0,20 14 34,1,30,,40389,37,0,20 14 34,1,81,,40391,37,0,20 14 34,1,100,,40395,37,0,20 14 34,1,100,,40390,37,0,20 14 34,1,100,,40392,37,0,20 14 34,1,100,,40394,37,0,20 14 34,1
41501,'8',1033,,40400,37,0,20 14 34,1,70,,40408,37,0,20 14 34,1,30,,40403,37,0,20 14 34,1,70,,40401,37,0,20 14 34,1,30,,40410,37,0,20 14 34,1,100,,40407,37,0,20 14 34,1,70,,40398,37,0,20 14 34,1,31,,40404,37,0,20 14 34,1,100,,40402,37,0,20 14 34,1,70,,40406,37,0,20 14 34,1,30,,40409,37,0,20 14 34,1,70,,31323,37,0,20 14 34,1,30,,40396,37,0,20 14 34,1,70,,40397,37,0,20 14 34,1,30,,40405,37,0,20 14 34,1,97,,40399,37,0,20 14 34,1
