30100,'12',606,,32810,10,0,5 6,1,30,,32795,10,0,5 6,1,70,,32770,10,0,5 6,1,30,,32777,10,0,5 6,1,70,,32812,10,0,5 6,1,30,,32785,10,0,5 6,1,70,,32790,10,0,5 6,1,30,,32786,10,0,5 6,1,70,,32789,10,0,5 6,1,30,,32804,10,0,5 6,1,70,,32771,10,0,5 6,1,30,,32778,10,0,5 6,1,70,,32776,10,0,5 6,1,30,,32774,10,0,5 6,1,70,,32768,10,0,5 6,1,30,,32794,10,0,5 6,1,70,,32773,10,0,5 6,1,30,,32806,10,0,5 6,1,70,,32802,10,0,5 6,1,30,,32803,10,0,5 6,1,70,,32780,10,0,5 6,1,30,,32807,10,0,5 6,1,70,,32796,10,0,5 6,1,30,,32787,10,0,5 6,1
30100,'13',606,,32852,10,0,5 6,1,30,,32839,10,0,5 6,1,70,,32816,10,0,5 6,1,30,,32823,10,0,5 6,1,70,,32854,10,0,5 6,1,30,,32831,10,0,5 6,1,70,,32836,10,0,5 6,1,30,,32832,10,0,5 6,1,70,,32835,10,0,5 6,1,30,,32847,10,0,5 6,1,70,,32817,10,0,5 6,1,30,,32824,10,0,5 6,1,70,,32822,10,0,5 6,1,30,,32820,10,0,5 6,1,70,,32814,10,0,5 6,1,30,,32838,10,0,5 6,1,70,,32819,10,0,5 6,1,30,,32848,10,0,5 6,1,70,,32845,10,0,5 6,1,30,,32846,10,0,5 6,1,70,,32826,10,0,5 6,1,30,,32849,10,0,5 6,1,70,,32840,10,0,5 6,1,30,,32833,10,0,5 6,1
30100,'3',606,,32894,10,0,5 6,1,30,,32881,10,0,5 6,1,70,,32858,10,0,5 6,1,30,,32865,10,0,5 6,1,70,,32896,10,0,5 6,1,30,,32873,10,0,5 6,1,70,,32878,10,0,5 6,1,30,,32874,10,0,5 6,1,70,,32877,10,0,5 6,1,30,,32889,10,0,5 6,1,70,,32859,10,0,5 6,1,30,,32866,10,0,5 6,1,70,,32864,10,0,5 6,1,30,,32862,10,0,5 6,1,70,,32856,10,0,5 6,1,30,,32880,10,0,5 6,1,70,,32861,10,0,5 6,1,30,,32890,10,0,5 6,1,70,,32887,10,0,5 6,1,30,,32888,10,0,5 6,1,70,,32868,10,0,5 6,1,30,,32891,10,0,5 6,1,70,,32882,10,0,5 6,1,30,,32875,10,0,5 6,1
30100,'6',606,,32941,10,0,5 6,1,30,,32926,10,0,5 6,1,70,,32901,10,0,5 6,1,30,,32908,10,0,5 6,1,70,,32943,10,0,5 6,1,30,,32916,10,0,5 6,1,70,,32921,10,0,5 6,1,30,,32917,10,0,5 6,1,70,,32920,10,0,5 6,1,30,,32935,10,0,5 6,1,70,,32902,10,0,5 6,1,30,,32909,10,0,5 6,1,70,,32907,10,0,5 6,1,30,,32905,10,0,5 6,1,70,,32899,10,0,5 6,1,30,,32925,10,0,5 6,1,70,,32904,10,0,5 6,1,30,,32937,10,0,5 6,1,70,,32933,10,0,5 6,1,30,,32934,10,0,5 6,1,70,,32911,10,0,5 6,1,30,,32938,10,0,5 6,1,70,,32927,10,0,5 6,1,30,,32918,10,0,5 6,1
40100,'1',630,,31498,10,0,8,1,70,,37760,10,0,8,1,30,,37775,10,0,8,1,70,,37763,10,0,8,1,30,,37783,10,0,8,1,70,,37779,10,0,8,1,30,,37772,10,0,8,1,70,,37793,10,0,8,1,30,,37752,10,0,8,1,70,,37792,10,0,8,1,30,,37789,10,0,8,1,70,,37771,10,0,8,1,30,,37745,10,0,8,1,70,,32649,10,0,8,1,30,,37750,10,0,8,1,70,,37754,10,0,8,1,30,,37770,10,0,8,1,70,,37768,10,0,8,1,30,,37747,10,0,8,1,70,,37774,10,0,8,1,30,,37787,10,0,8,1,70,,37781,10,0,8,1,30,,31183,10,0,8,1,70,,37756,10,0,8,1,100,,37778,10,0,8,1,100,,37765,10,0,8,1,100,,37777,10,0,8,1,100,,37759,10,0,8,1,100,,37757,10,0,8,1,100,,31193,10,0,8,1
40100,'11',630,,37826,10,0,8,1,70,,37811,10,0,8,1,30,,37832,10,0,8,1,70,,37816,10,0,8,1,30,,37842,10,0,8,1,70,,37837,10,0,8,1,30,,37827,10,0,8,1,70,,37852,10,0,8,1,30,,37803,10,0,8,1,70,,37851,10,0,8,1,30,,37848,10,0,8,1,70,,37825,10,0,8,1,30,,37796,10,0,8,1,70,,37831,10,0,8,1,30,,37801,10,0,8,1,70,,37805,10,0,8,1,30,,37824,10,0,8,1,70,,37822,10,0,8,1,30,,37798,10,0,8,1,70,,37830,10,0,8,1,30,,37846,10,0,8,1,70,,37839,10,0,8,1,30,,37815,10,0,8,1,70,,37807,10,0,8,1,100,,37836,10,0,8,1,100,,37819,10,0,8,1,100,,37834,10,0,8,1,100,,37810,10,0,8,1,100,,37808,10,0,8,1,100,,37853,10,0,8,1
40100,'12',1800,,37861,10,0,8,1,100,,37858,10,0,8,1,100,,37867,10,0,8,1,100,,37865,10,0,8,1,100,,37866,10,0,8,1,100,,37859,10,0,8,1,100,,37857,10,0,8,1
40100,'13',1800,,37873,10,0,8,1,100,,37870,10,0,8,1,100,,37879,10,0,8,1,100,,37877,10,0,8,1,100,,37878,10,0,8,1,100,,37871,10,0,8,1,100,,27848,10,0,8,1
40100,'14',1100,,37890,10,0,8,1,100,,37892,10,0,8,1,100,,37884,10,0,8,1,100,,37882,10,0,8,1,100,,37889,10,0,8,1,100,,37893,10,0,8,1,100,,37891,10,0,8,1,100,,37886,10,0,8,1
40100,'16',630,,31539,10,0,8,1,70,,37912,10,0,8,1,30,,37927,10,0,8,1,70,,37915,10,0,8,1,30,,37935,10,0,8,1,70,,37931,10,0,8,1,30,,37924,10,0,8,1,70,,37945,10,0,8,1,30,,37904,10,0,8,1,70,,37944,10,0,8,1,30,,37941,10,0,8,1,70,,37923,10,0,8,1,30,,37897,10,0,8,1,70,,32668,10,0,8,1,30,,37902,10,0,8,1,70,,37906,10,0,8,1,30,,37922,10,0,8,1,70,,37920,10,0,8,1,30,,37899,10,0,8,1,70,,37926,10,0,8,1,30,,37939,10,0,8,1,70,,37933,10,0,8,1,30,,26849,10,0,8,1,70,,37908,10,0,8,1,100,,37930,10,0,8,1,100,,37917,10,0,8,1,100,,37929,10,0,8,1,100,,37911,10,0,8,1,100,,37909,10,0,8,1,100,,31222,10,0,8,1
40100,'3',1800,,37951,10,0,8,1,100,,37948,10,0,8,1,100,,37957,10,0,8,1,100,,37955,10,0,8,1,100,,37956,10,0,8,1,100,,37949,10,0,8,1,100,,27869,10,0,8,1
40100,'6',1800,,37965,10,0,8,1,100,,37962,10,0,8,1,100,,37971,10,0,8,1,100,,37969,10,0,8,1,100,,37970,10,0,8,1,100,,37963,10,0,8,1,100,,37961,10,0,8,1
40100,'8',900,,37973,10,0,8,1,100,,37986,10,0,8,1,30,,38003,10,0,8,1,70,,37977,10,0,8,1,30,,37993,10,0,8,1,70,,32420,10,0,8,1,30,,37972,10,0,8,1,70,,37996,10,0,8,1,30,,38007,10,0,8,1,70,,38001,10,0,8,1,30,,38006,10,0,8,1,70,,37989,10,0,8,1,30,,38005,10,0,8,1,70,,37991,10,0,8,1,30,,37988,10,0,8,1,70,,37990,10,0,8,1,30,,37974,10,0,8,1,70,,38002,10,0,8,1,100,,37981,10,0,8,1,100,,37980,10,0,8,1
