30801,'1',643,,1640,23,0,64 38,1,70,,1650,23,0,64 38,1,30,,1652,23,0,64 38,1,70,,1644,23,0,64 38,1,30,,1655,23,0,64 38,1,70,,1645,23,0,64 38,1,30,,1637,23,0,64 38,1,70,,1657,23,0,64 38,1,30,,1646,23,0,64 38,1,70,,1639,23,0,64 38,1,30,,1638,23,0,64 38,1,70,,1649,23,0,64 38,1,30,,1651,23,0,64 38,1,70,,1641,23,0,64 38,1,30,,1658,23,0,64 38,1,70,,1642,23,0,64 38,1,40,,1659,23,0,64 38,1,70,,1643,23,0,64 38,1,30,,1653,23,0,64 38,1,70,,1648,23,0,64 38,1,30,,1654,23,0,64 38,1,70,,1647,23,0,64 38,1,30,,1656,23,0,64 38,1
30801,'10',643,,1663,23,0,64 38,1,70,,1673,23,0,64 38,1,30,,1675,23,0,64 38,1,70,,1667,23,0,64 38,1,30,,1678,23,0,64 38,1,70,,1668,23,0,64 38,1,30,,1660,23,0,64 38,1,70,,1680,23,0,64 38,1,30,,1669,23,0,64 38,1,70,,1662,23,0,64 38,1,30,,1661,23,0,64 38,1,70,,1672,23,0,64 38,1,30,,1674,23,0,64 38,1,70,,1664,23,0,64 38,1,30,,1681,23,0,64 38,1,70,,1665,23,0,64 38,1,40,,1682,23,0,64 38,1,70,,1666,23,0,64 38,1,30,,1676,23,0,64 38,1,70,,1671,23,0,64 38,1,30,,1677,23,0,64 38,1,70,,1670,23,0,64 38,1,30,,1679,23,0,64 38,1
30801,'11',643,,1686,23,0,64 38,1,70,,1696,23,0,64 38,1,30,,1698,23,0,64 38,1,70,,1690,23,0,64 38,1,30,,1701,23,0,64 38,1,70,,1691,23,0,64 38,1,30,,1683,23,0,64 38,1,70,,1703,23,0,64 38,1,30,,1692,23,0,64 38,1,70,,1685,23,0,64 38,1,30,,1684,23,0,64 38,1,70,,1695,23,0,64 38,1,30,,1697,23,0,64 38,1,70,,1687,23,0,64 38,1,30,,1704,23,0,64 38,1,70,,1688,23,0,64 38,1,40,,1705,23,0,64 38,1,70,,1689,23,0,64 38,1,30,,1699,23,0,64 38,1,70,,1694,23,0,64 38,1,30,,1700,23,0,64 38,1,70,,1693,23,0,64 38,1,30,,1702,23,0,64 38,1
30801,'3',643,,1709,23,0,64 38,1,70,,1719,23,0,64 38,1,30,,1721,23,0,64 38,1,70,,1713,23,0,64 38,1,30,,1724,23,0,64 38,1,70,,1714,23,0,64 38,1,30,,1706,23,0,64 38,1,70,,1726,23,0,64 38,1,30,,1715,23,0,64 38,1,70,,1708,23,0,64 38,1,30,,1707,23,0,64 38,1,70,,1718,23,0,64 38,1,30,,1720,23,0,64 38,1,70,,1710,23,0,64 38,1,30,,1727,23,0,64 38,1,70,,1711,23,0,64 38,1,40,,1728,23,0,64 38,1,70,,1712,23,0,64 38,1,30,,1722,23,0,64 38,1,70,,1717,23,0,64 38,1,30,,1723,23,0,64 38,1,70,,1716,23,0,64 38,1,30,,1725,23,0,64 38,1
40801,'1',1828,,6694,23,0,64 38,1,100,,6692,23,0,64 38,1,100,,6693,23,0,64 38,1,100,,6691,23,0,64 38,1,100,,6695,23,0,64 38,1,100,,6696,23,0,64 38,1
40801,'10',1828,,6700,23,0,64 38,1,100,,6698,23,0,64 38,1,100,,6699,23,0,64 38,1,100,,6697,23,0,64 38,1,100,,6701,23,0,64 38,1,100,,6702,23,0,64 38,1
40801,'11',1828,,6706,23,0,64 38,1,100,,6704,23,0,64 38,1,100,,6705,23,0,64 38,1,100,,6703,23,0,64 38,1,100,,6707,23,0,64 38,1,100,,6708,23,0,64 38,1
40801,'12',1128,,6710,23,0,64 38,1,100,,6709,23,0,64 38,1,100,,6715,23,0,64 38,1,100,,6713,23,0,64 38,1,100,,6712,23,0,64 38,1,100,,6711,23,0,64 38,1,100,,6714,23,0,64 38,1
40801,'14',658,,6727,23,0,64 38,1,70,,6734,23,0,64 38,1,30,,6732,23,0,64 38,1,70,,6724,23,0,64 38,1,30,,6735,23,0,64 38,1,70,,6738,23,0,64 38,1,30,,6733,23,0,64 38,1,70,,6725,23,0,64 38,1,30,,6729,23,0,64 38,1,70,,6721,23,0,64 38,1,30,,6740,23,0,64 38,1,70,,6720,23,0,64 38,1,30,,6742,23,0,64 38,1,70,,6741,23,0,64 38,1,30,,6731,23,0,64 38,1,70,,6723,23,0,64 38,1,30,,6730,23,0,64 38,1,70,,6743,23,0,64 38,1,30,,6739,23,0,64 38,1,70,,6726,23,0,64 38,1,30,,6717,23,0,64 38,1,70,,6716,23,0,64 38,1,30,,6722,23,0,64 38,1,70,,6728,23,0,64 38,1,100,,6737,23,0,64 38,1,100,,6744,23,0,64 38,1,100,,6718,23,0,64 38,1,100,,6719,23,0,64 38,1,100,,6736,23,0,64 38,1
40801,'3',1828,,6748,23,0,64 38,1,100,,6746,23,0,64 38,1,100,,6747,23,0,64 38,1,100,,6745,23,0,64 38,1,100,,6749,23,0,64 38,1,100,,6750,23,0,64 38,1
40801,'7',928,,6763,23,0,64 38,1,100,,6752,23,0,64 38,1,30,,6751,23,0,64 38,1,70,,6762,23,0,64 38,1,30,,6769,23,0,64 38,1,70,,6757,23,0,64 38,1,30,,6755,23,0,64 38,1,70,,6756,23,0,64 38,1,30,,6764,23,0,64 38,1,70,,6758,23,0,64 38,1,30,,6754,23,0,64 38,1,70,,6759,23,0,64 38,1,30,,6761,23,0,64 38,1,70,,6753,23,0,64 38,1,30,,6768,23,0,64 38,1,70,,6766,23,0,64 38,1,30,,6760,23,0,64 38,1,70,,6767,23,0,64 38,1,100,,6765,23,0,64 38,1
