30601,'15',632,,10526,14,0,9 12,1,70,,10525,14,0,9 12,1,30,,10538,14,0,9 12,1,70,,10539,14,0,9 12,1,30,,10524,14,0,9 12,1,70,,10532,14,0,9 12,1,30,,10541,14,0,9 12,1,70,,10543,14,0,9 12,1,31,,10542,14,0,9 12,1,70,,10534,14,0,9 12,1,30,,10536,14,0,9 12,1,70,,10547,14,0,9 12,1,30,,10535,14,0,9 12,1,70,,10528,14,0,9 12,1,30,,10533,14,0,9 12,1,70,,10546,14,0,9 12,1,30,,10544,14,0,9 12,1,25,,10530,14,0,9 12,1,45,,10545,14,0,9 12,1,30,,10531,14,0,9 12,1,70,,10548,14,0,9 12,1,30,,10540,14,0,9 12,1,70,,10527,14,0,9 12,1,30,,10537,14,0,9 12,1,70,,10529,14,0,9 12,1
30601,'16',632,,10551,14,0,9 12,1,70,,10550,14,0,9 12,1,30,,3355,14,0,9 12,1,70,,10561,14,0,9 12,1,30,,10549,14,0,9 12,1,70,,10555,14,0,9 12,1,30,,10563,14,0,9 12,1,70,,2695,14,0,9 12,1,31,,10564,14,0,9 12,1,70,,10557,14,0,9 12,1,30,,10559,14,0,9 12,1,70,,10568,14,0,9 12,1,30,,10558,14,0,9 12,1,70,,1760,14,0,9 12,1,30,,10556,14,0,9 12,1,70,,10567,14,0,9 12,1,30,,10565,14,0,9 12,1,25,,3638,14,0,9 12,1,45,,10566,14,0,9 12,1,30,,10554,14,0,9 12,1,70,,10569,14,0,9 12,1,30,,10562,14,0,9 12,1,70,,10552,14,0,9 12,1,30,,10560,14,0,9 12,1,70,,10553,14,0,9 12,1
30601,'17',632,,10572,14,0,9 12,1,70,,10571,14,0,9 12,1,30,,3379,14,0,9 12,1,70,,10580,14,0,9 12,1,30,,10570,14,0,9 12,1,70,,10575,14,0,9 12,1,30,,10581,14,0,9 12,1,70,,2720,14,0,9 12,1,31,,10582,14,0,9 12,1,70,,10577,14,0,9 12,1,30,,10578,14,0,9 12,1,70,,10586,14,0,9 12,1,30,,4535,14,0,9 12,1,70,,1783,14,0,9 12,1,30,,10576,14,0,9 12,1,70,,10585,14,0,9 12,1,30,,10583,14,0,9 12,1,25,,3664,14,0,9 12,1,45,,10584,14,0,9 12,1,30,,3202,14,0,9 12,1,70,,10587,14,0,9 12,1,30,,2993,14,0,9 12,1,70,,10573,14,0,9 12,1,30,,10579,14,0,9 12,1,70,,10574,14,0,9 12,1
30601,'19',632,,10590,14,0,9 12,1,70,,10589,14,0,9 12,1,30,,10602,14,0,9 12,1,70,,10603,14,0,9 12,1,30,,10588,14,0,9 12,1,70,,10596,14,0,9 12,1,30,,10605,14,0,9 12,1,70,,10606,14,0,9 12,1,31,,5351,14,0,9 12,1,70,,10598,14,0,9 12,1,30,,10600,14,0,9 12,1,70,,10610,14,0,9 12,1,30,,10599,14,0,9 12,1,70,,10592,14,0,9 12,1,30,,10597,14,0,9 12,1,70,,10609,14,0,9 12,1,30,,10607,14,0,9 12,1,25,,10594,14,0,9 12,1,45,,10608,14,0,9 12,1,30,,10595,14,0,9 12,1,70,,10611,14,0,9 12,1,30,,10604,14,0,9 12,1,70,,10591,14,0,9 12,1,30,,10601,14,0,9 12,1,70,,10593,14,0,9 12,1
30601,'5',632,,10614,14,0,9 12,1,70,,10613,14,0,9 12,1,30,,3403,14,0,9 12,1,70,,10623,14,0,9 12,1,30,,10612,14,0,9 12,1,70,,10618,14,0,9 12,1,30,,10625,14,0,9 12,1,70,,2744,14,0,9 12,1,31,,10626,14,0,9 12,1,70,,8362,14,0,9 12,1,30,,10621,14,0,9 12,1,70,,10630,14,0,9 12,1,30,,10620,14,0,9 12,1,70,,1806,14,0,9 12,1,30,,10619,14,0,9 12,1,70,,10629,14,0,9 12,1,30,,10627,14,0,9 12,1,25,,3690,14,0,9 12,1,45,,10628,14,0,9 12,1,30,,10617,14,0,9 12,1,70,,10631,14,0,9 12,1,30,,10624,14,0,9 12,1,70,,10615,14,0,9 12,1,30,,10622,14,0,9 12,1,70,,10616,14,0,9 12,1
30601,'6',632,,10634,14,0,9 12,1,70,,10633,14,0,9 12,1,30,,10646,14,0,9 12,1,70,,10647,14,0,9 12,1,30,,10632,14,0,9 12,1,70,,10640,14,0,9 12,1,30,,10649,14,0,9 12,1,70,,10651,14,0,9 12,1,31,,10650,14,0,9 12,1,70,,10642,14,0,9 12,1,30,,10644,14,0,9 12,1,70,,10655,14,0,9 12,1,30,,10643,14,0,9 12,1,70,,10636,14,0,9 12,1,30,,10641,14,0,9 12,1,70,,10654,14,0,9 12,1,30,,10652,14,0,9 12,1,25,,10638,14,0,9 12,1,45,,10653,14,0,9 12,1,30,,10639,14,0,9 12,1,70,,10656,14,0,9 12,1,30,,10648,14,0,9 12,1,70,,10635,14,0,9 12,1,30,,10645,14,0,9 12,1,70,,10637,14,0,9 12,1
40601,'1',1130,,17782,14,0,9 12,1,100,,2131,14,0,9 12,1,100,,17785,14,0,9 12,1,100,,17781,14,0,9 12,1,100,,17783,14,0,9 12,1,100,,17786,14,0,9 12,1,100,,17784,14,0,9 12,1
40601,'10',700,,17798,14,0,9 12,1,30,,17815,14,0,9 12,1,70,,17807,14,0,9 12,1,30,,17814,14,0,9 12,1,70,,17794,14,0,9 12,1,30,,17788,14,0,9 12,1,70,,17795,14,0,9 12,1,30,,17803,14,0,9 12,1,70,,17787,14,0,9 12,1,30,,17797,14,0,9 12,1,70,,17800,14,0,9 12,1,30,,17811,14,0,9 12,1,70,,17813,14,0,9 12,1,30,,17793,14,0,9 12,1,70,,17808,14,0,9 12,1,30,,17789,14,0,9 12,1,70,,17799,14,0,9 12,1,30,,17812,14,0,9 12,1,70,,17801,14,0,9 12,1,30,,17809,14,0,9 12,1,70,,17805,14,0,9 12,1,30,,17791,14,0,9 12,1,70,,17796,14,0,9 12,1,30,,17792,14,0,9 12,1,100,,17810,14,0,9 12,1,100,,17802,14,0,9 12,1,100,,17806,14,0,9 12,1,100,,17790,14,0,9 12,1,100,,17804,14,0,9 12,1
40601,'12',930,,6844,14,0,9 12,1,100,,17826,14,0,9 12,1,70,,17827,14,0,9 12,1,30,,17819,14,0,9 12,1,70,,6118,14,0,9 12,1,30,,17825,14,0,9 12,1,70,,17824,14,0,9 12,1,30,,17823,14,0,9 12,1,70,,17828,14,0,9 12,1,30,,17832,14,0,9 12,1,70,,17829,14,0,9 12,1,30,,17822,14,0,9 12,1,70,,17830,14,0,9 12,1,30,,17821,14,0,9 12,1,70,,17818,14,0,9 12,1,30,,17831,14,0,9 12,1,70,,17817,14,0,9 12,1,30,,17816,14,0,9 12,1,100,,17820,14,0,9 12,1
40601,'15',1830,,17838,14,0,9 12,1,100,,17833,14,0,9 12,1,100,,17834,14,0,9 12,1,100,,17835,14,0,9 12,1,100,,17836,14,0,9 12,1,100,,17837,14,0,9 12,1
40601,'16',1830,,17844,14,0,9 12,1,100,,17839,14,0,9 12,1,100,,17840,14,0,9 12,1,100,,17841,14,0,9 12,1,100,,17842,14,0,9 12,1,100,,17843,14,0,9 12,1
40601,'17',1830,,17850,14,0,9 12,1,100,,17845,14,0,9 12,1,100,,17846,14,0,9 12,1,100,,17847,14,0,9 12,1,100,,17848,14,0,9 12,1,100,,17849,14,0,9 12,1
40601,'19',1830,,17856,14,0,9 12,1,100,,17851,14,0,9 12,1,100,,17852,14,0,9 12,1,100,,17853,14,0,9 12,1,100,,17854,14,0,9 12,1,100,,17855,14,0,9 12,1
40601,'21',700,,17866,14,0,9 12,1,30,,17881,14,0,9 12,1,70,,17873,14,0,9 12,1,30,,17880,14,0,9 12,1,70,,7356,14,0,9 12,1,30,,17858,14,0,9 12,1,70,,17863,14,0,9 12,1,30,,17871,14,0,9 12,1,70,,17857,14,0,9 12,1,30,,17865,14,0,9 12,1,70,,17868,14,0,9 12,1,30,,17877,14,0,9 12,1,70,,17879,14,0,9 12,1,30,,17862,14,0,9 12,1,70,,17874,14,0,9 12,1,30,,17859,14,0,9 12,1,70,,17867,14,0,9 12,1,30,,17878,14,0,9 12,1,70,,17869,14,0,9 12,1,30,,17875,14,0,9 12,1,70,,17872,14,0,9 12,1,30,,17861,14,0,9 12,1,70,,17864,14,0,9 12,1,30,,5387,14,0,9 12,1,100,,17876,14,0,9 12,1,100,,17870,14,0,9 12,1,100,,6340,14,0,9 12,1,100,,17860,14,0,9 12,1,100,,6898,14,0,9 12,1
40601,'5',1830,,17887,14,0,9 12,1,100,,17882,14,0,9 12,1,100,,17883,14,0,9 12,1,100,,17884,14,0,9 12,1,100,,17885,14,0,9 12,1,100,,17886,14,0,9 12,1
40601,'6',1830,,17893,14,0,9 12,1,100,,17888,14,0,9 12,1,100,,17889,14,0,9 12,1,100,,17890,14,0,9 12,1,100,,17891,14,0,9 12,1,100,,17892,14,0,9 12,1
