30801,'12',645,,34328,28,0,64 38,1,70,,34314,28,0,64 38,1,30,,34325,28,0,64 38,1,70,,34324,28,0,64 38,1,30,,34307,28,0,64 38,1,70,,34326,28,0,64 38,1,30,,34312,28,0,64 38,1,70,,34316,28,0,64 38,1,30,,34329,28,0,64 38,1,70,,34322,28,0,64 38,1,30,,34319,28,0,64 38,1,70,,34309,28,0,64 38,1,30,,34310,28,0,64 38,1,70,,34318,28,0,64 38,1,30,,34313,28,0,64 38,1,70,,34315,28,0,64 38,1,40,,34317,28,0,64 38,1,70,,34308,28,0,64 38,1,30,,34311,28,0,64 38,1,70,,34320,28,0,64 38,1,30,,34323,28,0,64 38,1,70,,34327,28,0,64 38,1,30,,34321,28,0,64 38,1
30801,'13',645,,34346,28,0,64 38,1,70,,34334,28,0,64 38,1,30,,34344,28,0,64 38,1,70,,34343,28,0,64 38,1,30,,28358,28,0,64 38,1,70,,34345,28,0,64 38,1,30,,29463,28,0,64 38,1,70,,34336,28,0,64 38,1,30,,34347,28,0,64 38,1,70,,34342,28,0,64 38,1,30,,34339,28,0,64 38,1,70,,28145,28,0,64 38,1,30,,34331,28,0,64 38,1,70,,34338,28,0,64 38,1,30,,34333,28,0,64 38,1,70,,34335,28,0,64 38,1,40,,34337,28,0,64 38,1,70,,34330,28,0,64 38,1,30,,34332,28,0,64 38,1,70,,34340,28,0,64 38,1,30,,27448,28,0,64 38,1,70,,29291,28,0,64 38,1,30,,34341,28,0,64 38,1
30801,'3',645,,34364,28,0,64 38,1,70,,34352,28,0,64 38,1,30,,34362,28,0,64 38,1,70,,34361,28,0,64 38,1,30,,28376,28,0,64 38,1,70,,34363,28,0,64 38,1,30,,29584,28,0,64 38,1,70,,34354,28,0,64 38,1,30,,34365,28,0,64 38,1,70,,34360,28,0,64 38,1,30,,34357,28,0,64 38,1,70,,28167,28,0,64 38,1,30,,34349,28,0,64 38,1,70,,34356,28,0,64 38,1,30,,34351,28,0,64 38,1,70,,34353,28,0,64 38,1,40,,34355,28,0,64 38,1,70,,34348,28,0,64 38,1,30,,34350,28,0,64 38,1,70,,34358,28,0,64 38,1,30,,27497,28,0,64 38,1,70,,29310,28,0,64 38,1,30,,34359,28,0,64 38,1
30801,'6',645,,34387,28,0,64 38,1,70,,34373,28,0,64 38,1,30,,34384,28,0,64 38,1,70,,34383,28,0,64 38,1,30,,34366,28,0,64 38,1,70,,34385,28,0,64 38,1,30,,34371,28,0,64 38,1,70,,34375,28,0,64 38,1,30,,34388,28,0,64 38,1,70,,34381,28,0,64 38,1,30,,34378,28,0,64 38,1,70,,34368,28,0,64 38,1,30,,34369,28,0,64 38,1,70,,34377,28,0,64 38,1,30,,34372,28,0,64 38,1,70,,34374,28,0,64 38,1,40,,34376,28,0,64 38,1,70,,34367,28,0,64 38,1,30,,34370,28,0,64 38,1,70,,34379,28,0,64 38,1,30,,34382,28,0,64 38,1,70,,34386,28,0,64 38,1,30,,34380,28,0,64 38,1
33700,'1',715,,36993,22,,,1,30,,37006,22,,,1,70,,37000,22,,,1,30,,37011,22,,,1,70,,36982,22,,,1,30,,37002,22,,,1,70,,37025,22,,,1,30,,36994,22,,,1,70,,37007,22,,,1,30,,36997,22,,,1,70,,36992,22,,,1,30,,37009,22,,,1,70,,37016,22,,,1,30,,36988,22,,,1,70,,37024,22,,,1,30,,37027,22,,,1,70,,37014,22,,,1,30,,36995,22,,,1,70,,36983,22,,,1,30,,37004,22,,,1,70,,36991,22,,,1,30,,36996,22,,,1,70,,36986,22,,,1,30,,37022,22,,,1,70,,31991,22,,,1
33700,'11',715,,37041,22,,,1,30,,37056,22,,,1,70,,37049,22,,,1,30,,37061,22,,,1,70,,37029,22,,,1,30,,37051,22,,,1,70,,37075,22,,,1,30,,37042,22,,,1,70,,37057,22,,,1,30,,37046,22,,,1,70,,37040,22,,,1,30,,37059,22,,,1,70,,37066,22,,,1,30,,37036,22,,,1,70,,37074,22,,,1,30,,37077,22,,,1,70,,37064,22,,,1,30,,37043,22,,,1,70,,37030,22,,,1,30,,37053,22,,,1,70,,37039,22,,,1,30,,37044,22,,,1,70,,37034,22,,,1,30,,37072,22,,,1,70,,37033,22,,,1
33700,'12',645,,37100,22,,,1,70,,37111,22,,,1,30,,37082,22,,,1,70,,37089,22,,,1,30,,37103,22,,,1,70,,37090,22,,,1,30,,37116,22,,,1,70,,37087,22,,,1,30,,37104,22,,,1,70,,37097,22,,,1,30,,37079,22,,,1,70,,37088,22,,,1,30,,37109,22,,,1,70,,37124,22,,,1,30,,37094,22,,,1,70,,37095,22,,,1,30,,37122,22,,,1,70,,37102,22,,,1,30,,37119,22,,,1,70,,37113,22,,,1,30,,37099,22,,,1,70,,37101,22,,,1,30,,37117,22,,,1,70,,37114,22,,,1,30,,37080,22,,,1
33700,'13',645,,37145,22,,,1,70,,37154,22,,,1,30,,37132,22,,,1,70,,37136,22,,,1,30,,29323,22,,,1,70,,37137,22,,,1,30,,37156,22,,,1,70,,29041,22,,,1,30,,37147,22,,,1,70,,37142,22,,,1,30,,37129,22,,,1,70,,28682,22,,,1,30,,37152,22,,,1,70,,37163,22,,,1,30,,37140,22,,,1,70,,37141,22,,,1,30,,37161,22,,,1,70,,27428,22,,,1,30,,37159,22,,,1,70,,29162,22,,,1,30,,37144,22,,,1,70,,37146,22,,,1,30,,37157,22,,,1,70,,32600,22,,,1,30,,37130,22,,,1
33700,'14',1115,,37187,22,,,1,30,,37176,22,,,1,70,,37191,22,,,1,30,,37178,22,,,1,70,,37184,22,,,1,30,,37189,22,,,1,70,,37171,22,,,1,30,,37186,22,,,1,70,,37167,22,,,1,30,,37179,22,,,1,70,,37185,22,,,1,30,,37180,22,,,1,70,,37173,22,,,1,30,,37172,22,,,1,70,,37182,22,,,1
33700,'16',715,,37208,22,,,1,30,,37221,22,,,1,70,,37215,22,,,1,30,,37226,22,,,1,70,,37197,22,,,1,30,,37217,22,,,1,70,,37240,22,,,1,30,,37209,22,,,1,70,,37222,22,,,1,30,,37212,22,,,1,70,,37207,22,,,1,30,,37224,22,,,1,70,,37231,22,,,1,30,,37203,22,,,1,70,,37239,22,,,1,30,,37242,22,,,1,70,,37229,22,,,1,30,,37210,22,,,1,70,,37198,22,,,1,30,,37219,22,,,1,70,,37206,22,,,1,30,,37211,22,,,1,70,,37201,22,,,1,30,,37237,22,,,1,70,,32029,22,,,1
33700,'3',645,,37260,22,,,1,70,,37269,22,,,1,30,,37247,22,,,1,70,,37251,22,,,1,30,,29344,22,,,1,70,,37252,22,,,1,30,,37271,22,,,1,70,,29047,22,,,1,30,,37262,22,,,1,70,,37257,22,,,1,30,,37244,22,,,1,70,,28726,22,,,1,30,,37267,22,,,1,70,,37278,22,,,1,30,,37255,22,,,1,70,,37256,22,,,1,30,,37276,22,,,1,70,,27477,22,,,1,30,,37274,22,,,1,70,,29172,22,,,1,30,,37259,22,,,1,70,,37261,22,,,1,30,,37272,22,,,1,70,,32607,22,,,1,30,,37245,22,,,1
33700,'6',645,,37304,22,,,1,70,,37315,22,,,1,30,,37286,22,,,1,70,,37293,22,,,1,30,,37307,22,,,1,70,,37294,22,,,1,30,,37320,22,,,1,70,,37291,22,,,1,30,,37308,22,,,1,70,,37301,22,,,1,30,,37283,22,,,1,70,,37292,22,,,1,30,,37313,22,,,1,70,,37328,22,,,1,30,,37298,22,,,1,70,,37299,22,,,1,30,,37326,22,,,1,70,,37306,22,,,1,30,,37323,22,,,1,70,,37317,22,,,1,30,,37303,22,,,1,70,,37305,22,,,1,30,,37321,22,,,1,70,,37318,22,,,1,30,,37284,22,,,1
33700,'8',1145,,37337,22,,,1,70,,37340,22,,,1,30,,37352,22,,,1,70,,37343,22,,,1,30,,37344,22,,,1,70,,29852,22,,,1,30,,37359,22,,,1,70,,37333,22,,,1,30,,37346,22,,,1,70,,37348,22,,,1,30,,37358,22,,,1,70,,37354,22,,,1,30,,37355,22,,,1,70,,37334,22,,,1,30,,37335,22,,,1
40801,'1',700,,39214,28,0,64 38,1,30,,39212,28,0,64 38,1,70,,31913,28,0,64 38,1,30,,39216,28,0,64 38,1,70,,22901,28,0,64 38,1,30,,39218,28,0,64 38,1,70,,39232,28,0,64 38,1,30,,39229,28,0,64 38,1,70,,39223,28,0,64 38,1,30,,39222,28,0,64 38,1,70,,39220,28,0,64 38,1,30,,39226,28,0,64 38,1,70,,39235,28,0,64 38,1,30,,39230,28,0,64 38,1,70,,39221,28,0,64 38,1,30,,39211,28,0,64 38,1,70,,39227,28,0,64 38,1,30,,39215,28,0,64 38,1,70,,39225,28,0,64 38,1,30,,39219,28,0,64 38,1,70,,39213,28,0,64 38,1,30,,39236,28,0,64 38,1,70,,39233,28,0,64 38,1,30,,39234,28,0,64 38,1,100,,39231,28,0,64 38,1,100,,39217,28,0,64 38,1,100,,39237,28,0,64 38,1,100,,39228,28,0,64 38,1,100,,39224,28,0,64 38,1
40801,'11',700,,39242,28,0,64 38,1,30,,39240,28,0,64 38,1,70,,39238,28,0,64 38,1,30,,39244,28,0,64 38,1,70,,39258,28,0,64 38,1,30,,39246,28,0,64 38,1,70,,39261,28,0,64 38,1,30,,39257,28,0,64 38,1,70,,39251,28,0,64 38,1,30,,39250,28,0,64 38,1,70,,39248,28,0,64 38,1,30,,39254,28,0,64 38,1,70,,39264,28,0,64 38,1,30,,39259,28,0,64 38,1,70,,39249,28,0,64 38,1,30,,39239,28,0,64 38,1,70,,39255,28,0,64 38,1,30,,39243,28,0,64 38,1,70,,39253,28,0,64 38,1,30,,39247,28,0,64 38,1,70,,39241,28,0,64 38,1,30,,39265,28,0,64 38,1,70,,39262,28,0,64 38,1,30,,39263,28,0,64 38,1,100,,39260,28,0,64 38,1,100,,39245,28,0,64 38,1,100,,39266,28,0,64 38,1,100,,39256,28,0,64 38,1,100,,39252,28,0,64 38,1
40801,'12',1830,,39267,28,0,64 38,1,100,,39272,28,0,64 38,1,100,,39270,28,0,64 38,1,100,,39268,28,0,64 38,1,100,,39269,28,0,64 38,1,100,,39271,28,0,64 38,1
40801,'13',1830,,39273,28,0,64 38,1,100,,39278,28,0,64 38,1,100,,39276,28,0,64 38,1,100,,39274,28,0,64 38,1,100,,39275,28,0,64 38,1,100,,39277,28,0,64 38,1
40801,'14',1130,,39282,28,0,64 38,1,100,,39280,28,0,64 38,1,100,,39281,28,0,64 38,1,100,,39285,28,0,64 38,1,100,,39283,28,0,64 38,1,100,,39279,28,0,64 38,1,100,,39284,28,0,64 38,1
40801,'16',700,,39289,28,0,64 38,1,30,,39287,28,0,64 38,1,70,,31950,28,0,64 38,1,30,,39291,28,0,64 38,1,70,,32045,28,0,64 38,1,30,,39293,28,0,64 38,1,70,,39307,28,0,64 38,1,30,,39304,28,0,64 38,1,70,,39298,28,0,64 38,1,30,,39297,28,0,64 38,1,70,,39295,28,0,64 38,1,30,,39301,28,0,64 38,1,70,,39310,28,0,64 38,1,30,,39305,28,0,64 38,1,70,,39296,28,0,64 38,1,30,,39286,28,0,64 38,1,70,,39302,28,0,64 38,1,30,,39290,28,0,64 38,1,70,,39300,28,0,64 38,1,30,,39294,28,0,64 38,1,70,,39288,28,0,64 38,1,30,,39311,28,0,64 38,1,70,,39308,28,0,64 38,1,30,,39309,28,0,64 38,1,100,,39306,28,0,64 38,1,100,,39292,28,0,64 38,1,100,,39312,28,0,64 38,1,100,,39303,28,0,64 38,1,100,,39299,28,0,64 38,1
40801,'3',1830,,39313,28,0,64 38,1,100,,39318,28,0,64 38,1,100,,39316,28,0,64 38,1,100,,39314,28,0,64 38,1,100,,39315,28,0,64 38,1,100,,39317,28,0,64 38,1
40801,'6',1830,,39319,28,0,64 38,1,100,,39324,28,0,64 38,1,100,,39322,28,0,64 38,1,100,,39320,28,0,64 38,1,100,,39321,28,0,64 38,1,100,,39323,28,0,64 38,1
40801,'8',930,,39331,28,0,64 38,1,100,,39335,28,0,64 38,1,70,,32236,28,0,64 38,1,30,,39326,28,0,64 38,1,70,,39341,28,0,64 38,1,30,,39332,28,0,64 38,1,70,,39339,28,0,64 38,1,30,,39333,28,0,64 38,1,70,,30587,28,0,64 38,1,30,,39336,28,0,64 38,1,70,,39325,28,0,64 38,1,30,,39338,28,0,64 38,1,70,,39327,28,0,64 38,1,30,,39330,28,0,64 38,1,70,,39337,28,0,64 38,1,30,,39334,28,0,64 38,1,70,,39329,28,0,64 38,1,30,,39328,28,0,64 38,1,100,,39340,28,0,64 38,1
43700,'1',1932,,41864,14,,,1,100,,41858,14,,,1,100,,41865,14,,,1,100,,41859,14,,,1,100,,41860,14,,,1
43700,'11',1932,,41874,14,,,1,100,,41867,14,,,1,100,,41875,14,,,1,100,,41868,14,,,1,100,,41869,14,,,1
43700,'12',1932,,41877,14,,,1,100,,41885,14,,,1,100,,41879,14,,,1,100,,41883,14,,,1,100,,41882,14,,,1
43700,'13',1932,,41887,14,,,1,100,,41894,14,,,1,100,,41889,14,,,1,100,,27816,14,,,1,100,,41892,14,,,1
43700,'16',1932,,41902,14,,,1,100,,41896,14,,,1,100,,41903,14,,,1,100,,41897,14,,,1,100,,41898,14,,,1
43700,'3',1932,,41905,14,,,1,100,,41912,14,,,1,100,,41907,14,,,1,100,,27839,14,,,1,100,,41910,14,,,1
43700,'6',1932,,41914,14,,,1,100,,41922,14,,,1,100,,41916,14,,,1,100,,41920,14,,,1,100,,41919,14,,,1
