30100,'11',622,,27361,10,0,5 6,1,30,,27337,10,0,5 6,1,70,,27355,10,0,5 6,1,30,,27370,10,0,5 6,1,70,,27336,10,0,5 6,1,30,,6785,10,0,5 6,1,70,,27357,10,0,5 6,1,30,,22225,10,0,5 6,1,70,,27367,10,0,5 6,1,30,,24152,10,0,5 6,1,70,,27356,10,0,5 6,1,30,,27363,10,0,5 6,1,70,,27349,10,0,5 6,1,30,,27359,10,0,5 6,1,70,,27348,10,0,5 6,1,30,,27333,10,0,5 6,1,70,,22859,10,0,5 6,1,30,,27365,10,0,5 6,1,70,,27358,10,0,5 6,1,30,,27344,10,0,5 6,1,70,,27345,10,0,5 6,1,30,,27369,10,0,5 6,1,70,,27347,10,0,5 6,1
30100,'3',622,,27399,10,0,5 6,1,30,,27375,10,0,5 6,1,70,,27393,10,0,5 6,1,30,,27408,10,0,5 6,1,70,,27374,10,0,5 6,1,30,,6829,10,0,5 6,1,70,,27395,10,0,5 6,1,30,,22244,10,0,5 6,1,70,,27405,10,0,5 6,1,30,,24162,10,0,5 6,1,70,,27394,10,0,5 6,1,30,,27401,10,0,5 6,1,70,,27387,10,0,5 6,1,30,,27397,10,0,5 6,1,70,,27386,10,0,5 6,1,30,,27371,10,0,5 6,1,70,,22879,10,0,5 6,1,30,,27403,10,0,5 6,1,70,,27396,10,0,5 6,1,30,,27382,10,0,5 6,1,70,,27383,10,0,5 6,1,30,,27407,10,0,5 6,1,70,,27385,10,0,5 6,1
30101,'11',637,,27435,40,0,5 15,1,70,,27442,40,0,5 15,1,30,,27415,40,0,5 15,1,70,,27427,40,0,5 15,1,30,,27413,40,0,5 15,1,70,,27431,40,0,5 15,1,30,,21483,40,0,5 15,1,70,,27430,40,0,5 15,1,30,,27446,40,0,5 15,1,70,,27457,40,0,5 15,1,30,,27418,40,0,5 15,1,70,,27412,40,0,5 15,1,30,,27424,40,0,5 15,1,70,,27452,40,0,5 15,1,30,,27428,40,0,5 15,1,70,,27421,40,0,5 15,1,30,,27438,40,0,5 15,1,70,,27420,40,0,5 15,1,30,,27409,40,0,5 15,1,70,,27450,40,0,5 15,1,30,,27445,40,0,5 15,1,70,,27444,40,0,5 15,1,30,,27411,40,0,5 15,1,70,,27417,40,0,5 15,1
30101,'3',637,,27484,40,0,5 15,1,70,,27491,40,0,5 15,1,30,,27464,40,0,5 15,1,70,,27476,40,0,5 15,1,30,,27462,40,0,5 15,1,70,,27480,40,0,5 15,1,30,,21522,40,0,5 15,1,70,,27479,40,0,5 15,1,30,,27495,40,0,5 15,1,70,,27506,40,0,5 15,1,30,,27467,40,0,5 15,1,70,,27461,40,0,5 15,1,30,,27473,40,0,5 15,1,70,,27501,40,0,5 15,1,30,,27477,40,0,5 15,1,70,,27470,40,0,5 15,1,30,,27487,40,0,5 15,1,70,,27469,40,0,5 15,1,30,,27458,40,0,5 15,1,70,,27499,40,0,5 15,1,30,,27494,40,0,5 15,1,70,,27493,40,0,5 15,1,30,,27460,40,0,5 15,1,70,,27466,40,0,5 15,1
40100,'1',621,,29888,10,0,8,1,30,,29890,10,0,8,1,70,,29908,10,0,8,1,30,,29891,10,0,8,1,70,,29871,10,0,8,1,30,,29897,10,0,8,1,70,,29910,10,0,8,1,30,,29914,10,0,8,1,72,,29887,10,0,8,1,30,,29916,10,0,8,1,70,,29919,10,0,8,1,30,,23084,10,0,8,1,70,,29889,10,0,8,1,30,,29909,10,0,8,1,70,,29877,10,0,8,1,30,,24668,10,0,8,1,68,,29903,10,0,8,1,30,,29881,10,0,8,1,70,,29874,10,0,8,1,30,,29901,10,0,8,1,70,,29900,10,0,8,1,30,,29892,10,0,8,1,70,,29876,10,0,8,1,30,,29880,10,0,8,1,100,,29906,10,0,8,1,99,,29883,10,0,8,1,100,,29885,10,0,8,1,100,,29872,10,0,8,1,100,,29870,10,0,8,1,100,,29896,10,0,8,1
40100,'11',1751,,29931,10,0,8,1,100,,29920,10,0,8,1,99,,29923,10,0,8,1,100,,29922,10,0,8,1,100,,24724,10,0,8,1,100,,29926,10,0,8,1,100,,29921,10,0,8,1
40100,'12',1053,,29938,10,0,8,1,100,,29939,10,0,8,1,100,,29936,10,0,8,1,100,,29933,10,0,8,1,98,,29937,10,0,8,1,100,,29941,10,0,8,1,100,,25360,10,0,8,1,100,,29944,10,0,8,1
40100,'14',621,,24954,10,0,8,1,30,,29970,10,0,8,1,70,,29991,10,0,8,1,30,,29971,10,0,8,1,70,,29948,10,0,8,1,30,,29978,10,0,8,1,70,,29993,10,0,8,1,30,,29997,10,0,8,1,72,,29968,10,0,8,1,30,,24808,10,0,8,1,70,,30001,10,0,8,1,30,,29977,10,0,8,1,70,,25531,10,0,8,1,30,,29992,10,0,8,1,70,,29954,10,0,8,1,30,,29965,10,0,8,1,68,,29986,10,0,8,1,30,,29958,10,0,8,1,70,,29951,10,0,8,1,30,,29983,10,0,8,1,70,,29981,10,0,8,1,30,,29972,10,0,8,1,70,,29953,10,0,8,1,30,,29957,10,0,8,1,100,,29989,10,0,8,1,99,,29961,10,0,8,1,100,,29966,10,0,8,1,100,,29949,10,0,8,1,100,,29947,10,0,8,1,100,,29976,10,0,8,1
40100,'3',1751,,30013,10,0,8,1,100,,30002,10,0,8,1,99,,30005,10,0,8,1,100,,30004,10,0,8,1,100,,24826,10,0,8,1,100,,30008,10,0,8,1,100,,30003,10,0,8,1
40100,'8',851,,30016,10,0,8,1,100,,30021,10,0,8,1,72,,30033,10,0,8,1,30,,30031,10,0,8,1,70,,30039,10,0,8,1,30,,30017,10,0,8,1,70,,30045,10,0,8,1,30,,30029,10,0,8,1,70,,30037,10,0,8,1,30,,30052,10,0,8,1,68,,30038,10,0,8,1,30,,30022,10,0,8,1,70,,30034,10,0,8,1,30,,30044,10,0,8,1,70,,30050,10,0,8,1,30,,30018,10,0,8,1,70,,30053,10,0,8,1,30,,30028,10,0,8,1,100,,30026,10,0,8,1,99,,30049,10,0,8,1
40101,'1',650,,23186,40,0,16,1,70,,30054,40,0,16,1,30,,30088,40,0,16,1,70,,30091,40,0,16,1,30,,30100,40,0,16,1,70,,23738,40,0,16,1,30,,30097,40,0,16,1,70,,23845,40,0,16,1,30,,30067,40,0,16,1,70,,30099,40,0,16,1,30,,30056,40,0,16,1,70,,30093,40,0,16,1,30,,30072,40,0,16,1,70,,30103,40,0,16,1,30,,30092,40,0,16,1,70,,30064,40,0,16,1,30,,30094,40,0,16,1,70,,30096,40,0,16,1,30,,30059,40,0,16,1,70,,30079,40,0,16,1,30,,30102,40,0,16,1,70,,30077,40,0,16,1,30,,30081,40,0,16,1,70,,30071,40,0,16,1,30,,23124,40,0,16,1,100,,30080,40,0,16,1,100,,30087,40,0,16,1,100,,30074,40,0,16,1,100,,24200,40,0,16,1,100,,23436,40,0,5,1
40101,'11',1850,,30112,40,0,16,1,100,,30113,40,0,16,1,100,,30106,40,0,16,1,100,,30114,40,0,16,1,100,,30109,40,0,16,1,100,,30111,40,0,5,1
40101,'12',1050,,30124,40,0,16,1,100,,30123,40,0,16,1,100,,30127,40,0,16,1,100,,30118,40,0,16,1,100,,30117,40,0,16,1,100,,30128,40,0,16,1,100,,30131,40,0,16,1,100,,30125,40,0,5,1
40101,'14',650,,30168,40,0,16,1,70,,30132,40,0,16,1,30,,26051,40,0,16,1,70,,30172,40,0,16,1,30,,30181,40,0,16,1,70,,30170,40,0,16,1,30,,30178,40,0,16,1,70,,30141,40,0,16,1,30,,30147,40,0,16,1,70,,30180,40,0,16,1,30,,30134,40,0,16,1,70,,30174,40,0,16,1,30,,30152,40,0,16,1,70,,30184,40,0,16,1,30,,30173,40,0,16,1,70,,30144,40,0,16,1,30,,30175,40,0,16,1,70,,30177,40,0,16,1,30,,30137,40,0,16,1,70,,30160,40,0,16,1,30,,30183,40,0,16,1,70,,30158,40,0,16,1,30,,30162,40,0,16,1,70,,25982,40,0,16,1,30,,30146,40,0,16,1,100,,30161,40,0,16,1,100,,30167,40,0,16,1,100,,30155,40,0,16,1,100,,30150,40,0,16,1,100,,30164,40,0,5,1
40101,'3',1850,,30193,40,0,16,1,100,,30194,40,0,16,1,100,,30187,40,0,16,1,100,,30195,40,0,16,1,100,,30190,40,0,16,1,100,,30192,40,0,5,1
40101,'8',850,,30221,40,0,16,1,100,,30198,40,0,16,1,100,,30225,40,0,16,1,70,,30212,40,0,16,1,30,,30231,40,0,16,1,70,,30205,40,0,16,1,30,,30216,40,0,16,1,70,,30199,40,0,16,1,30,,30218,40,0,16,1,70,,30214,40,0,16,1,30,,30232,40,0,16,1,70,,30224,40,0,16,1,30,,30235,40,0,16,1,70,,30234,40,0,16,1,30,,30203,40,0,16,1,70,,30206,40,0,16,1,30,,30223,40,0,16,1,70,,30236,40,0,16,1,30,,30222,40,0,16,1,100,,30210,40,0,16,1
