30201,'11',621,,26509,5,0,24,1,30,,27551,5,0,24,1,70,,27568,5,0,24,1,30,,27555,5,0,24,1,70,,27556,5,0,24,1,30,,27557,5,0,24,1,70,,27558,5,0,24,1,30,,27572,5,0,24,1,70,,27563,5,0,24,1,30,,27562,5,0,24,1,70,,27567,5,0,24,1,30,,27561,5,0,24,1,70,,27564,5,0,24,1,30,,27566,5,0,24,1,70,,27565,5,0,24,1,30,,27569,5,0,24,1,73,,27560,5,0,24,1,78,,23616,5,0,24,1,30,,27552,5,0,24,1,70,,27570,5,0,24,1,30,,27571,5,0,24,1,70,,27553,5,0,24,1,30,,27554,5,0,24,1,70,,27559,5,0,24,1
30201,'3',621,,26574,5,0,24,1,30,,27573,5,0,24,1,70,,27590,5,0,24,1,30,,27577,5,0,24,1,70,,27578,5,0,24,1,30,,27579,5,0,24,1,70,,27580,5,0,24,1,30,,27594,5,0,24,1,70,,27585,5,0,24,1,30,,27584,5,0,24,1,70,,27589,5,0,24,1,30,,27583,5,0,24,1,70,,27586,5,0,24,1,30,,27588,5,0,24,1,70,,27587,5,0,24,1,30,,27591,5,0,24,1,73,,27582,5,0,24,1,78,,23636,5,0,24,1,30,,27574,5,0,24,1,70,,27592,5,0,24,1,30,,27593,5,0,24,1,70,,27575,5,0,24,1,30,,27576,5,0,24,1,70,,27581,5,0,24,1
30901,'11',620,,28149,9,0,25 14 26,1,30,,28154,9,0,25 14 26,1,71,,28162,9,0,25 14 26,1,30,,23194,9,0,25 14 26,1,70,,28155,9,0,25 14 26,1,30,,28153,9,0,25 14 26,1,70,,28158,9,0,25 14 26,1,30,,28148,9,0,25 14 26,1,70,,28145,9,0,25 14 26,1,30,,28151,9,0,25 14 26,1,70,,28156,9,0,25 14 26,1,30,,28160,9,0,25 14 26,1,70,,21901,9,0,25 14 26,1,30,,28147,9,0,25 14 26,1,70,,28159,9,0,25 14 26,1,30,,28161,9,0,25 14 26,1,70,,28146,9,0,25 14 26,1,38,,28144,9,0,25 14 26,1,70,,28157,9,0,25 14 26,1,30,,28150,9,0,25 14 26,1,70,,28142,9,0,25 14 26,1,30,,28143,9,0,25 14 26,1,70,,28141,9,0,25 14 26,1,30,,22728,9,0,25 14 26,1,66,,28152,5,0,25 14 26,1
30901,'3',620,,28171,9,0,25 14 26,1,30,,28176,9,0,25 14 26,1,71,,28184,9,0,25 14 26,1,30,,23209,9,0,25 14 26,1,70,,28177,9,0,25 14 26,1,30,,28175,9,0,25 14 26,1,70,,28180,9,0,25 14 26,1,30,,28170,9,0,25 14 26,1,70,,28167,9,0,25 14 26,1,30,,28173,9,0,25 14 26,1,70,,28178,9,0,25 14 26,1,30,,28182,9,0,25 14 26,1,70,,21925,9,0,25 14 26,1,30,,28169,9,0,25 14 26,1,70,,28181,9,0,25 14 26,1,30,,28183,9,0,25 14 26,1,70,,28168,9,0,25 14 26,1,38,,28166,9,0,25 14 26,1,70,,28179,9,0,25 14 26,1,30,,28172,9,0,25 14 26,1,70,,28164,9,0,25 14 26,1,30,,28165,9,0,25 14 26,1,70,,28163,9,0,25 14 26,1,30,,22750,9,0,25 14 26,1,66,,28174,5,0,25 14 26,1
40201,'1',648,,30339,5,0,24,1,70,,30341,5,0,24,1,30,,30337,5,0,24,1,70,,30328,5,0,24,1,30,,30336,5,0,24,1,70,,30353,5,0,24,1,30,,22976,5,0,24,1,70,,24248,5,0,24,1,30,,30355,5,0,24,1,70,,30352,5,0,24,1,30,,30342,5,0,24,1,70,,30346,5,0,24,1,30,,30344,5,0,24,1,70,,30333,5,0,24,1,30,,30354,5,0,24,1,70,,30335,5,0,24,1,30,,30350,5,0,24,1,70,,30345,5,0,24,1,30,,30351,5,0,24,1,70,,30340,5,0,24,1,30,,30349,5,0,24,1,70,,30332,5,0,24,1,30,,30338,5,0,24,1,70,,30334,5,0,24,1,30,,30329,5,0,24,1,100,,30347,5,0,24,1,100,,30331,5,0,24,1,100,,30348,5,0,24,1,100,,30330,5,0,24,1,100,,30343,5,0,24,1
40201,'11',1848,,24732,5,0,24,1,100,,30357,5,0,24,1,100,,30359,5,0,24,1,100,,30356,5,0,24,1,100,,30360,5,0,24,1,100,,30358,5,0,24,1
40201,'12',1148,,30366,5,0,24,1,100,,30367,5,0,24,1,100,,30365,5,0,24,1,100,,30363,5,0,24,1,100,,30364,5,0,24,1,100,,30361,5,0,24,1,100,,30362,5,0,24,1
40201,'14',648,,30378,5,0,24,1,70,,30380,5,0,24,1,30,,30377,5,0,24,1,70,,30368,5,0,24,1,30,,30376,5,0,24,1,70,,30392,5,0,24,1,30,,30383,5,0,24,1,70,,30373,5,0,24,1,30,,30394,5,0,24,1,70,,30391,5,0,24,1,30,,30381,5,0,24,1,70,,30385,5,0,24,1,30,,30382,5,0,24,1,70,,30374,5,0,24,1,30,,30393,5,0,24,1,70,,30375,5,0,24,1,30,,30389,5,0,24,1,70,,30384,5,0,24,1,30,,30390,5,0,24,1,70,,30379,5,0,24,1,30,,30388,5,0,24,1,70,,30372,5,0,24,1,30,,27323,5,0,24,1,70,,26772,5,0,24,1,30,,30369,5,0,24,1,100,,30386,5,0,24,1,100,,30371,5,0,24,1,100,,30387,5,0,24,1,100,,30370,5,0,24,1,100,,23992,5,0,24,1
40201,'3',1848,,24833,5,0,24,1,100,,30396,5,0,24,1,100,,30398,5,0,24,1,100,,30395,5,0,24,1,100,,30399,5,0,24,1,100,,30397,5,0,24,1
40201,'8',948,,30408,5,0,24,1,100,,30403,5,0,24,1,70,,30402,5,0,24,1,30,,30414,5,0,24,1,70,,30412,5,0,24,1,30,,30410,5,0,24,1,70,,30406,5,0,24,1,30,,26389,5,0,24,1,70,,30400,5,0,24,1,30,,30411,5,0,24,1,70,,30404,5,0,24,1,30,,30401,5,0,24,1,70,,27053,5,0,24,1,30,,30415,5,0,24,1,70,,30407,5,0,24,1,30,,26881,5,0,24,1,70,,30409,5,0,24,1,30,,30405,5,0,24,1,100,,30413,5,0,24,1
40901,'1',648,,31036,9,0,25 12,1,70,,31051,9,0,25 12,1,30,,31052,9,0,25 12,1,70,,31026,9,0,25 12,1,30,,31030,9,0,25 12,1,70,,31031,9,0,25 12,1,30,,31050,9,0,25 12,1,70,,31027,9,0,25 12,1,30,,31035,9,0,25 12,1,70,,22839,9,0,25 12,1,30,,31044,9,0,25 12,1,70,,31048,9,0,25 12,1,30,,31029,9,0,25 12,1,70,,31040,9,0,25 12,1,30,,31047,9,0,25 12,1,70,,31045,9,0,25 12,1,30,,31038,9,0,25 12,1,70,,31049,9,0,25 12,1,30,,31028,9,0,25 12,1,70,,31039,9,0,25 12,1,30,,31032,9,0,25 12,1,70,,31042,9,0,25 12,1,30,,23719,9,0,25 12,1,70,,31037,9,0,25 12,1,30,,31034,9,0,25 12,1,100,,31046,9,0,25 12,1,100,,31043,9,0,25 12,1,100,,31041,9,0,25 12,1,100,,31033,9,0,25 12,1
40901,'11',1848,,31054,9,0,25 12,1,100,,26983,9,0,25 12,1,100,,31055,9,0,25 12,1,100,,21832,9,0,25 12,1,100,,31053,9,0,25 12,1
40901,'12',1048,,31058,9,0,25 12,1,100,,31060,9,0,25 12,1,100,,31056,9,0,25 12,1,100,,24528,9,0,25 12,1,100,,31057,9,0,25 12,1,100,,31062,9,0,25 12,1,100,,31059,9,0,25 12,1,100,,31061,9,0,25 12,1
40901,'14',648,,31073,9,0,25 12,1,70,,31089,9,0,25 12,1,30,,31090,9,0,25 12,1,70,,31063,9,0,25 12,1,30,,31067,9,0,25 12,1,70,,31068,9,0,25 12,1,30,,31088,9,0,25 12,1,70,,31064,9,0,25 12,1,30,,31072,9,0,25 12,1,70,,31076,9,0,25 12,1,30,,31082,9,0,25 12,1,70,,31086,9,0,25 12,1,30,,31066,9,0,25 12,1,70,,31078,9,0,25 12,1,30,,31085,9,0,25 12,1,70,,31083,9,0,25 12,1,30,,31075,9,0,25 12,1,70,,31087,9,0,25 12,1,30,,31065,9,0,25 12,1,70,,31077,9,0,25 12,1,30,,31070,9,0,25 12,1,70,,31080,9,0,25 12,1,30,,31069,9,0,25 12,1,70,,31074,9,0,25 12,1,30,,18097,9,0,25 12,1,100,,31084,9,0,25 12,1,100,,31081,9,0,25 12,1,100,,31079,9,0,25 12,1,100,,31071,9,0,25 12,1
40901,'3',1848,,31092,9,0,25 12,1,100,,27031,9,0,25 12,1,100,,31093,9,0,25 12,1,100,,21855,9,0,25 12,1,100,,31091,9,0,25 12,1
40901,'8',848,,31099,9,0,25 12,1,100,,31096,9,0,25 12,1,100,,31105,9,0,25 12,1,70,,31094,9,0,25 12,1,30,,31102,9,0,25 12,1,70,,31103,9,0,25 12,1,30,,31112,9,0,25 12,1,70,,31104,9,0,25 12,1,30,,31101,9,0,25 12,1,70,,31100,9,0,25 12,1,30,,31111,9,0,25 12,1,70,,31110,9,0,25 12,1,30,,31098,9,0,25 12,1,70,,31095,9,0,25 12,1,30,,31097,9,0,25 12,1,70,,31108,9,0,25 12,1,30,,31106,9,0,25 12,1,70,,31109,9,0,25 12,1,30,,26313,9,0,25 12,1,100,,31107,9,0,25 12,1
