30100,'1',600,,5423,0,5 6,1,30,,5435,0,5 6,1,70,,5438,0,5 6,1,30,,5433,0,5 6,1,70,,5450,0,5 6,1,30,,5422,0,5 6,1,70,,5417,0,5 6,1,30,,5409,0,5 6,1,70,,5453,0,5 6,1,30,,5418,0,5 6,1,70,,5434,0,5 6,1,30,,5414,0,5 6,1,70,,5425,0,5 6,1,30,,5445,0,5 6,1,70,,5424,0,5 6,1,30,,5419,0,5 6,1,70,,5443,0,5 6,1,30,,5413,0,5 6,1,70,,5440,0,5 6,1,30,,5426,0,5 6,1,70,,5408,0,5 6,1,30,,5431,0,5 6,1,70,,5428,0,5 6,1,30,,5444,0,5 6,1
30100,'10',600,,5470,0,5 6,1,30,,5482,0,5 6,1,70,,5485,0,5 6,1,30,,5480,0,5 6,1,70,,5497,0,5 6,1,30,,5469,0,5 6,1,70,,5464,0,5 6,1,30,,5456,0,5 6,1,70,,5500,0,5 6,1,30,,5465,0,5 6,1,70,,5481,0,5 6,1,30,,5461,0,5 6,1,70,,5472,0,5 6,1,30,,5492,0,5 6,1,70,,5471,0,5 6,1,30,,5466,0,5 6,1,70,,5490,0,5 6,1,30,,5460,0,5 6,1,70,,5487,0,5 6,1,30,,5473,0,5 6,1,70,,5455,0,5 6,1,30,,5478,0,5 6,1,70,,5475,0,5 6,1,30,,5491,0,5 6,1
30100,'11',600,,5513,0,5 6,1,30,,5524,0,5 6,1,70,,5526,0,5 6,1,30,,5522,0,5 6,1,70,,5537,0,5 6,1,30,,5512,0,5 6,1,70,,939,0,5 6,1,30,,5503,0,5 6,1,70,,5540,0,5 6,1,30,,5508,0,5 6,1,70,,5523,0,5 6,1,30,,3114,0,5 6,1,70,,5515,0,5 6,1,30,,5533,0,5 6,1,70,,5514,0,5 6,1,30,,5509,0,5 6,1,70,,5531,0,5 6,1,30,,5505,0,5 6,1,70,,5528,0,5 6,1,30,,5516,0,5 6,1,70,,5502,0,5 6,1,30,,5520,0,5 6,1,70,,5517,0,5 6,1,30,,5532,0,5 6,1
30100,'3',600,,5552,0,5 6,1,30,,5562,0,5 6,1,70,,5565,0,5 6,1,30,,2200,0,5 6,1,70,,5575,0,5 6,1,30,,5551,0,5 6,1,70,,914,0,5 6,1,30,,5542,0,5 6,1,70,,5578,0,5 6,1,30,,5547,0,5 6,1,70,,5561,0,5 6,1,30,,3034,0,5 6,1,70,,5554,0,5 6,1,30,,5571,0,5 6,1,70,,5553,0,5 6,1,30,,5548,0,5 6,1,70,,5036,0,5 6,1,30,,5544,0,5 6,1,70,,5567,0,5 6,1,30,,5555,0,5 6,1,70,,2231,0,5 6,1,30,,5559,0,5 6,1,70,,5556,0,5 6,1,30,,5570,0,5 6,1
30101,'1',545,,5589,0,5 15,1,70,,5616,0,5 15,1,30,,5593,0,5 15,1,70,,5628,0,5 15,1,30,,5620,0,5 15,1,70,,5626,0,5 15,1,30,,5609,0,5 15,1,70,,5585,0,5 15,1,30,,5596,0,5 15,1,70,,5582,0,5 15,1,30,,5612,0,5 15,1,70,,5614,0,5 15,1,30,,5605,0,5 15,1,70,,5611,0,5 15,1,30,,5603,0,5 15,1,70,,5621,0,5 15,1,30,,5601,0,5 15,1,70,,5623,0,5 15,1,30,,5613,0,5 15,1,70,,5600,0,5 15,1,30,,5590,0,5 15,1,70,,5580,0,5 15,1,30,,5608,0,5 15,1,70,,5615,0,5 15,1,30,,5586,0,5 15,1,70,,5622,0,5 15,1
30101,'10',545,,5639,0,5 15,1,70,,5666,0,5 15,1,30,,5643,0,5 15,1,70,,5678,0,5 15,1,30,,5670,0,5 15,1,70,,5676,0,5 15,1,30,,5659,0,5 15,1,70,,5635,0,5 15,1,30,,5646,0,5 15,1,70,,5632,0,5 15,1,30,,5662,0,5 15,1,70,,5664,0,5 15,1,30,,5655,0,5 15,1,70,,5661,0,5 15,1,30,,5653,0,5 15,1,70,,5671,0,5 15,1,30,,5651,0,5 15,1,70,,5673,0,5 15,1,30,,5663,0,5 15,1,70,,5650,0,5 15,1,30,,5640,0,5 15,1,70,,5630,0,5 15,1,30,,5658,0,5 15,1,70,,5665,0,5 15,1,30,,5636,0,5 15,1,70,,5672,0,5 15,1
30101,'11',545,,5687,0,5 15,1,70,,624,0,5 15,1,30,,5691,0,5 15,1,70,,5718,0,5 15,1,30,,5710,0,5 15,1,70,,5716,0,5 15,1,30,,2689,0,5 15,1,70,,5684,0,5 15,1,30,,5694,0,5 15,1,70,,5681,0,5 15,1,30,,621,0,5 15,1,70,,2459,0,5 15,1,30,,5702,0,5 15,1,70,,5704,0,5 15,1,30,,470,0,5 15,1,70,,5711,0,5 15,1,30,,5699,0,5 15,1,70,,5713,0,5 15,1,30,,5705,0,5 15,1,70,,5698,0,5 15,1,30,,5688,0,5 15,1,70,,2754,0,5 15,1,30,,2962,0,5 15,1,70,,5706,0,5 15,1,30,,2756,0,5 15,1,70,,5712,0,5 15,1
30101,'3',545,,5727,0,5 15,1,70,,600,0,5 15,1,30,,5731,0,5 15,1,70,,5758,0,5 15,1,30,,5750,0,5 15,1,70,,5756,0,5 15,1,30,,5742,0,5 15,1,70,,5723,0,5 15,1,30,,2381,0,5 15,1,70,,5721,0,5 15,1,30,,597,0,5 15,1,70,,5745,0,5 15,1,30,,5740,0,5 15,1,70,,5743,0,5 15,1,30,,445,0,5 15,1,70,,5751,0,5 15,1,30,,5737,0,5 15,1,70,,5753,0,5 15,1,30,,5744,0,5 15,1,70,,5736,0,5 15,1,30,,5728,0,5 15,1,70,,2708,0,5 15,1,30,,2882,0,5 15,1,70,,5746,0,5 15,1,30,,5724,0,5 15,1,70,,5752,0,5 15,1
40100,'1',1755,,10560,0,8,1,100,,10557,0,8,1,100,,10564,0,8,1,100,,10569,0,8,1,100,,10563,0,8,1,100,,10562,0,8,1,100,,10558,0,8,1
40100,'10',1755,,10574,0,8,1,100,,10571,0,8,1,100,,10578,0,8,1,100,,10583,0,8,1,100,,10577,0,8,1,100,,10576,0,8,1,100,,10572,0,8,1
40100,'11',1755,,10587,0,8,1,100,,10585,0,8,1,100,,10590,0,8,1,100,,10595,0,8,1,100,,1941,0,8,1,100,,10589,0,8,1,100,,1038,0,8,1
40100,'12',1055,,10600,0,8,1,100,,10612,0,8,1,100,,10608,0,8,1,100,,10597,0,8,1,100,,10598,0,8,1,100,,10603,0,8,1,100,,10606,0,8,1,100,,10601,0,8,1
40100,'14',625,,10658,0,8,1,30,,10618,0,8,1,70,,10652,0,8,1,30,,10660,0,8,1,70,,10656,0,8,1,30,,10664,0,8,1,70,,10619,0,8,1,30,,10623,0,8,1,70,,10621,0,8,1,30,,10646,0,8,1,70,,10647,0,8,1,30,,3712,0,8,1,70,,10659,0,8,1,30,,10637,0,8,1,70,,3661,0,8,1,30,,10661,0,8,1,70,,10642,0,8,1,30,,10649,0,8,1,70,,10648,0,8,1,30,,10633,0,8,1,70,,10624,0,8,1,30,,10638,0,8,1,70,,10653,0,8,1,30,,10665,0,8,1,100,,10663,0,8,1,100,,10626,0,8,1,100,,10640,0,8,1,100,,10654,0,8,1,100,,10632,0,8,1,100,,10662,0,8,1
40100,'3',1755,,10668,0,8,1,100,,10666,0,8,1,100,,10671,0,8,1,100,,10676,0,8,1,100,,1917,0,8,1,100,,10670,0,8,1,100,,1012,0,8,1
40100,'7',855,,10693,0,8,1,100,,10715,0,8,1,70,,10717,0,8,1,30,,10679,0,8,1,70,,10694,0,8,1,30,,10696,0,8,1,70,,10710,0,8,1,30,,10685,0,8,1,70,,10704,0,8,1,30,,10684,0,8,1,70,,10706,0,8,1,30,,10680,0,8,1,70,,10714,0,8,1,30,,10716,0,8,1,70,,10713,0,8,1,30,,10708,0,8,1,70,,10703,0,8,1,30,,10702,0,8,1,100,,10691,0,8,1,100,,10697,0,8,1
40101,'1',1855,,10724,0,16,1,100,,10725,0,16,1,100,,10723,0,16,1,100,,10726,0,16,1,100,,10719,0,16,1
40101,'10',1855,,10735,0,16,1,100,,10736,0,16,1,100,,10734,0,16,1,100,,10737,0,16,1,100,,10730,0,16,1
40101,'11',1855,,10745,0,16,1,100,,10746,0,16,1,100,,10744,0,16,1,100,,1413,0,16,1,100,,10741,0,16,1
40101,'12',1055,,10755,0,16,1,100,,10763,0,16,1,100,,10758,0,16,1,100,,10754,0,16,1,100,,10761,0,16,1,100,,10750,0,16,1,100,,10753,0,16,1
40101,'14',555,,10790,0,16,1,70,,10788,0,16,1,30,,10778,0,16,1,70,,3971,0,16,1,30,,4232,0,16,1,70,,10787,0,16,1,30,,10810,0,16,1,70,,10799,0,16,1,30,,4106,0,16,1,70,,10785,0,16,1,30,,10808,0,16,1,70,,10795,0,16,1,30,,10780,0,16,1,70,,10802,0,16,1,30,,10765,0,16,1,70,,4694,0,16,1,30,,10815,0,16,1,70,,10804,0,16,1,30,,10813,0,16,1,70,,10770,0,16,1,30,,10776,0,16,1,70,,10805,0,16,1,30,,10794,0,16,1,70,,10782,0,16,1,30,,10766,0,16,1,70,,4869,0,16,1,30,,10814,0,16,1,100,,10769,0,16,1,100,,10791,0,16,1,100,,10796,0,16,1,100,,10772,0,16,1
40101,'3',1855,,10821,0,16,1,100,,10822,0,16,1,100,,10820,0,16,1,100,,1389,0,16,1,100,,10817,0,16,1
40101,'7',855,,10834,0,16,1,100,,3994,0,16,1,100,,10848,0,16,1,70,,4795,0,16,1,30,,10854,0,16,1,70,,10859,0,16,1,30,,10833,0,16,1,70,,10832,0,16,1,30,,10851,0,16,1,70,,10858,0,16,1,30,,10826,0,16,1,70,,10842,0,16,1,30,,10830,0,16,1,70,,10841,0,16,1,30,,10837,0,16,1,70,,10847,0,16,1,30,,10845,0,16,1,70,,10843,0,16,1,30,,10825,0,16,1
