32301,'15',659,,14563,2,0,20 30 31,1,70,,14560,2,0,20 30 31,1,100,,14562,2,0,20 30 31,1,100,,14557,2,0,20 30 31,1,100,,14558,2,0,20 30 31,1,100,,14556,2,0,20 30 31,1,100,,14559,2,0,20 30 31,1,100,,14564,2,0,20 30 31,1,100,,14566,2,0,20 30 31,1,100,,14565,2,0,20 30 31,1,100,,14555,2,0,20 30 31,1,100,,14561,2,0,20 30 31,1
32301,'16',659,,14578,2,0,20 30 31,1,70,,14575,2,0,20 30 31,1,30,,14584,2,0,20 30 31,1,70,,4924,2,0,20 30 31,1,30,,14570,2,0,20 30 31,1,70,,3741,2,0,20 30 31,1,30,,14572,2,0,20 30 31,1,70,,14573,2,0,20 30 31,1,30,,14571,2,0,20 30 31,1,70,,14568,2,0,20 30 31,1,30,,14569,2,0,20 30 31,1,70,,14574,2,0,20 30 31,1,30,,14582,2,0,20 30 31,1,70,,3171,2,0,20 30 31,1,30,,14579,2,0,20 30 31,1,70,,14585,2,0,20 30 31,1,30,,14576,2,0,20 30 31,1,70,,14581,2,0,20 30 31,1,30,,14580,2,0,20 30 31,1,70,,14567,2,0,20 30 31,1,30,,14583,2,0,20 30 31,1,70,,14577,2,0,20 30 31,1,30,,3753,2,0,20 30 31,1
32301,'17',659,,14593,2,0,20 30 31,1,70,,7536,2,0,20 30 31,1,30,,14599,2,0,20 30 31,1,70,,4970,2,0,20 30 31,1,30,,14588,2,0,20 30 31,1,70,,3765,2,0,20 30 31,1,30,,14589,2,0,20 30 31,1,70,,14590,2,0,20 30 31,1,30,,2951,2,0,20 30 31,1,70,,14587,2,0,20 30 31,1,30,,4175,2,0,20 30 31,1,70,,2966,2,0,20 30 31,1,30,,14597,2,0,20 30 31,1,70,,3238,2,0,20 30 31,1,30,,14594,2,0,20 30 31,1,70,,14600,2,0,20 30 31,1,30,,14591,2,0,20 30 31,1,70,,14596,2,0,20 30 31,1,30,,14595,2,0,20 30 31,1,70,,14586,2,0,20 30 31,1,30,,14598,2,0,20 30 31,1,70,,14592,2,0,20 30 31,1,30,,3777,2,0,20 30 31,1
32301,'19',659,,14615,2,0,20 30 31,1,70,,14610,2,0,20 30 31,1,30,,14616,2,0,20 30 31,1,70,,14614,2,0,20 30 31,1,30,,14611,2,0,20 30 31,1,70,,14603,2,0,20 30 31,1,30,,14612,2,0,20 30 31,1,70,,14605,2,0,20 30 31,1,30,,14608,2,0,20 30 31,1,70,,14602,2,0,20 30 31,1,30,,14604,2,0,20 30 31,1,70,,14607,2,0,20 30 31,1,30,,14617,2,0,20 30 31,1,70,,14618,2,0,20 30 31,1,30,,14606,2,0,20 30 31,1,70,,14623,2,0,20 30 31,1,30,,14609,2,0,20 30 31,1,70,,14619,2,0,20 30 31,1,30,,14620,2,0,20 30 31,1,70,,14601,2,0,20 30 31,1,30,,14622,2,0,20 30 31,1,70,,14613,2,0,20 30 31,1,30,,14621,2,0,20 30 31,1
32301,'5',659,,14634,2,0,20 30 31,1,70,,14632,2,0,20 30 31,1,30,,14628,2,0,20 30 31,1,70,,5022,2,0,20 30 31,1,30,,14637,2,0,20 30 31,1,70,,3789,2,0,20 30 31,1,30,,2098,2,0,20 30 31,1,70,,14629,2,0,20 30 31,1,30,,14625,2,0,20 30 31,1,70,,14626,2,0,20 30 31,1,30,,14636,2,0,20 30 31,1,70,,14631,2,0,20 30 31,1,30,,14640,2,0,20 30 31,1,70,,3304,2,0,20 30 31,1,30,,14630,2,0,20 30 31,1,70,,14642,2,0,20 30 31,1,30,,14639,2,0,20 30 31,1,70,,14638,2,0,20 30 31,1,30,,14635,2,0,20 30 31,1,70,,14624,2,0,20 30 31,1,30,,14627,2,0,20 30 31,1,70,,14633,2,0,20 30 31,1,30,,14641,2,0,20 30 31,1
32301,'6',659,,14651,2,0,20 30 31,1,70,,14648,2,0,20 30 31,1,100,,14650,2,0,20 30 31,1,100,,14645,2,0,20 30 31,1,100,,14646,2,0,20 30 31,1,100,,14644,2,0,20 30 31,1,100,,14647,2,0,20 30 31,1,100,,14652,2,0,20 30 31,1,100,,14654,2,0,20 30 31,1,100,,14653,2,0,20 30 31,1,100,,14643,2,0,20 30 31,1,100,,14649,2,0,20 30 31,1
42301,'10',658,,20341,2,0,20 30 31,1,70,,20313,2,0,20 30 31,1,30,,20315,2,0,20 30 31,1,70,,20318,2,0,20 30 31,1,30,,20322,2,0,20 30 31,1,70,,20340,2,0,20 30 31,1,30,,20330,2,0,20 30 31,1,70,,20311,2,0,20 30 31,1,30,,20337,2,0,20 30 31,1,70,,20319,2,0,20 30 31,1,30,,20314,2,0,20 30 31,1,70,,20316,2,0,20 30 31,1,30,,20320,2,0,20 30 31,1,70,,20328,2,0,20 30 31,1,72,,20325,2,0,20 30 31,1,30,,20334,2,0,20 30 31,1,70,,20312,2,0,20 30 31,1,30,,20336,2,0,20 30 31,1,70,,20310,2,0,20 30 31,1,30,,20327,2,0,20 30 31,1,70,,20309,2,0,20 30 31,1,30,,20317,2,0,20 30 31,1,70,,20323,2,0,20 30 31,1,30,,20333,2,0,20 30 31,1,70,,20326,2,0,20 30 31,1,29,,20339,2,0,20 30 31,1,30,,20338,2,0,20 30 31,1,70,,20324,2,0,20 30 31,1,30,,20335,2,0,20 30 31,1,70,,20321,2,0,20 30 31,1,30,,20329,2,0,20 30 31,1,70,,20331,2,0,20 30 31,1,30,,20332,2,0,20 30 31,1
42301,'15',1830,,20342,2,0,20 30 31,1,99,,20347,2,0,20 30 31,1,100,,20345,2,0,20 30 31,1,100,,20346,2,0,20 30 31,1,100,,20343,2,0,20 30 31,1,100,,20344,2,0,20 30 31,1
42301,'16',1830,,20349,2,0,20 30 31,1,70,,20350,2,0,20 30 31,1,29,,20355,2,0,20 30 31,1,30,,4303,2,0,20 30 31,1,70,,7728,2,0,20 30 31,1,30,,20351,2,0,20 30 31,1,70,,20354,2,0,20 30 31,1,30,,20353,2,0,20 30 31,1,70,,3144,2,0,20 30 31,1,30,,20348,2,0,20 30 31,1,70,,6534,2,0,20 30 31,1,30,,20352,2,0,20 30 31,1
42301,'17',1830,,20357,2,0,20 30 31,1,70,,20358,2,0,20 30 31,1,29,,20363,2,0,20 30 31,1,30,,4316,2,0,20 30 31,1,70,,7734,2,0,20 30 31,1,30,,20359,2,0,20 30 31,1,70,,20362,2,0,20 30 31,1,30,,20361,2,0,20 30 31,1,70,,3196,2,0,20 30 31,1,30,,20356,2,0,20 30 31,1,70,,6540,2,0,20 30 31,1,30,,20360,2,0,20 30 31,1
42301,'19',1830,,20364,2,0,20 30 31,1,99,,20369,2,0,20 30 31,1,100,,20367,2,0,20 30 31,1,100,,20368,2,0,20 30 31,1,100,,20365,2,0,20 30 31,1,100,,20366,2,0,20 30 31,1
42301,'5',1830,,20370,2,0,20 30 31,1,70,,20371,2,0,20 30 31,1,29,,20375,2,0,20 30 31,1,30,,1339,2,0,20 30 31,1,70,,7777,2,0,20 30 31,1,30,,20373,2,0,20 30 31,1,70,,20374,2,0,20 30 31,1,30,,20376,2,0,20 30 31,1,70,,3267,2,0,20 30 31,1,30,,20372,2,0,20 30 31,1,70,,6582,2,0,20 30 31,1
42301,'6',1830,,20377,2,0,20 30 31,1,99,,20382,2,0,20 30 31,1,100,,20380,2,0,20 30 31,1,100,,20381,2,0,20 30 31,1,100,,20378,2,0,20 30 31,1,100,,20379,2,0,20 30 31,1
