30201,'11',620,,26509,3,0,24,1,30,,27551,3,0,24,1,70,,27568,3,0,24,1,30,,27555,3,0,24,1,70,,27556,3,0,24,1,30,,27557,3,0,24,1,70,,27558,3,0,24,1,30,,27572,3,0,24,1,70,,27563,3,0,24,1,30,,27562,3,0,24,1,70,,27567,3,0,24,1,30,,27561,3,0,24,1,70,,27564,3,0,24,1,30,,27566,3,0,24,1,70,,27565,3,0,24,1,30,,27569,3,0,24,1,73,,27560,3,0,24,1,78,,23616,3,0,24,1,30,,27552,3,0,24,1,70,,27570,3,0,24,1,30,,27571,3,0,24,1,70,,27553,3,0,24,1,30,,27554,3,0,24,1,70,,27559,3,0,24,1
30201,'3',620,,26574,3,0,24,1,30,,27573,3,0,24,1,70,,27590,3,0,24,1,30,,27577,3,0,24,1,70,,27578,3,0,24,1,30,,27579,3,0,24,1,70,,27580,3,0,24,1,30,,27594,3,0,24,1,70,,27585,3,0,24,1,30,,27584,3,0,24,1,70,,27589,3,0,24,1,30,,27583,3,0,24,1,70,,27586,3,0,24,1,30,,27588,3,0,24,1,70,,27587,3,0,24,1,30,,27591,3,0,24,1,73,,27582,3,0,24,1,78,,23636,3,0,24,1,30,,27574,3,0,24,1,70,,27592,3,0,24,1,30,,27593,3,0,24,1,70,,27575,3,0,24,1,30,,27576,3,0,24,1,70,,27581,3,0,24,1
30901,'11',620,,28149,7,0,25 14 26,1,30,,28154,7,0,25 14 26,1,70,,28162,7,0,25 14 26,1,30,,23194,7,0,25 14 26,1,70,,28155,7,0,25 14 26,1,30,,28153,7,0,25 14 26,1,70,,28158,7,0,25 14 26,1,30,,28148,7,0,25 14 26,1,70,,28145,7,0,25 14 26,1,30,,28151,7,0,25 14 26,1,70,,28156,7,0,25 14 26,1,30,,28160,7,0,25 14 26,1,70,,21901,7,0,25 14 26,1,30,,28147,7,0,25 14 26,1,70,,28159,7,0,25 14 26,1,30,,28161,7,0,25 14 26,1,70,,28146,7,0,25 14 26,1,38,,28144,7,0,25 14 26,1,70,,28157,7,0,25 14 26,1,30,,28150,7,0,25 14 26,1,70,,28142,7,0,25 14 26,1,30,,28143,7,0,25 14 26,1,70,,28141,7,0,25 14 26,1,30,,22728,7,0,25 14 26,1,66,,28152,3,0,25 14 26,1
30901,'3',620,,28171,7,0,25 14 26,1,30,,28176,7,0,25 14 26,1,70,,28184,7,0,25 14 26,1,30,,23209,7,0,25 14 26,1,70,,28177,7,0,25 14 26,1,30,,28175,7,0,25 14 26,1,70,,28180,7,0,25 14 26,1,30,,28170,7,0,25 14 26,1,70,,28167,7,0,25 14 26,1,30,,28173,7,0,25 14 26,1,70,,28178,7,0,25 14 26,1,30,,28182,7,0,25 14 26,1,70,,21925,7,0,25 14 26,1,30,,28169,7,0,25 14 26,1,70,,28181,7,0,25 14 26,1,30,,28183,7,0,25 14 26,1,70,,28168,7,0,25 14 26,1,38,,28166,7,0,25 14 26,1,70,,28179,7,0,25 14 26,1,30,,28172,7,0,25 14 26,1,70,,28164,7,0,25 14 26,1,30,,28165,7,0,25 14 26,1,70,,28163,7,0,25 14 26,1,30,,22750,7,0,25 14 26,1,66,,28174,3,0,25 14 26,1
40201,'1',647,,30339,3,0,24,1,70,,30341,3,0,24,1,30,,30337,3,0,24,1,70,,30328,3,0,24,1,30,,30336,3,0,24,1,70,,30353,3,0,24,1,30,,22976,3,0,24,1,70,,24248,3,0,24,1,30,,30355,3,0,24,1,70,,30352,3,0,24,1,30,,30342,3,0,24,1,70,,30346,3,0,24,1,30,,30344,3,0,24,1,70,,30333,3,0,24,1,30,,30354,3,0,24,1,70,,30335,3,0,24,1,30,,30350,3,0,24,1,70,,30345,3,0,24,1,30,,30351,3,0,24,1,70,,30340,3,0,24,1,30,,30349,3,0,24,1,70,,30332,3,0,24,1,30,,30338,3,0,24,1,70,,30334,3,0,24,1,30,,30329,3,0,24,1,100,,30347,3,0,24,1,100,,30331,3,0,24,1,100,,30348,3,0,24,1,100,,30330,3,0,24,1,100,,30343,3,0,24,1
40201,'11',1847,,24732,3,0,24,1,100,,30357,3,0,24,1,100,,30359,3,0,24,1,100,,30356,3,0,24,1,100,,30360,3,0,24,1,100,,30358,3,0,24,1
40201,'12',1147,,30366,3,0,24,1,100,,30367,3,0,24,1,100,,30365,3,0,24,1,100,,30363,3,0,24,1,100,,30364,3,0,24,1,100,,30361,3,0,24,1,100,,30362,3,0,24,1
40201,'14',647,,30378,3,0,24,1,70,,30380,3,0,24,1,30,,30377,3,0,24,1,70,,30368,3,0,24,1,30,,30376,3,0,24,1,70,,30392,3,0,24,1,30,,30383,3,0,24,1,70,,30373,3,0,24,1,30,,30394,3,0,24,1,70,,30391,3,0,24,1,30,,30381,3,0,24,1,70,,30385,3,0,24,1,30,,30382,3,0,24,1,70,,30374,3,0,24,1,30,,30393,3,0,24,1,70,,30375,3,0,24,1,30,,30389,3,0,24,1,70,,30384,3,0,24,1,30,,30390,3,0,24,1,70,,30379,3,0,24,1,30,,30388,3,0,24,1,70,,30372,3,0,24,1,30,,27323,3,0,24,1,70,,26772,3,0,24,1,30,,30369,3,0,24,1,100,,30386,3,0,24,1,100,,30371,3,0,24,1,100,,30387,3,0,24,1,100,,30370,3,0,24,1,100,,23992,3,0,24,1
40201,'3',1847,,24833,3,0,24,1,100,,30396,3,0,24,1,100,,30398,3,0,24,1,100,,30395,3,0,24,1,100,,30399,3,0,24,1,100,,30397,3,0,24,1
40201,'8',947,,30408,3,0,24,1,100,,30403,3,0,24,1,70,,30402,3,0,24,1,30,,30414,3,0,24,1,70,,30412,3,0,24,1,30,,30410,3,0,24,1,70,,30406,3,0,24,1,30,,26389,3,0,24,1,70,,30400,3,0,24,1,30,,30411,3,0,24,1,70,,30404,3,0,24,1,30,,30401,3,0,24,1,70,,27053,3,0,24,1,30,,30415,3,0,24,1,70,,30407,3,0,24,1,30,,26881,3,0,24,1,70,,30409,3,0,24,1,30,,30405,3,0,24,1,100,,30413,3,0,24,1
40901,'1',648,,31036,7,0,25 12,1,70,,31051,7,0,25 12,1,30,,31052,7,0,25 12,1,70,,31026,7,0,25 12,1,30,,31030,7,0,25 12,1,70,,31031,7,0,25 12,1,30,,31050,7,0,25 12,1,70,,31027,7,0,25 12,1,30,,31035,7,0,25 12,1,70,,22839,7,0,25 12,1,30,,31044,7,0,25 12,1,70,,31048,7,0,25 12,1,30,,31029,7,0,25 12,1,70,,31040,7,0,25 12,1,30,,31047,7,0,25 12,1,70,,31045,7,0,25 12,1,30,,31038,7,0,25 12,1,70,,31049,7,0,25 12,1,30,,31028,7,0,25 12,1,70,,31039,7,0,25 12,1,30,,31032,7,0,25 12,1,70,,31042,7,0,25 12,1,30,,23719,7,0,25 12,1,70,,31037,7,0,25 12,1,30,,31034,7,0,25 12,1,100,,31046,7,0,25 12,1,100,,31043,7,0,25 12,1,100,,31041,7,0,25 12,1,100,,31033,7,0,25 12,1
40901,'11',1848,,31054,7,0,25 12,1,100,,26983,7,0,25 12,1,100,,31055,7,0,25 12,1,100,,21832,7,0,25 12,1,100,,31053,7,0,25 12,1
40901,'12',1048,,31058,7,0,25 12,1,100,,31060,7,0,25 12,1,100,,31056,7,0,25 12,1,100,,24528,7,0,25 12,1,100,,31057,7,0,25 12,1,100,,31062,7,0,25 12,1,100,,31059,7,0,25 12,1,100,,31061,7,0,25 12,1
40901,'14',648,,31073,7,0,25 12,1,70,,31089,7,0,25 12,1,30,,31090,7,0,25 12,1,70,,31063,7,0,25 12,1,30,,31067,7,0,25 12,1,70,,31068,7,0,25 12,1,30,,31088,7,0,25 12,1,70,,31064,7,0,25 12,1,30,,31072,7,0,25 12,1,70,,31076,7,0,25 12,1,30,,31082,7,0,25 12,1,70,,31086,7,0,25 12,1,30,,31066,7,0,25 12,1,70,,31078,7,0,25 12,1,30,,31085,7,0,25 12,1,70,,31083,7,0,25 12,1,30,,31075,7,0,25 12,1,70,,31087,7,0,25 12,1,30,,31065,7,0,25 12,1,70,,31077,7,0,25 12,1,30,,31070,7,0,25 12,1,70,,31080,7,0,25 12,1,30,,31069,7,0,25 12,1,70,,31074,7,0,25 12,1,30,,18097,7,0,25 12,1,100,,31084,7,0,25 12,1,100,,31081,7,0,25 12,1,100,,31079,7,0,25 12,1,100,,31071,7,0,25 12,1
40901,'3',1848,,31092,7,0,25 12,1,100,,27031,7,0,25 12,1,100,,31093,7,0,25 12,1,100,,21855,7,0,25 12,1,100,,31091,7,0,25 12,1
40901,'8',848,,31099,7,0,25 12,1,100,,31096,7,0,25 12,1,100,,31105,7,0,25 12,1,70,,31094,7,0,25 12,1,30,,31102,7,0,25 12,1,70,,31103,7,0,25 12,1,30,,31112,7,0,25 12,1,70,,31104,7,0,25 12,1,30,,31101,7,0,25 12,1,70,,31100,7,0,25 12,1,30,,31111,7,0,25 12,1,70,,31110,7,0,25 12,1,30,,31098,7,0,25 12,1,70,,31095,7,0,25 12,1,30,,31097,7,0,25 12,1,70,,31108,7,0,25 12,1,30,,31106,7,0,25 12,1,70,,31109,7,0,25 12,1,30,,26313,7,0,25 12,1,100,,31107,7,0,25 12,1
