30801,'1',646,,22516,30,0,64 38,1,70,,22519,30,0,64 38,1,30,,22527,30,0,64 38,1,70,,22520,30,0,64 38,1,30,,22525,30,0,64 38,1,70,,22518,30,0,64 38,1,30,,17000,30,0,64 38,1,70,,22512,30,0,64 38,1,30,,22510,30,0,64 38,1,70,,22522,30,0,64 38,1,30,,22509,30,0,64 38,1,70,,22511,30,0,64 38,1,30,,22508,30,0,64 38,1,70,,22514,30,0,64 38,1,30,,22526,30,0,64 38,1,70,,16354,30,0,64 38,1,40,,22523,30,0,64 38,1,70,,22521,30,0,64 38,1,30,,22513,30,0,64 38,1,70,,22515,30,0,64 38,1,30,,17448,30,0,64 38,1,70,,22524,30,0,64 38,1,30,,22517,30,0,64 38,1
30801,'10',646,,12599,30,0,64 38,1,70,,22541,30,0,64 38,1,30,,22547,30,0,64 38,1,70,,22542,30,0,64 38,1,30,,13126,30,0,64 38,1,70,,22540,30,0,64 38,1,30,,22533,30,0,64 38,1,70,,22534,30,0,64 38,1,30,,22531,30,0,64 38,1,70,,22543,30,0,64 38,1,30,,22530,30,0,64 38,1,70,,22532,30,0,64 38,1,30,,22528,30,0,64 38,1,70,,22536,30,0,64 38,1,30,,22546,30,0,64 38,1,70,,22529,30,0,64 38,1,40,,22544,30,0,64 38,1,70,,11497,30,0,64 38,1,30,,22535,30,0,64 38,1,70,,22537,30,0,64 38,1,30,,22538,30,0,64 38,1,70,,22545,30,0,64 38,1,30,,22539,30,0,64 38,1
30801,'3',646,,12639,30,0,64 38,1,70,,22559,30,0,64 38,1,30,,22565,30,0,64 38,1,70,,22560,30,0,64 38,1,30,,13239,30,0,64 38,1,70,,22558,30,0,64 38,1,30,,22552,30,0,64 38,1,70,,22553,30,0,64 38,1,30,,5726,30,0,64 38,1,70,,22561,30,0,64 38,1,30,,22550,30,0,64 38,1,70,,22551,30,0,64 38,1,30,,22548,30,0,64 38,1,70,,22554,30,0,64 38,1,30,,22564,30,0,64 38,1,70,,22549,30,0,64 38,1,40,,22562,30,0,64 38,1,70,,11539,30,0,64 38,1,30,,14734,30,0,64 38,1,70,,22555,30,0,64 38,1,30,,22556,30,0,64 38,1,70,,22563,30,0,64 38,1,30,,22557,30,0,64 38,1
33700,'1',646,,24480,24,,,1,70,,24458,24,,,1,30,,24455,24,,,1,70,,24435,24,,,1,30,,24465,24,,,1,70,,20866,24,,,1,30,,24442,24,,,1,70,,24443,24,,,1,30,,24450,24,,,1,70,,17894,24,,,1,30,,24439,24,,,1,70,,24471,24,,,1,30,,24446,24,,,1,70,,24466,24,,,1,30,,24460,24,,,1,70,,24438,24,,,1,30,,24468,24,,,1,70,,24456,24,,,1,30,,24447,24,,,1,70,,3825,24,,,1,30,,24461,24,,,1,70,,24457,24,,,1,30,,16998,24,,,1,70,,24476,24,,,1,30,,24467,24,,,1
33700,'10',646,,24521,24,,,1,70,,24500,24,,,1,30,,24497,24,,,1,70,,13760,24,,,1,30,,24507,24,,,1,70,,24501,24,,,1,30,,12779,24,,,1,70,,24487,24,,,1,30,,24492,24,,,1,70,,24481,24,,,1,30,,12594,24,,,1,70,,24513,24,,,1,30,,10705,24,,,1,70,,10842,24,,,1,30,,24502,24,,,1,70,,24483,24,,,1,30,,24510,24,,,1,70,,24498,24,,,1,30,,24489,24,,,1,70,,24508,24,,,1,30,,24503,24,,,1,70,,24499,24,,,1,30,,24484,24,,,1,70,,12032,24,,,1,30,,24509,24,,,1
33700,'11',1146,,24542,24,,,1,70,,15017,24,,,1,30,,24522,24,,,1,70,,21080,24,,,1,30,,24530,24,,,1,70,,9671,24,,,1,30,,24535,24,,,1,70,,24524,24,,,1,30,,24534,24,,,1,70,,24532,24,,,1,30,,24536,24,,,1,70,,24528,24,,,1,30,,24537,24,,,1,70,,15829,24,,,1,30,,13523,24,,,1
33700,'13',716,,24567,24,,,1,30,,24581,24,,,1,70,,24568,24,,,1,30,,24560,24,,,1,70,,24586,24,,,1,30,,24564,24,,,1,70,,24547,24,,,1,30,,24580,24,,,1,70,,24546,24,,,1,30,,24550,24,,,1,70,,24582,24,,,1,30,,24572,24,,,1,70,,24573,24,,,1,30,,24544,24,,,1,70,,24583,24,,,1,30,,24555,24,,,1,70,,24575,24,,,1,30,,24561,24,,,1,70,,24549,24,,,1,30,,24577,24,,,1,70,,24553,24,,,1,30,,24579,24,,,1,70,,24587,24,,,1,30,,24570,24,,,1,70,,24545,24,,,1
33700,'3',646,,24627,24,,,1,70,,24607,24,,,1,30,,24604,24,,,1,70,,13808,24,,,1,30,,24614,24,,,1,70,,24608,24,,,1,30,,24595,24,,,1,70,,24596,24,,,1,30,,24600,24,,,1,70,,24589,24,,,1,30,,12635,24,,,1,70,,24620,24,,,1,30,,10747,24,,,1,70,,3284,24,,,1,30,,24609,24,,,1,70,,24591,24,,,1,30,,24617,24,,,1,70,,24605,24,,,1,30,,9566,24,,,1,70,,24615,24,,,1,30,,24610,24,,,1,70,,24606,24,,,1,30,,24592,24,,,1,70,,4560,24,,,1,30,,24616,24,,,1
33700,'8',1146,,24654,24,,,1,70,,24632,24,,,1,30,,24628,24,,,1,70,,24649,24,,,1,30,,24637,24,,,1,70,,24639,24,,,1,30,,24645,24,,,1,70,,24631,24,,,1,30,,24644,24,,,1,70,,24642,24,,,1,30,,24646,24,,,1,70,,24635,24,,,1,30,,17098,24,,,1,70,,24641,24,,,1,30,,24655,24,,,1
40801,'1',1831,,25731,30,0,64 38,1,99,,25728,30,0,64 38,1,100,,25729,30,0,64 38,1,100,,25730,30,0,64 38,1,100,,25727,30,0,64 38,1,100,,25726,30,0,64 38,1
40801,'10',1831,,11368,30,0,64 38,1,99,,11630,30,0,64 38,1,100,,4970,30,0,64 38,1,100,,25733,30,0,64 38,1,100,,4764,30,0,64 38,1,100,,25732,30,0,64 38,1
40801,'11',931,,25749,30,0,64 38,1,100,,25744,30,0,64 38,1,70,,25739,30,0,64 38,1,30,,25746,30,0,64 38,1,70,,25748,30,0,64 38,1,30,,20027,30,0,64 38,1,70,,25747,30,0,64 38,1,30,,25751,30,0,64 38,1,70,,25750,30,0,64 38,1,30,,25736,30,0,64 38,1,70,,25745,30,0,64 38,1,30,,25742,30,0,64 38,1,70,,25740,30,0,64 38,1,30,,25743,30,0,64 38,1,70,,25741,30,0,64 38,1,30,,25737,30,0,64 38,1,70,,25734,30,0,64 38,1,30,,25735,30,0,64 38,1,99,,25738,30,0,64 38,1
40801,'13',700,,25768,30,0,64 38,1,31,,25760,30,0,64 38,1,70,,25777,30,0,64 38,1,30,,25771,30,0,64 38,1,70,,25770,30,0,64 38,1,30,,25761,30,0,64 38,1,70,,25772,30,0,64 38,1,30,,25762,30,0,64 38,1,70,,25759,30,0,64 38,1,30,,25775,30,0,64 38,1,70,,25753,30,0,64 38,1,30,,25763,30,0,64 38,1,70,,17992,30,0,64 38,1,30,,25769,30,0,64 38,1,70,,18996,30,0,64 38,1,30,,25766,30,0,64 38,1,70,,25757,30,0,64 38,1,30,,25754,30,0,64 38,1,70,,25755,30,0,64 38,1,30,,25774,30,0,64 38,1,70,,19563,30,0,64 38,1,30,,25758,30,0,64 38,1,70,,25764,30,0,64 38,1,30,,25776,30,0,64 38,1,99,,25767,30,0,64 38,1,100,,25756,30,0,64 38,1,100,,25773,30,0,64 38,1,100,,25765,30,0,64 38,1,100,,25752,30,0,64 38,1
40801,'3',1831,,11415,30,0,64 38,1,99,,11677,30,0,64 38,1,100,,5022,30,0,64 38,1,100,,25779,30,0,64 38,1,100,,4788,30,0,64 38,1,100,,25778,30,0,64 38,1
40801,'8',931,,25793,30,0,64 38,1,100,,25788,30,0,64 38,1,70,,25784,30,0,64 38,1,30,,25790,30,0,64 38,1,70,,25792,30,0,64 38,1,30,,25795,30,0,64 38,1,70,,25791,30,0,64 38,1,30,,25796,30,0,64 38,1,70,,25794,30,0,64 38,1,30,,25782,30,0,64 38,1,70,,25789,30,0,64 38,1,30,,25786,30,0,64 38,1,70,,16437,30,0,64 38,1,30,,25787,30,0,64 38,1,70,,25785,30,0,64 38,1,30,,18175,30,0,64 38,1,70,,25780,30,0,64 38,1,30,,25781,30,0,64 38,1,99,,25783,30,0,64 38,1
43700,'1',1933,,27225,16,,,1,100,,27232,16,,,1,100,,27231,16,,,1,100,,27227,16,,,1,100,,27224,16,,,1
43700,'10',1933,,27235,16,,,1,100,,27242,16,,,1,100,,27241,16,,,1,100,,27237,16,,,1,100,,27234,16,,,1
43700,'13',1933,,17864,16,,,1,100,,27247,16,,,1,100,,27249,16,,,1,100,,27248,16,,,1,100,,17979,16,,,1
43700,'3',1933,,27251,16,,,1,100,,27258,16,,,1,100,,27257,16,,,1,100,,27253,16,,,1,100,,4202,16,,,1
