30400,'1',701,,6105,0,39 40 41,1,30,,6098,0,39 40 41,1,70,,6088,0,39 40 41,1,30,,6100,0,39 40 41,1,70,,6091,0,39 40 41,1,30,,6097,0,39 40 41,1,70,,6087,0,39 40 41,1,30,,6107,0,39 40 41,1,70,,6108,0,39 40 41,1,30,,6096,0,39 40 41,1,70,,6103,0,39 40 41,1,30,,6104,0,39 40 41,1,70,,6095,0,39 40 41,1,30,,6099,0,39 40 41,1,70,,6102,0,39 40 41,1,30,,6094,0,39 40 41,1,70,,6086,0,39 40 41,1,30,,6101,0,39 40 41,1,70,,6106,0,39 40 41,1,30,,6090,0,39 40 41,1,70,,6089,0,39 40 41,1,30,,6093,0,39 40 41,1,70,,6092,0,39 40 41,1
30400,'10',701,,6128,0,39 40 41,1,30,,6121,0,39 40 41,1,70,,6111,0,39 40 41,1,30,,6123,0,39 40 41,1,70,,6114,0,39 40 41,1,30,,6120,0,39 40 41,1,70,,6110,0,39 40 41,1,30,,6130,0,39 40 41,1,70,,6131,0,39 40 41,1,30,,6119,0,39 40 41,1,70,,6126,0,39 40 41,1,30,,6127,0,39 40 41,1,70,,6118,0,39 40 41,1,30,,6122,0,39 40 41,1,70,,6125,0,39 40 41,1,30,,6117,0,39 40 41,1,70,,6109,0,39 40 41,1,30,,6124,0,39 40 41,1,70,,6129,0,39 40 41,1,30,,6113,0,39 40 41,1,70,,6112,0,39 40 41,1,30,,6116,0,39 40 41,1,70,,6115,0,39 40 41,1
30400,'11',701,,6148,0,39 40 41,1,30,,6141,0,39 40 41,1,70,,4738,0,39 40 41,1,30,,6143,0,39 40 41,1,70,,1654,0,39 40 41,1,30,,6140,0,39 40 41,1,70,,2933,0,39 40 41,1,30,,6150,0,39 40 41,1,70,,6151,0,39 40 41,1,30,,6139,0,39 40 41,1,70,,6146,0,39 40 41,1,30,,6147,0,39 40 41,1,70,,6138,0,39 40 41,1,30,,6142,0,39 40 41,1,70,,6145,0,39 40 41,1,30,,6137,0,39 40 41,1,70,,6132,0,39 40 41,1,30,,6144,0,39 40 41,1,70,,6149,0,39 40 41,1,30,,6134,0,39 40 41,1,70,,6133,0,39 40 41,1,30,,6136,0,39 40 41,1,70,,6135,0,39 40 41,1
30400,'3',701,,6169,0,39 40 41,1,30,,6162,0,39 40 41,1,70,,4712,0,39 40 41,1,30,,6164,0,39 40 41,1,70,,6155,0,39 40 41,1,30,,6161,0,39 40 41,1,70,,2853,0,39 40 41,1,30,,6171,0,39 40 41,1,70,,6172,0,39 40 41,1,30,,6160,0,39 40 41,1,70,,6167,0,39 40 41,1,30,,6168,0,39 40 41,1,70,,6159,0,39 40 41,1,30,,6163,0,39 40 41,1,70,,6166,0,39 40 41,1,30,,6158,0,39 40 41,1,70,,6152,0,39 40 41,1,30,,6165,0,39 40 41,1,70,,6170,0,39 40 41,1,30,,6154,0,39 40 41,1,70,,6153,0,39 40 41,1,30,,6157,0,39 40 41,1,70,,6156,0,39 40 41,1
31100,'1',616,,7328,0,43 44,1,30,,7326,0,43 44,1,70,,7332,0,43 44,1,30,,7340,0,43 44,1,70,,7333,0,43 44,1,30,,7331,0,43 44,1,70,,7323,0,43 44,1,30,,7327,0,43 44,1,70,,7324,0,43 44,1,30,,7330,0,43 44,1,70,,7341,0,43 44,1,30,,7337,0,43 44,1,70,,7322,0,43 44,1,30,,7342,0,43 44,1,70,,7336,0,43 44,1,30,,7329,0,43 44,1,70,,7334,0,43 44,1,30,,7325,0,43 44,1,70,,7320,0,43 44,1,30,,7319,0,43 44,1,70,,7338,0,43 44,1,30,,7339,0,43 44,1,70,,7321,0,43 44,1,30,,7335,0,43 44,1
31100,'10',616,,7352,0,43 44,1,30,,7350,0,43 44,1,70,,7356,0,43 44,1,30,,7364,0,43 44,1,70,,7357,0,43 44,1,30,,7355,0,43 44,1,70,,7347,0,43 44,1,30,,7351,0,43 44,1,70,,7348,0,43 44,1,30,,7354,0,43 44,1,70,,7365,0,43 44,1,30,,7361,0,43 44,1,70,,7346,0,43 44,1,30,,7366,0,43 44,1,70,,7360,0,43 44,1,30,,7353,0,43 44,1,70,,7358,0,43 44,1,30,,7349,0,43 44,1,70,,7344,0,43 44,1,30,,7343,0,43 44,1,70,,7362,0,43 44,1,30,,7363,0,43 44,1,70,,7345,0,43 44,1,30,,7359,0,43 44,1
31100,'11',616,,944,0,43 44,1,30,,7373,0,43 44,1,70,,7377,0,43 44,1,30,,7384,0,43 44,1,70,,7378,0,43 44,1,30,,7376,0,43 44,1,70,,7370,0,43 44,1,30,,760,0,43 44,1,70,,7371,0,43 44,1,30,,7375,0,43 44,1,70,,7385,0,43 44,1,30,,7381,0,43 44,1,70,,7369,0,43 44,1,30,,7386,0,43 44,1,70,,7380,0,43 44,1,30,,7374,0,43 44,1,70,,7379,0,43 44,1,30,,7372,0,43 44,1,70,,219,0,43 44,1,30,,7367,0,43 44,1,70,,7382,0,43 44,1,30,,7383,0,43 44,1,70,,7368,0,43 44,1,30,,1688,0,43 44,1
31100,'3',616,,919,0,43 44,1,30,,7393,0,43 44,1,70,,7397,0,43 44,1,30,,5105,0,43 44,1,70,,7398,0,43 44,1,30,,7396,0,43 44,1,70,,7390,0,43 44,1,30,,736,0,43 44,1,70,,7391,0,43 44,1,30,,7395,0,43 44,1,70,,7403,0,43 44,1,30,,7401,0,43 44,1,70,,7389,0,43 44,1,30,,7404,0,43 44,1,70,,7400,0,43 44,1,30,,7394,0,43 44,1,70,,7399,0,43 44,1,30,,7392,0,43 44,1,70,,196,0,43 44,1,30,,7387,0,43 44,1,70,,7402,0,43 44,1,30,,2249,0,43 44,1,70,,7388,0,43 44,1,30,,1623,0,43 44,1
40400,'1',1816,,10999,0,39 40 42 18,1,100,,10998,0,39 40 42 18,1,100,,11000,0,39 40 42 18,1,100,,11001,0,39 40 42 18,1,100,,11002,0,39 40 42 18,1,100,,11003,0,39 40 42 18,1
40400,'10',1816,,11005,0,39 40 42 18,1,100,,11004,0,39 40 42 18,1,100,,11006,0,39 40 42 18,1,100,,11007,0,39 40 42 18,1,100,,11008,0,39 40 42 18,1,100,,11009,0,39 40 42 18,1
40400,'11',1816,,1680,0,39 40 42 18,1,100,,2360,0,39 40 42 18,1,100,,11010,0,39 40 42 18,1,100,,11011,0,39 40 42 18,1,100,,11012,0,39 40 42 18,1,100,,11013,0,39 40 42 18,1
40400,'12',1116,,11017,0,39 40 42 18,1,100,,11020,0,39 40 42 18,1,100,,11016,0,39 40 42 18,1,100,,11015,0,39 40 42 18,1,100,,11018,0,39 40 42 18,1,100,,11019,0,39 40 42 18,1,100,,11014,0,39 40 42 18,1
40400,'14',616,,2999,0,39 40 42 18,1,30,,11039,0,39 40 42 18,1,70,,4887,0,39 40 42 18,1,30,,11027,0,39 40 42 18,1,70,,11033,0,39 40 42 18,1,30,,11041,0,39 40 42 18,1,70,,11028,0,39 40 42 18,1,30,,4185,0,39 40 42 18,1,70,,11037,0,39 40 42 18,1,30,,11034,0,39 40 42 18,1,70,,3331,0,39 40 42 18,1,30,,11026,0,39 40 42 18,1,70,,11021,0,39 40 42 18,1,30,,11031,0,39 40 42 18,1,70,,11024,0,39 40 42 18,1,30,,11025,0,39 40 42 18,1,70,,11038,0,39 40 42 18,1,30,,11023,0,39 40 42 18,1,70,,11032,0,39 40 42 18,1,30,,11035,0,39 40 42 18,1,70,,4886,0,39 40 42 18,1,30,,3218,0,39 40 42 18,1,70,,11029,0,39 40 42 18,1,30,,3792,0,39 40 42 18,1,70,,11036,0,39 40 42 18,1,100,,11040,0,39 40 42 18,1,100,,11030,0,39 40 42 18,1,100,,5399,0,39 40 42 18,1,100,,11022,0,39 40 42 18,1,100,,5381,0,39 40 42 18,1
40400,'3',1816,,11042,0,39 40 42 18,1,100,,2338,0,39 40 42 18,1,100,,11043,0,39 40 42 18,1,100,,11044,0,39 40 42 18,1,100,,11045,0,39 40 42 18,1,100,,11046,0,39 40 42 18,1
40400,'7',916,,3581,0,39 40 42 18,1,100,,4056,0,39 40 42 18,1,30,,11052,0,39 40 42 18,1,70,,11059,0,39 40 42 18,1,30,,11050,0,39 40 42 18,1,70,,11048,0,39 40 42 18,1,30,,11057,0,39 40 42 18,1,70,,4925,0,39 40 42 18,1,30,,11054,0,39 40 42 18,1,70,,11056,0,39 40 42 18,1,30,,11051,0,39 40 42 18,1,70,,4435,0,39 40 42 18,1,30,,11049,0,39 40 42 18,1,70,,11060,0,39 40 42 18,1,30,,11053,0,39 40 42 18,1,70,,11047,0,39 40 42 18,1,30,,11055,0,39 40 42 18,1,70,,11058,0,39 40 42 18,1,100,,11061,0,39 40 42 18,1
41800,'1',1846,,12356,0,45 46 18,1,100,,12355,0,45 46 18,1,100,,12359,0,45 46 18,1,100,,12357,0,45 46 18,1,100,,12358,0,45 46 18,1,100,,12360,0,45 46 18,1
41800,'10',1846,,12362,0,45 46 18,1,100,,12361,0,45 46 18,1,100,,12365,0,45 46 18,1,100,,12363,0,45 46 18,1,100,,12364,0,45 46 18,1,100,,12366,0,45 46 18,1
41800,'11',1846,,1403,0,45 46 18,1,100,,12367,0,45 46 18,1,100,,668,0,45 46 18,1,100,,3768,0,45 46 18,1,100,,12368,0,45 46 18,1,100,,12369,0,45 46 18,1
41800,'12',1046,,12372,0,45 46 18,1,100,,12375,0,45 46 18,1,100,,12374,0,45 46 18,1,100,,12377,0,45 46 18,1,100,,12376,0,45 46 18,1,100,,12370,0,45 46 18,1,100,,12373,0,45 46 18,1,100,,12371,0,45 46 18,1
41800,'14',616,,12387,0,45 46 18,1,30,,12393,0,45 46 18,1,70,,12385,0,45 46 18,1,30,,12398,0,45 46 18,1,70,,12392,0,45 46 18,1,30,,12384,0,45 46 18,1,70,,12389,0,45 46 18,1,30,,12395,0,45 46 18,1,70,,3859,0,45 46 18,1,30,,12396,0,45 46 18,1,70,,12380,0,45 46 18,1,30,,12402,0,45 46 18,1,70,,12388,0,45 46 18,1,30,,12400,0,45 46 18,1,70,,12381,0,45 46 18,1,30,,12390,0,45 46 18,1,70,,12399,0,45 46 18,1,30,,12382,0,45 46 18,1,70,,12383,0,45 46 18,1,30,,4229,0,45 46 18,1,70,,12386,0,45 46 18,1,30,,12378,0,45 46 18,1,70,,12391,0,45 46 18,1,30,,12401,0,45 46 18,1,100,,2098,0,45 46 18,1,100,,12397,0,45 46 18,1,100,,12379,0,45 46 18,1,100,,5220,0,45 46 18,1,100,,4630,0,45 46 18,1,100,,12394,0,45 46 18,1
41800,'3',1846,,1379,0,45 46 18,1,100,,12403,0,45 46 18,1,100,,643,0,45 46 18,1,100,,3743,0,45 46 18,1,100,,12404,0,45 46 18,1,100,,12405,0,45 46 18,1
41800,'7',846,,3257,0,45 46 18,1,100,,12418,0,45 46 18,1,70,,12411,0,45 46 18,1,30,,12407,0,45 46 18,1,70,,12421,0,45 46 18,1,30,,12415,0,45 46 18,1,70,,12414,0,45 46 18,1,30,,12412,0,45 46 18,1,70,,12419,0,45 46 18,1,30,,4214,0,45 46 18,1,70,,2917,0,45 46 18,1,30,,4103,0,45 46 18,1,70,,12410,0,45 46 18,1,30,,12406,0,45 46 18,1,70,,12420,0,45 46 18,1,30,,12408,0,45 46 18,1,70,,12417,0,45 46 18,1,30,,12413,0,45 46 18,1,100,,12416,0,45 46 18,1,100,,12409,0,45 46 18,1
