31800,'12',605,,35968,13,0,45 46 18,1,30,,35985,13,0,45 46 18,1,70,,35988,13,0,45 46 18,1,30,,35969,13,0,45 46 18,1,70,,35979,13,0,45 46 18,1,30,,35976,13,0,45 46 18,1,70,,35989,13,0,45 46 18,1,30,,35983,13,0,45 46 18,1,70,,35980,13,0,45 46 18,1,30,,35984,13,0,45 46 18,1,70,,35974,13,0,45 46 18,1,30,,35987,13,0,45 46 18,1,70,,35972,13,0,45 46 18,1,30,,35973,13,0,45 46 18,1,70,,35971,13,0,45 46 18,1,30,,35965,13,0,45 46 18,1,70,,35982,13,0,45 46 18,1,30,,35975,13,0,45 46 18,1,70,,35986,13,0,45 46 18,1,30,,35966,13,0,45 46 18,1,70,,35970,13,0,45 46 18,1,30,,35967,13,0,45 46 18,1,70,,35977,13,0,45 46 18,1,30,,35981,13,0,45 46 18,1,70,,35978,13,0,45 46 18,1
31800,'13',605,,35992,13,0,45 46 18,1,30,,36005,13,0,45 46 18,1,70,,36008,13,0,45 46 18,1,30,,35993,13,0,45 46 18,1,70,,36000,13,0,45 46 18,1,30,,35998,13,0,45 46 18,1,70,,27363,13,0,45 46 18,1,30,,36003,13,0,45 46 18,1,70,,29704,13,0,45 46 18,1,30,,36004,13,0,45 46 18,1,70,,35996,13,0,45 46 18,1,30,,36007,13,0,45 46 18,1,70,,35995,13,0,45 46 18,1,30,,28468,13,0,45 46 18,1,70,,35994,13,0,45 46 18,1,30,,28805,13,0,45 46 18,1,70,,36002,13,0,45 46 18,1,30,,35997,13,0,45 46 18,1,70,,36006,13,0,45 46 18,1,30,,35990,13,0,45 46 18,1,70,,29319,13,0,45 46 18,1,30,,35991,13,0,45 46 18,1,70,,27770,13,0,45 46 18,1,30,,36001,13,0,45 46 18,1,70,,35999,13,0,45 46 18,1
31800,'3',605,,36011,13,0,45 46 18,1,30,,36024,13,0,45 46 18,1,70,,36027,13,0,45 46 18,1,30,,36012,13,0,45 46 18,1,70,,36019,13,0,45 46 18,1,30,,36017,13,0,45 46 18,1,70,,27401,13,0,45 46 18,1,30,,36022,13,0,45 46 18,1,70,,29823,13,0,45 46 18,1,30,,36023,13,0,45 46 18,1,70,,36015,13,0,45 46 18,1,30,,36026,13,0,45 46 18,1,70,,36014,13,0,45 46 18,1,30,,28483,13,0,45 46 18,1,70,,36013,13,0,45 46 18,1,30,,28828,13,0,45 46 18,1,70,,36021,13,0,45 46 18,1,30,,36016,13,0,45 46 18,1,70,,36025,13,0,45 46 18,1,30,,36009,13,0,45 46 18,1,70,,29340,13,0,45 46 18,1,30,,36010,13,0,45 46 18,1,70,,27790,13,0,45 46 18,1,30,,36020,13,0,45 46 18,1,70,,36018,13,0,45 46 18,1
31800,'6',605,,36031,13,0,45 46 18,1,30,,36048,13,0,45 46 18,1,70,,36051,13,0,45 46 18,1,30,,36032,13,0,45 46 18,1,70,,36042,13,0,45 46 18,1,30,,36039,13,0,45 46 18,1,70,,36052,13,0,45 46 18,1,30,,36046,13,0,45 46 18,1,70,,36043,13,0,45 46 18,1,30,,36047,13,0,45 46 18,1,70,,36037,13,0,45 46 18,1,30,,36050,13,0,45 46 18,1,70,,36035,13,0,45 46 18,1,30,,36036,13,0,45 46 18,1,70,,36034,13,0,45 46 18,1,30,,36028,13,0,45 46 18,1,70,,36045,13,0,45 46 18,1,30,,36038,13,0,45 46 18,1,70,,36049,13,0,45 46 18,1,30,,36029,13,0,45 46 18,1,70,,36033,13,0,45 46 18,1,30,,36030,13,0,45 46 18,1,70,,36040,13,0,45 46 18,1,30,,36044,13,0,45 46 18,1,70,,36041,13,0,45 46 18,1
41800,'1',621,,41028,15,0,45 46 18,1,30,,31346,15,0,45 46 18,1,70,,41015,15,0,45 46 18,1,30,,41023,15,0,45 46 18,1,70,,41016,15,0,45 46 18,1,30,,41011,15,0,45 46 18,1,70,,41013,15,0,45 46 18,1,30,,41006,15,0,45 46 18,1,70,,41025,15,0,45 46 18,1,30,,41018,15,0,45 46 18,1,70,,41012,15,0,45 46 18,1,30,,41022,15,0,45 46 18,1,70,,41014,15,0,45 46 18,1,30,,41005,15,0,45 46 18,1,70,,41026,15,0,45 46 18,1,30,,41024,15,0,45 46 18,1,70,,41007,15,0,45 46 18,1,30,,41019,15,0,45 46 18,1,70,,24259,15,0,45 46 18,1,30,,41008,15,0,45 46 18,1,70,,41009,15,0,45 46 18,1,30,,41017,15,0,45 46 18,1,70,,29112,15,0,45 46 18,1,30,,23596,15,0,45 46 18,1,100,,30068,15,0,45 46 18,1,100,,41021,15,0,45 46 18,1,100,,32532,15,0,45 46 18,1,100,,41027,15,0,45 46 18,1,100,,41020,15,0,45 46 18,1,100,,41010,15,0,45 46 18,1
41800,'11',621,,41058,15,0,45 46 18,1,30,,41046,15,0,45 46 18,1,70,,41042,15,0,45 46 18,1,30,,41053,15,0,45 46 18,1,70,,41044,15,0,45 46 18,1,30,,41036,15,0,45 46 18,1,70,,41039,15,0,45 46 18,1,30,,41030,15,0,45 46 18,1,70,,41055,15,0,45 46 18,1,30,,41047,15,0,45 46 18,1,70,,41038,15,0,45 46 18,1,30,,41052,15,0,45 46 18,1,70,,41040,15,0,45 46 18,1,30,,41029,15,0,45 46 18,1,70,,41056,15,0,45 46 18,1,30,,41054,15,0,45 46 18,1,70,,41031,15,0,45 46 18,1,30,,41049,15,0,45 46 18,1,70,,41043,15,0,45 46 18,1,30,,41032,15,0,45 46 18,1,70,,41034,15,0,45 46 18,1,30,,41045,15,0,45 46 18,1,70,,41033,15,0,45 46 18,1,30,,41041,15,0,45 46 18,1,100,,41037,15,0,45 46 18,1,100,,41051,15,0,45 46 18,1,100,,41048,15,0,45 46 18,1,100,,41057,15,0,45 46 18,1,100,,41050,15,0,45 46 18,1,100,,41035,15,0,45 46 18,1
41800,'12',1851,,41062,15,0,45 46 18,1,100,,41059,15,0,45 46 18,1,100,,41063,15,0,45 46 18,1,100,,41060,15,0,45 46 18,1,100,,41064,15,0,45 46 18,1,100,,41061,15,0,45 46 18,1
41800,'13',1851,,41068,15,0,45 46 18,1,100,,41065,15,0,45 46 18,1,100,,41069,15,0,45 46 18,1,100,,41066,15,0,45 46 18,1,100,,41070,15,0,45 46 18,1,100,,41067,15,0,45 46 18,1
41800,'14',1051,,41072,15,0,45 46 18,1,100,,41074,15,0,45 46 18,1,100,,41077,15,0,45 46 18,1,100,,41076,15,0,45 46 18,1,100,,41073,15,0,45 46 18,1,100,,41071,15,0,45 46 18,1,100,,41078,15,0,45 46 18,1,100,,41075,15,0,45 46 18,1
41800,'16',621,,41103,15,0,45 46 18,1,30,,31387,15,0,45 46 18,1,70,,41089,15,0,45 46 18,1,30,,41098,15,0,45 46 18,1,70,,41090,15,0,45 46 18,1,30,,41085,15,0,45 46 18,1,70,,41087,15,0,45 46 18,1,30,,41080,15,0,45 46 18,1,70,,41100,15,0,45 46 18,1,30,,41092,15,0,45 46 18,1,70,,41086,15,0,45 46 18,1,30,,41097,15,0,45 46 18,1,70,,41088,15,0,45 46 18,1,30,,41079,15,0,45 46 18,1,70,,41101,15,0,45 46 18,1,30,,41099,15,0,45 46 18,1,70,,41081,15,0,45 46 18,1,30,,41094,15,0,45 46 18,1,70,,29533,15,0,45 46 18,1,30,,41082,15,0,45 46 18,1,70,,41083,15,0,45 46 18,1,30,,41091,15,0,45 46 18,1,70,,23985,15,0,45 46 18,1,30,,30899,15,0,45 46 18,1,100,,30148,15,0,45 46 18,1,100,,41096,15,0,45 46 18,1,100,,41093,15,0,45 46 18,1,100,,41102,15,0,45 46 18,1,100,,41095,15,0,45 46 18,1,100,,41084,15,0,45 46 18,1
41800,'3',1851,,41107,15,0,45 46 18,1,100,,41104,15,0,45 46 18,1,100,,41108,15,0,45 46 18,1,100,,41105,15,0,45 46 18,1,100,,41109,15,0,45 46 18,1,100,,41106,15,0,45 46 18,1
41800,'6',1851,,41113,15,0,45 46 18,1,100,,41110,15,0,45 46 18,1,100,,41114,15,0,45 46 18,1,100,,41111,15,0,45 46 18,1,100,,41115,15,0,45 46 18,1,100,,41112,15,0,45 46 18,1
41800,'8',951,,41130,15,0,45 46 18,1,70,,30580,15,0,45 46 18,1,30,,41126,15,0,45 46 18,1,70,,41129,15,0,45 46 18,1,30,,41116,15,0,45 46 18,1,100,,41120,15,0,45 46 18,1,70,,41123,15,0,45 46 18,1,30,,41121,15,0,45 46 18,1,100,,41125,15,0,45 46 18,1,70,,41119,15,0,45 46 18,1,30,,29849,15,0,45 46 18,1,70,,41117,15,0,45 46 18,1,30,,41122,15,0,45 46 18,1,70,,41118,15,0,45 46 18,1,30,,41128,15,0,45 46 18,1,100,,41127,15,0,45 46 18,1,100,,41124,15,0,45 46 18,1
