30500,'1',553,,984,10,0,58,1,70,,971,21,0,58,1,30,,966,21,0,58,1,70,,964,21,0,58,1,30,,974,21,0,58,1,70,,981,21,0,58,1,30,,978,21,0,58,1,70,,961,21,0,58,1,30,,977,21,0,58,1,70,,970,21,0,58,1,30,,969,21,0,58,1,70,,976,21,0,58,1,30,,982,21,0,58,1,70,,972,21,0,58,1,30,,965,21,0,58,1,70,,962,21,0,58,1,30,,967,21,0,58,1,70,,980,21,0,58,1,30,,983,21,0,58,1,70,,979,21,0,58,1,30,,963,21,0,58,1,70,,975,21,0,58,1,30,,973,21,0,58,1,70,,968,21,0,58,1
30500,'10',553,,1008,10,0,58,1,70,,995,21,0,58,1,30,,990,21,0,58,1,70,,988,21,0,58,1,30,,998,21,0,58,1,70,,1005,21,0,58,1,30,,1002,21,0,58,1,70,,985,21,0,58,1,30,,1001,21,0,58,1,70,,994,21,0,58,1,30,,993,21,0,58,1,70,,1000,21,0,58,1,30,,1006,21,0,58,1,70,,996,21,0,58,1,30,,989,21,0,58,1,70,,986,21,0,58,1,30,,991,21,0,58,1,70,,1004,21,0,58,1,30,,1007,21,0,58,1,70,,1003,21,0,58,1,30,,987,21,0,58,1,70,,999,21,0,58,1,30,,997,21,0,58,1,70,,992,21,0,58,1
30500,'11',553,,1032,10,0,58,1,70,,1019,21,0,58,1,30,,1014,21,0,58,1,70,,1012,21,0,58,1,30,,1022,21,0,58,1,70,,1029,21,0,58,1,30,,1026,21,0,58,1,70,,1009,21,0,58,1,30,,1025,21,0,58,1,70,,1017,21,0,58,1,30,,1018,21,0,58,1,70,,1024,21,0,58,1,30,,1030,21,0,58,1,70,,1020,21,0,58,1,30,,1013,21,0,58,1,70,,1010,21,0,58,1,30,,1015,21,0,58,1,70,,1028,21,0,58,1,30,,1031,21,0,58,1,70,,1027,21,0,58,1,30,,1011,21,0,58,1,70,,1023,21,0,58,1,30,,1021,21,0,58,1,70,,1016,21,0,58,1
30500,'3',553,,1056,10,0,58,1,70,,1043,21,0,58,1,30,,1038,21,0,58,1,70,,1036,21,0,58,1,30,,1046,21,0,58,1,70,,1053,21,0,58,1,30,,1050,21,0,58,1,70,,1033,21,0,58,1,30,,1049,21,0,58,1,70,,1041,21,0,58,1,30,,1042,21,0,58,1,70,,1048,21,0,58,1,30,,1054,21,0,58,1,70,,1044,21,0,58,1,30,,1037,21,0,58,1,70,,1034,21,0,58,1,30,,1039,21,0,58,1,70,,1052,21,0,58,1,30,,1055,21,0,58,1,70,,1051,21,0,58,1,30,,1035,21,0,58,1,70,,1047,21,0,58,1,30,,1045,21,0,58,1,70,,1040,21,0,58,1
41200,'1',1822,,7037,21,0,23,1,100,,7035,21,0,23,1,100,,7034,21,0,23,1,100,,7036,21,0,23,1,100,,7038,21,0,23,1,100,,7033,21,0,23,1
41200,'10',1822,,7043,21,0,23,1,100,,7041,21,0,23,1,100,,7040,21,0,23,1,100,,7042,21,0,23,1,100,,7044,21,0,23,1,100,,7039,21,0,23,1
41200,'11',1822,,7049,21,0,23,1,100,,7047,21,0,23,1,100,,7046,21,0,23,1,100,,7048,21,0,23,1,100,,7050,21,0,23,1,100,,7045,21,0,23,1
41200,'12',1123,,7051,21,0,23,1,100,,7056,21,0,23,1,100,,7054,21,0,23,1,99,,7052,21,0,23,1,100,,7057,21,0,23,1,100,,7053,21,0,23,1,100,,7055,21,0,23,1
41200,'14',622,,7082,21,0,23,1,30,,7078,21,0,23,1,70,,7071,21,0,23,1,30,,7061,21,0,23,1,70,,7072,21,0,23,1,30,,7064,21,0,23,1,70,,7065,21,0,23,1,30,,7063,21,0,23,1,71,,7081,21,0,23,1,30,,7059,21,0,23,1,70,,7075,21,0,23,1,30,,7062,21,0,23,1,70,,7086,21,0,23,1,30,,7079,21,0,23,1,70,,7067,21,0,23,1,30,,7066,21,0,23,1,69,,7084,21,0,23,1,30,,7085,21,0,23,1,70,,7070,21,0,23,1,30,,7083,21,0,23,1,70,,7076,21,0,23,1,30,,7073,21,0,23,1,70,,7068,21,0,23,1,30,,7060,21,0,23,1,70,,7087,21,0,23,1,100,,7077,21,0,23,1,100,,7074,21,0,23,1,100,,7058,21,0,23,1,100,,7069,21,0,23,1,100,,7080,21,0,23,1
41200,'3',1822,,7092,21,0,23,1,100,,7090,21,0,23,1,100,,7089,21,0,23,1,100,,7091,21,0,23,1,100,,7093,21,0,23,1,100,,7088,21,0,23,1
41200,'7',922,,7094,21,0,23,1,101,,7102,21,0,23,1,30,,7105,21,0,23,1,70,,7108,21,0,23,1,30,,7095,21,0,23,1,70,,7098,21,0,23,1,30,,7104,21,0,23,1,70,,7103,21,0,23,1,30,,7107,21,0,23,1,69,,7109,21,0,23,1,30,,7101,21,0,23,1,70,,7106,21,0,23,1,30,,7096,21,0,23,1,70,,7112,21,0,23,1,30,,7097,21,0,23,1,70,,7100,21,0,23,1,30,,7110,21,0,23,1,70,,7111,21,0,23,1,100,,7099,21,0,23,1
