32101,'12',709,,36378,5,0,56,1,100,,36376,5,0,56,1,100,,36374,5,0,56,1,100,,36371,5,0,56,1,100,,36380,5,0,56,1,100,,36372,5,0,56,1,100,,36370,5,0,56,1,100,,36377,5,0,56,1,100,,36369,5,0,56,1,100,,36379,5,0,56,1,100,,36375,5,0,56,1,100,,36373,5,0,56,1
32101,'13',809,,36384,5,0,56,1,100,,28026,5,0,56,1,100,,36382,5,0,56,1,400,,36385,5,0,56,1,100,,36381,5,0,56,1,100,,36386,5,0,56,1,100,,36383,5,0,56,1
32101,'3',809,,36390,5,0,56,1,100,,28049,5,0,56,1,100,,36388,5,0,56,1,400,,36391,5,0,56,1,100,,36387,5,0,56,1,100,,36392,5,0,56,1,100,,36389,5,0,56,1
32101,'6',709,,36402,5,0,56,1,100,,36400,5,0,56,1,100,,36398,5,0,56,1,100,,36395,5,0,56,1,100,,36404,5,0,56,1,100,,36396,5,0,56,1,100,,36394,5,0,56,1,100,,36401,5,0,56,1,100,,36393,5,0,56,1,100,,36403,5,0,56,1,100,,36399,5,0,56,1,100,,36397,5,0,56,1
33100,'12',733,,36630,5,0,55,1,100,,36626,5,0,55,1,100,,36632,5,0,55,1,100,,36627,5,0,55,1,100,,36624,5,0,55,1,100,,36628,5,0,55,1,100,,36631,5,0,55,1,100,,36633,5,0,55,1,100,,36629,5,0,55,1,100,,36623,5,0,55,1,100,,36625,5,0,55,1
42101,'11',709,,41572,5,0,56,1,100,,41571,5,0,56,1,100,,41580,5,0,56,1,100,,41569,5,0,56,1,100,,41578,5,0,56,1,100,,41565,5,0,56,1,100,,41570,5,0,56,1,100,,41576,5,0,56,1,100,,41581,5,0,56,1,100,,41568,5,0,56,1,100,,41567,5,0,56,1,100,,41574,5,0,56,1,100,,41566,5,0,56,1,100,,41577,5,0,56,1,100,,41573,5,0,56,1,100,,41579,5,0,56,1,100,,41575,5,0,56,1
42101,'12',1909,,41584,5,0,56,1,100,,41582,5,0,56,1,100,,41585,5,0,56,1,100,,41583,5,0,56,1,100,,41586,5,0,56,1
42101,'6',1909,,41589,5,0,56,1,100,,41587,5,0,56,1,100,,41590,5,0,56,1,100,,41588,5,0,56,1,100,,41591,5,0,56,1
43100,'1',733,,41671,5,0,55,1,100,,41674,5,0,55,1,100,,30687,5,0,55,1,100,,41663,5,0,55,1,100,,41665,5,0,55,1,100,,41662,5,0,55,1,100,,41666,5,0,55,1,100,,41668,5,0,55,1,100,,41672,5,0,55,1,100,,30950,5,0,55,1,100,,41669,5,0,55,1,100,,41673,5,0,55,1,100,,41664,5,0,55,1,100,,41670,5,0,55,1,100,,41675,5,0,55,1,100,,41667,5,0,55,1
43100,'12',1833,,41678,5,0,55,1,100,,41680,5,0,55,1,100,,41676,5,0,55,1,100,,41679,5,0,55,1,100,,41681,5,0,55,1,100,,41677,5,0,55,1
