33701,'1',646,,37363,19,,,1,70,,29420,19,,,1,30,,37391,19,,,1,70,,37369,19,,,1,30,,37384,19,,,1,70,,37372,19,,,1,30,,37371,19,,,1,71,,37375,19,,,1,30,,37387,19,,,1,70,,37383,19,,,1,30,,37373,19,,,1,70,,37367,19,,,1,30,,32345,19,,,1,70,,37399,19,,,1,30,,37365,19,,,1,70,,37386,19,,,1,30,,37389,19,,,1,70,,37360,19,,,1,30,,37377,19,,,1,70,,37403,19,,,1,30,,37390,19,,,1,70,,37364,19,,,1,30,,37376,19,,,1,70,,37381,19,,,1,30,,22061,19,,,1
33701,'11',646,,37410,19,,,1,70,,37443,19,,,1,30,,37439,19,,,1,70,,37416,19,,,1,30,,37432,19,,,1,70,,37419,19,,,1,30,,37418,19,,,1,71,,37422,19,,,1,30,,37435,19,,,1,70,,37431,19,,,1,30,,37420,19,,,1,70,,37414,19,,,1,30,,37444,19,,,1,70,,37449,19,,,1,30,,37412,19,,,1,70,,37434,19,,,1,30,,37437,19,,,1,70,,37406,19,,,1,30,,37424,19,,,1,70,,37453,19,,,1,30,,37438,19,,,1,70,,37411,19,,,1,30,,37423,19,,,1,70,,37428,19,,,1,30,,37429,19,,,1
33701,'12',626,,37480,19,,,1,30,,37497,19,,,1,70,,37466,19,,,1,30,,37462,19,,,1,70,,37461,19,,,1,30,,37503,19,,,1,70,,37501,19,,,1,30,,37495,19,,,1,71,,37486,19,,,1,30,,37504,19,,,1,70,,37465,19,,,1,30,,37498,19,,,1,70,,37502,19,,,1,30,,37493,19,,,1,70,,37475,19,,,1,30,,37484,19,,,1,70,,37478,19,,,1,30,,37472,19,,,1,70,,37489,19,,,1,30,,37468,19,,,1,70,,37500,19,,,1,30,,37490,19,,,1,70,,37477,19,,,1,30,,37473,19,,,1,70,,37476,19,,,1
33701,'13',626,,37527,19,,,1,30,,37540,19,,,1,70,,37515,19,,,1,30,,37512,19,,,1,70,,37511,19,,,1,30,,37545,19,,,1,70,,27985,19,,,1,30,,28408,19,,,1,71,,37532,19,,,1,30,,37546,19,,,1,70,,37514,19,,,1,30,,37541,19,,,1,70,,37544,19,,,1,30,,37538,19,,,1,70,,31700,19,,,1,30,,37530,19,,,1,70,,37525,19,,,1,30,,37520,19,,,1,70,,37535,19,,,1,30,,37517,19,,,1,70,,37543,19,,,1,30,,37536,19,,,1,70,,37524,19,,,1,30,,37521,19,,,1,70,,37523,19,,,1
33701,'14',1047,,37561,19,,,1,70,,37562,19,,,1,30,,37564,19,,,1,70,,37549,19,,,1,30,,37559,19,,,1,70,,37548,19,,,1,30,,37558,19,,,1,70,,37554,19,,,1,30,,37568,19,,,1,70,,37567,19,,,1,30,,29744,19,,,1,70,,37575,19,,,1,30,,37566,19,,,1,70,,37573,19,,,1,30,,37574,19,,,1
33701,'16',646,,37580,19,,,1,70,,29539,19,,,1,30,,37608,19,,,1,70,,37586,19,,,1,30,,37601,19,,,1,70,,37589,19,,,1,30,,37588,19,,,1,71,,37592,19,,,1,30,,37604,19,,,1,70,,37600,19,,,1,30,,37590,19,,,1,70,,37584,19,,,1,30,,32392,19,,,1,70,,37616,19,,,1,30,,37582,19,,,1,70,,37603,19,,,1,30,,37606,19,,,1,70,,37577,19,,,1,30,,37594,19,,,1,70,,37620,19,,,1,30,,37607,19,,,1,70,,37581,19,,,1,30,,37593,19,,,1,70,,37598,19,,,1,30,,29969,19,,,1
33701,'3',626,,37644,19,,,1,30,,37657,19,,,1,70,,37632,19,,,1,30,,37629,19,,,1,70,,37628,19,,,1,30,,37662,19,,,1,70,,28008,19,,,1,30,,28429,19,,,1,71,,37649,19,,,1,30,,37663,19,,,1,70,,37631,19,,,1,30,,37658,19,,,1,70,,37661,19,,,1,30,,37655,19,,,1,70,,31755,19,,,1,30,,37647,19,,,1,70,,37642,19,,,1,30,,37637,19,,,1,70,,37652,19,,,1,30,,37634,19,,,1,70,,37660,19,,,1,30,,37653,19,,,1,70,,37641,19,,,1,30,,37638,19,,,1,70,,37640,19,,,1
33701,'6',626,,37689,19,,,1,30,,37706,19,,,1,70,,37675,19,,,1,30,,37671,19,,,1,70,,37670,19,,,1,30,,37712,19,,,1,70,,37710,19,,,1,30,,37704,19,,,1,71,,37695,19,,,1,30,,37713,19,,,1,70,,37674,19,,,1,30,,37707,19,,,1,70,,37711,19,,,1,30,,37702,19,,,1,70,,37684,19,,,1,30,,37693,19,,,1,70,,37687,19,,,1,30,,37681,19,,,1,70,,37698,19,,,1,30,,37677,19,,,1,70,,37709,19,,,1,30,,37699,19,,,1,70,,37686,19,,,1,30,,37682,19,,,1,70,,37685,19,,,1
33701,'8',1117,,30756,19,,,1,30,,37729,19,,,1,70,,37725,19,,,1,30,,37718,19,,,1,70,,37738,19,,,1,30,,37715,19,,,1,70,,37740,19,,,1,30,,37721,19,,,1,70,,37730,19,,,1,30,,31765,19,,,1,70,,37719,19,,,1,30,,37720,19,,,1,70,,37723,19,,,1,30,,37722,19,,,1,70,,37726,19,,,1
43701,'1',1925,,41926,19,,,1,100,,41927,19,,,1,100,,41924,19,,,1,100,,41923,19,,,1,100,,30690,19,,,1
43701,'11',1925,,41934,19,,,1,100,,41935,19,,,1,100,,41932,19,,,1,100,,41931,19,,,1,100,,41936,19,,,1
43701,'12',1925,,41948,19,,,1,100,,41941,19,,,1,100,,41949,19,,,1,100,,41946,19,,,1,100,,41947,19,,,1
43701,'13',1925,,41957,19,,,1,100,,41951,19,,,1,100,,41958,19,,,1,100,,41956,19,,,1,100,,28240,19,,,1
43701,'16',1925,,41963,19,,,1,100,,41964,19,,,1,100,,41961,19,,,1,100,,41960,19,,,1,100,,30728,19,,,1
43701,'3',1925,,41975,19,,,1,100,,41969,19,,,1,100,,41976,19,,,1,100,,41974,19,,,1,100,,28262,19,,,1
43701,'6',1925,,41985,19,,,1,100,,41978,19,,,1,100,,41986,19,,,1,100,,41983,19,,,1,100,,41984,19,,,1
