30501,'12',633,,33786,37,0,27,1,70,,33763,37,0,27,1,30,,33779,37,0,27,1,70,,33766,37,0,27,1,30,,33777,37,0,27,1,70,,33769,37,0,27,1,30,,33774,37,0,27,1,70,,33784,37,0,27,1,30,,33772,37,0,27,1,70,,33770,37,0,27,1,30,,33787,37,0,27,1,70,,33775,37,0,27,1,30,,33767,37,0,27,1,70,,33765,37,0,27,1,30,,33782,37,0,27,1,70,,33783,37,0,27,1,30,,33768,37,0,27,1,70,,33781,37,0,27,1,30,,33778,37,0,27,1,70,,33771,37,0,27,1,30,,33764,37,0,27,1,70,,33780,37,0,27,1,30,,33773,37,0,27,1,70,,33785,37,0,27,1
30501,'13',633,,33810,37,0,27,1,70,,33788,37,0,27,1,30,,33804,37,0,27,1,70,,33791,37,0,27,1,30,,33802,37,0,27,1,70,,33794,37,0,27,1,30,,33799,37,0,27,1,70,,33809,37,0,27,1,30,,33797,37,0,27,1,70,,33795,37,0,27,1,30,,33811,37,0,27,1,70,,33800,37,0,27,1,30,,33792,37,0,27,1,70,,33790,37,0,27,1,30,,33807,37,0,27,1,70,,33808,37,0,27,1,30,,33793,37,0,27,1,70,,33806,37,0,27,1,30,,33803,37,0,27,1,70,,33796,37,0,27,1,30,,33789,37,0,27,1,70,,33805,37,0,27,1,30,,33798,37,0,27,1,70,,28368,37,0,27,1
30501,'3',633,,33834,37,0,27,1,70,,33812,37,0,27,1,30,,33828,37,0,27,1,70,,33815,37,0,27,1,30,,33826,37,0,27,1,70,,33818,37,0,27,1,30,,33823,37,0,27,1,70,,33833,37,0,27,1,30,,33821,37,0,27,1,70,,33819,37,0,27,1,30,,33835,37,0,27,1,70,,33824,37,0,27,1,30,,33816,37,0,27,1,70,,33814,37,0,27,1,30,,33831,37,0,27,1,70,,33832,37,0,27,1,30,,33817,37,0,27,1,70,,33830,37,0,27,1,30,,33827,37,0,27,1,70,,33820,37,0,27,1,30,,33813,37,0,27,1,70,,33829,37,0,27,1,30,,33822,37,0,27,1,70,,28386,37,0,27,1
30501,'6',633,,33859,37,0,27,1,70,,33836,37,0,27,1,30,,33852,37,0,27,1,70,,33839,37,0,27,1,30,,33850,37,0,27,1,70,,33842,37,0,27,1,30,,33847,37,0,27,1,70,,33857,37,0,27,1,30,,33845,37,0,27,1,70,,33843,37,0,27,1,30,,33860,37,0,27,1,70,,33848,37,0,27,1,30,,33840,37,0,27,1,70,,33838,37,0,27,1,30,,33855,37,0,27,1,70,,33856,37,0,27,1,30,,33841,37,0,27,1,70,,33854,37,0,27,1,30,,33851,37,0,27,1,70,,33844,37,0,27,1,30,,33837,37,0,27,1,70,,33853,37,0,27,1,30,,33846,37,0,27,1,70,,33858,37,0,27,1
41201,'1',628,,39929,40,,,1,30,,39924,40,,,1,70,,39914,40,,,1,30,,39933,40,,,1,70,,39918,40,,,1,30,,31492,40,,,1,70,,39913,40,,,1,30,,39928,40,,,1,71,,39930,40,,,1,30,,39916,40,,,1,70,,39919,40,,,1,30,,39931,40,,,1,70,,39920,40,,,1,30,,39922,40,,,1,70,,39939,40,,,1,30,,39923,40,,,1,70,,39921,40,,,1,30,,39937,40,,,1,70,,39926,40,,,1,30,,39912,40,,,1,70,,39936,40,,,1,30,,39935,40,,,1,70,,39938,40,,,1,30,,39932,40,,,1,70,,39925,40,,,1,99,,39927,40,,,1,100,,31591,40,,,1,100,,39917,40,,,1,100,,39934,40,,,1,100,,39915,40,,,1
41201,'11',628,,39959,40,,,1,30,,39953,40,,,1,70,,39942,40,,,1,30,,39963,40,,,1,70,,39947,40,,,1,30,,39943,40,,,1,70,,39941,40,,,1,30,,39958,40,,,1,71,,39960,40,,,1,30,,39945,40,,,1,70,,39948,40,,,1,30,,39961,40,,,1,70,,39949,40,,,1,30,,39951,40,,,1,70,,39969,40,,,1,30,,39952,40,,,1,70,,39950,40,,,1,30,,39967,40,,,1,70,,39955,40,,,1,30,,39940,40,,,1,70,,39966,40,,,1,30,,39965,40,,,1,70,,39968,40,,,1,30,,39962,40,,,1,70,,39954,40,,,1,99,,39957,40,,,1,100,,39956,40,,,1,100,,39946,40,,,1,100,,39964,40,,,1,100,,39944,40,,,1
41201,'12',1829,,39971,40,,,1,99,,39972,40,,,1,100,,39975,40,,,1,100,,39973,40,,,1,100,,39970,40,,,1,100,,39974,40,,,1
41201,'13',1829,,24112,40,,,1,99,,27610,40,,,1,100,,39979,40,,,1,100,,39977,40,,,1,100,,39976,40,,,1,100,,39978,40,,,1
41201,'14',1129,,39986,40,,,1,100,,39987,40,,,1,100,,39984,40,,,1,100,,39982,40,,,1,100,,39981,40,,,1,100,,39985,40,,,1,100,,39980,40,,,1
41201,'16',628,,40005,40,,,1,30,,40000,40,,,1,70,,39990,40,,,1,30,,40009,40,,,1,70,,39994,40,,,1,30,,31532,40,,,1,70,,39989,40,,,1,30,,40004,40,,,1,71,,40006,40,,,1,30,,39992,40,,,1,70,,39995,40,,,1,30,,40007,40,,,1,70,,39996,40,,,1,30,,39998,40,,,1,70,,40015,40,,,1,30,,39999,40,,,1,70,,39997,40,,,1,30,,40013,40,,,1,70,,40002,40,,,1,30,,39988,40,,,1,70,,40012,40,,,1,30,,40011,40,,,1,70,,40014,40,,,1,30,,40008,40,,,1,70,,40001,40,,,1,99,,40003,40,,,1,100,,31627,40,,,1,100,,39993,40,,,1,100,,40010,40,,,1,100,,39991,40,,,1
41201,'3',1829,,24124,40,,,1,99,,27633,40,,,1,100,,40019,40,,,1,100,,40017,40,,,1,100,,40016,40,,,1,100,,40018,40,,,1
41201,'6',1829,,40021,40,,,1,99,,40022,40,,,1,100,,40025,40,,,1,100,,40023,40,,,1,100,,40020,40,,,1,100,,40024,40,,,1
41201,'8',928,,40044,40,,,1,101,,40026,40,,,1,30,,40034,40,,,1,70,,40029,40,,,1,30,,40038,40,,,1,70,,40031,40,,,1,30,,40039,40,,,1,70,,40028,40,,,1,30,,40037,40,,,1,70,,30497,40,,,1,30,,40036,40,,,1,70,,40027,40,,,1,30,,40035,40,,,1,70,,40030,40,,,1,30,,40041,40,,,1,70,,40033,40,,,1,30,,40032,40,,,1,70,,40040,40,,,1,99,,40042,40,,,1,100,,40043,40,,,1
