31800,'12',612,,35968,26,0,45 46 18,1,30,,35985,26,0,45 46 18,1,70,,35988,26,0,45 46 18,1,30,,35969,26,0,45 46 18,1,70,,35979,26,0,45 46 18,1,30,,35976,26,0,45 46 18,1,70,,35989,26,0,45 46 18,1,30,,35983,26,0,45 46 18,1,70,,35980,26,0,45 46 18,1,30,,35984,26,0,45 46 18,1,70,,35974,26,0,45 46 18,1,30,,35987,26,0,45 46 18,1,70,,35972,26,0,45 46 18,1,30,,35973,26,0,45 46 18,1,70,,35971,26,0,45 46 18,1,30,,35965,26,0,45 46 18,1,70,,35982,26,0,45 46 18,1,30,,35975,26,0,45 46 18,1,70,,35986,26,0,45 46 18,1,30,,35966,26,0,45 46 18,1,70,,35970,26,0,45 46 18,1,30,,35967,26,0,45 46 18,1,70,,35977,26,0,45 46 18,1,30,,35981,26,0,45 46 18,1,70,,35978,26,0,45 46 18,1
31800,'13',612,,35992,26,0,45 46 18,1,30,,36005,26,0,45 46 18,1,70,,36008,26,0,45 46 18,1,30,,35993,26,0,45 46 18,1,70,,36000,26,0,45 46 18,1,30,,35998,26,0,45 46 18,1,70,,27363,26,0,45 46 18,1,30,,36003,26,0,45 46 18,1,70,,29704,26,0,45 46 18,1,30,,36004,26,0,45 46 18,1,70,,35996,26,0,45 46 18,1,30,,36007,26,0,45 46 18,1,70,,35995,26,0,45 46 18,1,30,,28468,26,0,45 46 18,1,70,,35994,26,0,45 46 18,1,30,,28805,26,0,45 46 18,1,70,,36002,26,0,45 46 18,1,30,,35997,26,0,45 46 18,1,70,,36006,26,0,45 46 18,1,30,,35990,26,0,45 46 18,1,70,,29319,26,0,45 46 18,1,30,,35991,26,0,45 46 18,1,70,,27770,26,0,45 46 18,1,30,,36001,26,0,45 46 18,1,70,,35999,26,0,45 46 18,1
31800,'3',612,,36011,26,0,45 46 18,1,30,,36024,26,0,45 46 18,1,70,,36027,26,0,45 46 18,1,30,,36012,26,0,45 46 18,1,70,,36019,26,0,45 46 18,1,30,,36017,26,0,45 46 18,1,70,,27401,26,0,45 46 18,1,30,,36022,26,0,45 46 18,1,70,,29823,26,0,45 46 18,1,30,,36023,26,0,45 46 18,1,70,,36015,26,0,45 46 18,1,30,,36026,26,0,45 46 18,1,70,,36014,26,0,45 46 18,1,30,,28483,26,0,45 46 18,1,70,,36013,26,0,45 46 18,1,30,,28828,26,0,45 46 18,1,70,,36021,26,0,45 46 18,1,30,,36016,26,0,45 46 18,1,70,,36025,26,0,45 46 18,1,30,,36009,26,0,45 46 18,1,70,,29340,26,0,45 46 18,1,30,,36010,26,0,45 46 18,1,70,,27790,26,0,45 46 18,1,30,,36020,26,0,45 46 18,1,70,,36018,26,0,45 46 18,1
31800,'6',612,,36031,26,0,45 46 18,1,30,,36048,26,0,45 46 18,1,70,,36051,26,0,45 46 18,1,30,,36032,26,0,45 46 18,1,70,,36042,26,0,45 46 18,1,30,,36039,26,0,45 46 18,1,70,,36052,26,0,45 46 18,1,30,,36046,26,0,45 46 18,1,70,,36043,26,0,45 46 18,1,30,,36047,26,0,45 46 18,1,70,,36037,26,0,45 46 18,1,30,,36050,26,0,45 46 18,1,70,,36035,26,0,45 46 18,1,30,,36036,26,0,45 46 18,1,70,,36034,26,0,45 46 18,1,30,,36028,26,0,45 46 18,1,70,,36045,26,0,45 46 18,1,30,,36038,26,0,45 46 18,1,70,,36049,26,0,45 46 18,1,30,,36029,26,0,45 46 18,1,70,,36033,26,0,45 46 18,1,30,,36030,26,0,45 46 18,1,70,,36040,26,0,45 46 18,1,30,,36044,26,0,45 46 18,1,70,,36041,26,0,45 46 18,1
41800,'1',627,,41028,28,0,45 46 18,1,30,,31346,28,0,45 46 18,1,70,,41015,28,0,45 46 18,1,30,,41023,28,0,45 46 18,1,70,,41016,28,0,45 46 18,1,30,,41011,28,0,45 46 18,1,70,,41013,28,0,45 46 18,1,30,,41006,28,0,45 46 18,1,71,,41025,28,0,45 46 18,1,30,,41018,28,0,45 46 18,1,70,,41012,28,0,45 46 18,1,30,,41022,28,0,45 46 18,1,70,,41014,28,0,45 46 18,1,30,,41005,28,0,45 46 18,1,70,,41026,28,0,45 46 18,1,30,,41024,28,0,45 46 18,1,70,,41007,28,0,45 46 18,1,30,,41019,28,0,45 46 18,1,70,,24259,28,0,45 46 18,1,30,,41008,28,0,45 46 18,1,70,,41009,28,0,45 46 18,1,30,,41017,28,0,45 46 18,1,70,,29112,28,0,45 46 18,1,30,,23596,28,0,45 46 18,1,100,,30068,28,0,45 46 18,1,100,,41021,28,0,45 46 18,1,100,,32532,28,0,45 46 18,1,100,,41027,28,0,45 46 18,1,100,,41020,28,0,45 46 18,1,100,,41010,28,0,45 46 18,1
41800,'11',627,,41058,28,0,45 46 18,1,30,,41046,28,0,45 46 18,1,70,,41042,28,0,45 46 18,1,30,,41053,28,0,45 46 18,1,70,,41044,28,0,45 46 18,1,30,,41036,28,0,45 46 18,1,70,,41039,28,0,45 46 18,1,30,,41030,28,0,45 46 18,1,71,,41055,28,0,45 46 18,1,30,,41047,28,0,45 46 18,1,70,,41038,28,0,45 46 18,1,30,,41052,28,0,45 46 18,1,70,,41040,28,0,45 46 18,1,30,,41029,28,0,45 46 18,1,70,,41056,28,0,45 46 18,1,30,,41054,28,0,45 46 18,1,70,,41031,28,0,45 46 18,1,30,,41049,28,0,45 46 18,1,70,,41043,28,0,45 46 18,1,30,,41032,28,0,45 46 18,1,70,,41034,28,0,45 46 18,1,30,,41045,28,0,45 46 18,1,70,,41033,28,0,45 46 18,1,30,,41041,28,0,45 46 18,1,100,,41037,28,0,45 46 18,1,100,,41051,28,0,45 46 18,1,100,,41048,28,0,45 46 18,1,100,,41057,28,0,45 46 18,1,100,,41050,28,0,45 46 18,1,100,,41035,28,0,45 46 18,1
41800,'12',1858,,41062,28,0,45 46 18,1,100,,41059,28,0,45 46 18,1,100,,41063,28,0,45 46 18,1,100,,41060,28,0,45 46 18,1,100,,41064,28,0,45 46 18,1,100,,41061,28,0,45 46 18,1
41800,'13',1858,,41068,28,0,45 46 18,1,100,,41065,28,0,45 46 18,1,100,,41069,28,0,45 46 18,1,100,,41066,28,0,45 46 18,1,100,,41070,28,0,45 46 18,1,100,,41067,28,0,45 46 18,1
41800,'14',1058,,41072,28,0,45 46 18,1,100,,41074,28,0,45 46 18,1,100,,41077,28,0,45 46 18,1,100,,41076,28,0,45 46 18,1,100,,41073,28,0,45 46 18,1,100,,41071,28,0,45 46 18,1,100,,41078,28,0,45 46 18,1,100,,41075,28,0,45 46 18,1
41800,'16',627,,41103,28,0,45 46 18,1,30,,31387,28,0,45 46 18,1,70,,41089,28,0,45 46 18,1,30,,41098,28,0,45 46 18,1,70,,41090,28,0,45 46 18,1,30,,41085,28,0,45 46 18,1,70,,41087,28,0,45 46 18,1,30,,41080,28,0,45 46 18,1,71,,41100,28,0,45 46 18,1,30,,41092,28,0,45 46 18,1,70,,41086,28,0,45 46 18,1,30,,41097,28,0,45 46 18,1,70,,41088,28,0,45 46 18,1,30,,41079,28,0,45 46 18,1,70,,41101,28,0,45 46 18,1,30,,41099,28,0,45 46 18,1,70,,41081,28,0,45 46 18,1,30,,41094,28,0,45 46 18,1,70,,29533,28,0,45 46 18,1,30,,41082,28,0,45 46 18,1,70,,41083,28,0,45 46 18,1,30,,41091,28,0,45 46 18,1,70,,23985,28,0,45 46 18,1,30,,30899,28,0,45 46 18,1,100,,30148,28,0,45 46 18,1,100,,41096,28,0,45 46 18,1,100,,41093,28,0,45 46 18,1,100,,41102,28,0,45 46 18,1,100,,41095,28,0,45 46 18,1,100,,41084,28,0,45 46 18,1
41800,'3',1858,,41107,28,0,45 46 18,1,100,,41104,28,0,45 46 18,1,100,,41108,28,0,45 46 18,1,100,,41105,28,0,45 46 18,1,100,,41109,28,0,45 46 18,1,100,,41106,28,0,45 46 18,1
41800,'6',1858,,41113,28,0,45 46 18,1,100,,41110,28,0,45 46 18,1,100,,41114,28,0,45 46 18,1,100,,41111,28,0,45 46 18,1,100,,41115,28,0,45 46 18,1,100,,41112,28,0,45 46 18,1
41800,'8',957,,41130,28,0,45 46 18,1,71,,30580,28,0,45 46 18,1,30,,41126,28,0,45 46 18,1,70,,41129,28,0,45 46 18,1,30,,41116,28,0,45 46 18,1,100,,41120,28,0,45 46 18,1,70,,41123,28,0,45 46 18,1,30,,41121,28,0,45 46 18,1,100,,41125,28,0,45 46 18,1,70,,41119,28,0,45 46 18,1,30,,29849,28,0,45 46 18,1,70,,41117,28,0,45 46 18,1,30,,41122,28,0,45 46 18,1,70,,41118,28,0,45 46 18,1,30,,41128,28,0,45 46 18,1,100,,41127,28,0,45 46 18,1,100,,41124,28,0,45 46 18,1
