30801,'15',644,,11059,24,0,64 38,1,70,,11055,24,0,64 38,1,30,,11066,24,0,64 38,1,70,,11068,24,0,64 38,1,30,,11056,24,0,64 38,1,70,,11062,24,0,64 38,1,30,,11069,24,0,64 38,1,70,,11054,24,0,64 38,1,30,,11053,24,0,64 38,1,70,,11070,24,0,64 38,1,30,,11074,24,0,64 38,1,70,,11058,24,0,64 38,1,30,,11057,24,0,64 38,1,70,,11064,24,0,64 38,1,30,,11061,24,0,64 38,1,70,,11075,24,0,64 38,1,40,,11065,24,0,64 38,1,70,,11063,24,0,64 38,1,30,,11067,24,0,64 38,1,70,,11071,24,0,64 38,1,30,,11072,24,0,64 38,1,70,,11060,24,0,64 38,1,30,,11073,24,0,64 38,1
30801,'16',644,,2044,24,0,64 38,1,70,,11078,24,0,64 38,1,30,,11086,24,0,64 38,1,70,,1679,24,0,64 38,1,30,,11079,24,0,64 38,1,70,,4305,24,0,64 38,1,30,,11088,24,0,64 38,1,70,,11077,24,0,64 38,1,30,,11076,24,0,64 38,1,70,,94,24,0,64 38,1,30,,11092,24,0,64 38,1,70,,3971,24,0,64 38,1,30,,11080,24,0,64 38,1,70,,11084,24,0,64 38,1,30,,11082,24,0,64 38,1,70,,11093,24,0,64 38,1,40,,11085,24,0,64 38,1,70,,11083,24,0,64 38,1,30,,11087,24,0,64 38,1,70,,11089,24,0,64 38,1,30,,11090,24,0,64 38,1,70,,11081,24,0,64 38,1,30,,11091,24,0,64 38,1
30801,'17',644,,2070,24,0,64 38,1,70,,11096,24,0,64 38,1,30,,11106,24,0,64 38,1,70,,1702,24,0,64 38,1,30,,11097,24,0,64 38,1,70,,11102,24,0,64 38,1,30,,11108,24,0,64 38,1,70,,11095,24,0,64 38,1,30,,11094,24,0,64 38,1,70,,141,24,0,64 38,1,30,,11112,24,0,64 38,1,70,,11099,24,0,64 38,1,30,,11098,24,0,64 38,1,70,,11104,24,0,64 38,1,30,,11101,24,0,64 38,1,70,,11113,24,0,64 38,1,40,,11105,24,0,64 38,1,70,,11103,24,0,64 38,1,30,,11107,24,0,64 38,1,70,,11109,24,0,64 38,1,30,,11110,24,0,64 38,1,70,,11100,24,0,64 38,1,30,,11111,24,0,64 38,1
30801,'19',644,,11120,24,0,64 38,1,70,,11116,24,0,64 38,1,30,,11127,24,0,64 38,1,70,,11129,24,0,64 38,1,30,,11117,24,0,64 38,1,70,,11123,24,0,64 38,1,30,,11130,24,0,64 38,1,70,,11115,24,0,64 38,1,30,,11114,24,0,64 38,1,70,,11131,24,0,64 38,1,30,,11134,24,0,64 38,1,70,,11119,24,0,64 38,1,30,,11118,24,0,64 38,1,70,,11125,24,0,64 38,1,30,,11122,24,0,64 38,1,70,,11135,24,0,64 38,1,40,,11126,24,0,64 38,1,70,,11124,24,0,64 38,1,30,,11128,24,0,64 38,1,70,,7557,24,0,64 38,1,30,,11132,24,0,64 38,1,70,,11121,24,0,64 38,1,30,,11133,24,0,64 38,1
30801,'5',644,,2096,24,0,64 38,1,70,,11138,24,0,64 38,1,30,,11148,24,0,64 38,1,70,,1725,24,0,64 38,1,30,,11139,24,0,64 38,1,70,,11144,24,0,64 38,1,30,,11150,24,0,64 38,1,70,,11137,24,0,64 38,1,30,,11136,24,0,64 38,1,70,,188,24,0,64 38,1,30,,11154,24,0,64 38,1,70,,11141,24,0,64 38,1,30,,11140,24,0,64 38,1,70,,11146,24,0,64 38,1,30,,11143,24,0,64 38,1,70,,11155,24,0,64 38,1,40,,11147,24,0,64 38,1,70,,11145,24,0,64 38,1,30,,11149,24,0,64 38,1,70,,11151,24,0,64 38,1,30,,11152,24,0,64 38,1,70,,11142,24,0,64 38,1,30,,11153,24,0,64 38,1
30801,'6',644,,11162,24,0,64 38,1,70,,11158,24,0,64 38,1,30,,11169,24,0,64 38,1,70,,11171,24,0,64 38,1,30,,11159,24,0,64 38,1,70,,11165,24,0,64 38,1,30,,11172,24,0,64 38,1,70,,11157,24,0,64 38,1,30,,11156,24,0,64 38,1,70,,11173,24,0,64 38,1,30,,11177,24,0,64 38,1,70,,11161,24,0,64 38,1,30,,11160,24,0,64 38,1,70,,11167,24,0,64 38,1,30,,11164,24,0,64 38,1,70,,11178,24,0,64 38,1,40,,11168,24,0,64 38,1,70,,11166,24,0,64 38,1,30,,11170,24,0,64 38,1,70,,11174,24,0,64 38,1,30,,11175,24,0,64 38,1,70,,11163,24,0,64 38,1,30,,11176,24,0,64 38,1
40801,'1',1129,,18013,24,0,64 38,1,100,,18019,24,0,64 38,1,100,,18017,24,0,64 38,1,100,,18014,24,0,64 38,1,100,,18015,24,0,64 38,1,100,,18018,24,0,64 38,1,100,,18016,24,0,64 38,1
40801,'10',658,,18037,24,0,64 38,1,71,,18048,24,0,64 38,1,30,,18026,24,0,64 38,1,70,,18028,24,0,64 38,1,30,,18044,24,0,64 38,1,70,,18025,24,0,64 38,1,30,,18035,24,0,64 38,1,70,,18045,24,0,64 38,1,30,,18038,24,0,64 38,1,70,,18042,24,0,64 38,1,30,,18039,24,0,64 38,1,70,,18030,24,0,64 38,1,30,,18033,24,0,64 38,1,70,,18032,24,0,64 38,1,30,,18029,24,0,64 38,1,70,,18036,24,0,64 38,1,30,,18046,24,0,64 38,1,70,,18023,24,0,64 38,1,30,,18022,24,0,64 38,1,70,,18034,24,0,64 38,1,30,,18027,24,0,64 38,1,70,,18043,24,0,64 38,1,30,,18021,24,0,64 38,1,70,,18047,24,0,64 38,1,99,,18040,24,0,64 38,1,100,,18031,24,0,64 38,1,100,,18041,24,0,64 38,1,100,,18024,24,0,64 38,1,100,,18020,24,0,64 38,1
40801,'12',929,,18065,24,0,64 38,1,100,,18060,24,0,64 38,1,30,,18063,24,0,64 38,1,70,,18049,24,0,64 38,1,30,,18062,24,0,64 38,1,70,,18064,24,0,64 38,1,30,,18058,24,0,64 38,1,70,,18051,24,0,64 38,1,30,,18057,24,0,64 38,1,70,,18052,24,0,64 38,1,30,,18054,24,0,64 38,1,70,,18056,24,0,64 38,1,30,,18061,24,0,64 38,1,70,,7501,24,0,64 38,1,30,,18050,24,0,64 38,1,70,,18053,24,0,64 38,1,30,,18059,24,0,64 38,1,70,,18055,24,0,64 38,1,99,,18066,24,0,64 38,1
40801,'15',1829,,18071,24,0,64 38,1,99,,18068,24,0,64 38,1,100,,18070,24,0,64 38,1,100,,18069,24,0,64 38,1,100,,18072,24,0,64 38,1,100,,18067,24,0,64 38,1
40801,'16',1829,,18076,24,0,64 38,1,99,,18074,24,0,64 38,1,100,,2784,24,0,64 38,1,100,,18075,24,0,64 38,1,100,,18077,24,0,64 38,1,100,,18073,24,0,64 38,1
40801,'17',1829,,18081,24,0,64 38,1,99,,18079,24,0,64 38,1,100,,2807,24,0,64 38,1,100,,18080,24,0,64 38,1,100,,18082,24,0,64 38,1,100,,18078,24,0,64 38,1
40801,'19',1829,,18087,24,0,64 38,1,99,,18084,24,0,64 38,1,100,,18086,24,0,64 38,1,100,,18085,24,0,64 38,1,100,,18088,24,0,64 38,1,100,,18083,24,0,64 38,1
40801,'21',658,,18105,24,0,64 38,1,71,,18116,24,0,64 38,1,30,,18095,24,0,64 38,1,70,,18097,24,0,64 38,1,30,,18112,24,0,64 38,1,70,,18094,24,0,64 38,1,30,,18103,24,0,64 38,1,70,,18113,24,0,64 38,1,30,,18106,24,0,64 38,1,70,,18110,24,0,64 38,1,30,,18107,24,0,64 38,1,70,,18099,24,0,64 38,1,30,,7071,24,0,64 38,1,70,,18101,24,0,64 38,1,30,,18098,24,0,64 38,1,70,,18104,24,0,64 38,1,30,,18114,24,0,64 38,1,70,,18092,24,0,64 38,1,30,,18091,24,0,64 38,1,70,,18102,24,0,64 38,1,30,,18096,24,0,64 38,1,70,,18111,24,0,64 38,1,30,,18090,24,0,64 38,1,70,,18115,24,0,64 38,1,99,,18108,24,0,64 38,1,100,,18100,24,0,64 38,1,100,,18109,24,0,64 38,1,100,,18093,24,0,64 38,1,100,,18089,24,0,64 38,1
40801,'5',1829,,18120,24,0,64 38,1,99,,18118,24,0,64 38,1,100,,2831,24,0,64 38,1,100,,18119,24,0,64 38,1,100,,18121,24,0,64 38,1,100,,18117,24,0,64 38,1
40801,'6',1829,,18126,24,0,64 38,1,99,,18123,24,0,64 38,1,100,,18125,24,0,64 38,1,100,,18124,24,0,64 38,1,100,,18127,24,0,64 38,1,100,,18122,24,0,64 38,1
