30301,'12',632,,33410,10,0,32 33,1,70,,33414,10,0,32 33,1,30,,33406,10,0,32 33,1,70,,33418,10,0,32 33,1,30,,33407,10,0,32 33,1,70,,33417,10,0,32 33,1,30,,33401,10,0,32 33,1,70,,33422,10,0,32 33,1,30,,33404,10,0,32 33,1,70,,33412,10,0,32 33,1,30,,33411,10,0,32 33,1,70,,33420,10,0,32 33,1,30,,33409,10,0,32 33,1,70,,33415,10,0,32 33,1,30,,33421,10,0,32 33,1,70,,33416,10,0,32 33,1,31,,33399,10,0,32 33,1,70,,33403,10,0,32 33,1,30,,33419,10,0,32 33,1,70,,33400,10,0,32 33,1,30,,33408,10,0,32 33,1,70,,33413,10,0,32 33,1,30,,33405,10,0,32 33,1,70,,33402,10,0,32 33,1
30301,'13',632,,33432,10,0,32 33,1,70,,33436,10,0,32 33,1,30,,33430,10,0,32 33,1,70,,33440,10,0,32 33,1,30,,33431,10,0,32 33,1,70,,33439,10,0,32 33,1,30,,33425,10,0,32 33,1,70,,33444,10,0,32 33,1,30,,33428,10,0,32 33,1,70,,33434,10,0,32 33,1,30,,33433,10,0,32 33,1,70,,33442,10,0,32 33,1,30,,31053,10,0,32 33,1,70,,33437,10,0,32 33,1,30,,33443,10,0,32 33,1,70,,33438,10,0,32 33,1,31,,33423,10,0,32 33,1,70,,33427,10,0,32 33,1,30,,33441,10,0,32 33,1,70,,33424,10,0,32 33,1,30,,22412,10,0,32 33,1,70,,33435,10,0,32 33,1,30,,33429,10,0,32 33,1,70,,33426,10,0,32 33,1
30301,'3',632,,33454,10,0,32 33,1,70,,33458,10,0,32 33,1,30,,33452,10,0,32 33,1,70,,33462,10,0,32 33,1,30,,33453,10,0,32 33,1,70,,33461,10,0,32 33,1,30,,33447,10,0,32 33,1,70,,33466,10,0,32 33,1,30,,33450,10,0,32 33,1,70,,33456,10,0,32 33,1,30,,33455,10,0,32 33,1,70,,33464,10,0,32 33,1,30,,31091,10,0,32 33,1,70,,33459,10,0,32 33,1,30,,33465,10,0,32 33,1,70,,33460,10,0,32 33,1,31,,33445,10,0,32 33,1,70,,33449,10,0,32 33,1,30,,33463,10,0,32 33,1,70,,33446,10,0,32 33,1,30,,22434,10,0,32 33,1,70,,33457,10,0,32 33,1,30,,33451,10,0,32 33,1,70,,33448,10,0,32 33,1
30301,'6',632,,33478,10,0,32 33,1,70,,33482,10,0,32 33,1,30,,33474,10,0,32 33,1,70,,33486,10,0,32 33,1,30,,33475,10,0,32 33,1,70,,33485,10,0,32 33,1,30,,33469,10,0,32 33,1,70,,33490,10,0,32 33,1,30,,33472,10,0,32 33,1,70,,33480,10,0,32 33,1,30,,33479,10,0,32 33,1,70,,33488,10,0,32 33,1,30,,33477,10,0,32 33,1,70,,33483,10,0,32 33,1,30,,33489,10,0,32 33,1,70,,33484,10,0,32 33,1,31,,33467,10,0,32 33,1,70,,33471,10,0,32 33,1,30,,33487,10,0,32 33,1,70,,33468,10,0,32 33,1,30,,33476,10,0,32 33,1,70,,33481,10,0,32 33,1,30,,33473,10,0,32 33,1,70,,33470,10,0,32 33,1
41500,'1',652,,40162,16,0,20 14 21 18,1,70,,40152,16,0,20 14 21 18,1,30,,40169,16,0,20 14 21 18,1,70,,40153,16,0,20 14 21 18,1,30,,40164,16,0,20 14 21 18,1,70,,40148,16,0,20 14 21 18,1,30,,40151,16,0,20 14 21 18,1,70,,40147,16,0,20 14 21 18,1,30,,22327,16,0,20 14 21 18,1,70,,40167,16,0,20 14 21 18,1,30,,40159,16,0,20 14 21 18,1,70,,40171,16,0,20 14 21 18,1,30,,40170,16,0,20 14 21 18,1,70,,40163,16,0,20 14 21 18,1,30,,40156,16,0,20 14 21 18,1,70,,40149,16,0,20 14 21 18,1,30,,40165,16,0,20 14 21 18,1,70,,24701,16,0,20 14 21 18,1,30,,40168,16,0,20 14 21 18,1,70,,40154,16,0,20 14 21 18,1,30,,40172,16,0,20 14 21 18,1,70,,40166,16,0,20 14 21 18,1,30,,40155,16,0,20 14 21 18,1,70,,40150,16,0,20 14 21 18,1,100,,40160,16,0,20 14 21 18,1,100,,40158,16,0,20 14 21 18,1,100,,40161,16,0,20 14 21 18,1,100,,40173,16,0,20 14 21 18,1,100,,40157,16,0,20 14 21 18,1
41500,'11',652,,40190,16,0,20 14 21 18,1,70,,40179,16,0,20 14 21 18,1,30,,40197,16,0,20 14 21 18,1,70,,40180,16,0,20 14 21 18,1,30,,40192,16,0,20 14 21 18,1,70,,40175,16,0,20 14 21 18,1,30,,40178,16,0,20 14 21 18,1,70,,40174,16,0,20 14 21 18,1,30,,40185,16,0,20 14 21 18,1,70,,40195,16,0,20 14 21 18,1,30,,40187,16,0,20 14 21 18,1,70,,40200,16,0,20 14 21 18,1,30,,40198,16,0,20 14 21 18,1,70,,40191,16,0,20 14 21 18,1,30,,40183,16,0,20 14 21 18,1,70,,40176,16,0,20 14 21 18,1,30,,40193,16,0,20 14 21 18,1,70,,40199,16,0,20 14 21 18,1,30,,40196,16,0,20 14 21 18,1,70,,40181,16,0,20 14 21 18,1,30,,40201,16,0,20 14 21 18,1,70,,40194,16,0,20 14 21 18,1,30,,40182,16,0,20 14 21 18,1,70,,40177,16,0,20 14 21 18,1,100,,40188,16,0,20 14 21 18,1,100,,40186,16,0,20 14 21 18,1,100,,40189,16,0,20 14 21 18,1,100,,40202,16,0,20 14 21 18,1,100,,40184,16,0,20 14 21 18,1
41500,'12',1822,,40204,16,0,20 14 21 18,1,100,,40207,16,0,20 14 21 18,1,100,,40203,16,0,20 14 21 18,1,100,,40208,16,0,20 14 21 18,1,100,,40205,16,0,20 14 21 18,1,100,,40206,16,0,20 14 21 18,1
41500,'13',1822,,40210,16,0,20 14 21 18,1,100,,27351,16,0,20 14 21 18,1,100,,40209,16,0,20 14 21 18,1,100,,40213,16,0,20 14 21 18,1,100,,40211,16,0,20 14 21 18,1,100,,40212,16,0,20 14 21 18,1
41500,'14',1122,,40214,16,0,20 14 21 18,1,100,,40216,16,0,20 14 21 18,1,100,,40217,16,0,20 14 21 18,1,100,,40218,16,0,20 14 21 18,1,100,,40220,16,0,20 14 21 18,1,100,,40219,16,0,20 14 21 18,1,100,,40215,16,0,20 14 21 18,1
41500,'16',652,,40236,16,0,20 14 21 18,1,70,,40226,16,0,20 14 21 18,1,30,,40243,16,0,20 14 21 18,1,70,,40227,16,0,20 14 21 18,1,30,,40238,16,0,20 14 21 18,1,70,,40222,16,0,20 14 21 18,1,30,,40225,16,0,20 14 21 18,1,70,,40221,16,0,20 14 21 18,1,30,,30900,16,0,20 14 21 18,1,70,,40241,16,0,20 14 21 18,1,30,,40233,16,0,20 14 21 18,1,70,,40245,16,0,20 14 21 18,1,30,,40244,16,0,20 14 21 18,1,70,,40237,16,0,20 14 21 18,1,30,,40230,16,0,20 14 21 18,1,70,,40223,16,0,20 14 21 18,1,30,,40239,16,0,20 14 21 18,1,70,,31219,16,0,20 14 21 18,1,30,,40242,16,0,20 14 21 18,1,70,,40228,16,0,20 14 21 18,1,30,,40246,16,0,20 14 21 18,1,70,,40240,16,0,20 14 21 18,1,30,,40229,16,0,20 14 21 18,1,70,,40224,16,0,20 14 21 18,1,100,,40234,16,0,20 14 21 18,1,100,,40232,16,0,20 14 21 18,1,100,,40235,16,0,20 14 21 18,1,100,,40247,16,0,20 14 21 18,1,100,,40231,16,0,20 14 21 18,1
41500,'3',1822,,40249,16,0,20 14 21 18,1,100,,27389,16,0,20 14 21 18,1,100,,40248,16,0,20 14 21 18,1,100,,40252,16,0,20 14 21 18,1,100,,40250,16,0,20 14 21 18,1,100,,40251,16,0,20 14 21 18,1
41500,'6',1822,,40254,16,0,20 14 21 18,1,100,,40257,16,0,20 14 21 18,1,100,,40253,16,0,20 14 21 18,1,100,,40258,16,0,20 14 21 18,1,100,,40255,16,0,20 14 21 18,1,100,,40256,16,0,20 14 21 18,1
41500,'8',922,,40260,16,0,20 14 21 18,1,100,,40273,16,0,20 14 21 18,1,30,,40275,16,0,20 14 21 18,1,70,,40261,16,0,20 14 21 18,1,30,,40269,16,0,20 14 21 18,1,70,,40274,16,0,20 14 21 18,1,30,,40262,16,0,20 14 21 18,1,70,,40263,16,0,20 14 21 18,1,30,,40276,16,0,20 14 21 18,1,70,,40268,16,0,20 14 21 18,1,30,,40264,16,0,20 14 21 18,1,70,,40277,16,0,20 14 21 18,1,30,,40271,16,0,20 14 21 18,1,70,,40266,16,0,20 14 21 18,1,30,,40259,16,0,20 14 21 18,1,70,,40265,16,0,20 14 21 18,1,30,,40270,16,0,20 14 21 18,1,70,,40267,16,0,20 14 21 18,1,100,,40272,16,0,20 14 21 18,1
41501,'1',701,,40301,35,0,20 14 34,1,31,,40294,35,0,20 14 34,1,70,,40288,35,0,20 14 34,1,30,,40304,35,0,20 14 34,1,70,,40293,35,0,20 14 34,1,30,,40286,35,0,20 14 34,1,70,,40289,35,0,20 14 34,1,31,,40302,35,0,20 14 34,1,70,,31128,35,0,20 14 34,1,30,,40284,35,0,20 14 34,1,70,,40297,35,0,20 14 34,1,30,,40281,35,0,20 14 34,1,70,,40300,35,0,20 14 34,1,30,,40280,35,0,20 14 34,1,70,,40303,35,0,20 14 34,1,31,,40278,35,0,20 14 34,1,70,,40287,35,0,20 14 34,1,30,,40290,35,0,20 14 34,1,70,,40296,35,0,20 14 34,1,30,,40292,35,0,20 14 34,1,70,,40282,35,0,20 14 34,1,30,,40298,35,0,20 14 34,1,70,,29652,35,0,20 14 34,1,30,,40283,35,0,20 14 34,1,97,,40291,35,0,20 14 34,1,100,,40285,35,0,20 14 34,1,100,,40295,35,0,20 14 34,1,100,,40299,35,0,20 14 34,1,100,,40279,35,0,20 14 34,1
41501,'11',701,,40329,35,0,20 14 34,1,31,,40322,35,0,20 14 34,1,70,,40316,35,0,20 14 34,1,30,,40333,35,0,20 14 34,1,70,,40321,35,0,20 14 34,1,30,,40314,35,0,20 14 34,1,70,,40317,35,0,20 14 34,1,31,,40330,35,0,20 14 34,1,70,,40331,35,0,20 14 34,1,30,,40312,35,0,20 14 34,1,70,,40325,35,0,20 14 34,1,30,,40308,35,0,20 14 34,1,70,,40328,35,0,20 14 34,1,30,,40307,35,0,20 14 34,1,70,,40332,35,0,20 14 34,1,31,,40305,35,0,20 14 34,1,70,,40315,35,0,20 14 34,1,30,,40318,35,0,20 14 34,1,70,,40324,35,0,20 14 34,1,30,,40320,35,0,20 14 34,1,70,,40310,35,0,20 14 34,1,30,,40326,35,0,20 14 34,1,70,,40309,35,0,20 14 34,1,30,,40311,35,0,20 14 34,1,97,,40319,35,0,20 14 34,1,100,,40313,35,0,20 14 34,1,100,,40323,35,0,20 14 34,1,100,,40327,35,0,20 14 34,1,100,,40306,35,0,20 14 34,1
41501,'12',1819,,40338,35,0,20 14 34,1,30,,40334,35,0,20 14 34,1,82,,40336,35,0,20 14 34,1,100,,40340,35,0,20 14 34,1,100,,40335,35,0,20 14 34,1,100,,40337,35,0,20 14 34,1,100,,40339,35,0,20 14 34,1
41501,'13',1819,,40345,35,0,20 14 34,1,30,,40341,35,0,20 14 34,1,82,,40343,35,0,20 14 34,1,100,,40347,35,0,20 14 34,1,100,,40342,35,0,20 14 34,1,100,,40344,35,0,20 14 34,1,100,,40346,35,0,20 14 34,1
41501,'14',1133,,40349,35,0,20 14 34,1,100,,40352,35,0,20 14 34,1,100,,40353,35,0,20 14 34,1,101,,40351,35,0,20 14 34,1,100,,40350,35,0,20 14 34,1,100,,40354,35,0,20 14 34,1,100,,40348,35,0,20 14 34,1
41501,'16',701,,40378,35,0,20 14 34,1,31,,40371,35,0,20 14 34,1,70,,40365,35,0,20 14 34,1,30,,40381,35,0,20 14 34,1,70,,40370,35,0,20 14 34,1,30,,40363,35,0,20 14 34,1,70,,40366,35,0,20 14 34,1,31,,40379,35,0,20 14 34,1,70,,31153,35,0,20 14 34,1,30,,40361,35,0,20 14 34,1,70,,40374,35,0,20 14 34,1,30,,40358,35,0,20 14 34,1,70,,40377,35,0,20 14 34,1,30,,40357,35,0,20 14 34,1,70,,40380,35,0,20 14 34,1,31,,40355,35,0,20 14 34,1,70,,40364,35,0,20 14 34,1,30,,40367,35,0,20 14 34,1,70,,40373,35,0,20 14 34,1,30,,40369,35,0,20 14 34,1,70,,40359,35,0,20 14 34,1,30,,40375,35,0,20 14 34,1,70,,26926,35,0,20 14 34,1,30,,40360,35,0,20 14 34,1,97,,40368,35,0,20 14 34,1,100,,40362,35,0,20 14 34,1,100,,40372,35,0,20 14 34,1,100,,40376,35,0,20 14 34,1,100,,40356,35,0,20 14 34,1
41501,'3',1819,,40386,35,0,20 14 34,1,30,,40382,35,0,20 14 34,1,82,,40384,35,0,20 14 34,1,100,,40388,35,0,20 14 34,1,100,,40383,35,0,20 14 34,1,100,,40385,35,0,20 14 34,1,100,,40387,35,0,20 14 34,1
41501,'6',1819,,40393,35,0,20 14 34,1,30,,40389,35,0,20 14 34,1,82,,40391,35,0,20 14 34,1,100,,40395,35,0,20 14 34,1,100,,40390,35,0,20 14 34,1,100,,40392,35,0,20 14 34,1,100,,40394,35,0,20 14 34,1
41501,'8',1033,,40400,35,0,20 14 34,1,70,,40408,35,0,20 14 34,1,30,,40403,35,0,20 14 34,1,70,,40401,35,0,20 14 34,1,30,,40410,35,0,20 14 34,1,100,,40407,35,0,20 14 34,1,70,,40398,35,0,20 14 34,1,31,,40404,35,0,20 14 34,1,100,,40402,35,0,20 14 34,1,70,,40406,35,0,20 14 34,1,30,,40409,35,0,20 14 34,1,70,,31323,35,0,20 14 34,1,30,,40396,35,0,20 14 34,1,70,,40397,35,0,20 14 34,1,30,,40405,35,0,20 14 34,1,97,,40399,35,0,20 14 34,1
