30800,'12',612,,34244,28,0,59,1,30,,34225,28,0,59,1,71,,34245,28,0,59,1,30,,34233,28,0,59,1,70,,34243,28,0,59,1,30,,34229,28,0,59,1,70,,34246,28,0,59,1,30,,34231,28,0,59,1,70,,34238,28,0,59,1,30,,34240,28,0,59,1,70,,34237,28,0,59,1,30,,34235,28,0,59,1,70,,34247,28,0,59,1,30,,34248,28,0,59,1,70,,34232,28,0,59,1,30,,34234,28,0,59,1,68,,34236,28,0,59,1,34,,34228,28,0,59,1,70,,34226,28,0,59,1,30,,34227,28,0,59,1,70,,34241,28,0,59,1,30,,34239,28,0,59,1,70,,34242,28,0,59,1,30,,34230,28,0,59,1
30800,'13',612,,28199,28,0,59,1,30,,34249,28,0,59,1,71,,34263,28,0,59,1,30,,34255,28,0,59,1,70,,34262,28,0,59,1,30,,32495,28,0,59,1,70,,34264,28,0,59,1,30,,34253,28,0,59,1,70,,34259,28,0,59,1,30,,29044,28,0,59,1,70,,28195,28,0,59,1,30,,34257,28,0,59,1,70,,34265,28,0,59,1,30,,30620,28,0,59,1,70,,34254,28,0,59,1,30,,34256,28,0,59,1,68,,34258,28,0,59,1,34,,30531,28,0,59,1,70,,34250,28,0,59,1,30,,34251,28,0,59,1,70,,34260,28,0,59,1,30,,29366,28,0,59,1,70,,34261,28,0,59,1,30,,34252,28,0,59,1
30800,'3',612,,28220,28,0,59,1,30,,34266,28,0,59,1,71,,34280,28,0,59,1,30,,34272,28,0,59,1,70,,34279,28,0,59,1,30,,32499,28,0,59,1,70,,34281,28,0,59,1,30,,34270,28,0,59,1,70,,34276,28,0,59,1,30,,29050,28,0,59,1,70,,28216,28,0,59,1,30,,34274,28,0,59,1,70,,34282,28,0,59,1,30,,30657,28,0,59,1,70,,34271,28,0,59,1,30,,34273,28,0,59,1,68,,34275,28,0,59,1,34,,30568,28,0,59,1,70,,34267,28,0,59,1,30,,34268,28,0,59,1,70,,34277,28,0,59,1,30,,29388,28,0,59,1,70,,34278,28,0,59,1,30,,34269,28,0,59,1
30800,'6',612,,34302,28,0,59,1,30,,34283,28,0,59,1,71,,34303,28,0,59,1,30,,34291,28,0,59,1,70,,34301,28,0,59,1,30,,34287,28,0,59,1,70,,34304,28,0,59,1,30,,34289,28,0,59,1,70,,34296,28,0,59,1,30,,34298,28,0,59,1,70,,34295,28,0,59,1,30,,34293,28,0,59,1,70,,34305,28,0,59,1,30,,34306,28,0,59,1,70,,34290,28,0,59,1,30,,34292,28,0,59,1,68,,34294,28,0,59,1,34,,34286,28,0,59,1,70,,34284,28,0,59,1,30,,34285,28,0,59,1,70,,34299,28,0,59,1,30,,34297,28,0,59,1,70,,34300,28,0,59,1,30,,34288,28,0,59,1
31701,'12',618,,35896,15,0,62,1,30,,35885,15,0,62,1,70,,35883,15,0,62,1,30,,35876,15,0,62,1,70,,35880,15,0,62,1,30,,35886,15,0,62,1,70,,35888,15,0,62,1,30,,35873,15,0,62,1,71,,35894,15,0,62,1,30,,35877,15,0,62,1,70,,35878,15,0,62,1,30,,35892,15,0,62,1,70,,35895,15,0,62,1,30,,35889,15,0,62,1,70,,35891,15,0,62,1,30,,35884,15,0,62,1,70,,35882,15,0,62,1,30,,35879,15,0,62,1,70,,35893,15,0,62,1,30,,35890,15,0,62,1,70,,35875,15,0,62,1,30,,35887,15,0,62,1,70,,35874,15,0,62,1,30,,35881,15,0,62,1
31701,'13',618,,35918,15,0,62,1,30,,22658,15,0,62,1,70,,35906,15,0,62,1,30,,35899,15,0,62,1,70,,35903,15,0,62,1,30,,35908,15,0,62,1,70,,35910,15,0,62,1,30,,35897,15,0,62,1,71,,35916,15,0,62,1,30,,35900,15,0,62,1,70,,35901,15,0,62,1,30,,35914,15,0,62,1,70,,35917,15,0,62,1,30,,35911,15,0,62,1,70,,35913,15,0,62,1,30,,35907,15,0,62,1,70,,35905,15,0,62,1,30,,35902,15,0,62,1,70,,35915,15,0,62,1,30,,35912,15,0,62,1,70,,27975,15,0,62,1,30,,35909,15,0,62,1,70,,35898,15,0,62,1,30,,35904,15,0,62,1
31701,'3',618,,35940,15,0,62,1,30,,22678,15,0,62,1,70,,35928,15,0,62,1,30,,35921,15,0,62,1,70,,35925,15,0,62,1,30,,35930,15,0,62,1,70,,35932,15,0,62,1,30,,35919,15,0,62,1,71,,35938,15,0,62,1,30,,35922,15,0,62,1,70,,35923,15,0,62,1,30,,35936,15,0,62,1,70,,35939,15,0,62,1,30,,35933,15,0,62,1,70,,35935,15,0,62,1,30,,35929,15,0,62,1,70,,35927,15,0,62,1,30,,35924,15,0,62,1,70,,35937,15,0,62,1,30,,35934,15,0,62,1,70,,27998,15,0,62,1,30,,35931,15,0,62,1,70,,35920,15,0,62,1,30,,35926,15,0,62,1
31701,'6',618,,35964,15,0,62,1,30,,35953,15,0,62,1,70,,35951,15,0,62,1,30,,35944,15,0,62,1,70,,35948,15,0,62,1,30,,35954,15,0,62,1,70,,35956,15,0,62,1,30,,35941,15,0,62,1,71,,35962,15,0,62,1,30,,35945,15,0,62,1,70,,35946,15,0,62,1,30,,35960,15,0,62,1,70,,35963,15,0,62,1,30,,35957,15,0,62,1,70,,35959,15,0,62,1,30,,35952,15,0,62,1,70,,35950,15,0,62,1,30,,35947,15,0,62,1,70,,35961,15,0,62,1,30,,35958,15,0,62,1,70,,35943,15,0,62,1,30,,35955,15,0,62,1,70,,35942,15,0,62,1,30,,35949,15,0,62,1
40800,'1',627,,39087,28,0,60 61,1,30,,39086,28,0,60 61,1,70,,39072,28,0,60 61,1,30,,39094,28,0,60 61,1,70,,39093,28,0,60 61,1,30,,39088,28,0,60 61,1,70,,39082,28,0,60 61,1,30,,39096,28,0,60 61,1,70,,39076,28,0,60 61,1,30,,39084,28,0,60 61,1,70,,39079,28,0,60 61,1,30,,30443,28,0,60 61,1,70,,39074,28,0,60 61,1,30,,39075,28,0,60 61,1,70,,39083,28,0,60 61,1,30,,39089,28,0,60 61,1,70,,39070,28,0,60 61,1,30,,39077,28,0,60 61,1,70,,39080,28,0,60 61,1,30,,39078,28,0,60 61,1,70,,39071,28,0,60 61,1,30,,39097,28,0,60 61,1,70,,39092,28,0,60 61,1,30,,39085,28,0,60 61,1,100,,39091,28,0,60 61,1,100,,39069,28,0,60 61,1,100,,39081,28,0,60 61,1,100,,39095,28,0,60 61,1,100,,39090,28,0,60 61,1,100,,39073,28,0,60 61,1
40800,'11',627,,39116,28,0,60 61,1,30,,39115,28,0,60 61,1,70,,39101,28,0,60 61,1,30,,39123,28,0,60 61,1,70,,39122,28,0,60 61,1,30,,39117,28,0,60 61,1,70,,39111,28,0,60 61,1,30,,39125,28,0,60 61,1,70,,39105,28,0,60 61,1,30,,39113,28,0,60 61,1,70,,39108,28,0,60 61,1,30,,39126,28,0,60 61,1,70,,39103,28,0,60 61,1,30,,39104,28,0,60 61,1,70,,39112,28,0,60 61,1,30,,39118,28,0,60 61,1,70,,39099,28,0,60 61,1,30,,39106,28,0,60 61,1,70,,39109,28,0,60 61,1,30,,39107,28,0,60 61,1,70,,39100,28,0,60 61,1,30,,39127,28,0,60 61,1,70,,39121,28,0,60 61,1,30,,39114,28,0,60 61,1,100,,39120,28,0,60 61,1,100,,39098,28,0,60 61,1,100,,39110,28,0,60 61,1,100,,39124,28,0,60 61,1,100,,39119,28,0,60 61,1,100,,39102,28,0,60 61,1
40800,'12',1757,,39130,28,0,60 61,1,100,,39133,28,0,60 61,1,100,,39134,28,0,60 61,1,100,,39132,28,0,60 61,1,100,,39129,28,0,60 61,1,100,,39128,28,0,60 61,1,100,,39131,28,0,60 61,1
40800,'13',1757,,39137,28,0,60 61,1,100,,39140,28,0,60 61,1,100,,39141,28,0,60 61,1,100,,39139,28,0,60 61,1,100,,39136,28,0,60 61,1,100,,39135,28,0,60 61,1,100,,39138,28,0,60 61,1
40800,'14',1057,,39147,28,0,60 61,1,100,,39145,28,0,60 61,1,100,,39142,28,0,60 61,1,100,,39143,28,0,60 61,1,100,,39148,28,0,60 61,1,100,,39144,28,0,60 61,1,100,,39149,28,0,60 61,1,100,,39146,28,0,60 61,1
40800,'16',627,,39168,28,0,60 61,1,30,,39167,28,0,60 61,1,70,,39153,28,0,60 61,1,30,,39175,28,0,60 61,1,70,,39174,28,0,60 61,1,30,,39169,28,0,60 61,1,70,,39163,28,0,60 61,1,30,,39177,28,0,60 61,1,70,,39157,28,0,60 61,1,30,,39165,28,0,60 61,1,70,,39160,28,0,60 61,1,30,,30481,28,0,60 61,1,70,,39155,28,0,60 61,1,30,,39156,28,0,60 61,1,70,,39164,28,0,60 61,1,30,,39170,28,0,60 61,1,70,,39151,28,0,60 61,1,30,,39158,28,0,60 61,1,70,,39161,28,0,60 61,1,30,,39159,28,0,60 61,1,70,,39152,28,0,60 61,1,30,,39178,28,0,60 61,1,70,,39173,28,0,60 61,1,30,,39166,28,0,60 61,1,100,,39172,28,0,60 61,1,100,,39150,28,0,60 61,1,100,,39162,28,0,60 61,1,100,,39176,28,0,60 61,1,100,,39171,28,0,60 61,1,100,,39154,28,0,60 61,1
40800,'3',1757,,39181,28,0,60 61,1,100,,39184,28,0,60 61,1,100,,39185,28,0,60 61,1,100,,39183,28,0,60 61,1,100,,39180,28,0,60 61,1,100,,39179,28,0,60 61,1,100,,39182,28,0,60 61,1
40800,'6',1757,,39188,28,0,60 61,1,100,,39191,28,0,60 61,1,100,,39192,28,0,60 61,1,100,,39190,28,0,60 61,1,100,,39187,28,0,60 61,1,100,,39186,28,0,60 61,1,100,,39189,28,0,60 61,1
40800,'8',857,,39208,28,0,60 61,1,100,,39199,28,0,60 61,1,70,,39200,28,0,60 61,1,30,,39194,28,0,60 61,1,70,,39197,28,0,60 61,1,30,,39209,28,0,60 61,1,70,,39202,28,0,60 61,1,30,,39204,28,0,60 61,1,70,,39205,28,0,60 61,1,30,,39196,28,0,60 61,1,70,,39210,28,0,60 61,1,30,,39201,28,0,60 61,1,70,,39198,28,0,60 61,1,30,,39193,28,0,60 61,1,70,,39203,28,0,60 61,1,30,,30039,28,0,60 61,1,70,,39207,28,0,60 61,1,30,,31168,28,0,60 61,1,100,,39206,28,0,60 61,1,100,,39195,28,0,60 61,1
41701,'1',622,,40905,9,0,62,1,30,,40894,9,0,62,1,70,,30080,9,0,62,1,30,,32586,9,0,62,1,70,,40904,9,0,62,1,30,,30610,9,0,62,1,70,,40885,9,0,62,1,30,,40902,9,0,62,1,71,,31345,9,0,62,1,30,,40901,9,0,62,1,70,,29900,9,0,62,1,30,,31670,9,0,62,1,70,,40895,9,0,62,1,30,,40889,9,0,62,1,70,,40899,9,0,62,1,30,,40891,9,0,62,1,70,,40900,9,0,62,1,30,,40893,9,0,62,1,70,,29109,9,0,62,1,30,,32248,9,0,62,1,70,,40897,9,0,62,1,30,,40898,9,0,62,1,70,,40887,9,0,62,1,30,,40903,9,0,62,1,70,,21426,9,0,62,1,99,,40892,9,0,62,1,100,,40888,9,0,62,1,100,,40886,9,0,62,1,100,,40896,9,0,62,1,100,,40890,9,0,62,1
41701,'11',622,,40935,9,0,62,1,30,,40918,9,0,62,1,70,,40927,9,0,62,1,30,,40923,9,0,62,1,70,,40934,9,0,62,1,30,,40933,9,0,62,1,70,,40908,9,0,62,1,30,,40931,9,0,62,1,71,,40924,9,0,62,1,30,,40930,9,0,62,1,70,,40929,9,0,62,1,30,,40910,9,0,62,1,70,,40919,9,0,62,1,30,,40913,9,0,62,1,70,,40926,9,0,62,1,30,,40915,9,0,62,1,70,,40928,9,0,62,1,30,,40917,9,0,62,1,70,,40907,9,0,62,1,30,,40906,9,0,62,1,70,,40922,9,0,62,1,30,,40925,9,0,62,1,70,,40911,9,0,62,1,30,,40932,9,0,62,1,70,,40921,9,0,62,1,99,,40916,9,0,62,1,100,,40912,9,0,62,1,100,,40909,9,0,62,1,100,,40920,9,0,62,1,100,,40914,9,0,62,1
41701,'12',1823,,40936,9,0,62,1,99,,40941,9,0,62,1,100,,40940,9,0,62,1,100,,40937,9,0,62,1,100,,40939,9,0,62,1,100,,40938,9,0,62,1
41701,'13',1823,,40942,9,0,62,1,99,,40947,9,0,62,1,100,,40946,9,0,62,1,100,,40943,9,0,62,1,100,,40945,9,0,62,1,100,,40944,9,0,62,1
41701,'14',1123,,40951,9,0,62,1,100,,40953,9,0,62,1,100,,40950,9,0,62,1,100,,40952,9,0,62,1,100,,40954,9,0,62,1,100,,40949,9,0,62,1,100,,40948,9,0,62,1
41701,'16',622,,40976,9,0,62,1,30,,40964,9,0,62,1,70,,30161,9,0,62,1,30,,40968,9,0,62,1,70,,40975,9,0,62,1,30,,30647,9,0,62,1,70,,40955,9,0,62,1,30,,40973,9,0,62,1,71,,31386,9,0,62,1,30,,40972,9,0,62,1,70,,29981,9,0,62,1,30,,31726,9,0,62,1,70,,40965,9,0,62,1,30,,40959,9,0,62,1,70,,40970,9,0,62,1,30,,40961,9,0,62,1,70,,40971,9,0,62,1,30,,40963,9,0,62,1,70,,17746,9,0,62,1,30,,32291,9,0,62,1,70,,40967,9,0,62,1,30,,40969,9,0,62,1,70,,40957,9,0,62,1,30,,40974,9,0,62,1,70,,31209,9,0,62,1,99,,40962,9,0,62,1,100,,40958,9,0,62,1,100,,40956,9,0,62,1,100,,40966,9,0,62,1,100,,40960,9,0,62,1
41701,'3',1823,,40977,9,0,62,1,99,,40982,9,0,62,1,100,,40981,9,0,62,1,100,,40978,9,0,62,1,100,,40980,9,0,62,1,100,,40979,9,0,62,1
41701,'6',1823,,40983,9,0,62,1,99,,40988,9,0,62,1,100,,40987,9,0,62,1,100,,40984,9,0,62,1,100,,40986,9,0,62,1,100,,40985,9,0,62,1
41701,'8',922,,40990,9,0,62,1,131,,41004,9,0,62,1,70,,40991,9,0,62,1,30,,40998,9,0,62,1,70,,40994,9,0,62,1,30,,40992,9,0,62,1,70,,40999,9,0,62,1,100,,41000,9,0,62,1,30,,40989,9,0,62,1,70,,40995,9,0,62,1,30,,40997,9,0,62,1,70,,41001,9,0,62,1,30,,41003,9,0,62,1,70,,40996,9,0,62,1,30,,40993,9,0,62,1,70,,41002,9,0,62,1,99,,30209,9,0,62,1
