31700,'15',618,,13335,7,0,63,1,30,,13324,7,0,63,1,70,,13332,7,0,63,1,30,,13319,7,0,63,1,70,,13317,7,0,63,1,30,,13331,7,0,63,1,70,,13314,7,0,63,1,30,,13326,7,0,63,1,70,,13322,7,0,63,1,30,,13313,7,0,63,1,70,,13334,7,0,63,1,30,,13328,7,0,63,1,70,,13321,7,0,63,1,30,,13336,7,0,63,1,70,,13333,7,0,63,1,30,,13320,7,0,63,1,70,,13325,7,0,63,1,30,,13330,7,0,63,1,70,,13327,7,0,63,1,30,,13316,7,0,63,1,70,,13318,7,0,63,1,30,,13315,7,0,63,1,70,,13323,7,0,63,1,30,,13329,7,0,63,1
31700,'16',618,,13354,7,0,63,1,30,,13345,7,0,63,1,70,,13351,7,0,63,1,30,,13342,7,0,63,1,70,,13340,7,0,63,1,30,,13350,7,0,63,1,70,,13337,7,0,63,1,30,,13346,7,0,63,1,70,,2450,7,0,63,1,30,,4510,7,0,63,1,70,,13353,7,0,63,1,30,,13348,7,0,63,1,70,,13344,7,0,63,1,30,,13355,7,0,63,1,70,,13352,7,0,63,1,30,,13343,7,0,63,1,70,,2920,7,0,63,1,30,,621,7,0,63,1,70,,13347,7,0,63,1,30,,13339,7,0,63,1,70,,13341,7,0,63,1,30,,13338,7,0,63,1,70,,2535,7,0,63,1,30,,13349,7,0,63,1
31700,'17',618,,13372,7,0,63,1,30,,13364,7,0,63,1,70,,13369,7,0,63,1,30,,13361,7,0,63,1,70,,13359,7,0,63,1,30,,13368,7,0,63,1,70,,13356,7,0,63,1,30,,13365,7,0,63,1,70,,2473,7,0,63,1,30,,4520,7,0,63,1,70,,13371,7,0,63,1,30,,4471,7,0,63,1,70,,13363,7,0,63,1,30,,13373,7,0,63,1,70,,13370,7,0,63,1,30,,13362,7,0,63,1,70,,2988,7,0,63,1,30,,645,7,0,63,1,70,,13366,7,0,63,1,30,,13358,7,0,63,1,70,,13360,7,0,63,1,30,,13357,7,0,63,1,70,,2553,7,0,63,1,30,,13367,7,0,63,1
31700,'19',618,,13396,7,0,63,1,30,,13385,7,0,63,1,70,,13393,7,0,63,1,30,,13380,7,0,63,1,70,,13378,7,0,63,1,30,,13392,7,0,63,1,70,,13375,7,0,63,1,30,,13387,7,0,63,1,70,,13383,7,0,63,1,30,,13374,7,0,63,1,70,,13395,7,0,63,1,30,,13389,7,0,63,1,70,,13382,7,0,63,1,30,,13397,7,0,63,1,70,,13394,7,0,63,1,30,,13381,7,0,63,1,70,,13386,7,0,63,1,30,,13391,7,0,63,1,70,,13388,7,0,63,1,30,,13377,7,0,63,1,70,,13379,7,0,63,1,30,,13376,7,0,63,1,70,,13384,7,0,63,1,30,,13390,7,0,63,1
31700,'5',618,,13414,7,0,63,1,30,,13405,7,0,63,1,70,,13411,7,0,63,1,30,,13403,7,0,63,1,70,,13401,7,0,63,1,30,,13410,7,0,63,1,70,,13398,7,0,63,1,30,,13406,7,0,63,1,70,,2496,7,0,63,1,30,,4545,7,0,63,1,70,,13413,7,0,63,1,30,,13408,7,0,63,1,70,,13404,7,0,63,1,30,,13415,7,0,63,1,70,,13412,7,0,63,1,30,,4206,7,0,63,1,70,,3060,7,0,63,1,30,,669,7,0,63,1,70,,13407,7,0,63,1,30,,13400,7,0,63,1,70,,13402,7,0,63,1,30,,13399,7,0,63,1,70,,2571,7,0,63,1,30,,13409,7,0,63,1
31700,'6',618,,13438,7,0,63,1,30,,13427,7,0,63,1,70,,13435,7,0,63,1,30,,13422,7,0,63,1,70,,13420,7,0,63,1,30,,13434,7,0,63,1,70,,13417,7,0,63,1,30,,13429,7,0,63,1,70,,13425,7,0,63,1,30,,13416,7,0,63,1,70,,13437,7,0,63,1,30,,13431,7,0,63,1,70,,13424,7,0,63,1,30,,13439,7,0,63,1,70,,13436,7,0,63,1,30,,13423,7,0,63,1,70,,13428,7,0,63,1,30,,13433,7,0,63,1,70,,13430,7,0,63,1,30,,13419,7,0,63,1,70,,13421,7,0,63,1,30,,13418,7,0,63,1,70,,13426,7,0,63,1,30,,13432,7,0,63,1
41700,'1',1118,,19365,7,0,67,1,100,,19369,7,0,67,1,100,,19367,7,0,67,1,100,,19371,7,0,67,1,100,,19370,7,0,67,1,100,,19366,7,0,67,1,100,,19368,7,0,67,1
41700,'10',618,,19385,7,0,67,1,30,,19397,7,0,67,1,70,,19398,7,0,67,1,30,,19391,7,0,67,1,70,,19395,7,0,67,1,30,,19375,7,0,67,1,70,,19396,7,0,67,1,30,,19394,7,0,67,1,70,,19374,7,0,67,1,30,,19389,7,0,67,1,70,,19376,7,0,67,1,30,,19381,7,0,67,1,70,,19380,7,0,67,1,30,,19373,7,0,67,1,70,,19388,7,0,67,1,30,,19378,7,0,67,1,70,,19382,7,0,67,1,30,,19377,7,0,67,1,70,,19379,7,0,67,1,30,,19400,7,0,67,1,70,,19401,7,0,67,1,30,,19383,7,0,67,1,70,,19386,7,0,67,1,30,,19372,7,0,67,1,70,,19393,7,0,67,1,100,,19384,7,0,67,1,100,,19387,7,0,67,1,100,,19399,7,0,67,1,100,,19390,7,0,67,1,100,,19392,7,0,67,1
41700,'12',918,,19404,7,0,67,1,100,,19413,7,0,67,1,30,,19416,7,0,67,1,70,,19405,7,0,67,1,30,,19407,7,0,67,1,70,,19403,7,0,67,1,30,,19412,7,0,67,1,70,,19406,7,0,67,1,30,,19402,7,0,67,1,70,,19410,7,0,67,1,30,,19418,7,0,67,1,70,,19417,7,0,67,1,30,,19414,7,0,67,1,70,,19419,7,0,67,1,30,,19409,7,0,67,1,70,,19411,7,0,67,1,30,,8620,7,0,67,1,70,,19408,7,0,67,1,100,,19415,7,0,67,1
41700,'15',1818,,19423,7,0,67,1,100,,19424,7,0,67,1,100,,19422,7,0,67,1,100,,19425,7,0,67,1,100,,19421,7,0,67,1,100,,19420,7,0,67,1
41700,'16',1818,,19428,7,0,67,1,100,,19429,7,0,67,1,100,,19427,7,0,67,1,100,,19430,7,0,67,1,100,,19426,7,0,67,1,100,,8450,7,0,67,1
41700,'17',1818,,19433,7,0,67,1,100,,19434,7,0,67,1,100,,19432,7,0,67,1,100,,19435,7,0,67,1,100,,19431,7,0,67,1,100,,8455,7,0,67,1
41700,'19',1818,,19439,7,0,67,1,100,,19440,7,0,67,1,100,,19438,7,0,67,1,100,,19441,7,0,67,1,100,,19437,7,0,67,1,100,,19436,7,0,67,1
41700,'21',618,,19452,7,0,67,1,30,,19463,7,0,67,1,70,,19464,7,0,67,1,30,,19457,7,0,67,1,70,,19461,7,0,67,1,30,,19444,7,0,67,1,70,,19462,7,0,67,1,30,,19460,7,0,67,1,70,,19443,7,0,67,1,30,,19455,7,0,67,1,70,,19445,7,0,67,1,30,,19449,7,0,67,1,70,,19448,7,0,67,1,30,,19442,7,0,67,1,70,,19454,7,0,67,1,30,,19446,7,0,67,1,70,,19450,7,0,67,1,30,,5873,7,0,67,1,70,,19447,7,0,67,1,30,,19466,7,0,67,1,70,,19467,7,0,67,1,30,,7268,7,0,67,1,70,,6407,7,0,67,1,30,,6801,7,0,67,1,70,,19459,7,0,67,1,100,,19451,7,0,67,1,100,,19453,7,0,67,1,100,,19465,7,0,67,1,100,,19456,7,0,67,1,100,,19458,7,0,67,1
41700,'5',1818,,19470,7,0,67,1,100,,19471,7,0,67,1,100,,19469,7,0,67,1,100,,19472,7,0,67,1,100,,19468,7,0,67,1,100,,8460,7,0,67,1
41700,'6',1818,,19476,7,0,67,1,100,,19477,7,0,67,1,100,,19475,7,0,67,1,100,,19478,7,0,67,1,100,,19474,7,0,67,1,100,,19473,7,0,67,1
