30301,'11',632,,27643,11,0,32 33,1,70,,27651,11,0,32 33,1,30,,27656,11,0,32 33,1,70,,27655,11,0,32 33,1,30,,27653,11,0,32 33,1,70,,24481,11,0,32 33,1,30,,22337,11,0,32 33,1,70,,27646,11,0,32 33,1,30,,27654,11,0,32 33,1,70,,27657,11,0,32 33,1,30,,27642,11,0,32 33,1,70,,24711,11,0,32 33,1,30,,27648,11,0,32 33,1,70,,27649,11,0,32 33,1,30,,23973,11,0,32 33,1,70,,21822,11,0,32 33,1,31,,14900,11,0,32 33,1,70,,27647,11,0,32 33,1,30,,27641,11,0,32 33,1,70,,27650,11,0,32 33,1,30,,22338,11,0,32 33,1,70,,27644,11,0,32 33,1,30,,27645,11,0,32 33,1,70,,27652,11,0,32 33,1
30301,'3',632,,27660,11,0,32 33,1,70,,27668,11,0,32 33,1,30,,27673,11,0,32 33,1,70,,27672,11,0,32 33,1,30,,27670,11,0,32 33,1,70,,24589,11,0,32 33,1,30,,22359,11,0,32 33,1,70,,27663,11,0,32 33,1,30,,27671,11,0,32 33,1,70,,27674,11,0,32 33,1,30,,27659,11,0,32 33,1,70,,24815,11,0,32 33,1,30,,27665,11,0,32 33,1,70,,27666,11,0,32 33,1,30,,23999,11,0,32 33,1,70,,21845,11,0,32 33,1,31,,14937,11,0,32 33,1,70,,27664,11,0,32 33,1,30,,27658,11,0,32 33,1,70,,27667,11,0,32 33,1,30,,22360,11,0,32 33,1,70,,27661,11,0,32 33,1,30,,27662,11,0,32 33,1,70,,27669,11,0,32 33,1
41500,'1',652,,31515,17,0,20 14 21 18,1,70,,31492,17,0,20 14 21 18,1,30,,31502,17,0,20 14 21 18,1,70,,31508,17,0,20 14 21 18,1,30,,31498,17,0,20 14 21 18,1,70,,31503,17,0,20 14 21 18,1,30,,31510,17,0,20 14 21 18,1,70,,31496,17,0,20 14 21 18,1,30,,31493,17,0,20 14 21 18,1,70,,25193,17,0,20 14 21 18,1,30,,31501,17,0,20 14 21 18,1,70,,31505,17,0,20 14 21 18,1,30,,31507,17,0,20 14 21 18,1,70,,31509,17,0,20 14 21 18,1,30,,31512,17,0,20 14 21 18,1,70,,31514,17,0,20 14 21 18,1,30,,31500,17,0,20 14 21 18,1,70,,22570,17,0,20 14 21 18,1,30,,31499,17,0,20 14 21 18,1,70,,31489,17,0,20 14 21 18,1,30,,31490,17,0,20 14 21 18,1,70,,31497,17,0,20 14 21 18,1,30,,31513,17,0,20 14 21 18,1,70,,31491,17,0,20 14 21 18,1,100,,31506,17,0,20 14 21 18,1,100,,31494,17,0,20 14 21 18,1,100,,31504,17,0,20 14 21 18,1,100,,31495,17,0,20 14 21 18,1,100,,31511,17,0,20 14 21 18,1
41500,'11',1822,,31518,17,0,20 14 21 18,1,100,,31516,17,0,20 14 21 18,1,100,,31519,17,0,20 14 21 18,1,100,,31520,17,0,20 14 21 18,1,100,,31517,17,0,20 14 21 18,1,100,,31521,17,0,20 14 21 18,1
41500,'12',1122,,31528,17,0,20 14 21 18,1,100,,31526,17,0,20 14 21 18,1,100,,31525,17,0,20 14 21 18,1,100,,31522,17,0,20 14 21 18,1,100,,31523,17,0,20 14 21 18,1,100,,31524,17,0,20 14 21 18,1,100,,31527,17,0,20 14 21 18,1
41500,'14',652,,31557,17,0,20 14 21 18,1,70,,31532,17,0,20 14 21 18,1,30,,31543,17,0,20 14 21 18,1,70,,31549,17,0,20 14 21 18,1,30,,31539,17,0,20 14 21 18,1,70,,31544,17,0,20 14 21 18,1,30,,31551,17,0,20 14 21 18,1,70,,31537,17,0,20 14 21 18,1,30,,31533,17,0,20 14 21 18,1,70,,31552,17,0,20 14 21 18,1,30,,31542,17,0,20 14 21 18,1,70,,31546,17,0,20 14 21 18,1,30,,31548,17,0,20 14 21 18,1,70,,31550,17,0,20 14 21 18,1,30,,31554,17,0,20 14 21 18,1,70,,31556,17,0,20 14 21 18,1,30,,31541,17,0,20 14 21 18,1,70,,31535,17,0,20 14 21 18,1,30,,31540,17,0,20 14 21 18,1,70,,31529,17,0,20 14 21 18,1,30,,31530,17,0,20 14 21 18,1,70,,31538,17,0,20 14 21 18,1,30,,31555,17,0,20 14 21 18,1,70,,31531,17,0,20 14 21 18,1,100,,31547,17,0,20 14 21 18,1,100,,31534,17,0,20 14 21 18,1,100,,31545,17,0,20 14 21 18,1,100,,31536,17,0,20 14 21 18,1,100,,31553,17,0,20 14 21 18,1
41500,'3',1822,,31560,17,0,20 14 21 18,1,100,,31558,17,0,20 14 21 18,1,100,,31561,17,0,20 14 21 18,1,100,,31562,17,0,20 14 21 18,1,100,,31559,17,0,20 14 21 18,1,100,,31563,17,0,20 14 21 18,1
41500,'8',922,,31567,17,0,20 14 21 18,1,100,,31579,17,0,20 14 21 18,1,30,,31573,17,0,20 14 21 18,1,70,,31565,17,0,20 14 21 18,1,30,,31580,17,0,20 14 21 18,1,70,,31576,17,0,20 14 21 18,1,30,,25256,17,0,20 14 21 18,1,70,,31566,17,0,20 14 21 18,1,30,,31570,17,0,20 14 21 18,1,70,,31569,17,0,20 14 21 18,1,30,,31578,17,0,20 14 21 18,1,70,,31572,17,0,20 14 21 18,1,30,,31575,17,0,20 14 21 18,1,70,,26882,17,0,20 14 21 18,1,30,,31571,17,0,20 14 21 18,1,70,,31568,17,0,20 14 21 18,1,30,,31564,17,0,20 14 21 18,1,70,,31577,17,0,20 14 21 18,1,100,,31574,17,0,20 14 21 18,1
41501,'1',701,,31590,36,0,20 14 34,1,31,,31587,36,0,20 14 34,1,70,,31583,36,0,20 14 34,1,30,,21744,36,0,20 14 34,1,70,,31599,36,0,20 14 34,1,30,,31582,36,0,20 14 34,1,70,,31603,36,0,20 14 34,1,31,,23599,36,0,20 14 34,1,70,,31592,36,0,20 14 34,1,30,,31605,36,0,20 14 34,1,70,,31595,36,0,20 14 34,1,30,,31602,36,0,20 14 34,1,70,,31598,36,0,20 14 34,1,30,,31581,36,0,20 14 34,1,70,,31597,36,0,20 14 34,1,31,,31596,36,0,20 14 34,1,70,,31600,36,0,20 14 34,1,30,,31593,36,0,20 14 34,1,70,,31589,36,0,20 14 34,1,30,,31586,36,0,20 14 34,1,70,,31585,36,0,20 14 34,1,30,,31601,36,0,20 14 34,1,70,,31594,36,0,20 14 34,1,30,,31604,36,0,20 14 34,1,97,,31584,36,0,20 14 34,1,100,,31591,36,0,20 14 34,1,100,,31606,36,0,20 14 34,1,100,,31588,36,0,20 14 34,1,100,,21556,36,0,20 14 34,1
41501,'11',1819,,31608,36,0,20 14 34,1,30,,31611,36,0,20 14 34,1,82,,31607,36,0,20 14 34,1,100,,31610,36,0,20 14 34,1,100,,13490,36,0,20 14 34,1,100,,31609,36,0,20 14 34,1,100,,31612,36,0,20 14 34,1
41501,'12',1133,,31613,36,0,20 14 34,1,100,,31616,36,0,20 14 34,1,100,,8486,36,0,20 14 34,1,101,,31614,36,0,20 14 34,1,100,,31617,36,0,20 14 34,1,100,,31615,36,0,20 14 34,1,100,,26908,36,0,20 14 34,1
41501,'14',701,,31626,36,0,20 14 34,1,31,,24564,36,0,20 14 34,1,70,,31620,36,0,20 14 34,1,30,,31631,36,0,20 14 34,1,70,,31637,36,0,20 14 34,1,30,,31619,36,0,20 14 34,1,70,,31641,36,0,20 14 34,1,31,,31632,36,0,20 14 34,1,70,,31628,36,0,20 14 34,1,30,,31643,36,0,20 14 34,1,70,,31633,36,0,20 14 34,1,30,,31640,36,0,20 14 34,1,70,,31636,36,0,20 14 34,1,30,,31618,36,0,20 14 34,1,70,,31635,36,0,20 14 34,1,31,,31634,36,0,20 14 34,1,70,,31638,36,0,20 14 34,1,30,,31629,36,0,20 14 34,1,70,,31624,36,0,20 14 34,1,30,,31623,36,0,20 14 34,1,70,,31622,36,0,20 14 34,1,30,,31639,36,0,20 14 34,1,70,,31630,36,0,20 14 34,1,30,,31642,36,0,20 14 34,1,97,,31621,36,0,20 14 34,1,100,,31627,36,0,20 14 34,1,100,,31644,36,0,20 14 34,1,100,,26226,36,0,20 14 34,1,100,,31625,36,0,20 14 34,1
41501,'3',1819,,31646,36,0,20 14 34,1,30,,31649,36,0,20 14 34,1,82,,31645,36,0,20 14 34,1,100,,31648,36,0,20 14 34,1,100,,13533,36,0,20 14 34,1,100,,31647,36,0,20 14 34,1,100,,31650,36,0,20 14 34,1
41501,'8',1033,,31663,36,0,20 14 34,1,70,,31651,36,0,20 14 34,1,30,,31665,36,0,20 14 34,1,70,,25155,36,0,20 14 34,1,30,,31655,36,0,20 14 34,1,100,,31659,36,0,20 14 34,1,70,,31660,36,0,20 14 34,1,31,,31661,36,0,20 14 34,1,100,,31654,36,0,20 14 34,1,70,,31657,36,0,20 14 34,1,30,,31652,36,0,20 14 34,1,70,,31658,36,0,20 14 34,1,30,,31653,36,0,20 14 34,1,70,,31662,36,0,20 14 34,1,30,,31664,36,0,20 14 34,1,97,,31656,36,0,20 14 34,1
