31500,'12',634,,35245,11,,,1,70,,35250,11,,,1,30,,35249,11,,,1,70,,35263,11,,,1,30,,35266,11,,,1,70,,35246,11,,,1,30,,35261,11,,,1,70,,35254,11,,,1,30,,35253,11,,,1,70,,35248,11,,,1,30,,35267,11,,,1,70,,35264,11,,,1,30,,35258,11,,,1,70,,35247,11,,,1,30,,35256,11,,,1,71,,35255,11,,,1,30,,35262,11,,,1,70,,35259,11,,,1,30,,35265,11,,,1,70,,35252,11,,,1,30,,35251,11,,,1,70,,35257,11,,,1,30,,35260,11,,,1,70,,35268,11,,,1
31500,'13',634,,35269,11,,,1,70,,35274,11,,,1,30,,35273,11,,,1,70,,35286,11,,,1,30,,35289,11,,,1,70,,35270,11,,,1,30,,35285,11,,,1,70,,35278,11,,,1,30,,35277,11,,,1,70,,35272,11,,,1,30,,29184,11,,,1,70,,35287,11,,,1,30,,35282,11,,,1,70,,35271,11,,,1,30,,35280,11,,,1,71,,35279,11,,,1,30,,28817,11,,,1,70,,35283,11,,,1,30,,35288,11,,,1,70,,35276,11,,,1,30,,35275,11,,,1,70,,35281,11,,,1,30,,35284,11,,,1,70,,35290,11,,,1
31500,'3',634,,35291,11,,,1,70,,35296,11,,,1,30,,35295,11,,,1,70,,35308,11,,,1,30,,35311,11,,,1,70,,35292,11,,,1,30,,35307,11,,,1,70,,35300,11,,,1,30,,35299,11,,,1,70,,35294,11,,,1,30,,29195,11,,,1,70,,35309,11,,,1,30,,35304,11,,,1,70,,35293,11,,,1,30,,35302,11,,,1,71,,35301,11,,,1,30,,28840,11,,,1,70,,35305,11,,,1,30,,35310,11,,,1,70,,35298,11,,,1,30,,35297,11,,,1,70,,35303,11,,,1,30,,35306,11,,,1,70,,35312,11,,,1
31500,'6',634,,35313,11,,,1,70,,35318,11,,,1,30,,35317,11,,,1,70,,35331,11,,,1,30,,35334,11,,,1,70,,35314,11,,,1,30,,35329,11,,,1,70,,35322,11,,,1,30,,35321,11,,,1,70,,35316,11,,,1,30,,35335,11,,,1,70,,35332,11,,,1,30,,35326,11,,,1,70,,35315,11,,,1,30,,35324,11,,,1,71,,35323,11,,,1,30,,35330,11,,,1,70,,35327,11,,,1,30,,35333,11,,,1,70,,35320,11,,,1,30,,35319,11,,,1,70,,35325,11,,,1,30,,35328,11,,,1,70,,35336,11,,,1
41500,'1',649,,40162,11,0,20 14 21 18,1,70,,40152,11,0,20 14 21 18,1,30,,40169,11,0,20 14 21 18,1,70,,40153,11,0,20 14 21 18,1,30,,40164,11,0,20 14 21 18,1,70,,40148,11,0,20 14 21 18,1,30,,40151,11,0,20 14 21 18,1,70,,40147,11,0,20 14 21 18,1,30,,22327,11,0,20 14 21 18,1,70,,40167,11,0,20 14 21 18,1,30,,40159,11,0,20 14 21 18,1,70,,40171,11,0,20 14 21 18,1,30,,40170,11,0,20 14 21 18,1,70,,40163,11,0,20 14 21 18,1,30,,40156,11,0,20 14 21 18,1,70,,40149,11,0,20 14 21 18,1,30,,40165,11,0,20 14 21 18,1,70,,24701,11,0,20 14 21 18,1,30,,40168,11,0,20 14 21 18,1,70,,40154,11,0,20 14 21 18,1,30,,40172,11,0,20 14 21 18,1,70,,40166,11,0,20 14 21 18,1,30,,40155,11,0,20 14 21 18,1,70,,40150,11,0,20 14 21 18,1,100,,40160,11,0,20 14 21 18,1,100,,40158,11,0,20 14 21 18,1,100,,40161,11,0,20 14 21 18,1,100,,40173,11,0,20 14 21 18,1,100,,40157,11,0,20 14 21 18,1
41500,'11',649,,40190,11,0,20 14 21 18,1,70,,40179,11,0,20 14 21 18,1,30,,40197,11,0,20 14 21 18,1,70,,40180,11,0,20 14 21 18,1,30,,40192,11,0,20 14 21 18,1,70,,40175,11,0,20 14 21 18,1,30,,40178,11,0,20 14 21 18,1,70,,40174,11,0,20 14 21 18,1,30,,40185,11,0,20 14 21 18,1,70,,40195,11,0,20 14 21 18,1,30,,40187,11,0,20 14 21 18,1,70,,40200,11,0,20 14 21 18,1,30,,40198,11,0,20 14 21 18,1,70,,40191,11,0,20 14 21 18,1,30,,40183,11,0,20 14 21 18,1,70,,40176,11,0,20 14 21 18,1,30,,40193,11,0,20 14 21 18,1,70,,40199,11,0,20 14 21 18,1,30,,40196,11,0,20 14 21 18,1,70,,40181,11,0,20 14 21 18,1,30,,40201,11,0,20 14 21 18,1,70,,40194,11,0,20 14 21 18,1,30,,40182,11,0,20 14 21 18,1,70,,40177,11,0,20 14 21 18,1,100,,40188,11,0,20 14 21 18,1,100,,40186,11,0,20 14 21 18,1,100,,40189,11,0,20 14 21 18,1,100,,40202,11,0,20 14 21 18,1,100,,40184,11,0,20 14 21 18,1
41500,'12',1819,,40204,11,0,20 14 21 18,1,100,,40207,11,0,20 14 21 18,1,100,,40203,11,0,20 14 21 18,1,100,,40208,11,0,20 14 21 18,1,100,,40205,11,0,20 14 21 18,1,100,,40206,11,0,20 14 21 18,1
41500,'13',1819,,40210,11,0,20 14 21 18,1,100,,27351,11,0,20 14 21 18,1,100,,40209,11,0,20 14 21 18,1,100,,40213,11,0,20 14 21 18,1,100,,40211,11,0,20 14 21 18,1,100,,40212,11,0,20 14 21 18,1
41500,'14',1119,,40214,11,0,20 14 21 18,1,100,,40216,11,0,20 14 21 18,1,100,,40217,11,0,20 14 21 18,1,100,,40218,11,0,20 14 21 18,1,100,,40220,11,0,20 14 21 18,1,100,,40219,11,0,20 14 21 18,1,100,,40215,11,0,20 14 21 18,1
41500,'16',649,,40236,11,0,20 14 21 18,1,70,,40226,11,0,20 14 21 18,1,30,,40243,11,0,20 14 21 18,1,70,,40227,11,0,20 14 21 18,1,30,,40238,11,0,20 14 21 18,1,70,,40222,11,0,20 14 21 18,1,30,,40225,11,0,20 14 21 18,1,70,,40221,11,0,20 14 21 18,1,30,,30900,11,0,20 14 21 18,1,70,,40241,11,0,20 14 21 18,1,30,,40233,11,0,20 14 21 18,1,70,,40245,11,0,20 14 21 18,1,30,,40244,11,0,20 14 21 18,1,70,,40237,11,0,20 14 21 18,1,30,,40230,11,0,20 14 21 18,1,70,,40223,11,0,20 14 21 18,1,30,,40239,11,0,20 14 21 18,1,70,,31219,11,0,20 14 21 18,1,30,,40242,11,0,20 14 21 18,1,70,,40228,11,0,20 14 21 18,1,30,,40246,11,0,20 14 21 18,1,70,,40240,11,0,20 14 21 18,1,30,,40229,11,0,20 14 21 18,1,70,,40224,11,0,20 14 21 18,1,100,,40234,11,0,20 14 21 18,1,100,,40232,11,0,20 14 21 18,1,100,,40235,11,0,20 14 21 18,1,100,,40247,11,0,20 14 21 18,1,100,,40231,11,0,20 14 21 18,1
41500,'3',1819,,40249,11,0,20 14 21 18,1,100,,27389,11,0,20 14 21 18,1,100,,40248,11,0,20 14 21 18,1,100,,40252,11,0,20 14 21 18,1,100,,40250,11,0,20 14 21 18,1,100,,40251,11,0,20 14 21 18,1
41500,'6',1819,,40254,11,0,20 14 21 18,1,100,,40257,11,0,20 14 21 18,1,100,,40253,11,0,20 14 21 18,1,100,,40258,11,0,20 14 21 18,1,100,,40255,11,0,20 14 21 18,1,100,,40256,11,0,20 14 21 18,1
41500,'8',919,,40260,11,0,20 14 21 18,1,100,,40273,11,0,20 14 21 18,1,30,,40275,11,0,20 14 21 18,1,70,,40261,11,0,20 14 21 18,1,30,,40269,11,0,20 14 21 18,1,70,,40274,11,0,20 14 21 18,1,30,,40262,11,0,20 14 21 18,1,70,,40263,11,0,20 14 21 18,1,30,,40276,11,0,20 14 21 18,1,70,,40268,11,0,20 14 21 18,1,30,,40264,11,0,20 14 21 18,1,70,,40277,11,0,20 14 21 18,1,30,,40271,11,0,20 14 21 18,1,70,,40266,11,0,20 14 21 18,1,30,,40259,11,0,20 14 21 18,1,70,,40265,11,0,20 14 21 18,1,30,,40270,11,0,20 14 21 18,1,70,,40267,11,0,20 14 21 18,1,100,,40272,11,0,20 14 21 18,1
