30200,'1',628,,399,28,0,11,1,30,,404,28,0,11,1,70,,397,28,0,11,1,30,,400,28,0,11,1,70,,401,28,0,11,1,30,,406,28,0,11,1,70,,392,28,0,11,1,30,,402,28,0,11,1,73,,389,28,0,11,1,70,,395,28,0,11,1,30,,411,28,0,11,1,70,,403,28,0,11,1,30,,408,28,0,11,1,70,,410,28,0,11,1,30,,405,28,0,11,1,70,,393,28,0,11,1,29,,391,28,0,11,1,70,,390,28,0,11,1,30,,394,28,0,11,1,70,,396,28,0,11,1,30,,398,28,0,11,1,70,,409,28,0,11,1,30,,407,28,0,11,1
30200,'10',628,,422,28,0,11,1,30,,427,28,0,11,1,70,,420,28,0,11,1,30,,423,28,0,11,1,70,,424,28,0,11,1,30,,429,28,0,11,1,70,,415,28,0,11,1,30,,425,28,0,11,1,73,,412,28,0,11,1,70,,418,28,0,11,1,30,,434,28,0,11,1,70,,426,28,0,11,1,30,,431,28,0,11,1,70,,433,28,0,11,1,30,,428,28,0,11,1,70,,416,28,0,11,1,29,,414,28,0,11,1,70,,413,28,0,11,1,30,,417,28,0,11,1,70,,419,28,0,11,1,30,,421,28,0,11,1,70,,432,28,0,11,1,30,,430,28,0,11,1
30200,'11',628,,445,28,0,11,1,30,,450,28,0,11,1,70,,443,28,0,11,1,30,,446,28,0,11,1,70,,447,28,0,11,1,30,,452,28,0,11,1,70,,438,28,0,11,1,30,,448,28,0,11,1,73,,435,28,0,11,1,70,,441,28,0,11,1,30,,457,28,0,11,1,70,,449,28,0,11,1,30,,454,28,0,11,1,70,,456,28,0,11,1,30,,451,28,0,11,1,70,,439,28,0,11,1,29,,437,28,0,11,1,70,,436,28,0,11,1,30,,440,28,0,11,1,70,,442,28,0,11,1,30,,444,28,0,11,1,70,,455,28,0,11,1,30,,453,28,0,11,1
30200,'3',628,,468,28,0,11,1,30,,473,28,0,11,1,70,,466,28,0,11,1,30,,469,28,0,11,1,70,,470,28,0,11,1,30,,475,28,0,11,1,70,,461,28,0,11,1,30,,471,28,0,11,1,73,,458,28,0,11,1,70,,464,28,0,11,1,30,,480,28,0,11,1,70,,472,28,0,11,1,30,,477,28,0,11,1,70,,479,28,0,11,1,30,,474,28,0,11,1,70,,462,28,0,11,1,29,,460,28,0,11,1,70,,459,28,0,11,1,30,,463,28,0,11,1,70,,465,28,0,11,1,30,,467,28,0,11,1,70,,478,28,0,11,1,30,,476,28,0,11,1
40200,'1',1758,,6132,28,0,13 14,1,100,,6128,28,0,13 14,1,98,,6130,28,0,13 14,1,100,,6133,28,0,13 14,1,100,,6129,28,0,13 14,1,100,,6131,28,0,13 14,1
40200,'10',1758,,6138,28,0,13 14,1,100,,6134,28,0,13 14,1,98,,6136,28,0,13 14,1,100,,6139,28,0,13 14,1,100,,6135,28,0,13 14,1,100,,6137,28,0,13 14,1
40200,'11',1758,,6144,28,0,13 14,1,100,,6140,28,0,13 14,1,98,,6142,28,0,13 14,1,100,,6145,28,0,13 14,1,100,,6141,28,0,13 14,1,100,,6143,28,0,13 14,1
40200,'12',1058,,6150,28,0,13 14,1,100,,6153,28,0,13 14,1,100,,6146,28,0,13 14,1,100,,6147,28,0,13 14,1,100,,6151,28,0,13 14,1,100,,6149,28,0,13 14,1,100,,6152,28,0,13 14,1,100,,6148,28,0,13 14,1
40200,'14',628,,6180,28,0,13 14,1,30,,6164,28,0,13 14,1,70,,6159,28,0,13 14,1,30,,6179,28,0,13 14,1,70,,6181,28,0,13 14,1,30,,6176,28,0,13 14,1,70,,6165,28,0,13 14,1,30,,6172,28,0,13 14,1,70,,6158,28,0,13 14,1,30,,6163,28,0,13 14,1,70,,6156,28,0,13 14,1,30,,6161,28,0,13 14,1,70,,6175,28,0,13 14,1,30,,6154,28,0,13 14,1,70,,6167,28,0,13 14,1,30,,6169,28,0,13 14,1,70,,6166,28,0,13 14,1,30,,6178,28,0,13 14,1,70,,6174,28,0,13 14,1,30,,6171,28,0,13 14,1,70,,6155,28,0,13 14,1,30,,6157,28,0,13 14,1,70,,6160,28,0,13 14,1,30,,6177,28,0,13 14,1,100,,6173,28,0,13 14,1,98,,6168,28,0,13 14,1,100,,6170,28,0,13 14,1,100,,6182,28,0,13 14,1,100,,6162,28,0,13 14,1
40200,'3',1758,,6187,28,0,13 14,1,100,,6183,28,0,13 14,1,98,,6185,28,0,13 14,1,100,,6188,28,0,13 14,1,100,,6184,28,0,13 14,1,100,,6186,28,0,13 14,1
40200,'7',858,,6200,28,0,13 14,1,100,,6204,28,0,13 14,1,70,,6206,28,0,13 14,1,30,,6202,28,0,13 14,1,70,,6190,28,0,13 14,1,30,,6207,28,0,13 14,1,70,,6196,28,0,13 14,1,30,,6197,28,0,13 14,1,70,,6199,28,0,13 14,1,30,,6208,28,0,13 14,1,70,,6203,28,0,13 14,1,30,,6194,28,0,13 14,1,70,,6189,28,0,13 14,1,30,,6193,28,0,13 14,1,70,,6201,28,0,13 14,1,30,,6205,28,0,13 14,1,70,,6192,28,0,13 14,1,30,,6191,28,0,13 14,1,100,,6198,28,0,13 14,1,98,,6195,28,0,13 14,1
