31701,'1',623,,3422,27,0,62,1,30,,3431,27,0,62,1,70,,3419,27,0,62,1,30,,3427,27,0,62,1,70,,3412,27,0,62,1,30,,3415,27,0,62,1,70,,3434,27,0,62,1,30,,3423,27,0,62,1,71,,3418,27,0,62,1,30,,3432,27,0,62,1,70,,3413,27,0,62,1,30,,3420,27,0,62,1,70,,3417,27,0,62,1,30,,3424,27,0,62,1,70,,3429,27,0,62,1,30,,3421,27,0,62,1,71,,3426,27,0,62,1,30,,3411,27,0,62,1,70,,3425,27,0,62,1,30,,3430,27,0,62,1,70,,3414,27,0,62,1,30,,3433,27,0,62,1,70,,3416,27,0,62,1,30,,3428,27,0,62,1
31701,'10',623,,3446,27,0,62,1,30,,3455,27,0,62,1,70,,3443,27,0,62,1,30,,3451,27,0,62,1,70,,3436,27,0,62,1,30,,3439,27,0,62,1,70,,3458,27,0,62,1,30,,3447,27,0,62,1,71,,3442,27,0,62,1,30,,3456,27,0,62,1,70,,3437,27,0,62,1,30,,3444,27,0,62,1,70,,3441,27,0,62,1,30,,3448,27,0,62,1,70,,3453,27,0,62,1,30,,3445,27,0,62,1,71,,3450,27,0,62,1,30,,3435,27,0,62,1,70,,3449,27,0,62,1,30,,3454,27,0,62,1,70,,3438,27,0,62,1,30,,3457,27,0,62,1,70,,3440,27,0,62,1,30,,3452,27,0,62,1
31701,'11',623,,3470,27,0,62,1,30,,3479,27,0,62,1,70,,3467,27,0,62,1,30,,3475,27,0,62,1,70,,3460,27,0,62,1,30,,3463,27,0,62,1,70,,3482,27,0,62,1,30,,3471,27,0,62,1,71,,3466,27,0,62,1,30,,3480,27,0,62,1,70,,3461,27,0,62,1,30,,3468,27,0,62,1,70,,3465,27,0,62,1,30,,3472,27,0,62,1,70,,3477,27,0,62,1,30,,3469,27,0,62,1,71,,3474,27,0,62,1,30,,3459,27,0,62,1,70,,3473,27,0,62,1,30,,3478,27,0,62,1,70,,3462,27,0,62,1,30,,3481,27,0,62,1,70,,3464,27,0,62,1,30,,3476,27,0,62,1
31701,'3',623,,3494,27,0,62,1,30,,3503,27,0,62,1,70,,3491,27,0,62,1,30,,3499,27,0,62,1,70,,3484,27,0,62,1,30,,3487,27,0,62,1,70,,3506,27,0,62,1,30,,3495,27,0,62,1,71,,3490,27,0,62,1,30,,3504,27,0,62,1,70,,3485,27,0,62,1,30,,3492,27,0,62,1,70,,3489,27,0,62,1,30,,3496,27,0,62,1,70,,3501,27,0,62,1,30,,3493,27,0,62,1,71,,3498,27,0,62,1,30,,3483,27,0,62,1,70,,3497,27,0,62,1,30,,3502,27,0,62,1,70,,3486,27,0,62,1,30,,3505,27,0,62,1,70,,3488,27,0,62,1,30,,3500,27,0,62,1
41701,'1',1828,,7718,21,0,62,1,99,,7722,21,0,62,1,100,,7721,21,0,62,1,100,,7723,21,0,62,1,100,,7720,21,0,62,1,100,,7719,21,0,62,1
41701,'10',1828,,7724,21,0,62,1,99,,7728,21,0,62,1,100,,7727,21,0,62,1,100,,7729,21,0,62,1,100,,7726,21,0,62,1,100,,7725,21,0,62,1
41701,'11',1828,,7730,21,0,62,1,99,,7734,21,0,62,1,100,,7733,21,0,62,1,100,,7735,21,0,62,1,100,,7732,21,0,62,1,100,,7731,21,0,62,1
41701,'12',1128,,7738,21,0,62,1,100,,7742,21,0,62,1,100,,7737,21,0,62,1,100,,7736,21,0,62,1,100,,7739,21,0,62,1,100,,7741,21,0,62,1,100,,7740,21,0,62,1
41701,'14',627,,7767,21,0,62,1,30,,7745,21,0,62,1,70,,7748,21,0,62,1,30,,7753,21,0,62,1,70,,7743,21,0,62,1,30,,7765,21,0,62,1,70,,7771,21,0,62,1,30,,7763,21,0,62,1,71,,7769,21,0,62,1,30,,7746,21,0,62,1,70,,7754,21,0,62,1,30,,7758,21,0,62,1,70,,7747,21,0,62,1,30,,7770,21,0,62,1,70,,7772,21,0,62,1,30,,7750,21,0,62,1,70,,7760,21,0,62,1,30,,7766,21,0,62,1,70,,7757,21,0,62,1,30,,7762,21,0,62,1,70,,7768,21,0,62,1,30,,7752,21,0,62,1,70,,7756,21,0,62,1,30,,7744,21,0,62,1,70,,7755,21,0,62,1,99,,7759,21,0,62,1,100,,7764,21,0,62,1,100,,7761,21,0,62,1,100,,7749,21,0,62,1,100,,7751,21,0,62,1
41701,'3',1828,,7773,21,0,62,1,99,,7777,21,0,62,1,100,,7776,21,0,62,1,100,,7778,21,0,62,1,100,,7775,21,0,62,1,100,,7774,21,0,62,1
41701,'7',927,,7782,21,0,62,1,101,,7788,21,0,62,1,30,,7785,21,0,62,1,70,,7787,21,0,62,1,30,,7792,21,0,62,1,70,,7784,21,0,62,1,30,,7779,21,0,62,1,70,,7796,21,0,62,1,30,,7794,21,0,62,1,70,,7790,21,0,62,1,30,,7795,21,0,62,1,70,,7783,21,0,62,1,30,,7789,21,0,62,1,70,,7791,21,0,62,1,30,,7797,21,0,62,1,70,,7793,21,0,62,1,30,,7786,21,0,62,1,70,,7780,21,0,62,1,99,,7781,21,0,62,1
