30800,'1',611,,1544,24,0,59,1,30,,1543,24,0,59,1,70,,1545,24,0,59,1,30,,1560,24,0,59,1,70,,1547,24,0,59,1,30,,1542,24,0,59,1,70,,1550,24,0,59,1,30,,1561,24,0,59,1,70,,1563,24,0,59,1,30,,1558,24,0,59,1,70,,1564,24,0,59,1,30,,1553,24,0,59,1,70,,1549,24,0,59,1,30,,1548,24,0,59,1,70,,1552,24,0,59,1,30,,1541,24,0,59,1,69,,1562,24,0,59,1,34,,1559,24,0,59,1,70,,1551,24,0,59,1,30,,1546,24,0,59,1,70,,1555,24,0,59,1,30,,1556,24,0,59,1,70,,1554,24,0,59,1,30,,1557,24,0,59,1
30800,'10',611,,1568,24,0,59,1,30,,1567,24,0,59,1,70,,1569,24,0,59,1,30,,1584,24,0,59,1,70,,1571,24,0,59,1,30,,1566,24,0,59,1,70,,1574,24,0,59,1,30,,1585,24,0,59,1,70,,1587,24,0,59,1,30,,1582,24,0,59,1,70,,1588,24,0,59,1,30,,1577,24,0,59,1,70,,1573,24,0,59,1,30,,1572,24,0,59,1,70,,1576,24,0,59,1,30,,1565,24,0,59,1,69,,1586,24,0,59,1,34,,1583,24,0,59,1,70,,1575,24,0,59,1,30,,1570,24,0,59,1,70,,1579,24,0,59,1,30,,1580,24,0,59,1,70,,1578,24,0,59,1,30,,1581,24,0,59,1
30800,'11',611,,1592,24,0,59,1,30,,1591,24,0,59,1,70,,1593,24,0,59,1,30,,1606,24,0,59,1,70,,1595,24,0,59,1,30,,1590,24,0,59,1,70,,1599,24,0,59,1,30,,1607,24,0,59,1,70,,1609,24,0,59,1,30,,1604,24,0,59,1,70,,1612,24,0,59,1,30,,1601,24,0,59,1,70,,1597,24,0,59,1,30,,1596,24,0,59,1,70,,1600,24,0,59,1,30,,1589,24,0,59,1,69,,1608,24,0,59,1,34,,1605,24,0,59,1,70,,1611,24,0,59,1,30,,1594,24,0,59,1,70,,1598,24,0,59,1,30,,1602,24,0,59,1,70,,1610,24,0,59,1,30,,1603,24,0,59,1
30800,'3',611,,1616,24,0,59,1,30,,1615,24,0,59,1,70,,1617,24,0,59,1,30,,1630,24,0,59,1,70,,1619,24,0,59,1,30,,1614,24,0,59,1,70,,1623,24,0,59,1,30,,1631,24,0,59,1,70,,1633,24,0,59,1,30,,1628,24,0,59,1,70,,1636,24,0,59,1,30,,1625,24,0,59,1,70,,1621,24,0,59,1,30,,1620,24,0,59,1,70,,1624,24,0,59,1,30,,1613,24,0,59,1,69,,1632,24,0,59,1,34,,1629,24,0,59,1,70,,1635,24,0,59,1,30,,1618,24,0,59,1,70,,1622,24,0,59,1,30,,1626,24,0,59,1,70,,1634,24,0,59,1,30,,1627,24,0,59,1
40800,'1',1756,,6610,24,0,60 61,1,100,,6605,24,0,60 61,1,100,,6611,24,0,60 61,1,100,,6609,24,0,60 61,1,100,,6606,24,0,60 61,1,100,,6608,24,0,60 61,1,100,,6607,24,0,60 61,1
40800,'10',1756,,6617,24,0,60 61,1,100,,6612,24,0,60 61,1,100,,6618,24,0,60 61,1,100,,6616,24,0,60 61,1,100,,6613,24,0,60 61,1,100,,6615,24,0,60 61,1,100,,6614,24,0,60 61,1
40800,'11',1756,,6624,24,0,60 61,1,100,,6619,24,0,60 61,1,100,,6625,24,0,60 61,1,100,,6623,24,0,60 61,1,100,,6620,24,0,60 61,1,100,,6622,24,0,60 61,1,100,,6621,24,0,60 61,1
40800,'12',1056,,6631,24,0,60 61,1,100,,6627,24,0,60 61,1,100,,6630,24,0,60 61,1,100,,6629,24,0,60 61,1,100,,6632,24,0,60 61,1,100,,6628,24,0,60 61,1,100,,6633,24,0,60 61,1,100,,6626,24,0,60 61,1
40800,'14',625,,6649,24,0,60 61,1,30,,6656,24,0,60 61,1,70,,6657,24,0,60 61,1,30,,6648,24,0,60 61,1,70,,6662,24,0,60 61,1,30,,6641,24,0,60 61,1,70,,6634,24,0,60 61,1,30,,6639,24,0,60 61,1,71,,6642,24,0,60 61,1,30,,6638,24,0,60 61,1,70,,6635,24,0,60 61,1,30,,6637,24,0,60 61,1,70,,6655,24,0,60 61,1,30,,6660,24,0,60 61,1,70,,6659,24,0,60 61,1,30,,6645,24,0,60 61,1,70,,6658,24,0,60 61,1,30,,6654,24,0,60 61,1,70,,6636,24,0,60 61,1,30,,6661,24,0,60 61,1,70,,6647,24,0,60 61,1,30,,6646,24,0,60 61,1,70,,6651,24,0,60 61,1,30,,6652,24,0,60 61,1,100,,6640,24,0,60 61,1,100,,6650,24,0,60 61,1,100,,6663,24,0,60 61,1,100,,6643,24,0,60 61,1,100,,6644,24,0,60 61,1,100,,6653,24,0,60 61,1
40800,'3',1756,,6669,24,0,60 61,1,100,,6664,24,0,60 61,1,100,,6670,24,0,60 61,1,100,,6668,24,0,60 61,1,100,,6665,24,0,60 61,1,100,,6667,24,0,60 61,1,100,,6666,24,0,60 61,1
40800,'7',855,,6682,24,0,60 61,1,100,,6680,24,0,60 61,1,71,,6676,24,0,60 61,1,30,,6687,24,0,60 61,1,70,,6671,24,0,60 61,1,30,,6681,24,0,60 61,1,70,,6672,24,0,60 61,1,30,,6677,24,0,60 61,1,70,,6684,24,0,60 61,1,30,,6674,24,0,60 61,1,70,,6689,24,0,60 61,1,30,,6688,24,0,60 61,1,70,,6685,24,0,60 61,1,30,,6679,24,0,60 61,1,70,,6675,24,0,60 61,1,30,,6690,24,0,60 61,1,70,,6678,24,0,60 61,1,30,,6673,24,0,60 61,1,100,,6683,24,0,60 61,1,100,,6686,24,0,60 61,1
