31801,'12',610,,36057,19,0,45 50,1,30,,36068,19,0,45 50,1,71,,36059,19,0,45 50,1,30,,36064,19,0,45 50,1,70,,36069,19,0,45 50,1,30,,36076,19,0,45 50,1,70,,36071,19,0,45 50,1,30,,36058,19,0,45 50,1,71,,36078,19,0,45 50,1,30,,36075,19,0,45 50,1,70,,36062,19,0,45 50,1,30,,36060,19,0,45 50,1,70,,36067,19,0,45 50,1,30,,36077,19,0,45 50,1,70,,36065,19,0,45 50,1,30,,36074,19,0,45 50,1,68,,36066,19,0,45 50,1,30,,36070,19,0,45 50,1,70,,36063,19,0,45 50,1,30,,36072,19,0,45 50,1,70,,36073,19,0,45 50,1,30,,36061,19,0,45 50,1,70,,36053,19,0,45 50,1,30,,36056,19,0,45 50,1,70,,36055,19,0,45 50,1,30,,36054,19,0,45 50,1
31801,'13',610,,36083,19,0,45 50,1,30,,36092,19,0,45 50,1,71,,36085,19,0,45 50,1,30,,36089,19,0,45 50,1,70,,36093,19,0,45 50,1,30,,36099,19,0,45 50,1,70,,36095,19,0,45 50,1,30,,36084,19,0,45 50,1,71,,36101,19,0,45 50,1,30,,36098,19,0,45 50,1,70,,21825,19,0,45 50,1,30,,36086,19,0,45 50,1,70,,36091,19,0,45 50,1,30,,36100,19,0,45 50,1,70,,9655,19,0,45 50,1,30,,28819,19,0,45 50,1,68,,36090,19,0,45 50,1,30,,36094,19,0,45 50,1,70,,36088,19,0,45 50,1,30,,36096,19,0,45 50,1,70,,36097,19,0,45 50,1,30,,36087,19,0,45 50,1,70,,36079,19,0,45 50,1,30,,36082,19,0,45 50,1,70,,36081,19,0,45 50,1,30,,36080,19,0,45 50,1
31801,'3',610,,36106,19,0,45 50,1,30,,36115,19,0,45 50,1,71,,36108,19,0,45 50,1,30,,36112,19,0,45 50,1,70,,36116,19,0,45 50,1,30,,36122,19,0,45 50,1,70,,36118,19,0,45 50,1,30,,36107,19,0,45 50,1,71,,36124,19,0,45 50,1,30,,36121,19,0,45 50,1,70,,21848,19,0,45 50,1,30,,36109,19,0,45 50,1,70,,36114,19,0,45 50,1,30,,36123,19,0,45 50,1,70,,9697,19,0,45 50,1,30,,28842,19,0,45 50,1,68,,36113,19,0,45 50,1,30,,36117,19,0,45 50,1,70,,36111,19,0,45 50,1,30,,36119,19,0,45 50,1,70,,36120,19,0,45 50,1,30,,36110,19,0,45 50,1,70,,36102,19,0,45 50,1,30,,36105,19,0,45 50,1,70,,36104,19,0,45 50,1,30,,36103,19,0,45 50,1
31801,'6',610,,36129,19,0,45 50,1,30,,36140,19,0,45 50,1,71,,36131,19,0,45 50,1,30,,36136,19,0,45 50,1,70,,36141,19,0,45 50,1,30,,36148,19,0,45 50,1,70,,36143,19,0,45 50,1,30,,36130,19,0,45 50,1,71,,36150,19,0,45 50,1,30,,36147,19,0,45 50,1,70,,36134,19,0,45 50,1,30,,36132,19,0,45 50,1,70,,36139,19,0,45 50,1,30,,36149,19,0,45 50,1,70,,36137,19,0,45 50,1,30,,36146,19,0,45 50,1,68,,36138,19,0,45 50,1,30,,36142,19,0,45 50,1,70,,36135,19,0,45 50,1,30,,36144,19,0,45 50,1,70,,36145,19,0,45 50,1,30,,36133,19,0,45 50,1,70,,36125,19,0,45 50,1,30,,36128,19,0,45 50,1,70,,36127,19,0,45 50,1,30,,36126,19,0,45 50,1
41801,'1',626,,41138,19,0,45 50,1,30,,41133,19,0,45 50,1,70,,41141,19,0,45 50,1,30,,41144,19,0,45 50,1,70,,41131,19,0,45 50,1,30,,41145,19,0,45 50,1,70,,41140,19,0,45 50,1,30,,41132,19,0,45 50,1,71,,41154,19,0,45 50,1,30,,41136,19,0,45 50,1,70,,41137,19,0,45 50,1,30,,41155,19,0,45 50,1,70,,41148,19,0,45 50,1,30,,32507,19,0,45 50,1,70,,29113,19,0,45 50,1,30,,41146,19,0,45 50,1,70,,41142,19,0,45 50,1,30,,41143,19,0,45 50,1,70,,41151,19,0,45 50,1,30,,41150,19,0,45 50,1,70,,41147,19,0,45 50,1,30,,41153,19,0,45 50,1,70,,31460,19,0,45 50,1,30,,41135,19,0,45 50,1,70,,41152,19,0,45 50,1,30,,41134,19,0,45 50,1,99,,41139,19,0,45 50,1,100,,30259,19,0,45 50,1,100,,41149,19,0,45 50,1,100,,29424,19,0,45 50,1
41801,'11',626,,41165,19,0,45 50,1,30,,41159,19,0,45 50,1,70,,41168,19,0,45 50,1,30,,41171,19,0,45 50,1,70,,41157,19,0,45 50,1,30,,41173,19,0,45 50,1,70,,41167,19,0,45 50,1,30,,41158,19,0,45 50,1,71,,41184,19,0,45 50,1,30,,41162,19,0,45 50,1,70,,41163,19,0,45 50,1,30,,41185,19,0,45 50,1,70,,41176,19,0,45 50,1,30,,41172,19,0,45 50,1,70,,41164,19,0,45 50,1,30,,41174,19,0,45 50,1,70,,41169,19,0,45 50,1,30,,41170,19,0,45 50,1,70,,41180,19,0,45 50,1,30,,41179,19,0,45 50,1,70,,41175,19,0,45 50,1,30,,41182,19,0,45 50,1,70,,41156,19,0,45 50,1,30,,41161,19,0,45 50,1,70,,41181,19,0,45 50,1,30,,41160,19,0,45 50,1,99,,41166,19,0,45 50,1,100,,41183,19,0,45 50,1,100,,41178,19,0,45 50,1,100,,41177,19,0,45 50,1
41801,'12',1857,,41188,19,0,45 50,1,99,,41186,19,0,45 50,1,100,,41190,19,0,45 50,1,100,,41189,19,0,45 50,1,100,,41187,19,0,45 50,1
41801,'13',1857,,41193,19,0,45 50,1,99,,41191,19,0,45 50,1,100,,41195,19,0,45 50,1,100,,41194,19,0,45 50,1,100,,41192,19,0,45 50,1
41801,'14',1157,,41200,19,0,45 50,1,100,,41197,19,0,45 50,1,100,,41198,19,0,45 50,1,100,,41201,19,0,45 50,1,100,,41196,19,0,45 50,1,100,,41199,19,0,45 50,1,100,,41202,19,0,45 50,1
41801,'16',626,,41210,19,0,45 50,1,30,,41205,19,0,45 50,1,70,,41213,19,0,45 50,1,30,,41216,19,0,45 50,1,70,,41203,19,0,45 50,1,30,,41218,19,0,45 50,1,70,,41212,19,0,45 50,1,30,,41204,19,0,45 50,1,71,,41227,19,0,45 50,1,30,,41208,19,0,45 50,1,70,,41209,19,0,45 50,1,30,,41228,19,0,45 50,1,70,,41221,19,0,45 50,1,30,,41217,19,0,45 50,1,70,,29137,19,0,45 50,1,30,,41219,19,0,45 50,1,70,,41214,19,0,45 50,1,30,,41215,19,0,45 50,1,70,,41224,19,0,45 50,1,30,,41223,19,0,45 50,1,70,,41220,19,0,45 50,1,30,,41226,19,0,45 50,1,70,,31476,19,0,45 50,1,30,,41207,19,0,45 50,1,70,,41225,19,0,45 50,1,30,,41206,19,0,45 50,1,99,,41211,19,0,45 50,1,100,,30300,19,0,45 50,1,100,,41222,19,0,45 50,1,100,,29543,19,0,45 50,1
41801,'3',1857,,41231,19,0,45 50,1,99,,41229,19,0,45 50,1,100,,41233,19,0,45 50,1,100,,41232,19,0,45 50,1,100,,41230,19,0,45 50,1
41801,'6',1857,,41236,19,0,45 50,1,99,,41234,19,0,45 50,1,100,,41238,19,0,45 50,1,100,,41237,19,0,45 50,1,100,,41235,19,0,45 50,1
41801,'8',856,,41247,19,0,45 50,1,100,,41243,19,0,45 50,1,101,,41246,19,0,45 50,1,70,,41239,19,0,45 50,1,30,,41254,19,0,45 50,1,70,,41248,19,0,45 50,1,30,,41257,19,0,45 50,1,70,,41242,19,0,45 50,1,30,,41253,19,0,45 50,1,70,,41252,19,0,45 50,1,30,,41240,19,0,45 50,1,70,,41241,19,0,45 50,1,30,,41255,19,0,45 50,1,70,,41256,19,0,45 50,1,30,,41245,19,0,45 50,1,70,,41258,19,0,45 50,1,30,,41249,19,0,45 50,1,70,,41250,19,0,45 50,1,30,,41244,19,0,45 50,1,99,,41251,19,0,45 50,1
