31200,'15',611,,11990,19,,,1,30,,11991,19,,,1,70,,11993,19,,,1,30,,11977,19,,,1,70,,11996,19,,,1,30,,11984,19,,,1,70,,11985,19,,,1,30,,11980,19,,,1,71,,11987,19,,,1,30,,11976,19,,,1,70,,11978,19,,,1,30,,11988,19,,,1,70,,11998,19,,,1,30,,11983,19,,,1,70,,11981,19,,,1,30,,11995,19,,,1,74,,11975,19,,,1,30,,11989,19,,,1,70,,11992,19,,,1,30,,11979,19,,,1,70,,11994,19,,,1,30,,11997,19,,,1,70,,11986,19,,,1,30,,11982,19,,,1,70,,11974,19,,,1
31200,'16',611,,12012,19,,,1,30,,12013,19,,,1,70,,12014,19,,,1,30,,12001,19,,,1,70,,12017,19,,,1,30,,12007,19,,,1,70,,12008,19,,,1,30,,12004,19,,,1,71,,12006,19,,,1,30,,2674,19,,,1,70,,12002,19,,,1,30,,12010,19,,,1,70,,12019,19,,,1,30,,12005,19,,,1,70,,1083,19,,,1,30,,12016,19,,,1,74,,12000,19,,,1,30,,12011,19,,,1,70,,4450,19,,,1,30,,12003,19,,,1,70,,12015,19,,,1,30,,12018,19,,,1,70,,12009,19,,,1,30,,8146,19,,,1,70,,11999,19,,,1
31200,'17',611,,12032,19,,,1,30,,4606,19,,,1,70,,12033,19,,,1,30,,12022,19,,,1,70,,12036,19,,,1,30,,12027,19,,,1,70,,12028,19,,,1,30,,12024,19,,,1,71,,12026,19,,,1,30,,2699,19,,,1,70,,12023,19,,,1,30,,12030,19,,,1,70,,12038,19,,,1,30,,12025,19,,,1,70,,1108,19,,,1,30,,12035,19,,,1,74,,12021,19,,,1,30,,12031,19,,,1,70,,4473,19,,,1,30,,3189,19,,,1,70,,12034,19,,,1,30,,12037,19,,,1,70,,12029,19,,,1,30,,8151,19,,,1,70,,12020,19,,,1
31200,'19',611,,12055,19,,,1,30,,12056,19,,,1,70,,12058,19,,,1,30,,12042,19,,,1,70,,12061,19,,,1,30,,12050,19,,,1,70,,12051,19,,,1,30,,12045,19,,,1,71,,12046,19,,,1,30,,12041,19,,,1,70,,12043,19,,,1,30,,12053,19,,,1,70,,12063,19,,,1,30,,12049,19,,,1,70,,12047,19,,,1,30,,12060,19,,,1,74,,12040,19,,,1,30,,12054,19,,,1,70,,12057,19,,,1,30,,12044,19,,,1,70,,12059,19,,,1,30,,12062,19,,,1,70,,12052,19,,,1,30,,12048,19,,,1,70,,12039,19,,,1
31200,'5',611,,4560,19,,,1,30,,12076,19,,,1,70,,12077,19,,,1,30,,12066,19,,,1,70,,12080,19,,,1,30,,12071,19,,,1,70,,12072,19,,,1,30,,4269,19,,,1,71,,12069,19,,,1,30,,2723,19,,,1,70,,12067,19,,,1,30,,12074,19,,,1,70,,12082,19,,,1,30,,12070,19,,,1,70,,1133,19,,,1,30,,12079,19,,,1,74,,12065,19,,,1,30,,12075,19,,,1,70,,4493,19,,,1,30,,12068,19,,,1,70,,12078,19,,,1,30,,12081,19,,,1,70,,12073,19,,,1,30,,8180,19,,,1,70,,12064,19,,,1
31200,'6',611,,12099,19,,,1,30,,12100,19,,,1,70,,12102,19,,,1,30,,12086,19,,,1,70,,12105,19,,,1,30,,12093,19,,,1,70,,12094,19,,,1,30,,12089,19,,,1,71,,12096,19,,,1,30,,12085,19,,,1,70,,12087,19,,,1,30,,12097,19,,,1,70,,12107,19,,,1,30,,12092,19,,,1,70,,12090,19,,,1,30,,12104,19,,,1,74,,12084,19,,,1,30,,12098,19,,,1,70,,12101,19,,,1,30,,12088,19,,,1,70,,12103,19,,,1,30,,12106,19,,,1,70,,12095,19,,,1,30,,12091,19,,,1,70,,12083,19,,,1
41200,'1',1137,,18491,37,0,23,1,100,,781,37,0,23,1,100,,18492,37,0,23,1,99,,4503,37,0,23,1,100,,18490,37,0,23,1,100,,6133,37,0,23,1,100,,18493,37,0,23,1
41200,'10',635,,18521,37,0,23,1,70,,18520,37,0,23,1,30,,18503,37,0,23,1,70,,18511,37,0,23,1,30,,18502,37,0,23,1,70,,18512,37,0,23,1,30,,18522,37,0,23,1,70,,18510,37,0,23,1,32,,18518,37,0,23,1,70,,18516,37,0,23,1,30,,18497,37,0,23,1,70,,18509,37,0,23,1,30,,18519,37,0,23,1,70,,18500,37,0,23,1,30,,18501,37,0,23,1,70,,18494,37,0,23,1,29,,18513,37,0,23,1,70,,18495,37,0,23,1,30,,18514,37,0,23,1,70,,18506,37,0,23,1,30,,18496,37,0,23,1,70,,18508,37,0,23,1,30,,18499,37,0,23,1,70,,18523,37,0,23,1,30,,18507,37,0,23,1,99,,18515,37,0,23,1,100,,18517,37,0,23,1,100,,18504,37,0,23,1,100,,18498,37,0,23,1,100,,18505,37,0,23,1
41200,'12',935,,18539,37,0,23,1,102,,18534,37,0,23,1,70,,18536,37,0,23,1,30,,6099,37,0,23,1,70,,18525,37,0,23,1,30,,18527,37,0,23,1,70,,18533,37,0,23,1,30,,18540,37,0,23,1,70,,18529,37,0,23,1,29,,18537,37,0,23,1,70,,18526,37,0,23,1,30,,18535,37,0,23,1,70,,18538,37,0,23,1,30,,18524,37,0,23,1,70,,18530,37,0,23,1,30,,18532,37,0,23,1,70,,18528,37,0,23,1,30,,18531,37,0,23,1,99,,6756,37,0,23,1
41200,'15',1836,,18542,37,0,23,1,99,,18544,37,0,23,1,100,,18543,37,0,23,1,100,,18546,37,0,23,1,100,,18545,37,0,23,1,100,,18541,37,0,23,1
41200,'16',1836,,18548,37,0,23,1,99,,18550,37,0,23,1,100,,18549,37,0,23,1,100,,18552,37,0,23,1,100,,18551,37,0,23,1,100,,18547,37,0,23,1
41200,'17',1836,,18554,37,0,23,1,99,,18556,37,0,23,1,100,,18555,37,0,23,1,100,,18558,37,0,23,1,100,,18557,37,0,23,1,100,,18553,37,0,23,1
41200,'19',1836,,18560,37,0,23,1,99,,18562,37,0,23,1,100,,18561,37,0,23,1,100,,18564,37,0,23,1,100,,18563,37,0,23,1,100,,18559,37,0,23,1
41200,'21',635,,18591,37,0,23,1,70,,18590,37,0,23,1,30,,18573,37,0,23,1,70,,18581,37,0,23,1,30,,18572,37,0,23,1,70,,18582,37,0,23,1,30,,18592,37,0,23,1,70,,18580,37,0,23,1,32,,18588,37,0,23,1,70,,18586,37,0,23,1,30,,18567,37,0,23,1,70,,18579,37,0,23,1,30,,18589,37,0,23,1,70,,18570,37,0,23,1,30,,18571,37,0,23,1,70,,6021,37,0,23,1,29,,18583,37,0,23,1,70,,18565,37,0,23,1,30,,18584,37,0,23,1,70,,18576,37,0,23,1,30,,18566,37,0,23,1,70,,18578,37,0,23,1,30,,18569,37,0,23,1,70,,18593,37,0,23,1,30,,18577,37,0,23,1,99,,18585,37,0,23,1,100,,18587,37,0,23,1,100,,18574,37,0,23,1,100,,18568,37,0,23,1,100,,18575,37,0,23,1
41200,'5',1836,,18595,37,0,23,1,99,,18597,37,0,23,1,100,,18596,37,0,23,1,100,,18599,37,0,23,1,100,,18598,37,0,23,1,100,,18594,37,0,23,1
41200,'6',1836,,18601,37,0,23,1,99,,18603,37,0,23,1,100,,18602,37,0,23,1,100,,18605,37,0,23,1,100,,18604,37,0,23,1,100,,18600,37,0,23,1
