30601,'1',633,,1260,17,0,9 12,1,70,,1277,17,0,9 12,1,30,,1273,17,0,9 12,1,70,,1272,17,0,9 12,1,30,,1255,17,0,9 12,1,70,,1270,17,0,9 12,1,30,,1257,17,0,9 12,1,70,,1263,17,0,9 12,1,31,,1267,17,0,9 12,1,70,,1266,17,0,9 12,1,30,,1253,17,0,9 12,1,70,,1265,17,0,9 12,1,30,,1254,17,0,9 12,1,70,,1261,17,0,9 12,1,30,,1268,17,0,9 12,1,70,,1256,17,0,9 12,1,30,,1262,17,0,9 12,1,25,,1275,17,0,9 12,1,45,,1259,17,0,9 12,1,30,,1269,17,0,9 12,1,70,,1264,17,0,9 12,1,30,,1258,17,0,9 12,1,70,,1271,17,0,9 12,1,30,,1274,17,0,9 12,1,70,,1276,17,0,9 12,1
30601,'10',633,,1285,17,0,9 12,1,70,,1302,17,0,9 12,1,30,,1298,17,0,9 12,1,70,,1297,17,0,9 12,1,30,,1280,17,0,9 12,1,70,,1295,17,0,9 12,1,30,,1282,17,0,9 12,1,70,,1288,17,0,9 12,1,31,,1292,17,0,9 12,1,70,,1291,17,0,9 12,1,30,,1278,17,0,9 12,1,70,,1290,17,0,9 12,1,30,,1279,17,0,9 12,1,70,,1286,17,0,9 12,1,30,,1293,17,0,9 12,1,70,,1281,17,0,9 12,1,30,,1287,17,0,9 12,1,25,,1300,17,0,9 12,1,45,,1284,17,0,9 12,1,30,,1294,17,0,9 12,1,70,,1289,17,0,9 12,1,30,,1283,17,0,9 12,1,70,,1296,17,0,9 12,1,30,,1299,17,0,9 12,1,70,,1301,17,0,9 12,1
30601,'11',633,,1310,17,0,9 12,1,70,,1327,17,0,9 12,1,30,,1323,17,0,9 12,1,70,,1322,17,0,9 12,1,30,,1305,17,0,9 12,1,70,,1320,17,0,9 12,1,30,,1307,17,0,9 12,1,70,,1313,17,0,9 12,1,31,,1317,17,0,9 12,1,70,,1316,17,0,9 12,1,30,,1303,17,0,9 12,1,70,,1315,17,0,9 12,1,30,,1304,17,0,9 12,1,70,,1311,17,0,9 12,1,30,,1318,17,0,9 12,1,70,,1306,17,0,9 12,1,30,,1312,17,0,9 12,1,25,,1325,17,0,9 12,1,45,,1309,17,0,9 12,1,30,,1319,17,0,9 12,1,70,,1314,17,0,9 12,1,30,,1308,17,0,9 12,1,70,,1321,17,0,9 12,1,30,,1324,17,0,9 12,1,70,,1326,17,0,9 12,1
30601,'3',633,,1335,17,0,9 12,1,70,,1352,17,0,9 12,1,30,,1348,17,0,9 12,1,70,,1347,17,0,9 12,1,30,,1330,17,0,9 12,1,70,,1345,17,0,9 12,1,30,,1332,17,0,9 12,1,70,,1338,17,0,9 12,1,31,,1342,17,0,9 12,1,70,,1341,17,0,9 12,1,30,,1328,17,0,9 12,1,70,,1340,17,0,9 12,1,30,,1329,17,0,9 12,1,70,,1336,17,0,9 12,1,30,,1343,17,0,9 12,1,70,,1331,17,0,9 12,1,30,,1337,17,0,9 12,1,25,,1350,17,0,9 12,1,45,,1334,17,0,9 12,1,30,,1344,17,0,9 12,1,70,,1339,17,0,9 12,1,30,,1333,17,0,9 12,1,70,,1346,17,0,9 12,1,30,,1349,17,0,9 12,1,70,,1351,17,0,9 12,1
40601,'1',1831,,6529,17,0,9 12,1,100,,6531,17,0,9 12,1,100,,6526,17,0,9 12,1,100,,6530,17,0,9 12,1,100,,6528,17,0,9 12,1,100,,6527,17,0,9 12,1
40601,'10',1831,,6535,17,0,9 12,1,100,,6537,17,0,9 12,1,100,,6532,17,0,9 12,1,100,,6536,17,0,9 12,1,100,,6534,17,0,9 12,1,100,,6533,17,0,9 12,1
40601,'11',1831,,6541,17,0,9 12,1,100,,6543,17,0,9 12,1,100,,6538,17,0,9 12,1,100,,6542,17,0,9 12,1,100,,6540,17,0,9 12,1,100,,6539,17,0,9 12,1
40601,'12',1131,,6546,17,0,9 12,1,100,,6547,17,0,9 12,1,100,,6548,17,0,9 12,1,100,,6545,17,0,9 12,1,100,,6550,17,0,9 12,1,100,,6549,17,0,9 12,1,100,,6544,17,0,9 12,1
40601,'14',701,,6567,17,0,9 12,1,30,,6573,17,0,9 12,1,70,,6565,17,0,9 12,1,30,,6556,17,0,9 12,1,70,,6561,17,0,9 12,1,30,,6566,17,0,9 12,1,70,,6572,17,0,9 12,1,30,,6576,17,0,9 12,1,70,,6559,17,0,9 12,1,30,,6563,17,0,9 12,1,70,,6560,17,0,9 12,1,30,,6571,17,0,9 12,1,70,,6564,17,0,9 12,1,30,,6577,17,0,9 12,1,70,,6552,17,0,9 12,1,30,,6555,17,0,9 12,1,70,,6569,17,0,9 12,1,30,,6554,17,0,9 12,1,70,,6557,17,0,9 12,1,30,,6579,17,0,9 12,1,70,,6570,17,0,9 12,1,30,,6553,17,0,9 12,1,70,,6578,17,0,9 12,1,30,,6575,17,0,9 12,1,100,,6568,17,0,9 12,1,100,,6574,17,0,9 12,1,100,,6558,17,0,9 12,1,100,,6562,17,0,9 12,1,100,,6551,17,0,9 12,1
40601,'3',1831,,6583,17,0,9 12,1,100,,6585,17,0,9 12,1,100,,6580,17,0,9 12,1,100,,6584,17,0,9 12,1,100,,6582,17,0,9 12,1,100,,6581,17,0,9 12,1
40601,'7',931,,6603,17,0,9 12,1,100,,6593,17,0,9 12,1,70,,6598,17,0,9 12,1,30,,6602,17,0,9 12,1,70,,6599,17,0,9 12,1,30,,6589,17,0,9 12,1,70,,6587,17,0,9 12,1,30,,6595,17,0,9 12,1,70,,6601,17,0,9 12,1,30,,6600,17,0,9 12,1,70,,6596,17,0,9 12,1,30,,6594,17,0,9 12,1,70,,6588,17,0,9 12,1,30,,6586,17,0,9 12,1,70,,6591,17,0,9 12,1,30,,6590,17,0,9 12,1,70,,6597,17,0,9 12,1,30,,6604,17,0,9 12,1,100,,6592,17,0,9 12,1
