30600,'12',604,,33883,12,0,7,1,30,,33881,12,0,7,1,70,,33882,12,0,7,1,30,,33861,12,0,7,1,70,,33866,12,0,7,1,30,,33879,12,0,7,1,70,,33864,12,0,7,1,30,,33869,12,0,7,1,70,,33863,12,0,7,1,30,,33878,12,0,7,1,70,,33884,12,0,7,1,30,,33876,12,0,7,1,70,,33865,12,0,7,1,30,,33872,12,0,7,1,70,,33875,12,0,7,1,30,,33862,12,0,7,1,71,,33874,12,0,7,1,30,,33871,12,0,7,1,70,,33880,12,0,7,1,30,,33870,12,0,7,1,70,,33868,12,0,7,1,30,,33867,12,0,7,1,70,,33873,12,0,7,1,30,,33877,12,0,7,1
30600,'13',604,,33904,12,0,7,1,30,,33902,12,0,7,1,70,,33903,12,0,7,1,30,,33885,12,0,7,1,70,,33889,12,0,7,1,30,,33900,12,0,7,1,70,,29025,12,0,7,1,30,,33892,12,0,7,1,70,,33887,12,0,7,1,30,,33899,12,0,7,1,70,,33905,12,0,7,1,30,,33897,12,0,7,1,70,,33888,12,0,7,1,30,,33895,12,0,7,1,70,,33896,12,0,7,1,30,,33886,12,0,7,1,71,,32474,12,0,7,1,30,,33894,12,0,7,1,70,,33901,12,0,7,1,30,,33893,12,0,7,1,70,,33891,12,0,7,1,30,,33890,12,0,7,1,70,,28902,12,0,7,1,30,,33898,12,0,7,1
30600,'3',604,,33925,12,0,7,1,30,,33923,12,0,7,1,70,,33924,12,0,7,1,30,,33906,12,0,7,1,70,,33910,12,0,7,1,30,,33921,12,0,7,1,70,,29032,12,0,7,1,30,,33913,12,0,7,1,70,,33908,12,0,7,1,30,,33920,12,0,7,1,70,,33926,12,0,7,1,30,,33918,12,0,7,1,70,,33909,12,0,7,1,30,,33916,12,0,7,1,70,,33917,12,0,7,1,30,,33907,12,0,7,1,71,,32479,12,0,7,1,30,,33915,12,0,7,1,70,,33922,12,0,7,1,30,,33914,12,0,7,1,70,,33912,12,0,7,1,30,,33911,12,0,7,1,70,,28926,12,0,7,1,30,,33919,12,0,7,1
30600,'6',604,,33949,12,0,7,1,30,,33947,12,0,7,1,70,,33948,12,0,7,1,30,,33927,12,0,7,1,70,,33932,12,0,7,1,30,,33945,12,0,7,1,70,,33930,12,0,7,1,30,,33935,12,0,7,1,70,,33929,12,0,7,1,30,,33944,12,0,7,1,70,,33950,12,0,7,1,30,,33942,12,0,7,1,70,,33931,12,0,7,1,30,,33938,12,0,7,1,70,,33941,12,0,7,1,30,,33928,12,0,7,1,71,,33940,12,0,7,1,30,,33937,12,0,7,1,70,,33946,12,0,7,1,30,,33936,12,0,7,1,70,,33934,12,0,7,1,30,,33933,12,0,7,1,70,,33939,12,0,7,1,30,,33943,12,0,7,1
40600,'1',619,,38838,12,0,9 10,1,30,,38821,12,0,9 10,1,70,,38820,12,0,9 10,1,30,,38834,12,0,9 10,1,70,,31587,12,0,9 10,1,30,,38836,12,0,9 10,1,70,,38828,12,0,9 10,1,30,,38830,12,0,9 10,1,70,,38824,12,0,9 10,1,30,,38829,12,0,9 10,1,70,,38817,12,0,9 10,1,30,,38827,12,0,9 10,1,70,,38816,12,0,9 10,1,30,,29422,12,0,9 10,1,70,,38837,12,0,9 10,1,30,,38826,12,0,9 10,1,70,,31583,12,0,9 10,1,30,,38823,12,0,9 10,1,70,,38814,12,0,9 10,1,30,,23436,12,0,9 10,1,70,,38831,12,0,9 10,1,30,,38822,12,0,9 10,1,70,,38815,12,0,9 10,1,30,,38825,12,0,9 10,1,70,,38835,12,0,9 10,1,100,,30676,12,0,9 10,1,100,,38833,12,0,9 10,1,100,,38819,12,0,9 10,1,100,,38832,12,0,9 10,1,100,,38818,12,0,9 10,1
40600,'11',619,,38868,12,0,9 10,1,30,,38849,12,0,9 10,1,70,,38848,12,0,9 10,1,30,,38864,12,0,9 10,1,70,,38846,12,0,9 10,1,30,,38866,12,0,9 10,1,70,,38856,12,0,9 10,1,30,,38860,12,0,9 10,1,70,,38852,12,0,9 10,1,30,,38857,12,0,9 10,1,70,,38844,12,0,9 10,1,30,,38855,12,0,9 10,1,70,,38843,12,0,9 10,1,30,,38859,12,0,9 10,1,70,,38867,12,0,9 10,1,30,,38854,12,0,9 10,1,70,,38842,12,0,9 10,1,30,,38851,12,0,9 10,1,70,,38840,12,0,9 10,1,30,,38858,12,0,9 10,1,70,,38861,12,0,9 10,1,30,,38850,12,0,9 10,1,70,,38841,12,0,9 10,1,30,,38853,12,0,9 10,1,70,,38865,12,0,9 10,1,100,,38839,12,0,9 10,1,100,,38863,12,0,9 10,1,100,,38847,12,0,9 10,1,100,,38862,12,0,9 10,1,100,,38845,12,0,9 10,1
40600,'12',1819,,38874,12,0,9 10,1,100,,38871,12,0,9 10,1,100,,38873,12,0,9 10,1,100,,38872,12,0,9 10,1,100,,38869,12,0,9 10,1,100,,38870,12,0,9 10,1
40600,'13',1819,,38880,12,0,9 10,1,100,,38877,12,0,9 10,1,100,,38879,12,0,9 10,1,100,,38878,12,0,9 10,1,100,,38875,12,0,9 10,1,100,,38876,12,0,9 10,1
40600,'14',1119,,38887,12,0,9 10,1,100,,38886,12,0,9 10,1,100,,38881,12,0,9 10,1,100,,38884,12,0,9 10,1,100,,38882,12,0,9 10,1,100,,38883,12,0,9 10,1,100,,38885,12,0,9 10,1
40600,'16',619,,38912,12,0,9 10,1,30,,38895,12,0,9 10,1,70,,38894,12,0,9 10,1,30,,38908,12,0,9 10,1,70,,24564,12,0,9 10,1,30,,38910,12,0,9 10,1,70,,38902,12,0,9 10,1,30,,38904,12,0,9 10,1,70,,38898,12,0,9 10,1,30,,38903,12,0,9 10,1,70,,38891,12,0,9 10,1,30,,38901,12,0,9 10,1,70,,38890,12,0,9 10,1,30,,29541,12,0,9 10,1,70,,38911,12,0,9 10,1,30,,38900,12,0,9 10,1,70,,31620,12,0,9 10,1,30,,38897,12,0,9 10,1,70,,38888,12,0,9 10,1,30,,30164,12,0,9 10,1,70,,38905,12,0,9 10,1,30,,38896,12,0,9 10,1,70,,38889,12,0,9 10,1,30,,38899,12,0,9 10,1,70,,38909,12,0,9 10,1,100,,30714,12,0,9 10,1,100,,38907,12,0,9 10,1,100,,38893,12,0,9 10,1,100,,38906,12,0,9 10,1,100,,38892,12,0,9 10,1
40600,'3',1819,,38918,12,0,9 10,1,100,,38915,12,0,9 10,1,100,,38917,12,0,9 10,1,100,,38916,12,0,9 10,1,100,,38913,12,0,9 10,1,100,,38914,12,0,9 10,1
40600,'6',1819,,38924,12,0,9 10,1,100,,38921,12,0,9 10,1,100,,38923,12,0,9 10,1,100,,38922,12,0,9 10,1,100,,38919,12,0,9 10,1,100,,38920,12,0,9 10,1
40600,'8',919,,38931,12,0,9 10,1,100,,38940,12,0,9 10,1,30,,38927,12,0,9 10,1,70,,38926,12,0,9 10,1,30,,38937,12,0,9 10,1,70,,38936,12,0,9 10,1,30,,38925,12,0,9 10,1,70,,30747,12,0,9 10,1,30,,38938,12,0,9 10,1,70,,38941,12,0,9 10,1,30,,38935,12,0,9 10,1,70,,38934,12,0,9 10,1,30,,38930,12,0,9 10,1,70,,32157,12,0,9 10,1,30,,38933,12,0,9 10,1,70,,38939,12,0,9 10,1,30,,38932,12,0,9 10,1,70,,38929,12,0,9 10,1,100,,38928,12,0,9 10,1
