30600,'1',609,,1162,21,0,7,1,30,,1179,21,0,7,1,70,,1159,21,0,7,1,30,,1158,21,0,7,1,70,,1163,21,0,7,1,30,,1174,21,0,7,1,70,,1166,21,0,7,1,30,,1178,21,0,7,1,71,,1170,21,0,7,1,30,,1172,21,0,7,1,70,,1180,21,0,7,1,30,,1177,21,0,7,1,70,,1161,21,0,7,1,30,,1167,21,0,7,1,70,,1164,21,0,7,1,30,,1157,21,0,7,1,72,,1171,21,0,7,1,30,,1176,21,0,7,1,70,,1169,21,0,7,1,30,,1168,21,0,7,1,70,,1165,21,0,7,1,30,,1173,21,0,7,1,70,,1175,21,0,7,1,30,,1160,21,0,7,1
30600,'10',609,,1186,21,0,7,1,30,,1203,21,0,7,1,70,,1183,21,0,7,1,30,,1182,21,0,7,1,70,,1187,21,0,7,1,30,,1198,21,0,7,1,70,,1190,21,0,7,1,30,,1202,21,0,7,1,71,,1194,21,0,7,1,30,,1196,21,0,7,1,70,,1204,21,0,7,1,30,,1201,21,0,7,1,70,,1185,21,0,7,1,30,,1191,21,0,7,1,70,,1188,21,0,7,1,30,,1181,21,0,7,1,72,,1195,21,0,7,1,30,,1200,21,0,7,1,70,,1193,21,0,7,1,30,,1192,21,0,7,1,70,,1189,21,0,7,1,30,,1197,21,0,7,1,70,,1199,21,0,7,1,30,,1184,21,0,7,1
30600,'11',609,,1210,21,0,7,1,30,,1227,21,0,7,1,70,,1207,21,0,7,1,30,,1206,21,0,7,1,70,,1211,21,0,7,1,30,,1222,21,0,7,1,70,,1214,21,0,7,1,30,,1226,21,0,7,1,71,,1218,21,0,7,1,30,,1220,21,0,7,1,70,,1228,21,0,7,1,30,,1225,21,0,7,1,70,,1209,21,0,7,1,30,,1215,21,0,7,1,70,,1212,21,0,7,1,30,,1205,21,0,7,1,72,,1219,21,0,7,1,30,,1224,21,0,7,1,70,,1217,21,0,7,1,30,,1216,21,0,7,1,70,,1213,21,0,7,1,30,,1221,21,0,7,1,70,,1223,21,0,7,1,30,,1208,21,0,7,1
30600,'3',609,,1234,21,0,7,1,30,,1251,21,0,7,1,70,,1231,21,0,7,1,30,,1230,21,0,7,1,70,,1235,21,0,7,1,30,,1246,21,0,7,1,70,,1238,21,0,7,1,30,,1250,21,0,7,1,71,,1242,21,0,7,1,30,,1244,21,0,7,1,70,,1252,21,0,7,1,30,,1249,21,0,7,1,70,,1233,21,0,7,1,30,,1239,21,0,7,1,70,,1236,21,0,7,1,30,,1229,21,0,7,1,72,,1243,21,0,7,1,30,,1248,21,0,7,1,70,,1241,21,0,7,1,30,,1240,21,0,7,1,70,,1237,21,0,7,1,30,,1245,21,0,7,1,70,,1247,21,0,7,1,30,,1232,21,0,7,1
40600,'1',1825,,6450,21,0,9 10,1,100,,6447,21,0,9 10,1,100,,6446,21,0,9 10,1,100,,6448,21,0,9 10,1,100,,6451,21,0,9 10,1,100,,6449,21,0,9 10,1
40600,'10',1825,,6456,21,0,9 10,1,100,,6453,21,0,9 10,1,100,,6452,21,0,9 10,1,100,,6454,21,0,9 10,1,100,,6457,21,0,9 10,1,100,,6455,21,0,9 10,1
40600,'11',1825,,6462,21,0,9 10,1,100,,6459,21,0,9 10,1,100,,6458,21,0,9 10,1,100,,6460,21,0,9 10,1,100,,6463,21,0,9 10,1,100,,6461,21,0,9 10,1
40600,'12',1125,,6464,21,0,9 10,1,100,,6469,21,0,9 10,1,100,,6466,21,0,9 10,1,100,,6470,21,0,9 10,1,100,,6465,21,0,9 10,1,100,,6468,21,0,9 10,1,100,,6467,21,0,9 10,1
40600,'14',625,,6484,21,0,9 10,1,30,,6490,21,0,9 10,1,70,,6494,21,0,9 10,1,30,,6496,21,0,9 10,1,70,,6489,21,0,9 10,1,30,,6476,21,0,9 10,1,70,,6497,21,0,9 10,1,30,,6488,21,0,9 10,1,70,,6475,21,0,9 10,1,30,,6479,21,0,9 10,1,70,,6487,21,0,9 10,1,30,,6498,21,0,9 10,1,70,,6474,21,0,9 10,1,30,,6486,21,0,9 10,1,70,,6478,21,0,9 10,1,30,,6472,21,0,9 10,1,70,,6493,21,0,9 10,1,30,,6485,21,0,9 10,1,70,,6471,21,0,9 10,1,30,,6483,21,0,9 10,1,70,,6495,21,0,9 10,1,30,,6477,21,0,9 10,1,70,,6473,21,0,9 10,1,30,,6491,21,0,9 10,1,70,,6482,21,0,9 10,1,100,,6500,21,0,9 10,1,100,,6481,21,0,9 10,1,100,,6499,21,0,9 10,1,100,,6480,21,0,9 10,1,100,,6492,21,0,9 10,1
40600,'3',1825,,6505,21,0,9 10,1,100,,6502,21,0,9 10,1,100,,6501,21,0,9 10,1,100,,6503,21,0,9 10,1,100,,6506,21,0,9 10,1,100,,6504,21,0,9 10,1
40600,'7',925,,6513,21,0,9 10,1,100,,6514,21,0,9 10,1,30,,6516,21,0,9 10,1,70,,6510,21,0,9 10,1,30,,6518,21,0,9 10,1,70,,6511,21,0,9 10,1,30,,6507,21,0,9 10,1,70,,6515,21,0,9 10,1,30,,6520,21,0,9 10,1,70,,6509,21,0,9 10,1,30,,6523,21,0,9 10,1,70,,6525,21,0,9 10,1,30,,6517,21,0,9 10,1,70,,6508,21,0,9 10,1,30,,6519,21,0,9 10,1,70,,6524,21,0,9 10,1,30,,6521,21,0,9 10,1,70,,6522,21,0,9 10,1,100,,6512,21,0,9 10,1
