31201,'12',637,,35035,7,,,1,71,,35034,7,,,1,30,,35040,7,,,1,70,,35024,7,,,1,30,,35044,7,,,1,70,,35039,7,,,1,30,,35042,7,,,1,70,,35038,7,,,1,30,,35032,7,,,1,70,,35041,7,,,1,30,,35037,7,,,1,70,,35043,7,,,1,30,,35025,7,,,1,70,,35036,7,,,1,30,,35028,7,,,1,69,,35045,7,,,1,41,,35027,7,,,1,70,,35030,7,,,1,30,,35031,7,,,1,70,,35026,7,,,1,30,,35023,7,,,1,70,,35029,7,,,1,30,,35033,7,,,1
31201,'13',637,,29247,7,,,1,71,,35056,7,,,1,30,,29475,7,,,1,70,,35047,7,,,1,30,,35064,7,,,1,70,,35060,7,,,1,30,,35062,7,,,1,70,,35059,7,,,1,30,,35054,7,,,1,70,,35061,7,,,1,30,,35058,7,,,1,70,,35063,7,,,1,30,,35048,7,,,1,70,,35057,7,,,1,30,,35051,7,,,1,69,,35065,7,,,1,41,,35050,7,,,1,70,,35052,7,,,1,30,,35053,7,,,1,70,,35049,7,,,1,30,,35046,7,,,1,70,,24711,7,,,1,30,,35055,7,,,1
31201,'3',637,,29266,7,,,1,71,,35076,7,,,1,30,,29596,7,,,1,70,,35067,7,,,1,30,,35084,7,,,1,70,,35080,7,,,1,30,,35082,7,,,1,70,,35079,7,,,1,30,,35074,7,,,1,70,,35081,7,,,1,30,,35078,7,,,1,70,,35083,7,,,1,30,,35068,7,,,1,70,,35077,7,,,1,30,,35071,7,,,1,69,,35085,7,,,1,41,,35070,7,,,1,70,,35072,7,,,1,30,,35073,7,,,1,70,,35069,7,,,1,30,,35066,7,,,1,70,,24815,7,,,1,30,,35075,7,,,1
31201,'6',637,,35098,7,,,1,71,,35097,7,,,1,30,,35103,7,,,1,70,,35087,7,,,1,30,,35107,7,,,1,70,,35102,7,,,1,30,,35105,7,,,1,70,,35101,7,,,1,30,,35095,7,,,1,70,,35104,7,,,1,30,,35100,7,,,1,70,,35106,7,,,1,30,,35088,7,,,1,70,,35099,7,,,1,30,,35091,7,,,1,69,,35108,7,,,1,41,,35090,7,,,1,70,,35093,7,,,1,30,,35094,7,,,1,70,,35089,7,,,1,30,,35086,7,,,1,70,,35092,7,,,1,30,,35096,7,,,1
41201,'1',613,,39929,7,0,68,1,30,,39924,7,0,68,1,70,,39914,7,0,68,1,30,,39933,7,0,68,1,70,,39918,7,0,68,1,30,,31492,7,0,68,1,70,,39913,7,0,68,1,30,,39928,7,0,68,1,70,,39930,7,0,68,1,30,,39916,7,0,68,1,70,,39919,7,0,68,1,30,,39931,7,0,68,1,70,,39920,7,0,68,1,30,,39922,7,0,68,1,70,,39939,7,0,68,1,30,,39923,7,0,68,1,70,,39921,7,0,68,1,30,,39937,7,0,68,1,70,,39926,7,0,68,1,30,,39912,7,0,68,1,70,,39936,7,0,68,1,30,,39935,7,0,68,1,70,,39938,7,0,68,1,30,,39932,7,0,68,1,70,,39925,7,0,68,1,100,,39927,7,0,68,1,100,,31591,7,0,68,1,100,,39917,7,0,68,1,100,,39934,7,0,68,1,100,,39915,7,0,68,1
41201,'11',613,,39959,7,0,68,1,30,,39953,7,0,68,1,70,,39942,7,0,68,1,30,,39963,7,0,68,1,70,,39947,7,0,68,1,30,,39943,7,0,68,1,70,,39941,7,0,68,1,30,,39958,7,0,68,1,70,,39960,7,0,68,1,30,,39945,7,0,68,1,70,,39948,7,0,68,1,30,,39961,7,0,68,1,70,,39949,7,0,68,1,30,,39951,7,0,68,1,70,,39969,7,0,68,1,30,,39952,7,0,68,1,70,,39950,7,0,68,1,30,,39967,7,0,68,1,70,,39955,7,0,68,1,30,,39940,7,0,68,1,70,,39966,7,0,68,1,30,,39965,7,0,68,1,70,,39968,7,0,68,1,30,,39962,7,0,68,1,70,,39954,7,0,68,1,100,,39957,7,0,68,1,100,,39956,7,0,68,1,100,,39946,7,0,68,1,100,,39964,7,0,68,1,100,,39944,7,0,68,1
41201,'12',1813,,39971,7,0,68,1,100,,39972,7,0,68,1,100,,39975,7,0,68,1,100,,39973,7,0,68,1,100,,39970,7,0,68,1,100,,39974,7,0,68,1
41201,'13',1813,,24112,7,0,68,1,100,,27610,7,0,68,1,100,,39979,7,0,68,1,100,,39977,7,0,68,1,100,,39976,7,0,68,1,100,,39978,7,0,68,1
41201,'14',1113,,39986,7,0,68,1,100,,39987,7,0,68,1,100,,39984,7,0,68,1,100,,39982,7,0,68,1,100,,39981,7,0,68,1,100,,39985,7,0,68,1,100,,39980,7,0,68,1,100,,39983,7,0,69 29,1
41201,'16',613,,40005,7,0,68,1,30,,40000,7,0,68,1,70,,39990,7,0,68,1,30,,40009,7,0,68,1,70,,39994,7,0,68,1,30,,31532,7,0,68,1,70,,39989,7,0,68,1,30,,40004,7,0,68,1,70,,40006,7,0,68,1,30,,39992,7,0,68,1,70,,39995,7,0,68,1,30,,40007,7,0,68,1,70,,39996,7,0,68,1,30,,39998,7,0,68,1,70,,40015,7,0,68,1,30,,39999,7,0,68,1,70,,39997,7,0,68,1,30,,40013,7,0,68,1,70,,40002,7,0,68,1,30,,39988,7,0,68,1,70,,40012,7,0,68,1,30,,40011,7,0,68,1,70,,40014,7,0,68,1,30,,40008,7,0,68,1,70,,40001,7,0,68,1,100,,40003,7,0,68,1,100,,31627,7,0,68,1,100,,39993,7,0,68,1,100,,40010,7,0,68,1,100,,39991,7,0,68,1
41201,'3',1813,,24124,7,0,68,1,100,,27633,7,0,68,1,100,,40019,7,0,68,1,100,,40017,7,0,68,1,100,,40016,7,0,68,1,100,,40018,7,0,68,1
41201,'6',1813,,40021,7,0,68,1,100,,40022,7,0,68,1,100,,40025,7,0,68,1,100,,40023,7,0,68,1,100,,40020,7,0,68,1,100,,40024,7,0,68,1
41201,'8',913,,40044,7,0,68,1,100,,40026,7,0,68,1,30,,40034,7,0,68,1,70,,40029,7,0,68,1,30,,40038,7,0,68,1,70,,40031,7,0,68,1,30,,40039,7,0,68,1,70,,40028,7,0,68,1,30,,40037,7,0,68,1,70,,30497,7,0,68,1,30,,40036,7,0,68,1,70,,40027,7,0,68,1,30,,40035,7,0,68,1,70,,40030,7,0,68,1,30,,40041,7,0,68,1,70,,40033,7,0,68,1,30,,40032,7,0,68,1,70,,40040,7,0,68,1,100,,40042,7,0,68,1,100,,40043,7,0,68,1
