31801,'12',606,,36057,11,0,45 50,1,30,,36068,11,0,45 50,1,71,,36059,11,0,45 50,1,30,,36064,11,0,45 50,1,70,,36069,11,0,45 50,1,30,,36076,11,0,45 50,1,70,,36071,11,0,45 50,1,30,,36058,11,0,45 50,1,71,,36078,11,0,45 50,1,30,,36075,11,0,45 50,1,70,,36062,11,0,45 50,1,30,,36060,11,0,45 50,1,70,,36067,11,0,45 50,1,30,,36077,11,0,45 50,1,70,,36065,11,0,45 50,1,30,,36074,11,0,45 50,1,68,,36066,11,0,45 50,1,30,,36070,11,0,45 50,1,70,,36063,11,0,45 50,1,30,,36072,11,0,45 50,1,70,,36073,11,0,45 50,1,30,,36061,11,0,45 50,1,70,,36053,11,0,45 50,1,30,,36056,11,0,45 50,1,70,,36055,11,0,45 50,1,30,,36054,11,0,45 50,1
31801,'13',606,,36083,11,0,45 50,1,30,,36092,11,0,45 50,1,71,,36085,11,0,45 50,1,30,,36089,11,0,45 50,1,70,,36093,11,0,45 50,1,30,,36099,11,0,45 50,1,70,,36095,11,0,45 50,1,30,,36084,11,0,45 50,1,71,,36101,11,0,45 50,1,30,,36098,11,0,45 50,1,70,,21825,11,0,45 50,1,30,,36086,11,0,45 50,1,70,,36091,11,0,45 50,1,30,,36100,11,0,45 50,1,70,,9655,11,0,45 50,1,30,,28819,11,0,45 50,1,68,,36090,11,0,45 50,1,30,,36094,11,0,45 50,1,70,,36088,11,0,45 50,1,30,,36096,11,0,45 50,1,70,,36097,11,0,45 50,1,30,,36087,11,0,45 50,1,70,,36079,11,0,45 50,1,30,,36082,11,0,45 50,1,70,,36081,11,0,45 50,1,30,,36080,11,0,45 50,1
31801,'3',606,,36106,11,0,45 50,1,30,,36115,11,0,45 50,1,71,,36108,11,0,45 50,1,30,,36112,11,0,45 50,1,70,,36116,11,0,45 50,1,30,,36122,11,0,45 50,1,70,,36118,11,0,45 50,1,30,,36107,11,0,45 50,1,71,,36124,11,0,45 50,1,30,,36121,11,0,45 50,1,70,,21848,11,0,45 50,1,30,,36109,11,0,45 50,1,70,,36114,11,0,45 50,1,30,,36123,11,0,45 50,1,70,,9697,11,0,45 50,1,30,,28842,11,0,45 50,1,68,,36113,11,0,45 50,1,30,,36117,11,0,45 50,1,70,,36111,11,0,45 50,1,30,,36119,11,0,45 50,1,70,,36120,11,0,45 50,1,30,,36110,11,0,45 50,1,70,,36102,11,0,45 50,1,30,,36105,11,0,45 50,1,70,,36104,11,0,45 50,1,30,,36103,11,0,45 50,1
31801,'6',606,,36129,11,0,45 50,1,30,,36140,11,0,45 50,1,71,,36131,11,0,45 50,1,30,,36136,11,0,45 50,1,70,,36141,11,0,45 50,1,30,,36148,11,0,45 50,1,70,,36143,11,0,45 50,1,30,,36130,11,0,45 50,1,71,,36150,11,0,45 50,1,30,,36147,11,0,45 50,1,70,,36134,11,0,45 50,1,30,,36132,11,0,45 50,1,70,,36139,11,0,45 50,1,30,,36149,11,0,45 50,1,70,,36137,11,0,45 50,1,30,,36146,11,0,45 50,1,68,,36138,11,0,45 50,1,30,,36142,11,0,45 50,1,70,,36135,11,0,45 50,1,30,,36144,11,0,45 50,1,70,,36145,11,0,45 50,1,30,,36133,11,0,45 50,1,70,,36125,11,0,45 50,1,30,,36128,11,0,45 50,1,70,,36127,11,0,45 50,1,30,,36126,11,0,45 50,1
41801,'1',622,,41138,11,0,45 50,1,30,,41133,11,0,45 50,1,70,,41141,11,0,45 50,1,30,,41144,11,0,45 50,1,70,,41131,11,0,45 50,1,30,,41145,11,0,45 50,1,70,,41140,11,0,45 50,1,30,,41132,11,0,45 50,1,71,,41154,11,0,45 50,1,30,,41136,11,0,45 50,1,70,,41137,11,0,45 50,1,30,,41155,11,0,45 50,1,70,,41148,11,0,45 50,1,30,,32507,11,0,45 50,1,70,,29113,11,0,45 50,1,30,,41146,11,0,45 50,1,70,,41142,11,0,45 50,1,30,,41143,11,0,45 50,1,70,,41151,11,0,45 50,1,30,,41150,11,0,45 50,1,70,,41147,11,0,45 50,1,30,,41153,11,0,45 50,1,70,,31460,11,0,45 50,1,30,,41135,11,0,45 50,1,70,,41152,11,0,45 50,1,30,,41134,11,0,45 50,1,99,,41139,11,0,45 50,1,100,,30259,11,0,45 50,1,100,,41149,11,0,45 50,1,100,,29424,11,0,45 50,1
41801,'11',622,,41165,11,0,45 50,1,30,,41159,11,0,45 50,1,70,,41168,11,0,45 50,1,30,,41171,11,0,45 50,1,70,,41157,11,0,45 50,1,30,,41173,11,0,45 50,1,70,,41167,11,0,45 50,1,30,,41158,11,0,45 50,1,71,,41184,11,0,45 50,1,30,,41162,11,0,45 50,1,70,,41163,11,0,45 50,1,30,,41185,11,0,45 50,1,70,,41176,11,0,45 50,1,30,,41172,11,0,45 50,1,70,,41164,11,0,45 50,1,30,,41174,11,0,45 50,1,70,,41169,11,0,45 50,1,30,,41170,11,0,45 50,1,70,,41180,11,0,45 50,1,30,,41179,11,0,45 50,1,70,,41175,11,0,45 50,1,30,,41182,11,0,45 50,1,70,,41156,11,0,45 50,1,30,,41161,11,0,45 50,1,70,,41181,11,0,45 50,1,30,,41160,11,0,45 50,1,99,,41166,11,0,45 50,1,100,,41183,11,0,45 50,1,100,,41178,11,0,45 50,1,100,,41177,11,0,45 50,1
41801,'12',1853,,41188,11,0,45 50,1,99,,41186,11,0,45 50,1,100,,41190,11,0,45 50,1,100,,41189,11,0,45 50,1,100,,41187,11,0,45 50,1
41801,'13',1853,,41193,11,0,45 50,1,99,,41191,11,0,45 50,1,100,,41195,11,0,45 50,1,100,,41194,11,0,45 50,1,100,,41192,11,0,45 50,1
41801,'14',1153,,41200,11,0,45 50,1,100,,41197,11,0,45 50,1,100,,41198,11,0,45 50,1,100,,41201,11,0,45 50,1,100,,41196,11,0,45 50,1,100,,41199,11,0,45 50,1,100,,41202,11,0,45 50,1
41801,'16',622,,41210,11,0,45 50,1,30,,41205,11,0,45 50,1,70,,41213,11,0,45 50,1,30,,41216,11,0,45 50,1,70,,41203,11,0,45 50,1,30,,41218,11,0,45 50,1,70,,41212,11,0,45 50,1,30,,41204,11,0,45 50,1,71,,41227,11,0,45 50,1,30,,41208,11,0,45 50,1,70,,41209,11,0,45 50,1,30,,41228,11,0,45 50,1,70,,41221,11,0,45 50,1,30,,41217,11,0,45 50,1,70,,29137,11,0,45 50,1,30,,41219,11,0,45 50,1,70,,41214,11,0,45 50,1,30,,41215,11,0,45 50,1,70,,41224,11,0,45 50,1,30,,41223,11,0,45 50,1,70,,41220,11,0,45 50,1,30,,41226,11,0,45 50,1,70,,31476,11,0,45 50,1,30,,41207,11,0,45 50,1,70,,41225,11,0,45 50,1,30,,41206,11,0,45 50,1,99,,41211,11,0,45 50,1,100,,30300,11,0,45 50,1,100,,41222,11,0,45 50,1,100,,29543,11,0,45 50,1
41801,'3',1853,,41231,11,0,45 50,1,99,,41229,11,0,45 50,1,100,,41233,11,0,45 50,1,100,,41232,11,0,45 50,1,100,,41230,11,0,45 50,1
41801,'6',1853,,41236,11,0,45 50,1,99,,41234,11,0,45 50,1,100,,41238,11,0,45 50,1,100,,41237,11,0,45 50,1,100,,41235,11,0,45 50,1
41801,'8',852,,41247,11,0,45 50,1,100,,41243,11,0,45 50,1,101,,41246,11,0,45 50,1,70,,41239,11,0,45 50,1,30,,41254,11,0,45 50,1,70,,41248,11,0,45 50,1,30,,41257,11,0,45 50,1,70,,41242,11,0,45 50,1,30,,41253,11,0,45 50,1,70,,41252,11,0,45 50,1,30,,41240,11,0,45 50,1,70,,41241,11,0,45 50,1,30,,41255,11,0,45 50,1,70,,41256,11,0,45 50,1,30,,41245,11,0,45 50,1,70,,41258,11,0,45 50,1,30,,41249,11,0,45 50,1,70,,41250,11,0,45 50,1,30,,41244,11,0,45 50,1,99,,41251,11,0,45 50,1
