32100,'15',647,,14121,12,0,53,1,91,,14115,12,0,53,1,100,,14123,12,0,53,1,100,,14125,12,0,53,1,100,,14120,12,0,53,1,100,,14119,12,0,53,1,100,,14116,12,0,53,1,100,,14124,12,0,53,1,100,,14122,12,0,53,1,100,,14114,12,0,53,1,100,,14118,12,0,53,1,100,,14117,12,0,53,1
32100,'16',647,,14130,12,0,53,1,91,,14126,12,0,53,1,100,,1005,12,0,53,1,100,,14133,12,0,53,1,100,,5261,12,0,53,1,100,,14129,12,0,53,1,100,,14127,12,0,53,1,100,,14132,12,0,53,1,100,,14128,12,0,53,1,100,,14131,12,0,53,1,100,,14135,12,0,53,1,100,,14134,12,0,53,1
32100,'17',647,,14140,12,0,53,1,91,,14136,12,0,53,1,100,,1029,12,0,53,1,100,,14143,12,0,53,1,100,,5311,12,0,53,1,100,,14139,12,0,53,1,100,,14137,12,0,53,1,100,,14142,12,0,53,1,100,,14138,12,0,53,1,100,,14141,12,0,53,1,100,,14145,12,0,53,1,100,,14144,12,0,53,1
32100,'19',647,,14152,12,0,53,1,91,,14146,12,0,53,1,100,,14153,12,0,53,1,100,,14156,12,0,53,1,100,,14151,12,0,53,1,100,,14150,12,0,53,1,100,,14147,12,0,53,1,100,,14155,12,0,53,1,100,,14149,12,0,53,1,100,,14148,12,0,53,1,100,,14157,12,0,53,1,100,,14154,12,0,53,1
32100,'5',647,,14163,12,0,53,1,91,,14158,12,0,53,1,100,,1053,12,0,53,1,100,,14165,12,0,53,1,100,,5441,12,0,53,1,100,,14162,12,0,53,1,100,,14159,12,0,53,1,100,,14164,12,0,53,1,100,,14161,12,0,53,1,100,,14160,12,0,53,1,100,,14166,12,0,53,1,100,,8794,12,0,53,1
32100,'6',647,,14174,12,0,53,1,91,,14168,12,0,53,1,100,,14176,12,0,53,1,100,,14178,12,0,53,1,100,,14173,12,0,53,1,100,,14172,12,0,53,1,100,,14169,12,0,53,1,100,,14177,12,0,53,1,100,,14175,12,0,53,1,100,,14167,12,0,53,1,100,,14171,12,0,53,1,100,,14170,12,0,53,1
42100,'1',1038,,1932,12,0,53,1,100,,20074,12,0,53,1,100,,20072,12,0,53,1,100,,20070,12,0,53,1,100,,20073,12,0,53,1,100,,20071,12,0,53,1,100,,20069,12,0,53,1
42100,'10',647,,20091,12,0,53,1,91,,20087,12,0,53,1,100,,20076,12,0,53,1,100,,20088,12,0,53,1,100,,20082,12,0,53,1,100,,20078,12,0,53,1,100,,20081,12,0,53,1,100,,20090,12,0,53,1,100,,20086,12,0,53,1,100,,20077,12,0,53,1,100,,20084,12,0,53,1,100,,20080,12,0,53,1,100,,20085,12,0,53,1,100,,20075,12,0,53,1,100,,20079,12,0,53,1,100,,20083,12,0,53,1,100,,20089,12,0,53,1
42100,'12',838,,20094,12,0,53,1,100,,20095,12,0,53,1,100,,20097,12,0,53,1,100,,20100,12,0,53,1,100,,20093,12,0,53,1,100,,20099,12,0,53,1,100,,20101,12,0,53,1,100,,20098,12,0,53,1,100,,20102,12,0,53,1,100,,20092,12,0,53,1,100,,20096,12,0,53,1,100,,20103,12,0,53,1
42100,'15',1838,,20105,12,0,53,1,100,,20107,12,0,53,1,100,,20104,12,0,53,1,100,,20106,12,0,53,1,100,,20108,12,0,53,1
42100,'16',1838,,20110,12,0,53,1,100,,20112,12,0,53,1,100,,20109,12,0,53,1,100,,20111,12,0,53,1,100,,20113,12,0,53,1
42100,'17',1838,,20115,12,0,53,1,100,,20117,12,0,53,1,100,,20114,12,0,53,1,100,,20116,12,0,53,1,100,,20118,12,0,53,1
42100,'19',1838,,20120,12,0,53,1,100,,20122,12,0,53,1,100,,20119,12,0,53,1,100,,20121,12,0,53,1,100,,20123,12,0,53,1
42100,'21',647,,20138,12,0,53,1,91,,20134,12,0,53,1,100,,20125,12,0,53,1,100,,20135,12,0,53,1,100,,20130,12,0,53,1,100,,20127,12,0,53,1,100,,20129,12,0,53,1,100,,20137,12,0,53,1,100,,20133,12,0,53,1,100,,20126,12,0,53,1,100,,20131,12,0,53,1,100,,6805,12,0,53,1,100,,20132,12,0,53,1,100,,20124,12,0,53,1,100,,20128,12,0,53,1,100,,8225,12,0,53,1,100,,20136,12,0,53,1
42100,'5',1838,,20140,12,0,53,1,100,,20142,12,0,53,1,100,,20139,12,0,53,1,100,,20141,12,0,53,1,100,,20143,12,0,53,1
42100,'6',1838,,20145,12,0,53,1,100,,20147,12,0,53,1,100,,20144,12,0,53,1,100,,20146,12,0,53,1,100,,20148,12,0,53,1
