30801,'12',640,,34328,14,0,64 38,1,70,,34314,14,0,64 38,1,30,,34325,14,0,64 38,1,70,,34324,14,0,64 38,1,30,,34307,14,0,64 38,1,70,,34326,14,0,64 38,1,30,,34312,14,0,64 38,1,70,,34316,14,0,64 38,1,30,,34329,14,0,64 38,1,70,,34322,14,0,64 38,1,30,,34319,14,0,64 38,1,70,,34309,14,0,64 38,1,30,,34310,14,0,64 38,1,70,,34318,14,0,64 38,1,30,,34313,14,0,64 38,1,70,,34315,14,0,64 38,1,40,,34317,14,0,64 38,1,70,,34308,14,0,64 38,1,30,,34311,14,0,64 38,1,70,,34320,14,0,64 38,1,30,,34323,14,0,64 38,1,70,,34327,14,0,64 38,1,30,,34321,14,0,64 38,1
30801,'13',640,,34346,14,0,64 38,1,70,,34334,14,0,64 38,1,30,,34344,14,0,64 38,1,70,,34343,14,0,64 38,1,30,,28358,14,0,64 38,1,70,,34345,14,0,64 38,1,30,,29463,14,0,64 38,1,70,,34336,14,0,64 38,1,30,,34347,14,0,64 38,1,70,,34342,14,0,64 38,1,30,,34339,14,0,64 38,1,70,,28145,14,0,64 38,1,30,,34331,14,0,64 38,1,70,,34338,14,0,64 38,1,30,,34333,14,0,64 38,1,70,,34335,14,0,64 38,1,40,,34337,14,0,64 38,1,70,,34330,14,0,64 38,1,30,,34332,14,0,64 38,1,70,,34340,14,0,64 38,1,30,,27448,14,0,64 38,1,70,,29291,14,0,64 38,1,30,,34341,14,0,64 38,1
30801,'3',640,,34364,14,0,64 38,1,70,,34352,14,0,64 38,1,30,,34362,14,0,64 38,1,70,,34361,14,0,64 38,1,30,,28376,14,0,64 38,1,70,,34363,14,0,64 38,1,30,,29584,14,0,64 38,1,70,,34354,14,0,64 38,1,30,,34365,14,0,64 38,1,70,,34360,14,0,64 38,1,30,,34357,14,0,64 38,1,70,,28167,14,0,64 38,1,30,,34349,14,0,64 38,1,70,,34356,14,0,64 38,1,30,,34351,14,0,64 38,1,70,,34353,14,0,64 38,1,40,,34355,14,0,64 38,1,70,,34348,14,0,64 38,1,30,,34350,14,0,64 38,1,70,,34358,14,0,64 38,1,30,,27497,14,0,64 38,1,70,,29310,14,0,64 38,1,30,,34359,14,0,64 38,1
30801,'6',640,,34387,14,0,64 38,1,70,,34373,14,0,64 38,1,30,,34384,14,0,64 38,1,70,,34383,14,0,64 38,1,30,,34366,14,0,64 38,1,70,,34385,14,0,64 38,1,30,,34371,14,0,64 38,1,70,,34375,14,0,64 38,1,30,,34388,14,0,64 38,1,70,,34381,14,0,64 38,1,30,,34378,14,0,64 38,1,70,,34368,14,0,64 38,1,30,,34369,14,0,64 38,1,70,,34377,14,0,64 38,1,30,,34372,14,0,64 38,1,70,,34374,14,0,64 38,1,40,,34376,14,0,64 38,1,70,,34367,14,0,64 38,1,30,,34370,14,0,64 38,1,70,,34379,14,0,64 38,1,30,,34382,14,0,64 38,1,70,,34386,14,0,64 38,1,30,,34380,14,0,64 38,1
40801,'1',655,,39214,14,0,64 38,1,70,,39212,14,0,64 38,1,30,,31913,14,0,64 38,1,70,,39216,14,0,64 38,1,30,,22901,14,0,64 38,1,70,,39218,14,0,64 38,1,30,,39232,14,0,64 38,1,70,,39229,14,0,64 38,1,30,,39223,14,0,64 38,1,70,,39222,14,0,64 38,1,30,,39220,14,0,64 38,1,70,,39226,14,0,64 38,1,30,,39235,14,0,64 38,1,70,,39230,14,0,64 38,1,30,,39221,14,0,64 38,1,70,,39211,14,0,64 38,1,30,,39227,14,0,64 38,1,70,,39215,14,0,64 38,1,30,,39225,14,0,64 38,1,70,,39219,14,0,64 38,1,30,,39213,14,0,64 38,1,70,,39236,14,0,64 38,1,30,,39233,14,0,64 38,1,70,,39234,14,0,64 38,1,100,,39231,14,0,64 38,1,100,,39217,14,0,64 38,1,100,,39237,14,0,64 38,1,100,,39228,14,0,64 38,1,100,,39224,14,0,64 38,1
40801,'11',655,,39242,14,0,64 38,1,70,,39240,14,0,64 38,1,30,,39238,14,0,64 38,1,70,,39244,14,0,64 38,1,30,,39258,14,0,64 38,1,70,,39246,14,0,64 38,1,30,,39261,14,0,64 38,1,70,,39257,14,0,64 38,1,30,,39251,14,0,64 38,1,70,,39250,14,0,64 38,1,30,,39248,14,0,64 38,1,70,,39254,14,0,64 38,1,30,,39264,14,0,64 38,1,70,,39259,14,0,64 38,1,30,,39249,14,0,64 38,1,70,,39239,14,0,64 38,1,30,,39255,14,0,64 38,1,70,,39243,14,0,64 38,1,30,,39253,14,0,64 38,1,70,,39247,14,0,64 38,1,30,,39241,14,0,64 38,1,70,,39265,14,0,64 38,1,30,,39262,14,0,64 38,1,70,,39263,14,0,64 38,1,100,,39260,14,0,64 38,1,100,,39245,14,0,64 38,1,100,,39266,14,0,64 38,1,100,,39256,14,0,64 38,1,100,,39252,14,0,64 38,1
40801,'12',1825,,39267,14,0,64 38,1,100,,39272,14,0,64 38,1,100,,39270,14,0,64 38,1,100,,39268,14,0,64 38,1,100,,39269,14,0,64 38,1,100,,39271,14,0,64 38,1
40801,'13',1825,,39273,14,0,64 38,1,100,,39278,14,0,64 38,1,100,,39276,14,0,64 38,1,100,,39274,14,0,64 38,1,100,,39275,14,0,64 38,1,100,,39277,14,0,64 38,1
40801,'14',1125,,39282,14,0,64 38,1,100,,39280,14,0,64 38,1,100,,39281,14,0,64 38,1,100,,39285,14,0,64 38,1,100,,39283,14,0,64 38,1,100,,39279,14,0,64 38,1,100,,39284,14,0,64 38,1
40801,'16',655,,39289,14,0,64 38,1,70,,39287,14,0,64 38,1,30,,31950,14,0,64 38,1,70,,39291,14,0,64 38,1,30,,32045,14,0,64 38,1,70,,39293,14,0,64 38,1,30,,39307,14,0,64 38,1,70,,39304,14,0,64 38,1,30,,39298,14,0,64 38,1,70,,39297,14,0,64 38,1,30,,39295,14,0,64 38,1,70,,39301,14,0,64 38,1,30,,39310,14,0,64 38,1,70,,39305,14,0,64 38,1,30,,39296,14,0,64 38,1,70,,39286,14,0,64 38,1,30,,39302,14,0,64 38,1,70,,39290,14,0,64 38,1,30,,39300,14,0,64 38,1,70,,39294,14,0,64 38,1,30,,39288,14,0,64 38,1,70,,39311,14,0,64 38,1,30,,39308,14,0,64 38,1,70,,39309,14,0,64 38,1,100,,39306,14,0,64 38,1,100,,39292,14,0,64 38,1,100,,39312,14,0,64 38,1,100,,39303,14,0,64 38,1,100,,39299,14,0,64 38,1
40801,'3',1825,,39313,14,0,64 38,1,100,,39318,14,0,64 38,1,100,,39316,14,0,64 38,1,100,,39314,14,0,64 38,1,100,,39315,14,0,64 38,1,100,,39317,14,0,64 38,1
40801,'6',1825,,39319,14,0,64 38,1,100,,39324,14,0,64 38,1,100,,39322,14,0,64 38,1,100,,39320,14,0,64 38,1,100,,39321,14,0,64 38,1,100,,39323,14,0,64 38,1
40801,'8',925,,39331,14,0,64 38,1,100,,39335,14,0,64 38,1,30,,32236,14,0,64 38,1,70,,39326,14,0,64 38,1,30,,39341,14,0,64 38,1,70,,39332,14,0,64 38,1,30,,39339,14,0,64 38,1,70,,39333,14,0,64 38,1,30,,30587,14,0,64 38,1,70,,39336,14,0,64 38,1,30,,39325,14,0,64 38,1,70,,39338,14,0,64 38,1,30,,39327,14,0,64 38,1,70,,39330,14,0,64 38,1,30,,39337,14,0,64 38,1,70,,39334,14,0,64 38,1,30,,39329,14,0,64 38,1,70,,39328,14,0,64 38,1,100,,39340,14,0,64 38,1
