30401,'1',646,,866,18,0,49,1,70,,863,18,0,49,1,30,,881,18,0,49,1,70,,879,18,0,49,1,30,,874,18,0,49,1,70,,865,18,0,49,1,30,,862,18,0,49,1,70,,882,18,0,49,1,30,,884,18,0,49,1,70,,873,18,0,49,1,30,,870,18,0,49,1,70,,872,18,0,49,1,30,,875,18,0,49,1,70,,861,18,0,49,1,30,,883,18,0,49,1,71,,880,18,0,49,1,30,,885,18,0,49,1,70,,876,18,0,49,1,30,,878,18,0,49,1,70,,867,18,0,49,1,30,,868,18,0,49,1,70,,869,18,0,49,1,30,,864,18,0,49,1,70,,871,18,0,49,1,30,,877,18,0,49,1
30401,'10',646,,891,18,0,49,1,70,,888,18,0,49,1,30,,906,18,0,49,1,70,,904,18,0,49,1,30,,899,18,0,49,1,70,,890,18,0,49,1,30,,887,18,0,49,1,70,,907,18,0,49,1,30,,909,18,0,49,1,70,,898,18,0,49,1,30,,895,18,0,49,1,70,,897,18,0,49,1,30,,900,18,0,49,1,70,,886,18,0,49,1,30,,908,18,0,49,1,71,,905,18,0,49,1,30,,910,18,0,49,1,70,,901,18,0,49,1,30,,903,18,0,49,1,70,,892,18,0,49,1,30,,893,18,0,49,1,70,,894,18,0,49,1,30,,889,18,0,49,1,70,,896,18,0,49,1,30,,902,18,0,49,1
30401,'11',646,,916,18,0,49,1,70,,913,18,0,49,1,30,,931,18,0,49,1,70,,929,18,0,49,1,30,,924,18,0,49,1,70,,915,18,0,49,1,30,,912,18,0,49,1,70,,932,18,0,49,1,30,,934,18,0,49,1,70,,923,18,0,49,1,30,,920,18,0,49,1,70,,922,18,0,49,1,30,,925,18,0,49,1,70,,911,18,0,49,1,30,,933,18,0,49,1,71,,930,18,0,49,1,30,,935,18,0,49,1,70,,926,18,0,49,1,30,,928,18,0,49,1,70,,917,18,0,49,1,30,,918,18,0,49,1,70,,919,18,0,49,1,30,,914,18,0,49,1,70,,921,18,0,49,1,30,,927,18,0,49,1
30401,'3',646,,941,18,0,49,1,70,,938,18,0,49,1,30,,956,18,0,49,1,70,,954,18,0,49,1,30,,949,18,0,49,1,70,,940,18,0,49,1,30,,937,18,0,49,1,70,,957,18,0,49,1,30,,959,18,0,49,1,70,,948,18,0,49,1,30,,945,18,0,49,1,70,,947,18,0,49,1,30,,950,18,0,49,1,70,,936,18,0,49,1,30,,958,18,0,49,1,71,,955,18,0,49,1,30,,960,18,0,49,1,70,,951,18,0,49,1,30,,953,18,0,49,1,70,,942,18,0,49,1,30,,943,18,0,49,1,70,,944,18,0,49,1,30,,939,18,0,49,1,70,,946,18,0,49,1,30,,952,18,0,49,1
40401,'1',1909,,6370,18,0,39 51,1,99,,6372,18,0,39 51,1,100,,6369,18,0,39 51,1,100,,6371,18,0,39 51,1,100,,6373,18,0,39 51,1
40401,'10',1909,,6375,18,0,39 51,1,99,,6377,18,0,39 51,1,100,,6374,18,0,39 51,1,100,,6376,18,0,39 51,1,100,,6378,18,0,39 51,1
40401,'11',1909,,6380,18,0,39 51,1,99,,6382,18,0,39 51,1,100,,6379,18,0,39 51,1,100,,6381,18,0,39 51,1,100,,6383,18,0,39 51,1
40401,'12',1109,,6391,18,0,39 51,1,100,,6385,18,0,39 51,1,100,,6390,18,0,39 51,1,100,,6384,18,0,39 51,1,100,,6387,18,0,39 51,1,100,,6389,18,0,39 51,1,100,,6386,18,0,39 51,1,100,,6388,18,0,39 51,1
40401,'14',708,,6401,18,0,39 51,1,30,,6397,18,0,39 51,1,70,,6412,18,0,39 51,1,30,,6413,18,0,39 51,1,70,,6419,18,0,39 51,1,30,,6408,18,0,39 51,1,70,,6392,18,0,39 51,1,31,,6418,18,0,39 51,1,70,,6415,18,0,39 51,1,30,,6400,18,0,39 51,1,70,,6394,18,0,39 51,1,30,,6414,18,0,39 51,1,70,,6405,18,0,39 51,1,30,,6395,18,0,39 51,1,70,,6399,18,0,39 51,1,30,,6420,18,0,39 51,1,70,,6402,18,0,39 51,1,30,,6403,18,0,39 51,1,70,,6398,18,0,39 51,1,30,,6417,18,0,39 51,1,70,,6404,18,0,39 51,1,30,,6396,18,0,39 51,1,70,,6393,18,0,39 51,1,30,,6411,18,0,39 51,1,70,,6410,18,0,39 51,1,99,,6406,18,0,39 51,1,100,,6407,18,0,39 51,1,100,,6416,18,0,39 51,1,100,,6409,18,0,39 51,1
40401,'3',1909,,6422,18,0,39 51,1,99,,6424,18,0,39 51,1,100,,6421,18,0,39 51,1,100,,6423,18,0,39 51,1,100,,6425,18,0,39 51,1
40401,'7',908,,6428,18,0,39 51,1,100,,6429,18,0,39 51,1,31,,6426,18,0,39 51,1,70,,6436,18,0,39 51,1,30,,6434,18,0,39 51,1,70,,6445,18,0,39 51,1,30,,6435,18,0,39 51,1,70,,6432,18,0,39 51,1,30,,6427,18,0,39 51,1,70,,6433,18,0,39 51,1,30,,6438,18,0,39 51,1,70,,6442,18,0,39 51,1,30,,6439,18,0,39 51,1,70,,6443,18,0,39 51,1,30,,6440,18,0,39 51,1,70,,6441,18,0,39 51,1,30,,6430,18,0,39 51,1,70,,6437,18,0,39 51,1,100,,6444,18,0,39 51,1,99,,6431,18,0,39 51,1
