30200,'12',623,,33134,17,0,11,1,30,,33147,17,0,11,1,70,,33146,17,0,11,1,30,,33145,17,0,11,1,70,,33150,17,0,11,1,30,,33144,17,0,11,1,70,,33133,17,0,11,1,30,,33138,17,0,11,1,72,,33151,17,0,11,1,30,,33131,17,0,11,1,70,,33135,17,0,11,1,30,,33132,17,0,11,1,70,,33149,17,0,11,1,30,,33129,17,0,11,1,70,,33148,17,0,11,1,30,,33140,17,0,11,1,69,,33142,17,0,11,1,30,,33143,17,0,11,1,70,,33137,17,0,11,1,30,,33130,17,0,11,1,70,,33136,17,0,11,1,30,,33139,17,0,11,1,70,,33141,17,0,11,1
30200,'13',623,,33156,17,0,11,1,30,,33168,17,0,11,1,70,,33167,17,0,11,1,30,,33166,17,0,11,1,70,,33170,17,0,11,1,30,,33165,17,0,11,1,70,,33155,17,0,11,1,30,,27942,17,0,11,1,72,,33171,17,0,11,1,30,,33153,17,0,11,1,70,,33157,17,0,11,1,30,,33154,17,0,11,1,70,,33169,17,0,11,1,30,,28545,17,0,11,1,70,,29185,17,0,11,1,30,,33161,17,0,11,1,69,,33163,17,0,11,1,30,,33164,17,0,11,1,70,,33159,17,0,11,1,30,,33152,17,0,11,1,70,,33158,17,0,11,1,30,,33160,17,0,11,1,70,,33162,17,0,11,1
30200,'3',623,,33176,17,0,11,1,30,,33188,17,0,11,1,70,,33187,17,0,11,1,30,,33186,17,0,11,1,70,,33190,17,0,11,1,30,,33185,17,0,11,1,70,,33175,17,0,11,1,30,,27959,17,0,11,1,72,,33191,17,0,11,1,30,,33173,17,0,11,1,70,,33177,17,0,11,1,30,,33174,17,0,11,1,70,,33189,17,0,11,1,30,,28567,17,0,11,1,70,,29196,17,0,11,1,30,,33181,17,0,11,1,69,,33183,17,0,11,1,30,,33184,17,0,11,1,70,,33179,17,0,11,1,30,,33172,17,0,11,1,70,,33178,17,0,11,1,30,,33180,17,0,11,1,70,,33182,17,0,11,1
30200,'6',623,,33197,17,0,11,1,30,,33210,17,0,11,1,70,,33209,17,0,11,1,30,,33208,17,0,11,1,70,,33213,17,0,11,1,30,,33207,17,0,11,1,70,,33196,17,0,11,1,30,,33201,17,0,11,1,72,,33214,17,0,11,1,30,,33194,17,0,11,1,70,,33198,17,0,11,1,30,,33195,17,0,11,1,70,,33212,17,0,11,1,30,,33192,17,0,11,1,70,,33211,17,0,11,1,30,,33203,17,0,11,1,69,,33205,17,0,11,1,30,,33206,17,0,11,1,70,,33200,17,0,11,1,30,,33193,17,0,11,1,70,,33199,17,0,11,1,30,,33202,17,0,11,1,70,,33204,17,0,11,1
30500,'12',605,,33676,26,0,22,1,30,,33679,37,0,22,1,70,,33670,37,0,22,1,30,,33691,37,0,22,1,70,,33683,37,0,22,1,30,,33675,37,0,22,1,70,,33684,37,0,22,1,30,,33685,37,0,22,1,70,,33687,37,0,22,1,30,,33688,37,0,22,1,70,,33680,37,0,22,1,30,,33689,37,0,22,1,70,,33671,37,0,22,1,30,,33681,37,0,22,1,70,,33673,37,0,22,1,30,,33669,37,0,22,1,70,,33692,37,0,22,1,30,,33682,37,0,22,1,70,,33690,37,0,22,1,30,,33672,37,0,22,1,70,,33686,37,0,22,1,30,,33674,37,0,22,1,70,,33677,37,0,22,1,30,,33678,37,0,22,1
30500,'13',605,,33700,26,0,22,1,30,,33703,37,0,22,1,70,,33694,37,0,22,1,30,,33714,37,0,22,1,70,,33707,37,0,22,1,30,,33699,37,0,22,1,70,,33708,37,0,22,1,30,,33709,37,0,22,1,70,,33711,37,0,22,1,30,,33712,37,0,22,1,70,,33704,37,0,22,1,30,,28111,37,0,22,1,70,,33695,37,0,22,1,30,,33705,37,0,22,1,70,,33697,37,0,22,1,30,,33693,37,0,22,1,70,,33715,37,0,22,1,30,,33706,37,0,22,1,70,,33713,37,0,22,1,30,,33696,37,0,22,1,70,,33710,37,0,22,1,30,,33698,37,0,22,1,70,,33701,37,0,22,1,30,,33702,37,0,22,1
30500,'3',605,,33723,26,0,22,1,30,,33726,37,0,22,1,70,,33717,37,0,22,1,30,,33737,37,0,22,1,70,,33730,37,0,22,1,30,,33722,37,0,22,1,70,,33731,37,0,22,1,30,,33732,37,0,22,1,70,,33734,37,0,22,1,30,,33735,37,0,22,1,70,,33727,37,0,22,1,30,,28133,37,0,22,1,70,,33718,37,0,22,1,30,,33728,37,0,22,1,70,,33720,37,0,22,1,30,,33716,37,0,22,1,70,,33738,37,0,22,1,30,,33729,37,0,22,1,70,,33736,37,0,22,1,30,,33719,37,0,22,1,70,,33733,37,0,22,1,30,,33721,37,0,22,1,70,,33724,37,0,22,1,30,,33725,37,0,22,1
30500,'6',605,,33746,26,0,22,1,30,,33749,37,0,22,1,70,,33740,37,0,22,1,30,,33761,37,0,22,1,70,,33753,37,0,22,1,30,,33745,37,0,22,1,70,,33754,37,0,22,1,30,,33755,37,0,22,1,70,,33757,37,0,22,1,30,,33758,37,0,22,1,70,,33750,37,0,22,1,30,,33759,37,0,22,1,70,,33741,37,0,22,1,30,,33751,37,0,22,1,70,,33743,37,0,22,1,30,,33739,37,0,22,1,70,,33762,37,0,22,1,30,,33752,37,0,22,1,70,,33760,37,0,22,1,30,,33742,37,0,22,1,70,,33756,37,0,22,1,30,,33744,37,0,22,1,70,,33747,37,0,22,1,30,,33748,37,0,22,1
40200,'1',623,,38289,17,0,13 14,1,30,,38293,17,0,13 14,1,70,,38305,17,0,13 14,1,30,,38286,17,0,13 14,1,70,,38303,17,0,13 14,1,30,,38284,17,0,13 14,1,70,,38287,17,0,13 14,1,30,,38283,17,0,13 14,1,70,,29418,17,0,13 14,1,30,,38294,17,0,13 14,1,70,,38290,17,0,13 14,1,30,,38306,17,0,13 14,1,70,,38307,17,0,13 14,1,30,,38288,17,0,13 14,1,70,,38301,17,0,13 14,1,30,,38298,17,0,13 14,1,70,,38297,17,0,13 14,1,30,,38300,17,0,13 14,1,70,,38295,17,0,13 14,1,30,,29676,17,0,13 14,1,70,,38292,17,0,13 14,1,30,,38291,17,0,13 14,1,70,,38282,17,0,13 14,1,30,,38296,17,0,13 14,1,100,,31675,17,0,13 14,1,98,,38285,17,0,13 14,1,100,,38299,17,0,13 14,1,100,,38304,17,0,13 14,1,100,,38302,17,0,13 14,1
40200,'11',623,,38316,17,0,13 14,1,30,,38321,17,0,13 14,1,70,,38333,17,0,13 14,1,30,,38312,17,0,13 14,1,70,,38331,17,0,13 14,1,30,,38310,17,0,13 14,1,70,,38313,17,0,13 14,1,30,,38309,17,0,13 14,1,70,,38320,17,0,13 14,1,30,,38322,17,0,13 14,1,70,,38317,17,0,13 14,1,30,,38334,17,0,13 14,1,70,,38335,17,0,13 14,1,30,,38314,17,0,13 14,1,70,,38329,17,0,13 14,1,30,,38326,17,0,13 14,1,70,,38325,17,0,13 14,1,30,,38328,17,0,13 14,1,70,,38323,17,0,13 14,1,30,,38336,17,0,13 14,1,70,,38319,17,0,13 14,1,30,,38318,17,0,13 14,1,70,,38308,17,0,13 14,1,30,,38324,17,0,13 14,1,100,,38315,17,0,13 14,1,98,,38311,17,0,13 14,1,100,,38327,17,0,13 14,1,100,,38332,17,0,13 14,1,100,,38330,17,0,13 14,1
40200,'12',1753,,38340,17,0,13 14,1,100,,38338,17,0,13 14,1,98,,38342,17,0,13 14,1,100,,38339,17,0,13 14,1,100,,38341,17,0,13 14,1,100,,38337,17,0,13 14,1
40200,'13',1753,,38346,17,0,13 14,1,100,,38344,17,0,13 14,1,98,,38348,17,0,13 14,1,100,,38345,17,0,13 14,1,100,,38347,17,0,13 14,1,100,,38343,17,0,13 14,1
40200,'14',1053,,38356,17,0,13 14,1,100,,38349,17,0,13 14,1,100,,38350,17,0,13 14,1,100,,38355,17,0,13 14,1,100,,38351,17,0,13 14,1,100,,38354,17,0,13 14,1,100,,38352,17,0,13 14,1,100,,38353,17,0,13 14,1
40200,'16',623,,38364,17,0,13 14,1,30,,38368,17,0,13 14,1,70,,38380,17,0,13 14,1,30,,38361,17,0,13 14,1,70,,38378,17,0,13 14,1,30,,38359,17,0,13 14,1,70,,38362,17,0,13 14,1,30,,38358,17,0,13 14,1,70,,29537,17,0,13 14,1,30,,38369,17,0,13 14,1,70,,38365,17,0,13 14,1,30,,38381,17,0,13 14,1,70,,38382,17,0,13 14,1,30,,38363,17,0,13 14,1,70,,38376,17,0,13 14,1,30,,38373,17,0,13 14,1,70,,38372,17,0,13 14,1,30,,38375,17,0,13 14,1,70,,38370,17,0,13 14,1,30,,29795,17,0,13 14,1,70,,38367,17,0,13 14,1,30,,38366,17,0,13 14,1,70,,38357,17,0,13 14,1,30,,38371,17,0,13 14,1,100,,31732,17,0,13 14,1,98,,38360,17,0,13 14,1,100,,38374,17,0,13 14,1,100,,38379,17,0,13 14,1,100,,38377,17,0,13 14,1
40200,'3',1753,,38386,17,0,13 14,1,100,,38384,17,0,13 14,1,98,,38388,17,0,13 14,1,100,,38385,17,0,13 14,1,100,,38387,17,0,13 14,1,100,,38383,17,0,13 14,1
40200,'6',1753,,38392,17,0,13 14,1,100,,38390,17,0,13 14,1,98,,38394,17,0,13 14,1,100,,38391,17,0,13 14,1,100,,38393,17,0,13 14,1,100,,38389,17,0,13 14,1
40200,'8',853,,38397,17,0,13 14,1,100,,38401,17,0,13 14,1,70,,38413,17,0,13 14,1,30,,38395,17,0,13 14,1,70,,38414,17,0,13 14,1,30,,38407,17,0,13 14,1,70,,38411,17,0,13 14,1,30,,38396,17,0,13 14,1,70,,38400,17,0,13 14,1,30,,38408,17,0,13 14,1,70,,38398,17,0,13 14,1,30,,38403,17,0,13 14,1,70,,38405,17,0,13 14,1,30,,38412,17,0,13 14,1,70,,38404,17,0,13 14,1,30,,38410,17,0,13 14,1,70,,38406,17,0,13 14,1,30,,38409,17,0,13 14,1,100,,38402,17,0,13 14,1,98,,38399,17,0,13 14,1
