32100,'15',645,,14121,9,0,53,1,90,,14115,9,0,53,1,100,,14123,9,0,53,1,100,,14125,9,0,53,1,100,,14120,9,0,53,1,100,,14119,9,0,53,1,100,,14116,9,0,53,1,100,,14124,9,0,53,1,100,,14122,9,0,53,1,100,,14114,9,0,53,1,100,,14118,9,0,53,1,100,,14117,9,0,53,1
32100,'16',645,,14130,9,0,53,1,90,,14126,9,0,53,1,100,,1005,9,0,53,1,100,,14133,9,0,53,1,100,,5261,9,0,53,1,100,,14129,9,0,53,1,100,,14127,9,0,53,1,100,,14132,9,0,53,1,100,,14128,9,0,53,1,100,,14131,9,0,53,1,100,,14135,9,0,53,1,100,,14134,9,0,53,1
32100,'17',645,,14140,9,0,53,1,90,,14136,9,0,53,1,100,,1029,9,0,53,1,100,,14143,9,0,53,1,100,,5311,9,0,53,1,100,,14139,9,0,53,1,100,,14137,9,0,53,1,100,,14142,9,0,53,1,100,,14138,9,0,53,1,100,,14141,9,0,53,1,100,,14145,9,0,53,1,100,,14144,9,0,53,1
32100,'19',645,,14152,9,0,53,1,90,,14146,9,0,53,1,100,,14153,9,0,53,1,100,,14156,9,0,53,1,100,,14151,9,0,53,1,100,,14150,9,0,53,1,100,,14147,9,0,53,1,100,,14155,9,0,53,1,100,,14149,9,0,53,1,100,,14148,9,0,53,1,100,,14157,9,0,53,1,100,,14154,9,0,53,1
32100,'5',645,,14163,9,0,53,1,90,,14158,9,0,53,1,100,,1053,9,0,53,1,100,,14165,9,0,53,1,100,,5441,9,0,53,1,100,,14162,9,0,53,1,100,,14159,9,0,53,1,100,,14164,9,0,53,1,100,,14161,9,0,53,1,100,,14160,9,0,53,1,100,,14166,9,0,53,1,100,,8794,9,0,53,1
32100,'6',645,,14174,9,0,53,1,90,,14168,9,0,53,1,100,,14176,9,0,53,1,100,,14178,9,0,53,1,100,,14173,9,0,53,1,100,,14172,9,0,53,1,100,,14169,9,0,53,1,100,,14177,9,0,53,1,100,,14175,9,0,53,1,100,,14167,9,0,53,1,100,,14171,9,0,53,1,100,,14170,9,0,53,1
42100,'1',1035,,1932,9,0,53,1,100,,20074,9,0,53,1,100,,20072,9,0,53,1,100,,20070,9,0,53,1,100,,20073,9,0,53,1,100,,20071,9,0,53,1,100,,20069,9,0,53,1
42100,'10',645,,20091,9,0,53,1,90,,20087,9,0,53,1,100,,20076,9,0,53,1,100,,20088,9,0,53,1,100,,20082,9,0,53,1,100,,20078,9,0,53,1,100,,20081,9,0,53,1,100,,20090,9,0,53,1,100,,20086,9,0,53,1,100,,20077,9,0,53,1,100,,20084,9,0,53,1,100,,20080,9,0,53,1,100,,20085,9,0,53,1,100,,20075,9,0,53,1,100,,20079,9,0,53,1,100,,20083,9,0,53,1,100,,20089,9,0,53,1
42100,'12',835,,20094,9,0,53,1,100,,20095,9,0,53,1,100,,20097,9,0,53,1,100,,20100,9,0,53,1,100,,20093,9,0,53,1,100,,20099,9,0,53,1,100,,20101,9,0,53,1,100,,20098,9,0,53,1,100,,20102,9,0,53,1,100,,20092,9,0,53,1,100,,20096,9,0,53,1,100,,20103,9,0,53,1
42100,'15',1835,,20105,9,0,53,1,100,,20107,9,0,53,1,100,,20104,9,0,53,1,100,,20106,9,0,53,1,100,,20108,9,0,53,1
42100,'16',1835,,20110,9,0,53,1,100,,20112,9,0,53,1,100,,20109,9,0,53,1,100,,20111,9,0,53,1,100,,20113,9,0,53,1
42100,'17',1835,,20115,9,0,53,1,100,,20117,9,0,53,1,100,,20114,9,0,53,1,100,,20116,9,0,53,1,100,,20118,9,0,53,1
42100,'19',1835,,20120,9,0,53,1,100,,20122,9,0,53,1,100,,20119,9,0,53,1,100,,20121,9,0,53,1,100,,20123,9,0,53,1
42100,'21',645,,20138,9,0,53,1,90,,20134,9,0,53,1,100,,20125,9,0,53,1,100,,20135,9,0,53,1,100,,20130,9,0,53,1,100,,20127,9,0,53,1,100,,20129,9,0,53,1,100,,20137,9,0,53,1,100,,20133,9,0,53,1,100,,20126,9,0,53,1,100,,20131,9,0,53,1,100,,6805,9,0,53,1,100,,20132,9,0,53,1,100,,20124,9,0,53,1,100,,20128,9,0,53,1,100,,8225,9,0,53,1,100,,20136,9,0,53,1
42100,'5',1835,,20140,9,0,53,1,100,,20142,9,0,53,1,100,,20139,9,0,53,1,100,,20141,9,0,53,1,100,,20143,9,0,53,1
42100,'6',1835,,20145,9,0,53,1,100,,20147,9,0,53,1,100,,20144,9,0,53,1,100,,20146,9,0,53,1,100,,20148,9,0,53,1
