32101,'1',714,,3963,10,0,56,1,100,,3966,10,0,56,1,100,,3957,10,0,56,1,100,,3955,10,0,56,1,100,,3958,10,0,56,1,100,,3960,10,0,56,1,100,,3956,10,0,56,1,101,,3964,10,0,56,1,100,,3965,10,0,56,1,100,,3962,10,0,56,1,100,,3959,10,0,56,1,100,,3961,10,0,56,1
32101,'10',714,,3975,10,0,56,1,100,,3978,10,0,56,1,100,,3969,10,0,56,1,100,,3967,10,0,56,1,100,,3970,10,0,56,1,100,,3972,10,0,56,1,100,,3968,10,0,56,1,101,,3976,10,0,56,1,100,,3977,10,0,56,1,100,,3974,10,0,56,1,100,,3971,10,0,56,1,100,,3973,10,0,56,1
32101,'11',714,,3985,10,0,56,1,100,,3988,10,0,56,1,100,,3981,10,0,56,1,100,,3979,10,0,56,1,100,,3982,10,0,56,1,100,,3984,10,0,56,1,100,,3980,10,0,56,1,101,,3986,10,0,56,1,100,,3983,10,0,56,1,100,,3987,10,0,56,1,100,,3989,10,0,56,1,100,,3990,10,0,56,1
32101,'3',714,,3997,10,0,56,1,100,,4000,10,0,56,1,100,,3993,10,0,56,1,100,,3991,10,0,56,1,100,,3994,10,0,56,1,100,,3996,10,0,56,1,100,,3992,10,0,56,1,101,,3998,10,0,56,1,100,,3995,10,0,56,1,100,,3999,10,0,56,1,100,,4001,10,0,56,1,100,,4002,10,0,56,1
42101,'1',1915,,8200,10,0,56,1,100,,8198,10,0,56,1,100,,8197,10,0,56,1,100,,8196,10,0,56,1,100,,8199,10,0,56,1
42101,'10',1915,,8205,10,0,56,1,100,,8203,10,0,56,1,100,,8202,10,0,56,1,100,,8201,10,0,56,1,100,,8204,10,0,56,1
42101,'11',1915,,8210,10,0,56,1,100,,8208,10,0,56,1,100,,8207,10,0,56,1,100,,8206,10,0,56,1,100,,8209,10,0,56,1
42101,'12',1114,,8211,10,0,56,1,100,,8216,10,0,56,1,100,,8213,10,0,56,1,101,,8217,10,0,56,1,100,,8212,10,0,56,1,100,,8214,10,0,56,1,100,,8215,10,0,56,1
42101,'14',714,,8234,10,0,56,1,100,,8228,10,0,56,1,100,,8231,10,0,56,1,100,,8222,10,0,56,1,100,,8227,10,0,56,1,100,,8224,10,0,56,1,100,,8219,10,0,56,1,101,,8226,10,0,56,1,100,,8218,10,0,56,1,100,,8230,10,0,56,1,100,,8232,10,0,56,1,100,,8233,10,0,56,1,100,,8225,10,0,56,1,100,,8220,10,0,56,1,100,,8229,10,0,56,1,100,,8221,10,0,56,1,100,,8223,10,0,56,1
42101,'3',1915,,8239,10,0,56,1,100,,8237,10,0,56,1,100,,8236,10,0,56,1,100,,8235,10,0,56,1,100,,8238,10,0,56,1
42101,'7',914,,8243,10,0,56,1,100,,8240,10,0,56,1,100,,8246,10,0,56,1,100,,8251,10,0,56,1,100,,8241,10,0,56,1,101,,8250,10,0,56,1,100,,8245,10,0,56,1,100,,8248,10,0,56,1,100,,8247,10,0,56,1,100,,8242,10,0,56,1,100,,8249,10,0,56,1,100,,8244,10,0,56,1
