30400,'12',707,,33509,16,0,39 40 41,1,30,,33512,16,0,39 40 41,1,70,,33503,16,0,39 40 41,1,30,,33505,16,0,39 40 41,1,70,,33493,16,0,39 40 41,1,30,,33506,16,0,39 40 41,1,72,,33495,16,0,39 40 41,1,30,,33508,16,0,39 40 41,1,70,,33507,16,0,39 40 41,1,30,,33492,16,0,39 40 41,1,70,,33497,16,0,39 40 41,1,30,,33499,16,0,39 40 41,1,70,,33504,16,0,39 40 41,1,30,,33511,16,0,39 40 41,1,70,,33498,16,0,39 40 41,1,30,,33500,16,0,39 40 41,1,70,,33491,16,0,39 40 41,1,30,,33496,16,0,39 40 41,1,70,,33494,16,0,39 40 41,1,30,,33513,16,0,39 40 41,1,70,,33502,16,0,39 40 41,1,30,,33501,16,0,39 40 41,1,70,,33510,16,0,39 40 41,1
30400,'13',707,,33529,16,0,39 40 41,1,30,,33532,16,0,39 40 41,1,70,,33524,16,0,39 40 41,1,30,,33525,16,0,39 40 41,1,70,,29321,16,0,39 40 41,1,30,,33526,16,0,39 40 41,1,72,,33516,16,0,39 40 41,1,30,,33528,16,0,39 40 41,1,70,,33527,16,0,39 40 41,1,30,,28018,16,0,39 40 41,1,70,,33518,16,0,39 40 41,1,30,,33520,16,0,39 40 41,1,70,,27980,16,0,39 40 41,1,30,,33531,16,0,39 40 41,1,70,,33519,16,0,39 40 41,1,30,,33521,16,0,39 40 41,1,70,,33514,16,0,39 40 41,1,30,,33517,16,0,39 40 41,1,70,,33515,16,0,39 40 41,1,30,,33533,16,0,39 40 41,1,70,,33523,16,0,39 40 41,1,30,,33522,16,0,39 40 41,1,70,,33530,16,0,39 40 41,1
30400,'3',707,,33549,16,0,39 40 41,1,30,,33552,16,0,39 40 41,1,70,,33544,16,0,39 40 41,1,30,,33545,16,0,39 40 41,1,70,,29342,16,0,39 40 41,1,30,,33546,16,0,39 40 41,1,72,,33536,16,0,39 40 41,1,30,,33548,16,0,39 40 41,1,70,,33547,16,0,39 40 41,1,30,,28041,16,0,39 40 41,1,70,,33538,16,0,39 40 41,1,30,,33540,16,0,39 40 41,1,70,,28003,16,0,39 40 41,1,30,,33551,16,0,39 40 41,1,70,,33539,16,0,39 40 41,1,30,,33541,16,0,39 40 41,1,70,,33534,16,0,39 40 41,1,30,,33537,16,0,39 40 41,1,70,,33535,16,0,39 40 41,1,30,,33553,16,0,39 40 41,1,70,,33543,16,0,39 40 41,1,30,,33542,16,0,39 40 41,1,70,,33550,16,0,39 40 41,1
30400,'6',707,,33572,16,0,39 40 41,1,30,,33575,16,0,39 40 41,1,70,,33566,16,0,39 40 41,1,30,,33568,16,0,39 40 41,1,70,,33556,16,0,39 40 41,1,30,,33569,16,0,39 40 41,1,72,,33558,16,0,39 40 41,1,30,,33571,16,0,39 40 41,1,70,,33570,16,0,39 40 41,1,30,,33555,16,0,39 40 41,1,70,,33560,16,0,39 40 41,1,30,,33562,16,0,39 40 41,1,70,,33567,16,0,39 40 41,1,30,,33574,16,0,39 40 41,1,70,,33561,16,0,39 40 41,1,30,,33563,16,0,39 40 41,1,70,,33554,16,0,39 40 41,1,30,,33559,16,0,39 40 41,1,70,,33557,16,0,39 40 41,1,30,,33576,16,0,39 40 41,1,70,,33565,16,0,39 40 41,1,30,,33564,16,0,39 40 41,1,70,,33573,16,0,39 40 41,1
40400,'1',622,,38560,16,0,39 40 42 18,1,30,,38561,16,0,39 40 42 18,1,70,,38549,16,0,39 40 42 18,1,30,,38570,16,0,39 40 42 18,1,70,,38572,16,0,39 40 42 18,1,30,,38564,16,0,39 40 42 18,1,70,,38558,16,0,39 40 42 18,1,30,,38553,16,0,39 40 42 18,1,71,,38562,16,0,39 40 42 18,1,30,,31463,16,0,39 40 42 18,1,70,,38557,16,0,39 40 42 18,1,30,,38573,16,0,39 40 42 18,1,70,,38567,16,0,39 40 42 18,1,30,,38552,16,0,39 40 42 18,1,70,,38574,16,0,39 40 42 18,1,30,,38551,16,0,39 40 42 18,1,69,,29896,16,0,39 40 42 18,1,30,,38550,16,0,39 40 42 18,1,70,,38568,16,0,39 40 42 18,1,30,,38563,16,0,39 40 42 18,1,70,,38571,16,0,39 40 42 18,1,30,,31341,16,0,39 40 42 18,1,70,,38565,16,0,39 40 42 18,1,30,,38559,16,0,39 40 42 18,1,70,,38566,16,0,39 40 42 18,1,100,,38569,16,0,39 40 42 18,1,100,,38556,16,0,39 40 42 18,1,100,,38554,16,0,39 40 42 18,1,100,,38555,16,0,39 40 42 18,1,100,,31995,16,0,39 40 42 18,1
40400,'11',622,,38589,16,0,39 40 42 18,1,30,,38590,16,0,39 40 42 18,1,70,,38575,16,0,39 40 42 18,1,30,,38600,16,0,39 40 42 18,1,70,,38602,16,0,39 40 42 18,1,30,,38593,16,0,39 40 42 18,1,70,,38584,16,0,39 40 42 18,1,30,,38579,16,0,39 40 42 18,1,71,,38591,16,0,39 40 42 18,1,30,,38588,16,0,39 40 42 18,1,70,,38583,16,0,39 40 42 18,1,30,,38603,16,0,39 40 42 18,1,70,,38596,16,0,39 40 42 18,1,30,,38578,16,0,39 40 42 18,1,70,,38604,16,0,39 40 42 18,1,30,,38577,16,0,39 40 42 18,1,69,,38597,16,0,39 40 42 18,1,30,,38576,16,0,39 40 42 18,1,70,,38598,16,0,39 40 42 18,1,30,,38592,16,0,39 40 42 18,1,70,,38601,16,0,39 40 42 18,1,30,,38586,16,0,39 40 42 18,1,70,,38594,16,0,39 40 42 18,1,30,,38587,16,0,39 40 42 18,1,70,,38595,16,0,39 40 42 18,1,100,,38599,16,0,39 40 42 18,1,100,,38582,16,0,39 40 42 18,1,100,,38580,16,0,39 40 42 18,1,100,,38581,16,0,39 40 42 18,1,100,,38585,16,0,39 40 42 18,1
40400,'12',1822,,38608,16,0,39 40 42 18,1,100,,38606,16,0,39 40 42 18,1,100,,38609,16,0,39 40 42 18,1,100,,38605,16,0,39 40 42 18,1,100,,38610,16,0,39 40 42 18,1,100,,38607,16,0,39 40 42 18,1
40400,'13',1822,,38614,16,0,39 40 42 18,1,100,,38612,16,0,39 40 42 18,1,100,,38615,16,0,39 40 42 18,1,100,,38611,16,0,39 40 42 18,1,100,,38616,16,0,39 40 42 18,1,100,,38613,16,0,39 40 42 18,1
40400,'14',1123,,38619,16,0,39 40 42 18,1,100,,38617,16,0,39 40 42 18,1,100,,38620,16,0,39 40 42 18,1,99,,38618,16,0,39 40 42 18,1,100,,38623,16,0,39 40 42 18,1,100,,38621,16,0,39 40 42 18,1,100,,38622,16,0,39 40 42 18,1
40400,'16',622,,38635,16,0,39 40 42 18,1,30,,38636,16,0,39 40 42 18,1,70,,38624,16,0,39 40 42 18,1,30,,38645,16,0,39 40 42 18,1,70,,38647,16,0,39 40 42 18,1,30,,38639,16,0,39 40 42 18,1,70,,38633,16,0,39 40 42 18,1,30,,38628,16,0,39 40 42 18,1,71,,38637,16,0,39 40 42 18,1,30,,31480,16,0,39 40 42 18,1,70,,38632,16,0,39 40 42 18,1,30,,38648,16,0,39 40 42 18,1,70,,38642,16,0,39 40 42 18,1,30,,38627,16,0,39 40 42 18,1,70,,38649,16,0,39 40 42 18,1,30,,38626,16,0,39 40 42 18,1,69,,29976,16,0,39 40 42 18,1,30,,38625,16,0,39 40 42 18,1,70,,38643,16,0,39 40 42 18,1,30,,38638,16,0,39 40 42 18,1,70,,38646,16,0,39 40 42 18,1,30,,31382,16,0,39 40 42 18,1,70,,38640,16,0,39 40 42 18,1,30,,38634,16,0,39 40 42 18,1,70,,38641,16,0,39 40 42 18,1,100,,38644,16,0,39 40 42 18,1,100,,38631,16,0,39 40 42 18,1,100,,38629,16,0,39 40 42 18,1,100,,38630,16,0,39 40 42 18,1,100,,32032,16,0,39 40 42 18,1
40400,'3',1822,,38653,16,0,39 40 42 18,1,100,,38651,16,0,39 40 42 18,1,100,,38654,16,0,39 40 42 18,1,100,,38650,16,0,39 40 42 18,1,100,,38655,16,0,39 40 42 18,1,100,,38652,16,0,39 40 42 18,1
40400,'6',1822,,38659,16,0,39 40 42 18,1,100,,38657,16,0,39 40 42 18,1,100,,38660,16,0,39 40 42 18,1,100,,38656,16,0,39 40 42 18,1,100,,38661,16,0,39 40 42 18,1,100,,38658,16,0,39 40 42 18,1
40400,'8',922,,38680,16,0,39 40 42 18,1,101,,38669,16,0,39 40 42 18,1,30,,38679,16,0,39 40 42 18,1,70,,38673,16,0,39 40 42 18,1,30,,38672,16,0,39 40 42 18,1,70,,38674,16,0,39 40 42 18,1,30,,38670,16,0,39 40 42 18,1,70,,38666,16,0,39 40 42 18,1,30,,38676,16,0,39 40 42 18,1,69,,38677,16,0,39 40 42 18,1,30,,38671,16,0,39 40 42 18,1,70,,38668,16,0,39 40 42 18,1,30,,38663,16,0,39 40 42 18,1,70,,38664,16,0,39 40 42 18,1,30,,38665,16,0,39 40 42 18,1,70,,38675,16,0,39 40 42 18,1,30,,38678,16,0,39 40 42 18,1,70,,38667,16,0,39 40 42 18,1,100,,38662,16,0,39 40 42 18,1
