30901,'1',618,,1830,4,0,25 14 26,1,30,,1834,4,0,25 14 26,1,71,,1829,4,0,25 14 26,1,30,,1825,4,0,25 14 26,1,70,,1839,4,0,25 14 26,1,30,,1836,4,0,25 14 26,1,70,,1845,4,0,25 14 26,1,30,,1826,4,0,25 14 26,1,70,,1827,4,0,25 14 26,1,30,,1833,4,0,25 14 26,1,70,,1838,4,0,25 14 26,1,30,,1821,4,0,25 14 26,1,70,,1842,4,0,25 14 26,1,30,,1828,4,0,25 14 26,1,70,,1844,4,0,25 14 26,1,30,,1823,4,0,25 14 26,1,70,,1832,4,0,25 14 26,1,38,,1831,4,0,25 14 26,1,70,,1840,4,0,25 14 26,1,30,,1841,4,0,25 14 26,1,70,,1824,4,0,25 14 26,1,30,,1822,4,0,25 14 26,1,70,,1837,4,0,25 14 26,1,30,,1835,4,0,25 14 26,1
30901,'10',618,,1855,4,0,25 14 26,1,30,,1859,4,0,25 14 26,1,71,,1854,4,0,25 14 26,1,30,,1850,4,0,25 14 26,1,70,,1864,4,0,25 14 26,1,30,,1861,4,0,25 14 26,1,70,,1870,4,0,25 14 26,1,30,,1851,4,0,25 14 26,1,70,,1852,4,0,25 14 26,1,30,,1858,4,0,25 14 26,1,70,,1863,4,0,25 14 26,1,30,,1846,4,0,25 14 26,1,70,,1867,4,0,25 14 26,1,30,,1853,4,0,25 14 26,1,70,,1869,4,0,25 14 26,1,30,,1848,4,0,25 14 26,1,70,,1857,4,0,25 14 26,1,38,,1856,4,0,25 14 26,1,70,,1865,4,0,25 14 26,1,30,,1866,4,0,25 14 26,1,70,,1849,4,0,25 14 26,1,30,,1847,4,0,25 14 26,1,70,,1862,4,0,25 14 26,1,30,,1860,4,0,25 14 26,1
30901,'11',618,,1879,4,0,25 14 26,1,30,,1885,4,0,25 14 26,1,71,,1878,4,0,25 14 26,1,30,,1874,4,0,25 14 26,1,70,,1889,4,0,25 14 26,1,30,,1887,4,0,25 14 26,1,70,,1895,4,0,25 14 26,1,30,,1875,4,0,25 14 26,1,70,,1876,4,0,25 14 26,1,30,,1883,4,0,25 14 26,1,70,,1888,4,0,25 14 26,1,30,,1871,4,0,25 14 26,1,70,,1892,4,0,25 14 26,1,30,,1877,4,0,25 14 26,1,70,,1894,4,0,25 14 26,1,30,,1873,4,0,25 14 26,1,70,,1882,4,0,25 14 26,1,38,,1881,4,0,25 14 26,1,70,,1891,4,0,25 14 26,1,30,,1890,4,0,25 14 26,1,70,,1884,4,0,25 14 26,1,30,,1872,4,0,25 14 26,1,70,,1880,4,0,25 14 26,1,30,,1886,4,0,25 14 26,1
30901,'3',618,,1904,4,0,25 14 26,1,30,,1910,4,0,25 14 26,1,71,,1903,4,0,25 14 26,1,30,,1899,4,0,25 14 26,1,70,,1914,4,0,25 14 26,1,30,,1912,4,0,25 14 26,1,70,,1920,4,0,25 14 26,1,30,,1900,4,0,25 14 26,1,70,,1901,4,0,25 14 26,1,30,,1908,4,0,25 14 26,1,70,,1913,4,0,25 14 26,1,30,,1896,4,0,25 14 26,1,70,,1917,4,0,25 14 26,1,30,,1902,4,0,25 14 26,1,70,,1919,4,0,25 14 26,1,30,,1898,4,0,25 14 26,1,70,,1907,4,0,25 14 26,1,38,,1906,4,0,25 14 26,1,70,,1916,4,0,25 14 26,1,30,,1915,4,0,25 14 26,1,70,,1909,4,0,25 14 26,1,30,,1897,4,0,25 14 26,1,70,,1905,4,0,25 14 26,1,30,,1911,4,0,25 14 26,1
40901,'1',1846,,6855,4,0,25 12,1,100,,6859,4,0,25 12,1,100,,6858,4,0,25 12,1,100,,6857,4,0,25 12,1,100,,6856,4,0,25 12,1
40901,'10',1846,,6860,4,0,25 12,1,100,,6864,4,0,25 12,1,100,,6863,4,0,25 12,1,100,,6862,4,0,25 12,1,100,,6861,4,0,25 12,1
40901,'11',1846,,6865,4,0,25 12,1,100,,6869,4,0,25 12,1,100,,6868,4,0,25 12,1,100,,6867,4,0,25 12,1,100,,6866,4,0,25 12,1
40901,'12',1046,,6872,4,0,25 12,1,100,,6873,4,0,25 12,1,100,,6876,4,0,25 12,1,100,,6875,4,0,25 12,1,100,,6870,4,0,25 12,1,100,,6874,4,0,25 12,1,100,,6877,4,0,25 12,1,100,,6871,4,0,25 12,1
40901,'14',646,,6895,4,0,25 12,1,70,,6884,4,0,25 12,1,30,,6883,4,0,25 12,1,70,,6903,4,0,25 12,1,30,,6889,4,0,25 12,1,70,,6900,4,0,25 12,1,30,,6888,4,0,25 12,1,70,,6887,4,0,25 12,1,30,,6879,4,0,25 12,1,70,,6882,4,0,25 12,1,30,,6902,4,0,25 12,1,70,,6881,4,0,25 12,1,30,,6890,4,0,25 12,1,70,,6899,4,0,25 12,1,30,,6896,4,0,25 12,1,70,,6880,4,0,25 12,1,30,,6886,4,0,25 12,1,70,,6891,4,0,25 12,1,30,,6885,4,0,25 12,1,70,,6894,4,0,25 12,1,30,,6904,4,0,25 12,1,70,,6892,4,0,25 12,1,30,,6897,4,0,25 12,1,70,,6905,4,0,25 12,1,30,,6898,4,0,25 12,1,100,,6906,4,0,25 12,1,100,,6893,4,0,25 12,1,100,,6901,4,0,25 12,1,100,,6878,4,0,25 12,1
40901,'3',1846,,6907,4,0,25 12,1,100,,6911,4,0,25 12,1,100,,6910,4,0,25 12,1,100,,6909,4,0,25 12,1,100,,6908,4,0,25 12,1
40901,'7',846,,6913,4,0,25 12,1,100,,6923,4,0,25 12,1,100,,6922,4,0,25 12,1,70,,6919,4,0,25 12,1,30,,6915,4,0,25 12,1,70,,6928,4,0,25 12,1,30,,6930,4,0,25 12,1,70,,6921,4,0,25 12,1,30,,6912,4,0,25 12,1,70,,6929,4,0,25 12,1,30,,6927,4,0,25 12,1,70,,6918,4,0,25 12,1,30,,6931,4,0,25 12,1,70,,6924,4,0,25 12,1,30,,6914,4,0,25 12,1,70,,6926,4,0,25 12,1,30,,6917,4,0,25 12,1,70,,6925,4,0,25 12,1,30,,6916,4,0,25 12,1,100,,6920,4,0,25 12,1
