30501,'15',631,,10291,33,0,27,1,70,,10279,33,0,27,1,30,,10287,33,0,27,1,70,,10290,33,0,27,1,30,,10273,33,0,27,1,70,,10286,33,0,27,1,30,,10268,33,0,27,1,70,,10274,33,0,27,1,30,,10276,33,0,27,1,70,,10278,33,0,27,1,30,,10282,33,0,27,1,70,,10280,33,0,27,1,30,,10270,33,0,27,1,70,,10284,33,0,27,1,30,,10283,33,0,27,1,70,,10271,33,0,27,1,30,,10275,33,0,27,1,70,,10288,33,0,27,1,30,,10292,33,0,27,1,70,,10289,33,0,27,1,30,,10277,33,0,27,1,70,,10272,33,0,27,1,30,,10281,33,0,27,1,70,,10285,33,0,27,1
30501,'16',631,,10309,33,0,27,1,70,,1671,33,0,27,1,30,,10305,33,0,27,1,70,,10308,33,0,27,1,30,,10296,33,0,27,1,70,,10304,33,0,27,1,30,,10293,33,0,27,1,70,,1185,33,0,27,1,30,,8145,33,0,27,1,70,,3972,33,0,27,1,30,,10301,33,0,27,1,70,,10299,33,0,27,1,30,,4910,33,0,27,1,70,,10303,33,0,27,1,30,,10302,33,0,27,1,70,,10294,33,0,27,1,30,,10297,33,0,27,1,70,,10306,33,0,27,1,30,,10310,33,0,27,1,70,,10307,33,0,27,1,30,,10298,33,0,27,1,70,,10295,33,0,27,1,30,,10300,33,0,27,1,70,,2457,33,0,27,1
30501,'17',631,,10326,33,0,27,1,70,,1694,33,0,27,1,30,,10322,33,0,27,1,70,,10325,33,0,27,1,30,,10314,33,0,27,1,70,,10321,33,0,27,1,30,,10311,33,0,27,1,70,,1209,33,0,27,1,30,,8150,33,0,27,1,70,,3984,33,0,27,1,30,,10318,33,0,27,1,70,,10316,33,0,27,1,30,,4933,33,0,27,1,70,,10320,33,0,27,1,30,,10319,33,0,27,1,70,,10312,33,0,27,1,30,,8655,33,0,27,1,70,,10323,33,0,27,1,30,,10327,33,0,27,1,70,,10324,33,0,27,1,30,,10315,33,0,27,1,70,,10313,33,0,27,1,30,,10317,33,0,27,1,70,,2480,33,0,27,1
30501,'19',631,,10350,33,0,27,1,70,,10339,33,0,27,1,30,,10346,33,0,27,1,70,,10349,33,0,27,1,30,,10333,33,0,27,1,70,,10345,33,0,27,1,30,,10328,33,0,27,1,70,,10334,33,0,27,1,30,,10336,33,0,27,1,70,,10338,33,0,27,1,30,,10341,33,0,27,1,70,,10340,33,0,27,1,30,,10330,33,0,27,1,70,,10343,33,0,27,1,30,,10342,33,0,27,1,70,,10331,33,0,27,1,30,,10335,33,0,27,1,70,,10347,33,0,27,1,30,,10351,33,0,27,1,70,,10348,33,0,27,1,30,,10337,33,0,27,1,70,,10332,33,0,27,1,30,,7336,33,0,27,1,70,,10344,33,0,27,1
30501,'5',631,,10368,33,0,27,1,70,,1717,33,0,27,1,30,,10364,33,0,27,1,70,,10367,33,0,27,1,30,,10355,33,0,27,1,70,,10363,33,0,27,1,30,,10352,33,0,27,1,70,,1233,33,0,27,1,30,,8179,33,0,27,1,70,,3996,33,0,27,1,30,,10360,33,0,27,1,70,,10358,33,0,27,1,30,,4987,33,0,27,1,70,,10362,33,0,27,1,30,,10361,33,0,27,1,70,,10353,33,0,27,1,30,,10356,33,0,27,1,70,,10365,33,0,27,1,30,,10369,33,0,27,1,70,,10366,33,0,27,1,30,,10357,33,0,27,1,70,,10354,33,0,27,1,30,,10359,33,0,27,1,70,,2503,33,0,27,1
30501,'6',631,,10393,33,0,27,1,70,,10381,33,0,27,1,30,,10389,33,0,27,1,70,,10392,33,0,27,1,30,,10375,33,0,27,1,70,,10388,33,0,27,1,30,,10370,33,0,27,1,70,,10376,33,0,27,1,30,,10378,33,0,27,1,70,,10380,33,0,27,1,30,,10384,33,0,27,1,70,,10382,33,0,27,1,30,,10372,33,0,27,1,70,,10386,33,0,27,1,30,,10385,33,0,27,1,70,,10373,33,0,27,1,30,,10377,33,0,27,1,70,,10390,33,0,27,1,30,,10394,33,0,27,1,70,,10391,33,0,27,1,30,,10379,33,0,27,1,70,,10374,33,0,27,1,30,,10383,33,0,27,1,70,,10387,33,0,27,1
41201,'1',1127,,5807,36,,,1,100,,18607,36,,,1,100,,18610,36,,,1,100,,18611,36,,,1,100,,2015,36,,,1,100,,18608,36,,,1,100,,18609,36,,,1
41201,'10',626,,18637,36,,,1,30,,18617,36,,,1,70,,18636,36,,,1,30,,18639,36,,,1,70,,18629,36,,,1,30,,18641,36,,,1,70,,18618,36,,,1,30,,18634,36,,,1,71,,18631,36,,,1,30,,18614,36,,,1,70,,18624,36,,,1,30,,18635,36,,,1,70,,18612,36,,,1,30,,18621,36,,,1,70,,18633,36,,,1,30,,18623,36,,,1,70,,18619,36,,,1,30,,18613,36,,,1,70,,18620,36,,,1,30,,18615,36,,,1,70,,18625,36,,,1,30,,18622,36,,,1,70,,18630,36,,,1,30,,18638,36,,,1,70,,18627,36,,,1,100,,18626,36,,,1,100,,18616,36,,,1,100,,18632,36,,,1,100,,18640,36,,,1,100,,18628,36,,,1
41201,'12',926,,18642,36,,,1,101,,18654,36,,,1,30,,18651,36,,,1,70,,18655,36,,,1,30,,18660,36,,,1,70,,18650,36,,,1,30,,18647,36,,,1,70,,18648,36,,,1,30,,18646,36,,,1,70,,18652,36,,,1,30,,18645,36,,,1,70,,18658,36,,,1,30,,18659,36,,,1,70,,18644,36,,,1,30,,18661,36,,,1,70,,18643,36,,,1,30,,18653,36,,,1,70,,18649,36,,,1,100,,18657,36,,,1,100,,18656,36,,,1
41201,'15',1827,,18665,36,,,1,100,,18662,36,,,1,100,,18663,36,,,1,100,,18666,36,,,1,100,,18667,36,,,1,100,,18664,36,,,1
41201,'16',1827,,18670,36,,,1,100,,18668,36,,,1,100,,2679,36,,,1,100,,18671,36,,,1,100,,18672,36,,,1,100,,18669,36,,,1
41201,'17',1827,,18675,36,,,1,100,,18673,36,,,1,100,,2704,36,,,1,100,,18676,36,,,1,100,,18677,36,,,1,100,,18674,36,,,1
41201,'19',1827,,18681,36,,,1,100,,18678,36,,,1,100,,18679,36,,,1,100,,18682,36,,,1,100,,18683,36,,,1,100,,18680,36,,,1
41201,'21',626,,18704,36,,,1,30,,18689,36,,,1,70,,18703,36,,,1,30,,18706,36,,,1,70,,6905,36,,,1,30,,18708,36,,,1,70,,18690,36,,,1,30,,7281,36,,,1,71,,18699,36,,,1,30,,18686,36,,,1,70,,18695,36,,,1,30,,18702,36,,,1,70,,18684,36,,,1,30,,18692,36,,,1,70,,18701,36,,,1,30,,18694,36,,,1,70,,7564,36,,,1,30,,18685,36,,,1,70,,18691,36,,,1,30,,18687,36,,,1,70,,6486,36,,,1,30,,18693,36,,,1,70,,6337,36,,,1,30,,18705,36,,,1,70,,18697,36,,,1,100,,18696,36,,,1,100,,18688,36,,,1,100,,18700,36,,,1,100,,18707,36,,,1,100,,18698,36,,,1
41201,'5',1827,,18711,36,,,1,100,,18709,36,,,1,100,,2728,36,,,1,100,,18712,36,,,1,100,,18713,36,,,1,100,,18710,36,,,1
41201,'6',1827,,18717,36,,,1,100,,18714,36,,,1,100,,18715,36,,,1,100,,18718,36,,,1,100,,18719,36,,,1,100,,18716,36,,,1
