31800,'15',609,,13592,20,0,45 46 18,1,30,,13581,20,0,45 46 18,1,70,,13582,20,0,45 46 18,1,30,,13574,20,0,45 46 18,1,70,,13585,20,0,45 46 18,1,30,,13587,20,0,45 46 18,1,70,,13593,20,0,45 46 18,1,30,,13583,20,0,45 46 18,1,70,,13575,20,0,45 46 18,1,30,,13573,20,0,45 46 18,1,70,,13594,20,0,45 46 18,1,30,,13586,20,0,45 46 18,1,70,,13577,20,0,45 46 18,1,30,,13578,20,0,45 46 18,1,70,,13571,20,0,45 46 18,1,30,,13590,20,0,45 46 18,1,70,,13595,20,0,45 46 18,1,30,,13579,20,0,45 46 18,1,70,,13576,20,0,45 46 18,1,30,,13588,20,0,45 46 18,1,70,,13584,20,0,45 46 18,1,30,,13580,20,0,45 46 18,1,70,,13589,20,0,45 46 18,1,30,,13591,20,0,45 46 18,1,70,,13572,20,0,45 46 18,1
31800,'16',609,,13615,20,0,45 46 18,1,30,,13606,20,0,45 46 18,1,70,,13607,20,0,45 46 18,1,30,,13599,20,0,45 46 18,1,70,,2916,20,0,45 46 18,1,30,,13611,20,0,45 46 18,1,70,,13616,20,0,45 46 18,1,30,,13609,20,0,45 46 18,1,70,,13600,20,0,45 46 18,1,30,,13598,20,0,45 46 18,1,70,,13617,20,0,45 46 18,1,30,,13610,20,0,45 46 18,1,70,,13602,20,0,45 46 18,1,30,,13603,20,0,45 46 18,1,70,,13597,20,0,45 46 18,1,30,,13613,20,0,45 46 18,1,70,,13618,20,0,45 46 18,1,30,,13604,20,0,45 46 18,1,70,,13601,20,0,45 46 18,1,30,,13612,20,0,45 46 18,1,70,,13608,20,0,45 46 18,1,30,,13605,20,0,45 46 18,1,70,,2925,20,0,45 46 18,1,30,,13614,20,0,45 46 18,1,70,,13596,20,0,45 46 18,1
31800,'17',609,,13636,20,0,45 46 18,1,30,,13628,20,0,45 46 18,1,70,,13629,20,0,45 46 18,1,30,,13622,20,0,45 46 18,1,70,,2983,20,0,45 46 18,1,30,,13632,20,0,45 46 18,1,70,,13637,20,0,45 46 18,1,30,,13630,20,0,45 46 18,1,70,,13623,20,0,45 46 18,1,30,,13621,20,0,45 46 18,1,70,,13638,20,0,45 46 18,1,30,,13631,20,0,45 46 18,1,70,,13624,20,0,45 46 18,1,30,,13625,20,0,45 46 18,1,70,,13620,20,0,45 46 18,1,30,,13634,20,0,45 46 18,1,70,,13639,20,0,45 46 18,1,30,,13626,20,0,45 46 18,1,70,,2961,20,0,45 46 18,1,30,,13633,20,0,45 46 18,1,70,,4668,20,0,45 46 18,1,30,,13627,20,0,45 46 18,1,70,,3000,20,0,45 46 18,1,30,,13635,20,0,45 46 18,1,70,,13619,20,0,45 46 18,1
31800,'19',609,,13660,20,0,45 46 18,1,30,,13650,20,0,45 46 18,1,70,,13651,20,0,45 46 18,1,30,,13642,20,0,45 46 18,1,70,,13653,20,0,45 46 18,1,30,,13655,20,0,45 46 18,1,70,,13661,20,0,45 46 18,1,30,,13652,20,0,45 46 18,1,70,,13644,20,0,45 46 18,1,30,,13641,20,0,45 46 18,1,70,,13662,20,0,45 46 18,1,30,,13654,20,0,45 46 18,1,70,,13646,20,0,45 46 18,1,30,,13647,20,0,45 46 18,1,70,,13640,20,0,45 46 18,1,30,,13658,20,0,45 46 18,1,70,,13664,20,0,45 46 18,1,30,,13648,20,0,45 46 18,1,70,,13645,20,0,45 46 18,1,30,,13656,20,0,45 46 18,1,70,,13663,20,0,45 46 18,1,30,,13649,20,0,45 46 18,1,70,,13657,20,0,45 46 18,1,30,,13659,20,0,45 46 18,1,70,,13643,20,0,45 46 18,1
31800,'5',609,,13682,20,0,45 46 18,1,30,,13674,20,0,45 46 18,1,70,,13675,20,0,45 46 18,1,30,,13667,20,0,45 46 18,1,70,,3054,20,0,45 46 18,1,30,,13678,20,0,45 46 18,1,70,,13683,20,0,45 46 18,1,30,,13676,20,0,45 46 18,1,70,,13669,20,0,45 46 18,1,30,,13666,20,0,45 46 18,1,70,,13684,20,0,45 46 18,1,30,,13677,20,0,45 46 18,1,70,,13671,20,0,45 46 18,1,30,,13672,20,0,45 46 18,1,70,,13665,20,0,45 46 18,1,30,,13680,20,0,45 46 18,1,70,,13686,20,0,45 46 18,1,30,,7601,20,0,45 46 18,1,70,,13670,20,0,45 46 18,1,30,,13679,20,0,45 46 18,1,70,,13685,20,0,45 46 18,1,30,,13673,20,0,45 46 18,1,70,,3071,20,0,45 46 18,1,30,,13681,20,0,45 46 18,1,70,,13668,20,0,45 46 18,1
31800,'6',609,,13708,20,0,45 46 18,1,30,,13697,20,0,45 46 18,1,70,,13698,20,0,45 46 18,1,30,,13690,20,0,45 46 18,1,70,,13701,20,0,45 46 18,1,30,,13703,20,0,45 46 18,1,70,,13709,20,0,45 46 18,1,30,,13699,20,0,45 46 18,1,70,,13691,20,0,45 46 18,1,30,,13689,20,0,45 46 18,1,70,,13710,20,0,45 46 18,1,30,,13702,20,0,45 46 18,1,70,,13693,20,0,45 46 18,1,30,,13694,20,0,45 46 18,1,70,,13687,20,0,45 46 18,1,30,,13706,20,0,45 46 18,1,70,,13711,20,0,45 46 18,1,30,,13695,20,0,45 46 18,1,70,,13692,20,0,45 46 18,1,30,,13704,20,0,45 46 18,1,70,,13700,20,0,45 46 18,1,30,,13696,20,0,45 46 18,1,70,,13705,20,0,45 46 18,1,30,,13707,20,0,45 46 18,1,70,,13688,20,0,45 46 18,1
41800,'1',1055,,19598,22,0,45 46 18,1,100,,4702,22,0,45 46 18,1,100,,19601,22,0,45 46 18,1,100,,19599,22,0,45 46 18,1,100,,19596,22,0,45 46 18,1,100,,19600,22,0,45 46 18,1,100,,19595,22,0,45 46 18,1,100,,19597,22,0,45 46 18,1
41800,'10',624,,19625,22,0,45 46 18,1,30,,19629,22,0,45 46 18,1,70,,19624,22,0,45 46 18,1,30,,19612,22,0,45 46 18,1,70,,19608,22,0,45 46 18,1,30,,19606,22,0,45 46 18,1,70,,19626,22,0,45 46 18,1,30,,19617,22,0,45 46 18,1,71,,19607,22,0,45 46 18,1,30,,19621,22,0,45 46 18,1,70,,19605,22,0,45 46 18,1,30,,19609,22,0,45 46 18,1,70,,19604,22,0,45 46 18,1,30,,19628,22,0,45 46 18,1,70,,19616,22,0,45 46 18,1,30,,19603,22,0,45 46 18,1,70,,19619,22,0,45 46 18,1,30,,19610,22,0,45 46 18,1,70,,19623,22,0,45 46 18,1,30,,19618,22,0,45 46 18,1,70,,19620,22,0,45 46 18,1,30,,19627,22,0,45 46 18,1,70,,19631,22,0,45 46 18,1,30,,19613,22,0,45 46 18,1,100,,19611,22,0,45 46 18,1,100,,19615,22,0,45 46 18,1,100,,19602,22,0,45 46 18,1,100,,19614,22,0,45 46 18,1,100,,19630,22,0,45 46 18,1,100,,19622,22,0,45 46 18,1
41800,'12',854,,8246,22,0,45 46 18,1,100,,19633,22,0,45 46 18,1,71,,19638,22,0,45 46 18,1,30,,19641,22,0,45 46 18,1,70,,19634,22,0,45 46 18,1,30,,19645,22,0,45 46 18,1,70,,19648,22,0,45 46 18,1,30,,6201,22,0,45 46 18,1,70,,19632,22,0,45 46 18,1,30,,19637,22,0,45 46 18,1,70,,19635,22,0,45 46 18,1,30,,19647,22,0,45 46 18,1,70,,19636,22,0,45 46 18,1,30,,19640,22,0,45 46 18,1,70,,19639,22,0,45 46 18,1,30,,19646,22,0,45 46 18,1,70,,19643,22,0,45 46 18,1,30,,19644,22,0,45 46 18,1,100,,19642,22,0,45 46 18,1,100,,19649,22,0,45 46 18,1
41800,'15',1855,,19652,22,0,45 46 18,1,100,,19654,22,0,45 46 18,1,100,,19651,22,0,45 46 18,1,100,,19653,22,0,45 46 18,1,100,,19650,22,0,45 46 18,1,100,,19655,22,0,45 46 18,1
41800,'16',1855,,19657,22,0,45 46 18,1,100,,19659,22,0,45 46 18,1,100,,3143,22,0,45 46 18,1,100,,19658,22,0,45 46 18,1,100,,19656,22,0,45 46 18,1,100,,19660,22,0,45 46 18,1
41800,'17',1855,,19662,22,0,45 46 18,1,100,,19664,22,0,45 46 18,1,100,,3194,22,0,45 46 18,1,100,,19663,22,0,45 46 18,1,100,,19661,22,0,45 46 18,1,100,,19665,22,0,45 46 18,1
41800,'19',1855,,19668,22,0,45 46 18,1,100,,19670,22,0,45 46 18,1,100,,19667,22,0,45 46 18,1,100,,19669,22,0,45 46 18,1,100,,19666,22,0,45 46 18,1,100,,19671,22,0,45 46 18,1
41800,'21',624,,19692,22,0,45 46 18,1,30,,19696,22,0,45 46 18,1,70,,19691,22,0,45 46 18,1,30,,19680,22,0,45 46 18,1,70,,4127,22,0,45 46 18,1,30,,19675,22,0,45 46 18,1,70,,19693,22,0,45 46 18,1,30,,19685,22,0,45 46 18,1,71,,19676,22,0,45 46 18,1,30,,19688,22,0,45 46 18,1,70,,19674,22,0,45 46 18,1,30,,19677,22,0,45 46 18,1,70,,19673,22,0,45 46 18,1,30,,19695,22,0,45 46 18,1,70,,19684,22,0,45 46 18,1,30,,8810,22,0,45 46 18,1,70,,19686,22,0,45 46 18,1,30,,19678,22,0,45 46 18,1,70,,19690,22,0,45 46 18,1,30,,8091,22,0,45 46 18,1,70,,19687,22,0,45 46 18,1,30,,19694,22,0,45 46 18,1,70,,19698,22,0,45 46 18,1,30,,19681,22,0,45 46 18,1,100,,19679,22,0,45 46 18,1,100,,19683,22,0,45 46 18,1,100,,19672,22,0,45 46 18,1,100,,19682,22,0,45 46 18,1,100,,19697,22,0,45 46 18,1,100,,19689,22,0,45 46 18,1
41800,'5',1855,,19700,22,0,45 46 18,1,100,,19702,22,0,45 46 18,1,100,,3266,22,0,45 46 18,1,100,,19701,22,0,45 46 18,1,100,,19699,22,0,45 46 18,1,100,,19703,22,0,45 46 18,1
41800,'6',1855,,19706,22,0,45 46 18,1,100,,19708,22,0,45 46 18,1,100,,19705,22,0,45 46 18,1,100,,19707,22,0,45 46 18,1,100,,19704,22,0,45 46 18,1,100,,19709,22,0,45 46 18,1
