30201,'12',627,,33215,17,0,24,1,30,,33224,17,0,24,1,70,,33225,17,0,24,1,30,,33230,17,0,24,1,70,,33218,17,0,24,1,30,,33235,17,0,24,1,70,,33219,17,0,24,1,30,,33229,17,0,24,1,71,,33231,17,0,24,1,30,,33237,17,0,24,1,70,,33216,17,0,24,1,30,,33217,17,0,24,1,70,,33232,17,0,24,1,30,,33226,17,0,24,1,70,,33223,17,0,24,1,30,,33227,17,0,24,1,73,,33228,17,0,24,1,78,,33221,17,0,24,1,30,,33220,17,0,24,1,70,,33234,17,0,24,1,30,,33233,17,0,24,1,70,,33238,17,0,24,1,30,,33222,17,0,24,1,70,,33236,17,0,24,1
30201,'13',627,,33239,17,0,24,1,30,,33248,17,0,24,1,70,,33249,17,0,24,1,30,,33254,17,0,24,1,70,,33242,17,0,24,1,30,,33258,17,0,24,1,70,,33243,17,0,24,1,30,,33253,17,0,24,1,71,,33255,17,0,24,1,30,,33260,17,0,24,1,70,,33240,17,0,24,1,30,,33241,17,0,24,1,70,,33256,17,0,24,1,30,,33250,17,0,24,1,70,,33247,17,0,24,1,30,,33251,17,0,24,1,73,,33252,17,0,24,1,78,,33245,17,0,24,1,30,,33244,17,0,24,1,70,,33257,17,0,24,1,30,,29290,17,0,24,1,70,,28820,17,0,24,1,30,,33246,17,0,24,1,70,,33259,17,0,24,1
30201,'3',627,,33261,17,0,24,1,30,,33270,17,0,24,1,70,,33271,17,0,24,1,30,,33276,17,0,24,1,70,,33264,17,0,24,1,30,,33280,17,0,24,1,70,,33265,17,0,24,1,30,,33275,17,0,24,1,71,,33277,17,0,24,1,30,,33282,17,0,24,1,70,,33262,17,0,24,1,30,,33263,17,0,24,1,70,,33278,17,0,24,1,30,,33272,17,0,24,1,70,,33269,17,0,24,1,30,,33273,17,0,24,1,73,,33274,17,0,24,1,78,,33267,17,0,24,1,30,,33266,17,0,24,1,70,,33279,17,0,24,1,30,,29309,17,0,24,1,70,,28843,17,0,24,1,30,,33268,17,0,24,1,70,,33281,17,0,24,1
30201,'6',627,,33283,17,0,24,1,30,,33292,17,0,24,1,70,,33293,17,0,24,1,30,,33298,17,0,24,1,70,,33286,17,0,24,1,30,,33303,17,0,24,1,70,,33287,17,0,24,1,30,,33297,17,0,24,1,71,,33299,17,0,24,1,30,,33305,17,0,24,1,70,,33284,17,0,24,1,30,,33285,17,0,24,1,70,,33300,17,0,24,1,30,,33294,17,0,24,1,70,,33291,17,0,24,1,30,,33295,17,0,24,1,73,,33296,17,0,24,1,78,,33289,17,0,24,1,30,,33288,17,0,24,1,70,,33302,17,0,24,1,30,,33301,17,0,24,1,70,,33306,17,0,24,1,30,,33290,17,0,24,1,70,,33304,17,0,24,1
30501,'12',612,,33786,5,0,27,1,30,,33763,5,0,27,1,70,,33779,5,0,27,1,30,,33766,5,0,27,1,70,,33777,5,0,27,1,30,,33769,5,0,27,1,70,,33774,5,0,27,1,30,,33784,5,0,27,1,70,,33772,5,0,27,1,30,,33770,5,0,27,1,70,,33787,5,0,27,1,30,,33775,5,0,27,1,70,,33767,5,0,27,1,30,,33765,5,0,27,1,70,,33782,5,0,27,1,30,,33783,5,0,27,1,70,,33768,5,0,27,1,30,,33781,5,0,27,1,70,,33778,5,0,27,1,30,,33771,5,0,27,1,70,,33764,5,0,27,1,30,,33780,5,0,27,1,70,,33773,5,0,27,1,30,,33785,5,0,27,1,71,,33776,5,0,28 29,1
30501,'13',612,,33810,5,0,27,1,30,,33788,5,0,27,1,70,,33804,5,0,27,1,30,,33791,5,0,27,1,70,,33802,5,0,27,1,30,,33794,5,0,27,1,70,,33799,5,0,27,1,30,,33809,5,0,27,1,70,,33797,5,0,27,1,30,,33795,5,0,27,1,70,,33811,5,0,27,1,30,,33800,5,0,27,1,70,,33792,5,0,27,1,30,,33790,5,0,27,1,70,,33807,5,0,27,1,30,,33808,5,0,27,1,70,,33793,5,0,27,1,30,,33806,5,0,27,1,70,,33803,5,0,27,1,30,,33796,5,0,27,1,70,,33789,5,0,27,1,30,,33805,5,0,27,1,70,,33798,5,0,27,1,30,,28368,5,0,27,1,71,,33801,5,0,28 29,1
30501,'3',612,,33834,5,0,27,1,30,,33812,5,0,27,1,70,,33828,5,0,27,1,30,,33815,5,0,27,1,70,,33826,5,0,27,1,30,,33818,5,0,27,1,70,,33823,5,0,27,1,30,,33833,5,0,27,1,70,,33821,5,0,27,1,30,,33819,5,0,27,1,70,,33835,5,0,27,1,30,,33824,5,0,27,1,70,,33816,5,0,27,1,30,,33814,5,0,27,1,70,,33831,5,0,27,1,30,,33832,5,0,27,1,70,,33817,5,0,27,1,30,,33830,5,0,27,1,70,,33827,5,0,27,1,30,,33820,5,0,27,1,70,,33813,5,0,27,1,30,,33829,5,0,27,1,70,,33822,5,0,27,1,30,,28386,5,0,27,1,71,,33825,5,0,28 29,1
30501,'6',612,,33859,5,0,27,1,30,,33836,5,0,27,1,70,,33852,5,0,27,1,30,,33839,5,0,27,1,70,,33850,5,0,27,1,30,,33842,5,0,27,1,70,,33847,5,0,27,1,30,,33857,5,0,27,1,70,,33845,5,0,27,1,30,,33843,5,0,27,1,70,,33860,5,0,27,1,30,,33848,5,0,27,1,70,,33840,5,0,27,1,30,,33838,5,0,27,1,70,,33855,5,0,27,1,30,,33856,5,0,27,1,70,,33841,5,0,27,1,30,,33854,5,0,27,1,70,,33851,5,0,27,1,30,,33844,5,0,27,1,70,,33837,5,0,27,1,30,,33853,5,0,27,1,70,,33846,5,0,27,1,30,,33858,5,0,27,1,71,,33849,5,0,28 29,1
40201,'1',654,,38428,17,0,24,1,70,,38425,17,0,24,1,30,,38426,17,0,24,1,70,,38427,17,0,24,1,30,,38437,17,0,24,1,70,,38432,17,0,24,1,30,,38441,17,0,24,1,70,,38423,17,0,24,1,30,,38430,17,0,24,1,70,,38436,17,0,24,1,30,,38419,17,0,24,1,70,,38433,17,0,24,1,30,,38438,17,0,24,1,70,,31028,17,0,24,1,30,,38418,17,0,24,1,70,,38415,17,0,24,1,30,,38424,17,0,24,1,70,,38431,17,0,24,1,30,,38435,17,0,24,1,70,,38421,17,0,24,1,30,,31249,17,0,24,1,70,,38417,17,0,24,1,30,,38422,17,0,24,1,70,,38442,17,0,24,1,30,,38434,17,0,24,1,100,,38429,17,0,24,1,100,,38440,17,0,24,1,100,,38420,17,0,24,1,100,,38439,17,0,24,1,100,,38416,17,0,24,1
40201,'11',654,,38459,17,0,24,1,70,,38456,17,0,24,1,30,,38457,17,0,24,1,70,,38458,17,0,24,1,30,,38454,17,0,24,1,70,,38463,17,0,24,1,30,,38471,17,0,24,1,70,,38453,17,0,24,1,30,,38461,17,0,24,1,70,,38467,17,0,24,1,30,,38449,17,0,24,1,70,,38464,17,0,24,1,30,,38468,17,0,24,1,70,,38443,17,0,24,1,30,,38448,17,0,24,1,70,,38444,17,0,24,1,30,,38455,17,0,24,1,70,,38462,17,0,24,1,30,,38466,17,0,24,1,70,,38451,17,0,24,1,30,,38446,17,0,24,1,70,,38447,17,0,24,1,30,,38452,17,0,24,1,70,,38472,17,0,24,1,30,,38465,17,0,24,1,100,,38460,17,0,24,1,100,,38470,17,0,24,1,100,,38450,17,0,24,1,100,,38469,17,0,24,1,100,,38445,17,0,24,1
40201,'12',1854,,38476,17,0,24,1,100,,38473,17,0,24,1,100,,38474,17,0,24,1,100,,38478,17,0,24,1,100,,38475,17,0,24,1,100,,38477,17,0,24,1
40201,'13',1854,,38482,17,0,24,1,100,,38479,17,0,24,1,100,,38480,17,0,24,1,100,,38484,17,0,24,1,100,,38481,17,0,24,1,100,,38483,17,0,24,1
40201,'14',1154,,38488,17,0,24,1,100,,29737,17,0,24,1,100,,38487,17,0,24,1,100,,38486,17,0,24,1,100,,38490,17,0,24,1,100,,38485,17,0,24,1,100,,38489,17,0,24,1
40201,'16',654,,38504,17,0,24,1,70,,38501,17,0,24,1,30,,38502,17,0,24,1,70,,38503,17,0,24,1,30,,38513,17,0,24,1,70,,38508,17,0,24,1,30,,38517,17,0,24,1,70,,38499,17,0,24,1,30,,38506,17,0,24,1,70,,38512,17,0,24,1,30,,38495,17,0,24,1,70,,38509,17,0,24,1,30,,38514,17,0,24,1,70,,31065,17,0,24,1,30,,38494,17,0,24,1,70,,38491,17,0,24,1,30,,38500,17,0,24,1,70,,38507,17,0,24,1,30,,38511,17,0,24,1,70,,38497,17,0,24,1,30,,31288,17,0,24,1,70,,38493,17,0,24,1,30,,38498,17,0,24,1,70,,38518,17,0,24,1,30,,38510,17,0,24,1,100,,38505,17,0,24,1,100,,38516,17,0,24,1,100,,38496,17,0,24,1,100,,38515,17,0,24,1,100,,38492,17,0,24,1
40201,'3',1854,,38522,17,0,24,1,100,,38519,17,0,24,1,100,,38520,17,0,24,1,100,,38524,17,0,24,1,100,,38521,17,0,24,1,100,,38523,17,0,24,1
40201,'6',1854,,38528,17,0,24,1,100,,38525,17,0,24,1,100,,38526,17,0,24,1,100,,38530,17,0,24,1,100,,38527,17,0,24,1,100,,38529,17,0,24,1
40201,'8',954,,38533,17,0,24,1,100,,38534,17,0,24,1,70,,38536,17,0,24,1,30,,25796,17,0,24,1,70,,38545,17,0,24,1,30,,38542,17,0,24,1,70,,38540,17,0,24,1,30,,38539,17,0,24,1,70,,38547,17,0,24,1,30,,38532,17,0,24,1,70,,38544,17,0,24,1,30,,38543,17,0,24,1,70,,38535,17,0,24,1,30,,38538,17,0,24,1,70,,38531,17,0,24,1,30,,38548,17,0,24,1,70,,38541,17,0,24,1,30,,38546,17,0,24,1,100,,38537,17,0,24,1
