31800,'15',610,,13592,21,0,45 46 18,1,30,,13581,21,0,45 46 18,1,70,,13582,21,0,45 46 18,1,30,,13574,21,0,45 46 18,1,70,,13585,21,0,45 46 18,1,30,,13587,21,0,45 46 18,1,70,,13593,21,0,45 46 18,1,30,,13583,21,0,45 46 18,1,70,,13575,21,0,45 46 18,1,30,,13573,21,0,45 46 18,1,70,,13594,21,0,45 46 18,1,30,,13586,21,0,45 46 18,1,70,,13577,21,0,45 46 18,1,30,,13578,21,0,45 46 18,1,70,,13571,21,0,45 46 18,1,30,,13590,21,0,45 46 18,1,70,,13595,21,0,45 46 18,1,30,,13579,21,0,45 46 18,1,70,,13576,21,0,45 46 18,1,30,,13588,21,0,45 46 18,1,70,,13584,21,0,45 46 18,1,30,,13580,21,0,45 46 18,1,70,,13589,21,0,45 46 18,1,30,,13591,21,0,45 46 18,1,70,,13572,21,0,45 46 18,1
31800,'16',610,,13615,21,0,45 46 18,1,30,,13606,21,0,45 46 18,1,70,,13607,21,0,45 46 18,1,30,,13599,21,0,45 46 18,1,70,,2916,21,0,45 46 18,1,30,,13611,21,0,45 46 18,1,70,,13616,21,0,45 46 18,1,30,,13609,21,0,45 46 18,1,70,,13600,21,0,45 46 18,1,30,,13598,21,0,45 46 18,1,70,,13617,21,0,45 46 18,1,30,,13610,21,0,45 46 18,1,70,,13602,21,0,45 46 18,1,30,,13603,21,0,45 46 18,1,70,,13597,21,0,45 46 18,1,30,,13613,21,0,45 46 18,1,70,,13618,21,0,45 46 18,1,30,,13604,21,0,45 46 18,1,70,,13601,21,0,45 46 18,1,30,,13612,21,0,45 46 18,1,70,,13608,21,0,45 46 18,1,30,,13605,21,0,45 46 18,1,70,,2925,21,0,45 46 18,1,30,,13614,21,0,45 46 18,1,70,,13596,21,0,45 46 18,1
31800,'17',610,,13636,21,0,45 46 18,1,30,,13628,21,0,45 46 18,1,70,,13629,21,0,45 46 18,1,30,,13622,21,0,45 46 18,1,70,,2983,21,0,45 46 18,1,30,,13632,21,0,45 46 18,1,70,,13637,21,0,45 46 18,1,30,,13630,21,0,45 46 18,1,70,,13623,21,0,45 46 18,1,30,,13621,21,0,45 46 18,1,70,,13638,21,0,45 46 18,1,30,,13631,21,0,45 46 18,1,70,,13624,21,0,45 46 18,1,30,,13625,21,0,45 46 18,1,70,,13620,21,0,45 46 18,1,30,,13634,21,0,45 46 18,1,70,,13639,21,0,45 46 18,1,30,,13626,21,0,45 46 18,1,70,,2961,21,0,45 46 18,1,30,,13633,21,0,45 46 18,1,70,,4668,21,0,45 46 18,1,30,,13627,21,0,45 46 18,1,70,,3000,21,0,45 46 18,1,30,,13635,21,0,45 46 18,1,70,,13619,21,0,45 46 18,1
31800,'19',610,,13660,21,0,45 46 18,1,30,,13650,21,0,45 46 18,1,70,,13651,21,0,45 46 18,1,30,,13642,21,0,45 46 18,1,70,,13653,21,0,45 46 18,1,30,,13655,21,0,45 46 18,1,70,,13661,21,0,45 46 18,1,30,,13652,21,0,45 46 18,1,70,,13644,21,0,45 46 18,1,30,,13641,21,0,45 46 18,1,70,,13662,21,0,45 46 18,1,30,,13654,21,0,45 46 18,1,70,,13646,21,0,45 46 18,1,30,,13647,21,0,45 46 18,1,70,,13640,21,0,45 46 18,1,30,,13658,21,0,45 46 18,1,70,,13664,21,0,45 46 18,1,30,,13648,21,0,45 46 18,1,70,,13645,21,0,45 46 18,1,30,,13656,21,0,45 46 18,1,70,,13663,21,0,45 46 18,1,30,,13649,21,0,45 46 18,1,70,,13657,21,0,45 46 18,1,30,,13659,21,0,45 46 18,1,70,,13643,21,0,45 46 18,1
31800,'5',610,,13682,21,0,45 46 18,1,30,,13674,21,0,45 46 18,1,70,,13675,21,0,45 46 18,1,30,,13667,21,0,45 46 18,1,70,,3054,21,0,45 46 18,1,30,,13678,21,0,45 46 18,1,70,,13683,21,0,45 46 18,1,30,,13676,21,0,45 46 18,1,70,,13669,21,0,45 46 18,1,30,,13666,21,0,45 46 18,1,70,,13684,21,0,45 46 18,1,30,,13677,21,0,45 46 18,1,70,,13671,21,0,45 46 18,1,30,,13672,21,0,45 46 18,1,70,,13665,21,0,45 46 18,1,30,,13680,21,0,45 46 18,1,70,,13686,21,0,45 46 18,1,30,,7601,21,0,45 46 18,1,70,,13670,21,0,45 46 18,1,30,,13679,21,0,45 46 18,1,70,,13685,21,0,45 46 18,1,30,,13673,21,0,45 46 18,1,70,,3071,21,0,45 46 18,1,30,,13681,21,0,45 46 18,1,70,,13668,21,0,45 46 18,1
31800,'6',610,,13708,21,0,45 46 18,1,30,,13697,21,0,45 46 18,1,70,,13698,21,0,45 46 18,1,30,,13690,21,0,45 46 18,1,70,,13701,21,0,45 46 18,1,30,,13703,21,0,45 46 18,1,70,,13709,21,0,45 46 18,1,30,,13699,21,0,45 46 18,1,70,,13691,21,0,45 46 18,1,30,,13689,21,0,45 46 18,1,70,,13710,21,0,45 46 18,1,30,,13702,21,0,45 46 18,1,70,,13693,21,0,45 46 18,1,30,,13694,21,0,45 46 18,1,70,,13687,21,0,45 46 18,1,30,,13706,21,0,45 46 18,1,70,,13711,21,0,45 46 18,1,30,,13695,21,0,45 46 18,1,70,,13692,21,0,45 46 18,1,30,,13704,21,0,45 46 18,1,70,,13700,21,0,45 46 18,1,30,,13696,21,0,45 46 18,1,70,,13705,21,0,45 46 18,1,30,,13707,21,0,45 46 18,1,70,,13688,21,0,45 46 18,1
41800,'1',1056,,19598,23,0,45 46 18,1,100,,4702,23,0,45 46 18,1,100,,19601,23,0,45 46 18,1,100,,19599,23,0,45 46 18,1,100,,19596,23,0,45 46 18,1,100,,19600,23,0,45 46 18,1,100,,19595,23,0,45 46 18,1,100,,19597,23,0,45 46 18,1
41800,'10',625,,19625,23,0,45 46 18,1,30,,19629,23,0,45 46 18,1,70,,19624,23,0,45 46 18,1,30,,19612,23,0,45 46 18,1,70,,19608,23,0,45 46 18,1,30,,19606,23,0,45 46 18,1,70,,19626,23,0,45 46 18,1,30,,19617,23,0,45 46 18,1,71,,19607,23,0,45 46 18,1,30,,19621,23,0,45 46 18,1,70,,19605,23,0,45 46 18,1,30,,19609,23,0,45 46 18,1,70,,19604,23,0,45 46 18,1,30,,19628,23,0,45 46 18,1,70,,19616,23,0,45 46 18,1,30,,19603,23,0,45 46 18,1,70,,19619,23,0,45 46 18,1,30,,19610,23,0,45 46 18,1,70,,19623,23,0,45 46 18,1,30,,19618,23,0,45 46 18,1,70,,19620,23,0,45 46 18,1,30,,19627,23,0,45 46 18,1,70,,19631,23,0,45 46 18,1,30,,19613,23,0,45 46 18,1,100,,19611,23,0,45 46 18,1,100,,19615,23,0,45 46 18,1,100,,19602,23,0,45 46 18,1,100,,19614,23,0,45 46 18,1,100,,19630,23,0,45 46 18,1,100,,19622,23,0,45 46 18,1
41800,'12',855,,8246,23,0,45 46 18,1,100,,19633,23,0,45 46 18,1,71,,19638,23,0,45 46 18,1,30,,19641,23,0,45 46 18,1,70,,19634,23,0,45 46 18,1,30,,19645,23,0,45 46 18,1,70,,19648,23,0,45 46 18,1,30,,6201,23,0,45 46 18,1,70,,19632,23,0,45 46 18,1,30,,19637,23,0,45 46 18,1,70,,19635,23,0,45 46 18,1,30,,19647,23,0,45 46 18,1,70,,19636,23,0,45 46 18,1,30,,19640,23,0,45 46 18,1,70,,19639,23,0,45 46 18,1,30,,19646,23,0,45 46 18,1,70,,19643,23,0,45 46 18,1,30,,19644,23,0,45 46 18,1,100,,19642,23,0,45 46 18,1,100,,19649,23,0,45 46 18,1
41800,'15',1856,,19652,23,0,45 46 18,1,100,,19654,23,0,45 46 18,1,100,,19651,23,0,45 46 18,1,100,,19653,23,0,45 46 18,1,100,,19650,23,0,45 46 18,1,100,,19655,23,0,45 46 18,1
41800,'16',1856,,19657,23,0,45 46 18,1,100,,19659,23,0,45 46 18,1,100,,3143,23,0,45 46 18,1,100,,19658,23,0,45 46 18,1,100,,19656,23,0,45 46 18,1,100,,19660,23,0,45 46 18,1
41800,'17',1856,,19662,23,0,45 46 18,1,100,,19664,23,0,45 46 18,1,100,,3194,23,0,45 46 18,1,100,,19663,23,0,45 46 18,1,100,,19661,23,0,45 46 18,1,100,,19665,23,0,45 46 18,1
41800,'19',1856,,19668,23,0,45 46 18,1,100,,19670,23,0,45 46 18,1,100,,19667,23,0,45 46 18,1,100,,19669,23,0,45 46 18,1,100,,19666,23,0,45 46 18,1,100,,19671,23,0,45 46 18,1
41800,'21',625,,19692,23,0,45 46 18,1,30,,19696,23,0,45 46 18,1,70,,19691,23,0,45 46 18,1,30,,19680,23,0,45 46 18,1,70,,4127,23,0,45 46 18,1,30,,19675,23,0,45 46 18,1,70,,19693,23,0,45 46 18,1,30,,19685,23,0,45 46 18,1,71,,19676,23,0,45 46 18,1,30,,19688,23,0,45 46 18,1,70,,19674,23,0,45 46 18,1,30,,19677,23,0,45 46 18,1,70,,19673,23,0,45 46 18,1,30,,19695,23,0,45 46 18,1,70,,19684,23,0,45 46 18,1,30,,8810,23,0,45 46 18,1,70,,19686,23,0,45 46 18,1,30,,19678,23,0,45 46 18,1,70,,19690,23,0,45 46 18,1,30,,8091,23,0,45 46 18,1,70,,19687,23,0,45 46 18,1,30,,19694,23,0,45 46 18,1,70,,19698,23,0,45 46 18,1,30,,19681,23,0,45 46 18,1,100,,19679,23,0,45 46 18,1,100,,19683,23,0,45 46 18,1,100,,19672,23,0,45 46 18,1,100,,19682,23,0,45 46 18,1,100,,19697,23,0,45 46 18,1,100,,19689,23,0,45 46 18,1
41800,'5',1856,,19700,23,0,45 46 18,1,100,,19702,23,0,45 46 18,1,100,,3266,23,0,45 46 18,1,100,,19701,23,0,45 46 18,1,100,,19699,23,0,45 46 18,1,100,,19703,23,0,45 46 18,1
41800,'6',1856,,19706,23,0,45 46 18,1,100,,19708,23,0,45 46 18,1,100,,19705,23,0,45 46 18,1,100,,19707,23,0,45 46 18,1,100,,19704,23,0,45 46 18,1,100,,19709,23,0,45 46 18,1
