31501,'1',611,,2768,25,0,20 14 35 26,1,30,,2759,25,0,20 14 35 26,1,70,,2763,25,0,20 14 35 26,1,30,,2762,25,0,20 14 35 26,1,70,,2746,25,0,20 14 35 26,1,30,,2747,25,0,20 14 35 26,1,70,,2745,25,0,20 14 35 26,1,30,,2751,25,0,20 14 35 26,1,70,,2760,25,0,20 14 35 26,1,30,,2757,25,0,20 14 35 26,1,70,,2764,25,0,20 14 35 26,1,30,,2753,25,0,20 14 35 26,1,70,,2758,25,0,20 14 35 26,1,30,,2749,25,0,20 14 35 26,1,70,,2754,25,0,20 14 35 26,1,30,,2752,25,0,20 14 35 26,1,71,,2765,25,0,20 14 35 26,1,30,,2750,25,0,20 14 35 26,1,70,,2766,25,0,20 14 35 26,1,30,,2761,25,0,20 14 35 26,1,70,,2756,25,0,20 14 35 26,1,30,,2755,25,0,20 14 35 26,1,70,,2767,25,0,20 14 35 26,1,30,,2748,25,0,20 14 35 26,1
31501,'10',611,,2792,25,0,20 14 35 26,1,30,,2783,25,0,20 14 35 26,1,70,,2787,25,0,20 14 35 26,1,30,,2786,25,0,20 14 35 26,1,70,,2770,25,0,20 14 35 26,1,30,,2771,25,0,20 14 35 26,1,70,,2769,25,0,20 14 35 26,1,30,,2775,25,0,20 14 35 26,1,70,,2784,25,0,20 14 35 26,1,30,,2781,25,0,20 14 35 26,1,70,,2788,25,0,20 14 35 26,1,30,,2777,25,0,20 14 35 26,1,70,,2782,25,0,20 14 35 26,1,30,,2773,25,0,20 14 35 26,1,70,,2778,25,0,20 14 35 26,1,30,,2776,25,0,20 14 35 26,1,71,,2789,25,0,20 14 35 26,1,30,,2774,25,0,20 14 35 26,1,70,,2790,25,0,20 14 35 26,1,30,,2785,25,0,20 14 35 26,1,70,,2780,25,0,20 14 35 26,1,30,,2779,25,0,20 14 35 26,1,70,,2791,25,0,20 14 35 26,1,30,,2772,25,0,20 14 35 26,1
31501,'11',611,,2816,25,0,20 14 35 26,1,30,,2806,25,0,20 14 35 26,1,70,,2810,25,0,20 14 35 26,1,30,,2809,25,0,20 14 35 26,1,70,,2794,25,0,20 14 35 26,1,30,,2795,25,0,20 14 35 26,1,70,,2793,25,0,20 14 35 26,1,30,,2799,25,0,20 14 35 26,1,70,,2807,25,0,20 14 35 26,1,30,,2804,25,0,20 14 35 26,1,70,,2812,25,0,20 14 35 26,1,30,,2801,25,0,20 14 35 26,1,70,,2805,25,0,20 14 35 26,1,30,,2797,25,0,20 14 35 26,1,70,,2802,25,0,20 14 35 26,1,30,,2800,25,0,20 14 35 26,1,71,,2813,25,0,20 14 35 26,1,30,,2798,25,0,20 14 35 26,1,70,,2814,25,0,20 14 35 26,1,30,,2808,25,0,20 14 35 26,1,70,,2803,25,0,20 14 35 26,1,30,,2811,25,0,20 14 35 26,1,70,,2815,25,0,20 14 35 26,1,30,,2796,25,0,20 14 35 26,1
31501,'3',611,,2840,25,0,20 14 35 26,1,30,,2830,25,0,20 14 35 26,1,70,,2834,25,0,20 14 35 26,1,30,,2833,25,0,20 14 35 26,1,70,,2818,25,0,20 14 35 26,1,30,,2819,25,0,20 14 35 26,1,70,,2817,25,0,20 14 35 26,1,30,,2823,25,0,20 14 35 26,1,70,,2831,25,0,20 14 35 26,1,30,,2828,25,0,20 14 35 26,1,70,,2836,25,0,20 14 35 26,1,30,,2825,25,0,20 14 35 26,1,70,,2829,25,0,20 14 35 26,1,30,,2821,25,0,20 14 35 26,1,70,,2826,25,0,20 14 35 26,1,30,,2824,25,0,20 14 35 26,1,71,,2837,25,0,20 14 35 26,1,30,,2822,25,0,20 14 35 26,1,70,,2838,25,0,20 14 35 26,1,30,,2832,25,0,20 14 35 26,1,70,,2827,25,0,20 14 35 26,1,30,,2835,25,0,20 14 35 26,1,70,,2839,25,0,20 14 35 26,1,30,,2820,25,0,20 14 35 26,1
41501,'1',1813,,7315,25,0,20 14 34,1,30,,7316,25,0,20 14 34,1,83,,7310,25,0,20 14 34,1,100,,7312,25,0,20 14 34,1,100,,7313,25,0,20 14 34,1,100,,7311,25,0,20 14 34,1,100,,7314,25,0,20 14 34,1
41501,'10',1813,,7322,25,0,20 14 34,1,30,,7323,25,0,20 14 34,1,83,,7317,25,0,20 14 34,1,100,,7319,25,0,20 14 34,1,100,,7320,25,0,20 14 34,1,100,,7318,25,0,20 14 34,1,100,,7321,25,0,20 14 34,1
41501,'11',1813,,7330,25,0,20 14 34,1,30,,7328,25,0,20 14 34,1,83,,7324,25,0,20 14 34,1,100,,7326,25,0,20 14 34,1,100,,7327,25,0,20 14 34,1,100,,7325,25,0,20 14 34,1,100,,7329,25,0,20 14 34,1
41501,'12',1127,,7331,25,0,20 14 34,1,100,,7335,25,0,20 14 34,1,100,,7333,25,0,20 14 34,1,101,,7336,25,0,20 14 34,1,100,,7334,25,0,20 14 34,1,100,,7337,25,0,20 14 34,1,100,,7332,25,0,20 14 34,1
41501,'14',656,,7362,25,0,20 14 34,1,71,,7356,25,0,20 14 34,1,30,,7345,25,0,20 14 34,1,70,,7349,25,0,20 14 34,1,30,,7359,25,0,20 14 34,1,70,,7363,25,0,20 14 34,1,30,,7357,25,0,20 14 34,1,70,,7361,25,0,20 14 34,1,30,,7343,25,0,20 14 34,1,70,,7366,25,0,20 14 34,1,30,,7340,25,0,20 14 34,1,70,,7355,25,0,20 14 34,1,30,,7353,25,0,20 14 34,1,70,,7341,25,0,20 14 34,1,30,,7352,25,0,20 14 34,1,71,,7348,25,0,20 14 34,1,30,,7365,25,0,20 14 34,1,70,,7339,25,0,20 14 34,1,30,,7350,25,0,20 14 34,1,70,,7358,25,0,20 14 34,1,30,,7346,25,0,20 14 34,1,70,,7344,25,0,20 14 34,1,30,,7364,25,0,20 14 34,1,70,,7360,25,0,20 14 34,1,98,,7342,25,0,20 14 34,1,100,,7347,25,0,20 14 34,1,100,,7338,25,0,20 14 34,1,100,,7351,25,0,20 14 34,1,100,,7354,25,0,20 14 34,1
41501,'3',1813,,7373,25,0,20 14 34,1,30,,7371,25,0,20 14 34,1,83,,7367,25,0,20 14 34,1,100,,7369,25,0,20 14 34,1,100,,7370,25,0,20 14 34,1,100,,7368,25,0,20 14 34,1,100,,7372,25,0,20 14 34,1
41501,'7',927,,7385,25,0,20 14 34,1,100,,7380,25,0,20 14 34,1,30,,7392,25,0,20 14 34,1,70,,7386,25,0,20 14 34,1,30,,7389,25,0,20 14 34,1,70,,7377,25,0,20 14 34,1,30,,7378,25,0,20 14 34,1,70,,7391,25,0,20 14 34,1,30,,7375,25,0,20 14 34,1,71,,7376,25,0,20 14 34,1,30,,7374,25,0,20 14 34,1,70,,7387,25,0,20 14 34,1,30,,7388,25,0,20 14 34,1,70,,7381,25,0,20 14 34,1,30,,7384,25,0,20 14 34,1,70,,7383,25,0,20 14 34,1,30,,7382,25,0,20 14 34,1,70,,7379,25,0,20 14 34,1,98,,7390,25,0,20 14 34,1
