31700,'15',625,,13335,20,0,63,1,30,,13324,20,0,63,1,70,,13332,20,0,63,1,30,,13319,20,0,63,1,70,,13317,20,0,63,1,30,,13331,20,0,63,1,70,,13314,20,0,63,1,30,,13326,20,0,63,1,70,,13322,20,0,63,1,30,,13313,20,0,63,1,70,,13334,20,0,63,1,30,,13328,20,0,63,1,70,,13321,20,0,63,1,30,,13336,20,0,63,1,70,,13333,20,0,63,1,30,,13320,20,0,63,1,70,,13325,20,0,63,1,30,,13330,20,0,63,1,70,,13327,20,0,63,1,30,,13316,20,0,63,1,70,,13318,20,0,63,1,30,,13315,20,0,63,1,70,,13323,20,0,63,1,30,,13329,20,0,63,1
31700,'16',625,,13354,20,0,63,1,30,,13345,20,0,63,1,70,,13351,20,0,63,1,30,,13342,20,0,63,1,70,,13340,20,0,63,1,30,,13350,20,0,63,1,70,,13337,20,0,63,1,30,,13346,20,0,63,1,70,,2450,20,0,63,1,30,,4510,20,0,63,1,70,,13353,20,0,63,1,30,,13348,20,0,63,1,70,,13344,20,0,63,1,30,,13355,20,0,63,1,70,,13352,20,0,63,1,30,,13343,20,0,63,1,70,,2920,20,0,63,1,30,,621,20,0,63,1,70,,13347,20,0,63,1,30,,13339,20,0,63,1,70,,13341,20,0,63,1,30,,13338,20,0,63,1,70,,2535,20,0,63,1,30,,13349,20,0,63,1
31700,'17',625,,13372,20,0,63,1,30,,13364,20,0,63,1,70,,13369,20,0,63,1,30,,13361,20,0,63,1,70,,13359,20,0,63,1,30,,13368,20,0,63,1,70,,13356,20,0,63,1,30,,13365,20,0,63,1,70,,2473,20,0,63,1,30,,4520,20,0,63,1,70,,13371,20,0,63,1,30,,4471,20,0,63,1,70,,13363,20,0,63,1,30,,13373,20,0,63,1,70,,13370,20,0,63,1,30,,13362,20,0,63,1,70,,2988,20,0,63,1,30,,645,20,0,63,1,70,,13366,20,0,63,1,30,,13358,20,0,63,1,70,,13360,20,0,63,1,30,,13357,20,0,63,1,70,,2553,20,0,63,1,30,,13367,20,0,63,1
31700,'19',625,,13396,20,0,63,1,30,,13385,20,0,63,1,70,,13393,20,0,63,1,30,,13380,20,0,63,1,70,,13378,20,0,63,1,30,,13392,20,0,63,1,70,,13375,20,0,63,1,30,,13387,20,0,63,1,70,,13383,20,0,63,1,30,,13374,20,0,63,1,70,,13395,20,0,63,1,30,,13389,20,0,63,1,70,,13382,20,0,63,1,30,,13397,20,0,63,1,70,,13394,20,0,63,1,30,,13381,20,0,63,1,70,,13386,20,0,63,1,30,,13391,20,0,63,1,70,,13388,20,0,63,1,30,,13377,20,0,63,1,70,,13379,20,0,63,1,30,,13376,20,0,63,1,70,,13384,20,0,63,1,30,,13390,20,0,63,1
31700,'5',625,,13414,20,0,63,1,30,,13405,20,0,63,1,70,,13411,20,0,63,1,30,,13403,20,0,63,1,70,,13401,20,0,63,1,30,,13410,20,0,63,1,70,,13398,20,0,63,1,30,,13406,20,0,63,1,70,,2496,20,0,63,1,30,,4545,20,0,63,1,70,,13413,20,0,63,1,30,,13408,20,0,63,1,70,,13404,20,0,63,1,30,,13415,20,0,63,1,70,,13412,20,0,63,1,30,,4206,20,0,63,1,70,,3060,20,0,63,1,30,,669,20,0,63,1,70,,13407,20,0,63,1,30,,13400,20,0,63,1,70,,13402,20,0,63,1,30,,13399,20,0,63,1,70,,2571,20,0,63,1,30,,13409,20,0,63,1
31700,'6',625,,13438,20,0,63,1,30,,13427,20,0,63,1,70,,13435,20,0,63,1,30,,13422,20,0,63,1,70,,13420,20,0,63,1,30,,13434,20,0,63,1,70,,13417,20,0,63,1,30,,13429,20,0,63,1,70,,13425,20,0,63,1,30,,13416,20,0,63,1,70,,13437,20,0,63,1,30,,13431,20,0,63,1,70,,13424,20,0,63,1,30,,13439,20,0,63,1,70,,13436,20,0,63,1,30,,13423,20,0,63,1,70,,13428,20,0,63,1,30,,13433,20,0,63,1,70,,13430,20,0,63,1,30,,13419,20,0,63,1,70,,13421,20,0,63,1,30,,13418,20,0,63,1,70,,13426,20,0,63,1,30,,13432,20,0,63,1
41700,'1',1124,,19365,20,0,67,1,100,,19369,20,0,67,1,100,,19367,20,0,67,1,100,,19371,20,0,67,1,100,,19370,20,0,67,1,100,,19366,20,0,67,1,100,,19368,20,0,67,1
41700,'10',624,,19385,20,0,67,1,30,,19397,20,0,67,1,70,,19398,20,0,67,1,30,,19391,20,0,67,1,70,,19395,20,0,67,1,30,,19375,20,0,67,1,70,,19396,20,0,67,1,30,,19394,20,0,67,1,70,,19374,20,0,67,1,30,,19389,20,0,67,1,70,,19376,20,0,67,1,30,,19381,20,0,67,1,70,,19380,20,0,67,1,30,,19373,20,0,67,1,70,,19388,20,0,67,1,30,,19378,20,0,67,1,70,,19382,20,0,67,1,30,,19377,20,0,67,1,70,,19379,20,0,67,1,30,,19400,20,0,67,1,70,,19401,20,0,67,1,30,,19383,20,0,67,1,70,,19386,20,0,67,1,30,,19372,20,0,67,1,70,,19393,20,0,67,1,100,,19384,20,0,67,1,100,,19387,20,0,67,1,100,,19399,20,0,67,1,100,,19390,20,0,67,1,100,,19392,20,0,67,1
41700,'12',924,,19404,20,0,67,1,100,,19413,20,0,67,1,30,,19416,20,0,67,1,70,,19405,20,0,67,1,30,,19407,20,0,67,1,70,,19403,20,0,67,1,30,,19412,20,0,67,1,70,,19406,20,0,67,1,30,,19402,20,0,67,1,70,,19410,20,0,67,1,30,,19418,20,0,67,1,70,,19417,20,0,67,1,30,,19414,20,0,67,1,70,,19419,20,0,67,1,30,,19409,20,0,67,1,70,,19411,20,0,67,1,30,,8620,20,0,67,1,70,,19408,20,0,67,1,100,,19415,20,0,67,1
41700,'15',1824,,19423,20,0,67,1,100,,19424,20,0,67,1,100,,19422,20,0,67,1,100,,19425,20,0,67,1,100,,19421,20,0,67,1,100,,19420,20,0,67,1
41700,'16',1824,,19428,20,0,67,1,100,,19429,20,0,67,1,100,,19427,20,0,67,1,100,,19430,20,0,67,1,100,,19426,20,0,67,1,100,,8450,20,0,67,1
41700,'17',1824,,19433,20,0,67,1,100,,19434,20,0,67,1,100,,19432,20,0,67,1,100,,19435,20,0,67,1,100,,19431,20,0,67,1,100,,8455,20,0,67,1
41700,'19',1824,,19439,20,0,67,1,100,,19440,20,0,67,1,100,,19438,20,0,67,1,100,,19441,20,0,67,1,100,,19437,20,0,67,1,100,,19436,20,0,67,1
41700,'21',624,,19452,20,0,67,1,30,,19463,20,0,67,1,70,,19464,20,0,67,1,30,,19457,20,0,67,1,70,,19461,20,0,67,1,30,,19444,20,0,67,1,70,,19462,20,0,67,1,30,,19460,20,0,67,1,70,,19443,20,0,67,1,30,,19455,20,0,67,1,70,,19445,20,0,67,1,30,,19449,20,0,67,1,70,,19448,20,0,67,1,30,,19442,20,0,67,1,70,,19454,20,0,67,1,30,,19446,20,0,67,1,70,,19450,20,0,67,1,30,,5873,20,0,67,1,70,,19447,20,0,67,1,30,,19466,20,0,67,1,70,,19467,20,0,67,1,30,,7268,20,0,67,1,70,,6407,20,0,67,1,30,,6801,20,0,67,1,70,,19459,20,0,67,1,100,,19451,20,0,67,1,100,,19453,20,0,67,1,100,,19465,20,0,67,1,100,,19456,20,0,67,1,100,,19458,20,0,67,1
41700,'5',1824,,19470,20,0,67,1,100,,19471,20,0,67,1,100,,19469,20,0,67,1,100,,19472,20,0,67,1,100,,19468,20,0,67,1,100,,8460,20,0,67,1
41700,'6',1824,,19476,20,0,67,1,100,,19477,20,0,67,1,100,,19475,20,0,67,1,100,,19478,20,0,67,1,100,,19474,20,0,67,1,100,,19473,20,0,67,1
