30901,'15',618,,11325,3,0,25 14 26,1,30,,11319,3,0,25 14 26,1,70,,11312,3,0,25 14 26,1,30,,11311,3,0,25 14 26,1,70,,11328,3,0,25 14 26,1,30,,11310,3,0,25 14 26,1,70,,11322,3,0,25 14 26,1,30,,11321,3,0,25 14 26,1,70,,11320,3,0,25 14 26,1,30,,11326,3,0,25 14 26,1,70,,11308,3,0,25 14 26,1,30,,11327,3,0,25 14 26,1,70,,11309,3,0,25 14 26,1,30,,11313,3,0,25 14 26,1,70,,11316,3,0,25 14 26,1,30,,11324,3,0,25 14 26,1,70,,11330,3,0,25 14 26,1,38,,11331,3,0,25 14 26,1,70,,11323,3,0,25 14 26,1,30,,11314,3,0,25 14 26,1,70,,11332,3,0,25 14 26,1,30,,11329,3,0,25 14 26,1,70,,11317,3,0,25 14 26,1,30,,11318,3,0,25 14 26,1
30901,'16',618,,11346,3,0,25 14 26,1,30,,11342,3,0,25 14 26,1,70,,11338,3,0,25 14 26,1,30,,11336,3,0,25 14 26,1,70,,11349,3,0,25 14 26,1,30,,11335,3,0,25 14 26,1,70,,11345,3,0,25 14 26,1,30,,11344,3,0,25 14 26,1,70,,11343,3,0,25 14 26,1,30,,11347,3,0,25 14 26,1,70,,11333,3,0,25 14 26,1,30,,11348,3,0,25 14 26,1,70,,11334,3,0,25 14 26,1,30,,11339,3,0,25 14 26,1,70,,8427,3,0,25 14 26,1,30,,5265,3,0,25 14 26,1,70,,11352,3,0,25 14 26,1,38,,11353,3,0,25 14 26,1,70,,11354,3,0,25 14 26,1,30,,3343,3,0,25 14 26,1,70,,11351,3,0,25 14 26,1,30,,11350,3,0,25 14 26,1,70,,11337,3,0,25 14 26,1,30,,11341,3,0,25 14 26,1
30901,'17',618,,11367,3,0,25 14 26,1,30,,11364,3,0,25 14 26,1,70,,11360,3,0,25 14 26,1,30,,11358,3,0,25 14 26,1,70,,11370,3,0,25 14 26,1,30,,11357,3,0,25 14 26,1,70,,11366,3,0,25 14 26,1,30,,11365,3,0,25 14 26,1,70,,4396,3,0,25 14 26,1,30,,11368,3,0,25 14 26,1,70,,11355,3,0,25 14 26,1,30,,11369,3,0,25 14 26,1,70,,11356,3,0,25 14 26,1,30,,11361,3,0,25 14 26,1,70,,8432,3,0,25 14 26,1,30,,5315,3,0,25 14 26,1,70,,11373,3,0,25 14 26,1,38,,11374,3,0,25 14 26,1,70,,11375,3,0,25 14 26,1,30,,3367,3,0,25 14 26,1,70,,11372,3,0,25 14 26,1,30,,11371,3,0,25 14 26,1,70,,11359,3,0,25 14 26,1,30,,11363,3,0,25 14 26,1
30901,'19',618,,11392,3,0,25 14 26,1,30,,11387,3,0,25 14 26,1,70,,11381,3,0,25 14 26,1,30,,11380,3,0,25 14 26,1,70,,11395,3,0,25 14 26,1,30,,11378,3,0,25 14 26,1,70,,11390,3,0,25 14 26,1,30,,11389,3,0,25 14 26,1,70,,11388,3,0,25 14 26,1,30,,11393,3,0,25 14 26,1,70,,11376,3,0,25 14 26,1,30,,11394,3,0,25 14 26,1,70,,11377,3,0,25 14 26,1,30,,11382,3,0,25 14 26,1,70,,11385,3,0,25 14 26,1,30,,11391,3,0,25 14 26,1,70,,11397,3,0,25 14 26,1,38,,11398,3,0,25 14 26,1,70,,11379,3,0,25 14 26,1,30,,11383,3,0,25 14 26,1,70,,11399,3,0,25 14 26,1,30,,11396,3,0,25 14 26,1,70,,11400,3,0,25 14 26,1,30,,11386,3,0,25 14 26,1
30901,'5',618,,11414,3,0,25 14 26,1,30,,11410,3,0,25 14 26,1,70,,11406,3,0,25 14 26,1,30,,11405,3,0,25 14 26,1,70,,11417,3,0,25 14 26,1,30,,11403,3,0,25 14 26,1,70,,11413,3,0,25 14 26,1,30,,11412,3,0,25 14 26,1,70,,11411,3,0,25 14 26,1,30,,11415,3,0,25 14 26,1,70,,11401,3,0,25 14 26,1,30,,11416,3,0,25 14 26,1,70,,11402,3,0,25 14 26,1,30,,11407,3,0,25 14 26,1,70,,8438,3,0,25 14 26,1,30,,5445,3,0,25 14 26,1,70,,11419,3,0,25 14 26,1,38,,11420,3,0,25 14 26,1,70,,11404,3,0,25 14 26,1,30,,3391,3,0,25 14 26,1,70,,11421,3,0,25 14 26,1,30,,11418,3,0,25 14 26,1,70,,11422,3,0,25 14 26,1,30,,11409,3,0,25 14 26,1
30901,'6',618,,11440,3,0,25 14 26,1,30,,11434,3,0,25 14 26,1,70,,11427,3,0,25 14 26,1,30,,11426,3,0,25 14 26,1,70,,11443,3,0,25 14 26,1,30,,11425,3,0,25 14 26,1,70,,11437,3,0,25 14 26,1,30,,11436,3,0,25 14 26,1,70,,11435,3,0,25 14 26,1,30,,11441,3,0,25 14 26,1,70,,11423,3,0,25 14 26,1,30,,11442,3,0,25 14 26,1,70,,11424,3,0,25 14 26,1,30,,11428,3,0,25 14 26,1,70,,11431,3,0,25 14 26,1,30,,11439,3,0,25 14 26,1,70,,11445,3,0,25 14 26,1,38,,11446,3,0,25 14 26,1,70,,11438,3,0,25 14 26,1,30,,11429,3,0,25 14 26,1,70,,11447,3,0,25 14 26,1,30,,11444,3,0,25 14 26,1,70,,11432,3,0,25 14 26,1,30,,11433,3,0,25 14 26,1
40901,'1',1046,,18246,3,0,25 12,1,100,,18250,3,0,25 12,1,100,,18249,3,0,25 12,1,100,,18248,3,0,25 12,1,100,,2849,3,0,25 12,1,100,,18247,3,0,25 12,1,100,,3825,3,0,25 12,1,100,,191,3,0,25 12,1
40901,'10',646,,18255,3,0,25 12,1,70,,18271,3,0,25 12,1,30,,18256,3,0,25 12,1,70,,18254,3,0,25 12,1,30,,18273,3,0,25 12,1,70,,18268,3,0,25 12,1,30,,18275,3,0,25 12,1,70,,18252,3,0,25 12,1,30,,18253,3,0,25 12,1,70,,18258,3,0,25 12,1,30,,18260,3,0,25 12,1,70,,18269,3,0,25 12,1,30,,18270,3,0,25 12,1,70,,18251,3,0,25 12,1,30,,18279,3,0,25 12,1,70,,18262,3,0,25 12,1,30,,18278,3,0,25 12,1,70,,18264,3,0,25 12,1,30,,18265,3,0,25 12,1,70,,18263,3,0,25 12,1,30,,18276,3,0,25 12,1,70,,18274,3,0,25 12,1,30,,18267,3,0,25 12,1,70,,18277,3,0,25 12,1,30,,18272,3,0,25 12,1,100,,18266,3,0,25 12,1,100,,18259,3,0,25 12,1,100,,18261,3,0,25 12,1,100,,18257,3,0,25 12,1
40901,'12',846,,18287,3,0,25 12,1,100,,18292,3,0,25 12,1,100,,18282,3,0,25 12,1,70,,18285,3,0,25 12,1,30,,18290,3,0,25 12,1,70,,18294,3,0,25 12,1,30,,18281,3,0,25 12,1,70,,18298,3,0,25 12,1,30,,18293,3,0,25 12,1,70,,18296,3,0,25 12,1,30,,18295,3,0,25 12,1,70,,18284,3,0,25 12,1,30,,18286,3,0,25 12,1,70,,6278,3,0,25 12,1,30,,18283,3,0,25 12,1,70,,18297,3,0,25 12,1,30,,18291,3,0,25 12,1,70,,18289,3,0,25 12,1,30,,18288,3,0,25 12,1,100,,18280,3,0,25 12,1
40901,'15',1846,,18300,3,0,25 12,1,100,,18303,3,0,25 12,1,100,,18299,3,0,25 12,1,100,,18302,3,0,25 12,1,100,,18301,3,0,25 12,1
40901,'16',1846,,18305,3,0,25 12,1,100,,18308,3,0,25 12,1,100,,18304,3,0,25 12,1,100,,18307,3,0,25 12,1,100,,18306,3,0,25 12,1
40901,'17',1846,,18310,3,0,25 12,1,100,,18313,3,0,25 12,1,100,,18309,3,0,25 12,1,100,,18312,3,0,25 12,1,100,,18311,3,0,25 12,1
40901,'19',1846,,18315,3,0,25 12,1,100,,18317,3,0,25 12,1,100,,18314,3,0,25 12,1,100,,18316,3,0,25 12,1,100,,6389,3,0,25 12,1
40901,'21',646,,18322,3,0,25 12,1,70,,18336,3,0,25 12,1,30,,18323,3,0,25 12,1,70,,18321,3,0,25 12,1,30,,18338,3,0,25 12,1,70,,18333,3,0,25 12,1,30,,18340,3,0,25 12,1,70,,18319,3,0,25 12,1,30,,18320,3,0,25 12,1,70,,18325,3,0,25 12,1,30,,18327,3,0,25 12,1,70,,18334,3,0,25 12,1,30,,18335,3,0,25 12,1,70,,18318,3,0,25 12,1,30,,18344,3,0,25 12,1,70,,18329,3,0,25 12,1,30,,18343,3,0,25 12,1,70,,7152,3,0,25 12,1,30,,18331,3,0,25 12,1,70,,18330,3,0,25 12,1,30,,18341,3,0,25 12,1,70,,18339,3,0,25 12,1,30,,18332,3,0,25 12,1,70,,18342,3,0,25 12,1,30,,18337,3,0,25 12,1,100,,7679,3,0,25 12,1,100,,18326,3,0,25 12,1,100,,18328,3,0,25 12,1,100,,18324,3,0,25 12,1
40901,'5',1846,,18346,3,0,25 12,1,100,,18349,3,0,25 12,1,100,,18345,3,0,25 12,1,100,,18348,3,0,25 12,1,100,,18347,3,0,25 12,1
40901,'6',1846,,18351,3,0,25 12,1,100,,18354,3,0,25 12,1,100,,18350,3,0,25 12,1,100,,18353,3,0,25 12,1,100,,18352,3,0,25 12,1
