30301,'1',635,,694,16,0,32 33,1,70,,696,16,0,32 33,1,30,,673,16,0,32 33,1,70,,687,16,0,32 33,1,30,,691,16,0,32 33,1,70,,686,16,0,32 33,1,30,,685,16,0,32 33,1,70,,676,16,0,32 33,1,30,,682,16,0,32 33,1,70,,683,16,0,32 33,1,30,,692,16,0,32 33,1,70,,678,16,0,32 33,1,30,,681,16,0,32 33,1,70,,693,16,0,32 33,1,30,,689,16,0,32 33,1,70,,677,16,0,32 33,1,31,,695,16,0,32 33,1,70,,675,16,0,32 33,1,30,,690,16,0,32 33,1,70,,684,16,0,32 33,1,30,,679,16,0,32 33,1,70,,674,16,0,32 33,1,30,,688,16,0,32 33,1,70,,680,16,0,32 33,1
30301,'10',635,,718,16,0,32 33,1,70,,720,16,0,32 33,1,30,,697,16,0,32 33,1,70,,711,16,0,32 33,1,30,,715,16,0,32 33,1,70,,710,16,0,32 33,1,30,,709,16,0,32 33,1,70,,700,16,0,32 33,1,30,,706,16,0,32 33,1,70,,707,16,0,32 33,1,30,,716,16,0,32 33,1,70,,702,16,0,32 33,1,30,,705,16,0,32 33,1,70,,717,16,0,32 33,1,30,,713,16,0,32 33,1,70,,701,16,0,32 33,1,31,,719,16,0,32 33,1,70,,699,16,0,32 33,1,30,,714,16,0,32 33,1,70,,708,16,0,32 33,1,30,,703,16,0,32 33,1,70,,698,16,0,32 33,1,30,,712,16,0,32 33,1,70,,704,16,0,32 33,1
30301,'11',635,,742,16,0,32 33,1,70,,744,16,0,32 33,1,30,,721,16,0,32 33,1,70,,735,16,0,32 33,1,30,,739,16,0,32 33,1,70,,734,16,0,32 33,1,30,,732,16,0,32 33,1,70,,724,16,0,32 33,1,30,,730,16,0,32 33,1,70,,733,16,0,32 33,1,30,,740,16,0,32 33,1,70,,726,16,0,32 33,1,30,,729,16,0,32 33,1,70,,741,16,0,32 33,1,30,,737,16,0,32 33,1,70,,725,16,0,32 33,1,31,,743,16,0,32 33,1,70,,723,16,0,32 33,1,30,,738,16,0,32 33,1,70,,731,16,0,32 33,1,30,,727,16,0,32 33,1,70,,722,16,0,32 33,1,30,,736,16,0,32 33,1,70,,728,16,0,32 33,1
30301,'3',635,,766,16,0,32 33,1,70,,768,16,0,32 33,1,30,,745,16,0,32 33,1,70,,759,16,0,32 33,1,30,,763,16,0,32 33,1,70,,758,16,0,32 33,1,30,,756,16,0,32 33,1,70,,748,16,0,32 33,1,30,,754,16,0,32 33,1,70,,757,16,0,32 33,1,30,,764,16,0,32 33,1,70,,750,16,0,32 33,1,30,,753,16,0,32 33,1,70,,765,16,0,32 33,1,30,,761,16,0,32 33,1,70,,749,16,0,32 33,1,31,,767,16,0,32 33,1,70,,747,16,0,32 33,1,30,,762,16,0,32 33,1,70,,755,16,0,32 33,1,30,,751,16,0,32 33,1,70,,746,16,0,32 33,1,30,,760,16,0,32 33,1,70,,752,16,0,32 33,1
31501,'1',614,,2768,32,0,20 14 35 26,1,30,,2759,32,0,20 14 35 26,1,70,,2763,32,0,20 14 35 26,1,30,,2762,32,0,20 14 35 26,1,70,,2746,32,0,20 14 35 26,1,30,,2747,32,0,20 14 35 26,1,70,,2745,32,0,20 14 35 26,1,30,,2751,32,0,20 14 35 26,1,70,,2760,32,0,20 14 35 26,1,30,,2757,32,0,20 14 35 26,1,70,,2764,32,0,20 14 35 26,1,30,,2753,32,0,20 14 35 26,1,70,,2758,32,0,20 14 35 26,1,30,,2749,32,0,20 14 35 26,1,70,,2754,32,0,20 14 35 26,1,30,,2752,32,0,20 14 35 26,1,71,,2765,32,0,20 14 35 26,1,30,,2750,32,0,20 14 35 26,1,70,,2766,32,0,20 14 35 26,1,30,,2761,32,0,20 14 35 26,1,70,,2756,32,0,20 14 35 26,1,30,,2755,32,0,20 14 35 26,1,70,,2767,32,0,20 14 35 26,1,30,,2748,32,0,20 14 35 26,1
31501,'10',614,,2792,32,0,20 14 35 26,1,30,,2783,32,0,20 14 35 26,1,70,,2787,32,0,20 14 35 26,1,30,,2786,32,0,20 14 35 26,1,70,,2770,32,0,20 14 35 26,1,30,,2771,32,0,20 14 35 26,1,70,,2769,32,0,20 14 35 26,1,30,,2775,32,0,20 14 35 26,1,70,,2784,32,0,20 14 35 26,1,30,,2781,32,0,20 14 35 26,1,70,,2788,32,0,20 14 35 26,1,30,,2777,32,0,20 14 35 26,1,70,,2782,32,0,20 14 35 26,1,30,,2773,32,0,20 14 35 26,1,70,,2778,32,0,20 14 35 26,1,30,,2776,32,0,20 14 35 26,1,71,,2789,32,0,20 14 35 26,1,30,,2774,32,0,20 14 35 26,1,70,,2790,32,0,20 14 35 26,1,30,,2785,32,0,20 14 35 26,1,70,,2780,32,0,20 14 35 26,1,30,,2779,32,0,20 14 35 26,1,70,,2791,32,0,20 14 35 26,1,30,,2772,32,0,20 14 35 26,1
31501,'11',614,,2816,32,0,20 14 35 26,1,30,,2806,32,0,20 14 35 26,1,70,,2810,32,0,20 14 35 26,1,30,,2809,32,0,20 14 35 26,1,70,,2794,32,0,20 14 35 26,1,30,,2795,32,0,20 14 35 26,1,70,,2793,32,0,20 14 35 26,1,30,,2799,32,0,20 14 35 26,1,70,,2807,32,0,20 14 35 26,1,30,,2804,32,0,20 14 35 26,1,70,,2812,32,0,20 14 35 26,1,30,,2801,32,0,20 14 35 26,1,70,,2805,32,0,20 14 35 26,1,30,,2797,32,0,20 14 35 26,1,70,,2802,32,0,20 14 35 26,1,30,,2800,32,0,20 14 35 26,1,71,,2813,32,0,20 14 35 26,1,30,,2798,32,0,20 14 35 26,1,70,,2814,32,0,20 14 35 26,1,30,,2808,32,0,20 14 35 26,1,70,,2803,32,0,20 14 35 26,1,30,,2811,32,0,20 14 35 26,1,70,,2815,32,0,20 14 35 26,1,30,,2796,32,0,20 14 35 26,1
31501,'3',614,,2840,32,0,20 14 35 26,1,30,,2830,32,0,20 14 35 26,1,70,,2834,32,0,20 14 35 26,1,30,,2833,32,0,20 14 35 26,1,70,,2818,32,0,20 14 35 26,1,30,,2819,32,0,20 14 35 26,1,70,,2817,32,0,20 14 35 26,1,30,,2823,32,0,20 14 35 26,1,70,,2831,32,0,20 14 35 26,1,30,,2828,32,0,20 14 35 26,1,70,,2836,32,0,20 14 35 26,1,30,,2825,32,0,20 14 35 26,1,70,,2829,32,0,20 14 35 26,1,30,,2821,32,0,20 14 35 26,1,70,,2826,32,0,20 14 35 26,1,30,,2824,32,0,20 14 35 26,1,71,,2837,32,0,20 14 35 26,1,30,,2822,32,0,20 14 35 26,1,70,,2838,32,0,20 14 35 26,1,30,,2832,32,0,20 14 35 26,1,70,,2827,32,0,20 14 35 26,1,30,,2835,32,0,20 14 35 26,1,70,,2839,32,0,20 14 35 26,1,30,,2820,32,0,20 14 35 26,1
41501,'1',1823,,7315,41,0,20 14 34,1,30,,7316,41,0,20 14 34,1,81,,7310,41,0,20 14 34,1,100,,7312,41,0,20 14 34,1,100,,7313,41,0,20 14 34,1,100,,7311,41,0,20 14 34,1,100,,7314,41,0,20 14 34,1
41501,'10',1823,,7322,41,0,20 14 34,1,30,,7323,41,0,20 14 34,1,81,,7317,41,0,20 14 34,1,100,,7319,41,0,20 14 34,1,100,,7320,41,0,20 14 34,1,100,,7318,41,0,20 14 34,1,100,,7321,41,0,20 14 34,1
41501,'11',1823,,7330,41,0,20 14 34,1,30,,7328,41,0,20 14 34,1,81,,7324,41,0,20 14 34,1,100,,7326,41,0,20 14 34,1,100,,7327,41,0,20 14 34,1,100,,7325,41,0,20 14 34,1,100,,7329,41,0,20 14 34,1
41501,'12',1136,,7331,41,0,20 14 34,1,100,,7335,41,0,20 14 34,1,100,,7333,41,0,20 14 34,1,101,,7336,41,0,20 14 34,1,100,,7334,41,0,20 14 34,1,100,,7337,41,0,20 14 34,1,100,,7332,41,0,20 14 34,1
41501,'14',704,,7362,41,0,20 14 34,1,31,,7356,41,0,20 14 34,1,70,,7345,41,0,20 14 34,1,30,,7349,41,0,20 14 34,1,70,,7359,41,0,20 14 34,1,30,,7363,41,0,20 14 34,1,70,,7357,41,0,20 14 34,1,31,,7361,41,0,20 14 34,1,70,,7343,41,0,20 14 34,1,30,,7366,41,0,20 14 34,1,70,,7340,41,0,20 14 34,1,30,,7355,41,0,20 14 34,1,70,,7353,41,0,20 14 34,1,30,,7341,41,0,20 14 34,1,70,,7352,41,0,20 14 34,1,31,,7348,41,0,20 14 34,1,70,,7365,41,0,20 14 34,1,30,,7339,41,0,20 14 34,1,70,,7350,41,0,20 14 34,1,30,,7358,41,0,20 14 34,1,70,,7346,41,0,20 14 34,1,30,,7344,41,0,20 14 34,1,70,,7364,41,0,20 14 34,1,30,,7360,41,0,20 14 34,1,97,,7342,41,0,20 14 34,1,100,,7347,41,0,20 14 34,1,100,,7338,41,0,20 14 34,1,100,,7351,41,0,20 14 34,1,100,,7354,41,0,20 14 34,1
41501,'3',1823,,7373,41,0,20 14 34,1,30,,7371,41,0,20 14 34,1,81,,7367,41,0,20 14 34,1,100,,7369,41,0,20 14 34,1,100,,7370,41,0,20 14 34,1,100,,7368,41,0,20 14 34,1,100,,7372,41,0,20 14 34,1
41501,'7',935,,7385,41,0,20 14 34,1,101,,7380,41,0,20 14 34,1,70,,7392,41,0,20 14 34,1,30,,7386,41,0,20 14 34,1,70,,7389,41,0,20 14 34,1,30,,7377,41,0,20 14 34,1,70,,7378,41,0,20 14 34,1,30,,7391,41,0,20 14 34,1,70,,7375,41,0,20 14 34,1,31,,7376,41,0,20 14 34,1,70,,7374,41,0,20 14 34,1,30,,7387,41,0,20 14 34,1,70,,7388,41,0,20 14 34,1,30,,7381,41,0,20 14 34,1,70,,7384,41,0,20 14 34,1,30,,7383,41,0,20 14 34,1,70,,7382,41,0,20 14 34,1,30,,7379,41,0,20 14 34,1,97,,7390,41,0,20 14 34,1
