31801,'15',617,,13727,31,0,45 50,1,30,,13731,31,0,45 50,1,71,,13724,31,0,45 50,1,30,,13726,31,0,45 50,1,70,,13715,31,0,45 50,1,30,,13718,31,0,45 50,1,70,,13717,31,0,45 50,1,30,,13720,31,0,45 50,1,71,,13729,31,0,45 50,1,30,,13713,31,0,45 50,1,70,,13736,31,0,45 50,1,30,,13734,31,0,45 50,1,70,,13714,31,0,45 50,1,30,,13732,31,0,45 50,1,70,,13719,31,0,45 50,1,30,,13733,31,0,45 50,1,68,,13737,31,0,45 50,1,30,,13721,31,0,45 50,1,70,,13722,31,0,45 50,1,30,,13735,31,0,45 50,1,70,,13716,31,0,45 50,1,30,,13725,31,0,45 50,1,70,,13730,31,0,45 50,1,30,,13723,31,0,45 50,1,73,,13712,31,0,45 50,1,27,,13728,31,0,45 50,1
31801,'16',617,,13751,31,0,45 50,1,30,,13754,31,0,45 50,1,71,,13748,31,0,45 50,1,30,,13750,31,0,45 50,1,70,,13741,31,0,45 50,1,30,,3439,31,0,45 50,1,70,,13744,31,0,45 50,1,30,,707,31,0,45 50,1,71,,3754,31,0,45 50,1,30,,13739,31,0,45 50,1,70,,13758,31,0,45 50,1,30,,13757,31,0,45 50,1,70,,13740,31,0,45 50,1,30,,13755,31,0,45 50,1,70,,13745,31,0,45 50,1,30,,13756,31,0,45 50,1,68,,13759,31,0,45 50,1,30,,13746,31,0,45 50,1,70,,13747,31,0,45 50,1,30,,13742,31,0,45 50,1,70,,13743,31,0,45 50,1,30,,13749,31,0,45 50,1,70,,13753,31,0,45 50,1,30,,13752,31,0,45 50,1,73,,13738,31,0,45 50,1,27,,2608,31,0,45 50,1
31801,'17',617,,13774,31,0,45 50,1,30,,13777,31,0,45 50,1,71,,13771,31,0,45 50,1,30,,13773,31,0,45 50,1,70,,13763,31,0,45 50,1,30,,3463,31,0,45 50,1,70,,13766,31,0,45 50,1,30,,13768,31,0,45 50,1,71,,3778,31,0,45 50,1,30,,13761,31,0,45 50,1,70,,13781,31,0,45 50,1,30,,13780,31,0,45 50,1,70,,13762,31,0,45 50,1,30,,13778,31,0,45 50,1,70,,13767,31,0,45 50,1,30,,13779,31,0,45 50,1,68,,13782,31,0,45 50,1,30,,13769,31,0,45 50,1,70,,13770,31,0,45 50,1,30,,13764,31,0,45 50,1,70,,13765,31,0,45 50,1,30,,13772,31,0,45 50,1,70,,13776,31,0,45 50,1,30,,13775,31,0,45 50,1,73,,13760,31,0,45 50,1,27,,2626,31,0,45 50,1
31801,'19',617,,13797,31,0,45 50,1,30,,13801,31,0,45 50,1,71,,13795,31,0,45 50,1,30,,13796,31,0,45 50,1,70,,13786,31,0,45 50,1,30,,13789,31,0,45 50,1,70,,13788,31,0,45 50,1,30,,13791,31,0,45 50,1,71,,13799,31,0,45 50,1,30,,13784,31,0,45 50,1,70,,13806,31,0,45 50,1,30,,13805,31,0,45 50,1,70,,13785,31,0,45 50,1,30,,13803,31,0,45 50,1,70,,13790,31,0,45 50,1,30,,13804,31,0,45 50,1,68,,13807,31,0,45 50,1,30,,13792,31,0,45 50,1,70,,13794,31,0,45 50,1,30,,13793,31,0,45 50,1,70,,13787,31,0,45 50,1,30,,6795,31,0,45 50,1,70,,13800,31,0,45 50,1,30,,13802,31,0,45 50,1,73,,13783,31,0,45 50,1,27,,13798,31,0,45 50,1
31801,'5',617,,13821,31,0,45 50,1,30,,13823,31,0,45 50,1,71,,13818,31,0,45 50,1,30,,13820,31,0,45 50,1,70,,13811,31,0,45 50,1,30,,3487,31,0,45 50,1,70,,13813,31,0,45 50,1,30,,13814,31,0,45 50,1,71,,3802,31,0,45 50,1,30,,13809,31,0,45 50,1,70,,13828,31,0,45 50,1,30,,13827,31,0,45 50,1,70,,13810,31,0,45 50,1,30,,13825,31,0,45 50,1,70,,4680,31,0,45 50,1,30,,13826,31,0,45 50,1,68,,13829,31,0,45 50,1,30,,13815,31,0,45 50,1,70,,13817,31,0,45 50,1,30,,13816,31,0,45 50,1,70,,13812,31,0,45 50,1,30,,13819,31,0,45 50,1,70,,13822,31,0,45 50,1,30,,13824,31,0,45 50,1,73,,13808,31,0,45 50,1,27,,2644,31,0,45 50,1
31801,'6',617,,13845,31,0,45 50,1,30,,13849,31,0,45 50,1,71,,13842,31,0,45 50,1,30,,13844,31,0,45 50,1,70,,13833,31,0,45 50,1,30,,13836,31,0,45 50,1,70,,13835,31,0,45 50,1,30,,13838,31,0,45 50,1,71,,13847,31,0,45 50,1,30,,13831,31,0,45 50,1,70,,13854,31,0,45 50,1,30,,13852,31,0,45 50,1,70,,13832,31,0,45 50,1,30,,13850,31,0,45 50,1,70,,13837,31,0,45 50,1,30,,13851,31,0,45 50,1,68,,13855,31,0,45 50,1,30,,13839,31,0,45 50,1,70,,13840,31,0,45 50,1,30,,13853,31,0,45 50,1,70,,13834,31,0,45 50,1,30,,13843,31,0,45 50,1,70,,13848,31,0,45 50,1,30,,13841,31,0,45 50,1,73,,13830,31,0,45 50,1,27,,13846,31,0,45 50,1
41801,'1',1204,,19710,31,0,45 50,1,100,,19714,31,0,45 50,1,100,,1358,31,0,45 50,1,100,,19712,31,0,45 50,1,100,,5504,31,0,45 50,1,100,,19711,31,0,45 50,1,100,,19713,31,0,45 50,1
41801,'10',632,,19738,31,0,45 50,1,70,,19735,31,0,45 50,1,30,,19740,31,0,45 50,1,70,,19725,31,0,45 50,1,30,,19717,31,0,45 50,1,70,,19744,31,0,45 50,1,30,,19728,31,0,45 50,1,70,,19721,31,0,45 50,1,32,,19731,31,0,45 50,1,70,,19722,31,0,45 50,1,30,,19743,31,0,45 50,1,70,,19718,31,0,45 50,1,30,,19723,31,0,45 50,1,70,,19720,31,0,45 50,1,30,,19736,31,0,45 50,1,70,,19727,31,0,45 50,1,30,,19719,31,0,45 50,1,70,,19730,31,0,45 50,1,30,,19737,31,0,45 50,1,70,,19732,31,0,45 50,1,30,,19734,31,0,45 50,1,70,,19741,31,0,45 50,1,30,,19716,31,0,45 50,1,70,,19742,31,0,45 50,1,30,,19715,31,0,45 50,1,70,,19729,31,0,45 50,1,98,,19726,31,0,45 50,1,100,,19724,31,0,45 50,1,100,,19739,31,0,45 50,1,100,,19733,31,0,45 50,1
41801,'12',902,,19748,31,0,45 50,1,100,,19756,31,0,45 50,1,102,,19746,31,0,45 50,1,30,,19750,31,0,45 50,1,70,,19749,31,0,45 50,1,30,,19760,31,0,45 50,1,70,,19751,31,0,45 50,1,30,,19747,31,0,45 50,1,70,,19762,31,0,45 50,1,30,,19757,31,0,45 50,1,70,,6598,31,0,45 50,1,30,,19745,31,0,45 50,1,70,,19761,31,0,45 50,1,30,,19752,31,0,45 50,1,70,,19753,31,0,45 50,1,30,,19759,31,0,45 50,1,70,,19755,31,0,45 50,1,30,,19758,31,0,45 50,1,70,,7625,31,0,45 50,1,98,,19754,31,0,45 50,1
41801,'15',1904,,19765,31,0,45 50,1,98,,19766,31,0,45 50,1,100,,19763,31,0,45 50,1,100,,19764,31,0,45 50,1,100,,19767,31,0,45 50,1
41801,'16',1904,,19770,31,0,45 50,1,98,,19771,31,0,45 50,1,100,,19768,31,0,45 50,1,100,,19769,31,0,45 50,1,100,,19772,31,0,45 50,1
41801,'17',1904,,19775,31,0,45 50,1,98,,19776,31,0,45 50,1,100,,19773,31,0,45 50,1,100,,19774,31,0,45 50,1,100,,19777,31,0,45 50,1
41801,'19',1904,,5663,31,0,45 50,1,98,,19780,31,0,45 50,1,100,,19778,31,0,45 50,1,100,,19779,31,0,45 50,1,100,,19781,31,0,45 50,1
41801,'21',632,,19801,31,0,45 50,1,70,,19798,31,0,45 50,1,30,,19803,31,0,45 50,1,70,,19789,31,0,45 50,1,30,,19784,31,0,45 50,1,70,,19807,31,0,45 50,1,30,,19791,31,0,45 50,1,70,,19787,31,0,45 50,1,32,,19794,31,0,45 50,1,70,,6564,31,0,45 50,1,30,,19806,31,0,45 50,1,70,,7831,31,0,45 50,1,30,,19788,31,0,45 50,1,70,,19786,31,0,45 50,1,30,,19799,31,0,45 50,1,70,,19790,31,0,45 50,1,30,,19785,31,0,45 50,1,70,,19793,31,0,45 50,1,30,,19800,31,0,45 50,1,70,,19795,31,0,45 50,1,30,,19797,31,0,45 50,1,70,,19804,31,0,45 50,1,30,,19783,31,0,45 50,1,70,,19805,31,0,45 50,1,30,,19782,31,0,45 50,1,70,,19792,31,0,45 50,1,98,,6568,31,0,45 50,1,100,,8586,31,0,45 50,1,100,,19802,31,0,45 50,1,100,,19796,31,0,45 50,1
41801,'5',1904,,19810,31,0,45 50,1,98,,19811,31,0,45 50,1,100,,19808,31,0,45 50,1,100,,19809,31,0,45 50,1,100,,19812,31,0,45 50,1
41801,'6',1904,,19815,31,0,45 50,1,98,,19816,31,0,45 50,1,100,,19813,31,0,45 50,1,100,,19814,31,0,45 50,1,100,,19817,31,0,45 50,1
