31601,'11',714,,28707,8,,,1,15,,28687,8,,,1,15,,28686,8,,,1,15,,28679,8,,,1,55,,28703,8,,,1,15,,28714,8,,,1,15,,28712,8,,,1,15,,28696,8,,,1,55,,28695,8,,,1,15,,28709,8,,,1,15,,28705,8,,,1,15,,28708,8,,,1,55,,28672,8,,,1,15,,28702,8,,,1,15,,28692,8,,,1,15,,28711,8,,,1,55,,28699,8,,,1,15,,28671,8,,,1,15,,28676,8,,,1,15,,28678,8,,,1,55,,28673,8,,,1,15,,28697,8,,,1,15,,28710,8,,,1,15,,28698,8,,,1,55,,22598,8,,,1,15,,28682,8,,,1,15,,28688,8,,,1,15,,28683,8,,,1,55,,28704,8,,,1,15,,28690,8,,,1,15,,28684,8,,,1,15,,28701,8,,,1,55,,28689,8,,,1,15,,22794,8,,,1,15,,28674,8,,,1,15,,28691,8,,,1,55,,28700,8,,,1,15,,28693,8,,,1,15,,28685,8,,,1,15,,28694,8,,,1,55,,28680,8,,,1,15,,28681,8,,,1,15,,23141,8,,,1,15,,28675,8,,,1,55,,28677,8,,,1,15,,28706,8,,,1,15,,28713,8,,,1
31601,'3',714,,28751,8,,,1,15,,28731,8,,,1,15,,28730,8,,,1,15,,28723,8,,,1,55,,28747,8,,,1,15,,28758,8,,,1,15,,28756,8,,,1,15,,28740,8,,,1,55,,28739,8,,,1,15,,28753,8,,,1,15,,28749,8,,,1,15,,28752,8,,,1,55,,28716,8,,,1,15,,28746,8,,,1,15,,28736,8,,,1,15,,28755,8,,,1,55,,28743,8,,,1,15,,28715,8,,,1,15,,28720,8,,,1,15,,28722,8,,,1,55,,28717,8,,,1,15,,28741,8,,,1,15,,28754,8,,,1,15,,28742,8,,,1,55,,22614,8,,,1,15,,28726,8,,,1,15,,28732,8,,,1,15,,28727,8,,,1,55,,28748,8,,,1,15,,28734,8,,,1,15,,28728,8,,,1,15,,28745,8,,,1,55,,28733,8,,,1,15,,22816,8,,,1,15,,28718,8,,,1,15,,28735,8,,,1,55,,28744,8,,,1,15,,28737,8,,,1,15,,28729,8,,,1,15,,28738,8,,,1,55,,28724,8,,,1,15,,28725,8,,,1,15,,23154,8,,,1,15,,28719,8,,,1,55,,28721,8,,,1,15,,28750,8,,,1,15,,28757,8,,,1
33601,'11',714,,29359,8,0,57 18,1,30,,29368,8,0,57 18,1,70,,29358,8,0,57 18,1,30,,29375,8,0,57 18,1,70,,29376,8,0,57 18,1,30,,29356,8,0,57 18,1,70,,29374,8,0,57 18,1,30,,29369,8,0,57 18,1,70,,29370,8,0,57 18,1,30,,29362,8,0,57 18,1,70,,29371,8,0,57 18,1,30,,29372,8,0,57 18,1,70,,29360,8,0,57 18,1,30,,29363,8,0,57 18,1,70,,29364,8,0,57 18,1,30,,29357,8,0,57 18,1,70,,29366,8,0,57 18,1,30,,29361,8,0,57 18,1,70,,24400,8,0,57 18,1,30,,29365,8,0,57 18,1,70,,29373,8,0,57 18,1,30,,29367,8,0,57 18,1,70,,29355,8,0,57 18,1
33601,'3',714,,29381,8,0,57 18,1,30,,29390,8,0,57 18,1,70,,29380,8,0,57 18,1,30,,29397,8,0,57 18,1,70,,29398,8,0,57 18,1,30,,29378,8,0,57 18,1,70,,29396,8,0,57 18,1,30,,29391,8,0,57 18,1,70,,29392,8,0,57 18,1,30,,29384,8,0,57 18,1,70,,29393,8,0,57 18,1,30,,29394,8,0,57 18,1,70,,29382,8,0,57 18,1,30,,29385,8,0,57 18,1,70,,29386,8,0,57 18,1,30,,29379,8,0,57 18,1,70,,29388,8,0,57 18,1,30,,29383,8,0,57 18,1,70,,24422,8,0,57 18,1,30,,29387,8,0,57 18,1,70,,29395,8,0,57 18,1,30,,29389,8,0,57 18,1,70,,29377,8,0,57 18,1
41601,'1',734,,31783,8,,,1,70,,31807,8,,,1,30,,31785,8,,,1,70,,31798,8,,,1,25,,31799,8,,,1,30,,31788,8,,,1,71,,22955,8,,,1,70,,31805,8,,,1,30,,31797,8,,,1,70,,31789,8,,,1,30,,31792,8,,,1,70,,31803,8,,,1,30,,31795,8,,,1,70,,24008,8,,,1,30,,31784,8,,,1,70,,31808,8,,,1,30,,31814,8,,,1,70,,22208,8,,,1,30,,31801,8,,,1,70,,31812,8,,,1,30,,31786,8,,,1,70,,31810,8,,,1,35,,31804,8,,,1,69,,31796,8,,,1,30,,31793,8,,,1,70,,24686,8,,,1,30,,31791,8,,,1,70,,31794,8,,,1,30,,31790,8,,,1,67,,23235,8,,,1,3,,31800,8,,,1,27,,31802,8,,,1,3,,31813,8,,,1,67,,31787,8,,,1,3,,31806,8,,,1,27,,31811,8,,,1,3,,31809,8,,,1
41601,'11',1904,,31815,8,,,1,30,,31824,8,,,1,70,,31820,8,,,1,30,,31818,8,,,1,70,,31816,8,,,1,30,,31821,8,,,1,70,,31823,8,,,1,30,,31817,8,,,1,70,,31822,8,,,1,30,,31819,8,,,1
41601,'12',1105,,31826,8,,,1,30,,31835,8,,,1,70,,31834,8,,,1,30,,31831,8,,,1,70,,31833,8,,,1,30,,31832,8,,,1,70,,31828,8,,,1,30,,31827,8,,,1,70,,31830,8,,,1,30,,31836,8,,,1,70,,31837,8,,,1,30,,24535,8,,,1,70,,31838,8,,,1,30,,31825,8,,,1,70,,31829,8,,,1
41601,'14',734,,31839,8,,,1,70,,31866,8,,,1,30,,31841,8,,,1,70,,31857,8,,,1,25,,16948,8,,,1,30,,31846,8,,,1,71,,31842,8,,,1,70,,31864,8,,,1,30,,31854,8,,,1,70,,31847,8,,,1,30,,31850,8,,,1,70,,31862,8,,,1,30,,31852,8,,,1,70,,31845,8,,,1,30,,31840,8,,,1,70,,31867,8,,,1,30,,31873,8,,,1,70,,31860,8,,,1,30,,31859,8,,,1,70,,31871,8,,,1,30,,31843,8,,,1,70,,31869,8,,,1,35,,31863,8,,,1,69,,31853,8,,,1,30,,26451,8,,,1,70,,31855,8,,,1,30,,31849,8,,,1,70,,31851,8,,,1,30,,31848,8,,,1,67,,31856,8,,,1,3,,31858,8,,,1,27,,31861,8,,,1,3,,31872,8,,,1,67,,31844,8,,,1,3,,31865,8,,,1,27,,31870,8,,,1,3,,31868,8,,,1
41601,'3',1904,,31874,8,,,1,30,,31883,8,,,1,70,,31879,8,,,1,30,,31877,8,,,1,70,,31875,8,,,1,30,,31880,8,,,1,70,,31882,8,,,1,30,,31876,8,,,1,70,,31881,8,,,1,30,,31878,8,,,1
41601,'8',859,,31886,8,,,1,70,,31888,8,,,1,30,,31898,8,,,1,71,,31899,8,,,1,70,,26496,8,,,1,30,,31890,8,,,1,70,,25712,8,,,1,30,,31902,8,,,1,70,,31897,8,,,1,30,,31891,8,,,1,70,,31900,8,,,1,30,,31896,8,,,1,70,,31887,8,,,1,30,,31903,8,,,1,70,,31905,8,,,1,30,,31885,8,,,1,70,,31895,8,,,1,30,,31904,8,,,1,70,,31901,8,,,1,30,,31884,8,,,1,70,,31893,8,,,1,29,,31894,8,,,1,30,,31892,8,,,1,70,,31889,8,,,1
