32400,'15',705,,14665,5,0,54,1,100,,14666,5,0,54,1,100,,14664,5,0,54,1,100,,14655,5,0,54,1,100,,14663,5,0,54,1,100,,14659,5,0,54,1,100,,14657,5,0,54,1,100,,14660,5,0,54,1,100,,14662,5,0,54,1,100,,14658,5,0,54,1,100,,14661,5,0,54,1,100,,14656,5,0,54,1
32400,'16',705,,14685,5,0,54,1,30,,14672,5,0,54,1,70,,14687,5,0,54,1,30,,4307,5,0,54,1,70,,14683,5,0,54,1,30,,14684,5,0,54,1,70,,14667,5,0,54,1,30,,14671,5,0,54,1,70,,14680,5,0,54,1,30,,14681,5,0,54,1,70,,14674,5,0,54,1,30,,14682,5,0,54,1,70,,14670,5,0,54,1,30,,14686,5,0,54,1,70,,14675,5,0,54,1,30,,14668,5,0,54,1,70,,14679,5,0,54,1,30,,14676,5,0,54,1,70,,14673,5,0,54,1,30,,14669,5,0,54,1,70,,14677,5,0,54,1,30,,8057,5,0,54,1,70,,14678,5,0,54,1
32400,'17',705,,14705,5,0,54,1,30,,4944,5,0,54,1,70,,14707,5,0,54,1,30,,4321,5,0,54,1,70,,14703,5,0,54,1,30,,14704,5,0,54,1,70,,14688,5,0,54,1,30,,14692,5,0,54,1,70,,14700,5,0,54,1,30,,14701,5,0,54,1,70,,14694,5,0,54,1,30,,14702,5,0,54,1,70,,14691,5,0,54,1,30,,14706,5,0,54,1,70,,14695,5,0,54,1,30,,14689,5,0,54,1,70,,14699,5,0,54,1,30,,14696,5,0,54,1,70,,14693,5,0,54,1,30,,14690,5,0,54,1,70,,14697,5,0,54,1,30,,8063,5,0,54,1,70,,14698,5,0,54,1
32400,'19',705,,14725,5,0,54,1,30,,14712,5,0,54,1,70,,14727,5,0,54,1,30,,14710,5,0,54,1,70,,14724,5,0,54,1,30,,14723,5,0,54,1,70,,14709,5,0,54,1,30,,14708,5,0,54,1,70,,14722,5,0,54,1,30,,14720,5,0,54,1,70,,14715,5,0,54,1,30,,14726,5,0,54,1,70,,14713,5,0,54,1,30,,14718,5,0,54,1,70,,14716,5,0,54,1,30,,14728,5,0,54,1,70,,14721,5,0,54,1,30,,14729,5,0,54,1,70,,14714,5,0,54,1,30,,14730,5,0,54,1,70,,14719,5,0,54,1,30,,14711,5,0,54,1,70,,14717,5,0,54,1
32400,'5',705,,14747,5,0,54,1,30,,14734,5,0,54,1,70,,14749,5,0,54,1,30,,14741,5,0,54,1,70,,14746,5,0,54,1,30,,7609,5,0,54,1,70,,14731,5,0,54,1,30,,14750,5,0,54,1,70,,14745,5,0,54,1,30,,14743,5,0,54,1,70,,14736,5,0,54,1,30,,14739,5,0,54,1,70,,14733,5,0,54,1,30,,14744,5,0,54,1,70,,14738,5,0,54,1,30,,14748,5,0,54,1,70,,14742,5,0,54,1,30,,14732,5,0,54,1,70,,14735,5,0,54,1,30,,14751,5,0,54,1,70,,14740,5,0,54,1,30,,14737,5,0,54,1,70,,14752,5,0,54,1
32400,'6',705,,14763,5,0,54,1,100,,14764,5,0,54,1,100,,14762,5,0,54,1,100,,14753,5,0,54,1,100,,14761,5,0,54,1,100,,14757,5,0,54,1,100,,14755,5,0,54,1,100,,14758,5,0,54,1,100,,14760,5,0,54,1,100,,14756,5,0,54,1,100,,14759,5,0,54,1,100,,14754,5,0,54,1
42400,'10',705,,20413,5,0,54,1,30,,20394,5,0,54,1,70,,20416,5,0,54,1,30,,20393,5,0,54,1,70,,20401,5,0,54,1,30,,20414,5,0,54,1,70,,20387,5,0,54,1,30,,20395,5,0,54,1,70,,20388,5,0,54,1,30,,20389,5,0,54,1,70,,20385,5,0,54,1,30,,20396,5,0,54,1,70,,20407,5,0,54,1,30,,20392,5,0,54,1,70,,20399,5,0,54,1,30,,20402,5,0,54,1,70,,20390,5,0,54,1,30,,20386,5,0,54,1,70,,20403,5,0,54,1,30,,20383,5,0,54,1,70,,20406,5,0,54,1,30,,20391,5,0,54,1,70,,20411,5,0,54,1,30,,20409,5,0,54,1,70,,20408,5,0,54,1,30,,20384,5,0,54,1,70,,20405,5,0,54,1,30,,20400,5,0,54,1,70,,20415,5,0,54,1,30,,20412,5,0,54,1,70,,20398,5,0,54,1,30,,20410,5,0,54,1,70,,20404,5,0,54,1,30,,20397,5,0,54,1
42400,'15',1905,,20421,5,0,54,1,100,,20419,5,0,54,1,100,,20417,5,0,54,1,100,,20420,5,0,54,1,100,,20418,5,0,54,1
42400,'16',1835,,20423,5,0,54,1,70,,20431,5,0,54,1,30,,20430,5,0,54,1,70,,20427,5,0,54,1,30,,20429,5,0,54,1,70,,20424,5,0,54,1,30,,3163,5,0,54,1,70,,20428,5,0,54,1,100,,20426,5,0,54,1,30,,20425,5,0,54,1,70,,20422,5,0,54,1
42400,'17',1835,,20433,5,0,54,1,70,,20440,5,0,54,1,30,,20439,5,0,54,1,70,,20436,5,0,54,1,30,,20438,5,0,54,1,70,,20434,5,0,54,1,30,,3222,5,0,54,1,70,,20437,5,0,54,1,100,,20435,5,0,54,1,30,,4182,5,0,54,1,70,,20432,5,0,54,1
42400,'19',1905,,20444,5,0,54,1,100,,20443,5,0,54,1,100,,20441,5,0,54,1,100,,20445,5,0,54,1,100,,20442,5,0,54,1
42400,'5',1835,,20448,5,0,54,1,70,,20451,5,0,54,1,30,,20453,5,0,54,1,70,,20452,5,0,54,1,30,,20449,5,0,54,1,70,,20447,5,0,54,1,30,,20446,5,0,54,1,70,,20454,5,0,54,1,100,,20450,5,0,54,1
42400,'6',1905,,20459,5,0,54,1,100,,20457,5,0,54,1,100,,20455,5,0,54,1,100,,20458,5,0,54,1,100,,20456,5,0,54,1
