31600,'1',651,,7977,0,19,1,55,,7981,0,19,1,15,,7980,0,19,1,15,,7987,0,19,1,15,,7964,0,19,1,55,,7972,0,19,1,15,,7998,0,19,1,15,,7994,0,19,1,15,,8001,0,19,1,55,,7975,0,19,1,15,,7961,0,19,1,15,,8006,0,19,1,15,,7970,0,19,1,56,,7990,0,19,1,15,,7971,0,19,1,15,,7969,0,19,1,15,,7988,0,19,1,55,,7997,0,19,1,15,,8000,0,19,1,15,,7978,0,19,1,15,,7968,0,19,1,55,,8007,0,19,1,15,,7985,0,19,1,15,,7989,0,19,1,15,,7993,0,19,1,55,,8004,0,19,1,15,,7962,0,19,1,15,,7973,0,19,1,15,,7999,0,19,1,55,,7963,0,19,1,15,,7979,0,19,1,15,,7976,0,19,1,15,,7995,0,19,1,55,,7982,0,19,1,15,,7986,0,19,1,15,,7991,0,19,1,15,,7996,0,19,1,55,,8003,0,19,1,15,,7966,0,19,1,15,,8002,0,19,1,15,,8005,0,19,1,55,,7992,0,19,1,15,,7967,0,19,1,15,,7974,0,19,1,15,,7965,0,19,1,55,,7984,0,19,1,15,,7983,0,19,1
31600,'10',651,,8024,0,19,1,55,,8028,0,19,1,15,,8027,0,19,1,15,,8034,0,19,1,15,,8011,0,19,1,55,,8019,0,19,1,15,,8045,0,19,1,15,,8041,0,19,1,15,,8048,0,19,1,55,,8022,0,19,1,15,,8008,0,19,1,15,,8053,0,19,1,15,,8017,0,19,1,56,,8037,0,19,1,15,,8018,0,19,1,15,,8016,0,19,1,15,,8035,0,19,1,55,,8044,0,19,1,15,,8047,0,19,1,15,,8025,0,19,1,15,,8015,0,19,1,55,,8054,0,19,1,15,,8032,0,19,1,15,,8036,0,19,1,15,,8040,0,19,1,55,,8051,0,19,1,15,,8009,0,19,1,15,,8020,0,19,1,15,,8046,0,19,1,55,,8010,0,19,1,15,,8026,0,19,1,15,,8023,0,19,1,15,,8042,0,19,1,55,,8029,0,19,1,15,,8033,0,19,1,15,,8038,0,19,1,15,,8043,0,19,1,55,,8050,0,19,1,15,,8013,0,19,1,15,,8049,0,19,1,15,,8052,0,19,1,55,,8039,0,19,1,15,,8014,0,19,1,15,,8021,0,19,1,15,,8012,0,19,1,55,,8031,0,19,1,15,,8030,0,19,1
31600,'11',651,,803,0,19,1,55,,8089,0,19,1,15,,8088,0,19,1,7,,8081,0,19,1,8,,8094,0,19,1,7,,8063,0,19,1,8,,8061,0,19,1,7,,8058,0,19,1,48,,8074,0,19,1,7,,8060,0,19,1,8,,4932,0,19,1,7,,8095,0,19,1,8,,8101,0,19,1,7,,8100,0,19,1,8,,527,0,19,1,7,,8068,0,19,1,48,,8077,0,19,1,7,,425,0,19,1,8,,8055,0,19,1,10,,8108,0,19,1,5,,8115,0,19,1,5,,8086,0,19,1,10,,8072,0,19,1,56,,8097,0,19,1,15,,8073,0,19,1,10,,8085,0,19,1,5,,8066,0,19,1,5,,8102,0,19,1,10,,857,0,19,1,55,,8105,0,19,1,15,,8110,0,19,1,10,,8082,0,19,1,5,,8083,0,19,1,5,,8067,0,19,1,10,,8065,0,19,1,55,,8116,0,19,1,15,,8092,0,19,1,10,,8079,0,19,1,5,,8096,0,19,1,5,,4546,0,19,1,10,,8099,0,19,1,55,,8113,0,19,1,15,,8056,0,19,1,10,,2789,0,19,1,5,,8075,0,19,1,5,,3468,0,19,1,10,,8109,0,19,1,55,,8059,0,19,1,15,,8084,0,19,1,10,,8070,0,19,1,5,,8078,0,19,1,5,,8057,0,19,1,10,,4554,0,19,1,55,,8090,0,19,1,15,,8093,0,19,1,10,,8103,0,19,1,5,,8098,0,19,1,5,,8107,0,19,1,10,,8104,0,19,1,55,,8112,0,19,1,15,,8062,0,19,1,10,,8087,0,19,1,5,,8111,0,19,1,5,,8071,0,19,1,10,,8114,0,19,1,55,,1947,0,19,1,15,,8064,0,19,1,10,,2171,0,19,1,5,,8076,0,19,1,5,,8106,0,19,1,10,,5370,0,19,1,55,,8091,0,19,1,15,,2954,0,19,1,10,,8069,0,19,1,10,,8080,0,19,1
31600,'3',651,,779,0,19,1,55,,8144,0,19,1,15,,8143,0,19,1,7,,8142,0,19,1,8,,8151,0,19,1,7,,8163,0,19,1,8,,8123,0,19,1,7,,8127,0,19,1,48,,8131,0,19,1,7,,8136,0,19,1,8,,4903,0,19,1,7,,3050,0,19,1,8,,8158,0,19,1,7,,8141,0,19,1,8,,503,0,19,1,7,,8156,0,19,1,48,,8134,0,19,1,7,,5306,0,19,1,8,,8117,0,19,1,10,,8171,0,19,1,5,,8174,0,19,1,5,,5052,0,19,1,10,,8128,0,19,1,56,,8153,0,19,1,15,,8130,0,19,1,10,,8176,0,19,1,5,,8126,0,19,1,5,,8165,0,19,1,10,,834,0,19,1,55,,8164,0,19,1,15,,8167,0,19,1,10,,8119,0,19,1,5,,2283,0,19,1,5,,8154,0,19,1,10,,2376,0,19,1,55,,8177,0,19,1,15,,8148,0,19,1,10,,8129,0,19,1,5,,8152,0,19,1,5,,8150,0,19,1,10,,8157,0,19,1,55,,8172,0,19,1,15,,8118,0,19,1,10,,8138,0,19,1,5,,8132,0,19,1,5,,8137,0,19,1,10,,8166,0,19,1,55,,8121,0,19,1,15,,8140,0,19,1,10,,740,0,19,1,5,,8135,0,19,1,5,,8159,0,19,1,10,,8161,0,19,1,55,,8145,0,19,1,15,,8149,0,19,1,10,,8122,0,19,1,5,,8155,0,19,1,5,,8168,0,19,1,10,,8162,0,19,1,55,,8170,0,19,1,15,,8124,0,19,1,10,,8146,0,19,1,5,,8169,0,19,1,5,,8139,0,19,1,10,,8173,0,19,1,55,,1923,0,19,1,15,,8125,0,19,1,10,,8120,0,19,1,5,,8133,0,19,1,5,,1459,0,19,1,10,,5360,0,19,1,55,,8147,0,19,1,15,,2874,0,19,1,10,,8175,0,19,1,10,,8160,0,19,1
41600,'1',1852,,11999,0,19,1,69,,11993,0,19,1,30,,11995,0,19,1,70,,12000,0,19,1,30,,11996,0,19,1,70,,11998,0,19,1,30,,11997,0,19,1,70,,12001,0,19,1,30,,12002,0,19,1,70,,11994,0,19,1
41600,'10',1852,,12009,0,19,1,69,,12003,0,19,1,30,,12005,0,19,1,70,,12010,0,19,1,30,,12006,0,19,1,70,,12008,0,19,1,30,,12007,0,19,1,70,,12011,0,19,1,30,,12012,0,19,1,70,,12004,0,19,1
41600,'11',1852,,12018,0,19,1,69,,12013,0,19,1,30,,12015,0,19,1,70,,12019,0,19,1,30,,12016,0,19,1,70,,12017,0,19,1,30,,1249,0,19,1,70,,12020,0,19,1,30,,12021,0,19,1,70,,12014,0,19,1
41600,'12',1052,,12034,0,19,1,70,,12029,0,19,1,30,,12033,0,19,1,70,,12024,0,19,1,30,,12030,0,19,1,70,,12023,0,19,1,30,,12025,0,19,1,70,,12027,0,19,1,30,,12036,0,19,1,70,,12022,0,19,1,30,,12028,0,19,1,70,,12031,0,19,1,30,,12035,0,19,1,70,,12032,0,19,1,30,,12026,0,19,1
41600,'14',721,,2813,0,19,1,30,,12060,0,19,1,70,,12043,0,19,1,30,,12063,0,19,1,70,,12039,0,19,1,30,,12061,0,19,1,71,,12050,0,19,1,30,,12059,0,19,1,70,,12062,0,19,1,30,,12037,0,19,1,70,,12051,0,19,1,30,,12044,0,19,1,70,,12040,0,19,1,30,,2984,0,19,1,70,,12057,0,19,1,30,,12054,0,19,1,70,,12045,0,19,1,30,,12042,0,19,1,70,,12056,0,19,1,30,,4497,0,19,1,70,,3731,0,19,1,30,,12048,0,19,1,70,,12053,0,19,1,30,,12052,0,19,1,69,,12046,0,19,1,30,,3986,0,19,1,70,,12047,0,19,1,30,,12038,0,19,1,70,,12064,0,19,1,30,,12041,0,19,1,70,,12055,0,19,1,30,,12058,0,19,1,70,,12049,0,19,1
41600,'3',1852,,12070,0,19,1,69,,12065,0,19,1,30,,12067,0,19,1,70,,12071,0,19,1,30,,12068,0,19,1,70,,12069,0,19,1,30,,1226,0,19,1,70,,2344,0,19,1,30,,12072,0,19,1,70,,12066,0,19,1
41600,'7',851,,12081,0,19,1,70,,12082,0,19,1,30,,3627,0,19,1,71,,12075,0,19,1,30,,4914,0,19,1,70,,12087,0,19,1,30,,12090,0,19,1,70,,12079,0,19,1,30,,12084,0,19,1,70,,12086,0,19,1,30,,12078,0,19,1,70,,12074,0,19,1,30,,3394,0,19,1,70,,12088,0,19,1,30,,12089,0,19,1,70,,12085,0,19,1,30,,12092,0,19,1,70,,12076,0,19,1,30,,12073,0,19,1,70,,12080,0,19,1,30,,12091,0,19,1,69,,12077,0,19,1,30,,12083,0,19,1
