32101,'12',709,,36378,4,0,56,1,100,,36376,4,0,56,1,100,,36374,4,0,56,1,100,,36371,4,0,56,1,100,,36380,4,0,56,1,100,,36372,4,0,56,1,100,,36370,4,0,56,1,100,,36377,4,0,56,1,100,,36369,4,0,56,1,100,,36379,4,0,56,1,100,,36375,4,0,56,1,100,,36373,4,0,56,1
32101,'13',809,,36384,4,0,56,1,100,,28026,4,0,56,1,100,,36382,4,0,56,1,400,,36385,4,0,56,1,100,,36381,4,0,56,1,100,,36386,4,0,56,1,100,,36383,4,0,56,1
32101,'3',809,,36390,4,0,56,1,100,,28049,4,0,56,1,100,,36388,4,0,56,1,400,,36391,4,0,56,1,100,,36387,4,0,56,1,100,,36392,4,0,56,1,100,,36389,4,0,56,1
32101,'6',709,,36402,4,0,56,1,100,,36400,4,0,56,1,100,,36398,4,0,56,1,100,,36395,4,0,56,1,100,,36404,4,0,56,1,100,,36396,4,0,56,1,100,,36394,4,0,56,1,100,,36401,4,0,56,1,100,,36393,4,0,56,1,100,,36403,4,0,56,1,100,,36399,4,0,56,1,100,,36397,4,0,56,1
33100,'12',733,,36630,4,0,55,1,100,,36626,4,0,55,1,100,,36632,4,0,55,1,100,,36627,4,0,55,1,100,,36624,4,0,55,1,100,,36628,4,0,55,1,100,,36631,4,0,55,1,100,,36633,4,0,55,1,100,,36629,4,0,55,1,100,,36623,4,0,55,1,100,,36625,4,0,55,1
42101,'11',709,,41572,4,0,56,1,100,,41571,4,0,56,1,100,,41580,4,0,56,1,100,,41569,4,0,56,1,100,,41578,4,0,56,1,100,,41565,4,0,56,1,100,,41570,4,0,56,1,100,,41576,4,0,56,1,100,,41581,4,0,56,1,100,,41568,4,0,56,1,100,,41567,4,0,56,1,100,,41574,4,0,56,1,100,,41566,4,0,56,1,100,,41577,4,0,56,1,100,,41573,4,0,56,1,100,,41579,4,0,56,1,100,,41575,4,0,56,1
42101,'12',1909,,41584,4,0,56,1,100,,41582,4,0,56,1,100,,41585,4,0,56,1,100,,41583,4,0,56,1,100,,41586,4,0,56,1
42101,'6',1909,,41589,4,0,56,1,100,,41587,4,0,56,1,100,,41590,4,0,56,1,100,,41588,4,0,56,1,100,,41591,4,0,56,1
43100,'1',732,,41671,4,0,55,1,100,,41674,4,0,55,1,100,,30687,4,0,55,1,101,,41663,4,0,55,1,100,,41665,4,0,55,1,100,,41662,4,0,55,1,100,,41666,4,0,55,1,100,,41668,4,0,55,1,100,,41672,4,0,55,1,100,,30950,4,0,55,1,100,,41669,4,0,55,1,100,,41673,4,0,55,1,100,,41664,4,0,55,1,100,,41670,4,0,55,1,100,,41675,4,0,55,1,100,,41667,4,0,55,1
43100,'12',1833,,41678,4,0,55,1,100,,41680,4,0,55,1,100,,41676,4,0,55,1,100,,41679,4,0,55,1,100,,41681,4,0,55,1,100,,41677,4,0,55,1
