32000,'12',635,,36165,8,0,47 18,1,71,,36172,8,0,47 18,1,30,,36168,8,0,47 18,1,70,,36153,8,0,47 18,1,30,,36169,8,0,47 18,1,70,,36161,8,0,47 18,1,30,,36173,8,0,47 18,1,70,,36151,8,0,47 18,1,30,,36155,8,0,47 18,1,70,,36152,8,0,47 18,1,30,,36163,8,0,47 18,1,70,,36171,8,0,47 18,1,30,,36167,8,0,47 18,1,70,,36162,8,0,47 18,1,30,,36158,8,0,47 18,1,71,,36156,8,0,47 18,1,30,,36160,8,0,47 18,1,70,,36170,8,0,47 18,1,30,,36174,8,0,47 18,1,70,,36157,8,0,47 18,1,30,,36166,8,0,47 18,1,70,,36154,8,0,47 18,1,30,,36164,8,0,47 18,1,70,,36159,8,0,47 18,1
32000,'13',635,,36186,8,0,47 18,1,71,,36192,8,0,47 18,1,30,,36188,8,0,47 18,1,70,,36176,8,0,47 18,1,30,,36189,8,0,47 18,1,70,,36182,8,0,47 18,1,30,,36193,8,0,47 18,1,70,,28765,8,0,47 18,1,30,,27762,8,0,47 18,1,70,,36175,8,0,47 18,1,30,,36184,8,0,47 18,1,70,,36191,8,0,47 18,1,30,,28507,8,0,47 18,1,70,,36183,8,0,47 18,1,30,,36179,8,0,47 18,1,71,,36177,8,0,47 18,1,30,,36181,8,0,47 18,1,70,,36190,8,0,47 18,1,30,,36194,8,0,47 18,1,70,,36178,8,0,47 18,1,30,,36187,8,0,47 18,1,70,,29458,8,0,47 18,1,30,,36185,8,0,47 18,1,70,,36180,8,0,47 18,1
32000,'3',635,,36206,8,0,47 18,1,71,,36212,8,0,47 18,1,30,,36208,8,0,47 18,1,70,,36196,8,0,47 18,1,30,,36209,8,0,47 18,1,70,,36202,8,0,47 18,1,30,,36213,8,0,47 18,1,70,,28787,8,0,47 18,1,30,,27782,8,0,47 18,1,70,,36195,8,0,47 18,1,30,,36204,8,0,47 18,1,70,,36211,8,0,47 18,1,30,,28531,8,0,47 18,1,70,,36203,8,0,47 18,1,30,,36199,8,0,47 18,1,71,,36197,8,0,47 18,1,30,,36201,8,0,47 18,1,70,,36210,8,0,47 18,1,30,,36214,8,0,47 18,1,70,,36198,8,0,47 18,1,30,,36207,8,0,47 18,1,70,,29579,8,0,47 18,1,30,,36205,8,0,47 18,1,70,,36200,8,0,47 18,1
32000,'6',635,,36229,8,0,47 18,1,71,,36236,8,0,47 18,1,30,,36232,8,0,47 18,1,70,,36217,8,0,47 18,1,30,,36233,8,0,47 18,1,70,,36225,8,0,47 18,1,30,,36237,8,0,47 18,1,70,,36215,8,0,47 18,1,30,,36219,8,0,47 18,1,70,,36216,8,0,47 18,1,30,,36227,8,0,47 18,1,70,,36235,8,0,47 18,1,30,,36231,8,0,47 18,1,70,,36226,8,0,47 18,1,30,,36222,8,0,47 18,1,71,,36220,8,0,47 18,1,30,,36224,8,0,47 18,1,70,,36234,8,0,47 18,1,30,,36238,8,0,47 18,1,70,,36221,8,0,47 18,1,30,,36230,8,0,47 18,1,70,,36218,8,0,47 18,1,30,,36228,8,0,47 18,1,70,,36223,8,0,47 18,1
42000,'1',635,,41282,8,0,47 18,1,71,,41266,8,0,47 18,1,30,,31185,8,0,47 18,1,70,,41272,8,0,47 18,1,30,,41262,8,0,47 18,1,70,,41259,8,0,47 18,1,30,,41265,8,0,47 18,1,70,,41276,8,0,47 18,1,30,,41267,8,0,47 18,1,70,,41261,8,0,47 18,1,30,,32493,8,0,47 18,1,70,,41283,8,0,47 18,1,30,,32582,8,0,47 18,1,70,,41281,8,0,47 18,1,30,,30863,8,0,47 18,1,71,,41271,8,0,47 18,1,30,,41278,8,0,47 18,1,70,,41260,8,0,47 18,1,30,,41273,8,0,47 18,1,70,,41263,8,0,47 18,1,30,,41269,8,0,47 18,1,70,,41284,8,0,47 18,1,30,,41277,8,0,47 18,1,70,,41270,8,0,47 18,1,30,,41274,8,0,47 18,1,99,,41280,8,0,47 18,1,100,,41268,8,0,47 18,1,100,,41264,8,0,47 18,1,100,,41279,8,0,47 18,1,100,,41275,8,0,47 18,1
42000,'11',635,,41311,8,0,47 18,1,71,,41292,8,0,47 18,1,30,,41296,8,0,47 18,1,70,,41301,8,0,47 18,1,30,,41288,8,0,47 18,1,70,,41285,8,0,47 18,1,30,,41291,8,0,47 18,1,70,,41305,8,0,47 18,1,30,,41294,8,0,47 18,1,70,,41287,8,0,47 18,1,30,,41314,8,0,47 18,1,70,,41312,8,0,47 18,1,30,,41293,8,0,47 18,1,70,,41310,8,0,47 18,1,30,,41299,8,0,47 18,1,71,,41300,8,0,47 18,1,30,,41307,8,0,47 18,1,70,,41286,8,0,47 18,1,30,,41302,8,0,47 18,1,70,,41289,8,0,47 18,1,30,,41297,8,0,47 18,1,70,,41313,8,0,47 18,1,30,,41306,8,0,47 18,1,70,,41298,8,0,47 18,1,30,,41303,8,0,47 18,1,99,,41309,8,0,47 18,1,100,,41295,8,0,47 18,1,100,,41290,8,0,47 18,1,100,,41308,8,0,47 18,1,100,,41304,8,0,47 18,1
42000,'12',1837,,41318,8,0,47 18,1,99,,41315,8,0,47 18,1,100,,41319,8,0,47 18,1,100,,41317,8,0,47 18,1,100,,41316,8,0,47 18,1,100,,41320,8,0,47 18,1
42000,'13',1837,,28025,8,0,47 18,1,99,,41321,8,0,47 18,1,100,,28605,8,0,47 18,1,100,,41323,8,0,47 18,1,100,,41322,8,0,47 18,1,100,,41324,8,0,47 18,1
42000,'14',1106,,41334,8,0,47 18,1,30,,41337,8,0,47 18,1,70,,41330,8,0,47 18,1,30,,41335,8,0,47 18,1,70,,41333,8,0,47 18,1,30,,41329,8,0,47 18,1,71,,41327,8,0,47 18,1,30,,41336,8,0,47 18,1,70,,41338,8,0,47 18,1,30,,41331,8,0,47 18,1,70,,41326,8,0,47 18,1,30,,41328,8,0,47 18,1,70,,41325,8,0,47 18,1,30,,41332,8,0,47 18,1
42000,'16',635,,41363,8,0,47 18,1,71,,41346,8,0,47 18,1,30,,31210,8,0,47 18,1,70,,41353,8,0,47 18,1,30,,41342,8,0,47 18,1,70,,41339,8,0,47 18,1,30,,41345,8,0,47 18,1,70,,41357,8,0,47 18,1,30,,41348,8,0,47 18,1,70,,41341,8,0,47 18,1,30,,41366,8,0,47 18,1,70,,41364,8,0,47 18,1,30,,41347,8,0,47 18,1,70,,41362,8,0,47 18,1,30,,30903,8,0,47 18,1,71,,41352,8,0,47 18,1,30,,41359,8,0,47 18,1,70,,41340,8,0,47 18,1,30,,41354,8,0,47 18,1,70,,41343,8,0,47 18,1,30,,41350,8,0,47 18,1,70,,41365,8,0,47 18,1,30,,41358,8,0,47 18,1,70,,41351,8,0,47 18,1,30,,41355,8,0,47 18,1,99,,41361,8,0,47 18,1,100,,41349,8,0,47 18,1,100,,41344,8,0,47 18,1,100,,41360,8,0,47 18,1,100,,41356,8,0,47 18,1
42000,'3',1837,,28048,8,0,47 18,1,99,,41367,8,0,47 18,1,100,,28647,8,0,47 18,1,100,,41369,8,0,47 18,1,100,,41368,8,0,47 18,1,100,,41370,8,0,47 18,1
42000,'6',1837,,41374,8,0,47 18,1,99,,41371,8,0,47 18,1,100,,41375,8,0,47 18,1,100,,41373,8,0,47 18,1,100,,41372,8,0,47 18,1,100,,41376,8,0,47 18,1
42000,'8',906,,41390,8,0,47 18,1,30,,41397,8,0,47 18,1,70,,41396,8,0,47 18,1,30,,41398,8,0,47 18,1,70,,30493,8,0,47 18,1,30,,41377,8,0,47 18,1,70,,41380,8,0,47 18,1,30,,41379,8,0,47 18,1,70,,41392,8,0,47 18,1,30,,41393,8,0,47 18,1,71,,41394,8,0,47 18,1,30,,41389,8,0,47 18,1,70,,41381,8,0,47 18,1,30,,41387,8,0,47 18,1,70,,41384,8,0,47 18,1,30,,41378,8,0,47 18,1,70,,41385,8,0,47 18,1,30,,41391,8,0,47 18,1,70,,41395,8,0,47 18,1,30,,41388,8,0,47 18,1,69,,41386,8,0,47 18,1,30,,41382,8,0,47 18,1,70,,41383,8,0,47 18,1
43201,'1',756,,41724,10,0,52,1,100,,41725,10,0,52,1,100,,41716,10,0,52,1,100,,41721,10,0,52,1,100,,41715,10,0,52,1,100,,41719,10,0,52,1,100,,41727,10,0,52,1,102,,41729,10,0,52,1,100,,41718,10,0,52,1,100,,41728,10,0,52,1,100,,41720,10,0,52,1,100,,41722,10,0,52,1,99,,41726,10,0,52,1,100,,30869,10,0,52,1,100,,41723,10,0,52,1,100,,41717,10,0,52,1
