30300,'15',621,,9621,14,,,1,30,,9612,14,,,1,70,,9617,14,,,1,30,,9613,14,,,1,70,,9609,14,,,1,30,,9614,14,,,1,70,,9626,14,,,1,30,,9611,14,,,1,70,,9622,14,,,1,30,,9619,14,,,1,70,,9606,14,,,1,30,,9605,14,,,1,70,,9607,14,,,1,30,,9627,14,,,1,70,,9616,14,,,1,30,,9628,14,,,1,70,,9618,14,,,1,30,,9608,14,,,1,70,,9624,14,,,1,30,,9615,14,,,1,70,,9610,14,,,1,30,,9623,14,,,1,70,,9625,14,,,1,30,,9620,14,,,1
30300,'16',621,,9641,14,,,1,30,,9635,14,,,1,70,,9638,14,,,1,30,,3157,14,,,1,70,,9632,14,,,1,30,,9636,14,,,1,70,,9646,14,,,1,30,,9634,14,,,1,70,,9642,14,,,1,30,,9630,14,,,1,70,,1281,14,,,1,30,,9629,14,,,1,70,,7644,14,,,1,30,,9647,14,,,1,70,,9637,14,,,1,30,,9648,14,,,1,70,,9639,14,,,1,30,,9631,14,,,1,70,,9644,14,,,1,30,,6781,14,,,1,70,,9633,14,,,1,30,,9643,14,,,1,70,,9645,14,,,1,30,,9640,14,,,1
30300,'17',621,,9659,14,,,1,30,,9654,14,,,1,70,,5127,14,,,1,30,,3215,14,,,1,70,,4945,14,,,1,30,,9655,14,,,1,70,,9664,14,,,1,30,,9653,14,,,1,70,,9660,14,,,1,30,,9650,14,,,1,70,,1306,14,,,1,30,,9649,14,,,1,70,,7650,14,,,1,30,,9665,14,,,1,70,,9656,14,,,1,30,,9666,14,,,1,70,,9657,14,,,1,30,,9651,14,,,1,70,,9662,14,,,1,30,,6788,14,,,1,70,,9652,14,,,1,30,,9661,14,,,1,70,,9663,14,,,1,30,,9658,14,,,1
30300,'19',621,,9682,14,,,1,30,,8782,14,,,1,70,,9679,14,,,1,30,,9675,14,,,1,70,,9671,14,,,1,30,,9676,14,,,1,70,,9687,14,,,1,30,,9674,14,,,1,70,,9683,14,,,1,30,,9673,14,,,1,70,,9668,14,,,1,30,,9667,14,,,1,70,,9669,14,,,1,30,,9688,14,,,1,70,,9678,14,,,1,30,,9689,14,,,1,70,,9680,14,,,1,30,,9670,14,,,1,70,,9685,14,,,1,30,,9677,14,,,1,70,,9672,14,,,1,30,,9684,14,,,1,70,,9686,14,,,1,30,,9681,14,,,1
30300,'5',621,,9702,14,,,1,30,,9696,14,,,1,70,,9699,14,,,1,30,,3286,14,,,1,70,,9692,14,,,1,30,,9697,14,,,1,70,,9707,14,,,1,30,,9695,14,,,1,70,,9703,14,,,1,30,,9694,14,,,1,70,,1331,14,,,1,30,,9690,14,,,1,70,,7693,14,,,1,30,,9708,14,,,1,70,,9698,14,,,1,30,,9709,14,,,1,70,,9700,14,,,1,30,,9691,14,,,1,70,,9705,14,,,1,30,,6832,14,,,1,70,,9693,14,,,1,30,,9704,14,,,1,70,,9706,14,,,1,30,,9701,14,,,1
30300,'6',621,,9726,14,,,1,30,,9717,14,,,1,70,,9722,14,,,1,30,,9718,14,,,1,70,,9714,14,,,1,30,,9719,14,,,1,70,,9731,14,,,1,30,,9716,14,,,1,70,,9727,14,,,1,30,,9724,14,,,1,70,,9711,14,,,1,30,,9710,14,,,1,70,,9712,14,,,1,30,,9732,14,,,1,70,,9721,14,,,1,30,,9733,14,,,1,70,,9723,14,,,1,30,,9713,14,,,1,70,,9729,14,,,1,30,,9720,14,,,1,70,,9715,14,,,1,30,,9728,14,,,1,70,,9730,14,,,1,30,,9725,14,,,1
31500,'15',644,,12424,33,,,1,70,,12434,33,,,1,30,,12422,33,,,1,70,,12437,33,,,1,30,,12432,33,,,1,70,,12444,33,,,1,30,,12427,33,,,1,70,,12438,33,,,1,30,,12431,33,,,1,70,,12435,33,,,1,30,,12442,33,,,1,70,,12425,33,,,1,30,,12429,33,,,1,70,,12443,33,,,1,30,,12428,33,,,1,72,,12423,33,,,1,30,,12426,33,,,1,70,,12439,33,,,1,30,,12421,33,,,1,70,,12441,33,,,1,30,,12440,33,,,1,70,,12433,33,,,1,30,,12436,33,,,1,70,,12430,33,,,1
31500,'16',644,,12448,33,,,1,70,,12456,33,,,1,30,,12446,33,,,1,70,,12457,33,,,1,30,,12455,33,,,1,70,,12463,33,,,1,30,,7886,33,,,1,70,,12458,33,,,1,30,,4828,33,,,1,70,,3449,33,,,1,30,,12461,33,,,1,70,,12449,33,,,1,30,,12452,33,,,1,70,,12462,33,,,1,30,,12451,33,,,1,72,,12447,33,,,1,30,,12450,33,,,1,70,,12453,33,,,1,30,,12445,33,,,1,70,,12460,33,,,1,30,,12459,33,,,1,70,,12464,33,,,1,30,,270,33,,,1,70,,12454,33,,,1
31500,'17',644,,12468,33,,,1,70,,12476,33,,,1,30,,12466,33,,,1,70,,12477,33,,,1,30,,12475,33,,,1,70,,12483,33,,,1,30,,7891,33,,,1,70,,12478,33,,,1,30,,12474,33,,,1,70,,3473,33,,,1,30,,12481,33,,,1,70,,12469,33,,,1,30,,12471,33,,,1,70,,12482,33,,,1,30,,8409,33,,,1,72,,12467,33,,,1,30,,12470,33,,,1,70,,12472,33,,,1,30,,12465,33,,,1,70,,12480,33,,,1,30,,12479,33,,,1,70,,12484,33,,,1,30,,320,33,,,1,70,,12473,33,,,1
31500,'19',644,,12488,33,,,1,70,,12498,33,,,1,30,,12486,33,,,1,70,,5660,33,,,1,30,,12496,33,,,1,70,,12506,33,,,1,30,,12491,33,,,1,70,,12501,33,,,1,30,,12495,33,,,1,70,,12499,33,,,1,30,,12503,33,,,1,70,,12489,33,,,1,30,,12493,33,,,1,70,,12504,33,,,1,30,,12492,33,,,1,72,,12487,33,,,1,30,,12490,33,,,1,70,,12505,33,,,1,30,,12485,33,,,1,70,,12502,33,,,1,30,,7554,33,,,1,70,,12497,33,,,1,30,,12500,33,,,1,70,,12494,33,,,1
31500,'5',644,,12510,33,,,1,70,,12519,33,,,1,30,,12508,33,,,1,70,,12520,33,,,1,30,,12517,33,,,1,70,,12527,33,,,1,30,,7933,33,,,1,70,,12521,33,,,1,30,,12516,33,,,1,70,,3497,33,,,1,30,,12524,33,,,1,70,,12511,33,,,1,30,,12514,33,,,1,70,,12525,33,,,1,30,,12513,33,,,1,72,,12509,33,,,1,30,,12512,33,,,1,70,,12526,33,,,1,30,,12507,33,,,1,70,,12523,33,,,1,30,,12522,33,,,1,70,,12518,33,,,1,30,,370,33,,,1,70,,12515,33,,,1
31500,'6',644,,12531,33,,,1,70,,12541,33,,,1,30,,12529,33,,,1,70,,12544,33,,,1,30,,12539,33,,,1,70,,12551,33,,,1,30,,12534,33,,,1,70,,12545,33,,,1,30,,12538,33,,,1,70,,12542,33,,,1,30,,12549,33,,,1,70,,12532,33,,,1,30,,12536,33,,,1,70,,12550,33,,,1,30,,12535,33,,,1,72,,12530,33,,,1,30,,12533,33,,,1,70,,12546,33,,,1,30,,12528,33,,,1,70,,12548,33,,,1,30,,12547,33,,,1,70,,12540,33,,,1,30,,12543,33,,,1,70,,12537,33,,,1
32301,'15',705,,14563,15,0,20 30 31,1,31,,14560,15,0,20 30 31,1,100,,14562,15,0,20 30 31,1,100,,14557,15,0,20 30 31,1,99,,14558,15,0,20 30 31,1,100,,14556,15,0,20 30 31,1,100,,14559,15,0,20 30 31,1,100,,14564,15,0,20 30 31,1,100,,14566,15,0,20 30 31,1,100,,14565,15,0,20 30 31,1,100,,14555,15,0,20 30 31,1,100,,14561,15,0,20 30 31,1
32301,'16',705,,14578,15,0,20 30 31,1,31,,14575,15,0,20 30 31,1,70,,14584,15,0,20 30 31,1,30,,4924,15,0,20 30 31,1,70,,14570,15,0,20 30 31,1,30,,3741,15,0,20 30 31,1,69,,14572,15,0,20 30 31,1,30,,14573,15,0,20 30 31,1,70,,14571,15,0,20 30 31,1,30,,14568,15,0,20 30 31,1,70,,14569,15,0,20 30 31,1,30,,14574,15,0,20 30 31,1,70,,14582,15,0,20 30 31,1,30,,3171,15,0,20 30 31,1,70,,14579,15,0,20 30 31,1,30,,14585,15,0,20 30 31,1,70,,14576,15,0,20 30 31,1,30,,14581,15,0,20 30 31,1,70,,14580,15,0,20 30 31,1,30,,14567,15,0,20 30 31,1,70,,14583,15,0,20 30 31,1,30,,14577,15,0,20 30 31,1,70,,3753,15,0,20 30 31,1
32301,'17',705,,14593,15,0,20 30 31,1,31,,7536,15,0,20 30 31,1,70,,14599,15,0,20 30 31,1,30,,4970,15,0,20 30 31,1,70,,14588,15,0,20 30 31,1,30,,3765,15,0,20 30 31,1,69,,14589,15,0,20 30 31,1,30,,14590,15,0,20 30 31,1,70,,2951,15,0,20 30 31,1,30,,14587,15,0,20 30 31,1,70,,4175,15,0,20 30 31,1,30,,2966,15,0,20 30 31,1,70,,14597,15,0,20 30 31,1,30,,3238,15,0,20 30 31,1,70,,14594,15,0,20 30 31,1,30,,14600,15,0,20 30 31,1,70,,14591,15,0,20 30 31,1,30,,14596,15,0,20 30 31,1,70,,14595,15,0,20 30 31,1,30,,14586,15,0,20 30 31,1,70,,14598,15,0,20 30 31,1,30,,14592,15,0,20 30 31,1,70,,3777,15,0,20 30 31,1
32301,'19',705,,14615,15,0,20 30 31,1,31,,14610,15,0,20 30 31,1,70,,14616,15,0,20 30 31,1,30,,14614,15,0,20 30 31,1,70,,14611,15,0,20 30 31,1,30,,14603,15,0,20 30 31,1,69,,14612,15,0,20 30 31,1,30,,14605,15,0,20 30 31,1,70,,14608,15,0,20 30 31,1,30,,14602,15,0,20 30 31,1,70,,14604,15,0,20 30 31,1,30,,14607,15,0,20 30 31,1,70,,14617,15,0,20 30 31,1,30,,14618,15,0,20 30 31,1,70,,14606,15,0,20 30 31,1,30,,14623,15,0,20 30 31,1,70,,14609,15,0,20 30 31,1,30,,14619,15,0,20 30 31,1,70,,14620,15,0,20 30 31,1,30,,14601,15,0,20 30 31,1,70,,14622,15,0,20 30 31,1,30,,14613,15,0,20 30 31,1,70,,14621,15,0,20 30 31,1
32301,'5',705,,14634,15,0,20 30 31,1,31,,14632,15,0,20 30 31,1,70,,14628,15,0,20 30 31,1,30,,5022,15,0,20 30 31,1,70,,14637,15,0,20 30 31,1,30,,3789,15,0,20 30 31,1,69,,2098,15,0,20 30 31,1,30,,14629,15,0,20 30 31,1,70,,14625,15,0,20 30 31,1,30,,14626,15,0,20 30 31,1,70,,14636,15,0,20 30 31,1,30,,14631,15,0,20 30 31,1,70,,14640,15,0,20 30 31,1,30,,3304,15,0,20 30 31,1,70,,14630,15,0,20 30 31,1,30,,14642,15,0,20 30 31,1,70,,14639,15,0,20 30 31,1,30,,14638,15,0,20 30 31,1,70,,14635,15,0,20 30 31,1,30,,14624,15,0,20 30 31,1,70,,14627,15,0,20 30 31,1,30,,14633,15,0,20 30 31,1,70,,14641,15,0,20 30 31,1
32301,'6',705,,14651,15,0,20 30 31,1,31,,14648,15,0,20 30 31,1,100,,14650,15,0,20 30 31,1,100,,14645,15,0,20 30 31,1,99,,14646,15,0,20 30 31,1,100,,14644,15,0,20 30 31,1,100,,14647,15,0,20 30 31,1,100,,14652,15,0,20 30 31,1,100,,14654,15,0,20 30 31,1,100,,14653,15,0,20 30 31,1,100,,14643,15,0,20 30 31,1,100,,14649,15,0,20 30 31,1
41500,'1',1134,,18792,42,0,20 14 21 18,1,100,,18791,42,0,20 14 21 18,1,100,,18793,42,0,20 14 21 18,1,100,,18794,42,0,20 14 21 18,1,100,,2758,42,0,20 14 21 18,1,100,,18795,42,0,20 14 21 18,1,100,,18790,42,0,20 14 21 18,1
41500,'10',703,,18807,42,0,20 14 21 18,1,30,,18818,42,0,20 14 21 18,1,70,,18823,42,0,20 14 21 18,1,30,,18810,42,0,20 14 21 18,1,70,,18804,42,0,20 14 21 18,1,30,,18812,42,0,20 14 21 18,1,70,,18809,42,0,20 14 21 18,1,31,,18815,42,0,20 14 21 18,1,70,,18801,42,0,20 14 21 18,1,30,,18816,42,0,20 14 21 18,1,70,,18813,42,0,20 14 21 18,1,30,,18797,42,0,20 14 21 18,1,70,,18806,42,0,20 14 21 18,1,30,,18821,42,0,20 14 21 18,1,70,,18805,42,0,20 14 21 18,1,30,,18820,42,0,20 14 21 18,1,70,,18824,42,0,20 14 21 18,1,30,,18803,42,0,20 14 21 18,1,70,,18798,42,0,20 14 21 18,1,30,,18796,42,0,20 14 21 18,1,70,,18817,42,0,20 14 21 18,1,30,,18800,42,0,20 14 21 18,1,70,,18811,42,0,20 14 21 18,1,30,,18802,42,0,20 14 21 18,1,99,,18799,42,0,20 14 21 18,1,100,,18808,42,0,20 14 21 18,1,100,,18819,42,0,20 14 21 18,1,100,,18822,42,0,20 14 21 18,1,100,,18814,42,0,20 14 21 18,1
41500,'12',933,,18833,42,0,20 14 21 18,1,101,,18834,42,0,20 14 21 18,1,70,,18837,42,0,20 14 21 18,1,30,,18827,42,0,20 14 21 18,1,70,,18830,42,0,20 14 21 18,1,30,,18831,42,0,20 14 21 18,1,70,,18838,42,0,20 14 21 18,1,30,,18836,42,0,20 14 21 18,1,70,,7789,42,0,20 14 21 18,1,30,,18825,42,0,20 14 21 18,1,70,,18839,42,0,20 14 21 18,1,30,,18842,42,0,20 14 21 18,1,70,,18841,42,0,20 14 21 18,1,30,,18826,42,0,20 14 21 18,1,70,,18840,42,0,20 14 21 18,1,30,,18828,42,0,20 14 21 18,1,70,,18829,42,0,20 14 21 18,1,30,,18832,42,0,20 14 21 18,1,99,,18835,42,0,20 14 21 18,1
41500,'15',1834,,18846,42,0,20 14 21 18,1,99,,18844,42,0,20 14 21 18,1,100,,18843,42,0,20 14 21 18,1,100,,18848,42,0,20 14 21 18,1,100,,18847,42,0,20 14 21 18,1,100,,18845,42,0,20 14 21 18,1
41500,'16',1834,,18851,42,0,20 14 21 18,1,99,,18850,42,0,20 14 21 18,1,100,,18849,42,0,20 14 21 18,1,100,,18853,42,0,20 14 21 18,1,100,,18852,42,0,20 14 21 18,1,100,,8374,42,0,20 14 21 18,1
41500,'17',1834,,18857,42,0,20 14 21 18,1,99,,18855,42,0,20 14 21 18,1,100,,18854,42,0,20 14 21 18,1,100,,18859,42,0,20 14 21 18,1,100,,18858,42,0,20 14 21 18,1,100,,18856,42,0,20 14 21 18,1
41500,'19',1834,,18863,42,0,20 14 21 18,1,99,,18861,42,0,20 14 21 18,1,100,,18860,42,0,20 14 21 18,1,100,,18865,42,0,20 14 21 18,1,100,,18864,42,0,20 14 21 18,1,100,,18862,42,0,20 14 21 18,1
41500,'21',703,,18877,42,0,20 14 21 18,1,30,,18888,42,0,20 14 21 18,1,70,,18893,42,0,20 14 21 18,1,30,,18880,42,0,20 14 21 18,1,70,,18874,42,0,20 14 21 18,1,30,,18882,42,0,20 14 21 18,1,70,,18879,42,0,20 14 21 18,1,31,,18885,42,0,20 14 21 18,1,70,,18871,42,0,20 14 21 18,1,30,,18886,42,0,20 14 21 18,1,70,,18883,42,0,20 14 21 18,1,30,,18867,42,0,20 14 21 18,1,70,,18876,42,0,20 14 21 18,1,30,,18891,42,0,20 14 21 18,1,70,,18875,42,0,20 14 21 18,1,30,,18890,42,0,20 14 21 18,1,70,,18894,42,0,20 14 21 18,1,30,,18873,42,0,20 14 21 18,1,70,,18868,42,0,20 14 21 18,1,30,,18866,42,0,20 14 21 18,1,70,,18887,42,0,20 14 21 18,1,30,,18870,42,0,20 14 21 18,1,70,,18881,42,0,20 14 21 18,1,30,,18872,42,0,20 14 21 18,1,99,,18869,42,0,20 14 21 18,1,100,,18878,42,0,20 14 21 18,1,100,,18889,42,0,20 14 21 18,1,100,,18892,42,0,20 14 21 18,1,100,,18884,42,0,20 14 21 18,1
41500,'5',1834,,18898,42,0,20 14 21 18,1,99,,18896,42,0,20 14 21 18,1,100,,18895,42,0,20 14 21 18,1,100,,18900,42,0,20 14 21 18,1,100,,18899,42,0,20 14 21 18,1,100,,18897,42,0,20 14 21 18,1
41500,'6',1834,,18904,42,0,20 14 21 18,1,99,,18902,42,0,20 14 21 18,1,100,,18901,42,0,20 14 21 18,1,100,,18906,42,0,20 14 21 18,1,100,,18905,42,0,20 14 21 18,1,100,,18903,42,0,20 14 21 18,1
42301,'10',704,,20341,15,0,20 30 31,1,30,,20313,15,0,20 30 31,1,70,,20315,15,0,20 30 31,1,30,,20318,15,0,20 30 31,1,70,,20322,15,0,20 30 31,1,30,,20340,15,0,20 30 31,1,70,,20330,15,0,20 30 31,1,30,,20311,15,0,20 30 31,1,70,,20337,15,0,20 30 31,1,30,,20319,15,0,20 30 31,1,70,,20314,15,0,20 30 31,1,30,,20316,15,0,20 30 31,1,70,,20320,15,0,20 30 31,1,30,,20328,15,0,20 30 31,1,72,,20325,15,0,20 30 31,1,30,,20334,15,0,20 30 31,1,70,,20312,15,0,20 30 31,1,30,,20336,15,0,20 30 31,1,70,,20310,15,0,20 30 31,1,30,,20327,15,0,20 30 31,1,70,,20309,15,0,20 30 31,1,30,,20317,15,0,20 30 31,1,70,,20323,15,0,20 30 31,1,30,,20333,15,0,20 30 31,1,70,,20326,15,0,20 30 31,1,29,,20339,15,0,20 30 31,1,70,,20338,15,0,20 30 31,1,30,,20324,15,0,20 30 31,1,70,,20335,15,0,20 30 31,1,30,,20321,15,0,20 30 31,1,70,,20329,15,0,20 30 31,1,30,,20331,15,0,20 30 31,1,70,,20332,15,0,20 30 31,1
42301,'15',1836,,20342,15,0,20 30 31,1,99,,20347,15,0,20 30 31,1,100,,20345,15,0,20 30 31,1,100,,20346,15,0,20 30 31,1,100,,20343,15,0,20 30 31,1,100,,20344,15,0,20 30 31,1
42301,'16',1836,,20349,15,0,20 30 31,1,70,,20350,15,0,20 30 31,1,29,,20355,15,0,20 30 31,1,70,,4303,15,0,20 30 31,1,30,,7728,15,0,20 30 31,1,70,,20351,15,0,20 30 31,1,30,,20354,15,0,20 30 31,1,70,,20353,15,0,20 30 31,1,30,,3144,15,0,20 30 31,1,70,,20348,15,0,20 30 31,1,30,,6534,15,0,20 30 31,1,70,,20352,15,0,20 30 31,1
42301,'17',1836,,20357,15,0,20 30 31,1,70,,20358,15,0,20 30 31,1,29,,20363,15,0,20 30 31,1,70,,4316,15,0,20 30 31,1,30,,7734,15,0,20 30 31,1,70,,20359,15,0,20 30 31,1,30,,20362,15,0,20 30 31,1,70,,20361,15,0,20 30 31,1,30,,3196,15,0,20 30 31,1,70,,20356,15,0,20 30 31,1,30,,6540,15,0,20 30 31,1,70,,20360,15,0,20 30 31,1
42301,'19',1836,,20364,15,0,20 30 31,1,99,,20369,15,0,20 30 31,1,100,,20367,15,0,20 30 31,1,100,,20368,15,0,20 30 31,1,100,,20365,15,0,20 30 31,1,100,,20366,15,0,20 30 31,1
42301,'5',1836,,20370,15,0,20 30 31,1,70,,20371,15,0,20 30 31,1,29,,20375,15,0,20 30 31,1,70,,1339,15,0,20 30 31,1,30,,7777,15,0,20 30 31,1,70,,20373,15,0,20 30 31,1,30,,20374,15,0,20 30 31,1,70,,20376,15,0,20 30 31,1,30,,3267,15,0,20 30 31,1,70,,20372,15,0,20 30 31,1,30,,6582,15,0,20 30 31,1
42301,'6',1836,,20377,15,0,20 30 31,1,99,,20382,15,0,20 30 31,1,100,,20380,15,0,20 30 31,1,100,,20381,15,0,20 30 31,1,100,,20378,15,0,20 30 31,1,100,,20379,15,0,20 30 31,1
