31500,'12',639,,35245,23,,,1,70,,35250,23,,,1,30,,35249,23,,,1,70,,35263,23,,,1,30,,35266,23,,,1,70,,35246,23,,,1,30,,35261,23,,,1,70,,35254,23,,,1,30,,35253,23,,,1,70,,35248,23,,,1,30,,35267,23,,,1,70,,35264,23,,,1,30,,35258,23,,,1,70,,35247,23,,,1,30,,35256,23,,,1,72,,35255,23,,,1,30,,35262,23,,,1,70,,35259,23,,,1,30,,35265,23,,,1,70,,35252,23,,,1,30,,35251,23,,,1,70,,35257,23,,,1,30,,35260,23,,,1,70,,35268,23,,,1
31500,'13',639,,35269,23,,,1,70,,35274,23,,,1,30,,35273,23,,,1,70,,35286,23,,,1,30,,35289,23,,,1,70,,35270,23,,,1,30,,35285,23,,,1,70,,35278,23,,,1,30,,35277,23,,,1,70,,35272,23,,,1,30,,29184,23,,,1,70,,35287,23,,,1,30,,35282,23,,,1,70,,35271,23,,,1,30,,35280,23,,,1,72,,35279,23,,,1,30,,28817,23,,,1,70,,35283,23,,,1,30,,35288,23,,,1,70,,35276,23,,,1,30,,35275,23,,,1,70,,35281,23,,,1,30,,35284,23,,,1,70,,35290,23,,,1
31500,'3',639,,35291,23,,,1,70,,35296,23,,,1,30,,35295,23,,,1,70,,35308,23,,,1,30,,35311,23,,,1,70,,35292,23,,,1,30,,35307,23,,,1,70,,35300,23,,,1,30,,35299,23,,,1,70,,35294,23,,,1,30,,29195,23,,,1,70,,35309,23,,,1,30,,35304,23,,,1,70,,35293,23,,,1,30,,35302,23,,,1,72,,35301,23,,,1,30,,28840,23,,,1,70,,35305,23,,,1,30,,35310,23,,,1,70,,35298,23,,,1,30,,35297,23,,,1,70,,35303,23,,,1,30,,35306,23,,,1,70,,35312,23,,,1
31500,'6',639,,35313,23,,,1,70,,35318,23,,,1,30,,35317,23,,,1,70,,35331,23,,,1,30,,35334,23,,,1,70,,35314,23,,,1,30,,35329,23,,,1,70,,35322,23,,,1,30,,35321,23,,,1,70,,35316,23,,,1,30,,35335,23,,,1,70,,35332,23,,,1,30,,35326,23,,,1,70,,35315,23,,,1,30,,35324,23,,,1,72,,35323,23,,,1,30,,35330,23,,,1,70,,35327,23,,,1,30,,35333,23,,,1,70,,35320,23,,,1,30,,35319,23,,,1,70,,35325,23,,,1,30,,35328,23,,,1,70,,35336,23,,,1
41500,'1',659,,40162,32,0,20 14 21 18,1,70,,40152,32,0,20 14 21 18,1,30,,40169,32,0,20 14 21 18,1,70,,40153,32,0,20 14 21 18,1,30,,40164,32,0,20 14 21 18,1,70,,40148,32,0,20 14 21 18,1,30,,40151,32,0,20 14 21 18,1,70,,40147,32,0,20 14 21 18,1,30,,22327,32,0,20 14 21 18,1,70,,40167,32,0,20 14 21 18,1,30,,40159,32,0,20 14 21 18,1,70,,40171,32,0,20 14 21 18,1,30,,40170,32,0,20 14 21 18,1,70,,40163,32,0,20 14 21 18,1,30,,40156,32,0,20 14 21 18,1,70,,40149,32,0,20 14 21 18,1,30,,40165,32,0,20 14 21 18,1,70,,24701,32,0,20 14 21 18,1,30,,40168,32,0,20 14 21 18,1,70,,40154,32,0,20 14 21 18,1,30,,40172,32,0,20 14 21 18,1,70,,40166,32,0,20 14 21 18,1,30,,40155,32,0,20 14 21 18,1,70,,40150,32,0,20 14 21 18,1,100,,40160,32,0,20 14 21 18,1,100,,40158,32,0,20 14 21 18,1,100,,40161,32,0,20 14 21 18,1,100,,40173,32,0,20 14 21 18,1,100,,40157,32,0,20 14 21 18,1
41500,'11',659,,40190,32,0,20 14 21 18,1,70,,40179,32,0,20 14 21 18,1,30,,40197,32,0,20 14 21 18,1,70,,40180,32,0,20 14 21 18,1,30,,40192,32,0,20 14 21 18,1,70,,40175,32,0,20 14 21 18,1,30,,40178,32,0,20 14 21 18,1,70,,40174,32,0,20 14 21 18,1,30,,40185,32,0,20 14 21 18,1,70,,40195,32,0,20 14 21 18,1,30,,40187,32,0,20 14 21 18,1,70,,40200,32,0,20 14 21 18,1,30,,40198,32,0,20 14 21 18,1,70,,40191,32,0,20 14 21 18,1,30,,40183,32,0,20 14 21 18,1,70,,40176,32,0,20 14 21 18,1,30,,40193,32,0,20 14 21 18,1,70,,40199,32,0,20 14 21 18,1,30,,40196,32,0,20 14 21 18,1,70,,40181,32,0,20 14 21 18,1,30,,40201,32,0,20 14 21 18,1,70,,40194,32,0,20 14 21 18,1,30,,40182,32,0,20 14 21 18,1,70,,40177,32,0,20 14 21 18,1,100,,40188,32,0,20 14 21 18,1,100,,40186,32,0,20 14 21 18,1,100,,40189,32,0,20 14 21 18,1,100,,40202,32,0,20 14 21 18,1,100,,40184,32,0,20 14 21 18,1
41500,'12',1829,,40204,32,0,20 14 21 18,1,100,,40207,32,0,20 14 21 18,1,100,,40203,32,0,20 14 21 18,1,100,,40208,32,0,20 14 21 18,1,100,,40205,32,0,20 14 21 18,1,100,,40206,32,0,20 14 21 18,1
41500,'13',1829,,40210,32,0,20 14 21 18,1,100,,27351,32,0,20 14 21 18,1,100,,40209,32,0,20 14 21 18,1,100,,40213,32,0,20 14 21 18,1,100,,40211,32,0,20 14 21 18,1,100,,40212,32,0,20 14 21 18,1
41500,'14',1129,,40214,32,0,20 14 21 18,1,100,,40216,32,0,20 14 21 18,1,100,,40217,32,0,20 14 21 18,1,100,,40218,32,0,20 14 21 18,1,100,,40220,32,0,20 14 21 18,1,100,,40219,32,0,20 14 21 18,1,100,,40215,32,0,20 14 21 18,1
41500,'16',659,,40236,32,0,20 14 21 18,1,70,,40226,32,0,20 14 21 18,1,30,,40243,32,0,20 14 21 18,1,70,,40227,32,0,20 14 21 18,1,30,,40238,32,0,20 14 21 18,1,70,,40222,32,0,20 14 21 18,1,30,,40225,32,0,20 14 21 18,1,70,,40221,32,0,20 14 21 18,1,30,,30900,32,0,20 14 21 18,1,70,,40241,32,0,20 14 21 18,1,30,,40233,32,0,20 14 21 18,1,70,,40245,32,0,20 14 21 18,1,30,,40244,32,0,20 14 21 18,1,70,,40237,32,0,20 14 21 18,1,30,,40230,32,0,20 14 21 18,1,70,,40223,32,0,20 14 21 18,1,30,,40239,32,0,20 14 21 18,1,70,,31219,32,0,20 14 21 18,1,30,,40242,32,0,20 14 21 18,1,70,,40228,32,0,20 14 21 18,1,30,,40246,32,0,20 14 21 18,1,70,,40240,32,0,20 14 21 18,1,30,,40229,32,0,20 14 21 18,1,70,,40224,32,0,20 14 21 18,1,100,,40234,32,0,20 14 21 18,1,100,,40232,32,0,20 14 21 18,1,100,,40235,32,0,20 14 21 18,1,100,,40247,32,0,20 14 21 18,1,100,,40231,32,0,20 14 21 18,1
41500,'3',1829,,40249,32,0,20 14 21 18,1,100,,27389,32,0,20 14 21 18,1,100,,40248,32,0,20 14 21 18,1,100,,40252,32,0,20 14 21 18,1,100,,40250,32,0,20 14 21 18,1,100,,40251,32,0,20 14 21 18,1
41500,'6',1829,,40254,32,0,20 14 21 18,1,100,,40257,32,0,20 14 21 18,1,100,,40253,32,0,20 14 21 18,1,100,,40258,32,0,20 14 21 18,1,100,,40255,32,0,20 14 21 18,1,100,,40256,32,0,20 14 21 18,1
41500,'8',929,,40260,32,0,20 14 21 18,1,100,,40273,32,0,20 14 21 18,1,30,,40275,32,0,20 14 21 18,1,70,,40261,32,0,20 14 21 18,1,30,,40269,32,0,20 14 21 18,1,70,,40274,32,0,20 14 21 18,1,30,,40262,32,0,20 14 21 18,1,70,,40263,32,0,20 14 21 18,1,30,,40276,32,0,20 14 21 18,1,70,,40268,32,0,20 14 21 18,1,30,,40264,32,0,20 14 21 18,1,70,,40277,32,0,20 14 21 18,1,30,,40271,32,0,20 14 21 18,1,70,,40266,32,0,20 14 21 18,1,30,,40259,32,0,20 14 21 18,1,70,,40265,32,0,20 14 21 18,1,30,,40270,32,0,20 14 21 18,1,70,,40267,32,0,20 14 21 18,1,100,,40272,32,0,20 14 21 18,1
42301,'1',730,,41610,5,0,20 30 31,1,100,,41611,5,0,20 30 31,1,100,,41614,5,0,20 30 31,1,100,,41607,5,0,20 30 31,1,100,,41608,5,0,20 30 31,1,100,,41617,5,0,20 30 31,1,100,,41613,5,0,20 30 31,1,102,,41606,5,0,20 30 31,1,100,,41609,5,0,20 30 31,1,100,,41616,5,0,20 30 31,1,100,,32487,5,0,20 30 31,1,100,,41618,5,0,20 30 31,1,99,,41612,5,0,20 30 31,1,100,,41615,5,0,20 30 31,1,100,,41619,5,0,20 30 31,1,100,,41620,5,0,20 30 31,1
