31201,'1',636,,2429,4,,,1,70,,2428,4,,,1,30,,2427,4,,,1,70,,2435,4,,,1,30,,2430,4,,,1,70,,2418,4,,,1,30,,2426,4,,,1,70,,2419,4,,,1,30,,2431,4,,,1,70,,2421,4,,,1,30,,2432,4,,,1,70,,2425,4,,,1,30,,2416,4,,,1,70,,2414,4,,,1,30,,2415,4,,,1,70,,2434,4,,,1,41,,2433,4,,,1,70,,2422,4,,,1,30,,2420,4,,,1,70,,2424,4,,,1,30,,2417,4,,,1,70,,2423,4,,,1,30,,2413,4,,,1
31201,'10',636,,2452,4,,,1,70,,2451,4,,,1,30,,2450,4,,,1,70,,2458,4,,,1,30,,2453,4,,,1,70,,2441,4,,,1,30,,2449,4,,,1,70,,2442,4,,,1,30,,2454,4,,,1,70,,2444,4,,,1,30,,2455,4,,,1,70,,2448,4,,,1,30,,2439,4,,,1,70,,2437,4,,,1,30,,2438,4,,,1,70,,2457,4,,,1,41,,2456,4,,,1,70,,2445,4,,,1,30,,2443,4,,,1,70,,2447,4,,,1,30,,2440,4,,,1,70,,2446,4,,,1,30,,2436,4,,,1
31201,'11',636,,2475,4,,,1,70,,2474,4,,,1,30,,2473,4,,,1,70,,2481,4,,,1,30,,2476,4,,,1,70,,2464,4,,,1,30,,2472,4,,,1,70,,2465,4,,,1,30,,2477,4,,,1,70,,2467,4,,,1,30,,2478,4,,,1,70,,2471,4,,,1,30,,2462,4,,,1,70,,2460,4,,,1,30,,2461,4,,,1,70,,2480,4,,,1,41,,2479,4,,,1,70,,2468,4,,,1,30,,2466,4,,,1,70,,2470,4,,,1,30,,2463,4,,,1,70,,2469,4,,,1,30,,2459,4,,,1
31201,'3',636,,2498,4,,,1,70,,2497,4,,,1,30,,2496,4,,,1,70,,2504,4,,,1,30,,2499,4,,,1,70,,2487,4,,,1,30,,2495,4,,,1,70,,2488,4,,,1,30,,2500,4,,,1,70,,2490,4,,,1,30,,2501,4,,,1,70,,2494,4,,,1,30,,2485,4,,,1,70,,2483,4,,,1,30,,2484,4,,,1,70,,2503,4,,,1,41,,2502,4,,,1,70,,2491,4,,,1,30,,2489,4,,,1,70,,2493,4,,,1,30,,2486,4,,,1,70,,2492,4,,,1,30,,2482,4,,,1
41201,'1',1811,,7113,4,0,68,1,100,,7115,4,0,68,1,100,,7117,4,0,68,1,100,,7116,4,0,68,1,100,,7114,4,0,68,1,100,,7118,4,0,68,1
41201,'10',1811,,7119,4,0,68,1,100,,7121,4,0,68,1,100,,7123,4,0,68,1,100,,7122,4,0,68,1,100,,7120,4,0,68,1,100,,7124,4,0,68,1
41201,'11',1811,,7125,4,0,68,1,100,,7127,4,0,68,1,100,,7129,4,0,68,1,100,,7128,4,0,68,1,100,,7126,4,0,68,1,100,,7130,4,0,68,1
41201,'12',1111,,7136,4,0,68,1,100,,7138,4,0,68,1,100,,7133,4,0,68,1,100,,7135,4,0,68,1,100,,7131,4,0,68,1,100,,7137,4,0,68,1,100,,7132,4,0,68,1,100,,7134,4,0,69 29,1
41201,'14',611,,7160,4,0,68,1,30,,7142,4,0,68,1,70,,7163,4,0,68,1,30,,7156,4,0,68,1,70,,7147,4,0,68,1,30,,7166,4,0,68,1,70,,7164,4,0,68,1,30,,7150,4,0,68,1,70,,7154,4,0,68,1,30,,7157,4,0,68,1,70,,7161,4,0,68,1,30,,7148,4,0,68,1,70,,7146,4,0,68,1,30,,7149,4,0,68,1,70,,7167,4,0,68,1,30,,7151,4,0,68,1,70,,7139,4,0,68,1,30,,7141,4,0,68,1,70,,7158,4,0,68,1,30,,7143,4,0,68,1,70,,7165,4,0,68,1,30,,7153,4,0,68,1,70,,7140,4,0,68,1,30,,7144,4,0,68,1,70,,7168,4,0,68,1,100,,7152,4,0,68,1,100,,7145,4,0,68,1,100,,7162,4,0,68,1,100,,7155,4,0,68,1,100,,7159,4,0,68,1
41201,'3',1811,,7169,4,0,68,1,100,,7171,4,0,68,1,100,,7173,4,0,68,1,100,,7172,4,0,68,1,100,,7170,4,0,68,1,100,,7174,4,0,68,1
41201,'7',911,,7188,4,0,68,1,100,,7182,4,0,68,1,30,,7184,4,0,68,1,70,,7180,4,0,68,1,30,,7177,4,0,68,1,70,,7183,4,0,68,1,30,,7179,4,0,68,1,70,,7194,4,0,68,1,30,,7191,4,0,68,1,70,,7186,4,0,68,1,30,,7178,4,0,68,1,70,,7190,4,0,68,1,30,,7181,4,0,68,1,70,,7176,4,0,68,1,30,,7189,4,0,68,1,70,,7175,4,0,68,1,30,,7192,4,0,68,1,70,,7187,4,0,68,1,100,,7185,4,0,68,1,100,,7193,4,0,68,1
