31101,'11',616,,28329,30,0,43 44,1,30,,28323,30,0,43 44,1,70,,28320,30,0,43 44,1,30,,28315,30,0,43 44,1,70,,28324,30,0,43 44,1,30,,28335,30,0,43 44,1,70,,28318,30,0,43 44,1,30,,28319,30,0,43 44,1,70,,28322,30,0,43 44,1,30,,28317,30,0,43 44,1,70,,28316,30,0,43 44,1,30,,28327,30,0,43 44,1,70,,28334,30,0,43 44,1,30,,23612,30,0,43 44,1,70,,28333,30,0,43 44,1,30,,28326,30,0,43 44,1,70,,22228,30,0,43 44,1,32,,28321,30,0,43 44,1,70,,28331,30,0,43 44,1,30,,28328,30,0,43 44,1,70,,24496,30,0,43 44,1,30,,28330,30,0,43 44,1,70,,23262,30,0,43 44,1,30,,28332,30,0,43 44,1,70,,28325,30,0,43 44,1
31101,'3',616,,28350,30,0,43 44,1,30,,28344,30,0,43 44,1,70,,28341,30,0,43 44,1,30,,28336,30,0,43 44,1,70,,28345,30,0,43 44,1,30,,28356,30,0,43 44,1,70,,28339,30,0,43 44,1,30,,28340,30,0,43 44,1,70,,28343,30,0,43 44,1,30,,28338,30,0,43 44,1,70,,28337,30,0,43 44,1,30,,28348,30,0,43 44,1,70,,28355,30,0,43 44,1,30,,23632,30,0,43 44,1,70,,28354,30,0,43 44,1,30,,28347,30,0,43 44,1,70,,22247,30,0,43 44,1,32,,28342,30,0,43 44,1,70,,28352,30,0,43 44,1,30,,28349,30,0,43 44,1,70,,24603,30,0,43 44,1,30,,28351,30,0,43 44,1,70,,23285,30,0,43 44,1,30,,28353,30,0,43 44,1,70,,28346,30,0,43 44,1
31801,'11',618,,28891,34,0,45 50,1,30,,28889,34,0,45 50,1,71,,28909,34,0,45 50,1,30,,21599,34,0,45 50,1,70,,28900,34,0,45 50,1,30,,28907,34,0,45 50,1,70,,21830,34,0,45 50,1,30,,28890,34,0,45 50,1,71,,28912,34,0,45 50,1,30,,28905,34,0,45 50,1,70,,28895,34,0,45 50,1,30,,28896,34,0,45 50,1,70,,28908,34,0,45 50,1,30,,28903,34,0,45 50,1,70,,28911,34,0,45 50,1,30,,28897,34,0,45 50,1,68,,28901,34,0,45 50,1,30,,28902,34,0,45 50,1,70,,28892,34,0,45 50,1,30,,28904,34,0,45 50,1,70,,28898,34,0,45 50,1,30,,28899,34,0,45 50,1,70,,28906,34,0,45 50,1,30,,28893,34,0,45 50,1,74,,28910,34,0,45 50,1,27,,28894,34,0,45 50,1
31801,'3',618,,28915,34,0,45 50,1,30,,28913,34,0,45 50,1,71,,28933,34,0,45 50,1,30,,21642,34,0,45 50,1,70,,28924,34,0,45 50,1,30,,28931,34,0,45 50,1,70,,21853,34,0,45 50,1,30,,28914,34,0,45 50,1,71,,28936,34,0,45 50,1,30,,28929,34,0,45 50,1,70,,28919,34,0,45 50,1,30,,28920,34,0,45 50,1,70,,28932,34,0,45 50,1,30,,28927,34,0,45 50,1,70,,28935,34,0,45 50,1,30,,28921,34,0,45 50,1,68,,28925,34,0,45 50,1,30,,28926,34,0,45 50,1,70,,28916,34,0,45 50,1,30,,28928,34,0,45 50,1,70,,28922,34,0,45 50,1,30,,28923,34,0,45 50,1,70,,28930,34,0,45 50,1,30,,28917,34,0,45 50,1,74,,28934,34,0,45 50,1,27,,28918,34,0,45 50,1
41801,'1',634,,32176,34,0,45 50,1,70,,22250,34,0,45 50,1,30,,32182,34,0,45 50,1,70,,32180,34,0,45 50,1,30,,22630,34,0,45 50,1,70,,32167,34,0,45 50,1,30,,32183,34,0,45 50,1,70,,23674,34,0,45 50,1,31,,32166,34,0,45 50,1,70,,32179,34,0,45 50,1,30,,32174,34,0,45 50,1,70,,23672,34,0,45 50,1,30,,32184,34,0,45 50,1,70,,32171,34,0,45 50,1,30,,32175,34,0,45 50,1,70,,23314,34,0,45 50,1,30,,32172,34,0,45 50,1,70,,22321,34,0,45 50,1,30,,24377,34,0,45 50,1,70,,22513,34,0,45 50,1,30,,32168,34,0,45 50,1,70,,32181,34,0,45 50,1,30,,23605,34,0,45 50,1,70,,24265,34,0,45 50,1,30,,32178,34,0,45 50,1,70,,32177,34,0,45 50,1,99,,32170,34,0,45 50,1,100,,32169,34,0,45 50,1,100,,32185,34,0,45 50,1,100,,32173,34,0,45 50,1
41801,'11',1905,,32186,34,0,45 50,1,99,,6787,34,0,45 50,1,100,,32187,34,0,45 50,1,100,,23474,34,0,45 50,1,100,,23057,34,0,45 50,1
41801,'12',1205,,32191,34,0,45 50,1,100,,32189,34,0,45 50,1,100,,25745,34,0,45 50,1,100,,32192,34,0,45 50,1,100,,32193,34,0,45 50,1,100,,32190,34,0,45 50,1,100,,32188,34,0,45 50,1
41801,'14',634,,16237,34,0,45 50,1,70,,32199,34,0,45 50,1,30,,32216,34,0,45 50,1,70,,32214,34,0,45 50,1,30,,32201,34,0,45 50,1,70,,32195,34,0,45 50,1,30,,32217,34,0,45 50,1,70,,32213,34,0,45 50,1,31,,32194,34,0,45 50,1,70,,32211,34,0,45 50,1,30,,32206,34,0,45 50,1,70,,32210,34,0,45 50,1,30,,32218,34,0,45 50,1,70,,25216,34,0,45 50,1,30,,25846,34,0,45 50,1,70,,32207,34,0,45 50,1,30,,32200,34,0,45 50,1,70,,32202,34,0,45 50,1,30,,32205,34,0,45 50,1,70,,32203,34,0,45 50,1,30,,32196,34,0,45 50,1,70,,32215,34,0,45 50,1,30,,32208,34,0,45 50,1,70,,32212,34,0,45 50,1,30,,25233,34,0,45 50,1,70,,32209,34,0,45 50,1,99,,32198,34,0,45 50,1,100,,32197,34,0,45 50,1,100,,32219,34,0,45 50,1,100,,32204,34,0,45 50,1
41801,'3',1905,,32220,34,0,45 50,1,99,,6831,34,0,45 50,1,100,,32221,34,0,45 50,1,100,,23511,34,0,45 50,1,100,,23076,34,0,45 50,1
41801,'8',904,,32226,34,0,45 50,1,100,,32222,34,0,45 50,1,101,,32225,34,0,45 50,1,30,,32237,34,0,45 50,1,70,,32228,34,0,45 50,1,30,,32240,34,0,45 50,1,70,,32241,34,0,45 50,1,30,,32227,34,0,45 50,1,70,,32233,34,0,45 50,1,30,,32231,34,0,45 50,1,70,,32224,34,0,45 50,1,30,,32234,34,0,45 50,1,70,,32235,34,0,45 50,1,30,,32239,34,0,45 50,1,70,,32236,34,0,45 50,1,30,,32223,34,0,45 50,1,70,,32230,34,0,45 50,1,30,,32238,34,0,45 50,1,70,,32232,34,0,45 50,1,99,,32229,34,0,45 50,1
