30901,'12',625,,34469,20,0,25 14 26,1,30,,34473,20,0,25 14 26,1,71,,34486,20,0,25 14 26,1,30,,34470,20,0,25 14 26,1,70,,34476,20,0,25 14 26,1,30,,34481,20,0,25 14 26,1,70,,34492,20,0,25 14 26,1,30,,34487,20,0,25 14 26,1,70,,34491,20,0,25 14 26,1,30,,34479,20,0,25 14 26,1,70,,34489,20,0,25 14 26,1,30,,34475,20,0,25 14 26,1,70,,34488,20,0,25 14 26,1,30,,34483,20,0,25 14 26,1,70,,34472,20,0,25 14 26,1,30,,34471,20,0,25 14 26,1,70,,34474,20,0,25 14 26,1,78,,34490,20,0,25 14 26,1,30,,34477,20,0,25 14 26,1,70,,34485,20,0,25 14 26,1,30,,34478,20,0,25 14 26,1,70,,34482,20,0,25 14 26,1,30,,34480,20,0,25 14 26,1,70,,34493,20,0,25 14 26,1,26,,34484,16,0,25 14 26,1
30901,'13',625,,34494,20,0,25 14 26,1,30,,34498,20,0,25 14 26,1,71,,34511,20,0,25 14 26,1,30,,34495,20,0,25 14 26,1,70,,34501,20,0,25 14 26,1,30,,34506,20,0,25 14 26,1,70,,27614,20,0,25 14 26,1,30,,23691,20,0,25 14 26,1,70,,34515,20,0,25 14 26,1,30,,34504,20,0,25 14 26,1,70,,34513,20,0,25 14 26,1,30,,34500,20,0,25 14 26,1,70,,34512,20,0,25 14 26,1,30,,34508,20,0,25 14 26,1,70,,34497,20,0,25 14 26,1,30,,34496,20,0,25 14 26,1,70,,34499,20,0,25 14 26,1,78,,34514,20,0,25 14 26,1,30,,34502,20,0,25 14 26,1,70,,34510,20,0,25 14 26,1,30,,34503,20,0,25 14 26,1,70,,34507,20,0,25 14 26,1,30,,34505,20,0,25 14 26,1,70,,34516,20,0,25 14 26,1,26,,34509,16,0,25 14 26,1
30901,'3',625,,34517,20,0,25 14 26,1,30,,34521,20,0,25 14 26,1,71,,34534,20,0,25 14 26,1,30,,34518,20,0,25 14 26,1,70,,34524,20,0,25 14 26,1,30,,34529,20,0,25 14 26,1,70,,27637,20,0,25 14 26,1,30,,23711,20,0,25 14 26,1,70,,34538,20,0,25 14 26,1,30,,34527,20,0,25 14 26,1,70,,34536,20,0,25 14 26,1,30,,34523,20,0,25 14 26,1,70,,34535,20,0,25 14 26,1,30,,34531,20,0,25 14 26,1,70,,34520,20,0,25 14 26,1,30,,34519,20,0,25 14 26,1,70,,34522,20,0,25 14 26,1,78,,34537,20,0,25 14 26,1,30,,34525,20,0,25 14 26,1,70,,34533,20,0,25 14 26,1,30,,34526,20,0,25 14 26,1,70,,34530,20,0,25 14 26,1,30,,34528,20,0,25 14 26,1,70,,34539,20,0,25 14 26,1,26,,34532,16,0,25 14 26,1
30901,'6',625,,34540,20,0,25 14 26,1,30,,34544,20,0,25 14 26,1,71,,34557,20,0,25 14 26,1,30,,34541,20,0,25 14 26,1,70,,34547,20,0,25 14 26,1,30,,34552,20,0,25 14 26,1,70,,34563,20,0,25 14 26,1,30,,34558,20,0,25 14 26,1,70,,34562,20,0,25 14 26,1,30,,34550,20,0,25 14 26,1,70,,34560,20,0,25 14 26,1,30,,34546,20,0,25 14 26,1,70,,34559,20,0,25 14 26,1,30,,34554,20,0,25 14 26,1,70,,34543,20,0,25 14 26,1,30,,34542,20,0,25 14 26,1,70,,34545,20,0,25 14 26,1,78,,34561,20,0,25 14 26,1,30,,34548,20,0,25 14 26,1,70,,34556,20,0,25 14 26,1,30,,34549,20,0,25 14 26,1,70,,34553,20,0,25 14 26,1,30,,34551,20,0,25 14 26,1,70,,34564,20,0,25 14 26,1,26,,34555,16,0,25 14 26,1
40901,'1',653,,39494,20,0,25 12,1,70,,39496,20,0,25 12,1,30,,39491,20,0,25 12,1,70,,39475,20,0,25 12,1,30,,39477,20,0,25 12,1,70,,39485,20,0,25 12,1,30,,39479,20,0,25 12,1,70,,30685,20,0,25 12,1,30,,39482,20,0,25 12,1,70,,39488,20,0,25 12,1,30,,39478,20,0,25 12,1,70,,39497,20,0,25 12,1,30,,39498,20,0,25 12,1,70,,39490,20,0,25 12,1,30,,24694,20,0,25 12,1,70,,31595,20,0,25 12,1,30,,39474,20,0,25 12,1,70,,39481,20,0,25 12,1,30,,39486,20,0,25 12,1,70,,39476,20,0,25 12,1,30,,39484,20,0,25 12,1,70,,39489,20,0,25 12,1,30,,39495,20,0,25 12,1,70,,23651,20,0,25 12,1,30,,39487,20,0,25 12,1,100,,39492,20,0,25 12,1,100,,39483,20,0,25 12,1,100,,39480,20,0,25 12,1,100,,39493,20,0,25 12,1
40901,'11',653,,39523,20,0,25 12,1,70,,39525,20,0,25 12,1,30,,39519,20,0,25 12,1,70,,39501,20,0,25 12,1,30,,39503,20,0,25 12,1,70,,39512,20,0,25 12,1,30,,39505,20,0,25 12,1,70,,39511,20,0,25 12,1,30,,39508,20,0,25 12,1,70,,39516,20,0,25 12,1,30,,39504,20,0,25 12,1,70,,39526,20,0,25 12,1,30,,39527,20,0,25 12,1,70,,39518,20,0,25 12,1,30,,39521,20,0,25 12,1,70,,39515,20,0,25 12,1,30,,39499,20,0,25 12,1,70,,39507,20,0,25 12,1,30,,39513,20,0,25 12,1,70,,39502,20,0,25 12,1,30,,39510,20,0,25 12,1,70,,39517,20,0,25 12,1,30,,39524,20,0,25 12,1,70,,39500,20,0,25 12,1,30,,39514,20,0,25 12,1,100,,39520,20,0,25 12,1,100,,39509,20,0,25 12,1,100,,39506,20,0,25 12,1,100,,39522,20,0,25 12,1
40901,'12',1853,,39532,20,0,25 12,1,100,,39531,20,0,25 12,1,100,,39528,20,0,25 12,1,100,,39530,20,0,25 12,1,100,,39529,20,0,25 12,1
40901,'13',1853,,39536,20,0,25 12,1,100,,39535,20,0,25 12,1,100,,39533,20,0,25 12,1,100,,39534,20,0,25 12,1,100,,23553,20,0,25 12,1
40901,'14',1053,,39538,20,0,25 12,1,100,,39541,20,0,25 12,1,100,,39539,20,0,25 12,1,100,,39542,20,0,25 12,1,100,,30452,20,0,25 12,1,100,,39540,20,0,25 12,1,100,,39543,20,0,25 12,1,100,,39537,20,0,25 12,1
40901,'16',653,,39564,20,0,25 12,1,70,,39566,20,0,25 12,1,30,,39561,20,0,25 12,1,70,,39545,20,0,25 12,1,30,,39547,20,0,25 12,1,70,,39555,20,0,25 12,1,30,,39549,20,0,25 12,1,70,,30722,20,0,25 12,1,30,,39552,20,0,25 12,1,70,,39558,20,0,25 12,1,30,,39548,20,0,25 12,1,70,,39567,20,0,25 12,1,30,,39568,20,0,25 12,1,70,,39560,20,0,25 12,1,30,,29544,20,0,25 12,1,70,,31633,20,0,25 12,1,30,,39544,20,0,25 12,1,70,,39551,20,0,25 12,1,30,,39556,20,0,25 12,1,70,,39546,20,0,25 12,1,30,,39554,20,0,25 12,1,70,,39559,20,0,25 12,1,30,,39565,20,0,25 12,1,70,,29526,20,0,25 12,1,30,,39557,20,0,25 12,1,100,,39562,20,0,25 12,1,100,,39553,20,0,25 12,1,100,,39550,20,0,25 12,1,100,,39563,20,0,25 12,1
40901,'3',1853,,39572,20,0,25 12,1,100,,39571,20,0,25 12,1,100,,39569,20,0,25 12,1,100,,39570,20,0,25 12,1,100,,23574,20,0,25 12,1
40901,'6',1853,,39577,20,0,25 12,1,100,,39576,20,0,25 12,1,100,,39573,20,0,25 12,1,100,,39575,20,0,25 12,1,100,,39574,20,0,25 12,1
40901,'8',853,,39590,20,0,25 12,1,100,,39589,20,0,25 12,1,100,,39595,20,0,25 12,1,70,,39580,20,0,25 12,1,30,,39581,20,0,25 12,1,70,,39587,20,0,25 12,1,30,,39583,20,0,25 12,1,70,,39582,20,0,25 12,1,30,,39594,20,0,25 12,1,70,,39591,20,0,25 12,1,30,,39584,20,0,25 12,1,70,,39592,20,0,25 12,1,30,,39588,20,0,25 12,1,70,,39593,20,0,25 12,1,30,,32416,20,0,25 12,1,70,,39579,20,0,25 12,1,30,,39596,20,0,25 12,1,70,,39578,20,0,25 12,1,30,,39586,20,0,25 12,1,100,,39585,20,0,25 12,1
