30400,'11',710,,27693,23,0,39 40 41,1,30,,27680,23,0,39 40 41,1,70,,27676,23,0,39 40 41,1,30,,27692,23,0,39 40 41,1,70,,27675,23,0,39 40 41,1,30,,27687,23,0,39 40 41,1,72,,27691,23,0,39 40 41,1,30,,27677,23,0,39 40 41,1,70,,27694,23,0,39 40 41,1,30,,27688,23,0,39 40 41,1,70,,27682,23,0,39 40 41,1,30,,24488,23,0,39 40 41,1,70,,27681,23,0,39 40 41,1,30,,27690,23,0,39 40 41,1,71,,27684,23,0,39 40 41,1,30,,27689,23,0,39 40 41,1,70,,21826,23,0,39 40 41,1,30,,27678,23,0,39 40 41,1,70,,27685,23,0,39 40 41,1,30,,27686,23,0,39 40 41,1,70,,27695,23,0,39 40 41,1,30,,27683,23,0,39 40 41,1,70,,27679,23,0,39 40 41,1
30400,'3',710,,27714,23,0,39 40 41,1,30,,27701,23,0,39 40 41,1,70,,27697,23,0,39 40 41,1,30,,27713,23,0,39 40 41,1,70,,27696,23,0,39 40 41,1,30,,27708,23,0,39 40 41,1,72,,27712,23,0,39 40 41,1,30,,27698,23,0,39 40 41,1,70,,27715,23,0,39 40 41,1,30,,27709,23,0,39 40 41,1,70,,27703,23,0,39 40 41,1,30,,24597,23,0,39 40 41,1,70,,27702,23,0,39 40 41,1,30,,27711,23,0,39 40 41,1,71,,27705,23,0,39 40 41,1,30,,27710,23,0,39 40 41,1,70,,21849,23,0,39 40 41,1,30,,27699,23,0,39 40 41,1,70,,27706,23,0,39 40 41,1,30,,27707,23,0,39 40 41,1,70,,27716,23,0,39 40 41,1,30,,27704,23,0,39 40 41,1,70,,27700,23,0,39 40 41,1
31100,'11',627,,28272,23,0,43 44,1,30,,28285,23,0,43 44,1,70,,28281,23,0,43 44,1,30,,28287,23,0,43 44,1,70,,28280,23,0,43 44,1,30,,28275,23,0,43 44,1,70,,28284,23,0,43 44,1,30,,28283,23,0,43 44,1,70,,28291,23,0,43 44,1,30,,28288,23,0,43 44,1,70,,28278,23,0,43 44,1,30,,28279,23,0,43 44,1,70,,28289,23,0,43 44,1,30,,28290,23,0,43 44,1,70,,28276,23,0,43 44,1,30,,28277,23,0,43 44,1,72,,28286,23,0,43 44,1,30,,28271,23,0,43 44,1,70,,28292,23,0,43 44,1,30,,28273,23,0,43 44,1,70,,21774,23,0,43 44,1,30,,24734,23,0,43 44,1,70,,28282,23,0,43 44,1,30,,28274,23,0,43 44,1
31100,'3',627,,28294,23,0,43 44,1,30,,28307,23,0,43 44,1,70,,28303,23,0,43 44,1,30,,28309,23,0,43 44,1,70,,28302,23,0,43 44,1,30,,28297,23,0,43 44,1,70,,28306,23,0,43 44,1,30,,28305,23,0,43 44,1,70,,28313,23,0,43 44,1,30,,28310,23,0,43 44,1,70,,28300,23,0,43 44,1,30,,28301,23,0,43 44,1,70,,28311,23,0,43 44,1,30,,28312,23,0,43 44,1,70,,28298,23,0,43 44,1,30,,28299,23,0,43 44,1,72,,28308,23,0,43 44,1,30,,28293,23,0,43 44,1,70,,28314,23,0,43 44,1,30,,28295,23,0,43 44,1,70,,21795,23,0,43 44,1,30,,24835,23,0,43 44,1,70,,28304,23,0,43 44,1,30,,28296,23,0,43 44,1
31800,'11',620,,28858,39,0,45 46 18,1,30,,20436,39,0,45 46 18,1,70,,28855,39,0,45 46 18,1,30,,28851,39,0,45 46 18,1,70,,28849,39,0,45 46 18,1,30,,28859,39,0,45 46 18,1,70,,28861,39,0,45 46 18,1,30,,28860,39,0,45 46 18,1,70,,28863,39,0,45 46 18,1,30,,28852,39,0,45 46 18,1,70,,28867,39,0,45 46 18,1,30,,28868,39,0,45 46 18,1,70,,28857,39,0,45 46 18,1,30,,21708,39,0,45 46 18,1,70,,28865,39,0,45 46 18,1,30,,28856,39,0,45 46 18,1,70,,27315,39,0,45 46 18,1,30,,27157,39,0,45 46 18,1,70,,28854,39,0,45 46 18,1,30,,28853,39,0,45 46 18,1,70,,25580,39,0,45 46 18,1,30,,28866,39,0,45 46 18,1,70,,28850,39,0,45 46 18,1,30,,28864,39,0,45 46 18,1,70,,28862,39,0,45 46 18,1
31800,'3',620,,28878,39,0,45 46 18,1,30,,20452,39,0,45 46 18,1,70,,28875,39,0,45 46 18,1,30,,28871,39,0,45 46 18,1,70,,28869,39,0,45 46 18,1,30,,28879,39,0,45 46 18,1,70,,28881,39,0,45 46 18,1,30,,28880,39,0,45 46 18,1,70,,28883,39,0,45 46 18,1,30,,28872,39,0,45 46 18,1,70,,28887,39,0,45 46 18,1,30,,28888,39,0,45 46 18,1,70,,28877,39,0,45 46 18,1,30,,21727,39,0,45 46 18,1,70,,28885,39,0,45 46 18,1,30,,28876,39,0,45 46 18,1,70,,27329,39,0,45 46 18,1,30,,27180,39,0,45 46 18,1,70,,28874,39,0,45 46 18,1,30,,28873,39,0,45 46 18,1,70,,25629,39,0,45 46 18,1,30,,28886,39,0,45 46 18,1,70,,28870,39,0,45 46 18,1,30,,28884,39,0,45 46 18,1,70,,28882,39,0,45 46 18,1
40400,'1',625,,30444,23,0,39 40 42 18,1,30,,30430,23,0,39 40 42 18,1,70,,30443,23,0,39 40 42 18,1,30,,30425,23,0,39 40 42 18,1,70,,30429,23,0,39 40 42 18,1,30,,30440,23,0,39 40 42 18,1,70,,30431,23,0,39 40 42 18,1,30,,30427,23,0,39 40 42 18,1,71,,30426,23,0,39 40 42 18,1,30,,30437,23,0,39 40 42 18,1,70,,30439,23,0,39 40 42 18,1,30,,30428,23,0,39 40 42 18,1,70,,30423,23,0,39 40 42 18,1,30,,30418,23,0,39 40 42 18,1,70,,30432,23,0,39 40 42 18,1,30,,30422,23,0,39 40 42 18,1,69,,30424,23,0,39 40 42 18,1,30,,30445,23,0,39 40 42 18,1,70,,30441,23,0,39 40 42 18,1,30,,30416,23,0,39 40 42 18,1,70,,30436,23,0,39 40 42 18,1,30,,30438,23,0,39 40 42 18,1,70,,30421,23,0,39 40 42 18,1,30,,30442,23,0,39 40 42 18,1,70,,30417,23,0,39 40 42 18,1,100,,30420,23,0,39 40 42 18,1,100,,30434,23,0,39 40 42 18,1,100,,30419,23,0,39 40 42 18,1,100,,30433,23,0,39 40 42 18,1,100,,30435,23,0,39 40 42 18,1
40400,'11',1825,,30447,23,0,39 40 42 18,1,100,,30446,23,0,39 40 42 18,1,100,,30449,23,0,39 40 42 18,1,100,,9166,23,0,39 40 42 18,1,100,,30448,23,0,39 40 42 18,1,100,,23103,23,0,39 40 42 18,1
40400,'12',1126,,30456,23,0,39 40 42 18,1,100,,30452,23,0,39 40 42 18,1,100,,30453,23,0,39 40 42 18,1,99,,30454,23,0,39 40 42 18,1,100,,30455,23,0,39 40 42 18,1,100,,30450,23,0,39 40 42 18,1,100,,30451,23,0,39 40 42 18,1
40400,'14',625,,30482,23,0,39 40 42 18,1,30,,26545,23,0,39 40 42 18,1,70,,30481,23,0,39 40 42 18,1,30,,30465,23,0,39 40 42 18,1,70,,30469,23,0,39 40 42 18,1,30,,30478,23,0,39 40 42 18,1,70,,30470,23,0,39 40 42 18,1,30,,30467,23,0,39 40 42 18,1,71,,30466,23,0,39 40 42 18,1,30,,30475,23,0,39 40 42 18,1,70,,30477,23,0,39 40 42 18,1,30,,30468,23,0,39 40 42 18,1,70,,30463,23,0,39 40 42 18,1,30,,30458,23,0,39 40 42 18,1,70,,30471,23,0,39 40 42 18,1,30,,30462,23,0,39 40 42 18,1,69,,30464,23,0,39 40 42 18,1,30,,30483,23,0,39 40 42 18,1,70,,30479,23,0,39 40 42 18,1,30,,30457,23,0,39 40 42 18,1,70,,30474,23,0,39 40 42 18,1,30,,30476,23,0,39 40 42 18,1,70,,30461,23,0,39 40 42 18,1,30,,30480,23,0,39 40 42 18,1,70,,25907,23,0,39 40 42 18,1,100,,30460,23,0,39 40 42 18,1,100,,30473,23,0,39 40 42 18,1,100,,30459,23,0,39 40 42 18,1,100,,30472,23,0,39 40 42 18,1,100,,25776,23,0,39 40 42 18,1
40400,'3',1825,,30485,23,0,39 40 42 18,1,100,,30484,23,0,39 40 42 18,1,100,,30487,23,0,39 40 42 18,1,100,,9260,23,0,39 40 42 18,1,100,,30486,23,0,39 40 42 18,1,100,,23116,23,0,39 40 42 18,1
40400,'8',925,,30496,23,0,39 40 42 18,1,101,,30501,23,0,39 40 42 18,1,30,,30494,23,0,39 40 42 18,1,70,,30489,23,0,39 40 42 18,1,30,,30505,23,0,39 40 42 18,1,70,,30500,23,0,39 40 42 18,1,30,,30497,23,0,39 40 42 18,1,70,,30490,23,0,39 40 42 18,1,30,,30492,23,0,39 40 42 18,1,69,,30498,23,0,39 40 42 18,1,30,,30502,23,0,39 40 42 18,1,70,,30503,23,0,39 40 42 18,1,30,,30488,23,0,39 40 42 18,1,70,,30499,23,0,39 40 42 18,1,30,,30504,23,0,39 40 42 18,1,70,,30495,23,0,39 40 42 18,1,30,,30491,23,0,39 40 42 18,1,70,,25168,23,0,39 40 42 18,1,100,,30493,23,0,39 40 42 18,1
41800,'1',634,,32076,41,0,45 46 18,1,70,,32081,41,0,45 46 18,1,31,,32089,41,0,45 46 18,1,70,,23803,41,0,45 46 18,1,30,,32086,41,0,45 46 18,1,70,,32100,41,0,45 46 18,1,30,,25654,41,0,45 46 18,1,70,,32099,41,0,45 46 18,1,31,,32092,41,0,45 46 18,1,70,,32091,41,0,45 46 18,1,30,,27188,41,0,45 46 18,1,70,,32082,41,0,45 46 18,1,30,,32083,41,0,45 46 18,1,70,,32094,41,0,45 46 18,1,30,,32084,41,0,45 46 18,1,70,,32087,41,0,45 46 18,1,30,,32095,41,0,45 46 18,1,70,,32077,41,0,45 46 18,1,30,,32085,41,0,45 46 18,1,70,,32088,41,0,45 46 18,1,30,,32079,41,0,45 46 18,1,70,,32098,41,0,45 46 18,1,30,,32080,41,0,45 46 18,1,70,,32090,41,0,45 46 18,1,100,,32097,41,0,45 46 18,1,100,,32093,41,0,45 46 18,1,100,,32078,41,0,45 46 18,1,100,,32101,41,0,45 46 18,1,100,,24439,41,0,45 46 18,1,100,,32096,41,0,45 46 18,1
41800,'11',1906,,32102,41,0,45 46 18,1,100,,32106,41,0,45 46 18,1,100,,32105,41,0,45 46 18,1,100,,32103,41,0,45 46 18,1,100,,32107,41,0,45 46 18,1,100,,32104,41,0,45 46 18,1
41800,'12',1106,,25355,41,0,45 46 18,1,100,,32110,41,0,45 46 18,1,100,,32109,41,0,45 46 18,1,100,,32111,41,0,45 46 18,1,100,,32114,41,0,45 46 18,1,100,,32108,41,0,45 46 18,1,100,,32113,41,0,45 46 18,1,100,,32112,41,0,45 46 18,1
41800,'14',634,,32115,41,0,45 46 18,1,70,,32121,41,0,45 46 18,1,31,,32130,41,0,45 46 18,1,70,,32135,41,0,45 46 18,1,30,,32127,41,0,45 46 18,1,70,,32141,41,0,45 46 18,1,30,,32136,41,0,45 46 18,1,70,,32140,41,0,45 46 18,1,31,,32133,41,0,45 46 18,1,70,,32132,41,0,45 46 18,1,30,,32124,41,0,45 46 18,1,70,,32122,41,0,45 46 18,1,30,,32123,41,0,45 46 18,1,70,,32134,41,0,45 46 18,1,30,,32125,41,0,45 46 18,1,70,,32128,41,0,45 46 18,1,30,,26713,41,0,45 46 18,1,70,,32116,41,0,45 46 18,1,30,,32126,41,0,45 46 18,1,70,,32129,41,0,45 46 18,1,30,,32118,41,0,45 46 18,1,70,,32139,41,0,45 46 18,1,30,,32119,41,0,45 46 18,1,70,,32131,41,0,45 46 18,1,100,,32138,41,0,45 46 18,1,100,,25392,41,0,45 46 18,1,100,,32117,41,0,45 46 18,1,100,,32142,41,0,45 46 18,1,100,,32120,41,0,45 46 18,1,100,,32137,41,0,45 46 18,1
41800,'3',1906,,32143,41,0,45 46 18,1,100,,32147,41,0,45 46 18,1,100,,32146,41,0,45 46 18,1,100,,32144,41,0,45 46 18,1,100,,32148,41,0,45 46 18,1,100,,32145,41,0,45 46 18,1
41800,'8',1005,,32155,41,0,45 46 18,1,31,,32152,41,0,45 46 18,1,70,,32156,41,0,45 46 18,1,30,,32162,41,0,45 46 18,1,70,,32149,41,0,45 46 18,1,100,,32154,41,0,45 46 18,1,30,,32150,41,0,45 46 18,1,70,,32164,41,0,45 46 18,1,100,,32151,41,0,45 46 18,1,30,,32159,41,0,45 46 18,1,70,,32160,41,0,45 46 18,1,30,,32158,41,0,45 46 18,1,70,,32157,41,0,45 46 18,1,30,,32161,41,0,45 46 18,1,70,,32163,41,0,45 46 18,1,100,,32153,41,0,45 46 18,1,100,,32165,41,0,45 46 18,1
