30100,'12',618,,32810,31,0,5 6,1,30,,32795,31,0,5 6,1,70,,32770,31,0,5 6,1,30,,32777,31,0,5 6,1,70,,32812,31,0,5 6,1,30,,32785,31,0,5 6,1,70,,32790,31,0,5 6,1,30,,32786,31,0,5 6,1,70,,32789,31,0,5 6,1,30,,32804,31,0,5 6,1,70,,32771,31,0,5 6,1,30,,32778,31,0,5 6,1,70,,32776,31,0,5 6,1,30,,32774,31,0,5 6,1,70,,32768,31,0,5 6,1,30,,32794,31,0,5 6,1,70,,32773,31,0,5 6,1,30,,32806,31,0,5 6,1,70,,32802,31,0,5 6,1,30,,32803,31,0,5 6,1,70,,32780,31,0,5 6,1,30,,32807,31,0,5 6,1,70,,32796,31,0,5 6,1,30,,32787,31,0,5 6,1
30100,'13',618,,32852,31,0,5 6,1,30,,32839,31,0,5 6,1,70,,32816,31,0,5 6,1,30,,32823,31,0,5 6,1,70,,32854,31,0,5 6,1,30,,32831,31,0,5 6,1,70,,32836,31,0,5 6,1,30,,32832,31,0,5 6,1,70,,32835,31,0,5 6,1,30,,32847,31,0,5 6,1,70,,32817,31,0,5 6,1,30,,32824,31,0,5 6,1,70,,32822,31,0,5 6,1,30,,32820,31,0,5 6,1,70,,32814,31,0,5 6,1,30,,32838,31,0,5 6,1,70,,32819,31,0,5 6,1,30,,32848,31,0,5 6,1,70,,32845,31,0,5 6,1,30,,32846,31,0,5 6,1,70,,32826,31,0,5 6,1,30,,32849,31,0,5 6,1,70,,32840,31,0,5 6,1,30,,32833,31,0,5 6,1
30100,'3',618,,32894,31,0,5 6,1,30,,32881,31,0,5 6,1,70,,32858,31,0,5 6,1,30,,32865,31,0,5 6,1,70,,32896,31,0,5 6,1,30,,32873,31,0,5 6,1,70,,32878,31,0,5 6,1,30,,32874,31,0,5 6,1,70,,32877,31,0,5 6,1,30,,32889,31,0,5 6,1,70,,32859,31,0,5 6,1,30,,32866,31,0,5 6,1,70,,32864,31,0,5 6,1,30,,32862,31,0,5 6,1,70,,32856,31,0,5 6,1,30,,32880,31,0,5 6,1,70,,32861,31,0,5 6,1,30,,32890,31,0,5 6,1,70,,32887,31,0,5 6,1,30,,32888,31,0,5 6,1,70,,32868,31,0,5 6,1,30,,32891,31,0,5 6,1,70,,32882,31,0,5 6,1,30,,32875,31,0,5 6,1
30100,'6',618,,32941,31,0,5 6,1,30,,32926,31,0,5 6,1,70,,32901,31,0,5 6,1,30,,32908,31,0,5 6,1,70,,32943,31,0,5 6,1,30,,32916,31,0,5 6,1,70,,32921,31,0,5 6,1,30,,32917,31,0,5 6,1,70,,32920,31,0,5 6,1,30,,32935,31,0,5 6,1,70,,32902,31,0,5 6,1,30,,32909,31,0,5 6,1,70,,32907,31,0,5 6,1,30,,32905,31,0,5 6,1,70,,32899,31,0,5 6,1,30,,32925,31,0,5 6,1,70,,32904,31,0,5 6,1,30,,32937,31,0,5 6,1,70,,32933,31,0,5 6,1,30,,32934,31,0,5 6,1,70,,32911,31,0,5 6,1,30,,32938,31,0,5 6,1,70,,32927,31,0,5 6,1,30,,32918,31,0,5 6,1
40100,'1',642,,31498,31,0,8,1,70,,37760,31,0,8,1,30,,37775,31,0,8,1,70,,37763,31,0,8,1,30,,37783,31,0,8,1,70,,37779,31,0,8,1,30,,37772,31,0,8,1,70,,37793,31,0,8,1,30,,37752,31,0,8,1,70,,37792,31,0,8,1,30,,37789,31,0,8,1,70,,37771,31,0,8,1,30,,37745,31,0,8,1,70,,32649,31,0,8,1,30,,37750,31,0,8,1,70,,37754,31,0,8,1,30,,37770,31,0,8,1,70,,37768,31,0,8,1,30,,37747,31,0,8,1,70,,37774,31,0,8,1,30,,37787,31,0,8,1,70,,37781,31,0,8,1,30,,31183,31,0,8,1,70,,37756,31,0,8,1,100,,37778,31,0,8,1,100,,37765,31,0,8,1,100,,37777,31,0,8,1,100,,37759,31,0,8,1,100,,37757,31,0,8,1,100,,31193,31,0,8,1
40100,'11',642,,37826,31,0,8,1,70,,37811,31,0,8,1,30,,37832,31,0,8,1,70,,37816,31,0,8,1,30,,37842,31,0,8,1,70,,37837,31,0,8,1,30,,37827,31,0,8,1,70,,37852,31,0,8,1,30,,37803,31,0,8,1,70,,37851,31,0,8,1,30,,37848,31,0,8,1,70,,37825,31,0,8,1,30,,37796,31,0,8,1,70,,37831,31,0,8,1,30,,37801,31,0,8,1,70,,37805,31,0,8,1,30,,37824,31,0,8,1,70,,37822,31,0,8,1,30,,37798,31,0,8,1,70,,37830,31,0,8,1,30,,37846,31,0,8,1,70,,37839,31,0,8,1,30,,37815,31,0,8,1,70,,37807,31,0,8,1,100,,37836,31,0,8,1,100,,37819,31,0,8,1,100,,37834,31,0,8,1,100,,37810,31,0,8,1,100,,37808,31,0,8,1,100,,37853,31,0,8,1
40100,'12',1812,,37861,31,0,8,1,100,,37858,31,0,8,1,100,,37867,31,0,8,1,100,,37865,31,0,8,1,100,,37866,31,0,8,1,100,,37859,31,0,8,1,100,,37857,31,0,8,1
40100,'13',1812,,37873,31,0,8,1,100,,37870,31,0,8,1,100,,37879,31,0,8,1,100,,37877,31,0,8,1,100,,37878,31,0,8,1,100,,37871,31,0,8,1,100,,27848,31,0,8,1
40100,'14',1112,,37890,31,0,8,1,100,,37892,31,0,8,1,100,,37884,31,0,8,1,100,,37882,31,0,8,1,100,,37889,31,0,8,1,100,,37893,31,0,8,1,100,,37891,31,0,8,1,100,,37886,31,0,8,1
40100,'16',642,,31539,31,0,8,1,70,,37912,31,0,8,1,30,,37927,31,0,8,1,70,,37915,31,0,8,1,30,,37935,31,0,8,1,70,,37931,31,0,8,1,30,,37924,31,0,8,1,70,,37945,31,0,8,1,30,,37904,31,0,8,1,70,,37944,31,0,8,1,30,,37941,31,0,8,1,70,,37923,31,0,8,1,30,,37897,31,0,8,1,70,,32668,31,0,8,1,30,,37902,31,0,8,1,70,,37906,31,0,8,1,30,,37922,31,0,8,1,70,,37920,31,0,8,1,30,,37899,31,0,8,1,70,,37926,31,0,8,1,30,,37939,31,0,8,1,70,,37933,31,0,8,1,30,,26849,31,0,8,1,70,,37908,31,0,8,1,100,,37930,31,0,8,1,100,,37917,31,0,8,1,100,,37929,31,0,8,1,100,,37911,31,0,8,1,100,,37909,31,0,8,1,100,,31222,31,0,8,1
40100,'3',1812,,37951,31,0,8,1,100,,37948,31,0,8,1,100,,37957,31,0,8,1,100,,37955,31,0,8,1,100,,37956,31,0,8,1,100,,37949,31,0,8,1,100,,27869,31,0,8,1
40100,'6',1812,,37965,31,0,8,1,100,,37962,31,0,8,1,100,,37971,31,0,8,1,100,,37969,31,0,8,1,100,,37970,31,0,8,1,100,,37963,31,0,8,1,100,,37961,31,0,8,1
40100,'8',912,,37973,31,0,8,1,100,,37986,31,0,8,1,30,,38003,31,0,8,1,70,,37977,31,0,8,1,30,,37993,31,0,8,1,70,,32420,31,0,8,1,30,,37972,31,0,8,1,70,,37996,31,0,8,1,30,,38007,31,0,8,1,70,,38001,31,0,8,1,30,,38006,31,0,8,1,70,,37989,31,0,8,1,30,,38005,31,0,8,1,70,,37991,31,0,8,1,30,,37988,31,0,8,1,70,,37990,31,0,8,1,30,,37974,31,0,8,1,70,,38002,31,0,8,1,100,,37981,31,0,8,1,100,,37980,31,0,8,1
