30601,'12',629,,33972,8,0,9 12,1,30,,33966,8,0,9 12,1,70,,33953,8,0,9 12,1,30,,33970,8,0,9 12,1,70,,33958,8,0,9 12,1,30,,33968,8,0,9 12,1,70,,33974,8,0,9 12,1,30,,33975,8,0,9 12,1,70,,33969,8,0,9 12,1,30,,33957,8,0,9 12,1,70,,33960,8,0,9 12,1,30,,33955,8,0,9 12,1,70,,33952,8,0,9 12,1,30,,33956,8,0,9 12,1,70,,33971,8,0,9 12,1,30,,33962,8,0,9 12,1,70,,33961,8,0,9 12,1,25,,33959,8,0,9 12,1,5,,33967,8,0,9 12,1,70,,33973,8,0,9 12,1,30,,33965,8,0,9 12,1,70,,33963,8,0,9 12,1,30,,33964,8,0,9 12,1,70,,33951,8,0,9 12,1,30,,33954,8,0,9 12,1
30601,'13',629,,33994,8,0,9 12,1,30,,33988,8,0,9 12,1,70,,33977,8,0,9 12,1,30,,33992,8,0,9 12,1,70,,33982,8,0,9 12,1,30,,33990,8,0,9 12,1,70,,33995,8,0,9 12,1,30,,33996,8,0,9 12,1,70,,33991,8,0,9 12,1,30,,33981,8,0,9 12,1,70,,28401,8,0,9 12,1,30,,33979,8,0,9 12,1,70,,33976,8,0,9 12,1,30,,33980,8,0,9 12,1,70,,33993,8,0,9 12,1,30,,33985,8,0,9 12,1,70,,33984,8,0,9 12,1,25,,33983,8,0,9 12,1,5,,33989,8,0,9 12,1,70,,28711,8,0,9 12,1,30,,28692,8,0,9 12,1,70,,33986,8,0,9 12,1,30,,33987,8,0,9 12,1,70,,28678,8,0,9 12,1,30,,33978,8,0,9 12,1
30601,'3',629,,34015,8,0,9 12,1,30,,34009,8,0,9 12,1,70,,33998,8,0,9 12,1,30,,34013,8,0,9 12,1,70,,34003,8,0,9 12,1,30,,34011,8,0,9 12,1,70,,34016,8,0,9 12,1,30,,34017,8,0,9 12,1,70,,34012,8,0,9 12,1,30,,34002,8,0,9 12,1,70,,28422,8,0,9 12,1,30,,34000,8,0,9 12,1,70,,33997,8,0,9 12,1,30,,34001,8,0,9 12,1,70,,34014,8,0,9 12,1,30,,34006,8,0,9 12,1,70,,34005,8,0,9 12,1,25,,34004,8,0,9 12,1,5,,34010,8,0,9 12,1,70,,28755,8,0,9 12,1,30,,28736,8,0,9 12,1,70,,34007,8,0,9 12,1,30,,34008,8,0,9 12,1,70,,28722,8,0,9 12,1,30,,33999,8,0,9 12,1
30601,'6',629,,34039,8,0,9 12,1,30,,34033,8,0,9 12,1,70,,34020,8,0,9 12,1,30,,34037,8,0,9 12,1,70,,34025,8,0,9 12,1,30,,34035,8,0,9 12,1,70,,34041,8,0,9 12,1,30,,34042,8,0,9 12,1,70,,34036,8,0,9 12,1,30,,34024,8,0,9 12,1,70,,34027,8,0,9 12,1,30,,34022,8,0,9 12,1,70,,34019,8,0,9 12,1,30,,34023,8,0,9 12,1,70,,34038,8,0,9 12,1,30,,34029,8,0,9 12,1,70,,34028,8,0,9 12,1,25,,34026,8,0,9 12,1,5,,34034,8,0,9 12,1,70,,34040,8,0,9 12,1,30,,34032,8,0,9 12,1,70,,34030,8,0,9 12,1,30,,34031,8,0,9 12,1,70,,34018,8,0,9 12,1,30,,34021,8,0,9 12,1
40601,'1',657,,38965,8,0,9 12,1,70,,38943,8,0,9 12,1,30,,32093,8,0,9 12,1,70,,38953,8,0,9 12,1,30,,38945,8,0,9 12,1,70,,38955,8,0,9 12,1,30,,38961,8,0,9 12,1,70,,32509,8,0,9 12,1,30,,38962,8,0,9 12,1,70,,38946,8,0,9 12,1,30,,38957,8,0,9 12,1,70,,38951,8,0,9 12,1,30,,38949,8,0,9 12,1,70,,38942,8,0,9 12,1,30,,38950,8,0,9 12,1,70,,38947,8,0,9 12,1,30,,38967,8,0,9 12,1,70,,38952,8,0,9 12,1,30,,38958,8,0,9 12,1,70,,38954,8,0,9 12,1,30,,38963,8,0,9 12,1,70,,38966,8,0,9 12,1,30,,38964,8,0,9 12,1,70,,38959,8,0,9 12,1,100,,38944,8,0,9 12,1,100,,38960,8,0,9 12,1,100,,38948,8,0,9 12,1,100,,38956,8,0,9 12,1,100,,23235,8,0,9 12,1
40601,'11',657,,38994,8,0,9 12,1,70,,38969,8,0,9 12,1,30,,38989,8,0,9 12,1,70,,38979,8,0,9 12,1,30,,38971,8,0,9 12,1,70,,38981,8,0,9 12,1,30,,38987,8,0,9 12,1,70,,38992,8,0,9 12,1,30,,38990,8,0,9 12,1,70,,38972,8,0,9 12,1,30,,38983,8,0,9 12,1,70,,38977,8,0,9 12,1,30,,38975,8,0,9 12,1,70,,38968,8,0,9 12,1,30,,38976,8,0,9 12,1,70,,38973,8,0,9 12,1,30,,38996,8,0,9 12,1,70,,38978,8,0,9 12,1,30,,38984,8,0,9 12,1,70,,38980,8,0,9 12,1,30,,38991,8,0,9 12,1,70,,38995,8,0,9 12,1,30,,38993,8,0,9 12,1,70,,38985,8,0,9 12,1,100,,38970,8,0,9 12,1,100,,38986,8,0,9 12,1,100,,38974,8,0,9 12,1,100,,38982,8,0,9 12,1,100,,38988,8,0,9 12,1
40601,'12',1827,,39001,8,0,9 12,1,100,,39002,8,0,9 12,1,100,,38998,8,0,9 12,1,100,,38999,8,0,9 12,1,100,,39000,8,0,9 12,1,100,,38997,8,0,9 12,1
40601,'13',1827,,39006,8,0,9 12,1,100,,39007,8,0,9 12,1,100,,39004,8,0,9 12,1,100,,39005,8,0,9 12,1,100,,23354,8,0,9 12,1,100,,39003,8,0,9 12,1
40601,'14',1127,,39010,8,0,9 12,1,100,,39009,8,0,9 12,1,100,,39012,8,0,9 12,1,100,,39014,8,0,9 12,1,100,,39013,8,0,9 12,1,100,,39008,8,0,9 12,1,100,,39011,8,0,9 12,1
40601,'16',657,,39039,8,0,9 12,1,70,,39016,8,0,9 12,1,30,,25392,8,0,9 12,1,70,,39026,8,0,9 12,1,30,,39018,8,0,9 12,1,70,,39028,8,0,9 12,1,30,,39034,8,0,9 12,1,70,,39037,8,0,9 12,1,30,,39035,8,0,9 12,1,70,,39019,8,0,9 12,1,30,,39030,8,0,9 12,1,70,,39024,8,0,9 12,1,30,,39022,8,0,9 12,1,70,,39015,8,0,9 12,1,30,,39023,8,0,9 12,1,70,,39020,8,0,9 12,1,30,,39041,8,0,9 12,1,70,,39025,8,0,9 12,1,30,,39031,8,0,9 12,1,70,,39027,8,0,9 12,1,30,,39036,8,0,9 12,1,70,,39040,8,0,9 12,1,30,,39038,8,0,9 12,1,70,,39032,8,0,9 12,1,100,,39017,8,0,9 12,1,100,,39033,8,0,9 12,1,100,,39021,8,0,9 12,1,100,,39029,8,0,9 12,1,100,,31856,8,0,9 12,1
40601,'3',1827,,39045,8,0,9 12,1,100,,39046,8,0,9 12,1,100,,39043,8,0,9 12,1,100,,39044,8,0,9 12,1,100,,23392,8,0,9 12,1,100,,39042,8,0,9 12,1
40601,'6',1827,,39051,8,0,9 12,1,100,,39052,8,0,9 12,1,100,,39048,8,0,9 12,1,100,,39049,8,0,9 12,1,100,,39050,8,0,9 12,1,100,,39047,8,0,9 12,1
40601,'8',927,,30022,8,0,9 12,1,100,,39062,8,0,9 12,1,30,,39059,8,0,9 12,1,70,,39057,8,0,9 12,1,30,,39056,8,0,9 12,1,70,,39066,8,0,9 12,1,30,,39055,8,0,9 12,1,70,,39053,8,0,9 12,1,30,,39063,8,0,9 12,1,70,,39060,8,0,9 12,1,30,,31890,8,0,9 12,1,70,,39054,8,0,9 12,1,30,,39058,8,0,9 12,1,70,,39065,8,0,9 12,1,30,,39061,8,0,9 12,1,70,,39064,8,0,9 12,1,30,,25154,8,0,9 12,1,70,,39068,8,0,9 12,1,100,,39067,8,0,9 12,1
