31501,'1',605,,2768,11,0,20 14 35 26,1,30,,2759,11,0,20 14 35 26,1,70,,2763,11,0,20 14 35 26,1,30,,2762,11,0,20 14 35 26,1,70,,2746,11,0,20 14 35 26,1,30,,2747,11,0,20 14 35 26,1,70,,2745,11,0,20 14 35 26,1,30,,2751,11,0,20 14 35 26,1,70,,2760,11,0,20 14 35 26,1,30,,2757,11,0,20 14 35 26,1,70,,2764,11,0,20 14 35 26,1,30,,2753,11,0,20 14 35 26,1,70,,2758,11,0,20 14 35 26,1,30,,2749,11,0,20 14 35 26,1,70,,2754,11,0,20 14 35 26,1,30,,2752,11,0,20 14 35 26,1,71,,2765,11,0,20 14 35 26,1,30,,2750,11,0,20 14 35 26,1,70,,2766,11,0,20 14 35 26,1,30,,2761,11,0,20 14 35 26,1,70,,2756,11,0,20 14 35 26,1,30,,2755,11,0,20 14 35 26,1,70,,2767,11,0,20 14 35 26,1,30,,2748,11,0,20 14 35 26,1
31501,'10',605,,2792,11,0,20 14 35 26,1,30,,2783,11,0,20 14 35 26,1,70,,2787,11,0,20 14 35 26,1,30,,2786,11,0,20 14 35 26,1,70,,2770,11,0,20 14 35 26,1,30,,2771,11,0,20 14 35 26,1,70,,2769,11,0,20 14 35 26,1,30,,2775,11,0,20 14 35 26,1,70,,2784,11,0,20 14 35 26,1,30,,2781,11,0,20 14 35 26,1,70,,2788,11,0,20 14 35 26,1,30,,2777,11,0,20 14 35 26,1,70,,2782,11,0,20 14 35 26,1,30,,2773,11,0,20 14 35 26,1,70,,2778,11,0,20 14 35 26,1,30,,2776,11,0,20 14 35 26,1,71,,2789,11,0,20 14 35 26,1,30,,2774,11,0,20 14 35 26,1,70,,2790,11,0,20 14 35 26,1,30,,2785,11,0,20 14 35 26,1,70,,2780,11,0,20 14 35 26,1,30,,2779,11,0,20 14 35 26,1,70,,2791,11,0,20 14 35 26,1,30,,2772,11,0,20 14 35 26,1
31501,'11',605,,2816,11,0,20 14 35 26,1,30,,2806,11,0,20 14 35 26,1,70,,2810,11,0,20 14 35 26,1,30,,2809,11,0,20 14 35 26,1,70,,2794,11,0,20 14 35 26,1,30,,2795,11,0,20 14 35 26,1,70,,2793,11,0,20 14 35 26,1,30,,2799,11,0,20 14 35 26,1,70,,2807,11,0,20 14 35 26,1,30,,2804,11,0,20 14 35 26,1,70,,2812,11,0,20 14 35 26,1,30,,2801,11,0,20 14 35 26,1,70,,2805,11,0,20 14 35 26,1,30,,2797,11,0,20 14 35 26,1,70,,2802,11,0,20 14 35 26,1,30,,2800,11,0,20 14 35 26,1,71,,2813,11,0,20 14 35 26,1,30,,2798,11,0,20 14 35 26,1,70,,2814,11,0,20 14 35 26,1,30,,2808,11,0,20 14 35 26,1,70,,2803,11,0,20 14 35 26,1,30,,2811,11,0,20 14 35 26,1,70,,2815,11,0,20 14 35 26,1,30,,2796,11,0,20 14 35 26,1
31501,'3',605,,2840,11,0,20 14 35 26,1,30,,2830,11,0,20 14 35 26,1,70,,2834,11,0,20 14 35 26,1,30,,2833,11,0,20 14 35 26,1,70,,2818,11,0,20 14 35 26,1,30,,2819,11,0,20 14 35 26,1,70,,2817,11,0,20 14 35 26,1,30,,2823,11,0,20 14 35 26,1,70,,2831,11,0,20 14 35 26,1,30,,2828,11,0,20 14 35 26,1,70,,2836,11,0,20 14 35 26,1,30,,2825,11,0,20 14 35 26,1,70,,2829,11,0,20 14 35 26,1,30,,2821,11,0,20 14 35 26,1,70,,2826,11,0,20 14 35 26,1,30,,2824,11,0,20 14 35 26,1,71,,2837,11,0,20 14 35 26,1,30,,2822,11,0,20 14 35 26,1,70,,2838,11,0,20 14 35 26,1,30,,2832,11,0,20 14 35 26,1,70,,2827,11,0,20 14 35 26,1,30,,2835,11,0,20 14 35 26,1,70,,2839,11,0,20 14 35 26,1,30,,2820,11,0,20 14 35 26,1
41501,'1',1806,,7315,11,0,20 14 34,1,30,,7316,11,0,20 14 34,1,84,,7310,11,0,20 14 34,1,100,,7312,11,0,20 14 34,1,100,,7313,11,0,20 14 34,1,100,,7311,11,0,20 14 34,1,100,,7314,11,0,20 14 34,1
41501,'10',1806,,7322,11,0,20 14 34,1,30,,7323,11,0,20 14 34,1,84,,7317,11,0,20 14 34,1,100,,7319,11,0,20 14 34,1,100,,7320,11,0,20 14 34,1,100,,7318,11,0,20 14 34,1,100,,7321,11,0,20 14 34,1
41501,'11',1806,,7330,11,0,20 14 34,1,30,,7328,11,0,20 14 34,1,84,,7324,11,0,20 14 34,1,100,,7326,11,0,20 14 34,1,100,,7327,11,0,20 14 34,1,100,,7325,11,0,20 14 34,1,100,,7329,11,0,20 14 34,1
41501,'12',1120,,7331,11,0,20 14 34,1,100,,7335,11,0,20 14 34,1,100,,7333,11,0,20 14 34,1,101,,7336,11,0,20 14 34,1,100,,7334,11,0,20 14 34,1,100,,7337,11,0,20 14 34,1,100,,7332,11,0,20 14 34,1
41501,'14',650,,7362,11,0,20 14 34,1,70,,7356,11,0,20 14 34,1,30,,7345,11,0,20 14 34,1,70,,7349,11,0,20 14 34,1,30,,7359,11,0,20 14 34,1,70,,7363,11,0,20 14 34,1,30,,7357,11,0,20 14 34,1,70,,7361,11,0,20 14 34,1,30,,7343,11,0,20 14 34,1,70,,7366,11,0,20 14 34,1,30,,7340,11,0,20 14 34,1,70,,7355,11,0,20 14 34,1,30,,7353,11,0,20 14 34,1,70,,7341,11,0,20 14 34,1,30,,7352,11,0,20 14 34,1,71,,7348,11,0,20 14 34,1,30,,7365,11,0,20 14 34,1,70,,7339,11,0,20 14 34,1,30,,7350,11,0,20 14 34,1,70,,7358,11,0,20 14 34,1,30,,7346,11,0,20 14 34,1,70,,7344,11,0,20 14 34,1,30,,7364,11,0,20 14 34,1,70,,7360,11,0,20 14 34,1,99,,7342,11,0,20 14 34,1,100,,7347,11,0,20 14 34,1,100,,7338,11,0,20 14 34,1,100,,7351,11,0,20 14 34,1,100,,7354,11,0,20 14 34,1
41501,'3',1806,,7373,11,0,20 14 34,1,30,,7371,11,0,20 14 34,1,84,,7367,11,0,20 14 34,1,100,,7369,11,0,20 14 34,1,100,,7370,11,0,20 14 34,1,100,,7368,11,0,20 14 34,1,100,,7372,11,0,20 14 34,1
41501,'7',920,,7385,11,0,20 14 34,1,100,,7380,11,0,20 14 34,1,30,,7392,11,0,20 14 34,1,70,,7386,11,0,20 14 34,1,30,,7389,11,0,20 14 34,1,70,,7377,11,0,20 14 34,1,30,,7378,11,0,20 14 34,1,70,,7391,11,0,20 14 34,1,30,,7375,11,0,20 14 34,1,71,,7376,11,0,20 14 34,1,30,,7374,11,0,20 14 34,1,70,,7387,11,0,20 14 34,1,30,,7388,11,0,20 14 34,1,70,,7381,11,0,20 14 34,1,30,,7384,11,0,20 14 34,1,70,,7383,11,0,20 14 34,1,30,,7382,11,0,20 14 34,1,70,,7379,11,0,20 14 34,1,99,,7390,11,0,20 14 34,1
