30100,'11',615,,27361,2,0,5 6,1,30,,27337,2,0,5 6,1,70,,27355,2,0,5 6,1,30,,27370,2,0,5 6,1,70,,27336,2,0,5 6,1,30,,6785,2,0,5 6,1,70,,27357,2,0,5 6,1,30,,22225,2,0,5 6,1,70,,27367,2,0,5 6,1,30,,24152,2,0,5 6,1,70,,27356,2,0,5 6,1,30,,27363,2,0,5 6,1,70,,27349,2,0,5 6,1,30,,27359,2,0,5 6,1,70,,27348,2,0,5 6,1,30,,27333,2,0,5 6,1,70,,22859,2,0,5 6,1,30,,27365,2,0,5 6,1,70,,27358,2,0,5 6,1,30,,27344,2,0,5 6,1,70,,27345,2,0,5 6,1,30,,27369,2,0,5 6,1,70,,27347,2,0,5 6,1
30100,'3',615,,27399,2,0,5 6,1,30,,27375,2,0,5 6,1,70,,27393,2,0,5 6,1,30,,27408,2,0,5 6,1,70,,27374,2,0,5 6,1,30,,6829,2,0,5 6,1,70,,27395,2,0,5 6,1,30,,22244,2,0,5 6,1,70,,27405,2,0,5 6,1,30,,24162,2,0,5 6,1,70,,27394,2,0,5 6,1,30,,27401,2,0,5 6,1,70,,27387,2,0,5 6,1,30,,27397,2,0,5 6,1,70,,27386,2,0,5 6,1,30,,27371,2,0,5 6,1,70,,22879,2,0,5 6,1,30,,27403,2,0,5 6,1,70,,27396,2,0,5 6,1,30,,27382,2,0,5 6,1,70,,27383,2,0,5 6,1,30,,27407,2,0,5 6,1,70,,27385,2,0,5 6,1
30600,'11',600,,27847,2,0,7,1,30,,27861,2,0,7,1,70,,24490,2,0,7,1,30,,27859,2,0,7,1,70,,27858,2,0,7,1,30,,27864,2,0,7,1,70,,27852,2,0,7,1,30,,27846,2,0,7,1,70,,27845,2,0,7,1,30,,27854,2,0,7,1,70,,27848,2,0,7,1,30,,27865,2,0,7,1,70,,27862,2,0,7,1,30,,27853,2,0,7,1,70,,27863,2,0,7,1,30,,27857,2,0,7,1,70,,27851,2,0,7,1,30,,27855,2,0,7,1,70,,24112,2,0,7,1,30,,27850,2,0,7,1,70,,27860,2,0,7,1,30,,27849,2,0,7,1,70,,23629,2,0,7,1,30,,27856,2,0,7,1
30600,'3',600,,27868,2,0,7,1,30,,27882,2,0,7,1,70,,24598,2,0,7,1,30,,27880,2,0,7,1,70,,27879,2,0,7,1,30,,27885,2,0,7,1,70,,27873,2,0,7,1,30,,27867,2,0,7,1,70,,27866,2,0,7,1,30,,27875,2,0,7,1,70,,27869,2,0,7,1,30,,27886,2,0,7,1,70,,27883,2,0,7,1,30,,27874,2,0,7,1,70,,27884,2,0,7,1,30,,27878,2,0,7,1,70,,27872,2,0,7,1,30,,27876,2,0,7,1,70,,24124,2,0,7,1,30,,27871,2,0,7,1,70,,27881,2,0,7,1,30,,27870,2,0,7,1,70,,23648,2,0,7,1,30,,27877,2,0,7,1
33700,'1',730,,29436,2,,,1,70,,29427,2,,,1,30,,29401,2,,,1,70,,29407,2,,,1,30,,29442,2,,,1,70,,29412,2,,,1,30,,24259,2,,,1,70,,29438,2,,,1,30,,29425,2,,,1,70,,29416,2,,,1,30,,29406,2,,,1,70,,29419,2,,,1,30,,29423,2,,,1,70,,29417,2,,,1,30,,26406,2,,,1,70,,29415,2,,,1,30,,29404,2,,,1,70,,23725,2,,,1,30,,29403,2,,,1,70,,29437,2,,,1,30,,29409,2,,,1,70,,29434,2,,,1,30,,29424,2,,,1,70,,29418,2,,,1,30,,23651,2,,,1
33700,'11',700,,29460,2,,,1,30,,29483,2,,,1,70,,29474,2,,,1,30,,29465,2,,,1,70,,29462,2,,,1,30,,29445,2,,,1,70,,29481,2,,,1,30,,23332,2,,,1,70,,29450,2,,,1,30,,29482,2,,,1,70,,29484,2,,,1,30,,29454,2,,,1,70,,21466,2,,,1,30,,29467,2,,,1,70,,29449,2,,,1,30,,29463,2,,,1,70,,29448,2,,,1,30,,29480,2,,,1,70,,29461,2,,,1,30,,29458,2,,,1,70,,29464,2,,,1,30,,19106,2,,,1,70,,29486,2,,,1,30,,12268,2,,,1,70,,29472,2,,,1
33700,'12',1130,,29488,2,,,1,70,,29489,2,,,1,30,,29501,2,,,1,70,,29502,2,,,1,30,,29510,2,,,1,70,,29487,2,,,1,30,,29497,2,,,1,70,,29508,2,,,1,30,,29506,2,,,1,70,,29507,2,,,1,30,,29491,2,,,1,70,,29503,2,,,1,30,,29493,2,,,1,70,,29490,2,,,1,30,,29504,2,,,1
33700,'14',730,,29557,2,,,1,70,,29546,2,,,1,30,,29518,2,,,1,70,,29524,2,,,1,30,,29563,2,,,1,70,,29530,2,,,1,30,,29533,2,,,1,70,,29559,2,,,1,30,,26866,2,,,1,70,,29535,2,,,1,30,,29523,2,,,1,70,,29538,2,,,1,30,,29542,2,,,1,70,,29536,2,,,1,30,,29549,2,,,1,70,,29532,2,,,1,30,,29521,2,,,1,70,,29534,2,,,1,30,,29520,2,,,1,70,,29558,2,,,1,30,,29527,2,,,1,70,,29555,2,,,1,30,,29543,2,,,1,70,,29537,2,,,1,30,,29526,2,,,1
33700,'3',700,,29581,2,,,1,30,,29604,2,,,1,70,,29595,2,,,1,30,,29586,2,,,1,70,,29583,2,,,1,30,,29566,2,,,1,70,,29602,2,,,1,30,,23370,2,,,1,70,,29571,2,,,1,30,,29603,2,,,1,70,,29605,2,,,1,30,,29575,2,,,1,70,,21505,2,,,1,30,,29588,2,,,1,70,,29570,2,,,1,30,,29584,2,,,1,70,,29569,2,,,1,30,,29601,2,,,1,70,,29582,2,,,1,30,,29579,2,,,1,70,,29585,2,,,1,30,,19153,2,,,1,70,,29607,2,,,1,30,,12301,2,,,1,70,,29593,2,,,1
33700,'8',1200,,25555,2,,,1,30,,29618,2,,,1,70,,29624,2,,,1,30,,29626,2,,,1,70,,29617,2,,,1,30,,29629,2,,,1,70,,29634,2,,,1,30,,29630,2,,,1,70,,29613,2,,,1,30,,29611,2,,,1,70,,29635,2,,,1,30,,29622,2,,,1,70,,29620,2,,,1,30,,29625,2,,,1,70,,29623,2,,,1
40100,'1',615,,29888,2,0,8,1,30,,29890,2,0,8,1,70,,29908,2,0,8,1,30,,29891,2,0,8,1,70,,29871,2,0,8,1,30,,29897,2,0,8,1,70,,29910,2,0,8,1,30,,29914,2,0,8,1,70,,29887,2,0,8,1,30,,29916,2,0,8,1,70,,29919,2,0,8,1,30,,23084,2,0,8,1,70,,29889,2,0,8,1,30,,29909,2,0,8,1,70,,29877,2,0,8,1,30,,24668,2,0,8,1,70,,29903,2,0,8,1,30,,29881,2,0,8,1,70,,29874,2,0,8,1,30,,29901,2,0,8,1,70,,29900,2,0,8,1,30,,29892,2,0,8,1,70,,29876,2,0,8,1,30,,29880,2,0,8,1,100,,29906,2,0,8,1,100,,29883,2,0,8,1,100,,29885,2,0,8,1,100,,29872,2,0,8,1,100,,29870,2,0,8,1,100,,29896,2,0,8,1
40100,'11',1745,,29931,2,0,8,1,100,,29920,2,0,8,1,100,,29923,2,0,8,1,100,,29922,2,0,8,1,100,,24724,2,0,8,1,100,,29926,2,0,8,1,100,,29921,2,0,8,1
40100,'12',1045,,29938,2,0,8,1,100,,29939,2,0,8,1,100,,29936,2,0,8,1,100,,29933,2,0,8,1,100,,29937,2,0,8,1,100,,29941,2,0,8,1,100,,25360,2,0,8,1,100,,29944,2,0,8,1
40100,'14',615,,24954,2,0,8,1,30,,29970,2,0,8,1,70,,29991,2,0,8,1,30,,29971,2,0,8,1,70,,29948,2,0,8,1,30,,29978,2,0,8,1,70,,29993,2,0,8,1,30,,29997,2,0,8,1,70,,29968,2,0,8,1,30,,24808,2,0,8,1,70,,30001,2,0,8,1,30,,29977,2,0,8,1,70,,25531,2,0,8,1,30,,29992,2,0,8,1,70,,29954,2,0,8,1,30,,29965,2,0,8,1,70,,29986,2,0,8,1,30,,29958,2,0,8,1,70,,29951,2,0,8,1,30,,29983,2,0,8,1,70,,29981,2,0,8,1,30,,29972,2,0,8,1,70,,29953,2,0,8,1,30,,29957,2,0,8,1,100,,29989,2,0,8,1,100,,29961,2,0,8,1,100,,29966,2,0,8,1,100,,29949,2,0,8,1,100,,29947,2,0,8,1,100,,29976,2,0,8,1
40100,'3',1745,,30013,2,0,8,1,100,,30002,2,0,8,1,100,,30005,2,0,8,1,100,,30004,2,0,8,1,100,,24826,2,0,8,1,100,,30008,2,0,8,1,100,,30003,2,0,8,1
40100,'8',845,,30016,2,0,8,1,100,,30021,2,0,8,1,70,,30033,2,0,8,1,30,,30031,2,0,8,1,70,,30039,2,0,8,1,30,,30017,2,0,8,1,70,,30045,2,0,8,1,30,,30029,2,0,8,1,70,,30037,2,0,8,1,30,,30052,2,0,8,1,70,,30038,2,0,8,1,30,,30022,2,0,8,1,70,,30034,2,0,8,1,30,,30044,2,0,8,1,70,,30050,2,0,8,1,30,,30018,2,0,8,1,70,,30053,2,0,8,1,30,,30028,2,0,8,1,100,,30026,2,0,8,1,100,,30049,2,0,8,1
40600,'1',615,,30614,2,0,9 10,1,30,,23944,2,0,9 10,1,70,,30607,2,0,9 10,1,30,,30601,2,0,9 10,1,70,,30602,2,0,9 10,1,30,,30605,2,0,9 10,1,70,,30603,2,0,9 10,1,30,,21565,2,0,9 10,1,70,,30597,2,0,9 10,1,30,,30594,2,0,9 10,1,70,,30608,2,0,9 10,1,30,,30612,2,0,9 10,1,70,,30591,2,0,9 10,1,30,,30598,2,0,9 10,1,70,,21548,2,0,9 10,1,30,,30615,2,0,9 10,1,70,,30600,2,0,9 10,1,30,,30613,2,0,9 10,1,70,,30609,2,0,9 10,1,30,,30595,2,0,9 10,1,70,,30604,2,0,9 10,1,30,,30610,2,0,9 10,1,70,,30593,2,0,9 10,1,30,,30599,2,0,9 10,1,70,,30606,2,0,9 10,1,100,,30596,2,0,9 10,1,100,,30592,2,0,9 10,1,100,,30611,2,0,9 10,1,100,,30590,2,0,9 10,1,100,,30589,2,0,9 10,1
40600,'11',1815,,22085,2,0,9 10,1,100,,30618,2,0,9 10,1,100,,30619,2,0,9 10,1,100,,30616,2,0,9 10,1,100,,30617,2,0,9 10,1,100,,30620,2,0,9 10,1
40600,'12',1115,,30624,2,0,9 10,1,100,,30622,2,0,9 10,1,100,,30626,2,0,9 10,1,100,,30625,2,0,9 10,1,100,,30623,2,0,9 10,1,100,,30621,2,0,9 10,1,100,,30627,2,0,9 10,1
40600,'14',615,,30651,2,0,9 10,1,30,,30645,2,0,9 10,1,70,,30644,2,0,9 10,1,30,,30638,2,0,9 10,1,70,,23988,2,0,9 10,1,30,,30642,2,0,9 10,1,70,,30639,2,0,9 10,1,30,,30641,2,0,9 10,1,70,,30634,2,0,9 10,1,30,,25755,2,0,9 10,1,70,,26944,2,0,9 10,1,30,,30649,2,0,9 10,1,70,,30630,2,0,9 10,1,30,,30635,2,0,9 10,1,70,,30636,2,0,9 10,1,30,,30652,2,0,9 10,1,70,,30637,2,0,9 10,1,30,,30650,2,0,9 10,1,70,,30646,2,0,9 10,1,30,,30633,2,0,9 10,1,70,,30640,2,0,9 10,1,30,,30647,2,0,9 10,1,70,,30632,2,0,9 10,1,30,,26447,2,0,9 10,1,70,,30643,2,0,9 10,1,100,,25911,2,0,9 10,1,100,,30631,2,0,9 10,1,100,,30648,2,0,9 10,1,100,,30629,2,0,9 10,1,100,,30628,2,0,9 10,1
40600,'3',1815,,22106,2,0,9 10,1,100,,30655,2,0,9 10,1,100,,30656,2,0,9 10,1,100,,30653,2,0,9 10,1,100,,30654,2,0,9 10,1,100,,30657,2,0,9 10,1
40600,'8',915,,30665,2,0,9 10,1,100,,30663,2,0,9 10,1,30,,30669,2,0,9 10,1,70,,26142,2,0,9 10,1,30,,30670,2,0,9 10,1,70,,30666,2,0,9 10,1,30,,26010,2,0,9 10,1,70,,30659,2,0,9 10,1,30,,30658,2,0,9 10,1,70,,30667,2,0,9 10,1,30,,8620,2,0,9 10,1,70,,30668,2,0,9 10,1,30,,30664,2,0,9 10,1,70,,30672,2,0,9 10,1,30,,30673,2,0,9 10,1,70,,30671,2,0,9 10,1,30,,30661,2,0,9 10,1,70,,30660,2,0,9 10,1,100,,30662,2,0,9 10,1
43700,'1',1945,,32647,2,,,1,100,,32643,2,,,1,100,,32642,2,,,1,100,,32649,2,,,1,100,,32646,2,,,1
43700,'11',1945,,32655,2,,,1,100,,32653,2,,,1,100,,32660,2,,,1,100,,32654,2,,,1,100,,22911,2,,,1
43700,'14',1945,,32666,2,,,1,100,,32662,2,,,1,100,,32661,2,,,1,100,,32668,2,,,1,100,,32665,2,,,1
43700,'3',1945,,32674,2,,,1,100,,32672,2,,,1,100,,32679,2,,,1,100,,32673,2,,,1,100,,22935,2,,,1
