30100,'15',615,,8846,28,0,5 6,1,30,,8861,28,0,5 6,1,70,,8850,28,0,5 6,1,30,,8836,28,0,5 6,1,70,,8845,28,0,5 6,1,30,,8839,28,0,5 6,1,70,,8827,28,0,5 6,1,30,,8841,28,0,5 6,1,70,,8849,28,0,5 6,1,30,,8834,28,0,5 6,1,70,,8853,28,0,5 6,1,30,,8857,28,0,5 6,1,70,,8828,28,0,5 6,1,30,,8843,28,0,5 6,1,70,,8871,28,0,5 6,1,30,,8831,28,0,5 6,1,70,,8851,28,0,5 6,1,30,,8838,28,0,5 6,1,70,,8837,28,0,5 6,1,30,,8854,28,0,5 6,1,70,,8855,28,0,5 6,1,30,,8858,28,0,5 6,1,70,,8840,28,0,5 6,1,30,,8829,28,0,5 6,1
30100,'16',615,,2451,28,0,5 6,1,30,,8895,28,0,5 6,1,70,,8887,28,0,5 6,1,30,,8879,28,0,5 6,1,70,,8885,28,0,5 6,1,30,,8881,28,0,5 6,1,70,,8873,28,0,5 6,1,30,,8883,28,0,5 6,1,70,,1097,28,0,5 6,1,30,,6860,28,0,5 6,1,70,,8890,28,0,5 6,1,30,,8893,28,0,5 6,1,70,,5228,28,0,5 6,1,30,,2909,28,0,5 6,1,70,,8905,28,0,5 6,1,30,,8875,28,0,5 6,1,70,,8888,28,0,5 6,1,30,,2345,28,0,5 6,1,70,,8880,28,0,5 6,1,30,,8891,28,0,5 6,1,70,,8892,28,0,5 6,1,30,,1201,28,0,5 6,1,70,,8882,28,0,5 6,1,30,,4441,28,0,5 6,1
30100,'17',615,,2474,28,0,5 6,1,30,,8928,28,0,5 6,1,70,,8920,28,0,5 6,1,30,,8912,28,0,5 6,1,70,,8918,28,0,5 6,1,30,,8914,28,0,5 6,1,70,,8907,28,0,5 6,1,30,,8916,28,0,5 6,1,70,,1122,28,0,5 6,1,30,,6865,28,0,5 6,1,70,,8923,28,0,5 6,1,30,,8926,28,0,5 6,1,70,,5278,28,0,5 6,1,30,,2975,28,0,5 6,1,70,,8938,28,0,5 6,1,30,,8908,28,0,5 6,1,70,,8921,28,0,5 6,1,30,,2371,28,0,5 6,1,70,,8913,28,0,5 6,1,30,,8924,28,0,5 6,1,70,,8925,28,0,5 6,1,30,,1225,28,0,5 6,1,70,,8915,28,0,5 6,1,30,,4451,28,0,5 6,1
30100,'19',615,,8959,28,0,5 6,1,30,,8974,28,0,5 6,1,70,,8963,28,0,5 6,1,30,,8950,28,0,5 6,1,70,,5651,28,0,5 6,1,30,,8953,28,0,5 6,1,70,,8941,28,0,5 6,1,30,,8955,28,0,5 6,1,70,,8962,28,0,5 6,1,30,,8948,28,0,5 6,1,70,,8966,28,0,5 6,1,30,,8970,28,0,5 6,1,70,,8942,28,0,5 6,1,30,,8957,28,0,5 6,1,70,,8983,28,0,5 6,1,30,,8945,28,0,5 6,1,70,,8964,28,0,5 6,1,30,,8952,28,0,5 6,1,70,,8951,28,0,5 6,1,30,,8967,28,0,5 6,1,70,,8968,28,0,5 6,1,30,,8971,28,0,5 6,1,70,,8954,28,0,5 6,1,30,,8943,28,0,5 6,1
30100,'5',615,,2497,28,0,5 6,1,30,,9004,28,0,5 6,1,70,,8997,28,0,5 6,1,30,,4998,28,0,5 6,1,70,,8995,28,0,5 6,1,30,,8991,28,0,5 6,1,70,,8985,28,0,5 6,1,30,,8993,28,0,5 6,1,70,,1147,28,0,5 6,1,30,,6907,28,0,5 6,1,70,,9000,28,0,5 6,1,30,,9002,28,0,5 6,1,70,,5408,28,0,5 6,1,30,,3043,28,0,5 6,1,70,,9014,28,0,5 6,1,30,,8986,28,0,5 6,1,70,,8998,28,0,5 6,1,30,,2396,28,0,5 6,1,70,,8990,28,0,5 6,1,30,,4214,28,0,5 6,1,70,,9001,28,0,5 6,1,30,,1249,28,0,5 6,1,70,,8992,28,0,5 6,1,30,,4474,28,0,5 6,1
30100,'6',615,,9036,28,0,5 6,1,30,,9051,28,0,5 6,1,70,,9040,28,0,5 6,1,30,,9026,28,0,5 6,1,70,,9035,28,0,5 6,1,30,,9029,28,0,5 6,1,70,,9017,28,0,5 6,1,30,,9031,28,0,5 6,1,70,,9039,28,0,5 6,1,30,,9024,28,0,5 6,1,70,,9043,28,0,5 6,1,30,,9047,28,0,5 6,1,70,,9018,28,0,5 6,1,30,,9033,28,0,5 6,1,70,,9061,28,0,5 6,1,30,,9021,28,0,5 6,1,70,,9041,28,0,5 6,1,30,,9028,28,0,5 6,1,70,,9027,28,0,5 6,1,30,,9044,28,0,5 6,1,70,,9045,28,0,5 6,1,30,,9048,28,0,5 6,1,70,,9030,28,0,5 6,1,30,,9019,28,0,5 6,1
40100,'1',1109,,16776,28,0,8,1,100,,16774,28,0,8,1,100,,219,28,0,8,1,100,,16770,28,0,8,1,100,,16769,28,0,8,1,100,,16772,28,0,8,1,100,,16775,28,0,8,1,100,,16771,28,0,8,1
40100,'10',639,,16792,28,0,8,1,70,,16826,28,0,8,1,30,,16808,28,0,8,1,70,,16820,28,0,8,1,30,,16811,28,0,8,1,70,,16818,28,0,8,1,30,,16803,28,0,8,1,70,,16819,28,0,8,1,30,,16828,28,0,8,1,70,,16832,28,0,8,1,30,,16804,28,0,8,1,70,,16790,28,0,8,1,30,,16807,28,0,8,1,70,,16784,28,0,8,1,30,,16781,28,0,8,1,70,,16815,28,0,8,1,30,,16778,28,0,8,1,70,,16823,28,0,8,1,30,,16799,28,0,8,1,70,,16797,28,0,8,1,30,,16806,28,0,8,1,70,,16783,28,0,8,1,30,,16780,28,0,8,1,70,,16805,28,0,8,1,100,,16812,28,0,8,1,100,,16835,28,0,8,1,100,,16789,28,0,8,1,100,,16788,28,0,8,1,100,,16785,28,0,8,1,100,,16794,28,0,8,1
40100,'12',909,,16860,28,0,8,1,100,,16864,28,0,8,1,30,,16843,28,0,8,1,70,,16870,28,0,8,1,30,,16862,28,0,8,1,70,,16854,28,0,8,1,30,,16851,28,0,8,1,70,,16868,28,0,8,1,30,,16852,28,0,8,1,70,,6122,28,0,8,1,30,,16866,28,0,8,1,70,,7866,28,0,8,1,30,,16837,28,0,8,1,70,,16849,28,0,8,1,30,,16842,28,0,8,1,70,,16872,28,0,8,1,30,,16867,28,0,8,1,70,,16869,28,0,8,1,100,,16859,28,0,8,1,100,,16865,28,0,8,1
40100,'15',1809,,16877,28,0,8,1,100,,16883,28,0,8,1,100,,16885,28,0,8,1,100,,16886,28,0,8,1,100,,16881,28,0,8,1,100,,16879,28,0,8,1,100,,16882,28,0,8,1
40100,'16',1809,,615,28,0,8,1,100,,16894,28,0,8,1,100,,16896,28,0,8,1,100,,16897,28,0,8,1,100,,284,28,0,8,1,100,,16893,28,0,8,1,100,,16892,28,0,8,1
40100,'17',1809,,639,28,0,8,1,100,,16905,28,0,8,1,100,,16907,28,0,8,1,100,,16908,28,0,8,1,100,,334,28,0,8,1,100,,16903,28,0,8,1,100,,16904,28,0,8,1
40100,'19',1809,,16913,28,0,8,1,100,,16919,28,0,8,1,100,,16921,28,0,8,1,100,,16922,28,0,8,1,100,,16917,28,0,8,1,100,,16915,28,0,8,1,100,,16918,28,0,8,1
40100,'21',639,,16934,28,0,8,1,70,,16962,28,0,8,1,30,,16945,28,0,8,1,70,,16956,28,0,8,1,30,,16948,28,0,8,1,70,,16954,28,0,8,1,30,,16942,28,0,8,1,70,,16955,28,0,8,1,30,,16964,28,0,8,1,70,,16968,28,0,8,1,30,,16943,28,0,8,1,70,,16933,28,0,8,1,30,,7358,28,0,8,1,70,,16928,28,0,8,1,30,,6472,28,0,8,1,70,,16951,28,0,8,1,30,,7825,28,0,8,1,70,,16959,28,0,8,1,30,,16939,28,0,8,1,70,,7576,28,0,8,1,30,,7225,28,0,8,1,70,,16927,28,0,8,1,30,,16925,28,0,8,1,70,,16944,28,0,8,1,100,,16949,28,0,8,1,100,,16971,28,0,8,1,100,,16932,28,0,8,1,100,,16931,28,0,8,1,100,,16929,28,0,8,1,100,,16936,28,0,8,1
40100,'5',1809,,663,28,0,8,1,100,,16980,28,0,8,1,100,,16982,28,0,8,1,100,,16983,28,0,8,1,100,,384,28,0,8,1,100,,16978,28,0,8,1,100,,16979,28,0,8,1
40100,'6',1809,,16988,28,0,8,1,100,,16994,28,0,8,1,100,,16996,28,0,8,1,100,,16997,28,0,8,1,100,,16992,28,0,8,1,100,,16990,28,0,8,1,100,,16993,28,0,8,1
