30400,'1',704,,788,10,0,39 40 41,1,30,,781,10,0,39 40 41,1,70,,771,10,0,39 40 41,1,30,,783,10,0,39 40 41,1,70,,774,10,0,39 40 41,1,30,,780,10,0,39 40 41,1,71,,770,10,0,39 40 41,1,30,,790,10,0,39 40 41,1,70,,791,10,0,39 40 41,1,30,,779,10,0,39 40 41,1,70,,786,10,0,39 40 41,1,30,,787,10,0,39 40 41,1,70,,778,10,0,39 40 41,1,30,,782,10,0,39 40 41,1,71,,785,10,0,39 40 41,1,30,,777,10,0,39 40 41,1,70,,769,10,0,39 40 41,1,30,,784,10,0,39 40 41,1,70,,789,10,0,39 40 41,1,30,,773,10,0,39 40 41,1,70,,772,10,0,39 40 41,1,30,,776,10,0,39 40 41,1,70,,775,10,0,39 40 41,1
30400,'10',704,,811,10,0,39 40 41,1,30,,804,10,0,39 40 41,1,70,,794,10,0,39 40 41,1,30,,806,10,0,39 40 41,1,70,,797,10,0,39 40 41,1,30,,803,10,0,39 40 41,1,71,,793,10,0,39 40 41,1,30,,813,10,0,39 40 41,1,70,,814,10,0,39 40 41,1,30,,802,10,0,39 40 41,1,70,,809,10,0,39 40 41,1,30,,810,10,0,39 40 41,1,70,,801,10,0,39 40 41,1,30,,805,10,0,39 40 41,1,71,,808,10,0,39 40 41,1,30,,800,10,0,39 40 41,1,70,,792,10,0,39 40 41,1,30,,807,10,0,39 40 41,1,70,,812,10,0,39 40 41,1,30,,796,10,0,39 40 41,1,70,,795,10,0,39 40 41,1,30,,799,10,0,39 40 41,1,70,,798,10,0,39 40 41,1
30400,'11',704,,834,10,0,39 40 41,1,30,,827,10,0,39 40 41,1,70,,817,10,0,39 40 41,1,30,,829,10,0,39 40 41,1,70,,820,10,0,39 40 41,1,30,,826,10,0,39 40 41,1,71,,816,10,0,39 40 41,1,30,,836,10,0,39 40 41,1,70,,837,10,0,39 40 41,1,30,,825,10,0,39 40 41,1,70,,832,10,0,39 40 41,1,30,,833,10,0,39 40 41,1,70,,824,10,0,39 40 41,1,30,,828,10,0,39 40 41,1,71,,831,10,0,39 40 41,1,30,,823,10,0,39 40 41,1,70,,815,10,0,39 40 41,1,30,,830,10,0,39 40 41,1,70,,835,10,0,39 40 41,1,30,,819,10,0,39 40 41,1,70,,818,10,0,39 40 41,1,30,,822,10,0,39 40 41,1,70,,821,10,0,39 40 41,1
30400,'3',704,,857,10,0,39 40 41,1,30,,850,10,0,39 40 41,1,70,,840,10,0,39 40 41,1,30,,852,10,0,39 40 41,1,70,,843,10,0,39 40 41,1,30,,849,10,0,39 40 41,1,71,,839,10,0,39 40 41,1,30,,859,10,0,39 40 41,1,70,,860,10,0,39 40 41,1,30,,848,10,0,39 40 41,1,70,,855,10,0,39 40 41,1,30,,856,10,0,39 40 41,1,70,,847,10,0,39 40 41,1,30,,851,10,0,39 40 41,1,71,,854,10,0,39 40 41,1,30,,846,10,0,39 40 41,1,70,,838,10,0,39 40 41,1,30,,853,10,0,39 40 41,1,70,,858,10,0,39 40 41,1,30,,842,10,0,39 40 41,1,70,,841,10,0,39 40 41,1,30,,845,10,0,39 40 41,1,70,,844,10,0,39 40 41,1
40400,'1',1819,,6290,10,0,39 40 42 18,1,100,,6289,10,0,39 40 42 18,1,100,,6291,10,0,39 40 42 18,1,100,,6292,10,0,39 40 42 18,1,100,,6293,10,0,39 40 42 18,1,100,,6294,10,0,39 40 42 18,1
40400,'10',1819,,6296,10,0,39 40 42 18,1,100,,6295,10,0,39 40 42 18,1,100,,6297,10,0,39 40 42 18,1,100,,6298,10,0,39 40 42 18,1,100,,6299,10,0,39 40 42 18,1,100,,6300,10,0,39 40 42 18,1
40400,'11',1819,,6302,10,0,39 40 42 18,1,100,,6301,10,0,39 40 42 18,1,100,,6303,10,0,39 40 42 18,1,100,,6304,10,0,39 40 42 18,1,100,,6305,10,0,39 40 42 18,1,100,,6306,10,0,39 40 42 18,1
40400,'12',1120,,6310,10,0,39 40 42 18,1,100,,6313,10,0,39 40 42 18,1,100,,6309,10,0,39 40 42 18,1,99,,6308,10,0,39 40 42 18,1,100,,6311,10,0,39 40 42 18,1,100,,6312,10,0,39 40 42 18,1,100,,6307,10,0,39 40 42 18,1
40400,'14',619,,6322,10,0,39 40 42 18,1,30,,6340,10,0,39 40 42 18,1,70,,6325,10,0,39 40 42 18,1,30,,6321,10,0,39 40 42 18,1,70,,6333,10,0,39 40 42 18,1,30,,6342,10,0,39 40 42 18,1,70,,6324,10,0,39 40 42 18,1,30,,6326,10,0,39 40 42 18,1,71,,6338,10,0,39 40 42 18,1,30,,6335,10,0,39 40 42 18,1,70,,6330,10,0,39 40 42 18,1,30,,6320,10,0,39 40 42 18,1,70,,6314,10,0,39 40 42 18,1,30,,6329,10,0,39 40 42 18,1,70,,6317,10,0,39 40 42 18,1,30,,6319,10,0,39 40 42 18,1,69,,6339,10,0,39 40 42 18,1,30,,6316,10,0,39 40 42 18,1,70,,6332,10,0,39 40 42 18,1,30,,6336,10,0,39 40 42 18,1,70,,6323,10,0,39 40 42 18,1,30,,6343,10,0,39 40 42 18,1,70,,6327,10,0,39 40 42 18,1,30,,6331,10,0,39 40 42 18,1,70,,6337,10,0,39 40 42 18,1,100,,6341,10,0,39 40 42 18,1,100,,6328,10,0,39 40 42 18,1,100,,6334,10,0,39 40 42 18,1,100,,6315,10,0,39 40 42 18,1,100,,6318,10,0,39 40 42 18,1
40400,'3',1819,,6345,10,0,39 40 42 18,1,100,,6344,10,0,39 40 42 18,1,100,,6346,10,0,39 40 42 18,1,100,,6347,10,0,39 40 42 18,1,100,,6348,10,0,39 40 42 18,1,100,,6349,10,0,39 40 42 18,1
40400,'7',919,,6360,10,0,39 40 42 18,1,101,,6361,10,0,39 40 42 18,1,30,,6356,10,0,39 40 42 18,1,70,,6365,10,0,39 40 42 18,1,30,,6353,10,0,39 40 42 18,1,70,,6351,10,0,39 40 42 18,1,30,,6363,10,0,39 40 42 18,1,70,,6367,10,0,39 40 42 18,1,30,,6358,10,0,39 40 42 18,1,69,,6362,10,0,39 40 42 18,1,30,,6355,10,0,39 40 42 18,1,70,,6354,10,0,39 40 42 18,1,30,,6352,10,0,39 40 42 18,1,70,,6366,10,0,39 40 42 18,1,30,,6357,10,0,39 40 42 18,1,70,,6350,10,0,39 40 42 18,1,30,,6359,10,0,39 40 42 18,1,70,,6364,10,0,39 40 42 18,1,100,,6368,10,0,39 40 42 18,1
