32400,'1',708,,4290,7,0,54,1,100,,4296,7,0,54,1,100,,4292,7,0,54,1,100,,4300,7,0,54,1,100,,4299,7,0,54,1,100,,4291,7,0,54,1,100,,4289,7,0,54,1,100,,4298,7,0,54,1,100,,4295,7,0,54,1,100,,4297,7,0,54,1,100,,4294,7,0,54,1,100,,4293,7,0,54,1
32400,'10',708,,4302,7,0,54,1,100,,4308,7,0,54,1,100,,4304,7,0,54,1,100,,4312,7,0,54,1,100,,4311,7,0,54,1,100,,4303,7,0,54,1,100,,4301,7,0,54,1,100,,4310,7,0,54,1,100,,4307,7,0,54,1,100,,4309,7,0,54,1,100,,4306,7,0,54,1,100,,4305,7,0,54,1
32400,'11',708,,4314,7,0,54,1,30,,4333,7,0,54,1,70,,4323,7,0,54,1,30,,4325,7,0,54,1,70,,4319,7,0,54,1,30,,4318,7,0,54,1,70,,4335,7,0,54,1,30,,4324,7,0,54,1,70,,4332,7,0,54,1,30,,4330,7,0,54,1,70,,4316,7,0,54,1,30,,4329,7,0,54,1,70,,4313,7,0,54,1,30,,4334,7,0,54,1,70,,4331,7,0,54,1,30,,4315,7,0,54,1,70,,4321,7,0,54,1,30,,4327,7,0,54,1,70,,4326,7,0,54,1,30,,4317,7,0,54,1,70,,4320,7,0,54,1,30,,4328,7,0,54,1,70,,4322,7,0,54,1
32400,'3',708,,4337,7,0,54,1,30,,4341,7,0,54,1,70,,4346,7,0,54,1,30,,4340,7,0,54,1,70,,4342,7,0,54,1,30,,4350,7,0,54,1,70,,4358,7,0,54,1,30,,4348,7,0,54,1,70,,4356,7,0,54,1,30,,4357,7,0,54,1,70,,4338,7,0,54,1,30,,4352,7,0,54,1,70,,4336,7,0,54,1,30,,4343,7,0,54,1,70,,4355,7,0,54,1,30,,4353,7,0,54,1,70,,4345,7,0,54,1,30,,4354,7,0,54,1,70,,4351,7,0,54,1,30,,4339,7,0,54,1,70,,4344,7,0,54,1,30,,4347,7,0,54,1,70,,4349,7,0,54,1
33100,'1',739,,4435,12,4,,1,100,,4438,12,4,,1,100,,4439,12,4,,1,100,,4436,12,4,,1,100,,4434,12,4,,1,100,,4432,12,4,,1,100,,4437,12,4,,1,100,,4430,12,4,,1,100,,4433,12,4,,1,100,,4431,12,4,,1,100,,4429,12,4,,1
33100,'10',739,,4446,12,4,,1,100,,4449,12,4,,1,100,,4450,12,4,,1,100,,4447,12,4,,1,100,,4445,12,4,,1,100,,4443,12,4,,1,100,,4448,12,4,,1,100,,4441,12,4,,1,100,,4444,12,4,,1,100,,4442,12,4,,1,100,,4440,12,4,,1
33100,'11',709,,4469,12,4,,1,30,,4460,12,4,,1,70,,4465,12,4,,1,30,,4472,12,4,,1,70,,4467,12,4,,1,30,,4473,12,4,,1,70,,4453,12,4,,1,30,,4461,12,4,,1,70,,4464,12,4,,1,30,,4459,12,4,,1,70,,4452,12,4,,1,30,,4455,12,4,,1,70,,4457,12,4,,1,30,,4463,12,4,,1,70,,4471,12,4,,1,30,,4451,12,4,,1,70,,4468,12,4,,1,30,,4458,12,4,,1,70,,4470,12,4,,1,30,,4454,12,4,,1,70,,4466,12,4,,1,30,,4462,12,4,,1,70,,4456,12,4,,1
33100,'3',709,,4490,12,4,,1,30,,4484,12,4,,1,70,,4475,12,4,,1,30,,4491,12,4,,1,70,,4489,12,4,,1,30,,4493,12,4,,1,70,,4481,12,4,,1,30,,4486,12,4,,1,70,,4482,12,4,,1,30,,4483,12,4,,1,70,,4492,12,4,,1,30,,4479,12,4,,1,70,,4494,12,4,,1,30,,4487,12,4,,1,70,,4495,12,4,,1,30,,4474,12,4,,1,70,,4488,12,4,,1,30,,4480,12,4,,1,70,,4485,12,4,,1,30,,4478,12,4,,1,70,,4476,12,4,,1,30,,4477,12,4,,1,70,,4496,12,4,,1
33101,'1',740,,4505,1,0,55,1,100,,4502,1,0,55,1,100,,4507,1,0,55,1,100,,4504,1,0,55,1,100,,4497,1,0,55,1,100,,4506,1,0,55,1,100,,4500,1,0,55,1,100,,4499,1,0,55,1,100,,4501,1,0,55,1,100,,4503,1,0,55,1,100,,4498,1,0,55,1
33101,'10',740,,4516,1,0,55,1,100,,4513,1,0,55,1,100,,4518,1,0,55,1,100,,4515,1,0,55,1,100,,4508,1,0,55,1,100,,4517,1,0,55,1,100,,4511,1,0,55,1,100,,4510,1,0,55,1,100,,4512,1,0,55,1,100,,4514,1,0,55,1,100,,4509,1,0,55,1
33101,'11',710,,4537,1,0,55,1,30,,4532,1,0,55,1,70,,4525,1,0,55,1,30,,4528,1,0,55,1,70,,4526,1,0,55,1,30,,4540,1,0,55,1,70,,4529,1,0,55,1,30,,4531,1,0,55,1,70,,4521,1,0,55,1,30,,4519,1,0,55,1,70,,4541,1,0,55,1,30,,4536,1,0,55,1,70,,4533,1,0,55,1,30,,4522,1,0,55,1,70,,4535,1,0,55,1,30,,4520,1,0,55,1,70,,4539,1,0,55,1,30,,4523,1,0,55,1,70,,4527,1,0,55,1,30,,4530,1,0,55,1,70,,4524,1,0,55,1,30,,4534,1,0,55,1,70,,4538,1,0,55,1
33101,'3',710,,4559,1,0,55,1,30,,4555,1,0,55,1,70,,4549,1,0,55,1,30,,4551,1,0,55,1,70,,4547,1,0,55,1,30,,4561,1,0,55,1,70,,4552,1,0,55,1,30,,4554,1,0,55,1,70,,4544,1,0,55,1,30,,4542,1,0,55,1,70,,4556,1,0,55,1,30,,4558,1,0,55,1,70,,4550,1,0,55,1,30,,4546,1,0,55,1,70,,4564,1,0,55,1,30,,4545,1,0,55,1,70,,4560,1,0,55,1,30,,4548,1,0,55,1,70,,4562,1,0,55,1,30,,4553,1,0,55,1,70,,4557,1,0,55,1,30,,4563,1,0,55,1,70,,4543,1,0,55,1
42400,'1',1907,,8311,7,0,54,1,100,,8312,7,0,54,1,100,,8310,7,0,54,1,100,,8313,7,0,54,1,100,,8314,7,0,54,1
42400,'10',1907,,8316,7,0,54,1,100,,8317,7,0,54,1,100,,8315,7,0,54,1,100,,8318,7,0,54,1,100,,8319,7,0,54,1
42400,'11',1907,,8323,7,0,54,1,100,,8321,7,0,54,1,100,,8320,7,0,54,1,100,,8322,7,0,54,1,100,,8324,7,0,54,1
42400,'3',1838,,8326,7,0,54,1,69,,8332,7,0,54,1,30,,8329,7,0,54,1,70,,8327,7,0,54,1,30,,8328,7,0,54,1,70,,8325,7,0,54,1,30,,8331,7,0,54,1,70,,8330,7,0,54,1,100,,8333,7,0,54,1
43100,'1',1840,,8368,12,4,,1,99,,8370,12,4,,1,100,,8365,12,4,,1,100,,8367,12,4,,1,100,,8369,12,4,,1,100,,8366,12,4,,1
43100,'10',1840,,8374,12,4,,1,99,,8376,12,4,,1,100,,8371,12,4,,1,100,,8373,12,4,,1,100,,8375,12,4,,1,100,,8372,12,4,,1
43100,'11',1840,,8380,12,4,,1,99,,8378,12,4,,1,100,,8377,12,4,,1,100,,8381,12,4,,1,100,,8382,12,4,,1,100,,8379,12,4,,1
43100,'3',1840,,8391,12,4,,1,69,,8386,12,4,,1,30,,8388,12,4,,1,70,,8385,12,4,,1,30,,8383,12,4,,1,70,,8387,12,4,,1,30,,8390,12,4,,1,70,,8384,12,4,,1,30,,8392,12,4,,1,100,,8389,12,4,,1
43101,'1',1841,,8393,1,0,55,1,99,,8397,1,0,55,1,100,,8396,1,0,55,1,100,,8398,1,0,55,1,100,,8394,1,0,55,1,100,,8395,1,0,55,1
43101,'10',1841,,8399,1,0,55,1,99,,8403,1,0,55,1,100,,8402,1,0,55,1,100,,8404,1,0,55,1,100,,8400,1,0,55,1,100,,8401,1,0,55,1
43101,'11',1841,,8409,1,0,55,1,99,,8408,1,0,55,1,100,,8407,1,0,55,1,100,,8410,1,0,55,1,100,,8405,1,0,55,1,100,,8406,1,0,55,1
43101,'3',1841,,8411,1,0,55,1,69,,8414,1,0,55,1,30,,8412,1,0,55,1,70,,8418,1,0,55,1,30,,8417,1,0,55,1,70,,8416,1,0,55,1,30,,8420,1,0,55,1,70,,8419,1,0,55,1,30,,8413,1,0,55,1,100,,8415,1,0,55,1
