32100,'12',655,,36334,23,0,53,1,91,,36342,23,0,53,1,100,,36338,23,0,53,1,100,,36337,23,0,53,1,100,,36333,23,0,53,1,100,,36340,23,0,53,1,100,,36339,23,0,53,1,100,,36331,23,0,53,1,100,,36332,23,0,53,1,100,,36341,23,0,53,1,100,,36336,23,0,53,1,100,,36335,23,0,53,1
32100,'13',746,,36349,23,0,53,1,100,,36347,23,0,53,1,100,,36346,23,0,53,1,400,,36343,23,0,53,1,100,,36344,23,0,53,1,100,,36348,23,0,53,1,100,,36345,23,0,53,1
32100,'3',746,,36356,23,0,53,1,100,,36354,23,0,53,1,100,,36353,23,0,53,1,400,,36350,23,0,53,1,100,,36351,23,0,53,1,100,,36355,23,0,53,1,100,,36352,23,0,53,1
32100,'6',655,,36360,23,0,53,1,91,,36368,23,0,53,1,100,,36364,23,0,53,1,100,,36363,23,0,53,1,100,,36359,23,0,53,1,100,,36366,23,0,53,1,100,,36365,23,0,53,1,100,,36357,23,0,53,1,100,,36358,23,0,53,1,100,,36367,23,0,53,1,100,,36362,23,0,53,1,100,,36361,23,0,53,1
32401,'12',717,,36615,5,0,54,1,100,,36622,5,0,54,1,100,,36620,5,0,54,1,100,,36611,5,0,54,1,100,,36616,5,0,54,1,100,,36621,5,0,54,1,100,,36614,5,0,54,1,100,,36618,5,0,54,1,100,,36612,5,0,54,1,100,,36613,5,0,54,1,100,,36619,5,0,54,1,100,,36617,5,0,54,1
33101,'12',747,,36641,7,0,55,1,100,,36640,7,0,55,1,100,,36637,7,0,55,1,100,,36643,7,0,55,1,100,,36636,7,0,55,1,100,,36639,7,0,55,1,100,,36644,7,0,55,1,100,,36642,7,0,55,1,100,,36635,7,0,55,1,100,,36638,7,0,55,1,100,,36634,7,0,55,1
42100,'11',655,,41549,23,0,53,1,91,,41539,23,0,53,1,100,,41553,23,0,53,1,100,,41552,23,0,53,1,100,,41543,23,0,53,1,100,,41554,23,0,53,1,100,,41542,23,0,53,1,100,,41548,23,0,53,1,100,,41551,23,0,53,1,100,,41540,23,0,53,1,100,,41541,23,0,53,1,100,,41550,23,0,53,1,100,,41538,23,0,53,1,100,,41546,23,0,53,1,100,,41544,23,0,53,1,100,,41545,23,0,53,1,100,,41547,23,0,53,1
42100,'12',1846,,41558,23,0,53,1,100,,41555,23,0,53,1,100,,41559,23,0,53,1,100,,41557,23,0,53,1,100,,41556,23,0,53,1
42100,'6',1846,,41563,23,0,53,1,100,,41560,23,0,53,1,100,,41564,23,0,53,1,100,,41562,23,0,53,1,100,,41561,23,0,53,1
42401,'1',716,,41648,5,0,54,1,100,,41646,5,0,54,1,100,,41652,5,0,54,1,101,,41647,5,0,54,1,100,,41650,5,0,54,1,100,,41653,5,0,54,1,100,,31041,5,0,54,1,100,,41655,5,0,54,1,100,,41651,5,0,54,1,100,,41656,5,0,54,1,100,,41645,5,0,54,1,100,,41644,5,0,54,1,98,,41643,5,0,54,1,100,,41654,5,0,54,1,100,,41642,5,0,54,1,100,,41649,5,0,54,1
42401,'12',1915,,41658,5,0,54,1,100,,41657,5,0,54,1,100,,41661,5,0,54,1,100,,41659,5,0,54,1,100,,41660,5,0,54,1
43101,'1',746,,41684,7,0,55,1,100,,22390,7,0,55,1,100,,41690,7,0,55,1,101,,41687,7,0,55,1,100,,41683,7,0,55,1,100,,41682,7,0,55,1,100,,41689,7,0,55,1,101,,41695,7,0,55,1,100,,41692,7,0,55,1,100,,41691,7,0,55,1,100,,41686,7,0,55,1,100,,41685,7,0,55,1,99,,29662,7,0,55,1,100,,41693,7,0,55,1,100,,41688,7,0,55,1,100,,41694,7,0,55,1
43101,'12',1848,,41699,7,0,55,1,99,,41698,7,0,55,1,100,,41700,7,0,55,1,100,,41697,7,0,55,1,100,,41696,7,0,55,1,100,,41701,7,0,55,1
