30501,'12',626,,33786,20,0,27,1,30,,33763,20,0,27,1,70,,33779,20,0,27,1,30,,33766,20,0,27,1,70,,33777,20,0,27,1,30,,33769,20,0,27,1,70,,33774,20,0,27,1,30,,33784,20,0,27,1,70,,33772,20,0,27,1,30,,33770,20,0,27,1,70,,33787,20,0,27,1,30,,33775,20,0,27,1,70,,33767,20,0,27,1,30,,33765,20,0,27,1,70,,33782,20,0,27,1,30,,33783,20,0,27,1,70,,33768,20,0,27,1,30,,33781,20,0,27,1,70,,33778,20,0,27,1,30,,33771,20,0,27,1,70,,33764,20,0,27,1,30,,33780,20,0,27,1,70,,33773,20,0,27,1,30,,33785,20,0,27,1
30501,'13',626,,33810,20,0,27,1,30,,33788,20,0,27,1,70,,33804,20,0,27,1,30,,33791,20,0,27,1,70,,33802,20,0,27,1,30,,33794,20,0,27,1,70,,33799,20,0,27,1,30,,33809,20,0,27,1,70,,33797,20,0,27,1,30,,33795,20,0,27,1,70,,33811,20,0,27,1,30,,33800,20,0,27,1,70,,33792,20,0,27,1,30,,33790,20,0,27,1,70,,33807,20,0,27,1,30,,33808,20,0,27,1,70,,33793,20,0,27,1,30,,33806,20,0,27,1,70,,33803,20,0,27,1,30,,33796,20,0,27,1,70,,33789,20,0,27,1,30,,33805,20,0,27,1,70,,33798,20,0,27,1,30,,28368,20,0,27,1
30501,'3',626,,33834,20,0,27,1,30,,33812,20,0,27,1,70,,33828,20,0,27,1,30,,33815,20,0,27,1,70,,33826,20,0,27,1,30,,33818,20,0,27,1,70,,33823,20,0,27,1,30,,33833,20,0,27,1,70,,33821,20,0,27,1,30,,33819,20,0,27,1,70,,33835,20,0,27,1,30,,33824,20,0,27,1,70,,33816,20,0,27,1,30,,33814,20,0,27,1,70,,33831,20,0,27,1,30,,33832,20,0,27,1,70,,33817,20,0,27,1,30,,33830,20,0,27,1,70,,33827,20,0,27,1,30,,33820,20,0,27,1,70,,33813,20,0,27,1,30,,33829,20,0,27,1,70,,33822,20,0,27,1,30,,28386,20,0,27,1
30501,'6',626,,33859,20,0,27,1,30,,33836,20,0,27,1,70,,33852,20,0,27,1,30,,33839,20,0,27,1,70,,33850,20,0,27,1,30,,33842,20,0,27,1,70,,33847,20,0,27,1,30,,33857,20,0,27,1,70,,33845,20,0,27,1,30,,33843,20,0,27,1,70,,33860,20,0,27,1,30,,33848,20,0,27,1,70,,33840,20,0,27,1,30,,33838,20,0,27,1,70,,33855,20,0,27,1,30,,33856,20,0,27,1,70,,33841,20,0,27,1,30,,33854,20,0,27,1,70,,33851,20,0,27,1,30,,33844,20,0,27,1,70,,33837,20,0,27,1,30,,33853,20,0,27,1,70,,33846,20,0,27,1,30,,33858,20,0,27,1
41201,'1',622,,39929,23,,,1,30,,39924,23,,,1,70,,39914,23,,,1,30,,39933,23,,,1,70,,39918,23,,,1,30,,31492,23,,,1,70,,39913,23,,,1,30,,39928,23,,,1,70,,39930,23,,,1,30,,39916,23,,,1,70,,39919,23,,,1,30,,39931,23,,,1,70,,39920,23,,,1,30,,39922,23,,,1,70,,39939,23,,,1,30,,39923,23,,,1,70,,39921,23,,,1,30,,39937,23,,,1,70,,39926,23,,,1,30,,39912,23,,,1,70,,39936,23,,,1,30,,39935,23,,,1,70,,39938,23,,,1,30,,39932,23,,,1,70,,39925,23,,,1,100,,39927,23,,,1,100,,31591,23,,,1,100,,39917,23,,,1,100,,39934,23,,,1,100,,39915,23,,,1
41201,'11',622,,39959,23,,,1,30,,39953,23,,,1,70,,39942,23,,,1,30,,39963,23,,,1,70,,39947,23,,,1,30,,39943,23,,,1,70,,39941,23,,,1,30,,39958,23,,,1,70,,39960,23,,,1,30,,39945,23,,,1,70,,39948,23,,,1,30,,39961,23,,,1,70,,39949,23,,,1,30,,39951,23,,,1,70,,39969,23,,,1,30,,39952,23,,,1,70,,39950,23,,,1,30,,39967,23,,,1,70,,39955,23,,,1,30,,39940,23,,,1,70,,39966,23,,,1,30,,39965,23,,,1,70,,39968,23,,,1,30,,39962,23,,,1,70,,39954,23,,,1,100,,39957,23,,,1,100,,39956,23,,,1,100,,39946,23,,,1,100,,39964,23,,,1,100,,39944,23,,,1
41201,'12',1822,,39971,23,,,1,100,,39972,23,,,1,100,,39975,23,,,1,100,,39973,23,,,1,100,,39970,23,,,1,100,,39974,23,,,1
41201,'13',1822,,24112,23,,,1,100,,27610,23,,,1,100,,39979,23,,,1,100,,39977,23,,,1,100,,39976,23,,,1,100,,39978,23,,,1
41201,'14',1122,,39986,23,,,1,100,,39987,23,,,1,100,,39984,23,,,1,100,,39982,23,,,1,100,,39981,23,,,1,100,,39985,23,,,1,100,,39980,23,,,1
41201,'16',622,,40005,23,,,1,30,,40000,23,,,1,70,,39990,23,,,1,30,,40009,23,,,1,70,,39994,23,,,1,30,,31532,23,,,1,70,,39989,23,,,1,30,,40004,23,,,1,70,,40006,23,,,1,30,,39992,23,,,1,70,,39995,23,,,1,30,,40007,23,,,1,70,,39996,23,,,1,30,,39998,23,,,1,70,,40015,23,,,1,30,,39999,23,,,1,70,,39997,23,,,1,30,,40013,23,,,1,70,,40002,23,,,1,30,,39988,23,,,1,70,,40012,23,,,1,30,,40011,23,,,1,70,,40014,23,,,1,30,,40008,23,,,1,70,,40001,23,,,1,100,,40003,23,,,1,100,,31627,23,,,1,100,,39993,23,,,1,100,,40010,23,,,1,100,,39991,23,,,1
41201,'3',1822,,24124,23,,,1,100,,27633,23,,,1,100,,40019,23,,,1,100,,40017,23,,,1,100,,40016,23,,,1,100,,40018,23,,,1
41201,'6',1822,,40021,23,,,1,100,,40022,23,,,1,100,,40025,23,,,1,100,,40023,23,,,1,100,,40020,23,,,1,100,,40024,23,,,1
41201,'8',922,,40044,23,,,1,100,,40026,23,,,1,30,,40034,23,,,1,70,,40029,23,,,1,30,,40038,23,,,1,70,,40031,23,,,1,30,,40039,23,,,1,70,,40028,23,,,1,30,,40037,23,,,1,70,,30497,23,,,1,30,,40036,23,,,1,70,,40027,23,,,1,30,,40035,23,,,1,70,,40030,23,,,1,30,,40041,23,,,1,70,,40033,23,,,1,30,,40032,23,,,1,70,,40040,23,,,1,100,,40042,23,,,1,100,,40043,23,,,1
