31801,'1',604,,3626,7,0,45 50,1,30,,3623,7,0,45 50,1,71,,3627,7,0,45 50,1,30,,3615,7,0,45 50,1,70,,3628,7,0,45 50,1,30,,3616,7,0,45 50,1,70,,3607,7,0,45 50,1,30,,3618,7,0,45 50,1,71,,3624,7,0,45 50,1,30,,3631,7,0,45 50,1,70,,3619,7,0,45 50,1,30,,3608,7,0,45 50,1,70,,3625,7,0,45 50,1,30,,3622,7,0,45 50,1,70,,3620,7,0,45 50,1,30,,3611,7,0,45 50,1,68,,3613,7,0,45 50,1,30,,3629,7,0,45 50,1,70,,3610,7,0,45 50,1,30,,3632,7,0,45 50,1,70,,3617,7,0,45 50,1,30,,3621,7,0,45 50,1,70,,3630,7,0,45 50,1,30,,3609,7,0,45 50,1,70,,3612,7,0,45 50,1,30,,3614,7,0,45 50,1
31801,'10',604,,3652,7,0,45 50,1,30,,3649,7,0,45 50,1,71,,3653,7,0,45 50,1,30,,3641,7,0,45 50,1,70,,3654,7,0,45 50,1,30,,3642,7,0,45 50,1,70,,3633,7,0,45 50,1,30,,3644,7,0,45 50,1,71,,3650,7,0,45 50,1,30,,3657,7,0,45 50,1,70,,3645,7,0,45 50,1,30,,3634,7,0,45 50,1,70,,3651,7,0,45 50,1,30,,3648,7,0,45 50,1,70,,3646,7,0,45 50,1,30,,3637,7,0,45 50,1,68,,3639,7,0,45 50,1,30,,3655,7,0,45 50,1,70,,3636,7,0,45 50,1,30,,3658,7,0,45 50,1,70,,3643,7,0,45 50,1,30,,3647,7,0,45 50,1,70,,3656,7,0,45 50,1,30,,3635,7,0,45 50,1,70,,3638,7,0,45 50,1,30,,3640,7,0,45 50,1
31801,'11',604,,3678,7,0,45 50,1,30,,3675,7,0,45 50,1,71,,3680,7,0,45 50,1,30,,3667,7,0,45 50,1,70,,3681,7,0,45 50,1,30,,3668,7,0,45 50,1,70,,3659,7,0,45 50,1,30,,3670,7,0,45 50,1,71,,3676,7,0,45 50,1,30,,3684,7,0,45 50,1,70,,3671,7,0,45 50,1,30,,3660,7,0,45 50,1,70,,3677,7,0,45 50,1,30,,3674,7,0,45 50,1,70,,3672,7,0,45 50,1,30,,3663,7,0,45 50,1,68,,3665,7,0,45 50,1,30,,3682,7,0,45 50,1,70,,3661,7,0,45 50,1,30,,3662,7,0,45 50,1,70,,3669,7,0,45 50,1,30,,3673,7,0,45 50,1,70,,3683,7,0,45 50,1,30,,3679,7,0,45 50,1,70,,3664,7,0,45 50,1,30,,3666,7,0,45 50,1
31801,'3',604,,3704,7,0,45 50,1,30,,3701,7,0,45 50,1,71,,3706,7,0,45 50,1,30,,3693,7,0,45 50,1,70,,3707,7,0,45 50,1,30,,3694,7,0,45 50,1,70,,3685,7,0,45 50,1,30,,3696,7,0,45 50,1,71,,3702,7,0,45 50,1,30,,3710,7,0,45 50,1,70,,3697,7,0,45 50,1,30,,3686,7,0,45 50,1,70,,3703,7,0,45 50,1,30,,3700,7,0,45 50,1,70,,3698,7,0,45 50,1,30,,3689,7,0,45 50,1,68,,3691,7,0,45 50,1,30,,3708,7,0,45 50,1,70,,3687,7,0,45 50,1,30,,3688,7,0,45 50,1,70,,3695,7,0,45 50,1,30,,3699,7,0,45 50,1,70,,3709,7,0,45 50,1,30,,3705,7,0,45 50,1,70,,3690,7,0,45 50,1,30,,3692,7,0,45 50,1
41801,'1',1851,,7880,7,0,45 50,1,99,,7882,7,0,45 50,1,100,,7884,7,0,45 50,1,100,,7883,7,0,45 50,1,100,,7881,7,0,45 50,1
41801,'10',1851,,7885,7,0,45 50,1,99,,7887,7,0,45 50,1,100,,7889,7,0,45 50,1,100,,7888,7,0,45 50,1,100,,7886,7,0,45 50,1
41801,'11',1851,,7890,7,0,45 50,1,99,,7892,7,0,45 50,1,100,,7894,7,0,45 50,1,100,,7893,7,0,45 50,1,100,,7891,7,0,45 50,1
41801,'12',1151,,7895,7,0,45 50,1,100,,7898,7,0,45 50,1,100,,7899,7,0,45 50,1,100,,7900,7,0,45 50,1,100,,7897,7,0,45 50,1,100,,7901,7,0,45 50,1,100,,7896,7,0,45 50,1
41801,'14',620,,7926,7,0,45 50,1,30,,7905,7,0,45 50,1,70,,7924,7,0,45 50,1,30,,7928,7,0,45 50,1,70,,7908,7,0,45 50,1,30,,7910,7,0,45 50,1,70,,7920,7,0,45 50,1,30,,7930,7,0,45 50,1,71,,7925,7,0,45 50,1,30,,7929,7,0,45 50,1,70,,7916,7,0,45 50,1,30,,7907,7,0,45 50,1,70,,7903,7,0,45 50,1,30,,7927,7,0,45 50,1,70,,7904,7,0,45 50,1,30,,7923,7,0,45 50,1,70,,7906,7,0,45 50,1,30,,7911,7,0,45 50,1,70,,7917,7,0,45 50,1,30,,7913,7,0,45 50,1,70,,7902,7,0,45 50,1,30,,7914,7,0,45 50,1,70,,7931,7,0,45 50,1,30,,7919,7,0,45 50,1,70,,7915,7,0,45 50,1,30,,7909,7,0,45 50,1,99,,7918,7,0,45 50,1,100,,7922,7,0,45 50,1,100,,7912,7,0,45 50,1,100,,7921,7,0,45 50,1
41801,'3',1851,,7932,7,0,45 50,1,99,,7934,7,0,45 50,1,100,,7936,7,0,45 50,1,100,,7935,7,0,45 50,1,100,,7933,7,0,45 50,1
41801,'7',850,,7947,7,0,45 50,1,100,,7949,7,0,45 50,1,101,,7952,7,0,45 50,1,70,,7942,7,0,45 50,1,30,,7944,7,0,45 50,1,70,,7939,7,0,45 50,1,30,,7951,7,0,45 50,1,70,,7946,7,0,45 50,1,30,,7956,7,0,45 50,1,70,,7941,7,0,45 50,1,30,,7954,7,0,45 50,1,70,,7938,7,0,45 50,1,30,,7943,7,0,45 50,1,70,,7950,7,0,45 50,1,30,,7937,7,0,45 50,1,70,,7955,7,0,45 50,1,30,,7945,7,0,45 50,1,70,,7953,7,0,45 50,1,30,,7948,7,0,45 50,1,99,,7940,7,0,45 50,1
