30901,'12',623,,34469,15,0,25 14 26,1,30,,34473,15,0,25 14 26,1,71,,34486,15,0,25 14 26,1,30,,34470,15,0,25 14 26,1,70,,34476,15,0,25 14 26,1,30,,34481,15,0,25 14 26,1,70,,34492,15,0,25 14 26,1,30,,34487,15,0,25 14 26,1,70,,34491,15,0,25 14 26,1,30,,34479,15,0,25 14 26,1,70,,34489,15,0,25 14 26,1,30,,34475,15,0,25 14 26,1,70,,34488,15,0,25 14 26,1,30,,34483,15,0,25 14 26,1,70,,34472,15,0,25 14 26,1,30,,34471,15,0,25 14 26,1,70,,34474,15,0,25 14 26,1,78,,34490,15,0,25 14 26,1,30,,34477,15,0,25 14 26,1,70,,34485,15,0,25 14 26,1,30,,34478,15,0,25 14 26,1,70,,34482,15,0,25 14 26,1,30,,34480,15,0,25 14 26,1,70,,34493,15,0,25 14 26,1,26,,34484,11,0,25 14 26,1
30901,'13',623,,34494,15,0,25 14 26,1,30,,34498,15,0,25 14 26,1,71,,34511,15,0,25 14 26,1,30,,34495,15,0,25 14 26,1,70,,34501,15,0,25 14 26,1,30,,34506,15,0,25 14 26,1,70,,27614,15,0,25 14 26,1,30,,23691,15,0,25 14 26,1,70,,34515,15,0,25 14 26,1,30,,34504,15,0,25 14 26,1,70,,34513,15,0,25 14 26,1,30,,34500,15,0,25 14 26,1,70,,34512,15,0,25 14 26,1,30,,34508,15,0,25 14 26,1,70,,34497,15,0,25 14 26,1,30,,34496,15,0,25 14 26,1,70,,34499,15,0,25 14 26,1,78,,34514,15,0,25 14 26,1,30,,34502,15,0,25 14 26,1,70,,34510,15,0,25 14 26,1,30,,34503,15,0,25 14 26,1,70,,34507,15,0,25 14 26,1,30,,34505,15,0,25 14 26,1,70,,34516,15,0,25 14 26,1,26,,34509,11,0,25 14 26,1
30901,'3',623,,34517,15,0,25 14 26,1,30,,34521,15,0,25 14 26,1,71,,34534,15,0,25 14 26,1,30,,34518,15,0,25 14 26,1,70,,34524,15,0,25 14 26,1,30,,34529,15,0,25 14 26,1,70,,27637,15,0,25 14 26,1,30,,23711,15,0,25 14 26,1,70,,34538,15,0,25 14 26,1,30,,34527,15,0,25 14 26,1,70,,34536,15,0,25 14 26,1,30,,34523,15,0,25 14 26,1,70,,34535,15,0,25 14 26,1,30,,34531,15,0,25 14 26,1,70,,34520,15,0,25 14 26,1,30,,34519,15,0,25 14 26,1,70,,34522,15,0,25 14 26,1,78,,34537,15,0,25 14 26,1,30,,34525,15,0,25 14 26,1,70,,34533,15,0,25 14 26,1,30,,34526,15,0,25 14 26,1,70,,34530,15,0,25 14 26,1,30,,34528,15,0,25 14 26,1,70,,34539,15,0,25 14 26,1,26,,34532,11,0,25 14 26,1
30901,'6',623,,34540,15,0,25 14 26,1,30,,34544,15,0,25 14 26,1,71,,34557,15,0,25 14 26,1,30,,34541,15,0,25 14 26,1,70,,34547,15,0,25 14 26,1,30,,34552,15,0,25 14 26,1,70,,34563,15,0,25 14 26,1,30,,34558,15,0,25 14 26,1,70,,34562,15,0,25 14 26,1,30,,34550,15,0,25 14 26,1,70,,34560,15,0,25 14 26,1,30,,34546,15,0,25 14 26,1,70,,34559,15,0,25 14 26,1,30,,34554,15,0,25 14 26,1,70,,34543,15,0,25 14 26,1,30,,34542,15,0,25 14 26,1,70,,34545,15,0,25 14 26,1,78,,34561,15,0,25 14 26,1,30,,34548,15,0,25 14 26,1,70,,34556,15,0,25 14 26,1,30,,34549,15,0,25 14 26,1,70,,34553,15,0,25 14 26,1,30,,34551,15,0,25 14 26,1,70,,34564,15,0,25 14 26,1,26,,34555,11,0,25 14 26,1
40901,'1',651,,39494,15,0,25 12,1,70,,39496,15,0,25 12,1,30,,39491,15,0,25 12,1,70,,39475,15,0,25 12,1,30,,39477,15,0,25 12,1,70,,39485,15,0,25 12,1,30,,39479,15,0,25 12,1,70,,30685,15,0,25 12,1,30,,39482,15,0,25 12,1,70,,39488,15,0,25 12,1,30,,39478,15,0,25 12,1,70,,39497,15,0,25 12,1,30,,39498,15,0,25 12,1,70,,39490,15,0,25 12,1,30,,24694,15,0,25 12,1,70,,31595,15,0,25 12,1,30,,39474,15,0,25 12,1,70,,39481,15,0,25 12,1,30,,39486,15,0,25 12,1,70,,39476,15,0,25 12,1,30,,39484,15,0,25 12,1,70,,39489,15,0,25 12,1,30,,39495,15,0,25 12,1,70,,23651,15,0,25 12,1,30,,39487,15,0,25 12,1,100,,39492,15,0,25 12,1,100,,39483,15,0,25 12,1,100,,39480,15,0,25 12,1,100,,39493,15,0,25 12,1
40901,'11',651,,39523,15,0,25 12,1,70,,39525,15,0,25 12,1,30,,39519,15,0,25 12,1,70,,39501,15,0,25 12,1,30,,39503,15,0,25 12,1,70,,39512,15,0,25 12,1,30,,39505,15,0,25 12,1,70,,39511,15,0,25 12,1,30,,39508,15,0,25 12,1,70,,39516,15,0,25 12,1,30,,39504,15,0,25 12,1,70,,39526,15,0,25 12,1,30,,39527,15,0,25 12,1,70,,39518,15,0,25 12,1,30,,39521,15,0,25 12,1,70,,39515,15,0,25 12,1,30,,39499,15,0,25 12,1,70,,39507,15,0,25 12,1,30,,39513,15,0,25 12,1,70,,39502,15,0,25 12,1,30,,39510,15,0,25 12,1,70,,39517,15,0,25 12,1,30,,39524,15,0,25 12,1,70,,39500,15,0,25 12,1,30,,39514,15,0,25 12,1,100,,39520,15,0,25 12,1,100,,39509,15,0,25 12,1,100,,39506,15,0,25 12,1,100,,39522,15,0,25 12,1
40901,'12',1851,,39532,15,0,25 12,1,100,,39531,15,0,25 12,1,100,,39528,15,0,25 12,1,100,,39530,15,0,25 12,1,100,,39529,15,0,25 12,1
40901,'13',1851,,39536,15,0,25 12,1,100,,39535,15,0,25 12,1,100,,39533,15,0,25 12,1,100,,39534,15,0,25 12,1,100,,23553,15,0,25 12,1
40901,'14',1051,,39538,15,0,25 12,1,100,,39541,15,0,25 12,1,100,,39539,15,0,25 12,1,100,,39542,15,0,25 12,1,100,,30452,15,0,25 12,1,100,,39540,15,0,25 12,1,100,,39543,15,0,25 12,1,100,,39537,15,0,25 12,1
40901,'16',651,,39564,15,0,25 12,1,70,,39566,15,0,25 12,1,30,,39561,15,0,25 12,1,70,,39545,15,0,25 12,1,30,,39547,15,0,25 12,1,70,,39555,15,0,25 12,1,30,,39549,15,0,25 12,1,70,,30722,15,0,25 12,1,30,,39552,15,0,25 12,1,70,,39558,15,0,25 12,1,30,,39548,15,0,25 12,1,70,,39567,15,0,25 12,1,30,,39568,15,0,25 12,1,70,,39560,15,0,25 12,1,30,,29544,15,0,25 12,1,70,,31633,15,0,25 12,1,30,,39544,15,0,25 12,1,70,,39551,15,0,25 12,1,30,,39556,15,0,25 12,1,70,,39546,15,0,25 12,1,30,,39554,15,0,25 12,1,70,,39559,15,0,25 12,1,30,,39565,15,0,25 12,1,70,,29526,15,0,25 12,1,30,,39557,15,0,25 12,1,100,,39562,15,0,25 12,1,100,,39553,15,0,25 12,1,100,,39550,15,0,25 12,1,100,,39563,15,0,25 12,1
40901,'3',1851,,39572,15,0,25 12,1,100,,39571,15,0,25 12,1,100,,39569,15,0,25 12,1,100,,39570,15,0,25 12,1,100,,23574,15,0,25 12,1
40901,'6',1851,,39577,15,0,25 12,1,100,,39576,15,0,25 12,1,100,,39573,15,0,25 12,1,100,,39575,15,0,25 12,1,100,,39574,15,0,25 12,1
40901,'8',851,,39590,15,0,25 12,1,100,,39589,15,0,25 12,1,100,,39595,15,0,25 12,1,70,,39580,15,0,25 12,1,30,,39581,15,0,25 12,1,70,,39587,15,0,25 12,1,30,,39583,15,0,25 12,1,70,,39582,15,0,25 12,1,30,,39594,15,0,25 12,1,70,,39591,15,0,25 12,1,30,,39584,15,0,25 12,1,70,,39592,15,0,25 12,1,30,,39588,15,0,25 12,1,70,,39593,15,0,25 12,1,30,,32416,15,0,25 12,1,70,,39579,15,0,25 12,1,30,,39596,15,0,25 12,1,70,,39578,15,0,25 12,1,30,,39586,15,0,25 12,1,100,,39585,15,0,25 12,1
