30100,'1',619,,21420,7,0,5 6,1,30,,21425,7,0,5 6,1,70,,21431,7,0,5 6,1,30,,21437,7,0,5 6,1,70,,21418,7,0,5 6,1,30,,21435,7,0,5 6,1,70,,21421,7,0,5 6,1,30,,21446,7,0,5 6,1,70,,21430,7,0,5 6,1,30,,21428,7,0,5 6,1,70,,21436,7,0,5 6,1,30,,21452,7,0,5 6,1,70,,21411,7,0,5 6,1,30,,21419,7,0,5 6,1,70,,21423,7,0,5 6,1,30,,21444,7,0,5 6,1,70,,21417,7,0,5 6,1,30,,21443,7,0,5 6,1,70,,21432,7,0,5 6,1,30,,21412,7,0,5 6,1,70,,21429,7,0,5 6,1,30,,21447,7,0,5 6,1,70,,21434,7,0,5 6,1
30100,'10',619,,21464,7,0,5 6,1,30,,18079,7,0,5 6,1,70,,21472,7,0,5 6,1,30,,21477,7,0,5 6,1,70,,10314,7,0,5 6,1,30,,21475,7,0,5 6,1,70,,21465,7,0,5 6,1,30,,21487,7,0,5 6,1,70,,21471,7,0,5 6,1,30,,21470,7,0,5 6,1,70,,21476,7,0,5 6,1,30,,10714,7,0,5 6,1,70,,13899,7,0,5 6,1,30,,21463,7,0,5 6,1,70,,21467,7,0,5 6,1,30,,21485,7,0,5 6,1,70,,21462,7,0,5 6,1,30,,21484,7,0,5 6,1,70,,21473,7,0,5 6,1,30,,21457,7,0,5 6,1,70,,16554,7,0,5 6,1,30,,21488,7,0,5 6,1,70,,21474,7,0,5 6,1
30100,'3',619,,21503,7,0,5 6,1,30,,18118,7,0,5 6,1,70,,21511,7,0,5 6,1,30,,21516,7,0,5 6,1,70,,10355,7,0,5 6,1,30,,21514,7,0,5 6,1,70,,21504,7,0,5 6,1,30,,7609,7,0,5 6,1,70,,21510,7,0,5 6,1,30,,21509,7,0,5 6,1,70,,21515,7,0,5 6,1,30,,10758,7,0,5 6,1,70,,13938,7,0,5 6,1,30,,15665,7,0,5 6,1,70,,21506,7,0,5 6,1,30,,21524,7,0,5 6,1,70,,21502,7,0,5 6,1,30,,21523,7,0,5 6,1,70,,21512,7,0,5 6,1,30,,21497,7,0,5 6,1,70,,16684,7,0,5 6,1,30,,21526,7,0,5 6,1,70,,21513,7,0,5 6,1
33700,'1',704,,24473,7,,,1,30,,24448,7,,,1,70,,24464,7,,,1,30,,24459,7,,,1,70,,24453,7,,,1,30,,24472,7,,,1,70,,24451,7,,,1,30,,24437,7,,,1,70,,24440,7,,,1,30,,24474,7,,,1,70,,24445,7,,,1,30,,24478,7,,,1,70,,24449,7,,,1,30,,24441,7,,,1,70,,24475,7,,,1,30,,24479,7,,,1,70,,24454,7,,,1,30,,24452,7,,,1,70,,24462,7,,,1,30,,24444,7,,,1,70,,24436,7,,,1,30,,24463,7,,,1,70,,24477,7,,,1,30,,24469,7,,,1,70,,24470,7,,,1
33700,'10',704,,24515,7,,,1,30,,24490,7,,,1,70,,24506,7,,,1,30,,1602,7,,,1,70,,24495,7,,,1,30,,24514,7,,,1,70,,24493,7,,,1,30,,24482,7,,,1,70,,24485,7,,,1,30,,24516,7,,,1,70,,24488,7,,,1,30,,24519,7,,,1,70,,24491,7,,,1,30,,24486,7,,,1,70,,24517,7,,,1,30,,24520,7,,,1,70,,24496,7,,,1,30,,24494,7,,,1,70,,24504,7,,,1,30,,13901,7,,,1,70,,17962,7,,,1,30,,24505,7,,,1,70,,24518,7,,,1,30,,24511,7,,,1,70,,24512,7,,,1
33700,'11',1204,,24526,7,,,1,30,,24539,7,,,1,70,,24523,7,,,1,30,,8567,7,,,1,70,,24531,7,,,1,30,,24538,7,,,1,70,,10069,7,,,1,30,,24540,7,,,1,70,,24541,7,,,1,30,,24529,7,,,1,70,,24533,7,,,1,30,,13929,7,,,1,70,,24525,7,,,1,30,,24527,7,,,1,70,,18315,7,,,1
33700,'13',734,,24552,7,,,1,70,,24571,7,,,1,30,,24588,7,,,1,70,,16237,7,,,1,30,,24585,7,,,1,70,,24548,7,,,1,30,,24584,7,,,1,70,,24574,7,,,1,30,,24576,7,,,1,70,,24569,7,,,1,30,,16229,7,,,1,70,,24551,7,,,1,30,,6034,7,,,1,70,,4127,7,,,1,30,,24565,7,,,1,70,,24543,7,,,1,30,,24562,7,,,1,70,,24578,7,,,1,30,,24557,7,,,1,70,,24563,7,,,1,30,,24558,7,,,1,70,,24559,7,,,1,30,,24556,7,,,1,70,,24566,7,,,1,30,,24554,7,,,1
33700,'3',704,,24621,7,,,1,30,,24598,7,,,1,70,,24613,7,,,1,30,,1626,7,,,1,70,,24602,7,,,1,30,,15357,7,,,1,70,,4552,7,,,1,30,,24590,7,,,1,70,,24593,7,,,1,30,,24622,7,,,1,70,,24597,7,,,1,30,,24625,7,,,1,70,,24599,7,,,1,30,,24594,7,,,1,70,,24623,7,,,1,30,,24626,7,,,1,70,,24603,7,,,1,30,,24601,7,,,1,70,,24611,7,,,1,30,,13940,7,,,1,70,,18000,7,,,1,30,,24612,7,,,1,70,,24624,7,,,1,30,,24618,7,,,1,70,,24619,7,,,1
33700,'8',1204,,24634,7,,,1,30,,24650,7,,,1,70,,24629,7,,,1,30,,24638,7,,,1,70,,24640,7,,,1,30,,24647,7,,,1,70,,24630,7,,,1,30,,24652,7,,,1,70,,24653,7,,,1,30,,24636,7,,,1,70,,24643,7,,,1,30,,24651,7,,,1,70,,24633,7,,,1,30,,17818,7,,,1,70,,24648,7,,,1
40100,'1',1749,,24880,7,0,8,1,100,,24891,7,0,8,1,99,,24884,7,0,8,1,100,,24882,7,0,8,1,100,,24885,7,0,8,1,100,,24886,7,0,8,1,100,,24890,7,0,8,1
40100,'10',1749,,24894,7,0,8,1,100,,24904,7,0,8,1,99,,24897,7,0,8,1,100,,24895,7,0,8,1,100,,24898,7,0,8,1,100,,24899,7,0,8,1,100,,24903,7,0,8,1
40100,'11',849,,24920,7,0,8,1,100,,24912,7,0,8,1,71,,24907,7,0,8,1,30,,24927,7,0,8,1,70,,24938,7,0,8,1,30,,24918,7,0,8,1,70,,24931,7,0,8,1,30,,9216,7,0,8,1,70,,10998,7,0,8,1,30,,24933,7,0,8,1,69,,24932,7,0,8,1,30,,24910,7,0,8,1,70,,24917,7,0,8,1,30,,24928,7,0,8,1,70,,24919,7,0,8,1,30,,15333,7,0,8,1,70,,24935,7,0,8,1,30,,24915,7,0,8,1,100,,24925,7,0,8,1,99,,24929,7,0,8,1
40100,'13',619,,24986,7,0,8,1,30,,24990,7,0,8,1,70,,24972,7,0,8,1,30,,24943,7,0,8,1,70,,24961,7,0,8,1,30,,17308,7,0,8,1,70,,24947,7,0,8,1,30,,24946,7,0,8,1,71,,6402,7,0,8,1,30,,24950,7,0,8,1,70,,24968,7,0,8,1,30,,24949,7,0,8,1,70,,24963,7,0,8,1,30,,18997,7,0,8,1,70,,24942,7,0,8,1,30,,24951,7,0,8,1,69,,24966,7,0,8,1,30,,24964,7,0,8,1,70,,24962,7,0,8,1,30,,24973,7,0,8,1,70,,16640,7,0,8,1,30,,24981,7,0,8,1,70,,24971,7,0,8,1,30,,24953,7,0,8,1,100,,24967,7,0,8,1,99,,24984,7,0,8,1,100,,24958,7,0,8,1,100,,24955,7,0,8,1,100,,24988,7,0,8,1,100,,24940,7,0,8,1
40100,'3',1749,,24992,7,0,8,1,100,,25001,7,0,8,1,99,,15675,7,0,8,1,100,,24993,7,0,8,1,100,,24995,7,0,8,1,100,,24996,7,0,8,1,100,,25000,7,0,8,1
40100,'8',849,,25019,7,0,8,1,100,,25010,7,0,8,1,71,,25004,7,0,8,1,30,,25027,7,0,8,1,70,,25039,7,0,8,1,30,,16840,7,0,8,1,70,,25032,7,0,8,1,30,,25017,7,0,8,1,70,,25018,7,0,8,1,30,,25034,7,0,8,1,69,,25033,7,0,8,1,30,,25008,7,0,8,1,70,,25015,7,0,8,1,30,,25028,7,0,8,1,70,,25016,7,0,8,1,30,,25029,7,0,8,1,70,,25036,7,0,8,1,30,,25013,7,0,8,1,100,,25025,7,0,8,1,99,,25030,7,0,8,1
43700,'1',1949,,27228,7,,,1,100,,27233,7,,,1,100,,27229,7,,,1,100,,27226,7,,,1,100,,27230,7,,,1
43700,'10',1949,,27238,7,,,1,100,,27243,7,,,1,100,,27239,7,,,1,100,,27236,7,,,1,100,,27240,7,,,1
43700,'13',1949,,16659,7,,,1,100,,27245,7,,,1,100,,27244,7,,,1,100,,27250,7,,,1,100,,27246,7,,,1
43700,'3',1949,,27254,7,,,1,100,,27259,7,,,1,100,,27255,7,,,1,100,,27252,7,,,1,100,,27256,7,,,1
