31201,'12',638,,35035,9,,,1,71,,35034,9,,,1,30,,35040,9,,,1,70,,35024,9,,,1,30,,35044,9,,,1,70,,35039,9,,,1,30,,35042,9,,,1,70,,35038,9,,,1,30,,35032,9,,,1,70,,35041,9,,,1,30,,35037,9,,,1,70,,35043,9,,,1,30,,35025,9,,,1,70,,35036,9,,,1,30,,35028,9,,,1,69,,35045,9,,,1,41,,35027,9,,,1,70,,35030,9,,,1,30,,35031,9,,,1,70,,35026,9,,,1,30,,35023,9,,,1,70,,35029,9,,,1,30,,35033,9,,,1
31201,'13',638,,29247,9,,,1,71,,35056,9,,,1,30,,29475,9,,,1,70,,35047,9,,,1,30,,35064,9,,,1,70,,35060,9,,,1,30,,35062,9,,,1,70,,35059,9,,,1,30,,35054,9,,,1,70,,35061,9,,,1,30,,35058,9,,,1,70,,35063,9,,,1,30,,35048,9,,,1,70,,35057,9,,,1,30,,35051,9,,,1,69,,35065,9,,,1,41,,35050,9,,,1,70,,35052,9,,,1,30,,35053,9,,,1,70,,35049,9,,,1,30,,35046,9,,,1,70,,24711,9,,,1,30,,35055,9,,,1
31201,'3',638,,29266,9,,,1,71,,35076,9,,,1,30,,29596,9,,,1,70,,35067,9,,,1,30,,35084,9,,,1,70,,35080,9,,,1,30,,35082,9,,,1,70,,35079,9,,,1,30,,35074,9,,,1,70,,35081,9,,,1,30,,35078,9,,,1,70,,35083,9,,,1,30,,35068,9,,,1,70,,35077,9,,,1,30,,35071,9,,,1,69,,35085,9,,,1,41,,35070,9,,,1,70,,35072,9,,,1,30,,35073,9,,,1,70,,35069,9,,,1,30,,35066,9,,,1,70,,24815,9,,,1,30,,35075,9,,,1
31201,'6',638,,35098,9,,,1,71,,35097,9,,,1,30,,35103,9,,,1,70,,35087,9,,,1,30,,35107,9,,,1,70,,35102,9,,,1,30,,35105,9,,,1,70,,35101,9,,,1,30,,35095,9,,,1,70,,35104,9,,,1,30,,35100,9,,,1,70,,35106,9,,,1,30,,35088,9,,,1,70,,35099,9,,,1,30,,35091,9,,,1,69,,35108,9,,,1,41,,35090,9,,,1,70,,35093,9,,,1,30,,35094,9,,,1,70,,35089,9,,,1,30,,35086,9,,,1,70,,35092,9,,,1,30,,35096,9,,,1
41201,'1',614,,39929,9,0,68,1,30,,39924,9,0,68,1,70,,39914,9,0,68,1,30,,39933,9,0,68,1,70,,39918,9,0,68,1,30,,31492,9,0,68,1,70,,39913,9,0,68,1,30,,39928,9,0,68,1,70,,39930,9,0,68,1,30,,39916,9,0,68,1,70,,39919,9,0,68,1,30,,39931,9,0,68,1,70,,39920,9,0,68,1,30,,39922,9,0,68,1,70,,39939,9,0,68,1,30,,39923,9,0,68,1,70,,39921,9,0,68,1,30,,39937,9,0,68,1,70,,39926,9,0,68,1,30,,39912,9,0,68,1,70,,39936,9,0,68,1,30,,39935,9,0,68,1,70,,39938,9,0,68,1,30,,39932,9,0,68,1,70,,39925,9,0,68,1,100,,39927,9,0,68,1,100,,31591,9,0,68,1,100,,39917,9,0,68,1,100,,39934,9,0,68,1,100,,39915,9,0,68,1
41201,'11',614,,39959,9,0,68,1,30,,39953,9,0,68,1,70,,39942,9,0,68,1,30,,39963,9,0,68,1,70,,39947,9,0,68,1,30,,39943,9,0,68,1,70,,39941,9,0,68,1,30,,39958,9,0,68,1,70,,39960,9,0,68,1,30,,39945,9,0,68,1,70,,39948,9,0,68,1,30,,39961,9,0,68,1,70,,39949,9,0,68,1,30,,39951,9,0,68,1,70,,39969,9,0,68,1,30,,39952,9,0,68,1,70,,39950,9,0,68,1,30,,39967,9,0,68,1,70,,39955,9,0,68,1,30,,39940,9,0,68,1,70,,39966,9,0,68,1,30,,39965,9,0,68,1,70,,39968,9,0,68,1,30,,39962,9,0,68,1,70,,39954,9,0,68,1,100,,39957,9,0,68,1,100,,39956,9,0,68,1,100,,39946,9,0,68,1,100,,39964,9,0,68,1,100,,39944,9,0,68,1
41201,'12',1814,,39971,9,0,68,1,100,,39972,9,0,68,1,100,,39975,9,0,68,1,100,,39973,9,0,68,1,100,,39970,9,0,68,1,100,,39974,9,0,68,1
41201,'13',1814,,24112,9,0,68,1,100,,27610,9,0,68,1,100,,39979,9,0,68,1,100,,39977,9,0,68,1,100,,39976,9,0,68,1,100,,39978,9,0,68,1
41201,'14',1114,,39986,9,0,68,1,100,,39987,9,0,68,1,100,,39984,9,0,68,1,100,,39982,9,0,68,1,100,,39981,9,0,68,1,100,,39985,9,0,68,1,100,,39980,9,0,68,1,100,,39983,9,0,69 29,1
41201,'16',614,,40005,9,0,68,1,30,,40000,9,0,68,1,70,,39990,9,0,68,1,30,,40009,9,0,68,1,70,,39994,9,0,68,1,30,,31532,9,0,68,1,70,,39989,9,0,68,1,30,,40004,9,0,68,1,70,,40006,9,0,68,1,30,,39992,9,0,68,1,70,,39995,9,0,68,1,30,,40007,9,0,68,1,70,,39996,9,0,68,1,30,,39998,9,0,68,1,70,,40015,9,0,68,1,30,,39999,9,0,68,1,70,,39997,9,0,68,1,30,,40013,9,0,68,1,70,,40002,9,0,68,1,30,,39988,9,0,68,1,70,,40012,9,0,68,1,30,,40011,9,0,68,1,70,,40014,9,0,68,1,30,,40008,9,0,68,1,70,,40001,9,0,68,1,100,,40003,9,0,68,1,100,,31627,9,0,68,1,100,,39993,9,0,68,1,100,,40010,9,0,68,1,100,,39991,9,0,68,1
41201,'3',1814,,24124,9,0,68,1,100,,27633,9,0,68,1,100,,40019,9,0,68,1,100,,40017,9,0,68,1,100,,40016,9,0,68,1,100,,40018,9,0,68,1
41201,'6',1814,,40021,9,0,68,1,100,,40022,9,0,68,1,100,,40025,9,0,68,1,100,,40023,9,0,68,1,100,,40020,9,0,68,1,100,,40024,9,0,68,1
41201,'8',914,,40044,9,0,68,1,100,,40026,9,0,68,1,30,,40034,9,0,68,1,70,,40029,9,0,68,1,30,,40038,9,0,68,1,70,,40031,9,0,68,1,30,,40039,9,0,68,1,70,,40028,9,0,68,1,30,,40037,9,0,68,1,70,,30497,9,0,68,1,30,,40036,9,0,68,1,70,,40027,9,0,68,1,30,,40035,9,0,68,1,70,,40030,9,0,68,1,30,,40041,9,0,68,1,70,,40033,9,0,68,1,30,,40032,9,0,68,1,70,,40040,9,0,68,1,100,,40042,9,0,68,1,100,,40043,9,0,68,1
