33701,'1',628,,5533,22,,,1,30,,5521,22,,,1,70,,5513,22,,,1,30,,5490,22,,,1,70,,5520,22,,,1,30,,5519,22,,,1,70,,5530,22,,,1,30,,5495,22,,,1,71,,5536,22,,,1,30,,5494,22,,,1,70,,5531,22,,,1,30,,5511,22,,,1,70,,5532,22,,,1,30,,5487,22,,,1,70,,5496,22,,,1,30,,5506,22,,,1,70,,5489,22,,,1,30,,5502,22,,,1,70,,5523,22,,,1,30,,5526,22,,,1,70,,5534,22,,,1,30,,5498,22,,,1,70,,5527,22,,,1,30,,5504,22,,,1,70,,5517,22,,,1
33701,'10',628,,5583,22,,,1,30,,5571,22,,,1,70,,5563,22,,,1,30,,5540,22,,,1,70,,5570,22,,,1,30,,5569,22,,,1,70,,5580,22,,,1,30,,5545,22,,,1,71,,5586,22,,,1,30,,5544,22,,,1,70,,5581,22,,,1,30,,5561,22,,,1,70,,5582,22,,,1,30,,5537,22,,,1,70,,5546,22,,,1,30,,5556,22,,,1,70,,5539,22,,,1,30,,5552,22,,,1,70,,5573,22,,,1,30,,5576,22,,,1,70,,5584,22,,,1,30,,5548,22,,,1,70,,5577,22,,,1,30,,5554,22,,,1,70,,5567,22,,,1
33701,'11',628,,5633,22,,,1,30,,5621,22,,,1,70,,5613,22,,,1,30,,5590,22,,,1,70,,5620,22,,,1,30,,5619,22,,,1,70,,5630,22,,,1,30,,5595,22,,,1,71,,5636,22,,,1,30,,5594,22,,,1,70,,5631,22,,,1,30,,5611,22,,,1,70,,5632,22,,,1,30,,5587,22,,,1,70,,5596,22,,,1,30,,5606,22,,,1,70,,5589,22,,,1,30,,5602,22,,,1,70,,5623,22,,,1,30,,5626,22,,,1,70,,5634,22,,,1,30,,5598,22,,,1,70,,5627,22,,,1,30,,5604,22,,,1,70,,5617,22,,,1
33701,'12',1049,,5656,22,,,1,70,,5645,22,,,1,30,,5643,22,,,1,70,,5637,22,,,1,30,,5664,22,,,1,70,,5642,22,,,1,30,,5657,22,,,1,70,,5638,22,,,1,30,,5665,22,,,1,70,,5662,22,,,1,30,,5641,22,,,1,70,,5661,22,,,1,30,,5639,22,,,1,70,,5647,22,,,1,30,,5663,22,,,1
33701,'14',648,,5682,22,,,1,70,,5673,22,,,1,30,,5679,22,,,1,70,,5698,22,,,1,30,,5714,22,,,1,70,,5710,22,,,1,30,,5715,22,,,1,71,,5704,22,,,1,30,,5706,22,,,1,70,,5701,22,,,1,30,,5669,22,,,1,70,,5678,22,,,1,30,,5683,22,,,1,70,,5703,22,,,1,30,,5671,22,,,1,70,,5676,22,,,1,30,,5697,22,,,1,70,,5688,22,,,1,30,,5705,22,,,1,70,,5708,22,,,1,30,,5680,22,,,1,70,,5672,22,,,1,30,,5674,22,,,1,70,,5689,22,,,1,30,,5707,22,,,1
33701,'3',628,,5763,22,,,1,30,,5751,22,,,1,70,,5743,22,,,1,30,,5720,22,,,1,70,,5750,22,,,1,30,,5749,22,,,1,70,,5760,22,,,1,30,,5725,22,,,1,71,,5766,22,,,1,30,,5724,22,,,1,70,,5761,22,,,1,30,,5741,22,,,1,70,,5762,22,,,1,30,,5717,22,,,1,70,,5726,22,,,1,30,,5736,22,,,1,70,,5719,22,,,1,30,,5732,22,,,1,70,,5753,22,,,1,30,,5756,22,,,1,70,,5764,22,,,1,30,,5728,22,,,1,70,,5757,22,,,1,30,,5734,22,,,1,70,,5747,22,,,1
33701,'7',1119,,5790,22,,,1,30,,5780,22,,,1,70,,5787,22,,,1,30,,5786,22,,,1,70,,5796,22,,,1,30,,5773,22,,,1,70,,5771,22,,,1,30,,5791,22,,,1,70,,5795,22,,,1,30,,5793,22,,,1,70,,5777,22,,,1,30,,5784,22,,,1,70,,5785,22,,,1,30,,5775,22,,,1,70,,5789,22,,,1
43700,'1',1927,,8683,3,,,1,100,,8681,3,,,1,100,,8682,3,,,1,100,,8677,3,,,1,100,,8684,3,,,1
43700,'10',1927,,8693,3,,,1,100,,8691,3,,,1,100,,8692,3,,,1,100,,8687,3,,,1,100,,8694,3,,,1
43700,'11',1927,,8703,3,,,1,100,,8701,3,,,1,100,,8702,3,,,1,100,,8697,3,,,1,100,,8704,3,,,1
43700,'14',1927,,8707,3,,,1,100,,8706,3,,,1,100,,8710,3,,,1,100,,8714,3,,,1,100,,8713,3,,,1
43700,'3',1927,,8723,3,,,1,100,,8721,3,,,1,100,,8722,3,,,1,100,,8717,3,,,1,100,,8724,3,,,1
