30200,'1',630,,399,33,0,11,1,70,,404,33,0,11,1,30,,397,33,0,11,1,70,,400,33,0,11,1,30,,401,33,0,11,1,70,,406,33,0,11,1,30,,392,33,0,11,1,70,,402,33,0,11,1,34,,389,33,0,11,1,70,,395,33,0,11,1,30,,411,33,0,11,1,70,,403,33,0,11,1,30,,408,33,0,11,1,70,,410,33,0,11,1,30,,405,33,0,11,1,70,,393,33,0,11,1,29,,391,33,0,11,1,70,,390,33,0,11,1,30,,394,33,0,11,1,70,,396,33,0,11,1,30,,398,33,0,11,1,70,,409,33,0,11,1,30,,407,33,0,11,1
30200,'10',630,,422,33,0,11,1,70,,427,33,0,11,1,30,,420,33,0,11,1,70,,423,33,0,11,1,30,,424,33,0,11,1,70,,429,33,0,11,1,30,,415,33,0,11,1,70,,425,33,0,11,1,34,,412,33,0,11,1,70,,418,33,0,11,1,30,,434,33,0,11,1,70,,426,33,0,11,1,30,,431,33,0,11,1,70,,433,33,0,11,1,30,,428,33,0,11,1,70,,416,33,0,11,1,29,,414,33,0,11,1,70,,413,33,0,11,1,30,,417,33,0,11,1,70,,419,33,0,11,1,30,,421,33,0,11,1,70,,432,33,0,11,1,30,,430,33,0,11,1
30200,'11',630,,445,33,0,11,1,70,,450,33,0,11,1,30,,443,33,0,11,1,70,,446,33,0,11,1,30,,447,33,0,11,1,70,,452,33,0,11,1,30,,438,33,0,11,1,70,,448,33,0,11,1,34,,435,33,0,11,1,70,,441,33,0,11,1,30,,457,33,0,11,1,70,,449,33,0,11,1,30,,454,33,0,11,1,70,,456,33,0,11,1,30,,451,33,0,11,1,70,,439,33,0,11,1,29,,437,33,0,11,1,70,,436,33,0,11,1,30,,440,33,0,11,1,70,,442,33,0,11,1,30,,444,33,0,11,1,70,,455,33,0,11,1,30,,453,33,0,11,1
30200,'3',630,,468,33,0,11,1,70,,473,33,0,11,1,30,,466,33,0,11,1,70,,469,33,0,11,1,30,,470,33,0,11,1,70,,475,33,0,11,1,30,,461,33,0,11,1,70,,471,33,0,11,1,34,,458,33,0,11,1,70,,464,33,0,11,1,30,,480,33,0,11,1,70,,472,33,0,11,1,30,,477,33,0,11,1,70,,479,33,0,11,1,30,,474,33,0,11,1,70,,462,33,0,11,1,29,,460,33,0,11,1,70,,459,33,0,11,1,30,,463,33,0,11,1,70,,465,33,0,11,1,30,,467,33,0,11,1,70,,478,33,0,11,1,30,,476,33,0,11,1
30900,'1',627,,1747,26,0,23,1,30,,1742,26,0,23,1,71,,1748,26,0,23,1,30,,1731,26,0,23,1,70,,1749,26,0,23,1,30,,1739,26,0,23,1,70,,1733,26,0,23,1,30,,1736,26,0,23,1,71,,1745,26,0,23,1,30,,1750,26,0,23,1,70,,1740,26,0,23,1,30,,1751,26,0,23,1,70,,1729,26,0,23,1,30,,1744,26,0,23,1,70,,1730,26,0,23,1,30,,1738,26,0,23,1,74,,1734,26,0,23,1,70,,1743,26,0,23,1,30,,1732,26,0,23,1,70,,1741,26,0,23,1,30,,1737,26,0,23,1,70,,1735,26,0,23,1,30,,1746,26,0,23,1
30900,'10',627,,1770,26,0,23,1,30,,1765,26,0,23,1,71,,1771,26,0,23,1,30,,1754,26,0,23,1,70,,1772,26,0,23,1,30,,1762,26,0,23,1,70,,1756,26,0,23,1,30,,1759,26,0,23,1,71,,1768,26,0,23,1,30,,1773,26,0,23,1,70,,1763,26,0,23,1,30,,1774,26,0,23,1,70,,1752,26,0,23,1,30,,1767,26,0,23,1,70,,1753,26,0,23,1,30,,1761,26,0,23,1,74,,1757,26,0,23,1,70,,1766,26,0,23,1,30,,1755,26,0,23,1,70,,1764,26,0,23,1,30,,1760,26,0,23,1,70,,1758,26,0,23,1,30,,1769,26,0,23,1
30900,'11',627,,1793,26,0,23,1,30,,1788,26,0,23,1,71,,1794,26,0,23,1,30,,1777,26,0,23,1,70,,1795,26,0,23,1,30,,1785,26,0,23,1,70,,1779,26,0,23,1,30,,1782,26,0,23,1,71,,1791,26,0,23,1,30,,1796,26,0,23,1,70,,1786,26,0,23,1,30,,1797,26,0,23,1,70,,1775,26,0,23,1,30,,1790,26,0,23,1,70,,1776,26,0,23,1,30,,1784,26,0,23,1,74,,1780,26,0,23,1,70,,1789,26,0,23,1,30,,1778,26,0,23,1,70,,1787,26,0,23,1,30,,1783,26,0,23,1,70,,1781,26,0,23,1,30,,1792,26,0,23,1
30900,'3',627,,1816,26,0,23,1,30,,1811,26,0,23,1,71,,1817,26,0,23,1,30,,1800,26,0,23,1,70,,1818,26,0,23,1,30,,1808,26,0,23,1,70,,1802,26,0,23,1,30,,1805,26,0,23,1,71,,1814,26,0,23,1,30,,1819,26,0,23,1,70,,1809,26,0,23,1,30,,1820,26,0,23,1,70,,1798,26,0,23,1,30,,1813,26,0,23,1,70,,1799,26,0,23,1,30,,1807,26,0,23,1,74,,1803,26,0,23,1,70,,1812,26,0,23,1,30,,1801,26,0,23,1,70,,1810,26,0,23,1,30,,1806,26,0,23,1,70,,1804,26,0,23,1,30,,1815,26,0,23,1
40200,'1',1800,,6132,33,0,13 14,1,100,,6128,33,0,13 14,1,58,,6130,33,0,13 14,1,100,,6133,33,0,13 14,1,100,,6129,33,0,13 14,1,100,,6131,33,0,13 14,1
40200,'10',1800,,6138,33,0,13 14,1,100,,6134,33,0,13 14,1,58,,6136,33,0,13 14,1,100,,6139,33,0,13 14,1,100,,6135,33,0,13 14,1,100,,6137,33,0,13 14,1
40200,'11',1800,,6144,33,0,13 14,1,100,,6140,33,0,13 14,1,58,,6142,33,0,13 14,1,100,,6145,33,0,13 14,1,100,,6141,33,0,13 14,1,100,,6143,33,0,13 14,1
40200,'12',1100,,6150,33,0,13 14,1,100,,6153,33,0,13 14,1,100,,6146,33,0,13 14,1,100,,6147,33,0,13 14,1,100,,6151,33,0,13 14,1,100,,6149,33,0,13 14,1,100,,6152,33,0,13 14,1,100,,6148,33,0,13 14,1
40200,'14',630,,6180,33,0,13 14,1,70,,6164,33,0,13 14,1,30,,6159,33,0,13 14,1,70,,6179,33,0,13 14,1,30,,6181,33,0,13 14,1,70,,6176,33,0,13 14,1,30,,6165,33,0,13 14,1,70,,6172,33,0,13 14,1,30,,6158,33,0,13 14,1,70,,6163,33,0,13 14,1,30,,6156,33,0,13 14,1,70,,6161,33,0,13 14,1,30,,6175,33,0,13 14,1,70,,6154,33,0,13 14,1,30,,6167,33,0,13 14,1,70,,6169,33,0,13 14,1,30,,6166,33,0,13 14,1,70,,6178,33,0,13 14,1,30,,6174,33,0,13 14,1,70,,6171,33,0,13 14,1,30,,6155,33,0,13 14,1,70,,6157,33,0,13 14,1,30,,6160,33,0,13 14,1,70,,6177,33,0,13 14,1,100,,6173,33,0,13 14,1,58,,6168,33,0,13 14,1,100,,6170,33,0,13 14,1,100,,6182,33,0,13 14,1,100,,6162,33,0,13 14,1
40200,'3',1800,,6187,33,0,13 14,1,100,,6183,33,0,13 14,1,58,,6185,33,0,13 14,1,100,,6188,33,0,13 14,1,100,,6184,33,0,13 14,1,100,,6186,33,0,13 14,1
40200,'7',900,,6200,33,0,13 14,1,100,,6204,33,0,13 14,1,30,,6206,33,0,13 14,1,70,,6202,33,0,13 14,1,30,,6190,33,0,13 14,1,70,,6207,33,0,13 14,1,30,,6196,33,0,13 14,1,70,,6197,33,0,13 14,1,30,,6199,33,0,13 14,1,70,,6208,33,0,13 14,1,30,,6203,33,0,13 14,1,70,,6194,33,0,13 14,1,30,,6189,33,0,13 14,1,70,,6193,33,0,13 14,1,30,,6201,33,0,13 14,1,70,,6205,33,0,13 14,1,30,,6192,33,0,13 14,1,70,,6191,33,0,13 14,1,100,,6198,33,0,13 14,1,58,,6195,33,0,13 14,1
40900,'1',1803,,6774,26,0,23,1,100,,6771,26,0,23,1,97,,6770,26,0,23,1,100,,6773,26,0,23,1,100,,6776,26,0,23,1,100,,6772,26,0,23,1,100,,6775,26,0,23,1
40900,'10',1803,,6781,26,0,23,1,100,,6778,26,0,23,1,97,,6777,26,0,23,1,100,,6780,26,0,23,1,100,,6783,26,0,23,1,100,,6779,26,0,23,1,100,,6782,26,0,23,1
40900,'11',1803,,6788,26,0,23,1,100,,6785,26,0,23,1,97,,6784,26,0,23,1,100,,6787,26,0,23,1,100,,6790,26,0,23,1,100,,6786,26,0,23,1,100,,6789,26,0,23,1
40900,'12',1103,,6793,26,0,23,1,100,,6791,26,0,23,1,100,,6795,26,0,23,1,100,,6796,26,0,23,1,100,,6797,26,0,23,1,100,,6798,26,0,23,1,100,,6792,26,0,23,1,100,,6794,26,0,23,1
40900,'14',701,,6799,26,0,23,1,30,,6822,26,0,23,1,70,,6805,26,0,23,1,30,,6819,26,0,23,1,70,,6824,26,0,23,1,30,,6803,26,0,23,1,70,,6816,26,0,23,1,32,,6804,26,0,23,1,70,,6817,26,0,23,1,30,,6814,26,0,23,1,70,,6802,26,0,23,1,30,,6813,26,0,23,1,70,,6807,26,0,23,1,30,,6823,26,0,23,1,70,,6818,26,0,23,1,30,,6811,26,0,23,1,70,,6812,26,0,23,1,30,,6826,26,0,23,1,70,,6809,26,0,23,1,30,,6820,26,0,23,1,70,,6800,26,0,23,1,30,,6801,26,0,23,1,70,,6821,26,0,23,1,100,,6815,26,0,23,1,97,,6810,26,0,23,1,100,,6827,26,0,23,1,100,,6825,26,0,23,1,100,,6806,26,0,23,1,100,,6808,26,0,23,1
40900,'3',1803,,6832,26,0,23,1,100,,6829,26,0,23,1,97,,6828,26,0,23,1,100,,6831,26,0,23,1,100,,6834,26,0,23,1,100,,6830,26,0,23,1,100,,6833,26,0,23,1
40900,'7',901,,6841,26,0,23,1,100,,6837,26,0,23,1,32,,6835,26,0,23,1,70,,6843,26,0,23,1,30,,6838,26,0,23,1,70,,6839,26,0,23,1,30,,6844,26,0,23,1,70,,6847,26,0,23,1,30,,6852,26,0,23,1,70,,6853,26,0,23,1,30,,6846,26,0,23,1,70,,6848,26,0,23,1,30,,6845,26,0,23,1,70,,6851,26,0,23,1,30,,6854,26,0,23,1,70,,6849,26,0,23,1,30,,6850,26,0,23,1,70,,6836,26,0,23,1,100,,6842,26,0,23,1,97,,6840,26,0,23,1
