31801,'12',611,,36057,20,0,45 50,1,30,,36068,20,0,45 50,1,71,,36059,20,0,45 50,1,30,,36064,20,0,45 50,1,70,,36069,20,0,45 50,1,30,,36076,20,0,45 50,1,70,,36071,20,0,45 50,1,30,,36058,20,0,45 50,1,71,,36078,20,0,45 50,1,30,,36075,20,0,45 50,1,70,,36062,20,0,45 50,1,30,,36060,20,0,45 50,1,70,,36067,20,0,45 50,1,30,,36077,20,0,45 50,1,70,,36065,20,0,45 50,1,30,,36074,20,0,45 50,1,68,,36066,20,0,45 50,1,30,,36070,20,0,45 50,1,70,,36063,20,0,45 50,1,30,,36072,20,0,45 50,1,70,,36073,20,0,45 50,1,30,,36061,20,0,45 50,1,70,,36053,20,0,45 50,1,30,,36056,20,0,45 50,1,70,,36055,20,0,45 50,1,30,,36054,20,0,45 50,1
31801,'13',611,,36083,20,0,45 50,1,30,,36092,20,0,45 50,1,71,,36085,20,0,45 50,1,30,,36089,20,0,45 50,1,70,,36093,20,0,45 50,1,30,,36099,20,0,45 50,1,70,,36095,20,0,45 50,1,30,,36084,20,0,45 50,1,71,,36101,20,0,45 50,1,30,,36098,20,0,45 50,1,70,,21825,20,0,45 50,1,30,,36086,20,0,45 50,1,70,,36091,20,0,45 50,1,30,,36100,20,0,45 50,1,70,,9655,20,0,45 50,1,30,,28819,20,0,45 50,1,68,,36090,20,0,45 50,1,30,,36094,20,0,45 50,1,70,,36088,20,0,45 50,1,30,,36096,20,0,45 50,1,70,,36097,20,0,45 50,1,30,,36087,20,0,45 50,1,70,,36079,20,0,45 50,1,30,,36082,20,0,45 50,1,70,,36081,20,0,45 50,1,30,,36080,20,0,45 50,1
31801,'3',611,,36106,20,0,45 50,1,30,,36115,20,0,45 50,1,71,,36108,20,0,45 50,1,30,,36112,20,0,45 50,1,70,,36116,20,0,45 50,1,30,,36122,20,0,45 50,1,70,,36118,20,0,45 50,1,30,,36107,20,0,45 50,1,71,,36124,20,0,45 50,1,30,,36121,20,0,45 50,1,70,,21848,20,0,45 50,1,30,,36109,20,0,45 50,1,70,,36114,20,0,45 50,1,30,,36123,20,0,45 50,1,70,,9697,20,0,45 50,1,30,,28842,20,0,45 50,1,68,,36113,20,0,45 50,1,30,,36117,20,0,45 50,1,70,,36111,20,0,45 50,1,30,,36119,20,0,45 50,1,70,,36120,20,0,45 50,1,30,,36110,20,0,45 50,1,70,,36102,20,0,45 50,1,30,,36105,20,0,45 50,1,70,,36104,20,0,45 50,1,30,,36103,20,0,45 50,1
31801,'6',611,,36129,20,0,45 50,1,30,,36140,20,0,45 50,1,71,,36131,20,0,45 50,1,30,,36136,20,0,45 50,1,70,,36141,20,0,45 50,1,30,,36148,20,0,45 50,1,70,,36143,20,0,45 50,1,30,,36130,20,0,45 50,1,71,,36150,20,0,45 50,1,30,,36147,20,0,45 50,1,70,,36134,20,0,45 50,1,30,,36132,20,0,45 50,1,70,,36139,20,0,45 50,1,30,,36149,20,0,45 50,1,70,,36137,20,0,45 50,1,30,,36146,20,0,45 50,1,68,,36138,20,0,45 50,1,30,,36142,20,0,45 50,1,70,,36135,20,0,45 50,1,30,,36144,20,0,45 50,1,70,,36145,20,0,45 50,1,30,,36133,20,0,45 50,1,70,,36125,20,0,45 50,1,30,,36128,20,0,45 50,1,70,,36127,20,0,45 50,1,30,,36126,20,0,45 50,1
41801,'1',627,,41138,20,0,45 50,1,30,,41133,20,0,45 50,1,70,,41141,20,0,45 50,1,30,,41144,20,0,45 50,1,70,,41131,20,0,45 50,1,30,,41145,20,0,45 50,1,70,,41140,20,0,45 50,1,30,,41132,20,0,45 50,1,71,,41154,20,0,45 50,1,30,,41136,20,0,45 50,1,70,,41137,20,0,45 50,1,30,,41155,20,0,45 50,1,70,,41148,20,0,45 50,1,30,,32507,20,0,45 50,1,70,,29113,20,0,45 50,1,30,,41146,20,0,45 50,1,70,,41142,20,0,45 50,1,30,,41143,20,0,45 50,1,70,,41151,20,0,45 50,1,30,,41150,20,0,45 50,1,70,,41147,20,0,45 50,1,30,,41153,20,0,45 50,1,70,,31460,20,0,45 50,1,30,,41135,20,0,45 50,1,70,,41152,20,0,45 50,1,30,,41134,20,0,45 50,1,99,,41139,20,0,45 50,1,100,,30259,20,0,45 50,1,100,,41149,20,0,45 50,1,100,,29424,20,0,45 50,1
41801,'11',627,,41165,20,0,45 50,1,30,,41159,20,0,45 50,1,70,,41168,20,0,45 50,1,30,,41171,20,0,45 50,1,70,,41157,20,0,45 50,1,30,,41173,20,0,45 50,1,70,,41167,20,0,45 50,1,30,,41158,20,0,45 50,1,71,,41184,20,0,45 50,1,30,,41162,20,0,45 50,1,70,,41163,20,0,45 50,1,30,,41185,20,0,45 50,1,70,,41176,20,0,45 50,1,30,,41172,20,0,45 50,1,70,,41164,20,0,45 50,1,30,,41174,20,0,45 50,1,70,,41169,20,0,45 50,1,30,,41170,20,0,45 50,1,70,,41180,20,0,45 50,1,30,,41179,20,0,45 50,1,70,,41175,20,0,45 50,1,30,,41182,20,0,45 50,1,70,,41156,20,0,45 50,1,30,,41161,20,0,45 50,1,70,,41181,20,0,45 50,1,30,,41160,20,0,45 50,1,99,,41166,20,0,45 50,1,100,,41183,20,0,45 50,1,100,,41178,20,0,45 50,1,100,,41177,20,0,45 50,1
41801,'12',1858,,41188,20,0,45 50,1,99,,41186,20,0,45 50,1,100,,41190,20,0,45 50,1,100,,41189,20,0,45 50,1,100,,41187,20,0,45 50,1
41801,'13',1858,,41193,20,0,45 50,1,99,,41191,20,0,45 50,1,100,,41195,20,0,45 50,1,100,,41194,20,0,45 50,1,100,,41192,20,0,45 50,1
41801,'14',1158,,41200,20,0,45 50,1,100,,41197,20,0,45 50,1,100,,41198,20,0,45 50,1,100,,41201,20,0,45 50,1,100,,41196,20,0,45 50,1,100,,41199,20,0,45 50,1,100,,41202,20,0,45 50,1
41801,'16',627,,41210,20,0,45 50,1,30,,41205,20,0,45 50,1,70,,41213,20,0,45 50,1,30,,41216,20,0,45 50,1,70,,41203,20,0,45 50,1,30,,41218,20,0,45 50,1,70,,41212,20,0,45 50,1,30,,41204,20,0,45 50,1,71,,41227,20,0,45 50,1,30,,41208,20,0,45 50,1,70,,41209,20,0,45 50,1,30,,41228,20,0,45 50,1,70,,41221,20,0,45 50,1,30,,41217,20,0,45 50,1,70,,29137,20,0,45 50,1,30,,41219,20,0,45 50,1,70,,41214,20,0,45 50,1,30,,41215,20,0,45 50,1,70,,41224,20,0,45 50,1,30,,41223,20,0,45 50,1,70,,41220,20,0,45 50,1,30,,41226,20,0,45 50,1,70,,31476,20,0,45 50,1,30,,41207,20,0,45 50,1,70,,41225,20,0,45 50,1,30,,41206,20,0,45 50,1,99,,41211,20,0,45 50,1,100,,30300,20,0,45 50,1,100,,41222,20,0,45 50,1,100,,29543,20,0,45 50,1
41801,'3',1858,,41231,20,0,45 50,1,99,,41229,20,0,45 50,1,100,,41233,20,0,45 50,1,100,,41232,20,0,45 50,1,100,,41230,20,0,45 50,1
41801,'6',1858,,41236,20,0,45 50,1,99,,41234,20,0,45 50,1,100,,41238,20,0,45 50,1,100,,41237,20,0,45 50,1,100,,41235,20,0,45 50,1
41801,'8',857,,41247,20,0,45 50,1,100,,41243,20,0,45 50,1,101,,41246,20,0,45 50,1,70,,41239,20,0,45 50,1,30,,41254,20,0,45 50,1,70,,41248,20,0,45 50,1,30,,41257,20,0,45 50,1,70,,41242,20,0,45 50,1,30,,41253,20,0,45 50,1,70,,41252,20,0,45 50,1,30,,41240,20,0,45 50,1,70,,41241,20,0,45 50,1,30,,41255,20,0,45 50,1,70,,41256,20,0,45 50,1,30,,41245,20,0,45 50,1,70,,41258,20,0,45 50,1,30,,41249,20,0,45 50,1,70,,41250,20,0,45 50,1,30,,41244,20,0,45 50,1,99,,41251,20,0,45 50,1
