31000,'11',651,,28203,12,0,17 18,1,70,,28194,12,0,17 18,1,30,,28191,12,0,17 18,1,70,,28196,12,0,17 18,1,30,,28189,12,0,17 18,1,70,,28201,12,0,17 18,1,30,,28188,12,0,17 18,1,70,,28204,12,0,17 18,1,30,,28186,12,0,17 18,1,70,,28199,12,0,17 18,1,30,,28193,12,0,17 18,1,70,,28192,12,0,17 18,1,30,,28198,12,0,17 18,1,70,,28200,12,0,17 18,1,30,,22412,12,0,17 18,1,71,,28187,12,0,17 18,1,30,,28202,12,0,17 18,1,70,,28197,12,0,17 18,1,30,,28185,12,0,17 18,1,70,,28190,12,0,17 18,1,30,,28195,12,0,17 18,1,70,,23551,12,0,17 18,1,30,,28205,12,0,17 18,1
31000,'3',651,,28224,12,0,17 18,1,70,,28215,12,0,17 18,1,30,,28212,12,0,17 18,1,70,,28217,12,0,17 18,1,30,,28210,12,0,17 18,1,70,,28222,12,0,17 18,1,30,,28209,12,0,17 18,1,70,,28225,12,0,17 18,1,30,,28207,12,0,17 18,1,70,,28220,12,0,17 18,1,30,,28214,12,0,17 18,1,70,,28213,12,0,17 18,1,30,,28219,12,0,17 18,1,70,,28221,12,0,17 18,1,30,,22434,12,0,17 18,1,71,,28208,12,0,17 18,1,30,,28223,12,0,17 18,1,70,,28218,12,0,17 18,1,30,,28206,12,0,17 18,1,70,,28211,12,0,17 18,1,30,,28216,12,0,17 18,1,70,,23572,12,0,17 18,1,30,,28226,12,0,17 18,1
31600,'11',650,,28606,12,0,19,1,55,,28605,12,0,19,1,15,,28602,12,0,19,1,15,,28620,12,0,19,1,15,,28598,12,0,19,1,55,,24111,12,0,19,1,15,,28617,12,0,19,1,15,,13762,12,0,19,1,15,,28601,12,0,19,1,55,,28588,12,0,19,1,15,,28597,12,0,19,1,15,,28590,12,0,19,1,15,,28625,12,0,19,1,55,,28589,12,0,19,1,15,,28626,12,0,19,1,15,,28595,12,0,19,1,15,,28609,12,0,19,1,55,,28587,12,0,19,1,15,,28607,12,0,19,1,15,,28627,12,0,19,1,15,,28622,12,0,19,1,55,,28628,12,0,19,1,15,,22781,12,0,19,1,15,,28600,12,0,19,1,15,,28608,12,0,19,1,55,,28618,12,0,19,1,15,,28613,12,0,19,1,15,,28594,12,0,19,1,15,,28592,12,0,19,1,56,,23477,12,0,19,1,15,,28623,12,0,19,1,15,,28591,12,0,19,1,15,,28593,12,0,19,1,55,,28610,12,0,19,1,15,,28614,12,0,19,1,15,,28611,12,0,19,1,15,,28604,12,0,19,1,55,,28621,12,0,19,1,15,,28624,12,0,19,1,15,,28616,12,0,19,1,15,,28619,12,0,19,1,55,,28612,12,0,19,1,15,,28603,12,0,19,1,15,,28596,12,0,19,1,15,,28599,12,0,19,1,55,,22723,12,0,19,1,15,,28615,12,0,19,1
31600,'3',650,,28648,12,0,19,1,55,,28647,12,0,19,1,15,,28644,12,0,19,1,15,,28662,12,0,19,1,15,,28640,12,0,19,1,55,,24123,12,0,19,1,15,,28659,12,0,19,1,15,,13810,12,0,19,1,15,,28643,12,0,19,1,55,,28630,12,0,19,1,15,,28639,12,0,19,1,15,,28632,12,0,19,1,15,,28667,12,0,19,1,55,,28631,12,0,19,1,15,,28668,12,0,19,1,15,,28637,12,0,19,1,15,,28651,12,0,19,1,55,,28629,12,0,19,1,15,,28649,12,0,19,1,15,,28669,12,0,19,1,15,,28664,12,0,19,1,55,,28670,12,0,19,1,15,,22802,12,0,19,1,15,,28642,12,0,19,1,15,,28650,12,0,19,1,55,,28660,12,0,19,1,15,,28655,12,0,19,1,15,,28636,12,0,19,1,15,,28634,12,0,19,1,56,,23514,12,0,19,1,15,,28665,12,0,19,1,15,,28633,12,0,19,1,15,,28635,12,0,19,1,55,,28652,12,0,19,1,15,,28656,12,0,19,1,15,,28653,12,0,19,1,15,,28646,12,0,19,1,55,,28663,12,0,19,1,15,,28666,12,0,19,1,15,,28658,12,0,19,1,15,,28661,12,0,19,1,55,,28654,12,0,19,1,15,,28645,12,0,19,1,15,,28638,12,0,19,1,15,,28641,12,0,19,1,55,,22745,12,0,19,1,15,,28657,12,0,19,1
41000,'1',650,,31130,12,,,1,70,,31119,12,,,1,30,,31131,12,,,1,70,,31132,12,,,1,30,,31115,12,,,1,70,,31120,12,,,1,30,,24198,12,,,1,71,,31116,12,,,1,30,,31126,12,,,1,70,,31122,12,,,1,30,,31129,12,,,1,70,,31127,12,,,1,30,,31128,12,,,1,70,,31123,12,,,1,30,,31118,12,,,1,70,,31117,12,,,1,30,,31114,12,,,1,70,,24879,12,,,1,30,,31121,12,,,1,70,,31113,12,,,1,30,,31124,12,,,1,70,,31125,12,,,1,30,,23526,12,,,1
41000,'12',1051,,31135,12,,,1,100,,31138,12,,,1,100,,31133,12,,,1,100,,31136,12,,,1,100,,31137,12,,,1,100,,25514,12,,,1,100,,31134,12,,,1,100,,31139,12,,,1
41000,'14',650,,31155,12,,,1,70,,31146,12,,,1,30,,31156,12,,,1,70,,31157,12,,,1,30,,25098,12,,,1,70,,31147,12,,,1,30,,31142,12,,,1,71,,26631,12,,,1,30,,31151,12,,,1,70,,31148,12,,,1,30,,31154,12,,,1,70,,31152,12,,,1,30,,31153,12,,,1,70,,31149,12,,,1,30,,31145,12,,,1,70,,31144,12,,,1,30,,26840,12,,,1,70,,31140,12,,,1,30,,20047,12,,,1,70,,31141,12,,,1,30,,31150,12,,,1,70,,25240,12,,,1,30,,31143,12,,,1
41000,'8',850,,31176,12,,,1,100,,31160,12,,,1,71,,31174,12,,,1,30,,31170,12,,,1,70,,31163,12,,,1,30,,31164,12,,,1,70,,31171,12,,,1,30,,31173,12,,,1,70,,31159,12,,,1,30,,31162,12,,,1,70,,31172,12,,,1,30,,31166,12,,,1,70,,31177,12,,,1,30,,31175,12,,,1,70,,31168,12,,,1,30,,31158,12,,,1,70,,31165,12,,,1,30,,31167,12,,,1,100,,31169,12,,,1,99,,31161,12,,,1
41600,'1',720,,31669,12,0,19,1,30,,31674,12,0,19,1,70,,31678,12,0,19,1,30,,31668,12,0,19,1,70,,31671,12,0,19,1,30,,31693,12,0,19,1,70,,31667,12,0,19,1,30,,31685,12,0,19,1,70,,31679,12,0,19,1,30,,31694,12,0,19,1,70,,31687,12,0,19,1,30,,22957,12,0,19,1,70,,31676,12,0,19,1,30,,31675,12,0,19,1,70,,31692,12,0,19,1,30,,31682,12,0,19,1,70,,31688,12,0,19,1,30,,31677,12,0,19,1,70,,23655,12,0,19,1,30,,31670,12,0,19,1,70,,31683,12,0,19,1,30,,31673,12,0,19,1,70,,31689,12,0,19,1,30,,31691,12,0,19,1,70,,31696,12,0,19,1,30,,31695,12,0,19,1,70,,31686,12,0,19,1,30,,31666,12,0,19,1,70,,31684,12,0,19,1,30,,31680,12,0,19,1,70,,31672,12,0,19,1,30,,31690,12,0,19,1,70,,31681,12,0,19,1
41600,'11',1850,,31701,12,0,19,1,70,,31703,12,0,19,1,30,,31700,12,0,19,1,70,,31699,12,0,19,1,30,,23203,12,0,19,1,70,,31698,12,0,19,1,30,,31705,12,0,19,1,70,,31697,12,0,19,1,30,,31704,12,0,19,1,70,,31702,12,0,19,1
41600,'12',1050,,31715,12,0,19,1,70,,31710,12,0,19,1,30,,31713,12,0,19,1,70,,31708,12,0,19,1,30,,31717,12,0,19,1,70,,31716,12,0,19,1,30,,31718,12,0,19,1,70,,31714,12,0,19,1,30,,31711,12,0,19,1,70,,31707,12,0,19,1,30,,31709,12,0,19,1,70,,31719,12,0,19,1,30,,31712,12,0,19,1,70,,31720,12,0,19,1,30,,31706,12,0,19,1
41600,'14',720,,31724,12,0,19,1,30,,31731,12,0,19,1,70,,31735,12,0,19,1,30,,31723,12,0,19,1,70,,31727,12,0,19,1,30,,31748,12,0,19,1,70,,31722,12,0,19,1,30,,31741,12,0,19,1,70,,31736,12,0,19,1,30,,31749,12,0,19,1,70,,31743,12,0,19,1,30,,31725,12,0,19,1,70,,31733,12,0,19,1,30,,31732,12,0,19,1,70,,31747,12,0,19,1,30,,31738,12,0,19,1,70,,31744,12,0,19,1,30,,31734,12,0,19,1,70,,31730,12,0,19,1,30,,31726,12,0,19,1,70,,31739,12,0,19,1,30,,31729,12,0,19,1,70,,31745,12,0,19,1,30,,31746,12,0,19,1,70,,31751,12,0,19,1,30,,31750,12,0,19,1,70,,31742,12,0,19,1,30,,31721,12,0,19,1,70,,31740,12,0,19,1,30,,31737,12,0,19,1,70,,31728,12,0,19,1,30,,5913,12,0,19,1,70,,7358,12,0,19,1
41600,'3',1850,,31756,12,0,19,1,70,,31758,12,0,19,1,30,,31755,12,0,19,1,70,,31754,12,0,19,1,30,,23218,12,0,19,1,70,,31753,12,0,19,1,30,,31760,12,0,19,1,70,,31752,12,0,19,1,30,,31759,12,0,19,1,70,,31757,12,0,19,1
41600,'8',850,,31779,12,0,19,1,70,,31772,12,0,19,1,30,,25999,12,0,19,1,70,,31778,12,0,19,1,30,,31782,12,0,19,1,70,,31767,12,0,19,1,30,,31768,12,0,19,1,70,,31780,12,0,19,1,30,,31777,12,0,19,1,70,,31781,12,0,19,1,30,,31762,12,0,19,1,70,,31773,12,0,19,1,30,,31770,12,0,19,1,70,,31771,12,0,19,1,30,,31765,12,0,19,1,70,,31769,12,0,19,1,30,,31776,12,0,19,1,70,,31764,12,0,19,1,30,,31763,12,0,19,1,70,,31774,12,0,19,1,30,,31775,12,0,19,1,70,,31766,12,0,19,1,30,,31761,12,0,19,1
