30200,'12',621,,33134,14,0,11,1,30,,33147,14,0,11,1,70,,33146,14,0,11,1,30,,33145,14,0,11,1,70,,33150,14,0,11,1,30,,33144,14,0,11,1,70,,33133,14,0,11,1,30,,33138,14,0,11,1,71,,33151,14,0,11,1,30,,33131,14,0,11,1,70,,33135,14,0,11,1,30,,33132,14,0,11,1,70,,33149,14,0,11,1,30,,33129,14,0,11,1,70,,33148,14,0,11,1,30,,33140,14,0,11,1,70,,33142,14,0,11,1,30,,33143,14,0,11,1,70,,33137,14,0,11,1,30,,33130,14,0,11,1,70,,33136,14,0,11,1,30,,33139,14,0,11,1,70,,33141,14,0,11,1
30200,'13',621,,33156,14,0,11,1,30,,33168,14,0,11,1,70,,33167,14,0,11,1,30,,33166,14,0,11,1,70,,33170,14,0,11,1,30,,33165,14,0,11,1,70,,33155,14,0,11,1,30,,27942,14,0,11,1,71,,33171,14,0,11,1,30,,33153,14,0,11,1,70,,33157,14,0,11,1,30,,33154,14,0,11,1,70,,33169,14,0,11,1,30,,28545,14,0,11,1,70,,29185,14,0,11,1,30,,33161,14,0,11,1,70,,33163,14,0,11,1,30,,33164,14,0,11,1,70,,33159,14,0,11,1,30,,33152,14,0,11,1,70,,33158,14,0,11,1,30,,33160,14,0,11,1,70,,33162,14,0,11,1
30200,'3',621,,33176,14,0,11,1,30,,33188,14,0,11,1,70,,33187,14,0,11,1,30,,33186,14,0,11,1,70,,33190,14,0,11,1,30,,33185,14,0,11,1,70,,33175,14,0,11,1,30,,27959,14,0,11,1,71,,33191,14,0,11,1,30,,33173,14,0,11,1,70,,33177,14,0,11,1,30,,33174,14,0,11,1,70,,33189,14,0,11,1,30,,28567,14,0,11,1,70,,29196,14,0,11,1,30,,33181,14,0,11,1,70,,33183,14,0,11,1,30,,33184,14,0,11,1,70,,33179,14,0,11,1,30,,33172,14,0,11,1,70,,33178,14,0,11,1,30,,33180,14,0,11,1,70,,33182,14,0,11,1
30200,'6',621,,33197,14,0,11,1,30,,33210,14,0,11,1,70,,33209,14,0,11,1,30,,33208,14,0,11,1,70,,33213,14,0,11,1,30,,33207,14,0,11,1,70,,33196,14,0,11,1,30,,33201,14,0,11,1,71,,33214,14,0,11,1,30,,33194,14,0,11,1,70,,33198,14,0,11,1,30,,33195,14,0,11,1,70,,33212,14,0,11,1,30,,33192,14,0,11,1,70,,33211,14,0,11,1,30,,33203,14,0,11,1,70,,33205,14,0,11,1,30,,33206,14,0,11,1,70,,33200,14,0,11,1,30,,33193,14,0,11,1,70,,33199,14,0,11,1,30,,33202,14,0,11,1,70,,33204,14,0,11,1
40200,'1',621,,38289,14,0,13 14,1,30,,38293,14,0,13 14,1,70,,38305,14,0,13 14,1,30,,38286,14,0,13 14,1,70,,38303,14,0,13 14,1,30,,38284,14,0,13 14,1,70,,38287,14,0,13 14,1,30,,38283,14,0,13 14,1,70,,29418,14,0,13 14,1,30,,38294,14,0,13 14,1,70,,38290,14,0,13 14,1,30,,38306,14,0,13 14,1,70,,38307,14,0,13 14,1,30,,38288,14,0,13 14,1,70,,38301,14,0,13 14,1,30,,38298,14,0,13 14,1,70,,38297,14,0,13 14,1,30,,38300,14,0,13 14,1,70,,38295,14,0,13 14,1,30,,29676,14,0,13 14,1,70,,38292,14,0,13 14,1,30,,38291,14,0,13 14,1,70,,38282,14,0,13 14,1,30,,38296,14,0,13 14,1,100,,31675,14,0,13 14,1,99,,38285,14,0,13 14,1,100,,38299,14,0,13 14,1,100,,38304,14,0,13 14,1,100,,38302,14,0,13 14,1
40200,'11',621,,38316,14,0,13 14,1,30,,38321,14,0,13 14,1,70,,38333,14,0,13 14,1,30,,38312,14,0,13 14,1,70,,38331,14,0,13 14,1,30,,38310,14,0,13 14,1,70,,38313,14,0,13 14,1,30,,38309,14,0,13 14,1,70,,38320,14,0,13 14,1,30,,38322,14,0,13 14,1,70,,38317,14,0,13 14,1,30,,38334,14,0,13 14,1,70,,38335,14,0,13 14,1,30,,38314,14,0,13 14,1,70,,38329,14,0,13 14,1,30,,38326,14,0,13 14,1,70,,38325,14,0,13 14,1,30,,38328,14,0,13 14,1,70,,38323,14,0,13 14,1,30,,38336,14,0,13 14,1,70,,38319,14,0,13 14,1,30,,38318,14,0,13 14,1,70,,38308,14,0,13 14,1,30,,38324,14,0,13 14,1,100,,38315,14,0,13 14,1,99,,38311,14,0,13 14,1,100,,38327,14,0,13 14,1,100,,38332,14,0,13 14,1,100,,38330,14,0,13 14,1
40200,'12',1751,,38340,14,0,13 14,1,100,,38338,14,0,13 14,1,99,,38342,14,0,13 14,1,100,,38339,14,0,13 14,1,100,,38341,14,0,13 14,1,100,,38337,14,0,13 14,1
40200,'13',1751,,38346,14,0,13 14,1,100,,38344,14,0,13 14,1,99,,38348,14,0,13 14,1,100,,38345,14,0,13 14,1,100,,38347,14,0,13 14,1,100,,38343,14,0,13 14,1
40200,'14',1051,,38356,14,0,13 14,1,100,,38349,14,0,13 14,1,100,,38350,14,0,13 14,1,100,,38355,14,0,13 14,1,100,,38351,14,0,13 14,1,100,,38354,14,0,13 14,1,100,,38352,14,0,13 14,1,100,,38353,14,0,13 14,1
40200,'16',621,,38364,14,0,13 14,1,30,,38368,14,0,13 14,1,70,,38380,14,0,13 14,1,30,,38361,14,0,13 14,1,70,,38378,14,0,13 14,1,30,,38359,14,0,13 14,1,70,,38362,14,0,13 14,1,30,,38358,14,0,13 14,1,70,,29537,14,0,13 14,1,30,,38369,14,0,13 14,1,70,,38365,14,0,13 14,1,30,,38381,14,0,13 14,1,70,,38382,14,0,13 14,1,30,,38363,14,0,13 14,1,70,,38376,14,0,13 14,1,30,,38373,14,0,13 14,1,70,,38372,14,0,13 14,1,30,,38375,14,0,13 14,1,70,,38370,14,0,13 14,1,30,,29795,14,0,13 14,1,70,,38367,14,0,13 14,1,30,,38366,14,0,13 14,1,70,,38357,14,0,13 14,1,30,,38371,14,0,13 14,1,100,,31732,14,0,13 14,1,99,,38360,14,0,13 14,1,100,,38374,14,0,13 14,1,100,,38379,14,0,13 14,1,100,,38377,14,0,13 14,1
40200,'3',1751,,38386,14,0,13 14,1,100,,38384,14,0,13 14,1,99,,38388,14,0,13 14,1,100,,38385,14,0,13 14,1,100,,38387,14,0,13 14,1,100,,38383,14,0,13 14,1
40200,'6',1751,,38392,14,0,13 14,1,100,,38390,14,0,13 14,1,99,,38394,14,0,13 14,1,100,,38391,14,0,13 14,1,100,,38393,14,0,13 14,1,100,,38389,14,0,13 14,1
40200,'8',851,,38397,14,0,13 14,1,100,,38401,14,0,13 14,1,70,,38413,14,0,13 14,1,30,,38395,14,0,13 14,1,70,,38414,14,0,13 14,1,30,,38407,14,0,13 14,1,70,,38411,14,0,13 14,1,30,,38396,14,0,13 14,1,70,,38400,14,0,13 14,1,30,,38408,14,0,13 14,1,70,,38398,14,0,13 14,1,30,,38403,14,0,13 14,1,70,,38405,14,0,13 14,1,30,,38412,14,0,13 14,1,70,,38404,14,0,13 14,1,30,,38410,14,0,13 14,1,70,,38406,14,0,13 14,1,30,,38409,14,0,13 14,1,100,,38402,14,0,13 14,1,99,,38399,14,0,13 14,1
