30500,'12',617,,33679,6,0,58,1,30,,33670,6,0,58,1,70,,33691,6,0,58,1,30,,33683,6,0,58,1,70,,33675,6,0,58,1,30,,33684,6,0,58,1,70,,33685,6,0,58,1,30,,33687,6,0,58,1,70,,33688,6,0,58,1,30,,33680,6,0,58,1,70,,33689,6,0,58,1,30,,33671,6,0,58,1,70,,33681,6,0,58,1,30,,33673,6,0,58,1,70,,33669,6,0,58,1,30,,33692,6,0,58,1,70,,33682,6,0,58,1,30,,33690,6,0,58,1,70,,33672,6,0,58,1,30,,33686,6,0,58,1,70,,33674,6,0,58,1,30,,33677,6,0,58,1,70,,33678,6,0,58,1
30500,'13',617,,33703,6,0,58,1,30,,33694,6,0,58,1,70,,33714,6,0,58,1,30,,33707,6,0,58,1,70,,33699,6,0,58,1,30,,33708,6,0,58,1,70,,33709,6,0,58,1,30,,33711,6,0,58,1,70,,33712,6,0,58,1,30,,33704,6,0,58,1,70,,28111,6,0,58,1,30,,33695,6,0,58,1,70,,33705,6,0,58,1,30,,33697,6,0,58,1,70,,33693,6,0,58,1,30,,33715,6,0,58,1,70,,33706,6,0,58,1,30,,33713,6,0,58,1,70,,33696,6,0,58,1,30,,33710,6,0,58,1,70,,33698,6,0,58,1,30,,33701,6,0,58,1,70,,33702,6,0,58,1
30500,'3',617,,33726,6,0,58,1,30,,33717,6,0,58,1,70,,33737,6,0,58,1,30,,33730,6,0,58,1,70,,33722,6,0,58,1,30,,33731,6,0,58,1,70,,33732,6,0,58,1,30,,33734,6,0,58,1,70,,33735,6,0,58,1,30,,33727,6,0,58,1,70,,28133,6,0,58,1,30,,33718,6,0,58,1,70,,33728,6,0,58,1,30,,33720,6,0,58,1,70,,33716,6,0,58,1,30,,33738,6,0,58,1,70,,33729,6,0,58,1,30,,33736,6,0,58,1,70,,33719,6,0,58,1,30,,33733,6,0,58,1,70,,33721,6,0,58,1,30,,33724,6,0,58,1,70,,33725,6,0,58,1
30500,'6',617,,33749,6,0,58,1,30,,33740,6,0,58,1,70,,33761,6,0,58,1,30,,33753,6,0,58,1,70,,33745,6,0,58,1,30,,33754,6,0,58,1,70,,33755,6,0,58,1,30,,33757,6,0,58,1,70,,33758,6,0,58,1,30,,33750,6,0,58,1,70,,33759,6,0,58,1,30,,33741,6,0,58,1,70,,33751,6,0,58,1,30,,33743,6,0,58,1,70,,33739,6,0,58,1,30,,33762,6,0,58,1,70,,33752,6,0,58,1,30,,33760,6,0,58,1,70,,33742,6,0,58,1,30,,33756,6,0,58,1,70,,33744,6,0,58,1,30,,33747,6,0,58,1,70,,33748,6,0,58,1
41200,'1',617,,39797,6,0,23,1,30,,39789,6,0,23,1,70,,39787,6,0,23,1,30,,39793,6,0,23,1,70,,39796,6,0,23,1,30,,39784,6,0,23,1,70,,39788,6,0,23,1,30,,32721,6,0,23,1,70,,39786,6,0,23,1,30,,39803,6,0,23,1,70,,39806,6,0,23,1,30,,39804,6,0,23,1,70,,39795,6,0,23,1,30,,39780,6,0,23,1,70,,39802,6,0,23,1,30,,39791,6,0,23,1,70,,39792,6,0,23,1,30,,39783,6,0,23,1,70,,39801,6,0,23,1,30,,39798,6,0,23,1,70,,39794,6,0,23,1,30,,39799,6,0,23,1,70,,39782,6,0,23,1,30,,39790,6,0,23,1,70,,39781,6,0,23,1,100,,39805,6,0,23,1,100,,31127,6,0,23,1,100,,39800,6,0,23,1,100,,39785,6,0,23,1,100,,32572,6,0,23,1
41200,'11',617,,39825,6,0,23,1,30,,39817,6,0,23,1,70,,39815,6,0,23,1,30,,39821,6,0,23,1,70,,39809,6,0,23,1,30,,39812,6,0,23,1,70,,39816,6,0,23,1,30,,39834,6,0,23,1,70,,39814,6,0,23,1,30,,39831,6,0,23,1,70,,39836,6,0,23,1,30,,39832,6,0,23,1,70,,39823,6,0,23,1,30,,39807,6,0,23,1,70,,39830,6,0,23,1,30,,39819,6,0,23,1,70,,39820,6,0,23,1,30,,39811,6,0,23,1,70,,39829,6,0,23,1,30,,39826,6,0,23,1,70,,39822,6,0,23,1,30,,39827,6,0,23,1,70,,39810,6,0,23,1,30,,39818,6,0,23,1,70,,39808,6,0,23,1,100,,39835,6,0,23,1,100,,39833,6,0,23,1,100,,39828,6,0,23,1,100,,39813,6,0,23,1,100,,39824,6,0,23,1
41200,'12',1817,,39841,6,0,23,1,100,,39842,6,0,23,1,100,,39837,6,0,23,1,100,,39840,6,0,23,1,100,,39839,6,0,23,1,100,,39838,6,0,23,1
41200,'13',1817,,31821,6,0,23,1,100,,39847,6,0,23,1,100,,39843,6,0,23,1,100,,39846,6,0,23,1,100,,39845,6,0,23,1,100,,39844,6,0,23,1
41200,'14',1117,,39853,6,0,23,1,100,,39849,6,0,23,1,100,,39848,6,0,23,1,100,,31369,6,0,23,1,100,,39852,6,0,23,1,100,,39850,6,0,23,1,100,,39851,6,0,23,1
41200,'16',617,,39872,6,0,23,1,30,,39863,6,0,23,1,70,,39861,6,0,23,1,30,,39867,6,0,23,1,70,,39870,6,0,23,1,30,,39858,6,0,23,1,70,,39862,6,0,23,1,30,,39880,6,0,23,1,70,,39860,6,0,23,1,30,,39878,6,0,23,1,70,,39882,6,0,23,1,30,,39879,6,0,23,1,70,,39869,6,0,23,1,30,,39854,6,0,23,1,70,,39877,6,0,23,1,30,,39865,6,0,23,1,70,,39866,6,0,23,1,30,,39857,6,0,23,1,70,,39876,6,0,23,1,30,,39873,6,0,23,1,70,,39868,6,0,23,1,30,,39874,6,0,23,1,70,,39856,6,0,23,1,30,,39864,6,0,23,1,70,,39855,6,0,23,1,100,,39881,6,0,23,1,100,,31152,6,0,23,1,100,,39875,6,0,23,1,100,,39859,6,0,23,1,100,,39871,6,0,23,1
41200,'3',1817,,31880,6,0,23,1,100,,39887,6,0,23,1,100,,39883,6,0,23,1,100,,39886,6,0,23,1,100,,39885,6,0,23,1,100,,39884,6,0,23,1
41200,'6',1817,,39892,6,0,23,1,100,,39893,6,0,23,1,100,,39888,6,0,23,1,100,,39891,6,0,23,1,100,,39890,6,0,23,1,100,,39889,6,0,23,1
41200,'8',917,,39901,6,0,23,1,100,,39904,6,0,23,1,30,,39903,6,0,23,1,70,,39909,6,0,23,1,30,,39906,6,0,23,1,70,,39911,6,0,23,1,30,,39895,6,0,23,1,70,,39896,6,0,23,1,30,,39908,6,0,23,1,70,,32740,6,0,23,1,30,,39910,6,0,23,1,70,,39894,6,0,23,1,30,,39898,6,0,23,1,70,,39902,6,0,23,1,30,,39899,6,0,23,1,70,,39900,6,0,23,1,30,,39905,6,0,23,1,70,,39897,6,0,23,1,100,,39907,6,0,23,1
