30901,'12',626,,34469,23,0,25 14 26,1,30,,34473,23,0,25 14 26,1,71,,34486,23,0,25 14 26,1,30,,34470,23,0,25 14 26,1,70,,34476,23,0,25 14 26,1,30,,34481,23,0,25 14 26,1,70,,34492,23,0,25 14 26,1,30,,34487,23,0,25 14 26,1,70,,34491,23,0,25 14 26,1,30,,34479,23,0,25 14 26,1,70,,34489,23,0,25 14 26,1,30,,34475,23,0,25 14 26,1,70,,34488,23,0,25 14 26,1,30,,34483,23,0,25 14 26,1,70,,34472,23,0,25 14 26,1,30,,34471,23,0,25 14 26,1,70,,34474,23,0,25 14 26,1,78,,34490,23,0,25 14 26,1,30,,34477,23,0,25 14 26,1,70,,34485,23,0,25 14 26,1,30,,34478,23,0,25 14 26,1,70,,34482,23,0,25 14 26,1,30,,34480,23,0,25 14 26,1,70,,34493,23,0,25 14 26,1,26,,34484,19,0,25 14 26,1
30901,'13',626,,34494,23,0,25 14 26,1,30,,34498,23,0,25 14 26,1,71,,34511,23,0,25 14 26,1,30,,34495,23,0,25 14 26,1,70,,34501,23,0,25 14 26,1,30,,34506,23,0,25 14 26,1,70,,27614,23,0,25 14 26,1,30,,23691,23,0,25 14 26,1,70,,34515,23,0,25 14 26,1,30,,34504,23,0,25 14 26,1,70,,34513,23,0,25 14 26,1,30,,34500,23,0,25 14 26,1,70,,34512,23,0,25 14 26,1,30,,34508,23,0,25 14 26,1,70,,34497,23,0,25 14 26,1,30,,34496,23,0,25 14 26,1,70,,34499,23,0,25 14 26,1,78,,34514,23,0,25 14 26,1,30,,34502,23,0,25 14 26,1,70,,34510,23,0,25 14 26,1,30,,34503,23,0,25 14 26,1,70,,34507,23,0,25 14 26,1,30,,34505,23,0,25 14 26,1,70,,34516,23,0,25 14 26,1,26,,34509,19,0,25 14 26,1
30901,'3',626,,34517,23,0,25 14 26,1,30,,34521,23,0,25 14 26,1,71,,34534,23,0,25 14 26,1,30,,34518,23,0,25 14 26,1,70,,34524,23,0,25 14 26,1,30,,34529,23,0,25 14 26,1,70,,27637,23,0,25 14 26,1,30,,23711,23,0,25 14 26,1,70,,34538,23,0,25 14 26,1,30,,34527,23,0,25 14 26,1,70,,34536,23,0,25 14 26,1,30,,34523,23,0,25 14 26,1,70,,34535,23,0,25 14 26,1,30,,34531,23,0,25 14 26,1,70,,34520,23,0,25 14 26,1,30,,34519,23,0,25 14 26,1,70,,34522,23,0,25 14 26,1,78,,34537,23,0,25 14 26,1,30,,34525,23,0,25 14 26,1,70,,34533,23,0,25 14 26,1,30,,34526,23,0,25 14 26,1,70,,34530,23,0,25 14 26,1,30,,34528,23,0,25 14 26,1,70,,34539,23,0,25 14 26,1,26,,34532,19,0,25 14 26,1
30901,'6',626,,34540,23,0,25 14 26,1,30,,34544,23,0,25 14 26,1,71,,34557,23,0,25 14 26,1,30,,34541,23,0,25 14 26,1,70,,34547,23,0,25 14 26,1,30,,34552,23,0,25 14 26,1,70,,34563,23,0,25 14 26,1,30,,34558,23,0,25 14 26,1,70,,34562,23,0,25 14 26,1,30,,34550,23,0,25 14 26,1,70,,34560,23,0,25 14 26,1,30,,34546,23,0,25 14 26,1,70,,34559,23,0,25 14 26,1,30,,34554,23,0,25 14 26,1,70,,34543,23,0,25 14 26,1,30,,34542,23,0,25 14 26,1,70,,34545,23,0,25 14 26,1,78,,34561,23,0,25 14 26,1,30,,34548,23,0,25 14 26,1,70,,34556,23,0,25 14 26,1,30,,34549,23,0,25 14 26,1,70,,34553,23,0,25 14 26,1,30,,34551,23,0,25 14 26,1,70,,34564,23,0,25 14 26,1,26,,34555,19,0,25 14 26,1
40901,'1',654,,39494,23,0,25 12,1,70,,39496,23,0,25 12,1,30,,39491,23,0,25 12,1,70,,39475,23,0,25 12,1,30,,39477,23,0,25 12,1,70,,39485,23,0,25 12,1,30,,39479,23,0,25 12,1,70,,30685,23,0,25 12,1,30,,39482,23,0,25 12,1,70,,39488,23,0,25 12,1,30,,39478,23,0,25 12,1,70,,39497,23,0,25 12,1,30,,39498,23,0,25 12,1,70,,39490,23,0,25 12,1,30,,24694,23,0,25 12,1,70,,31595,23,0,25 12,1,30,,39474,23,0,25 12,1,70,,39481,23,0,25 12,1,30,,39486,23,0,25 12,1,70,,39476,23,0,25 12,1,30,,39484,23,0,25 12,1,70,,39489,23,0,25 12,1,30,,39495,23,0,25 12,1,70,,23651,23,0,25 12,1,30,,39487,23,0,25 12,1,100,,39492,23,0,25 12,1,100,,39483,23,0,25 12,1,100,,39480,23,0,25 12,1,100,,39493,23,0,25 12,1
40901,'11',654,,39523,23,0,25 12,1,70,,39525,23,0,25 12,1,30,,39519,23,0,25 12,1,70,,39501,23,0,25 12,1,30,,39503,23,0,25 12,1,70,,39512,23,0,25 12,1,30,,39505,23,0,25 12,1,70,,39511,23,0,25 12,1,30,,39508,23,0,25 12,1,70,,39516,23,0,25 12,1,30,,39504,23,0,25 12,1,70,,39526,23,0,25 12,1,30,,39527,23,0,25 12,1,70,,39518,23,0,25 12,1,30,,39521,23,0,25 12,1,70,,39515,23,0,25 12,1,30,,39499,23,0,25 12,1,70,,39507,23,0,25 12,1,30,,39513,23,0,25 12,1,70,,39502,23,0,25 12,1,30,,39510,23,0,25 12,1,70,,39517,23,0,25 12,1,30,,39524,23,0,25 12,1,70,,39500,23,0,25 12,1,30,,39514,23,0,25 12,1,100,,39520,23,0,25 12,1,100,,39509,23,0,25 12,1,100,,39506,23,0,25 12,1,100,,39522,23,0,25 12,1
40901,'12',1854,,39532,23,0,25 12,1,100,,39531,23,0,25 12,1,100,,39528,23,0,25 12,1,100,,39530,23,0,25 12,1,100,,39529,23,0,25 12,1
40901,'13',1854,,39536,23,0,25 12,1,100,,39535,23,0,25 12,1,100,,39533,23,0,25 12,1,100,,39534,23,0,25 12,1,100,,23553,23,0,25 12,1
40901,'14',1054,,39538,23,0,25 12,1,100,,39541,23,0,25 12,1,100,,39539,23,0,25 12,1,100,,39542,23,0,25 12,1,100,,30452,23,0,25 12,1,100,,39540,23,0,25 12,1,100,,39543,23,0,25 12,1,100,,39537,23,0,25 12,1
40901,'16',654,,39564,23,0,25 12,1,70,,39566,23,0,25 12,1,30,,39561,23,0,25 12,1,70,,39545,23,0,25 12,1,30,,39547,23,0,25 12,1,70,,39555,23,0,25 12,1,30,,39549,23,0,25 12,1,70,,30722,23,0,25 12,1,30,,39552,23,0,25 12,1,70,,39558,23,0,25 12,1,30,,39548,23,0,25 12,1,70,,39567,23,0,25 12,1,30,,39568,23,0,25 12,1,70,,39560,23,0,25 12,1,30,,29544,23,0,25 12,1,70,,31633,23,0,25 12,1,30,,39544,23,0,25 12,1,70,,39551,23,0,25 12,1,30,,39556,23,0,25 12,1,70,,39546,23,0,25 12,1,30,,39554,23,0,25 12,1,70,,39559,23,0,25 12,1,30,,39565,23,0,25 12,1,70,,29526,23,0,25 12,1,30,,39557,23,0,25 12,1,100,,39562,23,0,25 12,1,100,,39553,23,0,25 12,1,100,,39550,23,0,25 12,1,100,,39563,23,0,25 12,1
40901,'3',1854,,39572,23,0,25 12,1,100,,39571,23,0,25 12,1,100,,39569,23,0,25 12,1,100,,39570,23,0,25 12,1,100,,23574,23,0,25 12,1
40901,'6',1854,,39577,23,0,25 12,1,100,,39576,23,0,25 12,1,100,,39573,23,0,25 12,1,100,,39575,23,0,25 12,1,100,,39574,23,0,25 12,1
40901,'8',854,,39590,23,0,25 12,1,100,,39589,23,0,25 12,1,100,,39595,23,0,25 12,1,70,,39580,23,0,25 12,1,30,,39581,23,0,25 12,1,70,,39587,23,0,25 12,1,30,,39583,23,0,25 12,1,70,,39582,23,0,25 12,1,30,,39594,23,0,25 12,1,70,,39591,23,0,25 12,1,30,,39584,23,0,25 12,1,70,,39592,23,0,25 12,1,30,,39588,23,0,25 12,1,70,,39593,23,0,25 12,1,30,,32416,23,0,25 12,1,70,,39579,23,0,25 12,1,30,,39596,23,0,25 12,1,70,,39578,23,0,25 12,1,30,,39586,23,0,25 12,1,100,,39585,23,0,25 12,1
