30601,'12',635,,33972,22,0,9 12,1,70,,33966,22,0,9 12,1,30,,33953,22,0,9 12,1,70,,33970,22,0,9 12,1,30,,33958,22,0,9 12,1,70,,33968,22,0,9 12,1,30,,33974,22,0,9 12,1,70,,33975,22,0,9 12,1,31,,33969,22,0,9 12,1,70,,33957,22,0,9 12,1,30,,33960,22,0,9 12,1,70,,33955,22,0,9 12,1,30,,33952,22,0,9 12,1,70,,33956,22,0,9 12,1,30,,33971,22,0,9 12,1,70,,33962,22,0,9 12,1,30,,33961,22,0,9 12,1,65,,33959,22,0,9 12,1,5,,33967,22,0,9 12,1,30,,33973,22,0,9 12,1,70,,33965,22,0,9 12,1,30,,33963,22,0,9 12,1,70,,33964,22,0,9 12,1,30,,33951,22,0,9 12,1,70,,33954,22,0,9 12,1
30601,'13',635,,33994,22,0,9 12,1,70,,33988,22,0,9 12,1,30,,33977,22,0,9 12,1,70,,33992,22,0,9 12,1,30,,33982,22,0,9 12,1,70,,33990,22,0,9 12,1,30,,33995,22,0,9 12,1,70,,33996,22,0,9 12,1,31,,33991,22,0,9 12,1,70,,33981,22,0,9 12,1,30,,28401,22,0,9 12,1,70,,33979,22,0,9 12,1,30,,33976,22,0,9 12,1,70,,33980,22,0,9 12,1,30,,33993,22,0,9 12,1,70,,33985,22,0,9 12,1,30,,33984,22,0,9 12,1,65,,33983,22,0,9 12,1,5,,33989,22,0,9 12,1,30,,28711,22,0,9 12,1,70,,28692,22,0,9 12,1,30,,33986,22,0,9 12,1,70,,33987,22,0,9 12,1,30,,28678,22,0,9 12,1,70,,33978,22,0,9 12,1
30601,'3',635,,34015,22,0,9 12,1,70,,34009,22,0,9 12,1,30,,33998,22,0,9 12,1,70,,34013,22,0,9 12,1,30,,34003,22,0,9 12,1,70,,34011,22,0,9 12,1,30,,34016,22,0,9 12,1,70,,34017,22,0,9 12,1,31,,34012,22,0,9 12,1,70,,34002,22,0,9 12,1,30,,28422,22,0,9 12,1,70,,34000,22,0,9 12,1,30,,33997,22,0,9 12,1,70,,34001,22,0,9 12,1,30,,34014,22,0,9 12,1,70,,34006,22,0,9 12,1,30,,34005,22,0,9 12,1,65,,34004,22,0,9 12,1,5,,34010,22,0,9 12,1,30,,28755,22,0,9 12,1,70,,28736,22,0,9 12,1,30,,34007,22,0,9 12,1,70,,34008,22,0,9 12,1,30,,28722,22,0,9 12,1,70,,33999,22,0,9 12,1
30601,'6',635,,34039,22,0,9 12,1,70,,34033,22,0,9 12,1,30,,34020,22,0,9 12,1,70,,34037,22,0,9 12,1,30,,34025,22,0,9 12,1,70,,34035,22,0,9 12,1,30,,34041,22,0,9 12,1,70,,34042,22,0,9 12,1,31,,34036,22,0,9 12,1,70,,34024,22,0,9 12,1,30,,34027,22,0,9 12,1,70,,34022,22,0,9 12,1,30,,34019,22,0,9 12,1,70,,34023,22,0,9 12,1,30,,34038,22,0,9 12,1,70,,34029,22,0,9 12,1,30,,34028,22,0,9 12,1,65,,34026,22,0,9 12,1,5,,34034,22,0,9 12,1,30,,34040,22,0,9 12,1,70,,34032,22,0,9 12,1,30,,34030,22,0,9 12,1,70,,34031,22,0,9 12,1,30,,34018,22,0,9 12,1,70,,34021,22,0,9 12,1
40601,'1',702,,38965,22,0,9 12,1,30,,38943,22,0,9 12,1,70,,32093,22,0,9 12,1,30,,38953,22,0,9 12,1,70,,38945,22,0,9 12,1,30,,38955,22,0,9 12,1,70,,38961,22,0,9 12,1,30,,32509,22,0,9 12,1,70,,38962,22,0,9 12,1,30,,38946,22,0,9 12,1,70,,38957,22,0,9 12,1,30,,38951,22,0,9 12,1,70,,38949,22,0,9 12,1,30,,38942,22,0,9 12,1,70,,38950,22,0,9 12,1,30,,38947,22,0,9 12,1,70,,38967,22,0,9 12,1,30,,38952,22,0,9 12,1,70,,38958,22,0,9 12,1,30,,38954,22,0,9 12,1,70,,38963,22,0,9 12,1,30,,38966,22,0,9 12,1,70,,38964,22,0,9 12,1,30,,38959,22,0,9 12,1,100,,38944,22,0,9 12,1,100,,38960,22,0,9 12,1,100,,38948,22,0,9 12,1,100,,38956,22,0,9 12,1,100,,23235,22,0,9 12,1
40601,'11',702,,38994,22,0,9 12,1,30,,38969,22,0,9 12,1,70,,38989,22,0,9 12,1,30,,38979,22,0,9 12,1,70,,38971,22,0,9 12,1,30,,38981,22,0,9 12,1,70,,38987,22,0,9 12,1,30,,38992,22,0,9 12,1,70,,38990,22,0,9 12,1,30,,38972,22,0,9 12,1,70,,38983,22,0,9 12,1,30,,38977,22,0,9 12,1,70,,38975,22,0,9 12,1,30,,38968,22,0,9 12,1,70,,38976,22,0,9 12,1,30,,38973,22,0,9 12,1,70,,38996,22,0,9 12,1,30,,38978,22,0,9 12,1,70,,38984,22,0,9 12,1,30,,38980,22,0,9 12,1,70,,38991,22,0,9 12,1,30,,38995,22,0,9 12,1,70,,38993,22,0,9 12,1,30,,38985,22,0,9 12,1,100,,38970,22,0,9 12,1,100,,38986,22,0,9 12,1,100,,38974,22,0,9 12,1,100,,38982,22,0,9 12,1,100,,38988,22,0,9 12,1
40601,'12',1832,,39001,22,0,9 12,1,100,,39002,22,0,9 12,1,100,,38998,22,0,9 12,1,100,,38999,22,0,9 12,1,100,,39000,22,0,9 12,1,100,,38997,22,0,9 12,1
40601,'13',1832,,39006,22,0,9 12,1,100,,39007,22,0,9 12,1,100,,39004,22,0,9 12,1,100,,39005,22,0,9 12,1,100,,23354,22,0,9 12,1,100,,39003,22,0,9 12,1
40601,'14',1132,,39010,22,0,9 12,1,100,,39009,22,0,9 12,1,100,,39012,22,0,9 12,1,100,,39014,22,0,9 12,1,100,,39013,22,0,9 12,1,100,,39008,22,0,9 12,1,100,,39011,22,0,9 12,1
40601,'16',702,,39039,22,0,9 12,1,30,,39016,22,0,9 12,1,70,,25392,22,0,9 12,1,30,,39026,22,0,9 12,1,70,,39018,22,0,9 12,1,30,,39028,22,0,9 12,1,70,,39034,22,0,9 12,1,30,,39037,22,0,9 12,1,70,,39035,22,0,9 12,1,30,,39019,22,0,9 12,1,70,,39030,22,0,9 12,1,30,,39024,22,0,9 12,1,70,,39022,22,0,9 12,1,30,,39015,22,0,9 12,1,70,,39023,22,0,9 12,1,30,,39020,22,0,9 12,1,70,,39041,22,0,9 12,1,30,,39025,22,0,9 12,1,70,,39031,22,0,9 12,1,30,,39027,22,0,9 12,1,70,,39036,22,0,9 12,1,30,,39040,22,0,9 12,1,70,,39038,22,0,9 12,1,30,,39032,22,0,9 12,1,100,,39017,22,0,9 12,1,100,,39033,22,0,9 12,1,100,,39021,22,0,9 12,1,100,,39029,22,0,9 12,1,100,,31856,22,0,9 12,1
40601,'3',1832,,39045,22,0,9 12,1,100,,39046,22,0,9 12,1,100,,39043,22,0,9 12,1,100,,39044,22,0,9 12,1,100,,23392,22,0,9 12,1,100,,39042,22,0,9 12,1
40601,'6',1832,,39051,22,0,9 12,1,100,,39052,22,0,9 12,1,100,,39048,22,0,9 12,1,100,,39049,22,0,9 12,1,100,,39050,22,0,9 12,1,100,,39047,22,0,9 12,1
40601,'8',932,,30022,22,0,9 12,1,100,,39062,22,0,9 12,1,70,,39059,22,0,9 12,1,30,,39057,22,0,9 12,1,70,,39056,22,0,9 12,1,30,,39066,22,0,9 12,1,70,,39055,22,0,9 12,1,30,,39053,22,0,9 12,1,70,,39063,22,0,9 12,1,30,,39060,22,0,9 12,1,70,,31890,22,0,9 12,1,30,,39054,22,0,9 12,1,70,,39058,22,0,9 12,1,30,,39065,22,0,9 12,1,70,,39061,22,0,9 12,1,30,,39064,22,0,9 12,1,70,,25154,22,0,9 12,1,30,,39068,22,0,9 12,1,100,,39067,22,0,9 12,1
