30101,'1',625,,193,17,0,5 15,1,30,,200,17,0,5 15,1,70,,196,17,0,5 15,1,30,,238,17,0,5 15,1,70,,233,17,0,5 15,1,30,,226,17,0,5 15,1,70,,197,17,0,5 15,1,30,,208,17,0,5 15,1,70,,228,17,0,5 15,1,30,,203,17,0,5 15,1,70,,207,17,0,5 15,1,30,,192,17,0,5 15,1,70,,215,17,0,5 15,1,30,,206,17,0,5 15,1,70,,234,17,0,5 15,1,30,,211,17,0,5 15,1,70,,190,17,0,5 15,1,30,,213,17,0,5 15,1,70,,227,17,0,5 15,1,30,,219,17,0,5 15,1,70,,216,17,0,5 15,1,30,,204,17,0,5 15,1,70,,201,17,0,5 15,1,30,,236,17,0,5 15,1
30101,'10',625,,243,17,0,5 15,1,30,,250,17,0,5 15,1,70,,246,17,0,5 15,1,30,,288,17,0,5 15,1,70,,283,17,0,5 15,1,30,,276,17,0,5 15,1,70,,247,17,0,5 15,1,30,,258,17,0,5 15,1,70,,278,17,0,5 15,1,30,,253,17,0,5 15,1,70,,257,17,0,5 15,1,30,,242,17,0,5 15,1,70,,265,17,0,5 15,1,30,,256,17,0,5 15,1,70,,284,17,0,5 15,1,30,,261,17,0,5 15,1,70,,240,17,0,5 15,1,30,,263,17,0,5 15,1,70,,277,17,0,5 15,1,30,,269,17,0,5 15,1,70,,266,17,0,5 15,1,30,,254,17,0,5 15,1,70,,251,17,0,5 15,1,30,,286,17,0,5 15,1
30101,'11',625,,293,17,0,5 15,1,30,,300,17,0,5 15,1,70,,296,17,0,5 15,1,30,,338,17,0,5 15,1,70,,333,17,0,5 15,1,30,,326,17,0,5 15,1,70,,297,17,0,5 15,1,30,,308,17,0,5 15,1,70,,328,17,0,5 15,1,30,,303,17,0,5 15,1,70,,307,17,0,5 15,1,30,,292,17,0,5 15,1,70,,315,17,0,5 15,1,30,,306,17,0,5 15,1,70,,334,17,0,5 15,1,30,,311,17,0,5 15,1,70,,290,17,0,5 15,1,30,,313,17,0,5 15,1,70,,327,17,0,5 15,1,30,,319,17,0,5 15,1,70,,316,17,0,5 15,1,30,,304,17,0,5 15,1,70,,301,17,0,5 15,1,30,,336,17,0,5 15,1
30101,'3',625,,343,17,0,5 15,1,30,,350,17,0,5 15,1,70,,346,17,0,5 15,1,30,,388,17,0,5 15,1,70,,383,17,0,5 15,1,30,,376,17,0,5 15,1,70,,347,17,0,5 15,1,30,,358,17,0,5 15,1,70,,378,17,0,5 15,1,30,,353,17,0,5 15,1,70,,357,17,0,5 15,1,30,,342,17,0,5 15,1,70,,365,17,0,5 15,1,30,,356,17,0,5 15,1,70,,384,17,0,5 15,1,30,,361,17,0,5 15,1,70,,340,17,0,5 15,1,30,,363,17,0,5 15,1,70,,377,17,0,5 15,1,30,,369,17,0,5 15,1,70,,366,17,0,5 15,1,30,,354,17,0,5 15,1,70,,351,17,0,5 15,1,30,,386,17,0,5 15,1
40101,'1',1839,,5972,17,0,16,1,100,,5979,17,0,16,1,100,,5969,17,0,16,1,100,,5978,17,0,16,1,100,,5973,17,0,16,1,100,,5971,17,0,5,1
40101,'10',1839,,5983,17,0,16,1,100,,5990,17,0,16,1,100,,5980,17,0,16,1,100,,5989,17,0,16,1,100,,5984,17,0,16,1,100,,5982,17,0,5,1
40101,'11',1839,,5994,17,0,16,1,100,,6001,17,0,16,1,100,,5991,17,0,16,1,100,,6000,17,0,16,1,100,,5995,17,0,16,1,100,,5993,17,0,5,1
40101,'12',1039,,6013,17,0,16,1,100,,6010,17,0,16,1,100,,6012,17,0,16,1,100,,6005,17,0,16,1,100,,6004,17,0,16,1,100,,6015,17,0,16,1,100,,6009,17,0,16,1,100,,6002,17,0,5,1
40101,'14',639,,6023,17,0,16,1,70,,6042,17,0,16,1,30,,6033,17,0,16,1,70,,6040,17,0,16,1,30,,6061,17,0,16,1,70,,6064,17,0,16,1,30,,6068,17,0,16,1,70,,6058,17,0,16,1,30,,6044,17,0,16,1,70,,6053,17,0,16,1,30,,6047,17,0,16,1,70,,6043,17,0,16,1,30,,6024,17,0,16,1,70,,6038,17,0,16,1,30,,6065,17,0,16,1,70,,6062,17,0,16,1,30,,6036,17,0,16,1,70,,6059,17,0,16,1,30,,6073,17,0,16,1,70,,6022,17,0,16,1,30,,6028,17,0,16,1,70,,6032,17,0,16,1,30,,6069,17,0,16,1,70,,6031,17,0,16,1,30,,6074,17,0,16,1,100,,6071,17,0,16,1,100,,6054,17,0,16,1,100,,6050,17,0,16,1,100,,6018,17,0,16,1,100,,6025,17,0,5,1
40101,'3',1839,,6081,17,0,16,1,100,,6088,17,0,16,1,100,,6078,17,0,16,1,100,,6087,17,0,16,1,100,,6082,17,0,16,1,100,,6080,17,0,5,1
40101,'7',839,,6095,17,0,16,1,100,,6105,17,0,16,1,100,,6118,17,0,16,1,70,,6127,17,0,16,1,30,,6119,17,0,16,1,70,,6122,17,0,16,1,30,,6092,17,0,16,1,70,,6093,17,0,16,1,30,,6116,17,0,16,1,70,,6097,17,0,16,1,30,,6110,17,0,16,1,70,,6124,17,0,16,1,30,,6106,17,0,16,1,70,,6102,17,0,16,1,30,,6101,17,0,16,1,70,,6115,17,0,16,1,30,,6094,17,0,16,1,70,,6123,17,0,16,1,30,,6104,17,0,16,1,100,,6112,17,0,16,1
