31600,'12',656,,35444,21,0,19,1,55,,35433,21,0,19,1,15,,35430,21,0,19,1,15,,35469,21,0,19,1,15,,35441,21,0,19,1,55,,35425,21,0,19,1,15,,35440,21,0,19,1,15,,35453,21,0,19,1,15,,35449,21,0,19,1,55,,35438,21,0,19,1,15,,35454,21,0,19,1,15,,35448,21,0,19,1,15,,35447,21,0,19,1,56,,35426,21,0,19,1,15,,35457,21,0,19,1,15,,35464,21,0,19,1,15,,35436,21,0,19,1,55,,35431,21,0,19,1,15,,35446,21,0,19,1,15,,35463,21,0,19,1,15,,35423,21,0,19,1,55,,35443,21,0,19,1,15,,35427,21,0,19,1,15,,35428,21,0,19,1,15,,35437,21,0,19,1,55,,35462,21,0,19,1,15,,35455,21,0,19,1,15,,35459,21,0,19,1,15,,35468,21,0,19,1,56,,35456,21,0,19,1,15,,35465,21,0,19,1,15,,35452,21,0,19,1,15,,35461,21,0,19,1,55,,35424,21,0,19,1,15,,35450,21,0,19,1,15,,35429,21,0,19,1,15,,35445,21,0,19,1,55,,35466,21,0,19,1,15,,35439,21,0,19,1,15,,35458,21,0,19,1,15,,35432,21,0,19,1,55,,35442,21,0,19,1,15,,35434,21,0,19,1,15,,35435,21,0,19,1,15,,35467,21,0,19,1,55,,35451,21,0,19,1,15,,35460,21,0,19,1
31600,'13',656,,35488,21,0,19,1,55,,35479,21,0,19,1,15,,35476,21,0,19,1,15,,35510,21,0,19,1,15,,29462,21,0,19,1,55,,35472,21,0,19,1,15,,35485,21,0,19,1,15,,35496,21,0,19,1,15,,35493,21,0,19,1,55,,35483,21,0,19,1,15,,35497,21,0,19,1,15,,35492,21,0,19,1,15,,35491,21,0,19,1,56,,35473,21,0,19,1,15,,35500,21,0,19,1,15,,35505,21,0,19,1,15,,27559,21,0,19,1,55,,35477,21,0,19,1,15,,35490,21,0,19,1,15,,35504,21,0,19,1,15,,35470,21,0,19,1,55,,35487,21,0,19,1,15,,35474,21,0,19,1,15,,35475,21,0,19,1,15,,35482,21,0,19,1,55,,29164,21,0,19,1,15,,35498,21,0,19,1,15,,35502,21,0,19,1,15,,35509,21,0,19,1,56,,35499,21,0,19,1,15,,35506,21,0,19,1,15,,35495,21,0,19,1,15,,35503,21,0,19,1,55,,35471,21,0,19,1,15,,27563,21,0,19,1,15,,29244,21,0,19,1,15,,35489,21,0,19,1,55,,35507,21,0,19,1,15,,35484,21,0,19,1,15,,35501,21,0,19,1,15,,35478,21,0,19,1,55,,35486,21,0,19,1,15,,35480,21,0,19,1,15,,35481,21,0,19,1,15,,35508,21,0,19,1,55,,35494,21,0,19,1,15,,27692,21,0,19,1
31600,'3',656,,35529,21,0,19,1,55,,35520,21,0,19,1,15,,35517,21,0,19,1,15,,35551,21,0,19,1,15,,29583,21,0,19,1,55,,35513,21,0,19,1,15,,35526,21,0,19,1,15,,35537,21,0,19,1,15,,35534,21,0,19,1,55,,35524,21,0,19,1,15,,35538,21,0,19,1,15,,35533,21,0,19,1,15,,35532,21,0,19,1,56,,35514,21,0,19,1,15,,35541,21,0,19,1,15,,35546,21,0,19,1,15,,27581,21,0,19,1,55,,35518,21,0,19,1,15,,35531,21,0,19,1,15,,35545,21,0,19,1,15,,35511,21,0,19,1,55,,35528,21,0,19,1,15,,35515,21,0,19,1,15,,35516,21,0,19,1,15,,35523,21,0,19,1,55,,29174,21,0,19,1,15,,35539,21,0,19,1,15,,35543,21,0,19,1,15,,35550,21,0,19,1,56,,35540,21,0,19,1,15,,35547,21,0,19,1,15,,35536,21,0,19,1,15,,35544,21,0,19,1,55,,35512,21,0,19,1,15,,27585,21,0,19,1,15,,29263,21,0,19,1,15,,35530,21,0,19,1,55,,35548,21,0,19,1,15,,35525,21,0,19,1,15,,35542,21,0,19,1,15,,35519,21,0,19,1,55,,35527,21,0,19,1,15,,35521,21,0,19,1,15,,35522,21,0,19,1,15,,35549,21,0,19,1,55,,35535,21,0,19,1,15,,27713,21,0,19,1
31600,'6',656,,35573,21,0,19,1,55,,35562,21,0,19,1,15,,35559,21,0,19,1,15,,35598,21,0,19,1,15,,35570,21,0,19,1,55,,35554,21,0,19,1,15,,35569,21,0,19,1,15,,35582,21,0,19,1,15,,35578,21,0,19,1,55,,35567,21,0,19,1,15,,35583,21,0,19,1,15,,35577,21,0,19,1,15,,35576,21,0,19,1,56,,35555,21,0,19,1,15,,35586,21,0,19,1,15,,35593,21,0,19,1,15,,35565,21,0,19,1,55,,35560,21,0,19,1,15,,35575,21,0,19,1,15,,35592,21,0,19,1,15,,35552,21,0,19,1,55,,35572,21,0,19,1,15,,35556,21,0,19,1,15,,35557,21,0,19,1,15,,35566,21,0,19,1,55,,35591,21,0,19,1,15,,35584,21,0,19,1,15,,35588,21,0,19,1,15,,35597,21,0,19,1,56,,35585,21,0,19,1,15,,35594,21,0,19,1,15,,35581,21,0,19,1,15,,35590,21,0,19,1,55,,35553,21,0,19,1,15,,35579,21,0,19,1,15,,35558,21,0,19,1,15,,35574,21,0,19,1,55,,35595,21,0,19,1,15,,35568,21,0,19,1,15,,35587,21,0,19,1,15,,35561,21,0,19,1,55,,35571,21,0,19,1,15,,35563,21,0,19,1,15,,35564,21,0,19,1,15,,35596,21,0,19,1,55,,35580,21,0,19,1,15,,35589,21,0,19,1
32100,'12',658,,36334,27,0,53,1,92,,36342,27,0,53,1,100,,36338,27,0,53,1,100,,36337,27,0,53,1,100,,36333,27,0,53,1,100,,36340,27,0,53,1,100,,36339,27,0,53,1,100,,36331,27,0,53,1,100,,36332,27,0,53,1,100,,36341,27,0,53,1,100,,36336,27,0,53,1,100,,36335,27,0,53,1
32100,'13',750,,36349,27,0,53,1,100,,36347,27,0,53,1,100,,36346,27,0,53,1,400,,36343,27,0,53,1,100,,36344,27,0,53,1,100,,36348,27,0,53,1,100,,36345,27,0,53,1
32100,'3',750,,36356,27,0,53,1,100,,36354,27,0,53,1,100,,36353,27,0,53,1,400,,36350,27,0,53,1,100,,36351,27,0,53,1,100,,36355,27,0,53,1,100,,36352,27,0,53,1
32100,'6',658,,36360,27,0,53,1,92,,36368,27,0,53,1,100,,36364,27,0,53,1,100,,36363,27,0,53,1,100,,36359,27,0,53,1,100,,36366,27,0,53,1,100,,36365,27,0,53,1,100,,36357,27,0,53,1,100,,36358,27,0,53,1,100,,36367,27,0,53,1,100,,36362,27,0,53,1,100,,36361,27,0,53,1
32401,'12',721,,36615,9,0,54,1,100,,36622,9,0,54,1,100,,36620,9,0,54,1,100,,36611,9,0,54,1,100,,36616,9,0,54,1,100,,36621,9,0,54,1,100,,36614,9,0,54,1,100,,36618,9,0,54,1,100,,36612,9,0,54,1,100,,36613,9,0,54,1,100,,36619,9,0,54,1,100,,36617,9,0,54,1
33101,'12',750,,36641,11,0,55,1,100,,36640,11,0,55,1,100,,36637,11,0,55,1,100,,36643,11,0,55,1,100,,36636,11,0,55,1,100,,36639,11,0,55,1,100,,36644,11,0,55,1,100,,36642,11,0,55,1,100,,36635,11,0,55,1,100,,36638,11,0,55,1,100,,36634,11,0,55,1
33501,'12',723,,36740,9,0,48 18,1,30,,36746,9,0,48 18,1,70,,36754,9,0,48 18,1,30,,36738,9,0,48 18,1,70,,36735,9,0,48 18,1,30,,36748,9,0,48 18,1,70,,36734,9,0,48 18,1,30,,36749,9,0,48 18,1,70,,36750,9,0,48 18,1,30,,36733,9,0,48 18,1,70,,36743,9,0,48 18,1,30,,36755,9,0,48 18,1,70,,36736,9,0,48 18,1,30,,36737,9,0,48 18,1,70,,36744,9,0,48 18,1,30,,36745,9,0,48 18,1,70,,36741,9,0,48 18,1,30,,36739,9,0,48 18,1,70,,36752,9,0,48 18,1,30,,36753,9,0,48 18,1,70,,36751,9,0,48 18,1,30,,36747,9,0,48 18,1,70,,36742,9,0,48 18,1
33501,'13',723,,36762,9,0,48 18,1,30,,36766,9,0,48 18,1,70,,36774,9,0,48 18,1,30,,36760,9,0,48 18,1,70,,36758,9,0,48 18,1,30,,36768,9,0,48 18,1,70,,36757,9,0,48 18,1,30,,36769,9,0,48 18,1,70,,36770,9,0,48 18,1,30,,36756,9,0,48 18,1,70,,28402,9,0,48 18,1,30,,36775,9,0,48 18,1,70,,30875,9,0,48 18,1,30,,36759,9,0,48 18,1,70,,36765,9,0,48 18,1,30,,27809,9,0,48 18,1,70,,36763,9,0,48 18,1,30,,36761,9,0,48 18,1,70,,36772,9,0,48 18,1,30,,36773,9,0,48 18,1,70,,36771,9,0,48 18,1,30,,36767,9,0,48 18,1,70,,36764,9,0,48 18,1
33501,'3',723,,36782,9,0,48 18,1,30,,36786,9,0,48 18,1,70,,36794,9,0,48 18,1,30,,36780,9,0,48 18,1,70,,36778,9,0,48 18,1,30,,36788,9,0,48 18,1,70,,36777,9,0,48 18,1,30,,36789,9,0,48 18,1,70,,36790,9,0,48 18,1,30,,36776,9,0,48 18,1,70,,28423,9,0,48 18,1,30,,36795,9,0,48 18,1,70,,30915,9,0,48 18,1,30,,36779,9,0,48 18,1,70,,36785,9,0,48 18,1,30,,27832,9,0,48 18,1,70,,36783,9,0,48 18,1,30,,36781,9,0,48 18,1,70,,36792,9,0,48 18,1,30,,36793,9,0,48 18,1,70,,36791,9,0,48 18,1,30,,36787,9,0,48 18,1,70,,36784,9,0,48 18,1
33501,'6',723,,36803,9,0,48 18,1,30,,36809,9,0,48 18,1,70,,36817,9,0,48 18,1,30,,36801,9,0,48 18,1,70,,36798,9,0,48 18,1,30,,36811,9,0,48 18,1,70,,36797,9,0,48 18,1,30,,36812,9,0,48 18,1,70,,36813,9,0,48 18,1,30,,36796,9,0,48 18,1,70,,36806,9,0,48 18,1,30,,36818,9,0,48 18,1,70,,36799,9,0,48 18,1,30,,36800,9,0,48 18,1,70,,36807,9,0,48 18,1,30,,36808,9,0,48 18,1,70,,36804,9,0,48 18,1,30,,36802,9,0,48 18,1,70,,36815,9,0,48 18,1,30,,36816,9,0,48 18,1,70,,36814,9,0,48 18,1,30,,36810,9,0,48 18,1,70,,36805,9,0,48 18,1
33600,'12',731,,36833,11,0,57 18,1,70,,36821,11,0,57 18,1,30,,36830,11,0,57 18,1,70,,36820,11,0,57 18,1,30,,36838,11,0,57 18,1,70,,36837,11,0,57 18,1,30,,36831,11,0,57 18,1,70,,36839,11,0,57 18,1,30,,36828,11,0,57 18,1,70,,36840,11,0,57 18,1,30,,36835,11,0,57 18,1,70,,36834,11,0,57 18,1,30,,36827,11,0,57 18,1,70,,36829,11,0,57 18,1,30,,36819,11,0,57 18,1,70,,36826,11,0,57 18,1,30,,36836,11,0,57 18,1,70,,36832,11,0,57 18,1,30,,36823,11,0,57 18,1,70,,36822,11,0,57 18,1,30,,36824,11,0,57 18,1,70,,36825,11,0,57 18,1
33600,'13',731,,36852,11,0,57 18,1,70,,36842,11,0,57 18,1,30,,36850,11,0,57 18,1,70,,27338,11,0,57 18,1,30,,36856,11,0,57 18,1,70,,36855,11,0,57 18,1,30,,36851,11,0,57 18,1,70,,27522,11,0,57 18,1,30,,36848,11,0,57 18,1,70,,36857,11,0,57 18,1,30,,28239,11,0,57 18,1,70,,36853,11,0,57 18,1,30,,36847,11,0,57 18,1,70,,36849,11,0,57 18,1,30,,36841,11,0,57 18,1,70,,28695,11,0,57 18,1,30,,36854,11,0,57 18,1,70,,29469,11,0,57 18,1,30,,36844,11,0,57 18,1,70,,36843,11,0,57 18,1,30,,36845,11,0,57 18,1,70,,36846,11,0,57 18,1
33600,'3',731,,36869,11,0,57 18,1,70,,36859,11,0,57 18,1,30,,36867,11,0,57 18,1,70,,27376,11,0,57 18,1,30,,36873,11,0,57 18,1,70,,36872,11,0,57 18,1,30,,36868,11,0,57 18,1,70,,27544,11,0,57 18,1,30,,36865,11,0,57 18,1,70,,36874,11,0,57 18,1,30,,28261,11,0,57 18,1,70,,36870,11,0,57 18,1,30,,36864,11,0,57 18,1,70,,36866,11,0,57 18,1,30,,36858,11,0,57 18,1,70,,28739,11,0,57 18,1,30,,36871,11,0,57 18,1,70,,29590,11,0,57 18,1,30,,36861,11,0,57 18,1,70,,36860,11,0,57 18,1,30,,36862,11,0,57 18,1,70,,36863,11,0,57 18,1
33600,'6',731,,36889,11,0,57 18,1,70,,36877,11,0,57 18,1,30,,36886,11,0,57 18,1,70,,36876,11,0,57 18,1,30,,36894,11,0,57 18,1,70,,36893,11,0,57 18,1,30,,36887,11,0,57 18,1,70,,36895,11,0,57 18,1,30,,36884,11,0,57 18,1,70,,36896,11,0,57 18,1,30,,36891,11,0,57 18,1,70,,36890,11,0,57 18,1,30,,36883,11,0,57 18,1,70,,36885,11,0,57 18,1,30,,36875,11,0,57 18,1,70,,36882,11,0,57 18,1,30,,36892,11,0,57 18,1,70,,36888,11,0,57 18,1,30,,36879,11,0,57 18,1,70,,36878,11,0,57 18,1,30,,36880,11,0,57 18,1,70,,36881,11,0,57 18,1
41600,'1',725,,30769,21,0,19,1,30,,30087,21,0,19,1,70,,40430,21,0,19,1,30,,40429,21,0,19,1,70,,40436,21,0,19,1,30,,40417,21,0,19,1,71,,40437,21,0,19,1,30,,40421,21,0,19,1,70,,40422,21,0,19,1,30,,40420,21,0,19,1,70,,40415,21,0,19,1,30,,40412,21,0,19,1,70,,40423,21,0,19,1,30,,40431,21,0,19,1,70,,40425,21,0,19,1,30,,40426,21,0,19,1,70,,40438,21,0,19,1,30,,40418,21,0,19,1,70,,40432,21,0,19,1,30,,40413,21,0,19,1,70,,40439,21,0,19,1,30,,40414,21,0,19,1,70,,30074,21,0,19,1,30,,40428,21,0,19,1,69,,40424,21,0,19,1,30,,40419,21,0,19,1,70,,40411,21,0,19,1,30,,40433,21,0,19,1,70,,40427,21,0,19,1,30,,40416,21,0,19,1,70,,40434,21,0,19,1,30,,40435,21,0,19,1,70,,30522,21,0,19,1
41600,'11',725,,40447,21,0,19,1,30,,40462,21,0,19,1,70,,40463,21,0,19,1,30,,40461,21,0,19,1,70,,40469,21,0,19,1,30,,40446,21,0,19,1,71,,40470,21,0,19,1,30,,40451,21,0,19,1,70,,40452,21,0,19,1,30,,40450,21,0,19,1,70,,40444,21,0,19,1,30,,40441,21,0,19,1,70,,40454,21,0,19,1,30,,40464,21,0,19,1,70,,40456,21,0,19,1,30,,40457,21,0,19,1,70,,40471,21,0,19,1,30,,40448,21,0,19,1,70,,40465,21,0,19,1,30,,40442,21,0,19,1,70,,40472,21,0,19,1,30,,40443,21,0,19,1,70,,40453,21,0,19,1,30,,40459,21,0,19,1,69,,40455,21,0,19,1,30,,40449,21,0,19,1,70,,40440,21,0,19,1,30,,40466,21,0,19,1,70,,40458,21,0,19,1,30,,40445,21,0,19,1,70,,40467,21,0,19,1,30,,40468,21,0,19,1,70,,40460,21,0,19,1
41600,'12',1856,,40476,21,0,19,1,69,,40477,21,0,19,1,30,,40473,21,0,19,1,70,,40480,21,0,19,1,30,,40475,21,0,19,1,70,,40478,21,0,19,1,30,,40474,21,0,19,1,70,,40481,21,0,19,1,30,,40482,21,0,19,1,70,,40479,21,0,19,1
41600,'13',1856,,40486,21,0,19,1,69,,40487,21,0,19,1,30,,40483,21,0,19,1,70,,40490,21,0,19,1,30,,40485,21,0,19,1,70,,40488,21,0,19,1,30,,40484,21,0,19,1,70,,40491,21,0,19,1,30,,40492,21,0,19,1,70,,40489,21,0,19,1
41600,'14',1056,,40502,21,0,19,1,70,,40493,21,0,19,1,30,,40503,21,0,19,1,70,,40495,21,0,19,1,30,,40497,21,0,19,1,70,,40496,21,0,19,1,30,,32376,21,0,19,1,70,,40505,21,0,19,1,30,,40494,21,0,19,1,70,,40506,21,0,19,1,30,,40501,21,0,19,1,70,,40504,21,0,19,1,30,,40500,21,0,19,1,70,,40499,21,0,19,1,30,,40498,21,0,19,1
41600,'16',725,,30810,21,0,19,1,30,,30167,21,0,19,1,70,,40526,21,0,19,1,30,,40525,21,0,19,1,70,,40532,21,0,19,1,30,,40513,21,0,19,1,71,,40533,21,0,19,1,30,,40517,21,0,19,1,70,,40518,21,0,19,1,30,,40516,21,0,19,1,70,,40511,21,0,19,1,30,,40508,21,0,19,1,70,,40519,21,0,19,1,30,,40527,21,0,19,1,70,,40521,21,0,19,1,30,,40522,21,0,19,1,70,,40534,21,0,19,1,30,,40514,21,0,19,1,70,,40528,21,0,19,1,30,,40509,21,0,19,1,70,,40535,21,0,19,1,30,,40510,21,0,19,1,70,,30155,21,0,19,1,30,,40524,21,0,19,1,69,,40520,21,0,19,1,30,,40515,21,0,19,1,70,,40507,21,0,19,1,30,,40529,21,0,19,1,70,,40523,21,0,19,1,30,,40512,21,0,19,1,70,,40530,21,0,19,1,30,,40531,21,0,19,1,70,,25772,21,0,19,1
41600,'3',1856,,40539,21,0,19,1,69,,40540,21,0,19,1,30,,40536,21,0,19,1,70,,40543,21,0,19,1,30,,40538,21,0,19,1,70,,40541,21,0,19,1,30,,40537,21,0,19,1,70,,40544,21,0,19,1,30,,40545,21,0,19,1,70,,40542,21,0,19,1
41600,'6',1856,,40549,21,0,19,1,69,,40550,21,0,19,1,30,,40546,21,0,19,1,70,,40553,21,0,19,1,30,,40548,21,0,19,1,70,,40551,21,0,19,1,30,,40547,21,0,19,1,70,,40554,21,0,19,1,30,,40555,21,0,19,1,70,,40552,21,0,19,1
41600,'8',855,,40557,21,0,19,1,70,,40571,21,0,19,1,30,,40567,21,0,19,1,71,,40572,21,0,19,1,30,,40575,21,0,19,1,70,,40558,21,0,19,1,30,,40562,21,0,19,1,70,,40577,21,0,19,1,30,,40573,21,0,19,1,70,,40559,21,0,19,1,30,,40560,21,0,19,1,70,,40576,21,0,19,1,30,,40561,21,0,19,1,70,,40570,21,0,19,1,30,,32151,21,0,19,1,70,,40566,21,0,19,1,30,,40563,21,0,19,1,70,,40564,21,0,19,1,30,,40574,21,0,19,1,70,,40556,21,0,19,1,30,,40568,21,0,19,1,69,,40569,21,0,19,1,30,,40565,21,0,19,1
42100,'11',658,,41549,27,0,53,1,92,,41539,27,0,53,1,100,,41553,27,0,53,1,100,,41552,27,0,53,1,100,,41543,27,0,53,1,100,,41554,27,0,53,1,100,,41542,27,0,53,1,100,,41548,27,0,53,1,100,,41551,27,0,53,1,100,,41540,27,0,53,1,100,,41541,27,0,53,1,100,,41550,27,0,53,1,100,,41538,27,0,53,1,100,,41546,27,0,53,1,100,,41544,27,0,53,1,100,,41545,27,0,53,1,100,,41547,27,0,53,1
42100,'12',1850,,41558,27,0,53,1,100,,41555,27,0,53,1,100,,41559,27,0,53,1,100,,41557,27,0,53,1,100,,41556,27,0,53,1
42100,'6',1850,,41563,27,0,53,1,100,,41560,27,0,53,1,100,,41564,27,0,53,1,100,,41562,27,0,53,1,100,,41561,27,0,53,1
42301,'1',741,,41610,23,0,20 30 31,1,100,,41611,23,0,20 30 31,1,100,,41614,23,0,20 30 31,1,102,,41607,23,0,20 30 31,1,100,,41608,23,0,20 30 31,1,100,,41617,23,0,20 30 31,1,100,,41613,23,0,20 30 31,1,102,,41606,23,0,20 30 31,1,100,,41609,23,0,20 30 31,1,100,,41616,23,0,20 30 31,1,100,,32487,23,0,20 30 31,1,100,,41618,23,0,20 30 31,1,97,,41612,23,0,20 30 31,1,100,,41615,23,0,20 30 31,1,100,,41619,23,0,20 30 31,1,100,,41620,23,0,20 30 31,1
42401,'1',719,,41648,9,0,54,1,100,,41646,9,0,54,1,100,,41652,9,0,54,1,101,,41647,9,0,54,1,100,,41650,9,0,54,1,100,,41653,9,0,54,1,100,,31041,9,0,54,1,101,,41655,9,0,54,1,100,,41651,9,0,54,1,100,,41656,9,0,54,1,100,,41645,9,0,54,1,100,,41644,9,0,54,1,97,,41643,9,0,54,1,100,,41654,9,0,54,1,100,,41642,9,0,54,1,100,,41649,9,0,54,1
42401,'12',1918,,41658,9,0,54,1,100,,41657,9,0,54,1,100,,41661,9,0,54,1,100,,41659,9,0,54,1,100,,41660,9,0,54,1
43101,'1',749,,41684,11,0,55,1,100,,22390,11,0,55,1,100,,41690,11,0,55,1,101,,41687,11,0,55,1,100,,41683,11,0,55,1,100,,41682,11,0,55,1,100,,41689,11,0,55,1,101,,41695,11,0,55,1,100,,41692,11,0,55,1,100,,41691,11,0,55,1,100,,41686,11,0,55,1,100,,41685,11,0,55,1,99,,29662,11,0,55,1,100,,41693,11,0,55,1,100,,41688,11,0,55,1,100,,41694,11,0,55,1
43101,'12',1851,,41699,11,0,55,1,99,,41698,11,0,55,1,100,,41700,11,0,55,1,100,,41697,11,0,55,1,100,,41696,11,0,55,1,100,,41701,11,0,55,1
43200,'1',815,,41713,14,0,52,1,100,,41712,14,0,52,1,100,,41708,14,0,52,1,100,,41704,14,0,52,1,100,,29892,14,0,52,1,100,,27193,14,0,52,1,100,,41709,14,0,52,1,100,,41705,14,0,52,1,100,,41714,14,0,52,1,100,,41702,14,0,52,1,100,,41706,14,0,52,1,100,,41711,14,0,52,1,100,,41710,14,0,52,1,100,,41707,14,0,52,1,100,,41703,14,0,52,1,100,,31681,14,0,52,1
43501,'1',808,,41811,9,0,48 18,1,30,,41794,9,0,48 18,1,70,,41798,9,0,48 18,1,30,,31787,9,0,48 18,1,70,,41806,9,0,48 18,1,30,,41803,9,0,48 18,1,70,,41799,9,0,48 18,1,30,,41807,9,0,48 18,1,70,,41793,9,0,48 18,1,30,,41801,9,0,48 18,1,70,,41796,9,0,48 18,1,30,,41804,9,0,48 18,1,71,,41795,9,0,48 18,1,30,,41802,9,0,48 18,1,70,,41810,9,0,48 18,1,30,,41809,9,0,48 18,1,70,,41805,9,0,48 18,1,30,,41800,9,0,48 18,1,70,,31673,9,0,48 18,1,30,,41797,9,0,48 18,1,70,,41808,9,0,48 18,1
43501,'11',823,,41821,9,0,48 18,1,30,,41832,9,0,48 18,1,70,,41829,9,0,48 18,1,30,,41816,9,0,48 18,1,70,,41820,9,0,48 18,1,30,,41826,9,0,48 18,1,70,,41812,9,0,48 18,1,30,,41836,9,0,48 18,1,70,,41838,9,0,48 18,1,30,,41830,9,0,48 18,1,70,,41824,9,0,48 18,1,30,,41823,9,0,48 18,1,71,,41815,9,0,48 18,1,30,,41817,9,0,48 18,1,70,,41828,9,0,48 18,1,30,,41835,9,0,48 18,1,70,,41837,9,0,48 18,1,30,,41833,9,0,48 18,1,70,,41813,9,0,48 18,1,30,,41834,9,0,48 18,1,70,,41831,9,0,48 18,1,30,,41814,9,0,48 18,1,69,,41822,9,0,48 18,1,30,,41825,9,0,48 18,1,70,,41818,9,0,48 18,1,30,,41819,9,0,48 18,1,70,,41827,9,0,48 18,1
43501,'12',1839,,41841,9,0,48 18,1,69,,41842,9,0,48 18,1,30,,41843,9,0,48 18,1,70,,41840,9,0,48 18,1,30,,41845,9,0,48 18,1,70,,41839,9,0,48 18,1,30,,41846,9,0,48 18,1,70,,41844,9,0,48 18,1
43501,'6',1839,,41847,9,0,48 18,1,69,,41850,9,0,48 18,1,30,,41856,9,0,48 18,1,70,,41854,9,0,48 18,1,30,,41849,9,0,48 18,1,70,,41852,9,0,48 18,1,30,,41855,9,0,48 18,1,70,,41853,9,0,48 18,1,30,,41851,9,0,48 18,1,70,,41848,9,0,48 18,1
