31700,'1',629,,3323,29,0,63,1,30,,3321,29,0,63,1,71,,3325,29,0,63,1,70,,3332,29,0,63,1,30,,3333,29,0,63,1,70,,3322,29,0,63,1,30,,3328,29,0,63,1,70,,3316,29,0,63,1,29,,3318,29,0,63,1,30,,3329,29,0,63,1,70,,3335,29,0,63,1,30,,3338,29,0,63,1,70,,3317,29,0,63,1,30,,3324,29,0,63,1,70,,3331,29,0,63,1,30,,3315,29,0,63,1,71,,3336,29,0,63,1,70,,3326,29,0,63,1,30,,3334,29,0,63,1,70,,3337,29,0,63,1,30,,3330,29,0,63,1,70,,3320,29,0,63,1,30,,3327,29,0,63,1,70,,3319,29,0,63,1
31700,'10',629,,3347,29,0,63,1,30,,3345,29,0,63,1,71,,3349,29,0,63,1,70,,3356,29,0,63,1,30,,3357,29,0,63,1,70,,3346,29,0,63,1,30,,3352,29,0,63,1,70,,3340,29,0,63,1,29,,3342,29,0,63,1,30,,3353,29,0,63,1,70,,3359,29,0,63,1,30,,3362,29,0,63,1,70,,3341,29,0,63,1,30,,3348,29,0,63,1,70,,3355,29,0,63,1,30,,3339,29,0,63,1,71,,3360,29,0,63,1,70,,3350,29,0,63,1,30,,3358,29,0,63,1,70,,3361,29,0,63,1,30,,3354,29,0,63,1,70,,3344,29,0,63,1,30,,3351,29,0,63,1,70,,3343,29,0,63,1
31700,'11',629,,3371,29,0,63,1,30,,3369,29,0,63,1,71,,3373,29,0,63,1,70,,3380,29,0,63,1,30,,3381,29,0,63,1,70,,3370,29,0,63,1,30,,3376,29,0,63,1,70,,3364,29,0,63,1,29,,3366,29,0,63,1,30,,3377,29,0,63,1,70,,3383,29,0,63,1,30,,3386,29,0,63,1,70,,3365,29,0,63,1,30,,3372,29,0,63,1,70,,3379,29,0,63,1,30,,3363,29,0,63,1,71,,3384,29,0,63,1,70,,3374,29,0,63,1,30,,3382,29,0,63,1,70,,3385,29,0,63,1,30,,3378,29,0,63,1,70,,3368,29,0,63,1,30,,3375,29,0,63,1,70,,3367,29,0,63,1
31700,'3',629,,3395,29,0,63,1,30,,3393,29,0,63,1,71,,3397,29,0,63,1,70,,3404,29,0,63,1,30,,3405,29,0,63,1,70,,3394,29,0,63,1,30,,3400,29,0,63,1,70,,3388,29,0,63,1,29,,3390,29,0,63,1,30,,3401,29,0,63,1,70,,3407,29,0,63,1,30,,3410,29,0,63,1,70,,3389,29,0,63,1,30,,3396,29,0,63,1,70,,3403,29,0,63,1,30,,3387,29,0,63,1,71,,3408,29,0,63,1,70,,3398,29,0,63,1,30,,3406,29,0,63,1,70,,3409,29,0,63,1,30,,3402,29,0,63,1,70,,3392,29,0,63,1,30,,3399,29,0,63,1,70,,3391,29,0,63,1
41700,'1',1828,,7642,29,0,67,1,100,,7643,29,0,67,1,100,,7639,29,0,67,1,100,,7640,29,0,67,1,100,,7641,29,0,67,1,100,,7638,29,0,67,1
41700,'10',1828,,7648,29,0,67,1,100,,7649,29,0,67,1,100,,7645,29,0,67,1,100,,7646,29,0,67,1,100,,7647,29,0,67,1,100,,7644,29,0,67,1
41700,'11',1828,,7654,29,0,67,1,100,,7655,29,0,67,1,100,,7651,29,0,67,1,100,,7652,29,0,67,1,100,,7653,29,0,67,1,100,,7650,29,0,67,1
41700,'12',1128,,7656,29,0,67,1,100,,7660,29,0,67,1,100,,7658,29,0,67,1,100,,7662,29,0,67,1,100,,7661,29,0,67,1,100,,7657,29,0,67,1,100,,7659,29,0,67,1
41700,'14',627,,7672,29,0,67,1,30,,7688,29,0,67,1,71,,7665,29,0,67,1,30,,7690,29,0,67,1,70,,7682,29,0,67,1,30,,7680,29,0,67,1,70,,7681,29,0,67,1,30,,7669,29,0,67,1,70,,7684,29,0,67,1,30,,7671,29,0,67,1,70,,7675,29,0,67,1,30,,7676,29,0,67,1,70,,7691,29,0,67,1,30,,7686,29,0,67,1,70,,7664,29,0,67,1,30,,7687,29,0,67,1,70,,7692,29,0,67,1,30,,7663,29,0,67,1,70,,7673,29,0,67,1,30,,7677,29,0,67,1,70,,7666,29,0,67,1,30,,7689,29,0,67,1,70,,7667,29,0,67,1,30,,7683,29,0,67,1,70,,7674,29,0,67,1,100,,7685,29,0,67,1,100,,7668,29,0,67,1,100,,7679,29,0,67,1,100,,7678,29,0,67,1,100,,7670,29,0,67,1
41700,'3',1828,,7697,29,0,67,1,100,,7698,29,0,67,1,100,,7694,29,0,67,1,100,,7695,29,0,67,1,100,,7696,29,0,67,1,100,,7693,29,0,67,1
41700,'7',928,,7707,29,0,67,1,100,,7704,29,0,67,1,30,,7700,29,0,67,1,70,,7699,29,0,67,1,30,,7712,29,0,67,1,70,,7708,29,0,67,1,30,,7703,29,0,67,1,70,,7706,29,0,67,1,30,,7717,29,0,67,1,70,,7714,29,0,67,1,30,,7702,29,0,67,1,70,,7705,29,0,67,1,30,,7710,29,0,67,1,70,,7709,29,0,67,1,30,,7716,29,0,67,1,70,,7701,29,0,67,1,30,,7711,29,0,67,1,70,,7715,29,0,67,1,100,,7713,29,0,67,1
