31500,'1',648,,2655,39,,,1,70,,2658,39,,,1,30,,2667,39,,,1,70,,2663,39,,,1,30,,2651,39,,,1,70,,2654,39,,,1,30,,2662,39,,,1,70,,2661,39,,,1,30,,2666,39,,,1,70,,2671,39,,,1,30,,2657,39,,,1,70,,2670,39,,,1,30,,2652,39,,,1,70,,2668,39,,,1,30,,2649,39,,,1,72,,2665,39,,,1,30,,2664,39,,,1,70,,2672,39,,,1,30,,2659,39,,,1,70,,2669,39,,,1,30,,2656,39,,,1,70,,2653,39,,,1,30,,2650,39,,,1,70,,2660,39,,,1
31500,'10',648,,2679,39,,,1,70,,2682,39,,,1,30,,2691,39,,,1,70,,2687,39,,,1,30,,2675,39,,,1,70,,2678,39,,,1,30,,2686,39,,,1,70,,2685,39,,,1,30,,2690,39,,,1,70,,2695,39,,,1,30,,2681,39,,,1,70,,2694,39,,,1,30,,2676,39,,,1,70,,2692,39,,,1,30,,2673,39,,,1,72,,2689,39,,,1,30,,2688,39,,,1,70,,2696,39,,,1,30,,2683,39,,,1,70,,2693,39,,,1,30,,2680,39,,,1,70,,2677,39,,,1,30,,2674,39,,,1,70,,2684,39,,,1
31500,'11',648,,2704,39,,,1,70,,2707,39,,,1,30,,2716,39,,,1,70,,2712,39,,,1,30,,2700,39,,,1,70,,2703,39,,,1,30,,2711,39,,,1,70,,2710,39,,,1,30,,2715,39,,,1,70,,2720,39,,,1,30,,2706,39,,,1,70,,2719,39,,,1,30,,2701,39,,,1,70,,2717,39,,,1,30,,2698,39,,,1,72,,2714,39,,,1,30,,2713,39,,,1,70,,2697,39,,,1,30,,2708,39,,,1,70,,2718,39,,,1,30,,2705,39,,,1,70,,2702,39,,,1,30,,2699,39,,,1,70,,2709,39,,,1
31500,'3',648,,2728,39,,,1,70,,2731,39,,,1,30,,2740,39,,,1,70,,2736,39,,,1,30,,2724,39,,,1,70,,2727,39,,,1,30,,2735,39,,,1,70,,2734,39,,,1,30,,2739,39,,,1,70,,2744,39,,,1,30,,2730,39,,,1,70,,2743,39,,,1,30,,2725,39,,,1,70,,2741,39,,,1,30,,2722,39,,,1,72,,2738,39,,,1,30,,2737,39,,,1,70,,2721,39,,,1,30,,2732,39,,,1,70,,2742,39,,,1,30,,2729,39,,,1,70,,2726,39,,,1,30,,2723,39,,,1,70,,2733,39,,,1
33601,'1',715,,5050,12,0,57 18,1,30,,5048,12,0,57 18,1,70,,5039,12,0,57 18,1,30,,5059,12,0,57 18,1,70,,5055,12,0,57 18,1,30,,5052,12,0,57 18,1,70,,5044,12,0,57 18,1,30,,5041,12,0,57 18,1,70,,5057,12,0,57 18,1,30,,5058,12,0,57 18,1,70,,5045,12,0,57 18,1,30,,5051,12,0,57 18,1,70,,5054,12,0,57 18,1,30,,5040,12,0,57 18,1,70,,5042,12,0,57 18,1,30,,5061,12,0,57 18,1,70,,5043,12,0,57 18,1,30,,5056,12,0,57 18,1,70,,5060,12,0,57 18,1,30,,5046,12,0,57 18,1,70,,5049,12,0,57 18,1,30,,5053,12,0,57 18,1,70,,5047,12,0,57 18,1
33601,'10',715,,5073,12,0,57 18,1,30,,5071,12,0,57 18,1,70,,5062,12,0,57 18,1,30,,5082,12,0,57 18,1,70,,5078,12,0,57 18,1,30,,5075,12,0,57 18,1,70,,5067,12,0,57 18,1,30,,5064,12,0,57 18,1,70,,5080,12,0,57 18,1,30,,5081,12,0,57 18,1,70,,5068,12,0,57 18,1,30,,5074,12,0,57 18,1,70,,5077,12,0,57 18,1,30,,5063,12,0,57 18,1,70,,5065,12,0,57 18,1,30,,5084,12,0,57 18,1,70,,5066,12,0,57 18,1,30,,5079,12,0,57 18,1,70,,5083,12,0,57 18,1,30,,5069,12,0,57 18,1,70,,5072,12,0,57 18,1,30,,5076,12,0,57 18,1,70,,5070,12,0,57 18,1
33601,'11',700,,5088,12,0,57 18,1,15,,5110,12,0,57 18,1,15,,5086,12,0,57 18,1,15,,5106,12,0,57 18,1,55,,5123,12,0,57 18,1,15,,5085,12,0,57 18,1,15,,5096,12,0,57 18,1,15,,5125,12,0,57 18,1,55,,5126,12,0,57 18,1,15,,5118,12,0,57 18,1,15,,5089,12,0,57 18,1,15,,5113,12,0,57 18,1,55,,5099,12,0,57 18,1,15,,5094,12,0,57 18,1,15,,5121,12,0,57 18,1,15,,5091,12,0,57 18,1,55,,5105,12,0,57 18,1,15,,5122,12,0,57 18,1,15,,5100,12,0,57 18,1,15,,5124,12,0,57 18,1,55,,5116,12,0,57 18,1,15,,5095,12,0,57 18,1,15,,5119,12,0,57 18,1,15,,5112,12,0,57 18,1,55,,5098,12,0,57 18,1,15,,5117,12,0,57 18,1,15,,5114,12,0,57 18,1,15,,5090,12,0,57 18,1,55,,5107,12,0,57 18,1,15,,5092,12,0,57 18,1,15,,5130,12,0,57 18,1,15,,5129,12,0,57 18,1,55,,5102,12,0,57 18,1,15,,5093,12,0,57 18,1,15,,5103,12,0,57 18,1,15,,5120,12,0,57 18,1,55,,5097,12,0,57 18,1,15,,5128,12,0,57 18,1,15,,5087,12,0,57 18,1,15,,5101,12,0,57 18,1,55,,5111,12,0,57 18,1,15,,5108,12,0,57 18,1,15,,5127,12,0,57 18,1,15,,5115,12,0,57 18,1,55,,5109,12,0,57 18,1,15,,5104,12,0,57 18,1
33601,'3',700,,5173,12,0,57 18,1,15,,5149,12,0,57 18,1,15,,5143,12,0,57 18,1,15,,5146,12,0,57 18,1,55,,5170,12,0,57 18,1,15,,5131,12,0,57 18,1,15,,5147,12,0,57 18,1,15,,5165,12,0,57 18,1,55,,5176,12,0,57 18,1,15,,5156,12,0,57 18,1,15,,5162,12,0,57 18,1,15,,5152,12,0,57 18,1,55,,5140,12,0,57 18,1,15,,5137,12,0,57 18,1,15,,5160,12,0,57 18,1,15,,5134,12,0,57 18,1,55,,5159,12,0,57 18,1,15,,5161,12,0,57 18,1,15,,5150,12,0,57 18,1,15,,5163,12,0,57 18,1,55,,5167,12,0,57 18,1,15,,5138,12,0,57 18,1,15,,5168,12,0,57 18,1,15,,5151,12,0,57 18,1,55,,5154,12,0,57 18,1,15,,5155,12,0,57 18,1,15,,5172,12,0,57 18,1,15,,5133,12,0,57 18,1,55,,5158,12,0,57 18,1,15,,5135,12,0,57 18,1,15,,5141,12,0,57 18,1,15,,5174,12,0,57 18,1,55,,5166,12,0,57 18,1,15,,5136,12,0,57 18,1,15,,5132,12,0,57 18,1,15,,5157,12,0,57 18,1,55,,5164,12,0,57 18,1,15,,5169,12,0,57 18,1,15,,5139,12,0,57 18,1,15,,5142,12,0,57 18,1,55,,5144,12,0,57 18,1,15,,5148,12,0,57 18,1,15,,5171,12,0,57 18,1,15,,5153,12,0,57 18,1,55,,5175,12,0,57 18,1,15,,5145,12,0,57 18,1
41500,'1',1837,,7232,48,0,20 14 21 18,1,99,,7236,48,0,20 14 21 18,1,100,,7231,48,0,20 14 21 18,1,100,,7235,48,0,20 14 21 18,1,100,,7234,48,0,20 14 21 18,1,100,,7233,48,0,20 14 21 18,1
41500,'10',1837,,7238,48,0,20 14 21 18,1,99,,7242,48,0,20 14 21 18,1,100,,7237,48,0,20 14 21 18,1,100,,7241,48,0,20 14 21 18,1,100,,7240,48,0,20 14 21 18,1,100,,7239,48,0,20 14 21 18,1
41500,'11',1837,,7244,48,0,20 14 21 18,1,99,,7248,48,0,20 14 21 18,1,100,,7243,48,0,20 14 21 18,1,100,,7247,48,0,20 14 21 18,1,100,,7246,48,0,20 14 21 18,1,100,,7245,48,0,20 14 21 18,1
41500,'12',1137,,7252,48,0,20 14 21 18,1,100,,7254,48,0,20 14 21 18,1,100,,7255,48,0,20 14 21 18,1,100,,7249,48,0,20 14 21 18,1,100,,7250,48,0,20 14 21 18,1,100,,7251,48,0,20 14 21 18,1,100,,7253,48,0,20 14 21 18,1
41500,'14',706,,7271,48,0,20 14 21 18,1,30,,7272,48,0,20 14 21 18,1,70,,7274,48,0,20 14 21 18,1,30,,7258,48,0,20 14 21 18,1,70,,7266,48,0,20 14 21 18,1,30,,7269,48,0,20 14 21 18,1,70,,7280,48,0,20 14 21 18,1,31,,7283,48,0,20 14 21 18,1,70,,7273,48,0,20 14 21 18,1,30,,7257,48,0,20 14 21 18,1,70,,7265,48,0,20 14 21 18,1,30,,7260,48,0,20 14 21 18,1,70,,7275,48,0,20 14 21 18,1,30,,7279,48,0,20 14 21 18,1,70,,7270,48,0,20 14 21 18,1,30,,7277,48,0,20 14 21 18,1,70,,7267,48,0,20 14 21 18,1,30,,7262,48,0,20 14 21 18,1,70,,7256,48,0,20 14 21 18,1,30,,7284,48,0,20 14 21 18,1,70,,7261,48,0,20 14 21 18,1,30,,7263,48,0,20 14 21 18,1,70,,7276,48,0,20 14 21 18,1,30,,7268,48,0,20 14 21 18,1,99,,7259,48,0,20 14 21 18,1,100,,7282,48,0,20 14 21 18,1,100,,7278,48,0,20 14 21 18,1,100,,7281,48,0,20 14 21 18,1,100,,7264,48,0,20 14 21 18,1
41500,'3',1837,,7286,48,0,20 14 21 18,1,99,,7290,48,0,20 14 21 18,1,100,,7285,48,0,20 14 21 18,1,100,,7289,48,0,20 14 21 18,1,100,,7288,48,0,20 14 21 18,1,100,,7287,48,0,20 14 21 18,1
41500,'7',936,,7308,48,0,20 14 21 18,1,101,,7307,48,0,20 14 21 18,1,70,,7294,48,0,20 14 21 18,1,30,,7303,48,0,20 14 21 18,1,70,,7306,48,0,20 14 21 18,1,30,,7305,48,0,20 14 21 18,1,70,,7297,48,0,20 14 21 18,1,30,,7302,48,0,20 14 21 18,1,70,,7301,48,0,20 14 21 18,1,30,,7295,48,0,20 14 21 18,1,70,,7300,48,0,20 14 21 18,1,30,,7298,48,0,20 14 21 18,1,70,,7299,48,0,20 14 21 18,1,30,,7309,48,0,20 14 21 18,1,70,,7296,48,0,20 14 21 18,1,30,,7292,48,0,20 14 21 18,1,70,,7291,48,0,20 14 21 18,1,30,,7293,48,0,20 14 21 18,1,99,,7304,48,0,20 14 21 18,1
43601,'11',1832,,8662,12,0,57 18,1,70,,8656,12,0,57 18,1,29,,8653,12,0,57 18,1,70,,8660,12,0,57 18,1,30,,8654,12,0,57 18,1,70,,8657,12,0,57 18,1,30,,8663,12,0,57 18,1,70,,8658,12,0,57 18,1,30,,8655,12,0,57 18,1,70,,8659,12,0,57 18,1,29,,8661,12,0,57 18,1
43601,'3',1832,,8664,12,0,57 18,1,70,,8668,12,0,57 18,1,29,,8670,12,0,57 18,1,70,,8669,12,0,57 18,1,30,,8665,12,0,57 18,1,70,,8674,12,0,57 18,1,30,,8672,12,0,57 18,1,70,,8671,12,0,57 18,1,30,,8673,12,0,57 18,1,70,,8667,12,0,57 18,1,29,,8666,12,0,57 18,1
