30801,'1',640,,1640,16,0,64 38,1,70,,1650,16,0,64 38,1,30,,1652,16,0,64 38,1,70,,1644,16,0,64 38,1,30,,1655,16,0,64 38,1,70,,1645,16,0,64 38,1,30,,1637,16,0,64 38,1,70,,1657,16,0,64 38,1,30,,1646,16,0,64 38,1,70,,1639,16,0,64 38,1,30,,1638,16,0,64 38,1,70,,1649,16,0,64 38,1,30,,1651,16,0,64 38,1,70,,1641,16,0,64 38,1,30,,1658,16,0,64 38,1,70,,1642,16,0,64 38,1,40,,1659,16,0,64 38,1,70,,1643,16,0,64 38,1,30,,1653,16,0,64 38,1,70,,1648,16,0,64 38,1,30,,1654,16,0,64 38,1,70,,1647,16,0,64 38,1,30,,1656,16,0,64 38,1
30801,'10',640,,1663,16,0,64 38,1,70,,1673,16,0,64 38,1,30,,1675,16,0,64 38,1,70,,1667,16,0,64 38,1,30,,1678,16,0,64 38,1,70,,1668,16,0,64 38,1,30,,1660,16,0,64 38,1,70,,1680,16,0,64 38,1,30,,1669,16,0,64 38,1,70,,1662,16,0,64 38,1,30,,1661,16,0,64 38,1,70,,1672,16,0,64 38,1,30,,1674,16,0,64 38,1,70,,1664,16,0,64 38,1,30,,1681,16,0,64 38,1,70,,1665,16,0,64 38,1,40,,1682,16,0,64 38,1,70,,1666,16,0,64 38,1,30,,1676,16,0,64 38,1,70,,1671,16,0,64 38,1,30,,1677,16,0,64 38,1,70,,1670,16,0,64 38,1,30,,1679,16,0,64 38,1
30801,'11',640,,1686,16,0,64 38,1,70,,1696,16,0,64 38,1,30,,1698,16,0,64 38,1,70,,1690,16,0,64 38,1,30,,1701,16,0,64 38,1,70,,1691,16,0,64 38,1,30,,1683,16,0,64 38,1,70,,1703,16,0,64 38,1,30,,1692,16,0,64 38,1,70,,1685,16,0,64 38,1,30,,1684,16,0,64 38,1,70,,1695,16,0,64 38,1,30,,1697,16,0,64 38,1,70,,1687,16,0,64 38,1,30,,1704,16,0,64 38,1,70,,1688,16,0,64 38,1,40,,1705,16,0,64 38,1,70,,1689,16,0,64 38,1,30,,1699,16,0,64 38,1,70,,1694,16,0,64 38,1,30,,1700,16,0,64 38,1,70,,1693,16,0,64 38,1,30,,1702,16,0,64 38,1
30801,'3',640,,1709,16,0,64 38,1,70,,1719,16,0,64 38,1,30,,1721,16,0,64 38,1,70,,1713,16,0,64 38,1,30,,1724,16,0,64 38,1,70,,1714,16,0,64 38,1,30,,1706,16,0,64 38,1,70,,1726,16,0,64 38,1,30,,1715,16,0,64 38,1,70,,1708,16,0,64 38,1,30,,1707,16,0,64 38,1,70,,1718,16,0,64 38,1,30,,1720,16,0,64 38,1,70,,1710,16,0,64 38,1,30,,1727,16,0,64 38,1,70,,1711,16,0,64 38,1,40,,1728,16,0,64 38,1,70,,1712,16,0,64 38,1,30,,1722,16,0,64 38,1,70,,1717,16,0,64 38,1,30,,1723,16,0,64 38,1,70,,1716,16,0,64 38,1,30,,1725,16,0,64 38,1
40801,'1',1825,,6694,16,0,64 38,1,100,,6692,16,0,64 38,1,100,,6693,16,0,64 38,1,100,,6691,16,0,64 38,1,100,,6695,16,0,64 38,1,100,,6696,16,0,64 38,1
40801,'10',1825,,6700,16,0,64 38,1,100,,6698,16,0,64 38,1,100,,6699,16,0,64 38,1,100,,6697,16,0,64 38,1,100,,6701,16,0,64 38,1,100,,6702,16,0,64 38,1
40801,'11',1825,,6706,16,0,64 38,1,100,,6704,16,0,64 38,1,100,,6705,16,0,64 38,1,100,,6703,16,0,64 38,1,100,,6707,16,0,64 38,1,100,,6708,16,0,64 38,1
40801,'12',1125,,6710,16,0,64 38,1,100,,6709,16,0,64 38,1,100,,6715,16,0,64 38,1,100,,6713,16,0,64 38,1,100,,6712,16,0,64 38,1,100,,6711,16,0,64 38,1,100,,6714,16,0,64 38,1
40801,'14',655,,6727,16,0,64 38,1,70,,6734,16,0,64 38,1,30,,6732,16,0,64 38,1,70,,6724,16,0,64 38,1,30,,6735,16,0,64 38,1,70,,6738,16,0,64 38,1,30,,6733,16,0,64 38,1,70,,6725,16,0,64 38,1,30,,6729,16,0,64 38,1,70,,6721,16,0,64 38,1,30,,6740,16,0,64 38,1,70,,6720,16,0,64 38,1,30,,6742,16,0,64 38,1,70,,6741,16,0,64 38,1,30,,6731,16,0,64 38,1,70,,6723,16,0,64 38,1,30,,6730,16,0,64 38,1,70,,6743,16,0,64 38,1,30,,6739,16,0,64 38,1,70,,6726,16,0,64 38,1,30,,6717,16,0,64 38,1,70,,6716,16,0,64 38,1,30,,6722,16,0,64 38,1,70,,6728,16,0,64 38,1,100,,6737,16,0,64 38,1,100,,6744,16,0,64 38,1,100,,6718,16,0,64 38,1,100,,6719,16,0,64 38,1,100,,6736,16,0,64 38,1
40801,'3',1825,,6748,16,0,64 38,1,100,,6746,16,0,64 38,1,100,,6747,16,0,64 38,1,100,,6745,16,0,64 38,1,100,,6749,16,0,64 38,1,100,,6750,16,0,64 38,1
40801,'7',925,,6763,16,0,64 38,1,100,,6752,16,0,64 38,1,30,,6751,16,0,64 38,1,70,,6762,16,0,64 38,1,30,,6769,16,0,64 38,1,70,,6757,16,0,64 38,1,30,,6755,16,0,64 38,1,70,,6756,16,0,64 38,1,30,,6764,16,0,64 38,1,70,,6758,16,0,64 38,1,30,,6754,16,0,64 38,1,70,,6759,16,0,64 38,1,30,,6761,16,0,64 38,1,70,,6753,16,0,64 38,1,30,,6768,16,0,64 38,1,70,,6766,16,0,64 38,1,30,,6760,16,0,64 38,1,70,,6767,16,0,64 38,1,100,,6765,16,0,64 38,1
