30600,'12',601,,33883,5,0,7,1,30,,33881,5,0,7,1,70,,33882,5,0,7,1,30,,33861,5,0,7,1,70,,33866,5,0,7,1,30,,33879,5,0,7,1,70,,33864,5,0,7,1,30,,33869,5,0,7,1,70,,33863,5,0,7,1,30,,33878,5,0,7,1,70,,33884,5,0,7,1,30,,33876,5,0,7,1,70,,33865,5,0,7,1,30,,33872,5,0,7,1,70,,33875,5,0,7,1,30,,33862,5,0,7,1,71,,33874,5,0,7,1,30,,33871,5,0,7,1,70,,33880,5,0,7,1,30,,33870,5,0,7,1,70,,33868,5,0,7,1,30,,33867,5,0,7,1,70,,33873,5,0,7,1,30,,33877,5,0,7,1
30600,'13',601,,33904,5,0,7,1,30,,33902,5,0,7,1,70,,33903,5,0,7,1,30,,33885,5,0,7,1,70,,33889,5,0,7,1,30,,33900,5,0,7,1,70,,29025,5,0,7,1,30,,33892,5,0,7,1,70,,33887,5,0,7,1,30,,33899,5,0,7,1,70,,33905,5,0,7,1,30,,33897,5,0,7,1,70,,33888,5,0,7,1,30,,33895,5,0,7,1,70,,33896,5,0,7,1,30,,33886,5,0,7,1,71,,32474,5,0,7,1,30,,33894,5,0,7,1,70,,33901,5,0,7,1,30,,33893,5,0,7,1,70,,33891,5,0,7,1,30,,33890,5,0,7,1,70,,28902,5,0,7,1,30,,33898,5,0,7,1
30600,'3',601,,33925,5,0,7,1,30,,33923,5,0,7,1,70,,33924,5,0,7,1,30,,33906,5,0,7,1,70,,33910,5,0,7,1,30,,33921,5,0,7,1,70,,29032,5,0,7,1,30,,33913,5,0,7,1,70,,33908,5,0,7,1,30,,33920,5,0,7,1,70,,33926,5,0,7,1,30,,33918,5,0,7,1,70,,33909,5,0,7,1,30,,33916,5,0,7,1,70,,33917,5,0,7,1,30,,33907,5,0,7,1,71,,32479,5,0,7,1,30,,33915,5,0,7,1,70,,33922,5,0,7,1,30,,33914,5,0,7,1,70,,33912,5,0,7,1,30,,33911,5,0,7,1,70,,28926,5,0,7,1,30,,33919,5,0,7,1
30600,'6',601,,33949,5,0,7,1,30,,33947,5,0,7,1,70,,33948,5,0,7,1,30,,33927,5,0,7,1,70,,33932,5,0,7,1,30,,33945,5,0,7,1,70,,33930,5,0,7,1,30,,33935,5,0,7,1,70,,33929,5,0,7,1,30,,33944,5,0,7,1,70,,33950,5,0,7,1,30,,33942,5,0,7,1,70,,33931,5,0,7,1,30,,33938,5,0,7,1,70,,33941,5,0,7,1,30,,33928,5,0,7,1,71,,33940,5,0,7,1,30,,33937,5,0,7,1,70,,33946,5,0,7,1,30,,33936,5,0,7,1,70,,33934,5,0,7,1,30,,33933,5,0,7,1,70,,33939,5,0,7,1,30,,33943,5,0,7,1
40600,'1',616,,38838,5,0,9 10,1,30,,38821,5,0,9 10,1,70,,38820,5,0,9 10,1,30,,38834,5,0,9 10,1,70,,31587,5,0,9 10,1,30,,38836,5,0,9 10,1,70,,38828,5,0,9 10,1,30,,38830,5,0,9 10,1,70,,38824,5,0,9 10,1,30,,38829,5,0,9 10,1,70,,38817,5,0,9 10,1,30,,38827,5,0,9 10,1,70,,38816,5,0,9 10,1,30,,29422,5,0,9 10,1,70,,38837,5,0,9 10,1,30,,38826,5,0,9 10,1,70,,31583,5,0,9 10,1,30,,38823,5,0,9 10,1,70,,38814,5,0,9 10,1,30,,23436,5,0,9 10,1,70,,38831,5,0,9 10,1,30,,38822,5,0,9 10,1,70,,38815,5,0,9 10,1,30,,38825,5,0,9 10,1,70,,38835,5,0,9 10,1,100,,30676,5,0,9 10,1,100,,38833,5,0,9 10,1,100,,38819,5,0,9 10,1,100,,38832,5,0,9 10,1,100,,38818,5,0,9 10,1
40600,'11',616,,38868,5,0,9 10,1,30,,38849,5,0,9 10,1,70,,38848,5,0,9 10,1,30,,38864,5,0,9 10,1,70,,38846,5,0,9 10,1,30,,38866,5,0,9 10,1,70,,38856,5,0,9 10,1,30,,38860,5,0,9 10,1,70,,38852,5,0,9 10,1,30,,38857,5,0,9 10,1,70,,38844,5,0,9 10,1,30,,38855,5,0,9 10,1,70,,38843,5,0,9 10,1,30,,38859,5,0,9 10,1,70,,38867,5,0,9 10,1,30,,38854,5,0,9 10,1,70,,38842,5,0,9 10,1,30,,38851,5,0,9 10,1,70,,38840,5,0,9 10,1,30,,38858,5,0,9 10,1,70,,38861,5,0,9 10,1,30,,38850,5,0,9 10,1,70,,38841,5,0,9 10,1,30,,38853,5,0,9 10,1,70,,38865,5,0,9 10,1,100,,38839,5,0,9 10,1,100,,38863,5,0,9 10,1,100,,38847,5,0,9 10,1,100,,38862,5,0,9 10,1,100,,38845,5,0,9 10,1
40600,'12',1816,,38874,5,0,9 10,1,100,,38871,5,0,9 10,1,100,,38873,5,0,9 10,1,100,,38872,5,0,9 10,1,100,,38869,5,0,9 10,1,100,,38870,5,0,9 10,1
40600,'13',1816,,38880,5,0,9 10,1,100,,38877,5,0,9 10,1,100,,38879,5,0,9 10,1,100,,38878,5,0,9 10,1,100,,38875,5,0,9 10,1,100,,38876,5,0,9 10,1
40600,'14',1116,,38887,5,0,9 10,1,100,,38886,5,0,9 10,1,100,,38881,5,0,9 10,1,100,,38884,5,0,9 10,1,100,,38882,5,0,9 10,1,100,,38883,5,0,9 10,1,100,,38885,5,0,9 10,1
40600,'16',616,,38912,5,0,9 10,1,30,,38895,5,0,9 10,1,70,,38894,5,0,9 10,1,30,,38908,5,0,9 10,1,70,,24564,5,0,9 10,1,30,,38910,5,0,9 10,1,70,,38902,5,0,9 10,1,30,,38904,5,0,9 10,1,70,,38898,5,0,9 10,1,30,,38903,5,0,9 10,1,70,,38891,5,0,9 10,1,30,,38901,5,0,9 10,1,70,,38890,5,0,9 10,1,30,,29541,5,0,9 10,1,70,,38911,5,0,9 10,1,30,,38900,5,0,9 10,1,70,,31620,5,0,9 10,1,30,,38897,5,0,9 10,1,70,,38888,5,0,9 10,1,30,,30164,5,0,9 10,1,70,,38905,5,0,9 10,1,30,,38896,5,0,9 10,1,70,,38889,5,0,9 10,1,30,,38899,5,0,9 10,1,70,,38909,5,0,9 10,1,100,,30714,5,0,9 10,1,100,,38907,5,0,9 10,1,100,,38893,5,0,9 10,1,100,,38906,5,0,9 10,1,100,,38892,5,0,9 10,1
40600,'3',1816,,38918,5,0,9 10,1,100,,38915,5,0,9 10,1,100,,38917,5,0,9 10,1,100,,38916,5,0,9 10,1,100,,38913,5,0,9 10,1,100,,38914,5,0,9 10,1
40600,'6',1816,,38924,5,0,9 10,1,100,,38921,5,0,9 10,1,100,,38923,5,0,9 10,1,100,,38922,5,0,9 10,1,100,,38919,5,0,9 10,1,100,,38920,5,0,9 10,1
40600,'8',916,,38931,5,0,9 10,1,100,,38940,5,0,9 10,1,30,,38927,5,0,9 10,1,70,,38926,5,0,9 10,1,30,,38937,5,0,9 10,1,70,,38936,5,0,9 10,1,30,,38925,5,0,9 10,1,70,,30747,5,0,9 10,1,30,,38938,5,0,9 10,1,70,,38941,5,0,9 10,1,30,,38935,5,0,9 10,1,70,,38934,5,0,9 10,1,30,,38930,5,0,9 10,1,70,,32157,5,0,9 10,1,30,,38933,5,0,9 10,1,70,,38939,5,0,9 10,1,30,,38932,5,0,9 10,1,70,,38929,5,0,9 10,1,100,,38928,5,0,9 10,1
