30101,'1',627,,193,21,0,5 15,1,30,,200,21,0,5 15,1,70,,196,21,0,5 15,1,30,,238,21,0,5 15,1,70,,233,21,0,5 15,1,30,,226,21,0,5 15,1,70,,197,21,0,5 15,1,30,,208,21,0,5 15,1,70,,228,21,0,5 15,1,30,,203,21,0,5 15,1,70,,207,21,0,5 15,1,30,,192,21,0,5 15,1,70,,215,21,0,5 15,1,30,,206,21,0,5 15,1,70,,234,21,0,5 15,1,30,,211,21,0,5 15,1,70,,190,21,0,5 15,1,30,,213,21,0,5 15,1,70,,227,21,0,5 15,1,30,,219,21,0,5 15,1,70,,216,21,0,5 15,1,30,,204,21,0,5 15,1,70,,201,21,0,5 15,1,30,,236,21,0,5 15,1
30101,'10',627,,243,21,0,5 15,1,30,,250,21,0,5 15,1,70,,246,21,0,5 15,1,30,,288,21,0,5 15,1,70,,283,21,0,5 15,1,30,,276,21,0,5 15,1,70,,247,21,0,5 15,1,30,,258,21,0,5 15,1,70,,278,21,0,5 15,1,30,,253,21,0,5 15,1,70,,257,21,0,5 15,1,30,,242,21,0,5 15,1,70,,265,21,0,5 15,1,30,,256,21,0,5 15,1,70,,284,21,0,5 15,1,30,,261,21,0,5 15,1,70,,240,21,0,5 15,1,30,,263,21,0,5 15,1,70,,277,21,0,5 15,1,30,,269,21,0,5 15,1,70,,266,21,0,5 15,1,30,,254,21,0,5 15,1,70,,251,21,0,5 15,1,30,,286,21,0,5 15,1
30101,'11',627,,293,21,0,5 15,1,30,,300,21,0,5 15,1,70,,296,21,0,5 15,1,30,,338,21,0,5 15,1,70,,333,21,0,5 15,1,30,,326,21,0,5 15,1,70,,297,21,0,5 15,1,30,,308,21,0,5 15,1,70,,328,21,0,5 15,1,30,,303,21,0,5 15,1,70,,307,21,0,5 15,1,30,,292,21,0,5 15,1,70,,315,21,0,5 15,1,30,,306,21,0,5 15,1,70,,334,21,0,5 15,1,30,,311,21,0,5 15,1,70,,290,21,0,5 15,1,30,,313,21,0,5 15,1,70,,327,21,0,5 15,1,30,,319,21,0,5 15,1,70,,316,21,0,5 15,1,30,,304,21,0,5 15,1,70,,301,21,0,5 15,1,30,,336,21,0,5 15,1
30101,'3',627,,343,21,0,5 15,1,30,,350,21,0,5 15,1,70,,346,21,0,5 15,1,30,,388,21,0,5 15,1,70,,383,21,0,5 15,1,30,,376,21,0,5 15,1,70,,347,21,0,5 15,1,30,,358,21,0,5 15,1,70,,378,21,0,5 15,1,30,,353,21,0,5 15,1,70,,357,21,0,5 15,1,30,,342,21,0,5 15,1,70,,365,21,0,5 15,1,30,,356,21,0,5 15,1,70,,384,21,0,5 15,1,30,,361,21,0,5 15,1,70,,340,21,0,5 15,1,30,,363,21,0,5 15,1,70,,377,21,0,5 15,1,30,,369,21,0,5 15,1,70,,366,21,0,5 15,1,30,,354,21,0,5 15,1,70,,351,21,0,5 15,1,30,,386,21,0,5 15,1
40101,'1',1841,,5972,21,0,16,1,100,,5979,21,0,16,1,100,,5969,21,0,16,1,100,,5978,21,0,16,1,100,,5973,21,0,16,1,100,,5971,21,0,5,1
40101,'10',1841,,5983,21,0,16,1,100,,5990,21,0,16,1,100,,5980,21,0,16,1,100,,5989,21,0,16,1,100,,5984,21,0,16,1,100,,5982,21,0,5,1
40101,'11',1841,,5994,21,0,16,1,100,,6001,21,0,16,1,100,,5991,21,0,16,1,100,,6000,21,0,16,1,100,,5995,21,0,16,1,100,,5993,21,0,5,1
40101,'12',1041,,6013,21,0,16,1,100,,6010,21,0,16,1,100,,6012,21,0,16,1,100,,6005,21,0,16,1,100,,6004,21,0,16,1,100,,6015,21,0,16,1,100,,6009,21,0,16,1,100,,6002,21,0,5,1
40101,'14',641,,6023,21,0,16,1,70,,6042,21,0,16,1,30,,6033,21,0,16,1,70,,6040,21,0,16,1,30,,6061,21,0,16,1,70,,6064,21,0,16,1,30,,6068,21,0,16,1,70,,6058,21,0,16,1,30,,6044,21,0,16,1,70,,6053,21,0,16,1,30,,6047,21,0,16,1,70,,6043,21,0,16,1,30,,6024,21,0,16,1,70,,6038,21,0,16,1,30,,6065,21,0,16,1,70,,6062,21,0,16,1,30,,6036,21,0,16,1,70,,6059,21,0,16,1,30,,6073,21,0,16,1,70,,6022,21,0,16,1,30,,6028,21,0,16,1,70,,6032,21,0,16,1,30,,6069,21,0,16,1,70,,6031,21,0,16,1,30,,6074,21,0,16,1,100,,6071,21,0,16,1,100,,6054,21,0,16,1,100,,6050,21,0,16,1,100,,6018,21,0,16,1,100,,6025,21,0,5,1
40101,'3',1841,,6081,21,0,16,1,100,,6088,21,0,16,1,100,,6078,21,0,16,1,100,,6087,21,0,16,1,100,,6082,21,0,16,1,100,,6080,21,0,5,1
40101,'7',841,,6095,21,0,16,1,100,,6105,21,0,16,1,100,,6118,21,0,16,1,70,,6127,21,0,16,1,30,,6119,21,0,16,1,70,,6122,21,0,16,1,30,,6092,21,0,16,1,70,,6093,21,0,16,1,30,,6116,21,0,16,1,70,,6097,21,0,16,1,30,,6110,21,0,16,1,70,,6124,21,0,16,1,30,,6106,21,0,16,1,70,,6102,21,0,16,1,30,,6101,21,0,16,1,70,,6115,21,0,16,1,30,,6094,21,0,16,1,70,,6123,21,0,16,1,30,,6104,21,0,16,1,100,,6112,21,0,16,1
