31701,'12',624,,35896,29,0,62,1,30,,35885,29,0,62,1,70,,35883,29,0,62,1,30,,35876,29,0,62,1,70,,35880,29,0,62,1,30,,35886,29,0,62,1,70,,35888,29,0,62,1,30,,35873,29,0,62,1,71,,35894,29,0,62,1,30,,35877,29,0,62,1,70,,35878,29,0,62,1,30,,35892,29,0,62,1,70,,35895,29,0,62,1,30,,35889,29,0,62,1,70,,35891,29,0,62,1,30,,35884,29,0,62,1,71,,35882,29,0,62,1,30,,35879,29,0,62,1,70,,35893,29,0,62,1,30,,35890,29,0,62,1,70,,35875,29,0,62,1,30,,35887,29,0,62,1,70,,35874,29,0,62,1,30,,35881,29,0,62,1
31701,'13',624,,35918,29,0,62,1,30,,22658,29,0,62,1,70,,35906,29,0,62,1,30,,35899,29,0,62,1,70,,35903,29,0,62,1,30,,35908,29,0,62,1,70,,35910,29,0,62,1,30,,35897,29,0,62,1,71,,35916,29,0,62,1,30,,35900,29,0,62,1,70,,35901,29,0,62,1,30,,35914,29,0,62,1,70,,35917,29,0,62,1,30,,35911,29,0,62,1,70,,35913,29,0,62,1,30,,35907,29,0,62,1,71,,35905,29,0,62,1,30,,35902,29,0,62,1,70,,35915,29,0,62,1,30,,35912,29,0,62,1,70,,27975,29,0,62,1,30,,35909,29,0,62,1,70,,35898,29,0,62,1,30,,35904,29,0,62,1
31701,'3',624,,35940,29,0,62,1,30,,22678,29,0,62,1,70,,35928,29,0,62,1,30,,35921,29,0,62,1,70,,35925,29,0,62,1,30,,35930,29,0,62,1,70,,35932,29,0,62,1,30,,35919,29,0,62,1,71,,35938,29,0,62,1,30,,35922,29,0,62,1,70,,35923,29,0,62,1,30,,35936,29,0,62,1,70,,35939,29,0,62,1,30,,35933,29,0,62,1,70,,35935,29,0,62,1,30,,35929,29,0,62,1,71,,35927,29,0,62,1,30,,35924,29,0,62,1,70,,35937,29,0,62,1,30,,35934,29,0,62,1,70,,27998,29,0,62,1,30,,35931,29,0,62,1,70,,35920,29,0,62,1,30,,35926,29,0,62,1
31701,'6',624,,35964,29,0,62,1,30,,35953,29,0,62,1,70,,35951,29,0,62,1,30,,35944,29,0,62,1,70,,35948,29,0,62,1,30,,35954,29,0,62,1,70,,35956,29,0,62,1,30,,35941,29,0,62,1,71,,35962,29,0,62,1,30,,35945,29,0,62,1,70,,35946,29,0,62,1,30,,35960,29,0,62,1,70,,35963,29,0,62,1,30,,35957,29,0,62,1,70,,35959,29,0,62,1,30,,35952,29,0,62,1,71,,35950,29,0,62,1,30,,35947,29,0,62,1,70,,35961,29,0,62,1,30,,35958,29,0,62,1,70,,35943,29,0,62,1,30,,35955,29,0,62,1,70,,35942,29,0,62,1,30,,35949,29,0,62,1
41701,'1',628,,40905,23,0,62,1,30,,40894,23,0,62,1,70,,30080,23,0,62,1,30,,32586,23,0,62,1,70,,40904,23,0,62,1,30,,30610,23,0,62,1,70,,40885,23,0,62,1,30,,40902,23,0,62,1,71,,31345,23,0,62,1,30,,40901,23,0,62,1,70,,29900,23,0,62,1,30,,31670,23,0,62,1,70,,40895,23,0,62,1,30,,40889,23,0,62,1,70,,40899,23,0,62,1,30,,40891,23,0,62,1,70,,40900,23,0,62,1,30,,40893,23,0,62,1,70,,29109,23,0,62,1,30,,32248,23,0,62,1,70,,40897,23,0,62,1,30,,40898,23,0,62,1,70,,40887,23,0,62,1,30,,40903,23,0,62,1,70,,21426,23,0,62,1,99,,40892,23,0,62,1,100,,40888,23,0,62,1,100,,40886,23,0,62,1,100,,40896,23,0,62,1,100,,40890,23,0,62,1
41701,'11',628,,40935,23,0,62,1,30,,40918,23,0,62,1,70,,40927,23,0,62,1,30,,40923,23,0,62,1,70,,40934,23,0,62,1,30,,40933,23,0,62,1,70,,40908,23,0,62,1,30,,40931,23,0,62,1,71,,40924,23,0,62,1,30,,40930,23,0,62,1,70,,40929,23,0,62,1,30,,40910,23,0,62,1,70,,40919,23,0,62,1,30,,40913,23,0,62,1,70,,40926,23,0,62,1,30,,40915,23,0,62,1,70,,40928,23,0,62,1,30,,40917,23,0,62,1,70,,40907,23,0,62,1,30,,40906,23,0,62,1,70,,40922,23,0,62,1,30,,40925,23,0,62,1,70,,40911,23,0,62,1,30,,40932,23,0,62,1,70,,40921,23,0,62,1,99,,40916,23,0,62,1,100,,40912,23,0,62,1,100,,40909,23,0,62,1,100,,40920,23,0,62,1,100,,40914,23,0,62,1
41701,'12',1829,,40936,23,0,62,1,99,,40941,23,0,62,1,100,,40940,23,0,62,1,100,,40937,23,0,62,1,100,,40939,23,0,62,1,100,,40938,23,0,62,1
41701,'13',1829,,40942,23,0,62,1,99,,40947,23,0,62,1,100,,40946,23,0,62,1,100,,40943,23,0,62,1,100,,40945,23,0,62,1,100,,40944,23,0,62,1
41701,'14',1129,,40951,23,0,62,1,100,,40953,23,0,62,1,100,,40950,23,0,62,1,100,,40952,23,0,62,1,100,,40954,23,0,62,1,100,,40949,23,0,62,1,100,,40948,23,0,62,1
41701,'16',628,,40976,23,0,62,1,30,,40964,23,0,62,1,70,,30161,23,0,62,1,30,,40968,23,0,62,1,70,,40975,23,0,62,1,30,,30647,23,0,62,1,70,,40955,23,0,62,1,30,,40973,23,0,62,1,71,,31386,23,0,62,1,30,,40972,23,0,62,1,70,,29981,23,0,62,1,30,,31726,23,0,62,1,70,,40965,23,0,62,1,30,,40959,23,0,62,1,70,,40970,23,0,62,1,30,,40961,23,0,62,1,70,,40971,23,0,62,1,30,,40963,23,0,62,1,70,,17746,23,0,62,1,30,,32291,23,0,62,1,70,,40967,23,0,62,1,30,,40969,23,0,62,1,70,,40957,23,0,62,1,30,,40974,23,0,62,1,70,,31209,23,0,62,1,99,,40962,23,0,62,1,100,,40958,23,0,62,1,100,,40956,23,0,62,1,100,,40966,23,0,62,1,100,,40960,23,0,62,1
41701,'3',1829,,40977,23,0,62,1,99,,40982,23,0,62,1,100,,40981,23,0,62,1,100,,40978,23,0,62,1,100,,40980,23,0,62,1,100,,40979,23,0,62,1
41701,'6',1829,,40983,23,0,62,1,99,,40988,23,0,62,1,100,,40987,23,0,62,1,100,,40984,23,0,62,1,100,,40986,23,0,62,1,100,,40985,23,0,62,1
41701,'8',928,,40990,23,0,62,1,131,,41004,23,0,62,1,70,,40991,23,0,62,1,30,,40998,23,0,62,1,70,,40994,23,0,62,1,30,,40992,23,0,62,1,70,,40999,23,0,62,1,100,,41000,23,0,62,1,30,,40989,23,0,62,1,70,,40995,23,0,62,1,30,,40997,23,0,62,1,70,,41001,23,0,62,1,30,,41003,23,0,62,1,70,,40996,23,0,62,1,30,,40993,23,0,62,1,70,,41002,23,0,62,1,99,,30209,23,0,62,1
