30801,'1',635,,1640,2,0,64 38,1,70,,1650,2,0,64 38,1,30,,1652,2,0,64 38,1,70,,1644,2,0,64 38,1,30,,1655,2,0,64 38,1,70,,1645,2,0,64 38,1,30,,1637,2,0,64 38,1,70,,1657,2,0,64 38,1,30,,1646,2,0,64 38,1,70,,1639,2,0,64 38,1,30,,1638,2,0,64 38,1,70,,1649,2,0,64 38,1,30,,1651,2,0,64 38,1,70,,1641,2,0,64 38,1,30,,1658,2,0,64 38,1,70,,1642,2,0,64 38,1,40,,1659,2,0,64 38,1,70,,1643,2,0,64 38,1,30,,1653,2,0,64 38,1,70,,1648,2,0,64 38,1,30,,1654,2,0,64 38,1,70,,1647,2,0,64 38,1,30,,1656,2,0,64 38,1
30801,'10',635,,1663,2,0,64 38,1,70,,1673,2,0,64 38,1,30,,1675,2,0,64 38,1,70,,1667,2,0,64 38,1,30,,1678,2,0,64 38,1,70,,1668,2,0,64 38,1,30,,1660,2,0,64 38,1,70,,1680,2,0,64 38,1,30,,1669,2,0,64 38,1,70,,1662,2,0,64 38,1,30,,1661,2,0,64 38,1,70,,1672,2,0,64 38,1,30,,1674,2,0,64 38,1,70,,1664,2,0,64 38,1,30,,1681,2,0,64 38,1,70,,1665,2,0,64 38,1,40,,1682,2,0,64 38,1,70,,1666,2,0,64 38,1,30,,1676,2,0,64 38,1,70,,1671,2,0,64 38,1,30,,1677,2,0,64 38,1,70,,1670,2,0,64 38,1,30,,1679,2,0,64 38,1
30801,'11',635,,1686,2,0,64 38,1,70,,1696,2,0,64 38,1,30,,1698,2,0,64 38,1,70,,1690,2,0,64 38,1,30,,1701,2,0,64 38,1,70,,1691,2,0,64 38,1,30,,1683,2,0,64 38,1,70,,1703,2,0,64 38,1,30,,1692,2,0,64 38,1,70,,1685,2,0,64 38,1,30,,1684,2,0,64 38,1,70,,1695,2,0,64 38,1,30,,1697,2,0,64 38,1,70,,1687,2,0,64 38,1,30,,1704,2,0,64 38,1,70,,1688,2,0,64 38,1,40,,1705,2,0,64 38,1,70,,1689,2,0,64 38,1,30,,1699,2,0,64 38,1,70,,1694,2,0,64 38,1,30,,1700,2,0,64 38,1,70,,1693,2,0,64 38,1,30,,1702,2,0,64 38,1
30801,'3',635,,1709,2,0,64 38,1,70,,1719,2,0,64 38,1,30,,1721,2,0,64 38,1,70,,1713,2,0,64 38,1,30,,1724,2,0,64 38,1,70,,1714,2,0,64 38,1,30,,1706,2,0,64 38,1,70,,1726,2,0,64 38,1,30,,1715,2,0,64 38,1,70,,1708,2,0,64 38,1,30,,1707,2,0,64 38,1,70,,1718,2,0,64 38,1,30,,1720,2,0,64 38,1,70,,1710,2,0,64 38,1,30,,1727,2,0,64 38,1,70,,1711,2,0,64 38,1,40,,1728,2,0,64 38,1,70,,1712,2,0,64 38,1,30,,1722,2,0,64 38,1,70,,1717,2,0,64 38,1,30,,1723,2,0,64 38,1,70,,1716,2,0,64 38,1,30,,1725,2,0,64 38,1
40801,'1',1820,,6694,2,0,64 38,1,100,,6692,2,0,64 38,1,100,,6693,2,0,64 38,1,100,,6691,2,0,64 38,1,100,,6695,2,0,64 38,1,100,,6696,2,0,64 38,1
40801,'10',1820,,6700,2,0,64 38,1,100,,6698,2,0,64 38,1,100,,6699,2,0,64 38,1,100,,6697,2,0,64 38,1,100,,6701,2,0,64 38,1,100,,6702,2,0,64 38,1
40801,'11',1820,,6706,2,0,64 38,1,100,,6704,2,0,64 38,1,100,,6705,2,0,64 38,1,100,,6703,2,0,64 38,1,100,,6707,2,0,64 38,1,100,,6708,2,0,64 38,1
40801,'12',1120,,6710,2,0,64 38,1,100,,6709,2,0,64 38,1,100,,6715,2,0,64 38,1,100,,6713,2,0,64 38,1,100,,6712,2,0,64 38,1,100,,6711,2,0,64 38,1,100,,6714,2,0,64 38,1
40801,'14',650,,6727,2,0,64 38,1,70,,6734,2,0,64 38,1,30,,6732,2,0,64 38,1,70,,6724,2,0,64 38,1,30,,6735,2,0,64 38,1,70,,6738,2,0,64 38,1,30,,6733,2,0,64 38,1,70,,6725,2,0,64 38,1,30,,6729,2,0,64 38,1,70,,6721,2,0,64 38,1,30,,6740,2,0,64 38,1,70,,6720,2,0,64 38,1,30,,6742,2,0,64 38,1,70,,6741,2,0,64 38,1,30,,6731,2,0,64 38,1,70,,6723,2,0,64 38,1,30,,6730,2,0,64 38,1,70,,6743,2,0,64 38,1,30,,6739,2,0,64 38,1,70,,6726,2,0,64 38,1,30,,6717,2,0,64 38,1,70,,6716,2,0,64 38,1,30,,6722,2,0,64 38,1,70,,6728,2,0,64 38,1,100,,6737,2,0,64 38,1,100,,6744,2,0,64 38,1,100,,6718,2,0,64 38,1,100,,6719,2,0,64 38,1,100,,6736,2,0,64 38,1
40801,'3',1820,,6748,2,0,64 38,1,100,,6746,2,0,64 38,1,100,,6747,2,0,64 38,1,100,,6745,2,0,64 38,1,100,,6749,2,0,64 38,1,100,,6750,2,0,64 38,1
40801,'7',920,,6763,2,0,64 38,1,100,,6752,2,0,64 38,1,30,,6751,2,0,64 38,1,70,,6762,2,0,64 38,1,30,,6769,2,0,64 38,1,70,,6757,2,0,64 38,1,30,,6755,2,0,64 38,1,70,,6756,2,0,64 38,1,30,,6764,2,0,64 38,1,70,,6758,2,0,64 38,1,30,,6754,2,0,64 38,1,70,,6759,2,0,64 38,1,30,,6761,2,0,64 38,1,70,,6753,2,0,64 38,1,30,,6768,2,0,64 38,1,70,,6766,2,0,64 38,1,30,,6760,2,0,64 38,1,70,,6767,2,0,64 38,1,100,,6765,2,0,64 38,1
