31501,'15',611,,12552,24,0,20 14 35 26,1,30,,12556,24,0,20 14 35 26,1,70,,12557,24,0,20 14 35 26,1,30,,12575,24,0,20 14 35 26,1,70,,12553,24,0,20 14 35 26,1,30,,12560,24,0,20 14 35 26,1,70,,12569,24,0,20 14 35 26,1,30,,12570,24,0,20 14 35 26,1,70,,12564,24,0,20 14 35 26,1,30,,12572,24,0,20 14 35 26,1,70,,12574,24,0,20 14 35 26,1,30,,12563,24,0,20 14 35 26,1,70,,12555,24,0,20 14 35 26,1,30,,12554,24,0,20 14 35 26,1,70,,12565,24,0,20 14 35 26,1,30,,12571,24,0,20 14 35 26,1,71,,12573,24,0,20 14 35 26,1,30,,12562,24,0,20 14 35 26,1,70,,12568,24,0,20 14 35 26,1,30,,12567,24,0,20 14 35 26,1,70,,12566,24,0,20 14 35 26,1,30,,12559,24,0,20 14 35 26,1,70,,12561,24,0,20 14 35 26,1,30,,12558,24,0,20 14 35 26,1
31501,'16',611,,12576,24,0,20 14 35 26,1,30,,12579,24,0,20 14 35 26,1,70,,12580,24,0,20 14 35 26,1,30,,12592,24,0,20 14 35 26,1,70,,12577,24,0,20 14 35 26,1,30,,12582,24,0,20 14 35 26,1,70,,7968,24,0,20 14 35 26,1,30,,12588,24,0,20 14 35 26,1,70,,12585,24,0,20 14 35 26,1,30,,1395,24,0,20 14 35 26,1,70,,12591,24,0,20 14 35 26,1,30,,8740,24,0,20 14 35 26,1,70,,8736,24,0,20 14 35 26,1,30,,12578,24,0,20 14 35 26,1,70,,12586,24,0,20 14 35 26,1,30,,12589,24,0,20 14 35 26,1,71,,12590,24,0,20 14 35 26,1,30,,12584,24,0,20 14 35 26,1,70,,12587,24,0,20 14 35 26,1,30,,2259,24,0,20 14 35 26,1,70,,4028,24,0,20 14 35 26,1,30,,8291,24,0,20 14 35 26,1,70,,12583,24,0,20 14 35 26,1,30,,12581,24,0,20 14 35 26,1
31501,'17',611,,12593,24,0,20 14 35 26,1,30,,12596,24,0,20 14 35 26,1,70,,12597,24,0,20 14 35 26,1,30,,12609,24,0,20 14 35 26,1,70,,12594,24,0,20 14 35 26,1,30,,12599,24,0,20 14 35 26,1,70,,7974,24,0,20 14 35 26,1,30,,12605,24,0,20 14 35 26,1,70,,12602,24,0,20 14 35 26,1,30,,1418,24,0,20 14 35 26,1,70,,12608,24,0,20 14 35 26,1,30,,8750,24,0,20 14 35 26,1,70,,8746,24,0,20 14 35 26,1,30,,12595,24,0,20 14 35 26,1,70,,12603,24,0,20 14 35 26,1,30,,12606,24,0,20 14 35 26,1,71,,12607,24,0,20 14 35 26,1,30,,12601,24,0,20 14 35 26,1,70,,12604,24,0,20 14 35 26,1,30,,2284,24,0,20 14 35 26,1,70,,4043,24,0,20 14 35 26,1,30,,8297,24,0,20 14 35 26,1,70,,12600,24,0,20 14 35 26,1,30,,12598,24,0,20 14 35 26,1
31501,'19',611,,12610,24,0,20 14 35 26,1,30,,12614,24,0,20 14 35 26,1,70,,12615,24,0,20 14 35 26,1,30,,12633,24,0,20 14 35 26,1,70,,12611,24,0,20 14 35 26,1,30,,12617,24,0,20 14 35 26,1,70,,12626,24,0,20 14 35 26,1,30,,12628,24,0,20 14 35 26,1,70,,12621,24,0,20 14 35 26,1,30,,12630,24,0,20 14 35 26,1,70,,12632,24,0,20 14 35 26,1,30,,12620,24,0,20 14 35 26,1,70,,12613,24,0,20 14 35 26,1,30,,12612,24,0,20 14 35 26,1,70,,12622,24,0,20 14 35 26,1,30,,12629,24,0,20 14 35 26,1,71,,12631,24,0,20 14 35 26,1,30,,12619,24,0,20 14 35 26,1,70,,12625,24,0,20 14 35 26,1,30,,12624,24,0,20 14 35 26,1,70,,12623,24,0,20 14 35 26,1,30,,12627,24,0,20 14 35 26,1,70,,12618,24,0,20 14 35 26,1,30,,12616,24,0,20 14 35 26,1
31501,'5',611,,12634,24,0,20 14 35 26,1,30,,12637,24,0,20 14 35 26,1,70,,3273,24,0,20 14 35 26,1,30,,12650,24,0,20 14 35 26,1,70,,12635,24,0,20 14 35 26,1,30,,12639,24,0,20 14 35 26,1,70,,8024,24,0,20 14 35 26,1,30,,12646,24,0,20 14 35 26,1,70,,12642,24,0,20 14 35 26,1,30,,1441,24,0,20 14 35 26,1,70,,12649,24,0,20 14 35 26,1,30,,8770,24,0,20 14 35 26,1,70,,8766,24,0,20 14 35 26,1,30,,12636,24,0,20 14 35 26,1,70,,12643,24,0,20 14 35 26,1,30,,12647,24,0,20 14 35 26,1,71,,12648,24,0,20 14 35 26,1,30,,12641,24,0,20 14 35 26,1,70,,12644,24,0,20 14 35 26,1,30,,2309,24,0,20 14 35 26,1,70,,4073,24,0,20 14 35 26,1,30,,12645,24,0,20 14 35 26,1,70,,12640,24,0,20 14 35 26,1,30,,12638,24,0,20 14 35 26,1
31501,'6',611,,12651,24,0,20 14 35 26,1,30,,12655,24,0,20 14 35 26,1,70,,12656,24,0,20 14 35 26,1,30,,12674,24,0,20 14 35 26,1,70,,12652,24,0,20 14 35 26,1,30,,12659,24,0,20 14 35 26,1,70,,12668,24,0,20 14 35 26,1,30,,12669,24,0,20 14 35 26,1,70,,12663,24,0,20 14 35 26,1,30,,12671,24,0,20 14 35 26,1,70,,12673,24,0,20 14 35 26,1,30,,12662,24,0,20 14 35 26,1,70,,12654,24,0,20 14 35 26,1,30,,12653,24,0,20 14 35 26,1,70,,12664,24,0,20 14 35 26,1,30,,12670,24,0,20 14 35 26,1,71,,12672,24,0,20 14 35 26,1,30,,12661,24,0,20 14 35 26,1,70,,12667,24,0,20 14 35 26,1,30,,12666,24,0,20 14 35 26,1,70,,12665,24,0,20 14 35 26,1,30,,12658,24,0,20 14 35 26,1,70,,12660,24,0,20 14 35 26,1,30,,12657,24,0,20 14 35 26,1
41501,'1',1126,,18911,24,0,20 14 34,1,100,,18912,24,0,20 14 34,1,100,,18913,24,0,20 14 34,1,101,,18908,24,0,20 14 34,1,100,,18907,24,0,20 14 34,1,100,,18910,24,0,20 14 34,1,100,,18909,24,0,20 14 34,1
41501,'10',656,,18921,24,0,20 14 34,1,70,,18939,24,0,20 14 34,1,30,,18938,24,0,20 14 34,1,70,,18917,24,0,20 14 34,1,30,,18928,24,0,20 14 34,1,70,,18918,24,0,20 14 34,1,30,,18926,24,0,20 14 34,1,70,,18914,24,0,20 14 34,1,30,,18930,24,0,20 14 34,1,70,,18941,24,0,20 14 34,1,30,,18936,24,0,20 14 34,1,70,,18925,24,0,20 14 34,1,30,,18924,24,0,20 14 34,1,70,,18934,24,0,20 14 34,1,30,,18937,24,0,20 14 34,1,71,,18933,24,0,20 14 34,1,30,,18932,24,0,20 14 34,1,70,,18915,24,0,20 14 34,1,30,,18927,24,0,20 14 34,1,70,,18922,24,0,20 14 34,1,30,,18931,24,0,20 14 34,1,70,,18940,24,0,20 14 34,1,30,,18919,24,0,20 14 34,1,70,,18920,24,0,20 14 34,1,99,,18916,24,0,20 14 34,1,100,,18935,24,0,20 14 34,1,100,,18923,24,0,20 14 34,1,100,,18929,24,0,20 14 34,1,100,,18942,24,0,20 14 34,1
41501,'12',926,,18956,24,0,20 14 34,1,100,,18959,24,0,20 14 34,1,30,,18950,24,0,20 14 34,1,70,,18945,24,0,20 14 34,1,30,,6689,24,0,20 14 34,1,70,,18949,24,0,20 14 34,1,30,,18957,24,0,20 14 34,1,70,,18944,24,0,20 14 34,1,30,,18943,24,0,20 14 34,1,71,,6690,24,0,20 14 34,1,30,,18946,24,0,20 14 34,1,70,,18953,24,0,20 14 34,1,30,,18951,24,0,20 14 34,1,70,,18954,24,0,20 14 34,1,30,,18948,24,0,20 14 34,1,70,,18947,24,0,20 14 34,1,30,,18958,24,0,20 14 34,1,70,,18955,24,0,20 14 34,1,99,,18952,24,0,20 14 34,1
41501,'15',1812,,18960,24,0,20 14 34,1,30,,18965,24,0,20 14 34,1,84,,18961,24,0,20 14 34,1,100,,18964,24,0,20 14 34,1,100,,18963,24,0,20 14 34,1,100,,18966,24,0,20 14 34,1,100,,18962,24,0,20 14 34,1
41501,'16',1812,,18967,24,0,20 14 34,1,30,,610,24,0,20 14 34,1,84,,5545,24,0,20 14 34,1,100,,266,24,0,20 14 34,1,100,,18968,24,0,20 14 34,1,100,,18969,24,0,20 14 34,1,100,,1667,24,0,20 14 34,1
41501,'17',1812,,18970,24,0,20 14 34,1,30,,635,24,0,20 14 34,1,84,,5595,24,0,20 14 34,1,100,,316,24,0,20 14 34,1,100,,18971,24,0,20 14 34,1,100,,18972,24,0,20 14 34,1,100,,1690,24,0,20 14 34,1
41501,'19',1812,,18973,24,0,20 14 34,1,30,,18976,24,0,20 14 34,1,84,,18974,24,0,20 14 34,1,100,,18978,24,0,20 14 34,1,100,,18977,24,0,20 14 34,1,100,,18979,24,0,20 14 34,1,100,,18975,24,0,20 14 34,1
41501,'21',656,,18986,24,0,20 14 34,1,70,,19004,24,0,20 14 34,1,30,,19003,24,0,20 14 34,1,70,,18983,24,0,20 14 34,1,30,,18993,24,0,20 14 34,1,70,,5377,24,0,20 14 34,1,30,,18991,24,0,20 14 34,1,70,,18980,24,0,20 14 34,1,30,,18995,24,0,20 14 34,1,70,,19006,24,0,20 14 34,1,30,,19001,24,0,20 14 34,1,70,,18990,24,0,20 14 34,1,30,,18989,24,0,20 14 34,1,70,,18999,24,0,20 14 34,1,30,,19002,24,0,20 14 34,1,71,,18998,24,0,20 14 34,1,30,,18997,24,0,20 14 34,1,70,,18981,24,0,20 14 34,1,30,,18992,24,0,20 14 34,1,70,,18987,24,0,20 14 34,1,30,,18996,24,0,20 14 34,1,70,,19005,24,0,20 14 34,1,30,,18984,24,0,20 14 34,1,70,,18985,24,0,20 14 34,1,99,,18982,24,0,20 14 34,1,100,,19000,24,0,20 14 34,1,100,,18988,24,0,20 14 34,1,100,,18994,24,0,20 14 34,1,100,,19007,24,0,20 14 34,1
41501,'5',1812,,19008,24,0,20 14 34,1,30,,19009,24,0,20 14 34,1,84,,5725,24,0,20 14 34,1,100,,366,24,0,20 14 34,1,100,,19010,24,0,20 14 34,1,100,,19011,24,0,20 14 34,1,100,,1713,24,0,20 14 34,1
41501,'6',1812,,19012,24,0,20 14 34,1,30,,19017,24,0,20 14 34,1,84,,19013,24,0,20 14 34,1,100,,19016,24,0,20 14 34,1,100,,19015,24,0,20 14 34,1,100,,19018,24,0,20 14 34,1,100,,19014,24,0,20 14 34,1
