33701,'1',643,,37363,14,,,1,70,,29420,14,,,1,30,,37391,14,,,1,70,,37369,14,,,1,30,,37384,14,,,1,70,,37372,14,,,1,30,,37371,14,,,1,71,,37375,14,,,1,30,,37387,14,,,1,70,,37383,14,,,1,30,,37373,14,,,1,70,,37367,14,,,1,30,,32345,14,,,1,70,,37399,14,,,1,30,,37365,14,,,1,70,,37386,14,,,1,30,,37389,14,,,1,70,,37360,14,,,1,30,,37377,14,,,1,70,,37403,14,,,1,30,,37390,14,,,1,70,,37364,14,,,1,30,,37376,14,,,1,70,,37381,14,,,1,30,,22061,14,,,1
33701,'11',643,,37410,14,,,1,70,,37443,14,,,1,30,,37439,14,,,1,70,,37416,14,,,1,30,,37432,14,,,1,70,,37419,14,,,1,30,,37418,14,,,1,71,,37422,14,,,1,30,,37435,14,,,1,70,,37431,14,,,1,30,,37420,14,,,1,70,,37414,14,,,1,30,,37444,14,,,1,70,,37449,14,,,1,30,,37412,14,,,1,70,,37434,14,,,1,30,,37437,14,,,1,70,,37406,14,,,1,30,,37424,14,,,1,70,,37453,14,,,1,30,,37438,14,,,1,70,,37411,14,,,1,30,,37423,14,,,1,70,,37428,14,,,1,30,,37429,14,,,1
33701,'12',623,,37480,14,,,1,30,,37497,14,,,1,70,,37466,14,,,1,30,,37462,14,,,1,70,,37461,14,,,1,30,,37503,14,,,1,70,,37501,14,,,1,30,,37495,14,,,1,71,,37486,14,,,1,30,,37504,14,,,1,70,,37465,14,,,1,30,,37498,14,,,1,70,,37502,14,,,1,30,,37493,14,,,1,70,,37475,14,,,1,30,,37484,14,,,1,70,,37478,14,,,1,30,,37472,14,,,1,70,,37489,14,,,1,30,,37468,14,,,1,70,,37500,14,,,1,30,,37490,14,,,1,70,,37477,14,,,1,30,,37473,14,,,1,70,,37476,14,,,1
33701,'13',623,,37527,14,,,1,30,,37540,14,,,1,70,,37515,14,,,1,30,,37512,14,,,1,70,,37511,14,,,1,30,,37545,14,,,1,70,,27985,14,,,1,30,,28408,14,,,1,71,,37532,14,,,1,30,,37546,14,,,1,70,,37514,14,,,1,30,,37541,14,,,1,70,,37544,14,,,1,30,,37538,14,,,1,70,,31700,14,,,1,30,,37530,14,,,1,70,,37525,14,,,1,30,,37520,14,,,1,70,,37535,14,,,1,30,,37517,14,,,1,70,,37543,14,,,1,30,,37536,14,,,1,70,,37524,14,,,1,30,,37521,14,,,1,70,,37523,14,,,1
33701,'14',1044,,37561,14,,,1,70,,37562,14,,,1,30,,37564,14,,,1,70,,37549,14,,,1,30,,37559,14,,,1,70,,37548,14,,,1,30,,37558,14,,,1,70,,37554,14,,,1,30,,37568,14,,,1,70,,37567,14,,,1,30,,29744,14,,,1,70,,37575,14,,,1,30,,37566,14,,,1,70,,37573,14,,,1,30,,37574,14,,,1
33701,'16',643,,37580,14,,,1,70,,29539,14,,,1,30,,37608,14,,,1,70,,37586,14,,,1,30,,37601,14,,,1,70,,37589,14,,,1,30,,37588,14,,,1,71,,37592,14,,,1,30,,37604,14,,,1,70,,37600,14,,,1,30,,37590,14,,,1,70,,37584,14,,,1,30,,32392,14,,,1,70,,37616,14,,,1,30,,37582,14,,,1,70,,37603,14,,,1,30,,37606,14,,,1,70,,37577,14,,,1,30,,37594,14,,,1,70,,37620,14,,,1,30,,37607,14,,,1,70,,37581,14,,,1,30,,37593,14,,,1,70,,37598,14,,,1,30,,29969,14,,,1
33701,'3',623,,37644,14,,,1,30,,37657,14,,,1,70,,37632,14,,,1,30,,37629,14,,,1,70,,37628,14,,,1,30,,37662,14,,,1,70,,28008,14,,,1,30,,28429,14,,,1,71,,37649,14,,,1,30,,37663,14,,,1,70,,37631,14,,,1,30,,37658,14,,,1,70,,37661,14,,,1,30,,37655,14,,,1,70,,31755,14,,,1,30,,37647,14,,,1,70,,37642,14,,,1,30,,37637,14,,,1,70,,37652,14,,,1,30,,37634,14,,,1,70,,37660,14,,,1,30,,37653,14,,,1,70,,37641,14,,,1,30,,37638,14,,,1,70,,37640,14,,,1
33701,'6',623,,37689,14,,,1,30,,37706,14,,,1,70,,37675,14,,,1,30,,37671,14,,,1,70,,37670,14,,,1,30,,37712,14,,,1,70,,37710,14,,,1,30,,37704,14,,,1,71,,37695,14,,,1,30,,37713,14,,,1,70,,37674,14,,,1,30,,37707,14,,,1,70,,37711,14,,,1,30,,37702,14,,,1,70,,37684,14,,,1,30,,37693,14,,,1,70,,37687,14,,,1,30,,37681,14,,,1,70,,37698,14,,,1,30,,37677,14,,,1,70,,37709,14,,,1,30,,37699,14,,,1,70,,37686,14,,,1,30,,37682,14,,,1,70,,37685,14,,,1
33701,'8',1114,,30756,14,,,1,30,,37729,14,,,1,70,,37725,14,,,1,30,,37718,14,,,1,70,,37738,14,,,1,30,,37715,14,,,1,70,,37740,14,,,1,30,,37721,14,,,1,70,,37730,14,,,1,30,,31765,14,,,1,70,,37719,14,,,1,30,,37720,14,,,1,70,,37723,14,,,1,30,,37722,14,,,1,70,,37726,14,,,1
43701,'1',1922,,41926,14,,,1,100,,41927,14,,,1,100,,41924,14,,,1,100,,41923,14,,,1,100,,30690,14,,,1
43701,'11',1922,,41934,14,,,1,100,,41935,14,,,1,100,,41932,14,,,1,100,,41931,14,,,1,100,,41936,14,,,1
43701,'12',1922,,41948,14,,,1,100,,41941,14,,,1,100,,41949,14,,,1,100,,41946,14,,,1,100,,41947,14,,,1
43701,'13',1922,,41957,14,,,1,100,,41951,14,,,1,100,,41958,14,,,1,100,,41956,14,,,1,100,,28240,14,,,1
43701,'16',1922,,41963,14,,,1,100,,41964,14,,,1,100,,41961,14,,,1,100,,41960,14,,,1,100,,30728,14,,,1
43701,'3',1922,,41975,14,,,1,100,,41969,14,,,1,100,,41976,14,,,1,100,,41974,14,,,1,100,,28262,14,,,1
43701,'6',1922,,41985,14,,,1,100,,41978,14,,,1,100,,41986,14,,,1,100,,41983,14,,,1,100,,41984,14,,,1
