30501,'1',628,,1069,25,0,27,1,30,,1078,25,0,27,1,70,,1068,25,0,27,1,30,,1081,25,0,27,1,70,,1060,25,0,27,1,30,,1066,25,0,27,1,70,,1063,25,0,27,1,30,,1077,25,0,27,1,70,,1071,25,0,27,1,30,,1058,25,0,27,1,70,,1072,25,0,27,1,30,,1076,25,0,27,1,70,,1062,25,0,27,1,30,,1074,25,0,27,1,70,,1067,25,0,27,1,30,,1057,25,0,27,1,70,,1079,25,0,27,1,30,,1064,25,0,27,1,70,,1073,25,0,27,1,30,,1070,25,0,27,1,70,,1061,25,0,27,1,30,,1075,25,0,27,1,70,,1080,25,0,27,1,30,,1065,25,0,27,1
30501,'10',628,,1094,25,0,27,1,30,,1103,25,0,27,1,70,,1093,25,0,27,1,30,,1106,25,0,27,1,70,,1085,25,0,27,1,30,,1091,25,0,27,1,70,,1088,25,0,27,1,30,,1102,25,0,27,1,70,,1096,25,0,27,1,30,,1083,25,0,27,1,70,,1097,25,0,27,1,30,,1101,25,0,27,1,70,,1087,25,0,27,1,30,,1099,25,0,27,1,70,,1092,25,0,27,1,30,,1082,25,0,27,1,70,,1104,25,0,27,1,30,,1089,25,0,27,1,70,,1098,25,0,27,1,30,,1095,25,0,27,1,70,,1086,25,0,27,1,30,,1100,25,0,27,1,70,,1105,25,0,27,1,30,,1090,25,0,27,1
30501,'11',628,,1119,25,0,27,1,30,,1128,25,0,27,1,70,,1118,25,0,27,1,30,,1131,25,0,27,1,70,,1110,25,0,27,1,30,,1116,25,0,27,1,70,,1113,25,0,27,1,30,,1127,25,0,27,1,70,,1121,25,0,27,1,30,,1108,25,0,27,1,70,,1122,25,0,27,1,30,,1126,25,0,27,1,70,,1112,25,0,27,1,30,,1124,25,0,27,1,70,,1117,25,0,27,1,30,,1107,25,0,27,1,70,,1129,25,0,27,1,30,,1114,25,0,27,1,70,,1123,25,0,27,1,30,,1120,25,0,27,1,70,,1111,25,0,27,1,30,,1125,25,0,27,1,70,,1130,25,0,27,1,30,,1115,25,0,27,1
30501,'3',628,,1144,25,0,27,1,30,,1153,25,0,27,1,70,,1143,25,0,27,1,30,,1156,25,0,27,1,70,,1135,25,0,27,1,30,,1141,25,0,27,1,70,,1138,25,0,27,1,30,,1152,25,0,27,1,70,,1146,25,0,27,1,30,,1133,25,0,27,1,70,,1147,25,0,27,1,30,,1151,25,0,27,1,70,,1137,25,0,27,1,30,,1149,25,0,27,1,70,,1142,25,0,27,1,30,,1132,25,0,27,1,70,,1154,25,0,27,1,30,,1139,25,0,27,1,70,,1148,25,0,27,1,30,,1145,25,0,27,1,70,,1136,25,0,27,1,30,,1150,25,0,27,1,70,,1155,25,0,27,1,30,,1140,25,0,27,1
41201,'1',1824,,7113,28,,,1,100,,7115,28,,,1,100,,7117,28,,,1,100,,7116,28,,,1,100,,7114,28,,,1,100,,7118,28,,,1
41201,'10',1824,,7119,28,,,1,100,,7121,28,,,1,100,,7123,28,,,1,100,,7122,28,,,1,100,,7120,28,,,1,100,,7124,28,,,1
41201,'11',1824,,7125,28,,,1,100,,7127,28,,,1,100,,7129,28,,,1,100,,7128,28,,,1,100,,7126,28,,,1,100,,7130,28,,,1
41201,'12',1124,,7136,28,,,1,100,,7138,28,,,1,100,,7133,28,,,1,100,,7135,28,,,1,100,,7131,28,,,1,100,,7137,28,,,1,100,,7132,28,,,1
41201,'14',624,,7160,28,,,1,30,,7142,28,,,1,70,,7163,28,,,1,30,,7156,28,,,1,70,,7147,28,,,1,30,,7166,28,,,1,70,,7164,28,,,1,30,,7150,28,,,1,70,,7154,28,,,1,30,,7157,28,,,1,70,,7161,28,,,1,30,,7148,28,,,1,70,,7146,28,,,1,30,,7149,28,,,1,70,,7167,28,,,1,30,,7151,28,,,1,70,,7139,28,,,1,30,,7141,28,,,1,70,,7158,28,,,1,30,,7143,28,,,1,70,,7165,28,,,1,30,,7153,28,,,1,70,,7140,28,,,1,30,,7144,28,,,1,70,,7168,28,,,1,100,,7152,28,,,1,100,,7145,28,,,1,100,,7162,28,,,1,100,,7155,28,,,1,100,,7159,28,,,1
41201,'3',1824,,7169,28,,,1,100,,7171,28,,,1,100,,7173,28,,,1,100,,7172,28,,,1,100,,7170,28,,,1,100,,7174,28,,,1
41201,'7',924,,7188,28,,,1,100,,7182,28,,,1,30,,7184,28,,,1,70,,7180,28,,,1,30,,7177,28,,,1,70,,7183,28,,,1,30,,7179,28,,,1,70,,7194,28,,,1,30,,7191,28,,,1,70,,7186,28,,,1,30,,7178,28,,,1,70,,7190,28,,,1,30,,7181,28,,,1,70,,7176,28,,,1,30,,7189,28,,,1,70,,7175,28,,,1,30,,7192,28,,,1,70,,7187,28,,,1,100,,7185,28,,,1,100,,7193,28,,,1
