30501,'1',628,,1069,24,0,27,1,30,,1078,24,0,27,1,70,,1068,24,0,27,1,30,,1081,24,0,27,1,70,,1060,24,0,27,1,30,,1066,24,0,27,1,70,,1063,24,0,27,1,30,,1077,24,0,27,1,70,,1071,24,0,27,1,30,,1058,24,0,27,1,70,,1072,24,0,27,1,30,,1076,24,0,27,1,70,,1062,24,0,27,1,30,,1074,24,0,27,1,70,,1067,24,0,27,1,30,,1057,24,0,27,1,70,,1079,24,0,27,1,30,,1064,24,0,27,1,70,,1073,24,0,27,1,30,,1070,24,0,27,1,70,,1061,24,0,27,1,30,,1075,24,0,27,1,70,,1080,24,0,27,1,30,,1065,24,0,27,1
30501,'10',628,,1094,24,0,27,1,30,,1103,24,0,27,1,70,,1093,24,0,27,1,30,,1106,24,0,27,1,70,,1085,24,0,27,1,30,,1091,24,0,27,1,70,,1088,24,0,27,1,30,,1102,24,0,27,1,70,,1096,24,0,27,1,30,,1083,24,0,27,1,70,,1097,24,0,27,1,30,,1101,24,0,27,1,70,,1087,24,0,27,1,30,,1099,24,0,27,1,70,,1092,24,0,27,1,30,,1082,24,0,27,1,70,,1104,24,0,27,1,30,,1089,24,0,27,1,70,,1098,24,0,27,1,30,,1095,24,0,27,1,70,,1086,24,0,27,1,30,,1100,24,0,27,1,70,,1105,24,0,27,1,30,,1090,24,0,27,1
30501,'11',628,,1119,24,0,27,1,30,,1128,24,0,27,1,70,,1118,24,0,27,1,30,,1131,24,0,27,1,70,,1110,24,0,27,1,30,,1116,24,0,27,1,70,,1113,24,0,27,1,30,,1127,24,0,27,1,70,,1121,24,0,27,1,30,,1108,24,0,27,1,70,,1122,24,0,27,1,30,,1126,24,0,27,1,70,,1112,24,0,27,1,30,,1124,24,0,27,1,70,,1117,24,0,27,1,30,,1107,24,0,27,1,70,,1129,24,0,27,1,30,,1114,24,0,27,1,70,,1123,24,0,27,1,30,,1120,24,0,27,1,70,,1111,24,0,27,1,30,,1125,24,0,27,1,70,,1130,24,0,27,1,30,,1115,24,0,27,1
30501,'3',628,,1144,24,0,27,1,30,,1153,24,0,27,1,70,,1143,24,0,27,1,30,,1156,24,0,27,1,70,,1135,24,0,27,1,30,,1141,24,0,27,1,70,,1138,24,0,27,1,30,,1152,24,0,27,1,70,,1146,24,0,27,1,30,,1133,24,0,27,1,70,,1147,24,0,27,1,30,,1151,24,0,27,1,70,,1137,24,0,27,1,30,,1149,24,0,27,1,70,,1142,24,0,27,1,30,,1132,24,0,27,1,70,,1154,24,0,27,1,30,,1139,24,0,27,1,70,,1148,24,0,27,1,30,,1145,24,0,27,1,70,,1136,24,0,27,1,30,,1150,24,0,27,1,70,,1155,24,0,27,1,30,,1140,24,0,27,1
41201,'1',1824,,7113,27,,,1,100,,7115,27,,,1,100,,7117,27,,,1,100,,7116,27,,,1,100,,7114,27,,,1,100,,7118,27,,,1
41201,'10',1824,,7119,27,,,1,100,,7121,27,,,1,100,,7123,27,,,1,100,,7122,27,,,1,100,,7120,27,,,1,100,,7124,27,,,1
41201,'11',1824,,7125,27,,,1,100,,7127,27,,,1,100,,7129,27,,,1,100,,7128,27,,,1,100,,7126,27,,,1,100,,7130,27,,,1
41201,'12',1124,,7136,27,,,1,100,,7138,27,,,1,100,,7133,27,,,1,100,,7135,27,,,1,100,,7131,27,,,1,100,,7137,27,,,1,100,,7132,27,,,1
41201,'14',623,,7160,27,,,1,30,,7142,27,,,1,70,,7163,27,,,1,30,,7156,27,,,1,70,,7147,27,,,1,30,,7166,27,,,1,70,,7164,27,,,1,30,,7150,27,,,1,71,,7154,27,,,1,30,,7157,27,,,1,70,,7161,27,,,1,30,,7148,27,,,1,70,,7146,27,,,1,30,,7149,27,,,1,70,,7167,27,,,1,30,,7151,27,,,1,70,,7139,27,,,1,30,,7141,27,,,1,70,,7158,27,,,1,30,,7143,27,,,1,70,,7165,27,,,1,30,,7153,27,,,1,70,,7140,27,,,1,30,,7144,27,,,1,70,,7168,27,,,1,100,,7152,27,,,1,100,,7145,27,,,1,100,,7162,27,,,1,100,,7155,27,,,1,100,,7159,27,,,1
41201,'3',1824,,7169,27,,,1,100,,7171,27,,,1,100,,7173,27,,,1,100,,7172,27,,,1,100,,7170,27,,,1,100,,7174,27,,,1
41201,'7',923,,7188,27,,,1,101,,7182,27,,,1,30,,7184,27,,,1,70,,7180,27,,,1,30,,7177,27,,,1,70,,7183,27,,,1,30,,7179,27,,,1,70,,7194,27,,,1,30,,7191,27,,,1,70,,7186,27,,,1,30,,7178,27,,,1,70,,7190,27,,,1,30,,7181,27,,,1,70,,7176,27,,,1,30,,7189,27,,,1,70,,7175,27,,,1,30,,7192,27,,,1,70,,7187,27,,,1,100,,7185,27,,,1,100,,7193,27,,,1
