30200,'11',615,,27511,2,0,11,1,30,,27510,2,0,11,1,70,,27516,2,0,11,1,30,,27521,2,0,11,1,70,,27526,2,0,11,1,30,,27509,2,0,11,1,70,,27528,2,0,11,1,30,,27523,2,0,11,1,70,,27525,2,0,11,1,30,,27527,2,0,11,1,70,,27520,2,0,11,1,30,,27513,2,0,11,1,70,,27517,2,0,11,1,30,,27519,2,0,11,1,70,,27522,2,0,11,1,30,,27518,2,0,11,1,70,,27524,2,0,11,1,30,,27507,2,0,11,1,70,,27508,2,0,11,1,30,,27512,2,0,11,1,70,,27515,2,0,11,1,30,,23615,2,0,11,1,70,,27514,2,0,11,1
30200,'3',615,,27533,2,0,11,1,30,,27532,2,0,11,1,70,,27538,2,0,11,1,30,,27543,2,0,11,1,70,,27548,2,0,11,1,30,,27531,2,0,11,1,70,,27550,2,0,11,1,30,,27545,2,0,11,1,70,,27547,2,0,11,1,30,,27549,2,0,11,1,70,,27542,2,0,11,1,30,,27535,2,0,11,1,70,,27539,2,0,11,1,30,,27541,2,0,11,1,70,,27544,2,0,11,1,30,,27540,2,0,11,1,70,,27546,2,0,11,1,30,,27529,2,0,11,1,70,,27530,2,0,11,1,30,,27534,2,0,11,1,70,,27537,2,0,11,1,30,,23635,2,0,11,1,70,,27536,2,0,11,1
30300,'11',615,,27599,2,,,1,30,,27596,2,,,1,70,,27597,2,,,1,30,,27615,2,,,1,70,,27608,2,,,1,30,,27617,2,,,1,70,,27616,2,,,1,30,,27600,2,,,1,70,,27606,2,,,1,30,,27611,2,,,1,70,,27595,2,,,1,30,,27607,2,,,1,70,,27609,2,,,1,30,,27603,2,,,1,70,,27601,2,,,1,30,,27605,2,,,1,70,,27602,2,,,1,30,,27598,2,,,1,70,,27614,2,,,1,30,,27610,2,,,1,70,,27604,2,,,1,30,,27612,2,,,1,70,,23691,2,,,1,30,,27613,2,,,1
30300,'3',615,,27622,2,,,1,30,,27619,2,,,1,70,,27620,2,,,1,30,,27638,2,,,1,70,,27631,2,,,1,30,,27640,2,,,1,70,,27639,2,,,1,30,,27623,2,,,1,70,,27629,2,,,1,30,,27634,2,,,1,70,,27618,2,,,1,30,,27630,2,,,1,70,,27632,2,,,1,30,,27626,2,,,1,70,,27624,2,,,1,30,,27628,2,,,1,70,,27625,2,,,1,30,,27621,2,,,1,70,,27637,2,,,1,30,,27633,2,,,1,70,,27627,2,,,1,30,,27635,2,,,1,70,,23711,2,,,1,30,,27636,2,,,1
31000,'11',645,,28203,2,0,17 18,1,70,,28194,2,0,17 18,1,30,,28191,2,0,17 18,1,70,,28196,2,0,17 18,1,30,,28189,2,0,17 18,1,70,,28201,2,0,17 18,1,30,,28188,2,0,17 18,1,70,,28204,2,0,17 18,1,30,,28186,2,0,17 18,1,70,,28199,2,0,17 18,1,30,,28193,2,0,17 18,1,70,,28192,2,0,17 18,1,30,,28198,2,0,17 18,1,70,,28200,2,0,17 18,1,30,,22412,2,0,17 18,1,70,,28187,2,0,17 18,1,30,,28202,2,0,17 18,1,70,,28197,2,0,17 18,1,30,,28185,2,0,17 18,1,70,,28190,2,0,17 18,1,30,,28195,2,0,17 18,1,70,,23551,2,0,17 18,1,30,,28205,2,0,17 18,1
31000,'3',645,,28224,2,0,17 18,1,70,,28215,2,0,17 18,1,30,,28212,2,0,17 18,1,70,,28217,2,0,17 18,1,30,,28210,2,0,17 18,1,70,,28222,2,0,17 18,1,30,,28209,2,0,17 18,1,70,,28225,2,0,17 18,1,30,,28207,2,0,17 18,1,70,,28220,2,0,17 18,1,30,,28214,2,0,17 18,1,70,,28213,2,0,17 18,1,30,,28219,2,0,17 18,1,70,,28221,2,0,17 18,1,30,,22434,2,0,17 18,1,70,,28208,2,0,17 18,1,30,,28223,2,0,17 18,1,70,,28218,2,0,17 18,1,30,,28206,2,0,17 18,1,70,,28211,2,0,17 18,1,30,,28216,2,0,17 18,1,70,,23572,2,0,17 18,1,30,,28226,2,0,17 18,1
31500,'11',630,,28518,2,,,1,70,,28503,2,,,1,30,,28496,2,,,1,70,,28501,2,,,1,30,,28498,2,,,1,70,,28512,2,,,1,30,,28502,2,,,1,70,,28513,2,,,1,30,,28510,2,,,1,70,,28506,2,,,1,30,,28507,2,,,1,70,,28516,2,,,1,30,,28517,2,,,1,70,,28515,2,,,1,30,,28497,2,,,1,70,,28504,2,,,1,30,,28499,2,,,1,70,,28511,2,,,1,30,,28495,2,,,1,70,,28500,2,,,1,30,,28509,2,,,1,70,,28505,2,,,1,30,,28514,2,,,1,70,,28508,2,,,1
31500,'3',630,,28542,2,,,1,70,,28527,2,,,1,30,,28520,2,,,1,70,,28525,2,,,1,30,,28522,2,,,1,70,,28536,2,,,1,30,,28526,2,,,1,70,,28537,2,,,1,30,,28534,2,,,1,70,,28530,2,,,1,30,,28531,2,,,1,70,,28540,2,,,1,30,,28541,2,,,1,70,,28539,2,,,1,30,,28521,2,,,1,70,,28528,2,,,1,30,,28523,2,,,1,70,,28535,2,,,1,30,,28519,2,,,1,70,,28524,2,,,1,30,,28533,2,,,1,70,,28529,2,,,1,30,,28538,2,,,1,70,,28532,2,,,1
31600,'11',645,,28606,2,0,19,1,55,,28605,2,0,19,1,15,,28602,2,0,19,1,15,,28620,2,0,19,1,15,,28598,2,0,19,1,55,,24111,2,0,19,1,15,,28617,2,0,19,1,15,,13762,2,0,19,1,15,,28601,2,0,19,1,55,,28588,2,0,19,1,15,,28597,2,0,19,1,15,,28590,2,0,19,1,15,,28625,2,0,19,1,55,,28589,2,0,19,1,15,,28626,2,0,19,1,15,,28595,2,0,19,1,15,,28609,2,0,19,1,55,,28587,2,0,19,1,15,,28607,2,0,19,1,15,,28627,2,0,19,1,15,,28622,2,0,19,1,55,,28628,2,0,19,1,15,,22781,2,0,19,1,15,,28600,2,0,19,1,15,,28608,2,0,19,1,55,,28618,2,0,19,1,15,,28613,2,0,19,1,15,,28594,2,0,19,1,15,,28592,2,0,19,1,55,,23477,2,0,19,1,15,,28623,2,0,19,1,15,,28591,2,0,19,1,15,,28593,2,0,19,1,55,,28610,2,0,19,1,15,,28614,2,0,19,1,15,,28611,2,0,19,1,15,,28604,2,0,19,1,55,,28621,2,0,19,1,15,,28624,2,0,19,1,15,,28616,2,0,19,1,15,,28619,2,0,19,1,55,,28612,2,0,19,1,15,,28603,2,0,19,1,15,,28596,2,0,19,1,15,,28599,2,0,19,1,55,,22723,2,0,19,1,15,,28615,2,0,19,1
31600,'3',645,,28648,2,0,19,1,55,,28647,2,0,19,1,15,,28644,2,0,19,1,15,,28662,2,0,19,1,15,,28640,2,0,19,1,55,,24123,2,0,19,1,15,,28659,2,0,19,1,15,,13810,2,0,19,1,15,,28643,2,0,19,1,55,,28630,2,0,19,1,15,,28639,2,0,19,1,15,,28632,2,0,19,1,15,,28667,2,0,19,1,55,,28631,2,0,19,1,15,,28668,2,0,19,1,15,,28637,2,0,19,1,15,,28651,2,0,19,1,55,,28629,2,0,19,1,15,,28649,2,0,19,1,15,,28669,2,0,19,1,15,,28664,2,0,19,1,55,,28670,2,0,19,1,15,,22802,2,0,19,1,15,,28642,2,0,19,1,15,,28650,2,0,19,1,55,,28660,2,0,19,1,15,,28655,2,0,19,1,15,,28636,2,0,19,1,15,,28634,2,0,19,1,55,,23514,2,0,19,1,15,,28665,2,0,19,1,15,,28633,2,0,19,1,15,,28635,2,0,19,1,55,,28652,2,0,19,1,15,,28656,2,0,19,1,15,,28653,2,0,19,1,15,,28646,2,0,19,1,55,,28663,2,0,19,1,15,,28666,2,0,19,1,15,,28658,2,0,19,1,15,,28661,2,0,19,1,55,,28654,2,0,19,1,15,,28645,2,0,19,1,15,,28638,2,0,19,1,15,,28641,2,0,19,1,55,,22745,2,0,19,1,15,,28657,2,0,19,1
40200,'1',615,,30256,2,0,13 14,1,30,,30254,2,0,13 14,1,70,,30241,2,0,13 14,1,30,,30260,2,0,13 14,1,70,,30243,2,0,13 14,1,30,,30248,2,0,13 14,1,70,,30244,2,0,13 14,1,30,,30240,2,0,13 14,1,70,,30252,2,0,13 14,1,30,,30262,2,0,13 14,1,70,,30246,2,0,13 14,1,30,,27116,2,0,13 14,1,70,,27263,2,0,13 14,1,30,,30250,2,0,13 14,1,70,,30251,2,0,13 14,1,30,,30245,2,0,13 14,1,70,,30239,2,0,13 14,1,30,,30249,2,0,13 14,1,70,,30237,2,0,13 14,1,30,,30242,2,0,13 14,1,70,,30253,2,0,13 14,1,30,,30258,2,0,13 14,1,70,,18130,2,0,13 14,1,30,,30261,2,0,13 14,1,100,,30238,2,0,13 14,1,100,,30255,2,0,13 14,1,100,,30259,2,0,13 14,1,100,,30247,2,0,13 14,1,100,,30257,2,0,13 14,1
40200,'11',1745,,30264,2,0,13 14,1,100,,30268,2,0,13 14,1,100,,30266,2,0,13 14,1,100,,30263,2,0,13 14,1,100,,30267,2,0,13 14,1,100,,30265,2,0,13 14,1
40200,'12',1045,,30270,2,0,13 14,1,100,,30274,2,0,13 14,1,100,,30273,2,0,13 14,1,100,,30272,2,0,13 14,1,100,,30276,2,0,13 14,1,100,,30269,2,0,13 14,1,100,,30275,2,0,13 14,1,100,,30271,2,0,13 14,1
40200,'14',615,,30297,2,0,13 14,1,30,,30295,2,0,13 14,1,70,,30281,2,0,13 14,1,30,,30301,2,0,13 14,1,70,,30283,2,0,13 14,1,30,,30287,2,0,13 14,1,70,,27011,2,0,13 14,1,30,,30280,2,0,13 14,1,70,,30292,2,0,13 14,1,30,,30303,2,0,13 14,1,70,,30285,2,0,13 14,1,30,,30284,2,0,13 14,1,70,,30290,2,0,13 14,1,30,,30289,2,0,13 14,1,70,,30291,2,0,13 14,1,30,,25525,2,0,13 14,1,70,,30279,2,0,13 14,1,30,,30288,2,0,13 14,1,70,,30277,2,0,13 14,1,30,,30282,2,0,13 14,1,70,,30293,2,0,13 14,1,30,,30299,2,0,13 14,1,70,,30294,2,0,13 14,1,30,,30302,2,0,13 14,1,100,,30278,2,0,13 14,1,100,,30296,2,0,13 14,1,100,,30300,2,0,13 14,1,100,,30286,2,0,13 14,1,100,,30298,2,0,13 14,1
40200,'3',1745,,30305,2,0,13 14,1,100,,30309,2,0,13 14,1,100,,30307,2,0,13 14,1,100,,30304,2,0,13 14,1,100,,30308,2,0,13 14,1,100,,30306,2,0,13 14,1
40200,'8',845,,30317,2,0,13 14,1,100,,30311,2,0,13 14,1,70,,30316,2,0,13 14,1,30,,30327,2,0,13 14,1,70,,30310,2,0,13 14,1,30,,30321,2,0,13 14,1,70,,30319,2,0,13 14,1,30,,30314,2,0,13 14,1,70,,30318,2,0,13 14,1,30,,30323,2,0,13 14,1,70,,30326,2,0,13 14,1,30,,30320,2,0,13 14,1,70,,30324,2,0,13 14,1,30,,30315,2,0,13 14,1,70,,25941,2,0,13 14,1,30,,30322,2,0,13 14,1,70,,30325,2,0,13 14,1,30,,30312,2,0,13 14,1,100,,26207,2,0,13 14,1,100,,30313,2,0,13 14,1
41000,'1',645,,31130,2,,,1,70,,31119,2,,,1,30,,31131,2,,,1,70,,31132,2,,,1,30,,31115,2,,,1,70,,31120,2,,,1,30,,24198,2,,,1,70,,31116,2,,,1,30,,31126,2,,,1,70,,31122,2,,,1,30,,31129,2,,,1,70,,31127,2,,,1,30,,31128,2,,,1,70,,31123,2,,,1,30,,31118,2,,,1,70,,31117,2,,,1,30,,31114,2,,,1,70,,24879,2,,,1,30,,31121,2,,,1,70,,31113,2,,,1,30,,31124,2,,,1,70,,31125,2,,,1,30,,23526,2,,,1
41000,'12',1045,,31135,2,,,1,100,,31138,2,,,1,100,,31133,2,,,1,100,,31136,2,,,1,100,,31137,2,,,1,100,,25514,2,,,1,100,,31134,2,,,1,100,,31139,2,,,1
41000,'14',645,,31155,2,,,1,70,,31146,2,,,1,30,,31156,2,,,1,70,,31157,2,,,1,30,,25098,2,,,1,70,,31147,2,,,1,30,,31142,2,,,1,70,,26631,2,,,1,30,,31151,2,,,1,70,,31148,2,,,1,30,,31154,2,,,1,70,,31152,2,,,1,30,,31153,2,,,1,70,,31149,2,,,1,30,,31145,2,,,1,70,,31144,2,,,1,30,,26840,2,,,1,70,,31140,2,,,1,30,,20047,2,,,1,70,,31141,2,,,1,30,,31150,2,,,1,70,,25240,2,,,1,30,,31143,2,,,1
41000,'8',845,,31176,2,,,1,100,,31160,2,,,1,70,,31174,2,,,1,30,,31170,2,,,1,70,,31163,2,,,1,30,,31164,2,,,1,70,,31171,2,,,1,30,,31173,2,,,1,70,,31159,2,,,1,30,,31162,2,,,1,70,,31172,2,,,1,30,,31166,2,,,1,70,,31177,2,,,1,30,,31175,2,,,1,70,,31168,2,,,1,30,,31158,2,,,1,70,,31165,2,,,1,30,,31167,2,,,1,100,,31169,2,,,1,100,,31161,2,,,1
41500,'1',645,,31515,2,0,20 14 21 18,1,70,,31492,2,0,20 14 21 18,1,30,,31502,2,0,20 14 21 18,1,70,,31508,2,0,20 14 21 18,1,30,,31498,2,0,20 14 21 18,1,70,,31503,2,0,20 14 21 18,1,30,,31510,2,0,20 14 21 18,1,70,,31496,2,0,20 14 21 18,1,30,,31493,2,0,20 14 21 18,1,70,,25193,2,0,20 14 21 18,1,30,,31501,2,0,20 14 21 18,1,70,,31505,2,0,20 14 21 18,1,30,,31507,2,0,20 14 21 18,1,70,,31509,2,0,20 14 21 18,1,30,,31512,2,0,20 14 21 18,1,70,,31514,2,0,20 14 21 18,1,30,,31500,2,0,20 14 21 18,1,70,,22570,2,0,20 14 21 18,1,30,,31499,2,0,20 14 21 18,1,70,,31489,2,0,20 14 21 18,1,30,,31490,2,0,20 14 21 18,1,70,,31497,2,0,20 14 21 18,1,30,,31513,2,0,20 14 21 18,1,70,,31491,2,0,20 14 21 18,1,100,,31506,2,0,20 14 21 18,1,100,,31494,2,0,20 14 21 18,1,100,,31504,2,0,20 14 21 18,1,100,,31495,2,0,20 14 21 18,1,100,,31511,2,0,20 14 21 18,1
41500,'11',1815,,31518,2,0,20 14 21 18,1,100,,31516,2,0,20 14 21 18,1,100,,31519,2,0,20 14 21 18,1,100,,31520,2,0,20 14 21 18,1,100,,31517,2,0,20 14 21 18,1,100,,31521,2,0,20 14 21 18,1
41500,'12',1115,,31528,2,0,20 14 21 18,1,100,,31526,2,0,20 14 21 18,1,100,,31525,2,0,20 14 21 18,1,100,,31522,2,0,20 14 21 18,1,100,,31523,2,0,20 14 21 18,1,100,,31524,2,0,20 14 21 18,1,100,,31527,2,0,20 14 21 18,1
41500,'14',645,,31557,2,0,20 14 21 18,1,70,,31532,2,0,20 14 21 18,1,30,,31543,2,0,20 14 21 18,1,70,,31549,2,0,20 14 21 18,1,30,,31539,2,0,20 14 21 18,1,70,,31544,2,0,20 14 21 18,1,30,,31551,2,0,20 14 21 18,1,70,,31537,2,0,20 14 21 18,1,30,,31533,2,0,20 14 21 18,1,70,,31552,2,0,20 14 21 18,1,30,,31542,2,0,20 14 21 18,1,70,,31546,2,0,20 14 21 18,1,30,,31548,2,0,20 14 21 18,1,70,,31550,2,0,20 14 21 18,1,30,,31554,2,0,20 14 21 18,1,70,,31556,2,0,20 14 21 18,1,30,,31541,2,0,20 14 21 18,1,70,,31535,2,0,20 14 21 18,1,30,,31540,2,0,20 14 21 18,1,70,,31529,2,0,20 14 21 18,1,30,,31530,2,0,20 14 21 18,1,70,,31538,2,0,20 14 21 18,1,30,,31555,2,0,20 14 21 18,1,70,,31531,2,0,20 14 21 18,1,100,,31547,2,0,20 14 21 18,1,100,,31534,2,0,20 14 21 18,1,100,,31545,2,0,20 14 21 18,1,100,,31536,2,0,20 14 21 18,1,100,,31553,2,0,20 14 21 18,1
41500,'3',1815,,31560,2,0,20 14 21 18,1,100,,31558,2,0,20 14 21 18,1,100,,31561,2,0,20 14 21 18,1,100,,31562,2,0,20 14 21 18,1,100,,31559,2,0,20 14 21 18,1,100,,31563,2,0,20 14 21 18,1
41500,'8',915,,31567,2,0,20 14 21 18,1,100,,31579,2,0,20 14 21 18,1,30,,31573,2,0,20 14 21 18,1,70,,31565,2,0,20 14 21 18,1,30,,31580,2,0,20 14 21 18,1,70,,31576,2,0,20 14 21 18,1,30,,25256,2,0,20 14 21 18,1,70,,31566,2,0,20 14 21 18,1,30,,31570,2,0,20 14 21 18,1,70,,31569,2,0,20 14 21 18,1,30,,31578,2,0,20 14 21 18,1,70,,31572,2,0,20 14 21 18,1,30,,31575,2,0,20 14 21 18,1,70,,26882,2,0,20 14 21 18,1,30,,31571,2,0,20 14 21 18,1,70,,31568,2,0,20 14 21 18,1,30,,31564,2,0,20 14 21 18,1,70,,31577,2,0,20 14 21 18,1,100,,31574,2,0,20 14 21 18,1
41600,'1',715,,31669,2,0,19,1,30,,31674,2,0,19,1,70,,31678,2,0,19,1,30,,31668,2,0,19,1,70,,31671,2,0,19,1,30,,31693,2,0,19,1,70,,31667,2,0,19,1,30,,31685,2,0,19,1,70,,31679,2,0,19,1,30,,31694,2,0,19,1,70,,31687,2,0,19,1,30,,22957,2,0,19,1,70,,31676,2,0,19,1,30,,31675,2,0,19,1,70,,31692,2,0,19,1,30,,31682,2,0,19,1,70,,31688,2,0,19,1,30,,31677,2,0,19,1,70,,23655,2,0,19,1,30,,31670,2,0,19,1,70,,31683,2,0,19,1,30,,31673,2,0,19,1,70,,31689,2,0,19,1,30,,31691,2,0,19,1,70,,31696,2,0,19,1,30,,31695,2,0,19,1,70,,31686,2,0,19,1,30,,31666,2,0,19,1,70,,31684,2,0,19,1,30,,31680,2,0,19,1,70,,31672,2,0,19,1,30,,31690,2,0,19,1,70,,31681,2,0,19,1
41600,'11',1845,,31701,2,0,19,1,70,,31703,2,0,19,1,30,,31700,2,0,19,1,70,,31699,2,0,19,1,30,,23203,2,0,19,1,70,,31698,2,0,19,1,30,,31705,2,0,19,1,70,,31697,2,0,19,1,30,,31704,2,0,19,1,70,,31702,2,0,19,1
41600,'12',1045,,31715,2,0,19,1,70,,31710,2,0,19,1,30,,31713,2,0,19,1,70,,31708,2,0,19,1,30,,31717,2,0,19,1,70,,31716,2,0,19,1,30,,31718,2,0,19,1,70,,31714,2,0,19,1,30,,31711,2,0,19,1,70,,31707,2,0,19,1,30,,31709,2,0,19,1,70,,31719,2,0,19,1,30,,31712,2,0,19,1,70,,31720,2,0,19,1,30,,31706,2,0,19,1
41600,'14',715,,31724,2,0,19,1,30,,31731,2,0,19,1,70,,31735,2,0,19,1,30,,31723,2,0,19,1,70,,31727,2,0,19,1,30,,31748,2,0,19,1,70,,31722,2,0,19,1,30,,31741,2,0,19,1,70,,31736,2,0,19,1,30,,31749,2,0,19,1,70,,31743,2,0,19,1,30,,31725,2,0,19,1,70,,31733,2,0,19,1,30,,31732,2,0,19,1,70,,31747,2,0,19,1,30,,31738,2,0,19,1,70,,31744,2,0,19,1,30,,31734,2,0,19,1,70,,31730,2,0,19,1,30,,31726,2,0,19,1,70,,31739,2,0,19,1,30,,31729,2,0,19,1,70,,31745,2,0,19,1,30,,31746,2,0,19,1,70,,31751,2,0,19,1,30,,31750,2,0,19,1,70,,31742,2,0,19,1,30,,31721,2,0,19,1,70,,31740,2,0,19,1,30,,31737,2,0,19,1,70,,31728,2,0,19,1,30,,5913,2,0,19,1,70,,7358,2,0,19,1
41600,'3',1845,,31756,2,0,19,1,70,,31758,2,0,19,1,30,,31755,2,0,19,1,70,,31754,2,0,19,1,30,,23218,2,0,19,1,70,,31753,2,0,19,1,30,,31760,2,0,19,1,70,,31752,2,0,19,1,30,,31759,2,0,19,1,70,,31757,2,0,19,1
41600,'8',845,,31779,2,0,19,1,70,,31772,2,0,19,1,30,,25999,2,0,19,1,70,,31778,2,0,19,1,30,,31782,2,0,19,1,70,,31767,2,0,19,1,30,,31768,2,0,19,1,70,,31780,2,0,19,1,30,,31777,2,0,19,1,70,,31781,2,0,19,1,30,,31762,2,0,19,1,70,,31773,2,0,19,1,30,,31770,2,0,19,1,70,,31771,2,0,19,1,30,,31765,2,0,19,1,70,,31769,2,0,19,1,30,,31776,2,0,19,1,70,,31764,2,0,19,1,30,,31763,2,0,19,1,70,,31774,2,0,19,1,30,,31775,2,0,19,1,70,,31766,2,0,19,1,30,,31761,2,0,19,1
