30101,'12',628,,32947,18,0,5 15,1,30,,32948,18,0,5 15,1,70,,32969,18,0,5 15,1,30,,32985,18,0,5 15,1,70,,32960,18,0,5 15,1,30,,32976,18,0,5 15,1,70,,32954,18,0,5 15,1,30,,32952,18,0,5 15,1,70,,32986,18,0,5 15,1,30,,32966,18,0,5 15,1,70,,32967,18,0,5 15,1,30,,32945,18,0,5 15,1,70,,32955,18,0,5 15,1,30,,32957,18,0,5 15,1,70,,32987,18,0,5 15,1,30,,32991,18,0,5 15,1,70,,32956,18,0,5 15,1,30,,32990,18,0,5 15,1,70,,32980,18,0,5 15,1,30,,32971,18,0,5 15,1,70,,32972,18,0,5 15,1,30,,32994,18,0,5 15,1,70,,32993,18,0,5 15,1,30,,32977,18,0,5 15,1
30101,'13',628,,32997,18,0,5 15,1,30,,32998,18,0,5 15,1,70,,33016,18,0,5 15,1,30,,28476,18,0,5 15,1,70,,33008,18,0,5 15,1,30,,33022,18,0,5 15,1,70,,33003,18,0,5 15,1,30,,33001,18,0,5 15,1,70,,33030,18,0,5 15,1,30,,33014,18,0,5 15,1,70,,33015,18,0,5 15,1,30,,32995,18,0,5 15,1,70,,33004,18,0,5 15,1,30,,33006,18,0,5 15,1,70,,31703,18,0,5 15,1,30,,33033,18,0,5 15,1,70,,33005,18,0,5 15,1,30,,28477,18,0,5 15,1,70,,33026,18,0,5 15,1,30,,33017,18,0,5 15,1,70,,33018,18,0,5 15,1,30,,33036,18,0,5 15,1,70,,33035,18,0,5 15,1,30,,33023,18,0,5 15,1
30101,'3',628,,33039,18,0,5 15,1,30,,33040,18,0,5 15,1,70,,33058,18,0,5 15,1,30,,28491,18,0,5 15,1,70,,33050,18,0,5 15,1,30,,33064,18,0,5 15,1,70,,33045,18,0,5 15,1,30,,33043,18,0,5 15,1,70,,33072,18,0,5 15,1,30,,33056,18,0,5 15,1,70,,33057,18,0,5 15,1,30,,33037,18,0,5 15,1,70,,33046,18,0,5 15,1,30,,33048,18,0,5 15,1,70,,31758,18,0,5 15,1,30,,33075,18,0,5 15,1,70,,33047,18,0,5 15,1,30,,28492,18,0,5 15,1,70,,33068,18,0,5 15,1,30,,33059,18,0,5 15,1,70,,33060,18,0,5 15,1,30,,33078,18,0,5 15,1,70,,33077,18,0,5 15,1,30,,33065,18,0,5 15,1
30101,'6',628,,33081,18,0,5 15,1,30,,33082,18,0,5 15,1,70,,33103,18,0,5 15,1,30,,33119,18,0,5 15,1,70,,33094,18,0,5 15,1,30,,33110,18,0,5 15,1,70,,33088,18,0,5 15,1,30,,33086,18,0,5 15,1,70,,33120,18,0,5 15,1,30,,33100,18,0,5 15,1,70,,33101,18,0,5 15,1,30,,33079,18,0,5 15,1,70,,33089,18,0,5 15,1,30,,33091,18,0,5 15,1,70,,33121,18,0,5 15,1,30,,33125,18,0,5 15,1,70,,33090,18,0,5 15,1,30,,33124,18,0,5 15,1,70,,33114,18,0,5 15,1,30,,33105,18,0,5 15,1,70,,33106,18,0,5 15,1,30,,33128,18,0,5 15,1,70,,33127,18,0,5 15,1,30,,33111,18,0,5 15,1
40101,'1',642,,38036,18,0,16,1,70,,38052,18,0,16,1,30,,38025,18,0,16,1,70,,38054,18,0,16,1,30,,38057,18,0,16,1,70,,38048,18,0,16,1,30,,32002,18,0,16,1,70,,38046,18,0,16,1,30,,38060,18,0,16,1,70,,38020,18,0,16,1,30,,38034,18,0,16,1,70,,38031,18,0,16,1,30,,30519,18,0,16,1,70,,38038,18,0,16,1,30,,38026,18,0,16,1,70,,38043,18,0,16,1,30,,38045,18,0,16,1,70,,38063,18,0,16,1,30,,38040,18,0,16,1,70,,38033,18,0,16,1,30,,38032,18,0,16,1,70,,38027,18,0,16,1,30,,38056,18,0,16,1,70,,38059,18,0,16,1,30,,38037,18,0,16,1,100,,38012,18,0,16,1,100,,38028,18,0,16,1,100,,38049,18,0,16,1,100,,38013,18,0,16,1,100,,38011,18,0,5,1
40101,'11',642,,38093,18,0,16,1,70,,38112,18,0,16,1,30,,38082,18,0,16,1,70,,38114,18,0,16,1,30,,38117,18,0,16,1,70,,38107,18,0,16,1,30,,38102,18,0,16,1,70,,38105,18,0,16,1,30,,38120,18,0,16,1,70,,38077,18,0,16,1,30,,38091,18,0,16,1,70,,38088,18,0,16,1,30,,38099,18,0,16,1,70,,38094,18,0,16,1,30,,38083,18,0,16,1,70,,38101,18,0,16,1,30,,38104,18,0,16,1,70,,38124,18,0,16,1,30,,38097,18,0,16,1,70,,38090,18,0,16,1,30,,38089,18,0,16,1,70,,38084,18,0,16,1,30,,38116,18,0,16,1,70,,38119,18,0,16,1,30,,38095,18,0,16,1,100,,38069,18,0,16,1,100,,38085,18,0,16,1,100,,38108,18,0,16,1,100,,38070,18,0,16,1,100,,38068,18,0,5,1
40101,'12',1842,,38134,18,0,16,1,100,,38133,18,0,16,1,100,,38132,18,0,16,1,100,,38128,18,0,16,1,100,,38137,18,0,16,1,100,,38130,18,0,5,1
40101,'13',1842,,38145,18,0,16,1,100,,38144,18,0,16,1,100,,38143,18,0,16,1,100,,38139,18,0,16,1,100,,38148,18,0,16,1,100,,38141,18,0,5,1
40101,'14',1042,,38157,18,0,16,1,100,,38159,18,0,16,1,100,,38158,18,0,16,1,100,,38153,18,0,16,1,100,,38156,18,0,16,1,100,,38151,18,0,16,1,100,,38162,18,0,16,1,100,,38149,18,0,5,1
40101,'16',642,,38191,18,0,16,1,70,,38207,18,0,16,1,30,,38180,18,0,16,1,70,,38209,18,0,16,1,30,,38212,18,0,16,1,70,,38203,18,0,16,1,30,,32040,18,0,16,1,70,,38201,18,0,16,1,30,,38215,18,0,16,1,70,,38175,18,0,16,1,30,,38189,18,0,16,1,70,,38186,18,0,16,1,30,,30556,18,0,16,1,70,,38193,18,0,16,1,30,,38181,18,0,16,1,70,,38198,18,0,16,1,30,,38200,18,0,16,1,70,,38218,18,0,16,1,30,,38195,18,0,16,1,70,,38188,18,0,16,1,30,,38187,18,0,16,1,70,,38182,18,0,16,1,30,,38211,18,0,16,1,70,,38214,18,0,16,1,30,,38192,18,0,16,1,100,,38167,18,0,16,1,100,,38183,18,0,16,1,100,,38204,18,0,16,1,100,,38168,18,0,16,1,100,,38166,18,0,5,1
40101,'3',1842,,38228,18,0,16,1,100,,38227,18,0,16,1,100,,38226,18,0,16,1,100,,38222,18,0,16,1,100,,38231,18,0,16,1,100,,38224,18,0,5,1
40101,'6',1842,,38239,18,0,16,1,100,,38238,18,0,16,1,100,,38237,18,0,16,1,100,,38233,18,0,16,1,100,,38242,18,0,16,1,100,,38235,18,0,5,1
40101,'8',842,,38272,18,0,16,1,100,,38276,18,0,16,1,100,,38252,18,0,16,1,70,,38262,18,0,16,1,30,,38268,18,0,16,1,70,,38258,18,0,16,1,30,,38281,18,0,16,1,70,,38247,18,0,16,1,30,,38243,18,0,16,1,70,,38260,18,0,16,1,30,,38253,18,0,16,1,70,,38274,18,0,16,1,30,,38254,18,0,16,1,70,,38267,18,0,16,1,30,,38251,18,0,16,1,70,,38244,18,0,16,1,30,,38269,18,0,16,1,70,,38248,18,0,16,1,30,,38273,18,0,16,1,100,,38279,18,0,16,1
