30701,'12',651,,34135,7,,,1,70,,34148,7,,,1,30,,34147,7,,,1,70,,34156,7,,,1,30,,34138,7,,,1,70,,34151,7,,,1,30,,34140,7,,,1,71,,34149,7,,,1,30,,34136,7,,,1,70,,34143,7,,,1,30,,34145,7,,,1,70,,34133,7,,,1,30,,34134,7,,,1,70,,34142,7,,,1,30,,34152,7,,,1,70,,34155,7,,,1,30,,34154,7,,,1,70,,34141,7,,,1,30,,34146,7,,,1,70,,34139,7,,,1,30,,34153,7,,,1,70,,34150,7,,,1,30,,34137,7,,,1
30701,'13',651,,34159,7,,,1,70,,34170,7,,,1,30,,34169,7,,,1,70,,34178,7,,,1,30,,34162,7,,,1,70,,34173,7,,,1,30,,34164,7,,,1,71,,34171,7,,,1,30,,34160,7,,,1,70,,34166,7,,,1,30,,28152,7,,,1,70,,34157,7,,,1,30,,34158,7,,,1,70,,6785,7,,,1,30,,34174,7,,,1,70,,34177,7,,,1,30,,34176,7,,,1,70,,34165,7,,,1,30,,34168,7,,,1,70,,34163,7,,,1,30,,34175,7,,,1,70,,34172,7,,,1,30,,34161,7,,,1
30701,'3',651,,34181,7,,,1,70,,34192,7,,,1,30,,34191,7,,,1,70,,34200,7,,,1,30,,34184,7,,,1,70,,34195,7,,,1,30,,34186,7,,,1,71,,34193,7,,,1,30,,34182,7,,,1,70,,34188,7,,,1,30,,28174,7,,,1,70,,34179,7,,,1,30,,34180,7,,,1,70,,6829,7,,,1,30,,34196,7,,,1,70,,34199,7,,,1,30,,34198,7,,,1,70,,34187,7,,,1,30,,34190,7,,,1,70,,34185,7,,,1,30,,34197,7,,,1,70,,34194,7,,,1,30,,34183,7,,,1
30701,'6',651,,34203,7,,,1,70,,34216,7,,,1,30,,34215,7,,,1,70,,34224,7,,,1,30,,34206,7,,,1,70,,34219,7,,,1,30,,34208,7,,,1,71,,34217,7,,,1,30,,34204,7,,,1,70,,34211,7,,,1,30,,34213,7,,,1,70,,34201,7,,,1,30,,34202,7,,,1,70,,34210,7,,,1,30,,34220,7,,,1,70,,34223,7,,,1,30,,34222,7,,,1,70,,34209,7,,,1,30,,34214,7,,,1,70,,34207,7,,,1,30,,34221,7,,,1,70,,34218,7,,,1,30,,34205,7,,,1
41701,'1',620,,40905,2,0,62,1,30,,40894,2,0,62,1,70,,30080,2,0,62,1,30,,32586,2,0,62,1,70,,40904,2,0,62,1,30,,30610,2,0,62,1,70,,40885,2,0,62,1,30,,40902,2,0,62,1,70,,31345,2,0,62,1,30,,40901,2,0,62,1,70,,29900,2,0,62,1,30,,31670,2,0,62,1,70,,40895,2,0,62,1,30,,40889,2,0,62,1,70,,40899,2,0,62,1,30,,40891,2,0,62,1,70,,40900,2,0,62,1,30,,40893,2,0,62,1,70,,29109,2,0,62,1,30,,32248,2,0,62,1,70,,40897,2,0,62,1,30,,40898,2,0,62,1,70,,40887,2,0,62,1,30,,40903,2,0,62,1,70,,21426,2,0,62,1,100,,40892,2,0,62,1,100,,40888,2,0,62,1,100,,40886,2,0,62,1,100,,40896,2,0,62,1,100,,40890,2,0,62,1
41701,'11',620,,40935,2,0,62,1,30,,40918,2,0,62,1,70,,40927,2,0,62,1,30,,40923,2,0,62,1,70,,40934,2,0,62,1,30,,40933,2,0,62,1,70,,40908,2,0,62,1,30,,40931,2,0,62,1,70,,40924,2,0,62,1,30,,40930,2,0,62,1,70,,40929,2,0,62,1,30,,40910,2,0,62,1,70,,40919,2,0,62,1,30,,40913,2,0,62,1,70,,40926,2,0,62,1,30,,40915,2,0,62,1,70,,40928,2,0,62,1,30,,40917,2,0,62,1,70,,40907,2,0,62,1,30,,40906,2,0,62,1,70,,40922,2,0,62,1,30,,40925,2,0,62,1,70,,40911,2,0,62,1,30,,40932,2,0,62,1,70,,40921,2,0,62,1,100,,40916,2,0,62,1,100,,40912,2,0,62,1,100,,40909,2,0,62,1,100,,40920,2,0,62,1,100,,40914,2,0,62,1
41701,'12',1820,,40936,2,0,62,1,100,,40941,2,0,62,1,100,,40940,2,0,62,1,100,,40937,2,0,62,1,100,,40939,2,0,62,1,100,,40938,2,0,62,1
41701,'13',1820,,40942,2,0,62,1,100,,40947,2,0,62,1,100,,40946,2,0,62,1,100,,40943,2,0,62,1,100,,40945,2,0,62,1,100,,40944,2,0,62,1
41701,'14',1120,,40951,2,0,62,1,100,,40953,2,0,62,1,100,,40950,2,0,62,1,100,,40952,2,0,62,1,100,,40954,2,0,62,1,100,,40949,2,0,62,1,100,,40948,2,0,62,1
41701,'16',620,,40976,2,0,62,1,30,,40964,2,0,62,1,70,,30161,2,0,62,1,30,,40968,2,0,62,1,70,,40975,2,0,62,1,30,,30647,2,0,62,1,70,,40955,2,0,62,1,30,,40973,2,0,62,1,70,,31386,2,0,62,1,30,,40972,2,0,62,1,70,,29981,2,0,62,1,30,,31726,2,0,62,1,70,,40965,2,0,62,1,30,,40959,2,0,62,1,70,,40970,2,0,62,1,30,,40961,2,0,62,1,70,,40971,2,0,62,1,30,,40963,2,0,62,1,70,,17746,2,0,62,1,30,,32291,2,0,62,1,70,,40967,2,0,62,1,30,,40969,2,0,62,1,70,,40957,2,0,62,1,30,,40974,2,0,62,1,70,,31209,2,0,62,1,100,,40962,2,0,62,1,100,,40958,2,0,62,1,100,,40956,2,0,62,1,100,,40966,2,0,62,1,100,,40960,2,0,62,1
41701,'3',1820,,40977,2,0,62,1,100,,40982,2,0,62,1,100,,40981,2,0,62,1,100,,40978,2,0,62,1,100,,40980,2,0,62,1,100,,40979,2,0,62,1
41701,'6',1820,,40983,2,0,62,1,100,,40988,2,0,62,1,100,,40987,2,0,62,1,100,,40984,2,0,62,1,100,,40986,2,0,62,1,100,,40985,2,0,62,1
41701,'8',920,,40990,2,0,62,1,130,,41004,2,0,62,1,70,,40991,2,0,62,1,30,,40998,2,0,62,1,70,,40994,2,0,62,1,30,,40992,2,0,62,1,70,,40999,2,0,62,1,100,,41000,2,0,62,1,30,,40989,2,0,62,1,70,,40995,2,0,62,1,30,,40997,2,0,62,1,70,,41001,2,0,62,1,30,,41003,2,0,62,1,70,,40996,2,0,62,1,30,,40993,2,0,62,1,70,,41002,2,0,62,1,100,,30209,2,0,62,1
