30700,'1',643,,1369,25,0,65 14,1,70,,1364,25,0,65 14,1,30,,1357,25,0,65 14,1,70,,1371,25,0,65 14,1,30,,1368,25,0,65 14,1,70,,1374,25,0,65 14,1,30,,1366,25,0,65 14,1,70,,1356,25,0,65 14,1,30,,1354,25,0,65 14,1,70,,1370,25,0,65 14,1,30,,1362,25,0,65 14,1,70,,1353,25,0,65 14,1,30,,1360,25,0,65 14,1,70,,1375,25,0,65 14,1,30,,1358,25,0,65 14,1,70,,1361,25,0,65 14,1,30,,1359,25,0,65 14,1,70,,1355,25,0,65 14,1,30,,1365,25,0,65 14,1,70,,1372,25,0,65 14,1,30,,1363,25,0,65 14,1,70,,1367,25,0,65 14,1,30,,1373,25,0,65 14,1
30700,'10',643,,1392,25,0,65 14,1,70,,1387,25,0,65 14,1,30,,1380,25,0,65 14,1,70,,1394,25,0,65 14,1,30,,1391,25,0,65 14,1,70,,1397,25,0,65 14,1,30,,1389,25,0,65 14,1,70,,1379,25,0,65 14,1,30,,1377,25,0,65 14,1,70,,1393,25,0,65 14,1,30,,1385,25,0,65 14,1,70,,1376,25,0,65 14,1,30,,1383,25,0,65 14,1,70,,1398,25,0,65 14,1,30,,1381,25,0,65 14,1,70,,1384,25,0,65 14,1,30,,1382,25,0,65 14,1,70,,1378,25,0,65 14,1,30,,1388,25,0,65 14,1,70,,1395,25,0,65 14,1,30,,1386,25,0,65 14,1,70,,1390,25,0,65 14,1,30,,1396,25,0,65 14,1
30700,'11',643,,1415,25,0,65 14,1,70,,1410,25,0,65 14,1,30,,1403,25,0,65 14,1,70,,1417,25,0,65 14,1,30,,1414,25,0,65 14,1,70,,1420,25,0,65 14,1,30,,1412,25,0,65 14,1,70,,1402,25,0,65 14,1,30,,1400,25,0,65 14,1,70,,1416,25,0,65 14,1,30,,1408,25,0,65 14,1,70,,1399,25,0,65 14,1,30,,1406,25,0,65 14,1,70,,1421,25,0,65 14,1,30,,1404,25,0,65 14,1,70,,1407,25,0,65 14,1,30,,1405,25,0,65 14,1,70,,1401,25,0,65 14,1,30,,1411,25,0,65 14,1,70,,1418,25,0,65 14,1,30,,1409,25,0,65 14,1,70,,1413,25,0,65 14,1,30,,1419,25,0,65 14,1
30700,'3',643,,1438,25,0,65 14,1,70,,1433,25,0,65 14,1,30,,1426,25,0,65 14,1,70,,1440,25,0,65 14,1,30,,1437,25,0,65 14,1,70,,1443,25,0,65 14,1,30,,1435,25,0,65 14,1,70,,1425,25,0,65 14,1,30,,1423,25,0,65 14,1,70,,1439,25,0,65 14,1,30,,1431,25,0,65 14,1,70,,1422,25,0,65 14,1,30,,1429,25,0,65 14,1,70,,1444,25,0,65 14,1,30,,1427,25,0,65 14,1,70,,1430,25,0,65 14,1,30,,1428,25,0,65 14,1,70,,1424,25,0,65 14,1,30,,1434,25,0,65 14,1,70,,1441,25,0,65 14,1,30,,1432,25,0,65 14,1,70,,1436,25,0,65 14,1,30,,1442,25,0,65 14,1
41700,'1',1832,,7642,40,0,67,1,100,,7643,40,0,67,1,100,,7639,40,0,67,1,100,,7640,40,0,67,1,100,,7641,40,0,67,1,100,,7638,40,0,67,1
41700,'10',1832,,7648,40,0,67,1,100,,7649,40,0,67,1,100,,7645,40,0,67,1,100,,7646,40,0,67,1,100,,7647,40,0,67,1,100,,7644,40,0,67,1
41700,'11',1832,,7654,40,0,67,1,100,,7655,40,0,67,1,100,,7651,40,0,67,1,100,,7652,40,0,67,1,100,,7653,40,0,67,1,100,,7650,40,0,67,1
41700,'12',1132,,7656,40,0,67,1,100,,7660,40,0,67,1,100,,7658,40,0,67,1,100,,7662,40,0,67,1,100,,7661,40,0,67,1,100,,7657,40,0,67,1,100,,7659,40,0,67,1
41700,'14',631,,7672,40,0,67,1,70,,7688,40,0,67,1,31,,7665,40,0,67,1,70,,7690,40,0,67,1,30,,7682,40,0,67,1,70,,7680,40,0,67,1,30,,7681,40,0,67,1,70,,7669,40,0,67,1,30,,7684,40,0,67,1,70,,7671,40,0,67,1,30,,7675,40,0,67,1,70,,7676,40,0,67,1,30,,7691,40,0,67,1,70,,7686,40,0,67,1,30,,7664,40,0,67,1,70,,7687,40,0,67,1,30,,7692,40,0,67,1,70,,7663,40,0,67,1,30,,7673,40,0,67,1,70,,7677,40,0,67,1,30,,7666,40,0,67,1,70,,7689,40,0,67,1,30,,7667,40,0,67,1,70,,7683,40,0,67,1,30,,7674,40,0,67,1,100,,7685,40,0,67,1,100,,7668,40,0,67,1,100,,7679,40,0,67,1,100,,7678,40,0,67,1,100,,7670,40,0,67,1
41700,'3',1832,,7697,40,0,67,1,100,,7698,40,0,67,1,100,,7694,40,0,67,1,100,,7695,40,0,67,1,100,,7696,40,0,67,1,100,,7693,40,0,67,1
41700,'7',932,,7707,40,0,67,1,100,,7704,40,0,67,1,70,,7700,40,0,67,1,30,,7699,40,0,67,1,70,,7712,40,0,67,1,30,,7708,40,0,67,1,70,,7703,40,0,67,1,30,,7706,40,0,67,1,70,,7717,40,0,67,1,30,,7714,40,0,67,1,70,,7702,40,0,67,1,30,,7705,40,0,67,1,70,,7710,40,0,67,1,30,,7709,40,0,67,1,70,,7716,40,0,67,1,30,,7701,40,0,67,1,70,,7711,40,0,67,1,30,,7715,40,0,67,1,100,,7713,40,0,67,1
