30101,'12',629,,32947,20,0,5 15,1,30,,32948,20,0,5 15,1,70,,32969,20,0,5 15,1,30,,32985,20,0,5 15,1,70,,32960,20,0,5 15,1,30,,32976,20,0,5 15,1,70,,32954,20,0,5 15,1,30,,32952,20,0,5 15,1,70,,32986,20,0,5 15,1,30,,32966,20,0,5 15,1,70,,32967,20,0,5 15,1,30,,32945,20,0,5 15,1,70,,32955,20,0,5 15,1,30,,32957,20,0,5 15,1,70,,32987,20,0,5 15,1,30,,32991,20,0,5 15,1,70,,32956,20,0,5 15,1,30,,32990,20,0,5 15,1,70,,32980,20,0,5 15,1,30,,32971,20,0,5 15,1,70,,32972,20,0,5 15,1,30,,32994,20,0,5 15,1,70,,32993,20,0,5 15,1,30,,32977,20,0,5 15,1
30101,'13',629,,32997,20,0,5 15,1,30,,32998,20,0,5 15,1,70,,33016,20,0,5 15,1,30,,28476,20,0,5 15,1,70,,33008,20,0,5 15,1,30,,33022,20,0,5 15,1,70,,33003,20,0,5 15,1,30,,33001,20,0,5 15,1,70,,33030,20,0,5 15,1,30,,33014,20,0,5 15,1,70,,33015,20,0,5 15,1,30,,32995,20,0,5 15,1,70,,33004,20,0,5 15,1,30,,33006,20,0,5 15,1,70,,31703,20,0,5 15,1,30,,33033,20,0,5 15,1,70,,33005,20,0,5 15,1,30,,28477,20,0,5 15,1,70,,33026,20,0,5 15,1,30,,33017,20,0,5 15,1,70,,33018,20,0,5 15,1,30,,33036,20,0,5 15,1,70,,33035,20,0,5 15,1,30,,33023,20,0,5 15,1
30101,'3',629,,33039,20,0,5 15,1,30,,33040,20,0,5 15,1,70,,33058,20,0,5 15,1,30,,28491,20,0,5 15,1,70,,33050,20,0,5 15,1,30,,33064,20,0,5 15,1,70,,33045,20,0,5 15,1,30,,33043,20,0,5 15,1,70,,33072,20,0,5 15,1,30,,33056,20,0,5 15,1,70,,33057,20,0,5 15,1,30,,33037,20,0,5 15,1,70,,33046,20,0,5 15,1,30,,33048,20,0,5 15,1,70,,31758,20,0,5 15,1,30,,33075,20,0,5 15,1,70,,33047,20,0,5 15,1,30,,28492,20,0,5 15,1,70,,33068,20,0,5 15,1,30,,33059,20,0,5 15,1,70,,33060,20,0,5 15,1,30,,33078,20,0,5 15,1,70,,33077,20,0,5 15,1,30,,33065,20,0,5 15,1
30101,'6',629,,33081,20,0,5 15,1,30,,33082,20,0,5 15,1,70,,33103,20,0,5 15,1,30,,33119,20,0,5 15,1,70,,33094,20,0,5 15,1,30,,33110,20,0,5 15,1,70,,33088,20,0,5 15,1,30,,33086,20,0,5 15,1,70,,33120,20,0,5 15,1,30,,33100,20,0,5 15,1,70,,33101,20,0,5 15,1,30,,33079,20,0,5 15,1,70,,33089,20,0,5 15,1,30,,33091,20,0,5 15,1,70,,33121,20,0,5 15,1,30,,33125,20,0,5 15,1,70,,33090,20,0,5 15,1,30,,33124,20,0,5 15,1,70,,33114,20,0,5 15,1,30,,33105,20,0,5 15,1,70,,33106,20,0,5 15,1,30,,33128,20,0,5 15,1,70,,33127,20,0,5 15,1,30,,33111,20,0,5 15,1
40101,'1',643,,38036,20,0,16,1,70,,38052,20,0,16,1,30,,38025,20,0,16,1,70,,38054,20,0,16,1,30,,38057,20,0,16,1,70,,38048,20,0,16,1,30,,32002,20,0,16,1,70,,38046,20,0,16,1,30,,38060,20,0,16,1,70,,38020,20,0,16,1,30,,38034,20,0,16,1,70,,38031,20,0,16,1,30,,30519,20,0,16,1,70,,38038,20,0,16,1,30,,38026,20,0,16,1,70,,38043,20,0,16,1,30,,38045,20,0,16,1,70,,38063,20,0,16,1,30,,38040,20,0,16,1,70,,38033,20,0,16,1,30,,38032,20,0,16,1,70,,38027,20,0,16,1,30,,38056,20,0,16,1,70,,38059,20,0,16,1,30,,38037,20,0,16,1,100,,38012,20,0,16,1,100,,38028,20,0,16,1,100,,38049,20,0,16,1,100,,38013,20,0,16,1,100,,38011,20,0,5,1
40101,'11',643,,38093,20,0,16,1,70,,38112,20,0,16,1,30,,38082,20,0,16,1,70,,38114,20,0,16,1,30,,38117,20,0,16,1,70,,38107,20,0,16,1,30,,38102,20,0,16,1,70,,38105,20,0,16,1,30,,38120,20,0,16,1,70,,38077,20,0,16,1,30,,38091,20,0,16,1,70,,38088,20,0,16,1,30,,38099,20,0,16,1,70,,38094,20,0,16,1,30,,38083,20,0,16,1,70,,38101,20,0,16,1,30,,38104,20,0,16,1,70,,38124,20,0,16,1,30,,38097,20,0,16,1,70,,38090,20,0,16,1,30,,38089,20,0,16,1,70,,38084,20,0,16,1,30,,38116,20,0,16,1,70,,38119,20,0,16,1,30,,38095,20,0,16,1,100,,38069,20,0,16,1,100,,38085,20,0,16,1,100,,38108,20,0,16,1,100,,38070,20,0,16,1,100,,38068,20,0,5,1
40101,'12',1843,,38134,20,0,16,1,100,,38133,20,0,16,1,100,,38132,20,0,16,1,100,,38128,20,0,16,1,100,,38137,20,0,16,1,100,,38130,20,0,5,1
40101,'13',1843,,38145,20,0,16,1,100,,38144,20,0,16,1,100,,38143,20,0,16,1,100,,38139,20,0,16,1,100,,38148,20,0,16,1,100,,38141,20,0,5,1
40101,'14',1043,,38157,20,0,16,1,100,,38159,20,0,16,1,100,,38158,20,0,16,1,100,,38153,20,0,16,1,100,,38156,20,0,16,1,100,,38151,20,0,16,1,100,,38162,20,0,16,1,100,,38149,20,0,5,1
40101,'16',643,,38191,20,0,16,1,70,,38207,20,0,16,1,30,,38180,20,0,16,1,70,,38209,20,0,16,1,30,,38212,20,0,16,1,70,,38203,20,0,16,1,30,,32040,20,0,16,1,70,,38201,20,0,16,1,30,,38215,20,0,16,1,70,,38175,20,0,16,1,30,,38189,20,0,16,1,70,,38186,20,0,16,1,30,,30556,20,0,16,1,70,,38193,20,0,16,1,30,,38181,20,0,16,1,70,,38198,20,0,16,1,30,,38200,20,0,16,1,70,,38218,20,0,16,1,30,,38195,20,0,16,1,70,,38188,20,0,16,1,30,,38187,20,0,16,1,70,,38182,20,0,16,1,30,,38211,20,0,16,1,70,,38214,20,0,16,1,30,,38192,20,0,16,1,100,,38167,20,0,16,1,100,,38183,20,0,16,1,100,,38204,20,0,16,1,100,,38168,20,0,16,1,100,,38166,20,0,5,1
40101,'3',1843,,38228,20,0,16,1,100,,38227,20,0,16,1,100,,38226,20,0,16,1,100,,38222,20,0,16,1,100,,38231,20,0,16,1,100,,38224,20,0,5,1
40101,'6',1843,,38239,20,0,16,1,100,,38238,20,0,16,1,100,,38237,20,0,16,1,100,,38233,20,0,16,1,100,,38242,20,0,16,1,100,,38235,20,0,5,1
40101,'8',843,,38272,20,0,16,1,100,,38276,20,0,16,1,100,,38252,20,0,16,1,70,,38262,20,0,16,1,30,,38268,20,0,16,1,70,,38258,20,0,16,1,30,,38281,20,0,16,1,70,,38247,20,0,16,1,30,,38243,20,0,16,1,70,,38260,20,0,16,1,30,,38253,20,0,16,1,70,,38274,20,0,16,1,30,,38254,20,0,16,1,70,,38267,20,0,16,1,30,,38251,20,0,16,1,70,,38244,20,0,16,1,30,,38269,20,0,16,1,70,,38248,20,0,16,1,30,,38273,20,0,16,1,100,,38279,20,0,16,1
