30201,'12',633,,33215,27,0,24,1,70,,33224,27,0,24,1,30,,33225,27,0,24,1,70,,33230,27,0,24,1,30,,33218,27,0,24,1,70,,33235,27,0,24,1,30,,33219,27,0,24,1,70,,33229,27,0,24,1,33,,33231,27,0,24,1,70,,33237,27,0,24,1,30,,33216,27,0,24,1,70,,33217,27,0,24,1,30,,33232,27,0,24,1,70,,33226,27,0,24,1,30,,33223,27,0,24,1,70,,33227,27,0,24,1,33,,33228,27,0,24,1,78,,33221,27,0,24,1,30,,33220,27,0,24,1,70,,33234,27,0,24,1,30,,33233,27,0,24,1,70,,33238,27,0,24,1,30,,33222,27,0,24,1,70,,33236,27,0,24,1
30201,'13',633,,33239,27,0,24,1,70,,33248,27,0,24,1,30,,33249,27,0,24,1,70,,33254,27,0,24,1,30,,33242,27,0,24,1,70,,33258,27,0,24,1,30,,33243,27,0,24,1,70,,33253,27,0,24,1,33,,33255,27,0,24,1,70,,33260,27,0,24,1,30,,33240,27,0,24,1,70,,33241,27,0,24,1,30,,33256,27,0,24,1,70,,33250,27,0,24,1,30,,33247,27,0,24,1,70,,33251,27,0,24,1,33,,33252,27,0,24,1,78,,33245,27,0,24,1,30,,33244,27,0,24,1,70,,33257,27,0,24,1,30,,29290,27,0,24,1,70,,28820,27,0,24,1,30,,33246,27,0,24,1,70,,33259,27,0,24,1
30201,'3',633,,33261,27,0,24,1,70,,33270,27,0,24,1,30,,33271,27,0,24,1,70,,33276,27,0,24,1,30,,33264,27,0,24,1,70,,33280,27,0,24,1,30,,33265,27,0,24,1,70,,33275,27,0,24,1,33,,33277,27,0,24,1,70,,33282,27,0,24,1,30,,33262,27,0,24,1,70,,33263,27,0,24,1,30,,33278,27,0,24,1,70,,33272,27,0,24,1,30,,33269,27,0,24,1,70,,33273,27,0,24,1,33,,33274,27,0,24,1,78,,33267,27,0,24,1,30,,33266,27,0,24,1,70,,33279,27,0,24,1,30,,29309,27,0,24,1,70,,28843,27,0,24,1,30,,33268,27,0,24,1,70,,33281,27,0,24,1
30201,'6',633,,33283,27,0,24,1,70,,33292,27,0,24,1,30,,33293,27,0,24,1,70,,33298,27,0,24,1,30,,33286,27,0,24,1,70,,33303,27,0,24,1,30,,33287,27,0,24,1,70,,33297,27,0,24,1,33,,33299,27,0,24,1,70,,33305,27,0,24,1,30,,33284,27,0,24,1,70,,33285,27,0,24,1,30,,33300,27,0,24,1,70,,33294,27,0,24,1,30,,33291,27,0,24,1,70,,33295,27,0,24,1,33,,33296,27,0,24,1,78,,33289,27,0,24,1,30,,33288,27,0,24,1,70,,33302,27,0,24,1,30,,33301,27,0,24,1,70,,33306,27,0,24,1,30,,33290,27,0,24,1,70,,33304,27,0,24,1
40201,'1',700,,38428,27,0,24,1,30,,38425,27,0,24,1,70,,38426,27,0,24,1,30,,38427,27,0,24,1,70,,38437,27,0,24,1,30,,38432,27,0,24,1,70,,38441,27,0,24,1,30,,38423,27,0,24,1,70,,38430,27,0,24,1,30,,38436,27,0,24,1,70,,38419,27,0,24,1,30,,38433,27,0,24,1,70,,38438,27,0,24,1,30,,31028,27,0,24,1,70,,38418,27,0,24,1,30,,38415,27,0,24,1,70,,38424,27,0,24,1,30,,38431,27,0,24,1,70,,38435,27,0,24,1,30,,38421,27,0,24,1,70,,31249,27,0,24,1,30,,38417,27,0,24,1,70,,38422,27,0,24,1,30,,38442,27,0,24,1,70,,38434,27,0,24,1,58,,38429,27,0,24,1,100,,38440,27,0,24,1,100,,38420,27,0,24,1,100,,38439,27,0,24,1,100,,38416,27,0,24,1
40201,'11',700,,38459,27,0,24,1,30,,38456,27,0,24,1,70,,38457,27,0,24,1,30,,38458,27,0,24,1,70,,38454,27,0,24,1,30,,38463,27,0,24,1,70,,38471,27,0,24,1,30,,38453,27,0,24,1,70,,38461,27,0,24,1,30,,38467,27,0,24,1,70,,38449,27,0,24,1,30,,38464,27,0,24,1,70,,38468,27,0,24,1,30,,38443,27,0,24,1,70,,38448,27,0,24,1,30,,38444,27,0,24,1,70,,38455,27,0,24,1,30,,38462,27,0,24,1,70,,38466,27,0,24,1,30,,38451,27,0,24,1,70,,38446,27,0,24,1,30,,38447,27,0,24,1,70,,38452,27,0,24,1,30,,38472,27,0,24,1,70,,38465,27,0,24,1,58,,38460,27,0,24,1,100,,38470,27,0,24,1,100,,38450,27,0,24,1,100,,38469,27,0,24,1,100,,38445,27,0,24,1
40201,'12',1900,,38476,27,0,24,1,58,,38473,27,0,24,1,100,,38474,27,0,24,1,100,,38478,27,0,24,1,100,,38475,27,0,24,1,100,,38477,27,0,24,1
40201,'13',1900,,38482,27,0,24,1,58,,38479,27,0,24,1,100,,38480,27,0,24,1,100,,38484,27,0,24,1,100,,38481,27,0,24,1,100,,38483,27,0,24,1
40201,'14',1200,,38488,27,0,24,1,100,,29737,27,0,24,1,100,,38487,27,0,24,1,100,,38486,27,0,24,1,100,,38490,27,0,24,1,100,,38485,27,0,24,1,100,,38489,27,0,24,1
40201,'16',700,,38504,27,0,24,1,30,,38501,27,0,24,1,70,,38502,27,0,24,1,30,,38503,27,0,24,1,70,,38513,27,0,24,1,30,,38508,27,0,24,1,70,,38517,27,0,24,1,30,,38499,27,0,24,1,70,,38506,27,0,24,1,30,,38512,27,0,24,1,70,,38495,27,0,24,1,30,,38509,27,0,24,1,70,,38514,27,0,24,1,30,,31065,27,0,24,1,70,,38494,27,0,24,1,30,,38491,27,0,24,1,70,,38500,27,0,24,1,30,,38507,27,0,24,1,70,,38511,27,0,24,1,30,,38497,27,0,24,1,70,,31288,27,0,24,1,30,,38493,27,0,24,1,70,,38498,27,0,24,1,30,,38518,27,0,24,1,70,,38510,27,0,24,1,58,,38505,27,0,24,1,100,,38516,27,0,24,1,100,,38496,27,0,24,1,100,,38515,27,0,24,1,100,,38492,27,0,24,1
40201,'3',1900,,38522,27,0,24,1,58,,38519,27,0,24,1,100,,38520,27,0,24,1,100,,38524,27,0,24,1,100,,38521,27,0,24,1,100,,38523,27,0,24,1
40201,'6',1900,,38528,27,0,24,1,58,,38525,27,0,24,1,100,,38526,27,0,24,1,100,,38530,27,0,24,1,100,,38527,27,0,24,1,100,,38529,27,0,24,1
40201,'8',1000,,38533,27,0,24,1,100,,38534,27,0,24,1,30,,38536,27,0,24,1,70,,25796,27,0,24,1,30,,38545,27,0,24,1,70,,38542,27,0,24,1,30,,38540,27,0,24,1,70,,38539,27,0,24,1,30,,38547,27,0,24,1,70,,38532,27,0,24,1,30,,38544,27,0,24,1,70,,38543,27,0,24,1,30,,38535,27,0,24,1,70,,38538,27,0,24,1,30,,38531,27,0,24,1,70,,38548,27,0,24,1,30,,38541,27,0,24,1,70,,38546,27,0,24,1,58,,38537,27,0,24,1
