30100,'15',605,,8846,9,0,5 6,1,30,,8861,9,0,5 6,1,70,,8850,9,0,5 6,1,30,,8836,9,0,5 6,1,70,,8845,9,0,5 6,1,30,,8839,9,0,5 6,1,70,,8827,9,0,5 6,1,30,,8841,9,0,5 6,1,70,,8849,9,0,5 6,1,30,,8834,9,0,5 6,1,70,,8853,9,0,5 6,1,30,,8857,9,0,5 6,1,70,,8828,9,0,5 6,1,30,,8843,9,0,5 6,1,70,,8871,9,0,5 6,1,30,,8831,9,0,5 6,1,70,,8851,9,0,5 6,1,30,,8838,9,0,5 6,1,70,,8837,9,0,5 6,1,30,,8854,9,0,5 6,1,70,,8855,9,0,5 6,1,30,,8858,9,0,5 6,1,70,,8840,9,0,5 6,1,30,,8829,9,0,5 6,1
30100,'16',605,,2451,9,0,5 6,1,30,,8895,9,0,5 6,1,70,,8887,9,0,5 6,1,30,,8879,9,0,5 6,1,70,,8885,9,0,5 6,1,30,,8881,9,0,5 6,1,70,,8873,9,0,5 6,1,30,,8883,9,0,5 6,1,70,,1097,9,0,5 6,1,30,,6860,9,0,5 6,1,70,,8890,9,0,5 6,1,30,,8893,9,0,5 6,1,70,,5228,9,0,5 6,1,30,,2909,9,0,5 6,1,70,,8905,9,0,5 6,1,30,,8875,9,0,5 6,1,70,,8888,9,0,5 6,1,30,,2345,9,0,5 6,1,70,,8880,9,0,5 6,1,30,,8891,9,0,5 6,1,70,,8892,9,0,5 6,1,30,,1201,9,0,5 6,1,70,,8882,9,0,5 6,1,30,,4441,9,0,5 6,1
30100,'17',605,,2474,9,0,5 6,1,30,,8928,9,0,5 6,1,70,,8920,9,0,5 6,1,30,,8912,9,0,5 6,1,70,,8918,9,0,5 6,1,30,,8914,9,0,5 6,1,70,,8907,9,0,5 6,1,30,,8916,9,0,5 6,1,70,,1122,9,0,5 6,1,30,,6865,9,0,5 6,1,70,,8923,9,0,5 6,1,30,,8926,9,0,5 6,1,70,,5278,9,0,5 6,1,30,,2975,9,0,5 6,1,70,,8938,9,0,5 6,1,30,,8908,9,0,5 6,1,70,,8921,9,0,5 6,1,30,,2371,9,0,5 6,1,70,,8913,9,0,5 6,1,30,,8924,9,0,5 6,1,70,,8925,9,0,5 6,1,30,,1225,9,0,5 6,1,70,,8915,9,0,5 6,1,30,,4451,9,0,5 6,1
30100,'19',605,,8959,9,0,5 6,1,30,,8974,9,0,5 6,1,70,,8963,9,0,5 6,1,30,,8950,9,0,5 6,1,70,,5651,9,0,5 6,1,30,,8953,9,0,5 6,1,70,,8941,9,0,5 6,1,30,,8955,9,0,5 6,1,70,,8962,9,0,5 6,1,30,,8948,9,0,5 6,1,70,,8966,9,0,5 6,1,30,,8970,9,0,5 6,1,70,,8942,9,0,5 6,1,30,,8957,9,0,5 6,1,70,,8983,9,0,5 6,1,30,,8945,9,0,5 6,1,70,,8964,9,0,5 6,1,30,,8952,9,0,5 6,1,70,,8951,9,0,5 6,1,30,,8967,9,0,5 6,1,70,,8968,9,0,5 6,1,30,,8971,9,0,5 6,1,70,,8954,9,0,5 6,1,30,,8943,9,0,5 6,1
30100,'5',605,,2497,9,0,5 6,1,30,,9004,9,0,5 6,1,70,,8997,9,0,5 6,1,30,,4998,9,0,5 6,1,70,,8995,9,0,5 6,1,30,,8991,9,0,5 6,1,70,,8985,9,0,5 6,1,30,,8993,9,0,5 6,1,70,,1147,9,0,5 6,1,30,,6907,9,0,5 6,1,70,,9000,9,0,5 6,1,30,,9002,9,0,5 6,1,70,,5408,9,0,5 6,1,30,,3043,9,0,5 6,1,70,,9014,9,0,5 6,1,30,,8986,9,0,5 6,1,70,,8998,9,0,5 6,1,30,,2396,9,0,5 6,1,70,,8990,9,0,5 6,1,30,,4214,9,0,5 6,1,70,,9001,9,0,5 6,1,30,,1249,9,0,5 6,1,70,,8992,9,0,5 6,1,30,,4474,9,0,5 6,1
30100,'6',605,,9036,9,0,5 6,1,30,,9051,9,0,5 6,1,70,,9040,9,0,5 6,1,30,,9026,9,0,5 6,1,70,,9035,9,0,5 6,1,30,,9029,9,0,5 6,1,70,,9017,9,0,5 6,1,30,,9031,9,0,5 6,1,70,,9039,9,0,5 6,1,30,,9024,9,0,5 6,1,70,,9043,9,0,5 6,1,30,,9047,9,0,5 6,1,70,,9018,9,0,5 6,1,30,,9033,9,0,5 6,1,70,,9061,9,0,5 6,1,30,,9021,9,0,5 6,1,70,,9041,9,0,5 6,1,30,,9028,9,0,5 6,1,70,,9027,9,0,5 6,1,30,,9044,9,0,5 6,1,70,,9045,9,0,5 6,1,30,,9048,9,0,5 6,1,70,,9030,9,0,5 6,1,30,,9019,9,0,5 6,1
40100,'1',1100,,16776,9,0,8,1,100,,16774,9,0,8,1,100,,219,9,0,8,1,100,,16770,9,0,8,1,100,,16769,9,0,8,1,100,,16772,9,0,8,1,100,,16775,9,0,8,1,100,,16771,9,0,8,1
40100,'10',630,,16792,9,0,8,1,70,,16826,9,0,8,1,30,,16808,9,0,8,1,70,,16820,9,0,8,1,30,,16811,9,0,8,1,70,,16818,9,0,8,1,30,,16803,9,0,8,1,70,,16819,9,0,8,1,30,,16828,9,0,8,1,70,,16832,9,0,8,1,30,,16804,9,0,8,1,70,,16790,9,0,8,1,30,,16807,9,0,8,1,70,,16784,9,0,8,1,30,,16781,9,0,8,1,70,,16815,9,0,8,1,30,,16778,9,0,8,1,70,,16823,9,0,8,1,30,,16799,9,0,8,1,70,,16797,9,0,8,1,30,,16806,9,0,8,1,70,,16783,9,0,8,1,30,,16780,9,0,8,1,70,,16805,9,0,8,1,100,,16812,9,0,8,1,100,,16835,9,0,8,1,100,,16789,9,0,8,1,100,,16788,9,0,8,1,100,,16785,9,0,8,1,100,,16794,9,0,8,1
40100,'12',900,,16860,9,0,8,1,100,,16864,9,0,8,1,30,,16843,9,0,8,1,70,,16870,9,0,8,1,30,,16862,9,0,8,1,70,,16854,9,0,8,1,30,,16851,9,0,8,1,70,,16868,9,0,8,1,30,,16852,9,0,8,1,70,,6122,9,0,8,1,30,,16866,9,0,8,1,70,,7866,9,0,8,1,30,,16837,9,0,8,1,70,,16849,9,0,8,1,30,,16842,9,0,8,1,70,,16872,9,0,8,1,30,,16867,9,0,8,1,70,,16869,9,0,8,1,100,,16859,9,0,8,1,100,,16865,9,0,8,1
40100,'15',1800,,16877,9,0,8,1,100,,16883,9,0,8,1,100,,16885,9,0,8,1,100,,16886,9,0,8,1,100,,16881,9,0,8,1,100,,16879,9,0,8,1,100,,16882,9,0,8,1
40100,'16',1800,,615,9,0,8,1,100,,16894,9,0,8,1,100,,16896,9,0,8,1,100,,16897,9,0,8,1,100,,284,9,0,8,1,100,,16893,9,0,8,1,100,,16892,9,0,8,1
40100,'17',1800,,639,9,0,8,1,100,,16905,9,0,8,1,100,,16907,9,0,8,1,100,,16908,9,0,8,1,100,,334,9,0,8,1,100,,16903,9,0,8,1,100,,16904,9,0,8,1
40100,'19',1800,,16913,9,0,8,1,100,,16919,9,0,8,1,100,,16921,9,0,8,1,100,,16922,9,0,8,1,100,,16917,9,0,8,1,100,,16915,9,0,8,1,100,,16918,9,0,8,1
40100,'21',630,,16934,9,0,8,1,70,,16962,9,0,8,1,30,,16945,9,0,8,1,70,,16956,9,0,8,1,30,,16948,9,0,8,1,70,,16954,9,0,8,1,30,,16942,9,0,8,1,70,,16955,9,0,8,1,30,,16964,9,0,8,1,70,,16968,9,0,8,1,30,,16943,9,0,8,1,70,,16933,9,0,8,1,30,,7358,9,0,8,1,70,,16928,9,0,8,1,30,,6472,9,0,8,1,70,,16951,9,0,8,1,30,,7825,9,0,8,1,70,,16959,9,0,8,1,30,,16939,9,0,8,1,70,,7576,9,0,8,1,30,,7225,9,0,8,1,70,,16927,9,0,8,1,30,,16925,9,0,8,1,70,,16944,9,0,8,1,100,,16949,9,0,8,1,100,,16971,9,0,8,1,100,,16932,9,0,8,1,100,,16931,9,0,8,1,100,,16929,9,0,8,1,100,,16936,9,0,8,1
40100,'5',1800,,663,9,0,8,1,100,,16980,9,0,8,1,100,,16982,9,0,8,1,100,,16983,9,0,8,1,100,,384,9,0,8,1,100,,16978,9,0,8,1,100,,16979,9,0,8,1
40100,'6',1800,,16988,9,0,8,1,100,,16994,9,0,8,1,100,,16996,9,0,8,1,100,,16997,9,0,8,1,100,,16992,9,0,8,1,100,,16990,9,0,8,1,100,,16993,9,0,8,1
