30901,'15',625,,11325,19,0,25 14 26,1,30,,11319,19,0,25 14 26,1,71,,11312,19,0,25 14 26,1,30,,11311,19,0,25 14 26,1,70,,11328,19,0,25 14 26,1,30,,11310,19,0,25 14 26,1,70,,11322,19,0,25 14 26,1,30,,11321,19,0,25 14 26,1,70,,11320,19,0,25 14 26,1,30,,11326,19,0,25 14 26,1,70,,11308,19,0,25 14 26,1,30,,11327,19,0,25 14 26,1,70,,11309,19,0,25 14 26,1,30,,11313,19,0,25 14 26,1,70,,11316,19,0,25 14 26,1,30,,11324,19,0,25 14 26,1,70,,11330,19,0,25 14 26,1,78,,11331,19,0,25 14 26,1,30,,11323,19,0,25 14 26,1,70,,11314,19,0,25 14 26,1,30,,11332,19,0,25 14 26,1,70,,11329,19,0,25 14 26,1,30,,11317,19,0,25 14 26,1,70,,11318,19,0,25 14 26,1,26,,11315,15,0,25 14 26,1
30901,'16',625,,11346,19,0,25 14 26,1,30,,11342,19,0,25 14 26,1,71,,11338,19,0,25 14 26,1,30,,11336,19,0,25 14 26,1,70,,11349,19,0,25 14 26,1,30,,11335,19,0,25 14 26,1,70,,11345,19,0,25 14 26,1,30,,11344,19,0,25 14 26,1,70,,11343,19,0,25 14 26,1,30,,11347,19,0,25 14 26,1,70,,11333,19,0,25 14 26,1,30,,11348,19,0,25 14 26,1,70,,11334,19,0,25 14 26,1,30,,11339,19,0,25 14 26,1,70,,8427,19,0,25 14 26,1,30,,5265,19,0,25 14 26,1,70,,11352,19,0,25 14 26,1,78,,11353,19,0,25 14 26,1,30,,11354,19,0,25 14 26,1,70,,3343,19,0,25 14 26,1,30,,11351,19,0,25 14 26,1,70,,11350,19,0,25 14 26,1,30,,11337,19,0,25 14 26,1,70,,11341,19,0,25 14 26,1,26,,11340,15,0,25 14 26,1
30901,'17',625,,11367,19,0,25 14 26,1,30,,11364,19,0,25 14 26,1,71,,11360,19,0,25 14 26,1,30,,11358,19,0,25 14 26,1,70,,11370,19,0,25 14 26,1,30,,11357,19,0,25 14 26,1,70,,11366,19,0,25 14 26,1,30,,11365,19,0,25 14 26,1,70,,4396,19,0,25 14 26,1,30,,11368,19,0,25 14 26,1,70,,11355,19,0,25 14 26,1,30,,11369,19,0,25 14 26,1,70,,11356,19,0,25 14 26,1,30,,11361,19,0,25 14 26,1,70,,8432,19,0,25 14 26,1,30,,5315,19,0,25 14 26,1,70,,11373,19,0,25 14 26,1,78,,11374,19,0,25 14 26,1,30,,11375,19,0,25 14 26,1,70,,3367,19,0,25 14 26,1,30,,11372,19,0,25 14 26,1,70,,11371,19,0,25 14 26,1,30,,11359,19,0,25 14 26,1,70,,11363,19,0,25 14 26,1,26,,11362,15,0,25 14 26,1
30901,'19',625,,11392,19,0,25 14 26,1,30,,11387,19,0,25 14 26,1,71,,11381,19,0,25 14 26,1,30,,11380,19,0,25 14 26,1,70,,11395,19,0,25 14 26,1,30,,11378,19,0,25 14 26,1,70,,11390,19,0,25 14 26,1,30,,11389,19,0,25 14 26,1,70,,11388,19,0,25 14 26,1,30,,11393,19,0,25 14 26,1,70,,11376,19,0,25 14 26,1,30,,11394,19,0,25 14 26,1,70,,11377,19,0,25 14 26,1,30,,11382,19,0,25 14 26,1,70,,11385,19,0,25 14 26,1,30,,11391,19,0,25 14 26,1,70,,11397,19,0,25 14 26,1,78,,11398,19,0,25 14 26,1,30,,11379,19,0,25 14 26,1,70,,11383,19,0,25 14 26,1,30,,11399,19,0,25 14 26,1,70,,11396,19,0,25 14 26,1,30,,11400,19,0,25 14 26,1,70,,11386,19,0,25 14 26,1,26,,11384,15,0,25 14 26,1
30901,'5',625,,11414,19,0,25 14 26,1,30,,11410,19,0,25 14 26,1,71,,11406,19,0,25 14 26,1,30,,11405,19,0,25 14 26,1,70,,11417,19,0,25 14 26,1,30,,11403,19,0,25 14 26,1,70,,11413,19,0,25 14 26,1,30,,11412,19,0,25 14 26,1,70,,11411,19,0,25 14 26,1,30,,11415,19,0,25 14 26,1,70,,11401,19,0,25 14 26,1,30,,11416,19,0,25 14 26,1,70,,11402,19,0,25 14 26,1,30,,11407,19,0,25 14 26,1,70,,8438,19,0,25 14 26,1,30,,5445,19,0,25 14 26,1,70,,11419,19,0,25 14 26,1,78,,11420,19,0,25 14 26,1,30,,11404,19,0,25 14 26,1,70,,3391,19,0,25 14 26,1,30,,11421,19,0,25 14 26,1,70,,11418,19,0,25 14 26,1,30,,11422,19,0,25 14 26,1,70,,11409,19,0,25 14 26,1,26,,11408,15,0,25 14 26,1
30901,'6',625,,11440,19,0,25 14 26,1,30,,11434,19,0,25 14 26,1,71,,11427,19,0,25 14 26,1,30,,11426,19,0,25 14 26,1,70,,11443,19,0,25 14 26,1,30,,11425,19,0,25 14 26,1,70,,11437,19,0,25 14 26,1,30,,11436,19,0,25 14 26,1,70,,11435,19,0,25 14 26,1,30,,11441,19,0,25 14 26,1,70,,11423,19,0,25 14 26,1,30,,11442,19,0,25 14 26,1,70,,11424,19,0,25 14 26,1,30,,11428,19,0,25 14 26,1,70,,11431,19,0,25 14 26,1,30,,11439,19,0,25 14 26,1,70,,11445,19,0,25 14 26,1,78,,11446,19,0,25 14 26,1,30,,11438,19,0,25 14 26,1,70,,11429,19,0,25 14 26,1,30,,11447,19,0,25 14 26,1,70,,11444,19,0,25 14 26,1,30,,11432,19,0,25 14 26,1,70,,11433,19,0,25 14 26,1,26,,11430,15,0,25 14 26,1
40901,'1',1053,,18246,19,0,25 12,1,100,,18250,19,0,25 12,1,100,,18249,19,0,25 12,1,100,,18248,19,0,25 12,1,100,,2849,19,0,25 12,1,100,,18247,19,0,25 12,1,100,,3825,19,0,25 12,1,100,,191,19,0,25 12,1
40901,'10',653,,18255,19,0,25 12,1,70,,18271,19,0,25 12,1,30,,18256,19,0,25 12,1,70,,18254,19,0,25 12,1,30,,18273,19,0,25 12,1,70,,18268,19,0,25 12,1,30,,18275,19,0,25 12,1,70,,18252,19,0,25 12,1,30,,18253,19,0,25 12,1,70,,18258,19,0,25 12,1,30,,18260,19,0,25 12,1,70,,18269,19,0,25 12,1,30,,18270,19,0,25 12,1,70,,18251,19,0,25 12,1,30,,18279,19,0,25 12,1,70,,18262,19,0,25 12,1,30,,18278,19,0,25 12,1,70,,18264,19,0,25 12,1,30,,18265,19,0,25 12,1,70,,18263,19,0,25 12,1,30,,18276,19,0,25 12,1,70,,18274,19,0,25 12,1,30,,18267,19,0,25 12,1,70,,18277,19,0,25 12,1,30,,18272,19,0,25 12,1,100,,18266,19,0,25 12,1,100,,18259,19,0,25 12,1,100,,18261,19,0,25 12,1,100,,18257,19,0,25 12,1
40901,'12',853,,18287,19,0,25 12,1,100,,18292,19,0,25 12,1,100,,18282,19,0,25 12,1,70,,18285,19,0,25 12,1,30,,18290,19,0,25 12,1,70,,18294,19,0,25 12,1,30,,18281,19,0,25 12,1,70,,18298,19,0,25 12,1,30,,18293,19,0,25 12,1,70,,18296,19,0,25 12,1,30,,18295,19,0,25 12,1,70,,18284,19,0,25 12,1,30,,18286,19,0,25 12,1,70,,6278,19,0,25 12,1,30,,18283,19,0,25 12,1,70,,18297,19,0,25 12,1,30,,18291,19,0,25 12,1,70,,18289,19,0,25 12,1,30,,18288,19,0,25 12,1,100,,18280,19,0,25 12,1
40901,'15',1853,,18300,19,0,25 12,1,100,,18303,19,0,25 12,1,100,,18299,19,0,25 12,1,100,,18302,19,0,25 12,1,100,,18301,19,0,25 12,1
40901,'16',1853,,18305,19,0,25 12,1,100,,18308,19,0,25 12,1,100,,18304,19,0,25 12,1,100,,18307,19,0,25 12,1,100,,18306,19,0,25 12,1
40901,'17',1853,,18310,19,0,25 12,1,100,,18313,19,0,25 12,1,100,,18309,19,0,25 12,1,100,,18312,19,0,25 12,1,100,,18311,19,0,25 12,1
40901,'19',1853,,18315,19,0,25 12,1,100,,18317,19,0,25 12,1,100,,18314,19,0,25 12,1,100,,18316,19,0,25 12,1,100,,6389,19,0,25 12,1
40901,'21',653,,18322,19,0,25 12,1,70,,18336,19,0,25 12,1,30,,18323,19,0,25 12,1,70,,18321,19,0,25 12,1,30,,18338,19,0,25 12,1,70,,18333,19,0,25 12,1,30,,18340,19,0,25 12,1,70,,18319,19,0,25 12,1,30,,18320,19,0,25 12,1,70,,18325,19,0,25 12,1,30,,18327,19,0,25 12,1,70,,18334,19,0,25 12,1,30,,18335,19,0,25 12,1,70,,18318,19,0,25 12,1,30,,18344,19,0,25 12,1,70,,18329,19,0,25 12,1,30,,18343,19,0,25 12,1,70,,7152,19,0,25 12,1,30,,18331,19,0,25 12,1,70,,18330,19,0,25 12,1,30,,18341,19,0,25 12,1,70,,18339,19,0,25 12,1,30,,18332,19,0,25 12,1,70,,18342,19,0,25 12,1,30,,18337,19,0,25 12,1,100,,7679,19,0,25 12,1,100,,18326,19,0,25 12,1,100,,18328,19,0,25 12,1,100,,18324,19,0,25 12,1
40901,'5',1853,,18346,19,0,25 12,1,100,,18349,19,0,25 12,1,100,,18345,19,0,25 12,1,100,,18348,19,0,25 12,1,100,,18347,19,0,25 12,1
40901,'6',1853,,18351,19,0,25 12,1,100,,18354,19,0,25 12,1,100,,18350,19,0,25 12,1,100,,18353,19,0,25 12,1,100,,18352,19,0,25 12,1
