100,100000,1,0
100,412000,2,0
100,1,3,0
100,2,4,0
100,3,5,0
100,4,6,0
100,1502301,7,0
100,5,8,0
100,6,9,0
100,1239,10,0
100,1240,11,0
100,1241,12,0
100,1305,13,0
100,1242,14,0
100,1420801,15,0
100,1243,16,0
100,1244,17,0
100,1245,18,0
100,611305,19,0
100,1246,20,0
100,7,21,0
100,8,22,0
100,9,23,0
100,10,24,0
100,11,25,0
100,12,26,0
100,13,27,0
100,14,28,0
100,15,29,0
100,16,30,0
100,17,31,0
100,18,32,0
100,19,33,0
100,20,34,0
100,21,35,0
100,22,36,0
100,23,37,0
100,24,38,0
100,1321300,39,0
100,25,40,0
100,26,41,0
100,27,42,0
100,28,43,0
100,29,44,0
100,30,45,0
100,31,46,0
100,32,47,0
100,33,48,0
100,34,49,0
100,35,50,0
100,36,51,0
100,37,52,0
100,38,53,0
100,39,54,0
100,1211300,55,0
100,40,56,0
100,41,57,0
100,42,58,0
100,43,59,0
100,1221501,60,1
101,1221501,1,0
101,132,2,0
101,44,3,0
101,45,4,0
101,46,5,0
101,47,6,0
101,1211300,7,0
101,48,8,0
101,49,9,0
101,50,10,0
101,51,11,0
101,52,12,0
101,53,13,0
101,54,14,0
101,55,15,0
101,56,16,0
101,57,17,0
101,58,18,0
101,59,19,0
101,60,20,0
101,1321300,21,0
101,61,22,0
101,62,23,0
101,63,24,0
101,1247,25,0
101,64,26,0
101,65,27,0
101,66,28,0
101,67,29,0
101,68,30,0
101,69,31,0
101,70,32,0
101,71,33,0
101,72,34,0
101,73,35,0
101,74,36,0
101,75,37,0
101,76,38,0
101,77,39,0
101,78,40,0
101,79,41,0
101,1314,42,0
101,611305,43,0
101,1239,44,0
101,1240,45,0
101,1241,46,0
101,1305,47,0
101,1420801,48,0
101,1243,49,0
101,1244,50,0
101,1245,51,0
101,80,52,0
101,81,53,0
101,1502301,54,0
101,82,55,0
101,1310,56,0
101,84,57,0
101,85,58,0
101,86,59,0
101,100000,60,0
101,412000,61,1
200,100000,1,0
200,412000,2,0
200,88,3,0
200,89,4,0
200,90,5,0
200,91,6,0
200,92,7,0
200,1502301,8,0
200,93,9,0
200,94,10,0
200,95,11,0
200,96,12,0
200,97,13,0
200,98,14,0
200,99,15,0
200,100,16,0
200,101,17,0
200,102,18,0
200,103,19,0
200,104,20,0
200,105,21,0
200,106,22,0
200,1501201,23,0
200,107,24,0
200,108,25,0
200,109,26,0
200,110,27,0
200,111,28,0
200,43,29,0
200,1221501,30,0
200,113,31,0
200,114,32,0
200,1221200,33,0
200,115,34,0
200,116,35,0
200,117,36,0
200,118,37,0
200,1220700,38,0
200,119,39,0
200,120,40,0
200,121,41,0
200,1348,42,0
200,1222200,43,1
201,1222200,1,0
201,1231,2,0
201,123,3,0
201,124,4,0
201,125,5,0
201,1220700,6,0
201,126,7,0
201,127,8,0
201,128,9,0
201,129,10,0
201,1221200,11,0
201,130,12,0
201,131,13,0
201,132,14,0
201,1221501,15,0
201,133,16,0
201,134,17,0
201,135,18,0
201,136,19,0
201,137,20,0
201,1501201,21,0
201,138,22,0
201,139,23,0
201,140,24,0
201,141,25,0
201,142,26,0
201,143,27,0
201,144,28,0
201,145,29,0
201,146,30,0
201,147,31,0
201,148,32,0
201,149,33,0
201,150,34,0
201,151,35,0
201,1502301,36,0
201,152,37,0
201,153,38,0
201,154,39,0
201,155,40,0
201,156,41,0
201,86,42,0
201,100000,43,0
201,412000,44,1
300,100007,1,0
300,174,2,0
300,2321600,3,0
300,175,4,0
300,176,5,0
300,177,6,0
300,178,7,0
300,179,8,0
300,1283,9,0
300,180,10,0
300,2301302,11,0
300,1215,12,0
300,182,13,0
300,183,14,0
300,184,15,0
300,185,16,0
300,186,17,0
300,1216,18,0
300,187,19,0
300,188,20,0
300,189,21,0
300,190,22,0
300,191,23,0
300,1941601,24,0
300,1342,25,0
300,1338,26,0
300,195,27,0
300,196,28,0
300,100000,29,0
300,412000,30,1
301,100000,1,0
301,412000,2,0
301,158,3,0
301,159,4,0
301,160,5,0
301,1941601,6,0
301,161,7,0
301,162,8,0
301,163,9,0
301,311601,10,0
301,164,11,0
301,165,12,0
301,166,13,0
301,167,14,0
301,1600703,15,0
301,168,16,0
301,169,17,0
301,170,18,0
301,171,19,0
301,172,20,0
301,173,21,0
301,174,22,0
301,100007,23,0
301,2321600,24,1
400,212100,1,0
400,100006,2,0
400,231,3,0
400,1206,4,0
400,838,5,0
400,1075,6,0
400,839,7,0
400,842,8,0
400,720702,9,0
400,785,10,0
400,786,11,0
400,787,12,0
400,788,13,0
400,789,14,0
400,1610304,15,0
400,222,16,0
400,7300202,17,0
400,239,18,0
400,1310703,19,0
400,241,20,0
400,242,21,0
400,243,22,0
400,1311500,23,0
400,244,24,0
400,245,25,0
400,246,26,0
400,247,27,0
400,248,28,0
400,249,29,0
400,250,30,0
400,251,31,0
400,252,32,0
400,253,33,0
400,1226,34,0
400,1220,35,0
400,2311500,36,0
400,254,37,0
400,255,38,0
400,256,39,0
400,257,40,0
400,258,41,0
400,1225,42,0
400,412000,43,0
400,100000,44,1
401,412000,1,0
401,100000,2,0
401,259,3,0
401,1188,4,0
401,607,5,0
401,608,6,0
401,1189,7,0
401,201,8,0
401,202,9,0
401,203,10,0
401,2311500,11,0
401,1219,12,0
401,204,13,0
401,205,14,0
401,206,15,0
401,207,16,0
401,208,17,0
401,209,18,0
401,210,19,0
401,211,20,0
401,1218,21,0
401,1311500,22,0
401,213,23,0
401,214,24,0
401,215,25,0
401,216,26,0
401,1310703,27,0
401,217,28,0
401,218,29,0
401,7300202,30,0
401,219,31,0
401,1610304,32,0
401,1309,33,0
401,791,34,0
401,792,35,0
401,793,36,0
401,720702,37,0
401,831,38,0
401,832,39,0
401,833,40,0
401,834,41,0
401,1235,42,0
401,1285,43,0
401,1067,44,0
401,212100,45,0
401,100006,46,1
500,70017,1,0
500,100010,2,0
500,881,3,0
500,305,4,0
500,306,5,0
500,307,6,0
500,1201201,7,0
500,308,8,0
500,309,9,0
500,310,10,0
500,311,11,0
500,312,12,0
500,138,13,0
500,139,14,0
500,1501204,15,0
500,313,16,0
500,1345,17,0
500,314,18,0
500,315,19,0
500,316,20,0
500,317,21,0
500,1911200,22,0
500,284,23,0
500,601301,24,0
500,100008,25,0
500,286,26,0
500,320,27,0
500,321,28,0
500,322,29,0
500,323,30,0
500,324,31,0
500,325,32,0
500,800309,33,0
500,326,34,0
500,327,35,0
500,328,36,0
500,329,37,0
500,330,38,0
500,331,39,0
500,332,40,0
500,333,41,0
500,334,42,0
500,331200,43,0
500,335,44,0
500,336,45,0
500,337,46,0
500,338,47,0
500,339,48,0
500,340,49,0
500,341,50,0
500,302301,51,0
500,342,52,0
500,343,53,0
500,86,54,0
500,412000,55,0
500,100000,56,1
501,412000,1,0
501,100000,2,0
501,261,3,0
501,263,4,0
501,302301,5,0
501,1213,6,0
501,264,7,0
501,265,8,0
501,266,9,0
501,267,10,0
501,268,11,0
501,1214,12,0
501,269,13,0
501,270,14,0
501,40005,15,0
501,271,16,0
501,272,17,0
501,273,18,0
501,274,19,0
501,275,20,0
501,276,21,0
501,277,22,0
501,278,23,0
501,279,24,0
501,800309,25,0
501,280,26,0
501,281,27,0
501,282,28,0
501,283,29,0
501,284,30,0
501,601301,31,0
501,100008,32,0
501,286,33,0
501,287,34,0
501,1911200,35,0
501,288,36,0
501,289,37,0
501,290,38,0
501,291,39,0
501,292,40,0
501,293,41,0
501,294,42,0
501,104,43,0
501,105,44,0
501,106,45,0
501,295,46,0
501,296,47,0
501,297,48,0
501,298,49,0
501,299,50,0
501,1295,51,0
501,1201201,52,0
501,301,53,0
501,302,54,0
501,303,55,0
501,304,56,0
501,1112,57,0
501,100010,58,0
501,883,59,0
501,70005,60,1
600,412000,1,0
600,100000,2,0
600,1,3,0
600,2,4,0
600,3,5,0
600,2341200,6,0
600,344,7,0
600,345,8,0
600,346,9,0
600,347,10,0
600,348,11,0
600,349,12,0
600,331200,13,0
600,350,14,0
600,351,15,0
600,287,16,0
600,1911200,17,0
600,352,18,0
600,353,19,0
600,354,20,0
600,355,21,0
600,356,22,0
600,130006,23,0
600,357,24,0
600,358,25,0
600,359,26,0
600,360,27,0
600,361,28,0
600,1221200,29,0
600,130,30,0
600,131,31,0
600,132,32,0
600,1221501,33,1
601,1221501,1,0
601,43,2,0
601,113,3,0
601,114,4,0
601,1221200,5,0
601,561,6,0
601,362,7,0
601,363,8,0
601,364,9,0
601,365,10,0
601,130006,11,0
601,366,12,0
601,367,13,0
601,368,14,0
601,1911200,15,0
601,320,16,0
601,321,17,0
601,369,18,0
601,370,19,0
601,331200,20,0
601,371,21,0
601,1252,22,0
601,372,23,0
601,373,24,0
601,374,25,0
601,375,26,0
601,376,27,0
601,2341200,28,0
601,84,29,0
601,85,30,0
601,86,31,0
601,412000,32,0
601,100000,33,1
700,100000,1,0
700,412000,2,0
700,379,3,0
700,1400301,4,0
700,380,5,0
700,381,6,0
700,382,7,0
700,383,8,0
700,384,9,0
700,386,10,0
700,387,11,0
700,1400600,12,0
700,388,13,0
700,389,14,0
700,390,15,0
700,391,16,0
700,392,17,0
700,393,18,0
700,394,19,0
700,331400,20,0
700,395,21,0
700,396,22,0
700,397,23,0
700,398,24,0
700,399,25,0
700,1911400,26,0
700,400,27,0
700,401,28,0
700,402,29,0
700,1401201,30,0
700,403,31,0
700,404,32,0
700,1229,33,0
700,406,34,0
700,407,35,0
700,408,36,0
700,409,37,0
700,410,38,0
700,1221400,39,0
700,411,40,0
700,412,41,0
700,413,42,0
700,414,43,0
700,415,44,0
700,416,45,0
700,417,46,0
700,418,47,0
700,419,48,0
700,420,49,0
700,2330102,50,1
701,2330102,1,0
701,422,2,0
701,423,3,0
701,424,4,0
701,425,5,0
701,426,6,0
701,1221400,7,0
701,427,8,0
701,428,9,0
701,429,10,0
701,430,11,0
701,431,12,0
701,432,13,0
701,1401201,14,0
701,433,15,0
701,434,16,0
701,435,17,0
701,1911400,18,0
701,436,19,0
701,437,20,0
701,438,21,0
701,439,22,0
701,440,23,0
701,331400,24,0
701,1311,25,0
701,1312,26,0
701,445,27,0
701,446,28,0
701,447,29,0
701,448,30,0
701,449,31,0
701,1400600,32,0
701,450,33,0
701,451,34,0
701,452,35,0
701,453,36,0
701,454,37,0
701,455,38,0
701,456,39,0
701,1400301,40,0
701,458,41,0
701,100000,42,0
701,412000,43,1
800,412000,1,0
800,100000,2,0
800,261,3,0
800,263,4,0
800,302301,5,0
800,459,6,0
800,460,7,0
800,702301,8,0
800,461,9,0
800,462,10,0
800,463,11,0
800,464,12,0
800,465,13,0
800,466,14,0
800,467,15,0
800,468,16,0
800,752301,17,0
800,469,18,0
800,470,19,0
800,471,20,0
800,472,21,0
800,473,22,0
800,750308,23,0
800,474,24,0
800,475,25,0
800,476,26,0
800,477,27,0
800,478,28,0
800,1910704,29,0
800,479,30,0
800,480,31,0
800,481,32,0
800,482,33,0
800,483,34,0
800,1238,35,0
800,751201,36,0
800,484,37,0
800,485,38,0
800,486,39,0
800,487,40,0
800,488,41,0
800,489,42,0
800,490,43,0
800,491,44,0
800,492,45,0
800,493,46,0
800,410,47,0
800,1221400,48,1
801,1221400,1,0
801,426,2,0
801,503,3,0
801,1270,4,0
801,505,5,0
801,506,6,0
801,507,7,0
801,508,8,0
801,509,9,0
801,510,10,0
801,751201,11,0
801,511,12,0
801,512,13,0
801,513,14,0
801,1236,15,0
801,514,16,0
801,515,17,0
801,1910704,18,0
801,516,19,0
801,517,20,0
801,518,21,0
801,519,22,0
801,750308,23,0
801,520,24,0
801,521,25,0
801,522,26,0
801,523,27,0
801,524,28,0
801,752301,29,0
801,525,30,0
801,526,31,0
801,527,32,0
801,528,33,0
801,529,34,0
801,530,35,0
801,531,36,0
801,532,37,0
801,533,38,0
801,702301,39,0
801,534,40,0
801,536,41,0
801,302301,42,0
801,342,43,0
801,343,44,0
801,86,45,0
801,412000,46,0
801,100000,47,1
900,412000,1,0
900,100000,2,0
900,537,3,0
900,538,4,0
900,702301,5,0
900,539,6,0
900,540,7,0
900,541,8,0
900,542,9,0
900,543,10,0
900,544,11,0
900,601301,12,0
900,100008,13,0
900,545,14,0
900,546,15,0
900,547,16,0
900,1910700,17,0
900,548,18,0
900,549,19,0
900,550,20,0
900,551,21,0
900,552,22,0
900,701201,23,0
900,553,24,0
900,554,25,0
900,555,26,0
900,556,27,0
900,1269,28,0
900,558,29,0
900,1220700,30,0
900,119,31,0
900,120,32,0
900,121,33,0
900,1348,34,0
900,1222200,35,0
900,122,36,0
900,499,37,0
900,500,38,0
900,501,39,0
900,502,40,0
900,425,41,0
900,426,42,0
900,1221400,43,1
901,1221400,1,0
901,410,2,0
901,411,3,0
901,494,4,0
901,495,5,0
901,496,6,0
901,497,7,0
901,1231,8,0
901,1222200,9,0
901,123,10,0
901,124,11,0
901,125,12,0
901,1220700,13,0
901,562,14,0
901,563,15,0
901,564,16,0
901,565,17,0
901,566,18,0
901,701201,19,0
901,567,20,0
901,568,21,0
901,569,22,0
901,570,23,0
901,1910700,24,0
901,571,25,0
901,572,26,0
901,573,27,0
901,1308,28,0
901,1237,29,0
901,601301,30,0
901,100008,31,0
901,545,32,0
901,1063,33,0
901,574,34,0
901,576,35,0
901,577,36,0
901,578,37,0
901,579,38,0
901,1344,39,0
901,580,40,0
901,702301,41,0
901,581,42,0
901,582,43,0
901,86,44,0
901,412000,45,0
901,100000,46,1
1000,100000,1,0
1000,412000,2,0
1000,88,3,0
1000,89,4,0
1000,1208,5,0
1000,1941501,6,0
1000,584,7,0
1000,585,8,0
1000,586,9,0
1000,587,10,0
1000,588,11,0
1000,589,12,0
1000,590,13,0
1000,1062,14,0
1000,740701,15,0
1000,592,16,0
1000,593,17,0
1000,740,18,0
1000,594,19,0
1000,220,20,0
1000,1610304,21,1
1001,1610304,1,0
1001,1336,2,0
1001,595,3,0
1001,596,4,0
1001,597,5,0
1001,598,6,0
1001,740701,7,0
1001,599,8,0
1001,600,9,0
1001,601,10,0
1001,602,11,0
1001,603,12,0
1001,604,13,0
1001,605,14,0
1001,606,15,0
1001,1941501,16,0
1001,195,17,0
1001,196,18,0
1001,100000,19,0
1001,412000,20,1
1100,100000,1,0
1100,412000,2,0
1100,259,3,0
1100,1188,4,0
1100,607,5,0
1100,608,6,0
1100,1189,7,0
1100,610,8,0
1100,1190,9,0
1100,100011,10,0
1100,700800,11,0
1100,612,12,0
1100,613,13,0
1100,1191,14,0
1100,1192,15,0
1100,1194,16,0
1100,616,17,0
1100,811701,18,0
1100,617,19,0
1100,1195,20,0
1100,1196,21,0
1100,620,22,0
1100,1197,23,0
1100,1256,24,0
1100,1311500,25,0
1100,213,26,0
1100,214,27,0
1100,215,28,0
1100,216,29,0
1100,1310703,30,0
1100,623,31,0
1100,1078,32,0
1100,624,33,0
1100,625,34,0
1100,1312002,35,0
1100,1223,36,0
1100,627,37,0
1100,1511900,38,1
1101,1511900,1,0
1101,628,2,0
1101,1312002,3,0
1101,629,4,0
1101,630,5,0
1101,631,6,0
1101,1310703,7,0
1101,632,8,0
1101,633,9,0
1101,634,10,0
1101,635,11,0
1101,7302302,12,0
1101,636,13,0
1101,637,14,0
1101,638,15,0
1101,639,16,0
1101,640,17,0
1101,641,18,0
1101,1812300,19,0
1101,1198,20,0
1101,643,21,0
1101,644,22,0
1101,645,23,0
1101,1811304,24,0
1101,1199,25,0
1101,647,26,0
1101,648,27,0
1101,649,28,0
1101,650,29,0
1101,811701,30,0
1101,651,31,0
1101,652,32,0
1101,653,33,0
1101,654,34,0
1101,655,35,0
1101,1201,36,0
1101,100011,37,0
1101,700800,38,0
1101,657,39,0
1101,658,40,0
1101,659,41,0
1101,660,42,0
1101,458,43,0
1101,100000,44,0
1101,412000,45,1
1200,412000,1,0
1200,100000,2,0
1200,537,3,0
1200,538,4,0
1200,702301,5,0
1200,539,6,0
1200,540,7,0
1200,541,8,0
1200,542,9,0
1200,543,10,0
1200,544,11,0
1200,601301,12,0
1200,100008,13,0
1200,545,14,0
1200,1230,15,0
1200,1061,16,0
1200,1064,17,0
1200,663,18,0
1200,332200,19,0
1200,664,20,0
1200,665,21,0
1200,666,22,0
1200,667,23,0
1200,668,24,0
1200,1912200,25,0
1200,669,26,0
1200,670,27,0
1200,671,28,0
1200,672,29,0
1200,2201201,30,0
1200,673,31,0
1200,674,32,0
1200,675,33,0
1200,676,34,0
1200,677,35,0
1200,678,36,0
1200,679,37,0
1200,1231,38,0
1200,1222200,39,1
1201,1222200,1,0
1201,680,2,0
1201,681,3,0
1201,682,4,0
1201,683,5,0
1201,684,6,0
1201,685,7,0
1201,686,8,0
1201,2201201,9,0
1201,687,10,0
1201,688,11,0
1201,689,12,0
1201,690,13,0
1201,1912200,14,0
1201,691,15,0
1201,692,16,0
1201,693,17,0
1201,694,18,0
1201,695,19,0
1201,332200,20,0
1201,696,21,0
1201,697,22,0
1201,698,23,0
1201,699,24,0
1201,601301,25,0
1201,100008,26,0
1201,545,27,0
1201,1063,28,0
1201,574,29,0
1201,576,30,0
1201,577,31,0
1201,578,32,0
1201,579,33,0
1201,1344,34,0
1201,580,35,0
1201,702301,36,0
1201,581,37,0
1201,582,38,0
1201,86,39,0
1201,412000,40,0
1201,100000,41,1
1400,601301,1,0
1400,100008,2,0
1400,286,3,0
1400,287,4,0
1400,1911200,5,0
1400,700,6,0
1400,701,7,0
1400,702,8,0
1400,703,9,0
1400,704,10,0
1400,1910700,11,0
1400,705,12,0
1400,706,13,0
1400,707,14,0
1400,708,15,0
1400,1912200,16,0
1400,709,17,0
1400,710,18,0
1400,1911400,19,0
1400,711,20,0
1400,712,21,0
1400,713,22,0
1400,1910704,23,0
1400,714,24,0
1400,715,25,0
1400,716,26,0
1400,717,27,0
1400,1910201,28,0
1400,718,29,0
1400,719,30,0
1400,720,31,0
1400,721,32,0
1400,722,33,0
1400,723,34,0
1400,400308,35,0
1400,725,36,0
1400,726,37,0
1400,727,38,0
1400,728,39,0
1400,729,40,0
1400,730,41,0
1400,732,42,0
1400,1253,43,0
1400,202301,44,0
1400,734,45,0
1400,735,46,0
1400,1254,47,0
1400,752301,48,0
1400,469,49,0
1400,470,50,0
1400,471,51,0
1400,472,52,0
1400,473,53,0
1400,750308,54,0
1400,743,55,0
1400,744,56,0
1400,394,57,0
1400,331400,58,0
1400,746,59,0
1400,332200,60,0
1400,696,61,0
1400,697,62,0
1400,698,63,0
1400,699,64,1
1500,100000,1,0
1500,412000,2,0
1500,88,3,0
1500,89,4,0
1500,1208,5,0
1500,158,6,0
1500,159,7,0
1500,160,8,0
1500,1941601,9,0
1500,747,10,0
1500,748,11,0
1500,749,12,0
1500,750,13,0
1500,751,14,0
1500,752,15,0
1500,753,16,0
1500,754,17,0
1500,1942201,18,0
1500,755,19,0
1500,756,20,0
1500,757,21,0
1500,758,22,0
1500,759,23,0
1500,2211303,24,0
1500,770,25,0
1500,771,26,0
1500,772,27,0
1500,773,28,0
1500,774,29,0
1500,775,30,0
1500,776,31,0
1500,777,32,0
1500,778,33,0
1500,779,34,0
1500,1203,35,0
1500,780,36,0
1500,311601,37,0
1500,164,38,0
1500,165,39,0
1500,166,40,0
1500,167,41,0
1500,1600703,42,0
1500,781,43,0
1500,782,44,0
1500,783,45,0
1500,784,46,0
1500,720702,47,0
1500,785,48,0
1500,786,49,0
1500,787,50,0
1500,788,51,0
1500,789,52,0
1500,1610304,53,1
1501,1610304,1,0
1501,1309,2,0
1501,791,3,0
1501,792,4,0
1501,793,5,0
1501,720702,6,0
1501,794,7,0
1501,795,8,0
1501,796,9,0
1501,797,10,0
1501,1600703,11,0
1501,798,12,0
1501,799,13,0
1501,800,14,0
1501,801,15,0
1501,311601,16,0
1501,1284,17,0
1501,803,18,0
1501,804,19,0
1501,805,20,0
1501,806,21,0
1501,807,22,0
1501,808,23,0
1501,809,24,0
1501,810,25,0
1501,820,26,0
1501,2211303,27,0
1501,821,28,0
1501,822,29,0
1501,1222,30,0
1501,823,31,0
1501,824,32,0
1501,1942201,33,0
1501,1227,34,0
1501,826,35,0
1501,827,36,0
1501,828,37,0
1501,1221,38,0
1501,190,39,0
1501,191,40,0
1501,1941601,41,0
1501,1342,42,0
1501,1338,43,0
1501,195,44,0
1501,196,45,0
1501,100000,46,0
1501,412000,47,1
1600,100000,1,0
1600,412000,2,0
1600,88,3,0
1600,89,4,0
1600,1208,5,0
1600,1941501,6,0
1600,584,7,0
1600,585,8,0
1600,586,9,0
1600,587,10,0
1600,588,11,0
1600,589,12,0
1600,590,13,0
1600,1062,14,0
1600,740701,15,0
1600,829,16,0
1600,830,17,0
1600,720702,18,0
1600,831,19,0
1600,832,20,0
1600,833,21,0
1600,834,22,0
1600,1235,23,0
1600,1285,24,0
1600,1067,25,0
1600,100006,26,0
1600,212100,27,1
1601,100006,1,0
1601,212100,2,0
1601,231,3,0
1601,1206,4,0
1601,838,5,0
1601,1075,6,0
1601,839,7,0
1601,840,8,0
1601,841,9,0
1601,842,10,0
1601,720702,11,0
1601,844,12,0
1601,845,13,0
1601,740701,14,0
1601,599,15,0
1601,600,16,0
1601,601,17,0
1601,602,18,0
1601,603,19,0
1601,604,20,0
1601,605,21,0
1601,606,22,0
1601,1941501,23,0
1601,195,24,0
1601,196,25,0
1601,100000,26,0
1601,412000,27,1
1700,100000,1,0
1700,412000,2,0
1700,846,3,0
1700,847,4,0
1700,848,5,0
1700,2311500,6,0
1700,849,7,0
1700,850,8,0
1700,851,9,0
1700,613,10,0
1700,1191,11,0
1700,1192,12,0
1700,1194,13,0
1700,616,14,0
1700,852,15,0
1700,853,16,0
1700,201701,17,0
1700,854,18,0
1700,855,19,0
1700,856,20,0
1700,200500,21,0
1700,857,22,0
1700,858,23,0
1700,859,24,0
1700,860,25,0
1700,202301,26,0
1700,861,27,0
1700,862,28,0
1700,863,29,0
1700,864,30,0
1700,865,31,0
1700,330201,32,0
1700,866,33,0
1700,867,34,0
1700,868,35,0
1700,1910201,36,0
1700,869,37,0
1700,870,38,0
1700,871,39,0
1700,872,40,0
1700,508,41,0
1700,509,42,0
1700,510,43,0
1700,751201,44,0
1700,873,45,0
1700,874,46,0
1700,875,47,0
1700,2201201,48,0
1700,876,49,0
1700,877,50,0
1700,878,51,0
1700,879,52,0
1700,880,53,0
1700,881,54,0
1700,70017,55,0
1700,100010,56,1
1701,100010,1,0
1701,70005,2,0
1701,883,3,0
1701,884,4,0
1701,885,5,0
1701,886,6,0
1701,2201201,7,0
1701,887,8,0
1701,888,9,0
1701,889,10,0
1701,751201,11,0
1701,484,12,0
1701,485,13,0
1701,486,14,0
1701,487,15,0
1701,488,16,0
1701,890,17,0
1701,891,18,0
1701,892,19,0
1701,893,20,0
1701,1910201,21,0
1701,894,22,0
1701,895,23,0
1701,330201,24,0
1701,896,25,0
1701,897,26,0
1701,898,27,0
1701,899,28,0
1701,900,29,0
1701,202301,30,0
1701,901,31,0
1701,902,32,0
1701,903,33,0
1701,200500,34,0
1701,904,35,0
1701,905,36,0
1701,906,37,0
1701,907,38,0
1701,201701,39,0
1701,908,40,0
1701,651,41,0
1701,652,42,0
1701,653,43,0
1701,654,44,0
1701,909,45,0
1701,910,46,0
1701,2311500,47,0
1701,1287,48,0
1701,912,49,0
1701,913,50,0
1701,914,51,0
1701,915,52,0
1701,606,53,0
1701,1941501,54,0
1701,195,55,0
1701,196,56,0
1701,100000,57,0
1701,412000,58,1
1800,100000,1,0
1800,412000,2,0
1800,259,3,0
1800,1188,4,0
1800,607,5,0
1800,608,6,0
1800,1189,7,0
1800,610,8,0
1800,1190,9,0
1800,100011,10,0
1800,700800,11,0
1800,612,12,0
1800,916,13,0
1800,917,14,0
1800,918,15,0
1800,919,16,0
1800,920,17,0
1800,921,18,0
1800,922,19,0
1800,923,20,0
1800,924,21,0
1800,200500,22,0
1800,904,23,0
1800,905,24,0
1800,906,25,0
1800,907,26,0
1800,925,27,0
1800,926,28,0
1800,1921701,29,0
1800,927,30,0
1800,928,31,0
1800,929,32,0
1800,931,33,0
1800,932,34,0
1800,933,35,0
1800,934,36,0
1800,935,37,0
1800,936,38,0
1800,937,39,0
1800,1812300,40,0
1800,1198,41,0
1800,643,42,0
1800,644,43,0
1800,645,44,0
1800,1197,45,0
1800,1256,46,0
1800,1311500,47,0
1800,213,48,0
1800,214,49,0
1800,215,50,0
1800,216,51,0
1800,1310703,52,0
1800,217,53,0
1800,218,54,0
1800,7300202,55,0
1800,219,56,0
1800,1610304,57,1
1801,1610304,1,0
1801,222,2,0
1801,7300202,3,0
1801,239,4,0
1801,1310703,5,0
1801,241,6,0
1801,242,7,0
1801,243,8,0
1801,1311500,9,0
1801,943,10,0
1801,944,11,0
1801,945,12,0
1801,946,13,0
1801,947,14,0
1801,1248,15,0
1801,1812300,16,0
1801,949,17,0
1801,950,18,0
1801,951,19,0
1801,952,20,0
1801,953,21,0
1801,954,22,0
1801,955,23,0
1801,957,24,0
1801,958,25,0
1801,745,26,0
1801,1249,27,0
1801,1921701,28,0
1801,960,29,0
1801,854,30,0
1801,855,31,0
1801,856,32,0
1801,200500,33,0
1801,961,34,0
1801,1250,35,0
1801,962,36,0
1801,963,37,0
1801,964,38,0
1801,965,39,0
1801,966,40,0
1801,1251,41,0
1801,655,42,0
1801,1201,43,0
1801,100011,44,0
1801,700800,45,0
1801,657,46,0
1801,658,47,0
1801,659,48,0
1801,660,49,0
1801,458,50,0
1801,100000,51,0
1801,412000,52,1
2000,342001,1,0
2000,1307,2,0
2000,990,3,0
2000,991,4,0
2000,992,5,0
2000,993,6,0
2000,2001700,7,0
2000,1290,8,0
2000,1289,9,0
2000,994,10,0
2000,995,11,0
2000,996,12,0
2000,997,13,0
2000,1930302,14,0
2000,237,15,0
2000,238,16,0
2000,7300202,17,0
2000,219,18,0
2000,1610304,19,1
2001,1610304,1,0
2001,222,2,0
2001,7300202,3,0
2001,223,4,0
2001,224,5,0
2001,1930302,6,0
2001,967,7,0
2001,968,8,0
2001,969,9,0
2001,971,10,0
2001,972,11,0
2001,973,12,0
2001,974,13,0
2001,975,14,0
2001,1511801,15,0
2001,976,16,0
2001,977,17,0
2001,978,18,0
2001,1288,19,0
2001,979,20,0
2001,980,21,0
2001,981,22,0
2001,982,23,0
2001,983,24,0
2001,984,25,0
2001,1511900,26,0
2001,985,27,0
2001,1313,28,0
2001,986,29,0
2001,987,30,0
2001,342001,31,1
2100,342001,1,0
2100,1024,2,0
2100,1025,3,0
2100,1026,4,0
2100,1027,5,0
2100,1028,6,0
2100,1962003,7,0
2100,1029,8,0
2100,1030,9,0
2100,1031,10,0
2100,1032,11,0
2100,320306,12,0
2100,1209,13,0
2100,1034,14,0
2100,1035,15,0
2100,1036,16,0
2100,1037,17,0
2100,1038,18,0
2100,1039,19,0
2100,1040,20,0
2100,1041,21,0
2100,1042,22,0
2100,1100100,23,0
2100,1044,24,0
2100,1045,25,0
2100,1901306,26,0
2100,1217,27,0
2100,1293,28,0
2100,1294,29,0
2100,1205,30,0
2100,1046,31,0
2100,228,32,0
2100,1067,33,0
2100,100006,34,0
2100,212100,35,1
2101,100006,1,0
2101,212100,2,0
2101,231,3,0
2101,1206,4,0
2101,1341,5,0
2101,1286,6,0
2101,999,7,0
2101,1207,8,0
2101,1901306,9,0
2101,1001,10,0
2101,1002,11,0
2101,1100100,12,0
2101,1003,13,0
2101,1004,14,0
2101,1005,15,0
2101,1006,16,0
2101,1007,17,0
2101,1008,18,0
2101,1010,19,0
2101,1011,20,0
2101,1012,21,0
2101,1296,22,0
2101,320306,23,0
2101,1013,24,0
2101,1014,25,0
2101,1015,26,0
2101,1016,27,0
2101,1017,28,0
2101,1962003,29,0
2101,1018,30,0
2101,1019,31,0
2101,1021,32,0
2101,1022,33,0
2101,1023,34,0
2101,342001,35,1
2200,101205,1,0
2200,2221,2,0
2200,2222,3,0
2200,100005,4,0
2200,1302,5,0
2200,1303,6,0
2200,342001,7,1
2201,342001,1,0
2201,2201,2,0
2201,2202,3,0
2201,2203,4,0
2201,1410101,5,0
2201,2204,6,0
2201,2205,7,0
2201,2206,8,0
2201,2207,9,0
2201,2208,10,0
2201,2209,11,0
2201,101205,12,1
2300,1301203,1,0
2300,1202,2,0
2300,768,3,0
2300,772,4,0
2300,773,5,0
2300,774,6,0
2300,775,7,0
2300,776,8,0
2300,777,9,0
2300,778,10,0
2300,779,11,0
2300,1203,12,0
2300,780,13,0
2300,311601,14,0
2300,164,15,0
2300,165,16,0
2300,166,17,0
2300,167,18,0
2300,1600703,19,0
2300,781,20,0
2300,782,21,0
2300,783,22,0
2300,784,23,0
2300,720702,24,0
2300,831,25,0
2300,832,26,0
2300,833,27,0
2300,834,28,0
2300,1235,29,0
2300,1285,30,0
2300,1067,31,0
2300,100006,32,1
2301,100006,1,0
2301,231,2,0
2301,1206,3,0
2301,838,4,0
2301,1075,5,0
2301,839,6,0
2301,720702,7,0
2301,795,8,0
2301,796,9,0
2301,160023,10,0
2301,168,11,0
2301,169,12,0
2301,1301203,13,0
2301,1202,14,0
2301,768,15,0
2301,772,16,0
2301,773,17,0
2301,774,18,0
2301,775,19,0
2301,776,20,0
2301,777,21,0
2301,778,22,0
2301,779,23,0
2301,1203,24,0
2301,780,25,0
2301,311601,26,0
2301,164,27,0
2301,165,28,0
2301,166,29,0
2301,167,30,0
2301,1600703,31,0
2301,781,32,0
2301,782,33,0
2301,783,34,0
2301,784,35,0
2301,831,36,0
2301,832,37,0
2301,833,38,0
2301,834,39,0
2301,1235,40,0
2301,1285,41,0
2301,1067,42,1
2500,100006,1,0
2500,231,2,0
2500,1206,3,0
2500,233,4,0
2500,100000,5,1
2501,100000,1,0
2501,228,2,0
2501,1067,3,0
2501,100006,4,1
2600,100000,1,0
2600,412000,2,0
2600,720303,3,1
2601,720303,1,0
2601,100000,2,0
2601,412000,3,1
2700,100000,1,0
2700,412000,2,0
2700,2340300,3,1
2701,2340300,1,0
2701,100000,2,0
2701,412000,3,1
2800,100006,1,0
2800,231,2,0
2800,1206,3,0
2800,1340,4,0
2800,234,5,0
2800,235,6,0
2800,236,7,0
2800,1930302,8,0
2800,1105,9,0
2800,1106,10,0
2800,1234,11,0
2800,1107,12,0
2800,1108,13,0
2800,1109,14,0
2800,1110,15,0
2800,1111,16,0
2800,342001,17,1
2801,342001,1,0
2801,1307,2,0
2801,1101,3,0
2801,1102,4,0
2801,1103,5,0
2801,1104,6,0
2801,1233,7,0
2801,994,8,0
2801,995,9,0
2801,997,10,0
2801,1930302,11,0
2801,225,12,0
2801,226,13,0
2801,227,14,0
2801,228,15,0
2801,1067,16,0
2801,100006,17,1
2900,100006,1,0
2900,231,2,0
2900,1206,3,0
2900,1341,4,0
2900,1286,5,0
2900,999,6,0
2900,1207,7,0
2900,1901306,8,0
2900,1001,9,0
2900,1299,10,0
2900,1300,11,0
2900,1301,12,0
2900,1800307,13,0
2900,1073,14,0
2900,1204,15,0
2900,1036,16,0
2900,1037,17,0
2900,1038,18,0
2900,1039,19,0
2900,1040,20,0
2900,1041,21,0
2900,1042,22,0
2900,1100100,23,1
2901,1100100,1,0
2901,1044,2,0
2901,1045,3,0
2901,1901306,4,0
2901,1217,5,0
2901,1293,6,0
2901,1294,7,0
2901,1205,8,0
2901,1046,9,0
2901,228,10,0
2901,1067,11,0
2901,100006,12,1
3000,100006,1,0
3000,231,2,0
3000,1206,3,0
3000,233,4,0
3000,234,5,0
3000,1071,6,0
3000,1962003,7,0
3000,1029,8,0
3000,1030,9,0
3000,1031,10,0
3000,1032,11,0
3000,1800305,12,0
3000,972,13,0
3000,973,14,0
3000,974,15,0
3000,975,16,0
3000,1511801,17,0
3000,1302,18,0
3000,1303,19,0
3000,342001,20,1
3001,342001,1,0
3001,1024,2,0
3001,1025,3,0
3001,1026,4,0
3001,1027,5,0
3001,1304,6,0
3001,1930302,7,0
3001,225,8,0
3001,226,9,0
3001,227,10,0
3001,228,11,0
3001,1067,12,0
3001,100006,13,1
3100,100006,1,0
3100,231,2,0
3100,1206,3,0
3100,1341,4,0
3100,1286,5,0
3100,999,6,0
3100,1207,7,0
3100,1901306,8,0
3100,1001,9,0
3100,1299,10,0
3100,1113,11,0
3100,1114,12,0
3100,100012,13,0
3100,1115,14,0
3100,1116,15,0
3100,1072,16,0
3100,1073,17,0
3100,1204,18,0
3100,1012,19,0
3100,1117,20,0
3100,1118,21,0
3100,1100100,22,1
3101,1100100,1,0
3101,1044,2,0
3101,1045,3,0
3101,1901306,4,0
3101,1217,5,0
3101,1293,6,0
3101,1294,7,0
3101,1205,8,0
3101,1046,9,0
3101,228,10,0
3101,1067,11,0
3101,100006,12,1
3200,2340300,1,0
3200,100001,2,1
3201,100001,1,0
3201,2340300,2,1
3300,720303,1,0
3300,100001,2,1
3301,100001,1,0
3301,720303,2,1
10100,412000,1,0
10100,100000,2,0
10100,1,3,0
10100,2,4,0
10100,3,5,0
10100,4,6,0
10100,1502301,7,0
10100,5,8,0
10100,6,9,0
10100,1239,10,0
10100,1240,11,0
10100,1241,12,0
10100,1305,13,0
10100,1242,14,0
10100,1420801,15,0
10100,1243,16,0
10100,1244,17,0
10100,1245,18,0
10100,611305,19,0
10100,1246,20,0
10100,7,21,0
10100,8,22,0
10100,9,23,0
10100,10,24,0
10100,11,25,0
10100,12,26,0
10100,13,27,0
10100,14,28,0
10100,15,29,0
10100,16,30,0
10100,17,31,0
10100,18,32,0
10100,19,33,0
10100,20,34,0
10100,21,35,0
10100,22,36,0
10100,23,37,0
10100,24,38,0
10100,1321300,39,0
10100,25,40,0
10100,26,41,0
10100,27,42,0
10100,28,43,0
10100,29,44,0
10100,30,45,0
10100,31,46,0
10100,32,47,0
10100,33,48,0
10100,34,49,0
10100,35,50,0
10100,36,51,0
10100,37,52,0
10100,38,53,0
10100,39,54,0
10100,1211300,55,0
10100,40,56,0
10100,41,57,0
10100,42,58,0
10100,43,59,0
10100,1221501,60,1
10101,1221501,1,0
10101,132,2,0
10101,44,3,0
10101,45,4,0
10101,46,5,0
10101,47,6,0
10101,1211300,7,0
10101,48,8,0
10101,49,9,0
10101,50,10,0
10101,51,11,0
10101,52,12,0
10101,53,13,0
10101,54,14,0
10101,55,15,0
10101,56,16,0
10101,57,17,0
10101,58,18,0
10101,59,19,0
10101,60,20,0
10101,1321300,21,0
10101,61,22,0
10101,62,23,0
10101,63,24,0
10101,1247,25,0
10101,64,26,0
10101,65,27,0
10101,66,28,0
10101,67,29,0
10101,68,30,0
10101,69,31,0
10101,70,32,0
10101,71,33,0
10101,72,34,0
10101,73,35,0
10101,74,36,0
10101,75,37,0
10101,76,38,0
10101,77,39,0
10101,78,40,0
10101,79,41,0
10101,1314,42,0
10101,611305,43,0
10101,1239,44,0
10101,1240,45,0
10101,1241,46,0
10101,1305,47,0
10101,1420801,48,0
10101,1243,49,0
10101,1244,50,0
10101,1245,51,0
10101,80,52,0
10101,81,53,0
10101,1502301,54,0
10101,82,55,0
10101,1310,56,0
10101,84,57,0
10101,85,58,0
10101,86,59,0
10101,412000,60,0
10101,100000,61,1
10200,1222200,1,0
10200,1231,2,0
10200,123,3,0
10200,124,4,0
10200,125,5,0
10200,1220700,6,0
10200,126,7,0
10200,127,8,0
10200,128,9,0
10200,129,10,0
10200,1221200,11,0
10200,130,12,0
10200,131,13,0
10200,132,14,0
10200,1221501,15,0
10200,133,16,0
10200,134,17,0
10200,135,18,0
10200,136,19,0
10200,137,20,0
10200,1501201,21,0
10200,138,22,0
10200,139,23,0
10200,140,24,0
10200,141,25,0
10200,142,26,0
10200,143,27,0
10200,144,28,0
10200,145,29,0
10200,146,30,0
10200,147,31,0
10200,148,32,0
10200,149,33,0
10200,150,34,0
10200,151,35,0
10200,1502301,36,0
10200,152,37,0
10200,153,38,0
10200,154,39,0
10200,155,40,0
10200,156,41,0
10200,86,42,0
10200,412000,43,0
10200,100000,44,1
10201,412000,1,0
10201,100000,2,0
10201,88,3,0
10201,89,4,0
10201,90,5,0
10201,91,6,0
10201,92,7,0
10201,1502301,8,0
10201,93,9,0
10201,94,10,0
10201,95,11,0
10201,96,12,0
10201,97,13,0
10201,98,14,0
10201,99,15,0
10201,100,16,0
10201,101,17,0
10201,102,18,0
10201,103,19,0
10201,104,20,0
10201,105,21,0
10201,106,22,0
10201,1501201,23,0
10201,107,24,0
10201,108,25,0
10201,109,26,0
10201,110,27,0
10201,111,28,0
10201,43,29,0
10201,1221501,30,0
10201,113,31,0
10201,114,32,0
10201,1221200,33,0
10201,115,34,0
10201,116,35,0
10201,117,36,0
10201,118,37,0
10201,1220700,38,0
10201,119,39,0
10201,120,40,0
10201,121,41,0
10201,1348,42,0
10201,1222200,43,1
10400,412000,1,0
10400,100000,2,0
10400,259,3,0
10400,1188,4,0
10400,607,5,0
10400,608,6,0
10400,1189,7,0
10400,201,8,0
10400,202,9,0
10400,203,10,0
10400,2311500,11,0
10400,1219,12,0
10400,204,13,0
10400,205,14,0
10400,206,15,0
10400,207,16,0
10400,208,17,0
10400,209,18,0
10400,210,19,0
10400,211,20,0
10400,1218,21,0
10400,1311500,22,0
10400,213,23,0
10400,214,24,0
10400,215,25,0
10400,216,26,0
10400,1310703,27,0
10400,217,28,0
10400,218,29,0
10400,7300202,30,0
10400,219,31,0
10400,1610304,32,1
10401,1610304,1,0
10401,222,2,0
10401,7300202,3,0
10401,239,4,0
10401,1310703,5,0
10401,241,6,0
10401,242,7,0
10401,243,8,0
10401,1311500,9,0
10401,244,10,0
10401,245,11,0
10401,246,12,0
10401,247,13,0
10401,248,14,0
10401,249,15,0
10401,250,16,0
10401,251,17,0
10401,252,18,0
10401,253,19,0
10401,1226,20,0
10401,1220,21,0
10401,2311500,22,0
10401,254,23,0
10401,255,24,0
10401,256,25,0
10401,257,26,0
10401,258,27,0
10401,1225,28,0
10401,412000,29,0
10401,100000,30,1
10600,412000,1,0
10600,100000,2,0
10600,1,3,0
10600,2,4,0
10600,3,5,0
10600,2341200,6,0
10600,344,7,0
10600,345,8,0
10600,346,9,0
10600,347,10,0
10600,348,11,0
10600,349,12,0
10600,331200,13,0
10600,350,14,0
10600,351,15,0
10600,287,16,0
10600,1911200,17,0
10600,352,18,0
10600,353,19,0
10600,354,20,0
10600,355,21,0
10600,356,22,0
10600,130006,23,0
10600,357,24,0
10600,358,25,0
10600,359,26,0
10600,360,27,0
10600,361,28,0
10600,1221200,29,0
10600,130,30,0
10600,131,31,0
10600,132,32,0
10600,1221501,33,1
10601,1221501,1,0
10601,43,2,0
10601,113,3,0
10601,114,4,0
10601,1221200,5,0
10601,561,6,0
10601,362,7,0
10601,363,8,0
10601,364,9,0
10601,365,10,0
10601,130006,11,0
10601,366,12,0
10601,367,13,0
10601,368,14,0
10601,1911200,15,0
10601,320,16,0
10601,321,17,0
10601,369,18,0
10601,370,19,0
10601,331200,20,0
10601,371,21,0
10601,1252,22,0
10601,372,23,0
10601,373,24,0
10601,374,25,0
10601,375,26,0
10601,376,27,0
10601,2341200,28,0
10601,84,29,0
10601,85,30,0
10601,86,31,0
10601,412000,32,0
10601,100000,33,1
10800,412000,1,0
10800,100000,2,0
10800,261,3,0
10800,263,4,0
10800,302301,5,0
10800,459,6,0
10800,460,7,0
10800,702301,8,0
10800,461,9,0
10800,462,10,0
10800,463,11,0
10800,464,12,0
10800,465,13,0
10800,466,14,0
10800,467,15,0
10800,468,16,0
10800,752301,17,0
10800,469,18,0
10800,470,19,0
10800,471,20,0
10800,472,21,0
10800,473,22,0
10800,750308,23,0
10800,474,24,0
10800,475,25,0
10800,476,26,0
10800,477,27,0
10800,478,28,0
10800,1910704,29,0
10800,479,30,0
10800,480,31,0
10800,481,32,0
10800,482,33,0
10800,483,34,0
10800,1238,35,0
10800,751201,36,0
10800,484,37,0
10800,485,38,0
10800,486,39,0
10800,487,40,0
10800,488,41,0
10800,489,42,0
10800,490,43,0
10800,491,44,0
10800,492,45,0
10800,493,46,0
10800,410,47,0
10800,1221400,48,0
10800,411,49,0
10800,412,50,0
10800,413,51,0
10800,414,52,0
10800,415,53,0
10800,416,54,0
10800,417,55,0
10800,418,56,0
10800,419,57,0
10800,420,58,0
10800,2330102,59,0
10800,422,60,0
10800,423,61,0
10800,424,62,0
10800,425,63,0
10800,426,64,1
10801,1221400,1,0
10801,426,2,0
10801,503,3,0
10801,1270,4,0
10801,505,5,0
10801,506,6,0
10801,507,7,0
10801,508,8,0
10801,509,9,0
10801,510,10,0
10801,751201,11,0
10801,511,12,0
10801,512,13,0
10801,513,14,0
10801,1236,15,0
10801,514,16,0
10801,515,17,0
10801,1910704,18,0
10801,516,19,0
10801,517,20,0
10801,518,21,0
10801,519,22,0
10801,750308,23,0
10801,520,24,0
10801,521,25,0
10801,522,26,0
10801,523,27,0
10801,524,28,0
10801,752301,29,0
10801,525,30,0
10801,526,31,0
10801,527,32,0
10801,528,33,0
10801,529,34,0
10801,530,35,0
10801,531,36,0
10801,532,37,0
10801,533,38,0
10801,702301,39,0
10801,534,40,0
10801,536,41,0
10801,302301,42,0
10801,342,43,0
10801,343,44,0
10801,86,45,0
10801,412000,46,0
10801,100000,47,1
10900,412000,1,0
10900,100000,2,0
10900,537,3,0
10900,538,4,0
10900,702301,5,0
10900,539,6,0
10900,540,7,0
10900,541,8,0
10900,542,9,0
10900,543,10,0
10900,544,11,0
10900,601301,12,0
10900,100008,13,0
10900,545,14,0
10900,546,15,0
10900,547,16,0
10900,1910700,17,0
10900,548,18,0
10900,549,19,0
10900,550,20,0
10900,551,21,0
10900,552,22,0
10900,701201,23,0
10900,553,24,0
10900,554,25,0
10900,555,26,0
10900,556,27,0
10900,1269,28,0
10900,558,29,0
10900,1220700,30,0
10900,119,31,0
10900,120,32,0
10900,121,33,0
10900,1348,34,0
10900,1222200,35,0
10900,122,36,0
10900,499,37,0
10900,500,38,0
10900,501,39,0
10900,502,40,0
10900,425,41,0
10900,426,42,0
10900,1221400,43,1
10901,1221400,1,0
10901,410,2,0
10901,411,3,0
10901,494,4,0
10901,495,5,0
10901,496,6,0
10901,497,7,0
10901,1231,8,0
10901,1222200,9,0
10901,123,10,0
10901,124,11,0
10901,125,12,0
10901,1220700,13,0
10901,562,14,0
10901,563,15,0
10901,564,16,0
10901,565,17,0
10901,566,18,0
10901,701201,19,0
10901,567,20,0
10901,568,21,0
10901,569,22,0
10901,570,23,0
10901,1910700,24,0
10901,571,25,0
10901,572,26,0
10901,573,27,0
10901,1308,28,0
10901,1237,29,0
10901,601301,30,0
10901,100008,31,0
10901,545,32,0
10901,1063,33,0
10901,574,34,0
10901,576,35,0
10901,577,36,0
10901,578,37,0
10901,579,38,0
10901,1344,39,0
10901,580,40,0
10901,702301,41,0
10901,581,42,0
10901,582,43,0
10901,86,44,0
10901,412000,45,0
10901,100000,46,1
11000,412000,1,0
11000,100000,2,0
11000,88,3,0
11000,89,4,0
11000,1208,5,0
11000,1941501,6,0
11000,584,7,0
11000,585,8,0
11000,586,9,0
11000,587,10,0
11000,588,11,0
11000,589,12,0
11000,590,13,0
11000,1062,14,0
11000,740701,15,0
11000,592,16,0
11000,593,17,0
11000,740,18,0
11000,594,19,0
11000,220,20,0
11000,1610304,21,1
11001,1610304,1,0
11001,1336,2,0
11001,595,3,0
11001,596,4,0
11001,597,5,0
11001,598,6,0
11001,740701,7,0
11001,599,8,0
11001,600,9,0
11001,601,10,0
11001,602,11,0
11001,603,12,0
11001,604,13,0
11001,605,14,0
11001,606,15,0
11001,1941501,16,0
11001,195,17,0
11001,196,18,0
11001,412000,19,0
11001,100000,20,1
11200,1222200,1,0
11200,680,2,0
11200,681,3,0
11200,682,4,0
11200,683,5,0
11200,684,6,0
11200,685,7,0
11200,686,8,0
11200,2201201,9,0
11200,687,10,0
11200,688,11,0
11200,689,12,0
11200,690,13,0
11200,1912200,14,0
11200,691,15,0
11200,692,16,0
11200,693,17,0
11200,694,18,0
11200,695,19,0
11200,332200,20,0
11200,696,21,0
11200,697,22,0
11200,698,23,0
11200,699,24,0
11200,601301,25,0
11200,100008,26,0
11200,286,27,0
11200,320,28,0
11200,321,29,0
11200,322,30,0
11200,323,31,0
11200,324,32,0
11200,325,33,0
11200,800309,34,0
11200,326,35,0
11200,327,36,0
11200,328,37,0
11200,329,38,0
11200,330,39,0
11200,331,40,0
11200,332,41,0
11200,333,42,0
11200,334,43,0
11200,331200,44,0
11200,335,45,0
11200,336,46,0
11200,337,47,0
11200,338,48,0
11200,339,49,0
11200,340,50,0
11200,341,51,0
11200,302301,52,0
11200,342,53,0
11200,343,54,0
11200,86,55,0
11200,412000,56,0
11200,100000,57,1
11201,412000,1,0
11201,100000,2,0
11201,261,3,0
11201,263,4,0
11201,302301,5,0
11201,264,6,0
11201,265,7,0
11201,266,8,0
11201,267,9,0
11201,268,10,0
11201,1214,11,0
11201,269,12,0
11201,331200,13,0
11201,270,14,0
11201,271,15,0
11201,272,16,0
11201,273,17,0
11201,274,18,0
11201,275,19,0
11201,276,20,0
11201,277,21,0
11201,278,22,0
11201,279,23,0
11201,800309,24,0
11201,280,25,0
11201,281,26,0
11201,282,27,0
11201,283,28,0
11201,284,29,0
11201,601301,30,0
11201,100008,31,0
11201,545,32,0
11201,1230,33,0
11201,1061,34,0
11201,1064,35,0
11201,663,36,0
11201,332200,37,0
11201,664,38,0
11201,665,39,0
11201,666,40,0
11201,667,41,0
11201,668,42,0
11201,1912200,43,0
11201,669,44,0
11201,670,45,0
11201,671,46,0
11201,672,47,0
11201,2201201,48,0
11201,673,49,0
11201,674,50,0
11201,675,51,0
11201,676,52,0
11201,677,53,0
11201,678,54,0
11201,679,55,0
11201,1231,56,0
11201,1222200,57,1
11400,100008,1,0
11400,601301,2,0
11400,286,3,0
11400,287,4,0
11400,1911200,5,0
11400,700,6,0
11400,701,7,0
11400,702,8,0
11400,703,9,0
11400,704,10,0
11400,1910700,11,0
11400,705,12,0
11400,706,13,0
11400,707,14,0
11400,708,15,0
11400,1912200,16,0
11400,709,17,0
11400,710,18,0
11400,1911400,19,0
11400,711,20,0
11400,712,21,0
11400,713,22,0
11400,1910704,23,0
11400,714,24,0
11400,715,25,0
11400,716,26,0
11400,717,27,0
11400,1910201,28,0
11400,718,29,0
11400,719,30,0
11400,720,31,0
11400,721,32,0
11400,722,33,0
11400,723,34,0
11400,400308,35,0
11400,725,36,0
11400,726,37,0
11400,727,38,0
11400,728,39,0
11400,729,40,0
11400,730,41,0
11400,732,42,0
11400,1253,43,0
11400,202301,44,0
11400,734,45,0
11400,735,46,0
11400,1254,47,0
11400,752301,48,0
11400,469,49,0
11400,470,50,0
11400,471,51,0
11400,472,52,0
11400,473,53,0
11400,750308,54,0
11400,743,55,0
11400,744,56,0
11400,394,57,0
11400,331400,58,0
11400,746,59,0
11400,332200,60,0
11400,696,61,0
11400,697,62,0
11400,698,63,0
11400,699,64,1
11500,100000,1,0
11500,412000,2,0
11500,88,3,0
11500,89,4,0
11500,1208,5,0
11500,158,6,0
11500,159,7,0
11500,160,8,0
11500,1941601,9,0
11500,747,10,0
11500,748,11,0
11500,749,12,0
11500,750,13,0
11500,751,14,0
11500,178,15,0
11500,179,16,0
11500,1283,17,0
11500,180,18,0
11500,2301302,19,0
11500,1215,20,0
11500,182,21,0
11500,183,22,0
11500,184,23,0
11500,752,24,0
11500,753,25,0
11500,754,26,0
11500,1942201,27,0
11500,755,28,0
11500,756,29,0
11500,757,30,0
11500,758,31,0
11500,759,32,0
11500,2211303,33,0
11500,770,34,0
11500,771,35,0
11500,772,36,0
11500,773,37,0
11500,774,38,0
11500,775,39,0
11500,776,40,0
11500,777,41,0
11500,778,42,0
11500,779,43,0
11500,1203,44,0
11500,780,45,0
11500,311601,46,0
11500,164,47,0
11500,165,48,0
11500,166,49,0
11500,167,50,0
11500,1600703,51,0
11500,781,52,0
11500,782,53,0
11500,783,54,0
11500,784,55,0
11500,720702,56,0
11500,785,57,0
11500,786,58,0
11500,787,59,0
11500,788,60,0
11500,789,61,0
11500,1610304,62,1
11501,1610304,1,0
11501,1309,2,0
11501,791,3,0
11501,792,4,0
11501,793,5,0
11501,720702,6,0
11501,794,7,0
11501,795,8,0
11501,796,9,0
11501,797,10,0
11501,1600703,11,0
11501,798,12,0
11501,799,13,0
11501,800,14,0
11501,801,15,0
11501,311601,16,0
11501,1284,17,0
11501,803,18,0
11501,804,19,0
11501,805,20,0
11501,806,21,0
11501,807,22,0
11501,808,23,0
11501,809,24,0
11501,810,25,0
11501,820,26,0
11501,2211303,27,0
11501,821,28,0
11501,822,29,0
11501,1222,30,0
11501,823,31,0
11501,824,32,0
11501,1942201,33,0
11501,1227,34,0
11501,826,35,0
11501,827,36,0
11501,178,37,0
11501,179,38,0
11501,1283,39,0
11501,180,40,0
11501,2301302,41,0
11501,1215,42,0
11501,182,43,0
11501,183,44,0
11501,184,45,0
11501,828,46,0
11501,1221,47,0
11501,189,48,0
11501,190,49,0
11501,191,50,0
11501,1941601,51,0
11501,1342,52,0
11501,1338,53,0
11501,195,54,0
11501,196,55,0
11501,100000,56,0
11501,412000,57,1
11600,100000,1,0
11600,412000,2,0
11600,88,3,0
11600,89,4,0
11600,1208,5,0
11600,1941501,6,0
11600,100009,7,0
11600,584,8,0
11600,585,9,0
11600,586,10,0
11600,587,11,0
11600,588,12,0
11600,589,13,0
11600,590,14,0
11600,1062,15,0
11600,740701,16,0
11600,829,17,0
11600,830,18,0
11600,720702,19,0
11600,831,20,0
11600,832,21,0
11600,833,22,0
11600,834,23,0
11600,1235,24,0
11600,1285,25,0
11600,1067,26,0
11600,100006,27,0
11600,212100,28,1
11601,100006,1,0
11601,212100,2,0
11601,231,3,0
11601,1206,4,0
11601,838,5,0
11601,1075,6,0
11601,839,7,0
11601,840,8,0
11601,841,9,0
11601,842,10,0
11601,720702,11,0
11601,844,12,0
11601,845,13,0
11601,740701,14,0
11601,599,15,0
11601,600,16,0
11601,601,17,0
11601,602,18,0
11601,603,19,0
11601,604,20,0
11601,605,21,0
11601,606,22,0
11601,1941501,23,0
11601,195,24,0
11601,196,25,0
11601,100000,26,0
11601,412000,27,1
11700,100000,1,0
11700,412000,2,0
11700,259,3,0
11700,1188,4,0
11700,607,5,0
11700,608,6,0
11700,1189,7,0
11700,201,8,0
11700,202,9,0
11700,203,10,0
11700,2311500,11,0
11700,849,12,0
11700,850,13,0
11700,851,14,0
11700,613,15,0
11700,1191,16,0
11700,1192,17,0
11700,1194,18,0
11700,616,19,0
11700,852,20,0
11700,853,21,0
11700,201701,22,0
11700,854,23,0
11700,855,24,0
11700,856,25,0
11700,200500,26,0
11700,857,27,0
11700,858,28,0
11700,859,29,0
11700,860,30,0
11700,202301,31,0
11700,861,32,0
11700,862,33,0
11700,863,34,0
11700,864,35,0
11700,865,36,0
11700,330201,37,0
11700,866,38,0
11700,867,39,0
11700,868,40,0
11700,1910201,41,0
11700,869,42,0
11700,870,43,0
11700,871,44,0
11700,872,45,0
11700,508,46,0
11700,509,47,0
11700,510,48,0
11700,751201,49,0
11700,403,50,0
11700,404,51,0
11700,1229,52,0
11700,407,53,0
11700,408,54,0
11700,409,55,0
11700,410,56,0
11700,1221400,57,1
11701,1221400,1,0
11701,427,2,0
11701,428,3,0
11701,429,4,0
11701,430,5,0
11701,431,6,0
11701,432,7,0
11701,751201,8,0
11701,484,9,0
11701,485,10,0
11701,486,11,0
11701,487,12,0
11701,488,13,0
11701,890,14,0
11701,891,15,0
11701,892,16,0
11701,893,17,0
11701,1910201,18,0
11701,894,19,0
11701,895,20,0
11701,330201,21,0
11701,896,22,0
11701,897,23,0
11701,898,24,0
11701,899,25,0
11701,900,26,0
11701,202301,27,0
11701,901,28,0
11701,902,29,0
11701,903,30,0
11701,200500,31,0
11701,904,32,0
11701,905,33,0
11701,906,34,0
11701,907,35,0
11701,201701,36,0
11701,908,37,0
11701,651,38,0
11701,652,39,0
11701,653,40,0
11701,654,41,0
11701,909,42,0
11701,910,43,0
11701,2311500,44,0
11701,1287,45,0
11701,912,46,0
11701,913,47,0
11701,914,48,0
11701,915,49,0
11701,606,50,0
11701,1941501,51,0
11701,195,52,0
11701,196,53,0
11701,100000,54,0
11701,412000,55,1
11800,100000,1,0
11800,412000,2,0
11800,259,3,0
11800,1188,4,0
11800,607,5,0
11800,608,6,0
11800,1189,7,0
11800,610,8,0
11800,1190,9,0
11800,100011,10,0
11800,700800,11,0
11800,612,12,0
11800,916,13,0
11800,917,14,0
11800,918,15,0
11800,919,16,0
11800,920,17,0
11800,921,18,0
11800,922,19,0
11800,923,20,0
11800,924,21,0
11800,200500,22,0
11800,904,23,0
11800,905,24,0
11800,906,25,0
11800,907,26,0
11800,925,27,0
11800,926,28,0
11800,1921701,29,0
11800,927,30,0
11800,928,31,0
11800,929,32,0
11800,931,33,0
11800,932,34,0
11800,933,35,0
11800,934,36,0
11800,935,37,0
11800,936,38,0
11800,937,39,0
11800,1812300,40,0
11800,1198,41,0
11800,643,42,0
11800,644,43,0
11800,645,44,0
11800,1197,45,0
11800,1256,46,0
11800,1311500,47,0
11800,213,48,0
11800,214,49,0
11800,215,50,0
11800,216,51,0
11800,1310703,52,0
11800,217,53,0
11800,218,54,0
11800,7300202,55,0
11800,219,56,0
11800,1610304,57,1
11801,1610304,1,0
11801,222,2,0
11801,7300202,3,0
11801,239,4,0
11801,1310703,5,0
11801,241,6,0
11801,242,7,0
11801,243,8,0
11801,1311500,9,0
11801,943,10,0
11801,944,11,0
11801,945,12,0
11801,946,13,0
11801,947,14,0
11801,1248,15,0
11801,1812300,16,0
11801,949,17,0
11801,950,18,0
11801,951,19,0
11801,952,20,0
11801,953,21,0
11801,954,22,0
11801,955,23,0
11801,957,24,0
11801,958,25,0
11801,745,26,0
11801,1249,27,0
11801,1921701,28,0
11801,960,29,0
11801,854,30,0
11801,855,31,0
11801,856,32,0
11801,200500,33,0
11801,961,34,0
11801,1250,35,0
11801,962,36,0
11801,963,37,0
11801,964,38,0
11801,965,39,0
11801,966,40,0
11801,1251,41,0
11801,655,42,0
11801,1201,43,0
11801,100011,44,0
11801,700800,45,0
11801,657,46,0
11801,658,47,0
11801,659,48,0
11801,660,49,0
11801,458,50,0
11801,100000,51,0
11801,412000,52,1
12000,342001,1,0
12000,1307,2,0
12000,990,3,0
12000,991,4,0
12000,992,5,0
12000,993,6,0
12000,2001700,7,0
12000,1290,8,0
12000,1289,9,0
12000,994,10,0
12000,995,11,0
12000,996,12,0
12000,997,13,0
12000,1930302,14,0
12000,237,15,0
12000,238,16,0
12000,7300202,17,0
12000,219,18,0
12000,1610304,19,1
12001,1610304,1,0
12001,222,2,0
12001,7300202,3,0
12001,223,4,0
12001,224,5,0
12001,1930302,6,0
12001,967,7,0
12001,968,8,0
12001,969,9,0
12001,971,10,0
12001,972,11,0
12001,973,12,0
12001,974,13,0
12001,975,14,0
12001,1511801,15,0
12001,976,16,0
12001,977,17,0
12001,978,18,0
12001,1288,19,0
12001,979,20,0
12001,980,21,0
12001,981,22,0
12001,982,23,0
12001,983,24,0
12001,984,25,0
12001,1511900,26,0
12001,985,27,0
12001,1313,28,0
12001,986,29,0
12001,987,30,0
12001,342001,31,1
12200,1610304,1,0
12200,222,2,0
12200,7300202,3,0
12200,223,4,0
12200,224,5,0
12200,1930302,6,0
12200,225,7,0
12200,226,8,0
12200,227,9,0
12200,228,10,0
12200,1067,11,0
12200,100006,12,0
12200,212100,13,1
12201,100006,1,0
12201,212100,2,0
12201,231,3,0
12201,1206,4,0
12201,1340,5,0
12201,234,6,0
12201,235,7,0
12201,236,8,0
12201,1930302,9,0
12201,237,10,0
12201,238,11,0
12201,7300202,12,0
12201,219,13,0
12201,1610304,14,1
12400,100006,1,0
12400,231,2,0
12400,1206,3,0
12400,838,4,0
12400,1075,5,0
12400,839,6,0
12400,842,7,0
12400,720702,8,0
12400,785,9,0
12400,786,10,0
12400,787,11,0
12400,788,12,0
12400,789,13,0
12400,1610304,14,1
12401,1610304,1,0
12401,1309,2,0
12401,791,3,0
12401,792,4,0
12401,793,5,0
12401,720702,6,0
12401,831,7,0
12401,832,8,0
12401,833,9,0
12401,834,10,0
12401,1235,11,0
12401,1285,12,0
12401,1067,13,0
12401,100006,14,1
12800,100006,1,0
12800,231,2,0
12800,1206,3,0
12800,1340,4,0
12800,234,5,0
12800,235,6,0
12800,236,7,0
12800,1930302,8,0
12800,1105,9,0
12800,1106,10,0
12800,1234,11,0
12800,1107,12,0
12800,1108,13,0
12800,1109,14,0
12800,1110,15,0
12800,1111,16,0
12800,342001,17,0
12800,981,18,0
12800,982,19,0
12800,983,20,0
12800,984,21,0
12800,1511900,22,0
12800,628,23,0
12800,1312002,24,0
12800,629,25,0
12800,630,26,0
12800,631,27,0
12800,1310703,28,0
12800,241,29,0
12800,242,30,0
12800,243,31,0
12800,1311500,32,0
12800,244,33,0
12800,245,34,0
12800,246,35,0
12800,248,36,0
12800,249,37,0
12800,250,38,0
12800,11407,39,0
12800,1297,40,0
12800,1298,41,0
12800,811701,42,0
12800,852,43,0
12800,853,44,0
12800,201701,45,0
12800,925,46,0
12800,926,47,0
12800,1921701,48,0
12800,927,49,0
12800,928,50,0
12800,929,51,0
12800,931,52,0
12800,932,53,0
12800,933,54,0
12800,934,55,0
12800,935,56,0
12800,936,57,0
12800,937,58,0
12800,1812300,59,0
12800,1198,60,0
12800,643,61,0
12800,644,62,0
12800,645,63,0
12800,1811304,64,0
12800,1197,65,0
12800,1256,66,0
12800,622,67,0
12800,213,68,0
12800,214,69,0
12800,215,70,0
12800,216,71,0
12800,217,72,0
12800,218,73,0
12800,7300202,74,0
12800,223,75,0
12800,224,76,0
12800,225,77,0
12800,226,78,0
12800,227,79,0
12800,228,80,0
12800,1067,81,1
